#!ascii label  , from subject sub-1009 vox2ras=TkReg
2175
127475  -48.307  -7.334  38.657 0.0000000000
44640  -36.753  -18.959  49.434 0.0000000000
53328  -55.207  -8.245  29.484 0.0000000000
52656  -43.888  -7.654  24.397 0.0000000000
50341  -54.896  -11.998  34.427 0.0000000000
139714  -45.021  -13.786  44.548 0.0000000000
131594  -38.588  -20.022  43.252 0.0000000000
48054  -43.724  -13.197  34.934 0.0000000000
45449  -27.950  -15.987  48.233 0.0000000000
59584  -61.688  0.090  25.720 0.0000000000
139884  -31.710  -25.107  42.027 0.0000000000
50355  -47.062  -10.460  32.974 0.0000000000
140008  -52.018  -9.855  28.894 0.0000000000
137924  -50.288  -4.029  31.982 0.0000000000
51021  -48.483  -10.887  40.521 0.0000000000
137499  -48.136  -17.002  39.901 0.0000000000
124718  -48.057  -14.910  34.728 0.0000000000
48139  -42.936  -13.237  26.212 0.0000000000
62716  -60.275  5.377  23.112 0.0000000000
43142  -32.399  -19.073  50.494 0.0000000000
42427  -28.907  -24.303  46.259 0.0000000000
44683  -32.077  -16.154  43.472 0.0000000000
141145  -55.769  -13.237  32.506 0.0000000000
47186  -41.960  -15.823  46.924 0.0000000000
41763  -38.605  -20.323  46.934 0.0000000000
43207  -44.663  -18.800  44.525 0.0000000000
45494  -42.388  -16.605  41.947 0.0000000000
45438  -22.472  -18.716  49.121 0.0000000000
54052  -56.581  -7.674  36.977 0.0000000000
52602  -58.137  -8.001  32.029 0.0000000000
57163  -61.196  -3.433  29.168 0.0000000000
139897  -58.824  -4.460  27.296 0.0000000000
120226  -57.505  -0.415  23.249 0.0000000000
38825  -26.838  -25.178  48.954 0.0000000000
145376  -35.220  -25.132  43.943 0.0000000000
53301  -46.800  -9.333  35.364 0.0000000000
53307  -47.712  -8.378  31.852 0.0000000000
55580  -45.946  -4.033  35.743 0.0000000000
52547  -49.775  -9.668  39.964 0.0000000000
48773  -50.079  -14.070  38.405 0.0000000000
51068  -48.593  -12.157  37.300 0.0000000000
48809  -47.144  -13.865  34.090 0.0000000000
52623  -53.737  -9.168  27.223 0.0000000000
54115  -54.643  -6.391  27.338 0.0000000000
43859  -34.852  -19.080  50.525 0.0000000000
43906  -32.632  -17.502  47.890 0.0000000000
43173  -35.028  -19.846  48.547 0.0000000000
51906  -49.237  -8.022  23.258 0.0000000000
49572  -53.795  -11.924  31.667 0.0000000000
121947  -53.273  -13.113  28.584 0.0000000000
48077  -54.243  -14.426  32.208 0.0000000000
128320  -55.072  -15.148  31.178 0.0000000000
46361  -55.131  -15.118  34.531 0.0000000000
47995  -43.712  -15.298  46.006 0.0000000000
45464  -43.679  -17.819  46.100 0.0000000000
46309  -45.749  -16.945  44.673 0.0000000000
46357  -46.396  -15.504  36.690 0.0000000000
45506  -45.696  -16.851  40.201 0.0000000000
47222  -43.343  -14.787  39.373 0.0000000000
49661  -42.438  -10.952  23.416 0.0000000000
136765  -57.595  -8.649  34.779 0.0000000000
55632  -60.460  -4.107  27.911 0.0000000000
133864  -60.491  -1.957  25.914 0.0000000000
57193  -58.156  -1.941  24.889 0.0000000000
58747  -59.772  -0.025  24.819 0.0000000000
61994  -58.459  4.507  21.183 0.0000000000
46297  -24.066  -16.359  47.365 0.0000000000
43138  -25.455  -22.444  50.287 0.0000000000
43159  -25.291  -21.818  47.265 0.0000000000
137111  -30.708  -26.361  46.243 0.0000000000
38946  -27.805  -24.744  43.763 0.0000000000
39718  -29.469  -24.116  40.240 0.0000000000
132853  -39.048  -19.626  45.100 0.0000000000
43226  -36.091  -19.986  40.006 0.0000000000
42492  -37.758  -22.421  40.098 0.0000000000
49623  -44.570  -11.241  28.554 0.0000000000
51135  -48.243  -8.721  27.988 0.0000000000
121428  -48.323  -8.238  31.582 0.0000000000
52591  -51.992  -8.933  31.813 0.0000000000
53302  -54.498  -8.027  33.112 0.0000000000
50283  -45.726  -13.051  41.450 0.0000000000
47201  -47.409  -16.216  42.331 0.0000000000
48018  -49.172  -15.139  40.395 0.0000000000
46358  -48.144  -16.098  36.938 0.0000000000
45572  -46.485  -15.453  33.620 0.0000000000
46426  -43.800  -13.661  30.965 0.0000000000
46446  -46.070  -14.971  30.752 0.0000000000
48128  -44.678  -13.660  28.386 0.0000000000
61204  -60.694  1.988  25.112 0.0000000000
63391  -61.330  5.269  24.426 0.0000000000
43882  -30.110  -17.451  49.676 0.0000000000
43187  -26.033  -20.734  43.168 0.0000000000
130441  -28.875  -17.215  44.544 0.0000000000
43190  -29.612  -22.781  42.831 0.0000000000
41759  -32.370  -25.004  46.049 0.0000000000
49624  -51.907  -10.290  25.379 0.0000000000
140994  -55.352  -13.722  30.078 0.0000000000
123370  -55.113  -11.623  30.900 0.0000000000
45450  -39.650  -17.865  48.342 0.0000000000
138130  -37.741  -20.102  48.321 0.0000000000
143621  -40.632  -19.213  47.357 0.0000000000
43183  -41.946  -19.683  46.054 0.0000000000
123461  -41.971  -19.322  44.984 0.0000000000
44699  -46.943  -17.868  42.216 0.0000000000
43964  -43.959  -17.949  43.071 0.0000000000
43951  -39.869  -18.779  43.506 0.0000000000
56312  -47.239  -4.031  39.970 0.0000000000
47173  -38.293  -16.257  49.265 0.0000000000
49500  -42.222  -13.278  47.476 0.0000000000
50268  -43.733  -12.445  46.041 0.0000000000
57893  -48.719  -0.878  36.860 0.0000000000
57126  -53.870  -2.029  35.707 0.0000000000
54057  -55.115  -7.230  36.344 0.0000000000
54038  -55.835  -6.342  37.919 0.0000000000
50321  -55.642  -10.911  35.927 0.0000000000
50342  -56.650  -12.010  34.592 0.0000000000
51098  -57.003  -10.183  32.878 0.0000000000
52614  -57.401  -7.927  31.032 0.0000000000
139848  -59.847  -5.503  30.966 0.0000000000
53333  -59.137  -6.071  29.719 0.0000000000
54106  -56.793  -5.663  28.523 0.0000000000
55644  -56.214  -4.203  26.334 0.0000000000
61208  -59.052  2.251  24.051 0.0000000000
41029  -24.600  -23.290  52.025 0.0000000000
39679  -22.559  -24.781  44.292 0.0000000000
40359  -28.263  -25.192  48.981 0.0000000000
38944  -24.910  -23.519  44.896 0.0000000000
43203  -36.374  -17.947  44.768 0.0000000000
43212  -33.085  -21.060  40.292 0.0000000000
38898  -34.111  -26.107  45.779 0.0000000000
118138  -35.931  -25.911  42.304 0.0000000000
54061  -47.554  -8.422  37.636 0.0000000000
139170  -45.675  -6.709  35.479 0.0000000000
55581  -46.056  -5.725  37.313 0.0000000000
54050  -49.399  -8.388  39.457 0.0000000000
51804  -49.675  -10.890  38.861 0.0000000000
53291  -48.530  -9.097  38.206 0.0000000000
51819  -47.684  -10.619  36.769 0.0000000000
51860  -54.264  -10.821  28.674 0.0000000000
52624  -54.329  -8.935  28.438 0.0000000000
53345  -53.195  -8.540  26.445 0.0000000000
53337  -54.190  -8.105  27.769 0.0000000000
43867  -35.714  -19.446  49.782 0.0000000000
133684  -34.869  -20.016  49.810 0.0000000000
138084  -36.029  -20.080  49.276 0.0000000000
53385  -44.410  -6.591  21.673 0.0000000000
139857  -46.172  -6.183  24.755 0.0000000000
142832  -54.736  -12.256  33.572 0.0000000000
49573  -54.139  -13.081  32.193 0.0000000000
141356  -54.435  -13.591  33.665 0.0000000000
47269  -54.394  -14.882  32.937 0.0000000000
48793  -54.601  -13.840  34.306 0.0000000000
48749  -44.824  -14.291  45.024 0.0000000000
47192  -45.087  -16.226  45.362 0.0000000000
48002  -45.873  -15.706  44.549 0.0000000000
47238  -45.307  -14.665  36.564 0.0000000000
47230  -45.003  -14.847  37.735 0.0000000000
48044  -43.625  -13.460  36.368 0.0000000000
48033  -41.736  -13.844  37.866 0.0000000000
124807  -43.072  -8.631  24.132 0.0000000000
50449  -41.859  -9.729  22.309 0.0000000000
51171  -42.118  -8.122  21.504 0.0000000000
127876  -61.168  -2.486  26.704 0.0000000000
57950  -60.898  -1.460  25.786 0.0000000000
57955  -60.383  -0.986  25.364 0.0000000000
58742  -60.948  -0.072  25.233 0.0000000000
45455  -26.492  -15.841  47.232 0.0000000000
44661  -24.182  -18.440  46.076 0.0000000000
45463  -25.859  -17.409  44.816 0.0000000000
38936  -30.811  -25.706  44.042 0.0000000000
120148  -29.847  -25.149  42.875 0.0000000000
38957  -30.579  -24.807  41.427 0.0000000000
138332  -30.225  -24.201  39.025 0.0000000000
38970  -31.178  -24.565  39.676 0.0000000000
42476  -39.121  -19.544  44.924 0.0000000000
42484  -38.179  -20.998  42.144 0.0000000000
42485  -38.315  -20.833  42.506 0.0000000000
49590  -44.966  -10.359  30.303 0.0000000000
50383  -46.255  -8.124  29.185 0.0000000000
50361  -47.035  -9.137  32.585 0.0000000000
54812  -48.753  -6.013  31.167 0.0000000000
53312  -49.499  -8.395  31.779 0.0000000000
54813  -50.403  -6.185  31.232 0.0000000000
53309  -52.983  -8.380  32.020 0.0000000000
54809  -53.202  -5.221  32.597 0.0000000000
126925  -46.987  -11.416  40.335 0.0000000000
49518  -47.855  -13.696  40.650 0.0000000000
50301  -48.822  -12.800  40.369 0.0000000000
48055  -49.050  -14.751  36.540 0.0000000000
123995  -49.532  -15.269  37.564 0.0000000000
121132  -48.274  -15.384  35.350 0.0000000000
136940  -46.890  -15.898  35.488 0.0000000000
130753  -47.116  -15.777  33.715 0.0000000000
46413  -45.900  -15.107  31.557 0.0000000000
46402  -47.195  -15.092  32.682 0.0000000000
49570  -46.777  -12.458  33.884 0.0000000000
48102  -46.118  -13.817  30.951 0.0000000000
49591  -45.162  -12.211  30.432 0.0000000000
144248  -44.217  -12.547  28.239 0.0000000000
43140  -31.023  -18.497  50.494 0.0000000000
43892  -29.892  -16.852  47.291 0.0000000000
43884  -31.265  -17.923  49.330 0.0000000000
43917  -32.829  -16.733  46.595 0.0000000000
44674  -29.541  -17.157  44.075 0.0000000000
44682  -30.425  -16.933  42.931 0.0000000000
42456  -31.018  -23.900  43.822 0.0000000000
43210  -31.130  -20.953  41.678 0.0000000000
50384  -50.047  -8.355  27.803 0.0000000000
50408  -50.707  -8.933  26.604 0.0000000000
50385  -51.920  -9.844  27.669 0.0000000000
48104  -53.720  -14.140  29.205 0.0000000000
48843  -53.071  -12.795  27.174 0.0000000000
48121  -53.516  -13.993  27.448 0.0000000000
48087  -55.752  -14.385  31.880 0.0000000000
124775  -55.525  -14.300  30.388 0.0000000000
48823  -55.422  -13.532  30.967 0.0000000000
49593  -54.948  -12.617  30.249 0.0000000000
49585  -55.399  -12.647  31.626 0.0000000000
46294  -40.493  -16.845  47.955 0.0000000000
137792  -40.050  -18.271  47.999 0.0000000000
44658  -41.358  -18.089  47.199 0.0000000000
43920  -44.168  -18.783  45.385 0.0000000000
43909  -42.530  -19.175  46.137 0.0000000000
43196  -43.315  -19.243  45.473 0.0000000000
42479  -41.643  -19.628  45.561 0.0000000000
43220  -43.496  -19.086  44.760 0.0000000000
45482  -48.422  -16.922  41.389 0.0000000000
144888  -47.496  -17.246  42.401 0.0000000000
44723  -47.202  -17.502  40.913 0.0000000000
45495  -43.911  -16.758  41.712 0.0000000000
129477  -44.778  -17.593  42.220 0.0000000000
44719  -42.998  -17.076  42.413 0.0000000000
43963  -42.646  -17.907  43.413 0.0000000000
47336  -43.524  -13.673  28.104 0.0000000000
50266  -43.262  -12.532  46.765 0.0000000000
51762  -44.213  -9.769  41.897 0.0000000000
57089  -46.416  -2.354  38.687 0.0000000000
57090  -52.950  -0.447  37.813 0.0000000000
56344  -54.384  -2.922  37.459 0.0000000000
55573  -54.666  -4.500  36.379 0.0000000000
55555  -54.535  -4.766  37.793 0.0000000000
53280  -56.086  -7.435  37.680 0.0000000000
52557  -55.766  -8.040  37.254 0.0000000000
51807  -56.135  -9.755  36.496 0.0000000000
50330  -56.175  -11.697  35.509 0.0000000000
51064  -57.051  -10.245  35.470 0.0000000000
53313  -58.180  -7.884  32.989 0.0000000000
51082  -57.453  -9.919  33.697 0.0000000000
52605  -57.783  -8.561  32.359 0.0000000000
51845  -57.079  -8.982  31.837 0.0000000000
52610  -58.092  -7.699  31.271 0.0000000000
54825  -60.412  -4.664  30.200 0.0000000000
55638  -59.971  -4.271  27.687 0.0000000000
54840  -59.980  -5.029  28.734 0.0000000000
54838  -59.050  -5.298  28.376 0.0000000000
54100  -58.032  -5.972  29.132 0.0000000000
54847  -57.634  -5.164  28.055 0.0000000000
54856  -56.445  -4.682  27.076 0.0000000000
55645  -57.291  -4.200  26.694 0.0000000000
57200  -58.017  -1.454  24.382 0.0000000000
57192  -57.260  -2.331  24.574 0.0000000000
57959  -57.463  -1.280  23.771 0.0000000000
129853  -60.158  4.422  23.900 0.0000000000
61203  -60.097  2.487  24.736 0.0000000000
61990  -59.231  3.949  23.282 0.0000000000
41047  -26.461  -23.754  50.705 0.0000000000
40348  -25.613  -24.313  51.100 0.0000000000
38824  -26.219  -24.901  49.410 0.0000000000
38874  -24.915  -24.538  46.814 0.0000000000
129630  -24.467  -24.437  46.304 0.0000000000
42440  -27.839  -23.855  45.069 0.0000000000
42425  -27.238  -23.565  46.401 0.0000000000
126386  -29.067  -25.036  48.298 0.0000000000
38945  -26.699  -24.151  44.309 0.0000000000
39739  -22.847  -24.109  36.839 0.0000000000
42432  -38.020  -20.495  47.703 0.0000000000
42445  -36.523  -20.122  47.833 0.0000000000
144466  -37.512  -19.481  46.319 0.0000000000
42490  -34.823  -21.771  39.087 0.0000000000
43225  -34.259  -20.139  39.422 0.0000000000
42483  -33.794  -22.113  40.366 0.0000000000
42458  -33.078  -24.446  43.792 0.0000000000
40393  -34.657  -25.881  46.025 0.0000000000
38066  -34.680  -25.394  39.287 0.0000000000
125238  -47.035  -10.735  34.359 0.0000000000
50349  -47.775  -10.387  32.281 0.0000000000
52584  -46.614  -9.424  33.015 0.0000000000
54800  -46.096  -5.349  33.724 0.0000000000
56365  -48.665  -3.109  33.364 0.0000000000
51785  -49.485  -10.697  40.230 0.0000000000
50309  -49.719  -12.179  39.785 0.0000000000
51043  -49.914  -11.969  39.446 0.0000000000
50327  -49.517  -12.738  37.840 0.0000000000
49551  -48.657  -13.990  36.222 0.0000000000
48075  -47.602  -14.861  33.987 0.0000000000
49558  -47.841  -13.255  35.623 0.0000000000
133613  -47.229  -12.393  34.969 0.0000000000
54854  -53.307  -6.085  25.635 0.0000000000
43134  -34.024  -19.106  50.939 0.0000000000
43162  -32.521  -19.061  49.764 0.0000000000
140965  -33.631  -19.787  49.677 0.0000000000
43179  -33.769  -18.771  48.441 0.0000000000
43918  -34.326  -17.291  46.473 0.0000000000
49578  -53.250  -11.291  31.071 0.0000000000
49592  -52.898  -11.561  29.448 0.0000000000
48815  -53.437  -12.695  30.589 0.0000000000
129068  -53.956  -14.109  30.803 0.0000000000
47300  -54.336  -14.675  30.381 0.0000000000
46452  -54.815  -14.971  29.705 0.0000000000
46404  -54.803  -15.187  32.101 0.0000000000
46406  -55.090  -15.289  32.513 0.0000000000
48072  -55.968  -14.783  33.383 0.0000000000
125289  -42.622  -15.644  46.452 0.0000000000
131965  -42.395  -17.388  46.717 0.0000000000
132391  -44.099  -16.498  45.986 0.0000000000
45466  -44.746  -17.392  45.565 0.0000000000
44684  -45.394  -18.185  44.605 0.0000000000
45531  -47.284  -16.536  38.204 0.0000000000
45508  -46.961  -17.106  39.687 0.0000000000
45528  -46.131  -16.026  38.415 0.0000000000
46343  -44.590  -15.409  39.440 0.0000000000
46342  -43.340  -15.406  40.302 0.0000000000
45502  -39.887  -16.456  41.058 0.0000000000
47221  -41.563  -14.687  39.340 0.0000000000
48886  -42.419  -12.162  24.044 0.0000000000
131845  -40.979  -10.991  22.932 0.0000000000
54784  -56.590  -6.227  36.583 0.0000000000
53294  -57.146  -8.249  35.858 0.0000000000
54064  -57.200  -6.947  35.517 0.0000000000
54075  -58.073  -7.521  33.711 0.0000000000
145178  -58.664  -6.965  32.670 0.0000000000
57167  -61.915  -2.834  28.213 0.0000000000
55622  -60.839  -4.086  29.007 0.0000000000
56397  -61.322  -3.182  27.593 0.0000000000
56408  -60.836  -3.099  27.006 0.0000000000
55647  -59.585  -3.467  26.671 0.0000000000
56413  -58.464  -3.044  25.824 0.0000000000
57186  -59.441  -2.274  25.729 0.0000000000
57953  -58.764  -1.353  24.934 0.0000000000
58745  -58.192  -0.448  24.059 0.0000000000
63399  -61.020  7.043  20.253 0.0000000000
140345  -59.728  5.693  21.540 0.0000000000
62722  -59.747  5.985  19.806 0.0000000000
45447  -22.791  -18.102  48.176 0.0000000000
44645  -23.752  -20.227  49.334 0.0000000000
44654  -23.730  -19.644  48.126 0.0000000000
43150  -25.377  -22.042  48.702 0.0000000000
41720  -26.898  -23.985  49.983 0.0000000000
40369  -31.146  -25.646  48.205 0.0000000000
38879  -29.627  -26.240  47.591 0.0000000000
128071  -29.252  -25.800  44.665 0.0000000000
39707  -27.971  -24.383  42.703 0.0000000000
39727  -27.384  -22.957  39.710 0.0000000000
40444  -25.689  -22.226  35.127 0.0000000000
40445  -28.034  -22.807  35.818 0.0000000000
41773  -38.843  -20.041  46.531 0.0000000000
130367  -37.870  -19.378  45.311 0.0000000000
42473  -37.949  -19.685  43.289 0.0000000000
43227  -37.113  -21.559  39.979 0.0000000000
41789  -36.015  -23.648  41.105 0.0000000000
51882  -43.873  -8.829  27.296 0.0000000000
52639  -45.650  -6.929  27.791 0.0000000000
51134  -46.662  -8.845  28.419 0.0000000000
144425  -48.171  -7.895  28.641 0.0000000000
51108  -50.088  -8.160  29.194 0.0000000000
51836  -49.087  -9.328  32.137 0.0000000000
124532  -51.076  -9.037  31.036 0.0000000000
51097  -51.553  -9.445  30.860 0.0000000000
51086  -53.470  -10.248  31.829 0.0000000000
51832  -54.442  -9.686  32.579 0.0000000000
51826  -55.255  -9.881  34.189 0.0000000000
49511  -45.367  -13.356  42.756 0.0000000000
48004  -46.344  -15.140  43.296 0.0000000000
128832  -46.821  -14.323  41.521 0.0000000000
48010  -48.163  -15.333  41.127 0.0000000000
45499  -49.094  -16.384  39.875 0.0000000000
48026  -49.906  -14.680  39.132 0.0000000000
46344  -49.496  -15.790  38.752 0.0000000000
142485  -48.398  -16.501  38.636 0.0000000000
45540  -47.111  -15.931  36.870 0.0000000000
46367  -46.457  -15.378  35.573 0.0000000000
47260  -45.249  -14.397  34.055 0.0000000000
118913  -44.510  -13.974  32.369 0.0000000000
46399  -45.371  -14.489  32.272 0.0000000000
46443  -44.901  -14.509  29.892 0.0000000000
47337  -44.253  -14.048  28.305 0.0000000000
48083  -46.718  -14.781  32.212 0.0000000000
47340  -45.474  -14.027  29.069 0.0000000000
48141  -44.012  -13.565  27.040 0.0000000000
48876  -43.605  -12.197  25.845 0.0000000000
50420  -43.386  -11.342  25.901 0.0000000000
60367  -60.775  1.346  25.138 0.0000000000
61200  -61.529  2.522  25.577 0.0000000000
61984  -60.985  3.738  24.945 0.0000000000
63395  -60.968  5.626  23.778 0.0000000000
64098  -61.054  6.567  22.566 0.0000000000
64107  -62.010  7.499  20.407 0.0000000000
44656  -29.514  -16.890  49.034 0.0000000000
44671  -26.583  -17.745  44.230 0.0000000000
123369  -28.975  -16.705  45.936 0.0000000000
43913  -27.535  -18.519  43.047 0.0000000000
42453  -28.366  -23.367  43.753 0.0000000000
43905  -31.153  -16.931  47.349 0.0000000000
43199  -29.055  -19.506  42.094 0.0000000000
42454  -29.065  -23.472  43.700 0.0000000000
42441  -30.552  -24.484  45.488 0.0000000000
38847  -32.228  -26.017  47.884 0.0000000000
134321  -32.474  -26.027  45.374 0.0000000000
52647  -48.030  -7.015  26.356 0.0000000000
51147  -50.700  -8.973  24.489 0.0000000000
48842  -52.759  -11.613  27.406 0.0000000000
51116  -54.521  -11.384  29.362 0.0000000000
145161  -55.168  -9.544  30.139 0.0000000000
45442  -38.396  -17.778  48.975 0.0000000000
43876  -37.562  -19.433  48.839 0.0000000000
43878  -39.020  -19.023  48.236 0.0000000000
130923  -39.422  -19.668  47.647 0.0000000000
43174  -40.030  -20.087  47.102 0.0000000000
44667  -42.486  -18.455  46.439 0.0000000000
43896  -41.221  -19.497  46.801 0.0000000000
42448  -39.947  -20.269  46.821 0.0000000000
42464  -40.301  -19.878  45.981 0.0000000000
42478  -40.741  -19.679  45.628 0.0000000000
120724  -40.427  -19.143  44.780 0.0000000000
47198  -46.543  -16.336  43.571 0.0000000000
44686  -46.476  -17.691  43.452 0.0000000000
123116  -45.526  -18.391  43.712 0.0000000000
44722  -46.124  -17.567  41.131 0.0000000000
43966  -45.656  -18.007  42.530 0.0000000000
43943  -44.363  -18.567  43.767 0.0000000000
43241  -43.580  -18.639  43.983 0.0000000000
43239  -41.478  -18.832  44.371 0.0000000000
47296  -41.988  -13.183  31.423 0.0000000000
54780  -48.689  -6.932  39.364 0.0000000000
55563  -47.872  -5.982  39.146 0.0000000000
46284  -25.070  -15.365  49.561 0.0000000000
44637  -28.979  -17.145  50.508 0.0000000000
43864  -29.936  -18.038  50.897 0.0000000000
43853  -30.645  -18.363  51.034 0.0000000000
44630  -34.176  -18.820  50.892 0.0000000000
45426  -35.222  -18.272  50.295 0.0000000000
45434  -36.451  -18.422  49.703 0.0000000000
131804  -37.563  -17.802  49.285 0.0000000000
46286  -38.586  -16.974  49.042 0.0000000000
47178  -39.884  -16.322  48.442 0.0000000000
47989  -40.992  -15.162  47.727 0.0000000000
48737  -41.125  -14.346  47.899 0.0000000000
47993  -42.300  -14.854  46.740 0.0000000000
48742  -42.910  -14.319  46.438 0.0000000000
48745  -43.845  -13.799  45.847 0.0000000000
50271  -44.370  -12.612  44.801 0.0000000000
50272  -44.599  -12.505  43.951 0.0000000000
51010  -44.712  -11.438  41.979 0.0000000000
51011  -45.340  -11.008  40.895 0.0000000000
54035  -49.408  -8.011  40.485 0.0000000000
56352  -46.020  -4.030  37.698 0.0000000000
56351  -46.697  -2.775  36.016 0.0000000000
57124  -50.112  -1.445  34.973 0.0000000000
57881  -50.981  0.071  37.725 0.0000000000
57895  -51.684  -0.579  36.437 0.0000000000
56367  -52.482  -2.892  33.483 0.0000000000
55591  -54.082  -4.941  33.946 0.0000000000
54062  -54.904  -6.920  34.720 0.0000000000
52580  -55.208  -9.019  35.528 0.0000000000
54044  -54.993  -6.733  37.266 0.0000000000
51805  -55.450  -8.999  36.182 0.0000000000
127033  -55.061  -11.404  35.251 0.0000000000
129260  -55.114  -13.403  34.938 0.0000000000
48051  -56.077  -13.980  34.521 0.0000000000
49567  -56.392  -12.722  33.814 0.0000000000
51072  -57.172  -10.508  34.864 0.0000000000
50346  -56.989  -11.299  33.905 0.0000000000
50358  -56.083  -11.784  32.861 0.0000000000
51105  -56.154  -10.461  32.061 0.0000000000
51848  -55.914  -9.782  31.254 0.0000000000
53329  -55.983  -7.998  30.100 0.0000000000
54815  -59.067  -6.149  32.159 0.0000000000
133572  -59.125  -6.608  31.440 0.0000000000
54833  -60.151  -5.152  28.930 0.0000000000
54089  -59.428  -6.142  29.944 0.0000000000
129375  -59.111  -6.492  30.581 0.0000000000
53323  -58.192  -7.073  30.544 0.0000000000
53330  -56.965  -7.281  30.185 0.0000000000
54098  -55.904  -6.530  28.793 0.0000000000
54105  -55.683  -5.941  28.091 0.0000000000
123624  -55.326  -4.812  26.589 0.0000000000
55643  -55.162  -4.342  25.911 0.0000000000
129838  -57.596  -3.175  25.582 0.0000000000
129539  -56.326  -2.707  24.518 0.0000000000
143819  -54.462  -3.089  23.842 0.0000000000
59590  -60.544  0.794  24.987 0.0000000000
59589  -59.581  0.541  24.619 0.0000000000
59595  -58.626  0.750  24.051 0.0000000000
61989  -58.629  3.881  22.638 0.0000000000
61206  -57.872  2.395  22.853 0.0000000000
59599  -57.175  0.853  22.542 0.0000000000
42391  -25.160  -22.849  51.382 0.0000000000
43168  -25.133  -21.322  45.575 0.0000000000
42414  -27.105  -23.682  48.544 0.0000000000
38813  -27.523  -25.377  49.041 0.0000000000
130294  -27.986  -25.458  45.866 0.0000000000
120685  -27.370  -25.024  46.425 0.0000000000
124224  -26.215  -24.439  46.618 0.0000000000
39690  -22.544  -22.935  44.899 0.0000000000
41740  -36.176  -20.368  48.537 0.0000000000
43181  -35.373  -19.311  47.848 0.0000000000
145269  -34.868  -17.107  45.329 0.0000000000
43213  -36.889  -18.710  42.611 0.0000000000
43934  -35.101  -17.715  42.077 0.0000000000
43941  -32.654  -18.760  40.767 0.0000000000
43202  -31.670  -22.492  42.126 0.0000000000
40379  -33.431  -25.942  47.088 0.0000000000
38029  -33.224  -26.012  44.967 0.0000000000
41092  -36.592  -25.188  42.769 0.0000000000
41089  -35.640  -25.602  44.704 0.0000000000
38011  -35.270  -26.217  45.358 0.0000000000
144555  -34.609  -26.222  44.072 0.0000000000
38054  -34.010  -25.606  42.555 0.0000000000
38960  -32.936  -25.100  40.959 0.0000000000
127043  -47.525  -7.580  37.969 0.0000000000
54787  -47.294  -6.733  38.181 0.0000000000
54049  -49.011  -7.863  39.108 0.0000000000
53292  -49.333  -9.344  38.754 0.0000000000
54056  -48.481  -8.158  38.447 0.0000000000
51853  -54.788  -9.399  29.498 0.0000000000
51859  -54.152  -10.044  28.344 0.0000000000
53338  -55.037  -7.616  28.792 0.0000000000
44639  -36.110  -18.986  49.739 0.0000000000
43147  -35.544  -19.831  49.670 0.0000000000
43868  -36.443  -19.414  49.438 0.0000000000
53379  -44.496  -6.859  23.227 0.0000000000
54146  -45.326  -6.298  23.831 0.0000000000
54133  -45.303  -6.365  25.025 0.0000000000
50340  -54.913  -11.695  33.758 0.0000000000
49559  -54.588  -12.819  33.448 0.0000000000
126995  -54.624  -13.321  34.159 0.0000000000
48800  -54.430  -14.005  33.919 0.0000000000
49553  -54.856  -12.675  34.596 0.0000000000
133640  -45.141  -15.026  45.059 0.0000000000
48750  -45.380  -14.550  44.615 0.0000000000
47250  -44.641  -13.950  35.825 0.0000000000
51913  -42.515  -8.293  22.419 0.0000000000
52664  -43.600  -7.594  22.722 0.0000000000
52669  -43.519  -7.023  21.048 0.0000000000
58739  -61.664  -0.498  25.847 0.0000000000
57951  -61.430  -1.089  25.898 0.0000000000
58738  -61.365  -0.517  25.599 0.0000000000
57956  -60.943  -0.788  25.454 0.0000000000
58743  -61.450  -0.122  25.547 0.0000000000
45462  -25.671  -16.646  45.856 0.0000000000
45456  -27.222  -16.129  46.290 0.0000000000
38950  -31.611  -25.482  43.285 0.0000000000
38949  -30.847  -25.238  42.755 0.0000000000
38958  -31.431  -24.770  40.847 0.0000000000
42486  -39.148  -19.418  44.285 0.0000000000
139444  -45.772  -10.157  32.161 0.0000000000
50365  -45.118  -8.994  30.956 0.0000000000
55605  -48.752  -4.665  31.604 0.0000000000
55606  -50.296  -5.167  31.494 0.0000000000
54808  -51.831  -5.668  31.651 0.0000000000
55599  -51.791  -4.523  32.073 0.0000000000
51016  -47.800  -10.625  40.506 0.0000000000
50292  -48.524  -12.006  40.343 0.0000000000
47253  -48.629  -14.826  35.907 0.0000000000
124331  -48.620  -15.036  35.978 0.0000000000
47261  -48.225  -15.214  35.318 0.0000000000
123104  -47.862  -15.457  34.629 0.0000000000
46390  -47.546  -15.262  33.803 0.0000000000
124167  -47.025  -15.452  33.490 0.0000000000
47267  -47.594  -14.972  33.944 0.0000000000
49577  -46.360  -11.778  33.075 0.0000000000
126893  -45.661  -12.721  32.206 0.0000000000
49582  -45.127  -11.528  31.303 0.0000000000
43141  -31.726  -18.801  50.584 0.0000000000
43152  -31.122  -18.223  49.925 0.0000000000
43161  -31.813  -18.655  49.916 0.0000000000
44676  -33.063  -16.340  45.302 0.0000000000
44688  -30.972  -17.404  41.851 0.0000000000
43932  -30.209  -19.524  41.744 0.0000000000
51115  -50.662  -8.612  28.240 0.0000000000
50391  -50.892  -9.092  27.105 0.0000000000
47312  -53.933  -14.394  28.940 0.0000000000
48112  -53.508  -13.893  28.529 0.0000000000
48088  -55.772  -13.834  32.170 0.0000000000
48816  -55.604  -13.820  31.182 0.0000000000
48817  -55.589  -13.369  31.840 0.0000000000
49579  -55.702  -12.612  32.418 0.0000000000
46295  -41.305  -16.554  47.369 0.0000000000
45452  -40.983  -17.476  47.561 0.0000000000
45457  -41.733  -17.391  47.091 0.0000000000
43928  -44.454  -18.867  44.939 0.0000000000
43197  -43.891  -19.042  45.279 0.0000000000
43206  -44.036  -19.049  44.855 0.0000000000
43205  -43.036  -19.357  45.013 0.0000000000
43221  -44.105  -18.945  44.346 0.0000000000
45497  -48.250  -17.069  40.360 0.0000000000
44712  -47.830  -17.358  41.473 0.0000000000
45509  -47.737  -17.232  40.386 0.0000000000
45504  -43.289  -16.080  41.162 0.0000000000
44706  -42.009  -17.490  42.995 0.0000000000
44718  -41.327  -17.126  42.459 0.0000000000
47351  -43.118  -13.526  27.463 0.0000000000
120025  -42.391  -13.064  26.251 0.0000000000
131159  -54.259  -3.913  37.781 0.0000000000
54783  -56.593  -6.619  36.745 0.0000000000
141507  -56.242  -6.870  37.407 0.0000000000
52560  -56.347  -8.134  37.140 0.0000000000
52559  -56.064  -8.486  37.180 0.0000000000
51799  -56.222  -8.984  36.865 0.0000000000
51055  -56.484  -10.084  36.045 0.0000000000
51809  -56.983  -9.449  35.975 0.0000000000
52598  -58.202  -7.945  32.538 0.0000000000
52597  -57.888  -8.599  33.132 0.0000000000
52606  -58.219  -7.788  31.748 0.0000000000
57159  -61.062  -3.391  29.426 0.0000000000
56387  -60.822  -3.937  29.861 0.0000000000
56385  -60.474  -4.147  30.318 0.0000000000
55637  -59.449  -4.239  27.350 0.0000000000
54849  -59.540  -4.793  27.997 0.0000000000
54848  -59.000  -4.843  27.783 0.0000000000
125081  -58.453  -5.254  28.171 0.0000000000
54858  -58.318  -4.810  27.605 0.0000000000
54857  -57.472  -4.704  27.392 0.0000000000
55646  -58.202  -4.326  27.004 0.0000000000
119471  -57.419  -0.732  23.309 0.0000000000
117014  -56.990  -0.669  22.712 0.0000000000
61986  -59.816  3.678  24.087 0.0000000000
62720  -59.702  4.905  22.916 0.0000000000
44635  -23.076  -19.774  49.822 0.0000000000
39628  -26.631  -25.053  49.849 0.0000000000
38840  -26.377  -24.851  48.699 0.0000000000
38858  -26.030  -24.622  47.758 0.0000000000
42426  -28.101  -24.067  46.652 0.0000000000
41737  -29.223  -24.888  47.834 0.0000000000
39726  -22.334  -23.644  38.769 0.0000000000
41754  -38.572  -20.391  47.286 0.0000000000
41762  -37.923  -20.466  47.487 0.0000000000
42447  -37.753  -20.127  47.038 0.0000000000
42472  -34.889  -23.332  40.984 0.0000000000
41778  -34.461  -24.503  43.098 0.0000000000
41771  -34.246  -25.024  44.524 0.0000000000
41088  -34.778  -25.433  45.082 0.0000000000
52585  -47.091  -10.198  34.926 0.0000000000
51825  -47.161  -10.037  33.083 0.0000000000
54801  -45.626  -5.394  35.664 0.0000000000
54066  -45.788  -7.072  33.256 0.0000000000
55598  -47.630  -4.277  32.693 0.0000000000
127378  -46.735  -3.950  34.156 0.0000000000
52548  -49.621  -10.205  40.121 0.0000000000
51790  -49.706  -10.943  39.935 0.0000000000
51789  -49.861  -10.424  39.790 0.0000000000
124427  -49.337  -11.127  38.267 0.0000000000
51049  -49.727  -11.628  38.623 0.0000000000
130426  -49.121  -13.754  36.885 0.0000000000
50335  -48.726  -12.983  36.931 0.0000000000
138055  -48.441  -13.390  36.349 0.0000000000
52578  -47.338  -9.910  36.464 0.0000000000
51067  -47.533  -11.414  36.315 0.0000000000
143332  -47.261  -10.783  35.627 0.0000000000
123260  -47.045  -11.687  34.648 0.0000000000
52631  -53.746  -10.078  27.319 0.0000000000
54104  -54.046  -7.400  27.256 0.0000000000
54855  -54.398  -5.752  26.563 0.0000000000
43135  -34.303  -19.540  50.470 0.0000000000
42398  -33.469  -19.777  50.041 0.0000000000
43145  -34.253  -19.829  50.178 0.0000000000
42418  -34.991  -20.025  48.853 0.0000000000
43172  -34.264  -19.585  48.810 0.0000000000
126726  -34.583  -19.366  48.366 0.0000000000
43907  -33.673  -17.846  47.587 0.0000000000
43180  -34.523  -18.585  47.784 0.0000000000
52665  -48.215  -7.426  22.670 0.0000000000
140467  -53.251  -11.822  30.767 0.0000000000
48810  -53.728  -12.646  31.318 0.0000000000
48811  -54.075  -13.703  31.841 0.0000000000
48085  -53.809  -13.534  31.049 0.0000000000
48086  -53.990  -13.933  31.574 0.0000000000
48096  -53.816  -14.116  29.988 0.0000000000
121880  -54.191  -14.542  31.482 0.0000000000
143570  -54.342  -14.712  31.100 0.0000000000
47285  -54.441  -14.846  31.824 0.0000000000
46380  -54.969  -15.437  33.921 0.0000000000
123992  -54.954  -15.335  32.809 0.0000000000
46382  -55.070  -15.577  33.790 0.0000000000
143223  -55.607  -15.191  32.776 0.0000000000
46374  -55.953  -15.107  33.919 0.0000000000
47188  -43.351  -16.084  46.203 0.0000000000
142636  -44.036  -15.880  45.945 0.0000000000
47194  -45.611  -16.319  44.900 0.0000000000
46306  -44.674  -16.744  45.678 0.0000000000
45468  -45.300  -17.543  45.020 0.0000000000
44678  -45.078  -18.102  45.040 0.0000000000
44679  -45.522  -17.854  44.627 0.0000000000
45529  -46.673  -15.907  37.464 0.0000000000
129460  -46.599  -16.309  38.400 0.0000000000
47229  -43.951  -14.421  38.283 0.0000000000
47223  -44.583  -14.961  38.699 0.0000000000
46341  -42.068  -15.097  40.037 0.0000000000
48899  -42.545  -11.881  23.886 0.0000000000
48897  -41.815  -11.706  23.563 0.0000000000
49660  -41.924  -10.901  23.005 0.0000000000
54797  -56.942  -6.118  35.878 0.0000000000
54790  -56.899  -6.826  36.173 0.0000000000
55593  -58.076  -5.920  33.745 0.0000000000
54804  -57.910  -6.614  34.156 0.0000000000
132582  -58.223  -6.760  33.522 0.0000000000
54077  -58.390  -7.247  33.104 0.0000000000
54814  -58.716  -6.520  32.727 0.0000000000
57944  -61.946  -1.598  26.981 0.0000000000
130907  -62.121  -1.972  27.245 0.0000000000
57941  -61.964  -2.050  27.509 0.0000000000
130061  -61.944  -2.512  27.825 0.0000000000
56398  -61.425  -3.288  27.952 0.0000000000
57174  -61.402  -2.699  26.967 0.0000000000
57188  -60.960  -1.900  26.096 0.0000000000
57180  -60.715  -2.592  26.491 0.0000000000
56407  -60.321  -3.229  26.825 0.0000000000
57179  -59.897  -2.634  26.123 0.0000000000
56414  -59.225  -2.887  26.042 0.0000000000
57187  -59.991  -2.053  25.786 0.0000000000
57962  -59.751  -0.550  25.006 0.0000000000
57954  -59.636  -1.121  25.224 0.0000000000
57961  -58.936  -0.721  24.716 0.0000000000
58746  -59.054  -0.231  24.551 0.0000000000
63398  -60.229  6.463  20.836 0.0000000000
45454  -23.260  -17.479  47.491 0.0000000000
44653  -23.297  -18.572  47.695 0.0000000000
132468  -23.652  -18.935  47.043 0.0000000000
43890  -24.643  -20.672  46.253 0.0000000000
43881  -24.746  -21.215  47.906 0.0000000000
42403  -26.364  -23.238  49.800 0.0000000000
43160  -25.990  -22.594  48.174 0.0000000000
122288  -30.695  -26.395  46.780 0.0000000000
138340  -30.157  -26.356  47.232 0.0000000000
38914  -29.871  -26.170  45.430 0.0000000000
39709  -29.670  -24.660  41.689 0.0000000000
38956  -28.824  -24.967  43.071 0.0000000000
39708  -28.824  -24.401  41.923 0.0000000000
39717  -28.086  -23.781  41.208 0.0000000000
142841  -28.107  -22.888  37.992 0.0000000000
39728  -28.805  -23.454  39.134 0.0000000000
39730  -30.838  -24.291  37.607 0.0000000000
39729  -30.002  -24.045  37.723 0.0000000000
130992  -39.150  -19.788  45.871 0.0000000000
128906  -38.461  -19.781  45.934 0.0000000000
42462  -38.757  -19.696  45.352 0.0000000000
42500  -37.924  -22.044  40.227 0.0000000000
43215  -37.758  -21.103  41.194 0.0000000000
43235  -37.979  -22.309  39.718 0.0000000000
42491  -36.493  -22.568  39.378 0.0000000000
41790  -36.971  -23.358  40.843 0.0000000000
138751  -44.840  -9.965  28.527 0.0000000000
51133  -44.616  -9.273  28.681 0.0000000000
50405  -45.650  -9.800  28.655 0.0000000000
51101  -45.833  -7.304  30.026 0.0000000000
51113  -46.744  -7.493  28.828 0.0000000000
51107  -47.816  -7.183  29.695 0.0000000000
51114  -48.813  -7.706  28.471 0.0000000000
51102  -49.461  -7.944  30.570 0.0000000000
51830  -48.382  -9.937  32.810 0.0000000000
51085  -48.328  -10.047  32.362 0.0000000000
52590  -48.017  -8.719  32.914 0.0000000000
127908  -51.128  -8.660  31.756 0.0000000000
52596  -50.031  -9.405  32.080 0.0000000000
51837  -51.547  -9.414  31.939 0.0000000000
51091  -52.089  -9.810  31.056 0.0000000000
50357  -52.399  -10.028  31.020 0.0000000000
51831  -52.579  -8.837  32.039 0.0000000000
54074  -53.454  -7.297  32.213 0.0000000000
52592  -53.642  -8.957  32.215 0.0000000000
140608  -54.404  -8.609  32.850 0.0000000000
52586  -54.919  -9.139  33.395 0.0000000000
125188  -54.984  -8.573  34.043 0.0000000000
49514  -45.909  -13.850  42.235 0.0000000000
49515  -46.335  -13.772  41.409 0.0000000000
48761  -48.613  -14.675  40.632 0.0000000000
48759  -48.018  -14.551  40.848 0.0000000000
48012  -48.720  -15.458  40.814 0.0000000000
46326  -49.102  -16.152  40.747 0.0000000000
47212  -49.246  -15.837  40.141 0.0000000000
144974  -49.909  -13.066  39.440 0.0000000000
131042  -49.804  -13.566  39.532 0.0000000000
48771  -50.042  -14.116  38.939 0.0000000000
46359  -48.751  -15.701  37.014 0.0000000000
46351  -49.293  -15.717  37.920 0.0000000000
46350  -48.922  -15.940  37.736 0.0000000000
137102  -48.685  -16.232  38.214 0.0000000000
45533  -48.192  -16.345  37.862 0.0000000000
45541  -47.418  -16.222  37.429 0.0000000000
45542  -47.790  -16.194  37.151 0.0000000000
45573  -46.818  -15.675  33.992 0.0000000000
45550  -46.756  -15.589  35.164 0.0000000000
46377  -46.176  -15.155  34.587 0.0000000000
46376  -45.980  -14.972  34.871 0.0000000000
46388  -45.745  -14.998  33.608 0.0000000000
46387  -45.398  -14.608  32.841 0.0000000000
142504  -45.833  -14.927  32.892 0.0000000000
46429  -45.856  -15.198  30.817 0.0000000000
46428  -45.695  -14.783  31.073 0.0000000000
46444  -45.362  -15.101  30.010 0.0000000000
46459  -44.663  -14.376  29.137 0.0000000000
46472  -44.914  -14.356  29.024 0.0000000000
120717  -47.091  -14.390  33.481 0.0000000000
47273  -47.139  -14.929  33.150 0.0000000000
48084  -46.758  -14.526  32.705 0.0000000000
126785  -46.093  -13.862  30.059 0.0000000000
48119  -45.330  -13.938  29.181 0.0000000000
47366  -44.346  -14.032  27.657 0.0000000000
48155  -44.287  -13.334  26.983 0.0000000000
48862  -43.649  -12.931  26.223 0.0000000000
48854  -43.923  -12.869  27.076 0.0000000000
49615  -44.588  -11.419  28.650 0.0000000000
49622  -43.826  -12.250  27.437 0.0000000000
125529  -44.056  -11.096  28.004 0.0000000000
51146  -43.481  -10.258  26.720 0.0000000000
62714  -61.237  3.941  25.008 0.0000000000
62713  -60.916  4.624  24.449 0.0000000000
64102  -61.629  7.328  21.698 0.0000000000
64106  -61.312  7.196  21.080 0.0000000000
64103  -62.402  7.629  20.462 0.0000000000
43891  -29.628  -16.730  47.851 0.0000000000
127044  -29.940  -16.857  46.731 0.0000000000
43903  -28.860  -16.951  45.163 0.0000000000
43188  -27.274  -21.997  42.846 0.0000000000
43914  -28.157  -19.116  42.425 0.0000000000
43894  -32.161  -17.945  48.647 0.0000000000
43924  -29.518  -18.240  42.513 0.0000000000
43189  -28.579  -22.040  42.464 0.0000000000
129325  -29.726  -24.077  44.532 0.0000000000
42455  -30.389  -23.983  44.128 0.0000000000
42443  -31.841  -24.631  44.966 0.0000000000
41758  -31.454  -24.807  46.111 0.0000000000
41079  -32.319  -25.314  47.039 0.0000000000
38864  -32.350  -26.127  47.409 0.0000000000
40378  -32.732  -25.883  47.493 0.0000000000
51873  -47.149  -8.095  28.325 0.0000000000
53353  -46.748  -6.545  27.042 0.0000000000
51874  -48.874  -7.848  27.128 0.0000000000
49616  -51.538  -9.733  26.203 0.0000000000
50421  -51.090  -9.275  25.125 0.0000000000
50414  -51.410  -9.605  25.375 0.0000000000
49602  -52.894  -11.709  28.428 0.0000000000
48836  -53.092  -12.659  27.887 0.0000000000
48120  -53.301  -13.598  26.875 0.0000000000
46436  -54.960  -15.065  30.368 0.0000000000
46454  -55.003  -14.965  29.992 0.0000000000
48105  -55.458  -13.890  29.929 0.0000000000
141949  -55.106  -13.384  29.644 0.0000000000
50376  -54.711  -11.991  29.882 0.0000000000
51109  -55.081  -10.740  30.567 0.0000000000
51854  -54.845  -10.258  29.869 0.0000000000
45443  -39.050  -18.063  48.599 0.0000000000
44649  -38.567  -18.622  48.642 0.0000000000
137147  -40.197  -18.870  47.721 0.0000000000
43886  -39.489  -19.242  47.898 0.0000000000
43887  -40.091  -19.459  47.522 0.0000000000
42421  -39.445  -20.008  47.355 0.0000000000
43165  -40.078  -19.776  47.341 0.0000000000
45459  -42.940  -17.777  46.418 0.0000000000
45458  -42.103  -17.970  46.764 0.0000000000
43908  -41.940  -19.481  46.245 0.0000000000
43176  -41.285  -19.850  46.502 0.0000000000
42436  -40.824  -20.042  46.766 0.0000000000
42450  -41.165  -20.008  46.368 0.0000000000
41766  -40.144  -20.192  46.501 0.0000000000
42465  -40.830  -20.004  46.179 0.0000000000
43218  -41.109  -19.425  45.207 0.0000000000
42487  -40.120  -19.308  45.042 0.0000000000
43230  -41.307  -19.138  44.769 0.0000000000
48006  -46.788  -15.376  42.703 0.0000000000
133839  -46.616  -15.733  43.319 0.0000000000
47200  -46.926  -15.998  42.888 0.0000000000
44696  -47.123  -18.009  42.275 0.0000000000
127228  -46.956  -17.410  42.990 0.0000000000
43946  -46.639  -17.896  42.836 0.0000000000
43937  -45.912  -18.234  43.856 0.0000000000
43957  -46.240  -18.031  42.852 0.0000000000
45507  -46.302  -17.039  39.848 0.0000000000
44729  -46.406  -17.399  40.576 0.0000000000
44728  -45.781  -17.207  40.653 0.0000000000
44708  -45.642  -17.771  42.003 0.0000000000
43965  -44.917  -17.989  42.754 0.0000000000
43955  -44.977  -18.243  43.175 0.0000000000
43954  -43.996  -18.173  43.288 0.0000000000
43952  -41.653  -18.395  43.950 0.0000000000
43229  -40.105  -19.008  44.205 0.0000000000
43238  -40.457  -18.805  43.977 0.0000000000
46410  -43.694  -13.784  31.745 0.0000000000
118525  -43.291  -13.615  31.842 0.0000000000
47309  -42.277  -13.035  30.751 0.0000000000
46283  -23.352  -15.671  48.766 0.0000000000
44628  -29.634  -17.922  50.980 0.0000000000
44623  -33.690  -18.448  51.125 0.0000000000
46280  -37.925  -17.095  49.305 0.0000000000
47182  -40.617  -15.861  47.906 0.0000000000
47986  -40.479  -14.949  48.155 0.0000000000
49499  -41.806  -12.929  48.023 0.0000000000
48738  -41.564  -13.547  47.909 0.0000000000
48739  -41.855  -14.156  47.361 0.0000000000
48741  -42.445  -13.988  46.945 0.0000000000
49504  -43.568  -13.222  46.241 0.0000000000
49506  -44.036  -13.265  45.710 0.0000000000
50269  -44.139  -12.744  45.428 0.0000000000
51003  -44.165  -11.810  44.198 0.0000000000
51004  -44.397  -11.655  43.110 0.0000000000
50276  -44.834  -12.438  42.911 0.0000000000
143269  -44.316  -10.798  42.243 0.0000000000
126658  -44.761  -10.266  41.275 0.0000000000
51766  -45.904  -9.647  40.789 0.0000000000
51015  -46.732  -10.415  40.473 0.0000000000
54043  -49.306  -7.709  39.875 0.0000000000
56328  -47.657  -5.161  39.577 0.0000000000
56343  -46.901  -4.893  38.802 0.0000000000
56327  -46.856  -4.105  39.118 0.0000000000
57886  -47.987  -0.824  37.639 0.0000000000
57101  -47.227  -1.634  37.228 0.0000000000
57113  -48.569  -1.405  36.067 0.0000000000
57123  -48.456  -1.987  35.109 0.0000000000
57116  -54.059  -1.953  36.856 0.0000000000
57102  -53.071  -0.739  36.947 0.0000000000
57115  -52.797  -0.956  36.042 0.0000000000
57125  -52.154  -1.242  34.998 0.0000000000
56358  -53.242  -2.355  34.501 0.0000000000
56368  -53.776  -3.698  34.278 0.0000000000
56359  -54.321  -3.426  35.491 0.0000000000
54788  -54.856  -5.553  36.090 0.0000000000
54795  -54.717  -5.842  34.959 0.0000000000
54796  -54.988  -6.586  35.829 0.0000000000
53297  -55.083  -8.442  35.143 0.0000000000
53293  -55.169  -8.139  35.846 0.0000000000
54771  -55.302  -5.766  38.031 0.0000000000
54776  -54.887  -5.698  37.761 0.0000000000
54036  -54.955  -6.118  37.710 0.0000000000
51044  -55.853  -9.669  36.509 0.0000000000
52567  -55.743  -8.707  36.821 0.0000000000
51052  -55.627  -10.202  36.121 0.0000000000
51051  -55.439  -9.923  35.846 0.0000000000
140672  -55.107  -11.265  35.375 0.0000000000
50328  -55.027  -11.990  35.066 0.0000000000
50329  -55.655  -11.707  35.571 0.0000000000
49541  -56.323  -12.086  35.058 0.0000000000
48778  -56.091  -13.125  34.926 0.0000000000
49547  -56.300  -12.605  34.757 0.0000000000
48794  -57.058  -12.956  34.082 0.0000000000
49560  -56.469  -12.680  34.001 0.0000000000
53298  -57.418  -8.191  35.267 0.0000000000
52581  -57.446  -9.322  34.997 0.0000000000
126610  -57.591  -9.198  34.545 0.0000000000
51088  -57.407  -9.877  33.315 0.0000000000
51081  -57.220  -10.639  34.045 0.0000000000
51087  -57.224  -10.557  33.653 0.0000000000
50352  -56.886  -10.965  33.432 0.0000000000
50359  -56.647  -10.979  33.101 0.0000000000
50363  -56.296  -10.890  32.548 0.0000000000
51850  -57.077  -8.608  31.452 0.0000000000
51849  -56.599  -9.182  31.550 0.0000000000
52613  -56.383  -8.825  31.077 0.0000000000
52618  -56.669  -8.032  30.606 0.0000000000
54818  -59.667  -5.492  31.092 0.0000000000
133683  -59.375  -5.601  31.742 0.0000000000
54817  -59.298  -5.938  31.764 0.0000000000
137760  -59.487  -6.053  31.033 0.0000000000
55626  -60.756  -4.199  28.778 0.0000000000
54834  -60.367  -4.896  29.173 0.0000000000
54841  -60.392  -4.631  28.695 0.0000000000
54102  -59.565  -5.539  29.192 0.0000000000
54093  -59.608  -5.802  29.684 0.0000000000
53325  -59.133  -6.311  30.110 0.0000000000
53324  -58.621  -6.941  30.702 0.0000000000
54092  -58.600  -6.438  29.899 0.0000000000
54107  -57.809  -5.597  28.650 0.0000000000
53340  -57.434  -6.525  29.721 0.0000000000
54099  -57.037  -6.140  29.164 0.0000000000
53339  -56.183  -7.130  29.568 0.0000000000
54845  -55.503  -5.377  27.337 0.0000000000
55652  -55.747  -3.739  25.565 0.0000000000
57185  -58.726  -2.424  25.523 0.0000000000
56420  -57.949  -2.612  25.212 0.0000000000
57198  -56.214  -2.150  23.809 0.0000000000
56411  -55.175  -3.236  24.602 0.0000000000
59591  -60.767  1.027  25.113 0.0000000000
60372  -60.367  1.448  24.946 0.0000000000
61202  -59.457  2.873  24.172 0.0000000000
60371  -59.736  1.829  24.599 0.0000000000
60374  -59.281  1.298  24.375 0.0000000000
60373  -58.489  1.774  23.745 0.0000000000
62719  -59.118  5.021  21.696 0.0000000000
59594  -57.834  1.332  23.219 0.0000000000
43871  -24.366  -21.123  49.867 0.0000000000
43852  -24.378  -21.539  50.847 0.0000000000
125807  -24.997  -22.191  50.765 0.0000000000
38809  -25.784  -24.711  49.779 0.0000000000
39610  -25.514  -24.452  50.832 0.0000000000
39655  -24.998  -24.453  47.067 0.0000000000
39671  -23.445  -25.301  45.343 0.0000000000
38891  -23.710  -24.970  46.076 0.0000000000
38930  -21.569  -25.126  44.207 0.0000000000
43901  -25.463  -19.937  43.868 0.0000000000
42415  -27.703  -23.972  47.729 0.0000000000
42424  -26.734  -23.223  47.582 0.0000000000
41735  -27.557  -24.078  48.790 0.0000000000
41061  -27.782  -24.316  49.328 0.0000000000
137790  -27.893  -25.682  48.723 0.0000000000
38913  -28.855  -25.989  45.565 0.0000000000
38878  -29.109  -26.179  47.353 0.0000000000
128285  -28.295  -25.561  45.044 0.0000000000
39698  -25.363  -23.303  43.700 0.0000000000
38933  -26.676  -24.361  45.157 0.0000000000
38912  -26.804  -24.543  45.916 0.0000000000
38893  -27.194  -25.070  47.073 0.0000000000
38932  -25.603  -23.994  45.628 0.0000000000
38911  -25.129  -24.109  46.133 0.0000000000
39697  -23.199  -22.790  43.914 0.0000000000
39740  -25.574  -24.865  33.301 0.0000000000
39750  -24.177  -24.908  33.793 0.0000000000
43156  -37.366  -19.874  48.739 0.0000000000
41730  -36.996  -20.294  48.595 0.0000000000
41741  -37.079  -20.409  48.272 0.0000000000
43182  -36.409  -19.478  47.431 0.0000000000
128464  -36.070  -18.610  46.675 0.0000000000
43193  -35.442  -17.738  45.915 0.0000000000
43926  -35.297  -17.209  44.005 0.0000000000
43204  -37.690  -19.160  43.693 0.0000000000
43935  -35.451  -18.829  41.086 0.0000000000
43224  -33.151  -19.833  40.269 0.0000000000
44695  -33.384  -17.819  41.308 0.0000000000
43211  -32.159  -20.704  41.082 0.0000000000
42482  -32.655  -22.412  41.496 0.0000000000
40388  -34.081  -25.945  46.600 0.0000000000
41083  -33.448  -25.259  45.952 0.0000000000
39656  -33.748  -25.972  46.872 0.0000000000
134999  -33.762  -26.111  45.300 0.0000000000
120325  -36.314  -25.700  44.348 0.0000000000
140010  -36.124  -25.458  43.856 0.0000000000
131602  -36.056  -25.882  44.988 0.0000000000
116240  -35.767  -26.292  43.490 0.0000000000
116233  -35.609  -26.510  44.676 0.0000000000
116238  -35.012  -26.396  44.704 0.0000000000
135287  -34.921  -26.331  44.246 0.0000000000
117781  -34.930  -26.124  43.444 0.0000000000
137885  -34.519  -25.453  41.351 0.0000000000
38065  -33.761  -25.212  40.461 0.0000000000
38053  -33.157  -25.390  42.451 0.0000000000
38973  -33.044  -24.876  38.589 0.0000000000
53296  -47.457  -9.230  37.068 0.0000000000
54067  -46.625  -8.543  36.241 0.0000000000
125482  -46.517  -7.718  36.875 0.0000000000
54794  -46.338  -6.789  37.177 0.0000000000
53287  -49.597  -9.137  39.392 0.0000000000
52555  -49.792  -9.855  39.665 0.0000000000
52565  -49.627  -10.026  39.001 0.0000000000
139682  -49.393  -10.487  38.492 0.0000000000
51813  -48.708  -10.569  37.979 0.0000000000
51820  -48.523  -11.336  37.580 0.0000000000
52571  -48.143  -9.897  37.602 0.0000000000
43860  -35.162  -19.141  50.192 0.0000000000
43146  -34.877  -19.808  50.043 0.0000000000
42408  -35.315  -20.084  49.466 0.0000000000
41728  -35.780  -20.246  49.077 0.0000000000
53371  -47.241  -6.756  23.755 0.0000000000
50345  -54.506  -11.642  32.746 0.0000000000
121205  -54.379  -13.406  33.035 0.0000000000
48805  -54.278  -13.959  32.665 0.0000000000
47268  -54.357  -14.788  32.613 0.0000000000
48071  -54.349  -14.604  33.042 0.0000000000
48056  -54.369  -14.365  33.792 0.0000000000
47241  -54.876  -14.873  34.658 0.0000000000
133641  -44.571  -14.827  45.388 0.0000000000
47997  -44.298  -15.384  45.698 0.0000000000
47998  -44.872  -15.548  45.403 0.0000000000
48001  -45.399  -15.680  45.035 0.0000000000
46366  -45.995  -15.075  36.036 0.0000000000
46356  -45.806  -15.229  37.187 0.0000000000
47237  -44.386  -14.201  37.121 0.0000000000
48034  -43.185  -13.840  37.611 0.0000000000
47228  -42.572  -14.191  38.663 0.0000000000
48043  -42.278  -13.283  36.747 0.0000000000
51153  -42.842  -10.092  24.084 0.0000000000
51164  -42.391  -9.848  22.955 0.0000000000
57175  -61.799  -1.946  26.907 0.0000000000
57181  -61.502  -2.260  26.809 0.0000000000
57182  -61.318  -1.693  26.123 0.0000000000
57189  -61.078  -1.647  25.949 0.0000000000
57195  -60.227  -1.569  25.598 0.0000000000
58741  -60.432  -0.365  25.128 0.0000000000
46292  -25.558  -15.669  47.937 0.0000000000
44660  -23.751  -17.553  46.673 0.0000000000
46304  -25.222  -16.768  46.077 0.0000000000
44662  -24.547  -19.044  45.402 0.0000000000
133235  -30.779  -26.015  44.959 0.0000000000
38935  -30.126  -25.907  44.622 0.0000000000
39719  -30.507  -24.430  39.768 0.0000000000
39720  -31.305  -24.625  37.620 0.0000000000
42474  -38.462  -19.909  44.050 0.0000000000
42475  -38.677  -19.700  44.138 0.0000000000
42493  -37.961  -22.108  41.057 0.0000000000
49600  -45.090  -10.860  29.128 0.0000000000
50396  -45.687  -9.940  28.604 0.0000000000
50375  -45.264  -8.533  29.469 0.0000000000
50366  -46.754  -7.763  31.456 0.0000000000
54072  -47.034  -7.280  31.101 0.0000000000
123615  -49.443  -7.223  31.222 0.0000000000
53308  -51.347  -7.842  31.692 0.0000000000
54073  -51.658  -6.789  31.487 0.0000000000
126277  -53.068  -6.237  32.114 0.0000000000
50284  -46.711  -12.658  40.576 0.0000000000
50291  -47.722  -12.785  40.436 0.0000000000
133585  -48.336  -12.993  40.423 0.0000000000
48762  -49.023  -14.044  40.372 0.0000000000
131318  -49.750  -14.476  37.523 0.0000000000
48036  -50.003  -14.551  38.098 0.0000000000
47240  -49.224  -15.114  36.947 0.0000000000
47252  -48.910  -15.299  36.631 0.0000000000
46368  -47.999  -15.870  36.197 0.0000000000
45553  -47.802  -15.958  36.315 0.0000000000
46378  -47.727  -15.782  34.809 0.0000000000
45574  -46.926  -15.970  34.093 0.0000000000
45587  -46.697  -15.486  33.425 0.0000000000
45586  -45.759  -15.036  33.049 0.0000000000
46401  -47.001  -15.411  32.891 0.0000000000
46414  -46.520  -15.096  32.211 0.0000000000
46430  -46.162  -15.198  31.262 0.0000000000
140150  -46.628  -13.450  33.584 0.0000000000
48094  -46.319  -14.036  32.033 0.0000000000
48814  -46.350  -13.742  32.890 0.0000000000
48821  -45.750  -13.299  31.178 0.0000000000
48835  -45.642  -13.630  29.781 0.0000000000
48840  -44.909  -13.169  29.005 0.0000000000
49601  -45.284  -12.414  29.778 0.0000000000
49608  -44.960  -11.522  29.032 0.0000000000
43874  -30.658  -18.115  50.267 0.0000000000
43883  -30.569  -17.489  49.136 0.0000000000
145252  -30.611  -17.224  48.309 0.0000000000
43916  -31.041  -16.384  46.022 0.0000000000
145341  -30.238  -16.739  44.136 0.0000000000
43200  -29.898  -21.022  42.269 0.0000000000
43191  -30.348  -22.990  42.966 0.0000000000
43201  -30.739  -22.314  42.435 0.0000000000
42469  -31.654  -23.816  43.454 0.0000000000
50398  -49.967  -8.693  27.248 0.0000000000
50413  -49.981  -8.722  26.891 0.0000000000
49610  -50.998  -9.373  26.727 0.0000000000
49611  -52.099  -10.387  26.859 0.0000000000
48103  -53.503  -13.655  29.325 0.0000000000
48111  -53.317  -13.511  27.879 0.0000000000
47286  -55.275  -15.116  31.622 0.0000000000
47301  -55.427  -14.771  31.032 0.0000000000
48097  -55.597  -14.509  31.102 0.0000000000
142307  -55.483  -13.945  30.435 0.0000000000
49584  -55.203  -13.105  30.618 0.0000000000
50369  -55.177  -12.318  31.081 0.0000000000
50370  -55.570  -11.465  31.795 0.0000000000
46293  -39.846  -17.145  48.372 0.0000000000
45451  -40.287  -17.654  47.996 0.0000000000
130592  -40.653  -18.211  47.647 0.0000000000
44657  -40.960  -18.724  47.304 0.0000000000
144963  -43.827  -18.196  45.942 0.0000000000
43910  -42.854  -18.823  46.157 0.0000000000
43911  -43.641  -18.650  45.825 0.0000000000
43184  -42.702  -19.239  46.002 0.0000000000
43195  -42.705  -19.433  45.726 0.0000000000
42466  -41.508  -19.767  45.951 0.0000000000
42467  -42.252  -19.542  45.639 0.0000000000
43219  -42.512  -19.306  45.010 0.0000000000
43231  -42.881  -19.143  44.705 0.0000000000
46318  -48.147  -16.558  41.689 0.0000000000
46317  -47.595  -16.643  42.275 0.0000000000
45481  -48.043  -17.014  41.929 0.0000000000
44701  -47.875  -17.521  41.817 0.0000000000
44710  -46.810  -17.767  41.691 0.0000000000
45505  -44.891  -16.591  40.814 0.0000000000
144804  -45.407  -16.999  40.745 0.0000000000
44720  -45.024  -17.147  41.375 0.0000000000
123247  -44.150  -17.228  42.126 0.0000000000
44707  -43.530  -17.534  42.753 0.0000000000
46442  -43.943  -13.779  30.211 0.0000000000
143465  -38.864  -15.711  49.056 0.0000000000
47981  -39.071  -14.916  48.968 0.0000000000
50265  -42.729  -12.563  47.382 0.0000000000
49503  -42.959  -13.400  46.788 0.0000000000
57075  -46.862  -2.389  39.861 0.0000000000
57866  -46.892  -0.847  39.912 0.0000000000
57879  -47.255  -0.728  38.686 0.0000000000
57880  -49.151  -0.082  38.060 0.0000000000
57103  -54.028  -1.851  37.747 0.0000000000
56353  -54.487  -3.294  36.672 0.0000000000
54781  -54.816  -5.298  36.850 0.0000000000
54789  -54.973  -6.163  36.742 0.0000000000
129836  -55.682  -5.596  37.749 0.0000000000
54045  -56.003  -6.300  37.595 0.0000000000
53274  -56.180  -7.165  37.952 0.0000000000
141534  -55.491  -7.342  37.529 0.0000000000
52550  -55.997  -7.879  37.513 0.0000000000
51797  -55.998  -9.055  36.879 0.0000000000
121879  -55.931  -10.574  36.152 0.0000000000
50323  -56.013  -10.995  35.937 0.0000000000
51054  -56.068  -10.440  36.196 0.0000000000
51063  -56.429  -10.908  35.636 0.0000000000
50332  -56.659  -11.254  35.152 0.0000000000
52587  -57.759  -8.680  34.122 0.0000000000
51828  -57.637  -9.294  34.125 0.0000000000
51834  -57.722  -9.130  33.839 0.0000000000
51838  -57.647  -9.243  33.261 0.0000000000
51093  -57.234  -9.946  32.887 0.0000000000
51106  -56.882  -9.712  32.326 0.0000000000
51099  -57.412  -9.347  32.627 0.0000000000
51846  -57.608  -8.565  32.002 0.0000000000
52609  -57.605  -8.194  31.490 0.0000000000
56383  -59.998  -4.288  30.998 0.0000000000
55613  -60.071  -4.734  30.678 0.0000000000
54821  -60.056  -5.061  30.406 0.0000000000
145213  -60.120  -4.643  28.287 0.0000000000
54850  -59.889  -4.733  28.202 0.0000000000
54839  -59.533  -5.214  28.611 0.0000000000
54101  -58.794  -5.842  29.094 0.0000000000
54108  -58.509  -5.619  28.667 0.0000000000
54846  -56.613  -5.169  27.819 0.0000000000
57199  -57.361  -1.808  24.147 0.0000000000
57958  -56.710  -1.616  23.376 0.0000000000
61987  -60.492  3.355  24.727 0.0000000000
140359  -58.942  3.148  23.578 0.0000000000
43851  -23.948  -21.502  51.581 0.0000000000
43139  -25.888  -22.902  50.248 0.0000000000
42392  -25.750  -23.309  50.974 0.0000000000
39611  -26.083  -24.832  50.581 0.0000000000
38810  -25.963  -24.812  49.932 0.0000000000
38839  -25.969  -24.628  49.084 0.0000000000
39646  -25.541  -24.231  48.340 0.0000000000
38857  -25.763  -24.459  47.973 0.0000000000
122723  -25.227  -24.528  46.933 0.0000000000
38910  -23.553  -24.116  45.761 0.0000000000
42439  -26.581  -22.899  44.736 0.0000000000
41736  -28.284  -24.479  48.065 0.0000000000
141444  -28.370  -24.814  49.099 0.0000000000
39699  -26.922  -24.009  43.308 0.0000000000
38934  -27.664  -24.954  44.657 0.0000000000
38980  -21.669  -24.517  39.974 0.0000000000
38992  -21.996  -25.738  37.972 0.0000000000
39001  -22.605  -26.827  36.155 0.0000000000
42420  -37.941  -20.204  48.145 0.0000000000
42419  -37.499  -20.400  48.170 0.0000000000
41752  -37.569  -20.528  47.908 0.0000000000
42446  -36.880  -19.946  47.331 0.0000000000
43194  -37.208  -18.866  45.676 0.0000000000
42471  -33.465  -23.812  42.340 0.0000000000
41084  -34.347  -25.576  45.770 0.0000000000
39657  -34.485  -26.016  46.328 0.0000000000
119037  -36.641  -25.739  40.385 0.0000000000
38067  -35.374  -25.531  40.950 0.0000000000
50350  -47.059  -11.303  33.835 0.0000000000
127511  -47.171  -10.419  33.387 0.0000000000
53306  -46.154  -8.405  32.188 0.0000000000
53300  -46.093  -8.486  34.226 0.0000000000
54807  -47.057  -5.636  31.903 0.0000000000
56374  -49.061  -3.713  32.300 0.0000000000
51782  -49.075  -10.452  40.544 0.0000000000
50308  -49.456  -12.023  40.033 0.0000000000
51032  -49.543  -11.437  40.287 0.0000000000
50314  -49.860  -12.441  39.563 0.0000000000
50317  -49.997  -12.806  39.171 0.0000000000
51042  -49.921  -11.425  38.924 0.0000000000
51050  -49.879  -12.174  38.934 0.0000000000
49536  -49.985  -13.456  38.124 0.0000000000
137530  -49.605  -14.055  37.315 0.0000000000
142177  -48.949  -14.435  36.411 0.0000000000
47262  -48.273  -14.870  35.245 0.0000000000
48070  -47.951  -14.737  34.619 0.0000000000
124747  -48.230  -14.568  35.265 0.0000000000
48804  -47.716  -14.119  34.721 0.0000000000
50334  -47.861  -12.251  36.417 0.0000000000
50339  -47.681  -12.607  35.803 0.0000000000
49571  -47.238  -13.209  34.538 0.0000000000
50356  -47.028  -11.644  33.961 0.0000000000
43133  -33.062  -19.119  50.895 0.0000000000
43154  -32.280  -18.992  50.081 0.0000000000
42397  -33.009  -19.597  49.941 0.0000000000
42416  -33.215  -19.361  49.439 0.0000000000
43171  -32.985  -18.571  48.755 0.0000000000
42417  -34.134  -19.817  49.318 0.0000000000
127352  -33.506  -19.217  48.988 0.0000000000
50368  -52.361  -10.343  29.920 0.0000000000
49583  -52.997  -11.661  30.230 0.0000000000
48822  -53.224  -12.529  29.958 0.0000000000
48829  -53.234  -12.773  29.320 0.0000000000
48095  -53.561  -13.439  30.157 0.0000000000
47299  -53.948  -14.342  29.842 0.0000000000
47313  -54.141  -14.526  29.535 0.0000000000
46451  -54.461  -14.762  29.106 0.0000000000
46434  -54.603  -14.866  30.083 0.0000000000
46435  -54.892  -15.083  30.634 0.0000000000
143573  -54.989  -15.165  31.046 0.0000000000
138762  -54.824  -15.269  32.693 0.0000000000
46405  -54.950  -15.270  32.119 0.0000000000
46421  -55.266  -15.179  32.056 0.0000000000
47276  -55.511  -15.023  32.275 0.0000000000
47277  -55.801  -14.671  32.422 0.0000000000
48079  -55.897  -13.959  32.531 0.0000000000
46299  -42.159  -16.745  46.831 0.0000000000
47187  -42.605  -16.265  46.535 0.0000000000
46300  -42.963  -16.946  46.455 0.0000000000
133978  -43.502  -17.354  46.251 0.0000000000
47191  -44.544  -16.064  45.709 0.0000000000
46305  -44.122  -17.243  45.980 0.0000000000
45465  -44.238  -17.824  45.826 0.0000000000
45467  -44.713  -17.912  45.472 0.0000000000
43921  -44.859  -18.428  45.143 0.0000000000
43929  -45.076  -18.599  44.555 0.0000000000
45520  -47.403  -16.783  38.839 0.0000000000
123643  -47.674  -17.003  39.618 0.0000000000
45519  -46.825  -16.705  38.868 0.0000000000
45518  -46.089  -16.549  39.271 0.0000000000
126803  -45.409  -16.454  39.947 0.0000000000
46348  -45.471  -15.477  38.364 0.0000000000
45517  -45.456  -16.024  39.287 0.0000000000
46335  -44.625  -15.967  40.225 0.0000000000
45503  -41.596  -16.229  41.461 0.0000000000
46334  -41.413  -15.690  40.725 0.0000000000
46340  -40.326  -15.340  39.782 0.0000000000
48029  -41.170  -14.334  38.613 0.0000000000
48873  -42.367  -12.468  24.566 0.0000000000
48162  -41.682  -12.463  25.026 0.0000000000
48885  -41.697  -12.032  24.002 0.0000000000
48896  -41.019  -11.575  23.512 0.0000000000
49658  -39.484  -11.097  22.978 0.0000000000
49666  -41.005  -10.058  22.137 0.0000000000
49665  -39.834  -10.218  21.940 0.0000000000
54053  -56.751  -7.203  36.595 0.0000000000
129732  -56.878  -8.103  36.442 0.0000000000
54058  -57.019  -7.531  36.072 0.0000000000
137173  -57.245  -7.714  35.572 0.0000000000
53303  -57.648  -7.990  34.728 0.0000000000
54798  -57.365  -5.981  35.052 0.0000000000
54070  -57.841  -7.352  34.305 0.0000000000
53304  -57.833  -8.068  34.192 0.0000000000
53310  -58.038  -7.981  33.511 0.0000000000
143288  -58.308  -7.586  33.053 0.0000000000
53314  -58.538  -7.413  32.427 0.0000000000
56389  -61.297  -3.431  28.681 0.0000000000
121678  -61.084  -4.036  29.266 0.0000000000
55634  -60.867  -3.805  27.966 0.0000000000
56396  -60.889  -3.579  27.657 0.0000000000
56403  -60.989  -3.045  27.048 0.0000000000
56402  -60.478  -3.718  27.401 0.0000000000
55648  -59.984  -3.795  27.162 0.0000000000
125159  -58.897  -3.961  26.812 0.0000000000
56406  -58.906  -3.433  26.319 0.0000000000
128977  -58.948  -1.919  25.326 0.0000000000
57194  -59.537  -1.700  25.469 0.0000000000
57960  -58.127  -0.950  24.225 0.0000000000
63396  -60.595  6.425  21.942 0.0000000000
62721  -60.070  5.812  22.122 0.0000000000
44644  -23.172  -19.226  48.746 0.0000000000
43880  -24.272  -20.681  48.644 0.0000000000
43889  -24.154  -19.936  47.032 0.0000000000
129590  -25.339  -22.139  49.679 0.0000000000
43151  -25.892  -22.663  49.486 0.0000000000
41719  -26.652  -23.685  49.753 0.0000000000
38812  -26.985  -25.141  49.478 0.0000000000
41738  -30.138  -25.063  47.639 0.0000000000
41063  -29.979  -25.403  48.068 0.0000000000
38829  -30.248  -26.084  48.791 0.0000000000
128015  -29.305  -26.244  46.207 0.0000000000
38947  -28.513  -25.333  44.206 0.0000000000
142863  -29.268  -25.425  43.798 0.0000000000
141164  -27.165  -23.809  42.335 0.0000000000
40436  -26.608  -22.384  37.787 0.0000000000
40437  -29.359  -23.270  36.672 0.0000000000
41764  -39.057  -20.292  46.956 0.0000000000
138107  -38.077  -19.930  46.555 0.0000000000
42461  -38.065  -19.566  45.487 0.0000000000
43214  -37.345  -19.936  41.633 0.0000000000
41780  -35.442  -24.419  42.441 0.0000000000
51894  -43.598  -8.295  25.807 0.0000000000
52638  -44.987  -6.843  26.877 0.0000000000
51871  -44.356  -7.560  27.313 0.0000000000
50407  -47.404  -8.860  27.934 0.0000000000
50390  -46.040  -9.965  28.773 0.0000000000
50397  -47.591  -9.258  27.997 0.0000000000
130453  -48.786  -8.229  28.018 0.0000000000
50367  -51.305  -9.035  29.804 0.0000000000
51095  -48.759  -8.941  31.543 0.0000000000
51090  -49.561  -9.273  31.834 0.0000000000
51096  -49.983  -8.430  30.928 0.0000000000
51103  -51.380  -9.230  30.531 0.0000000000
50362  -52.537  -10.548  30.646 0.0000000000
133575  -53.236  -10.722  31.255 0.0000000000
50351  -53.788  -11.059  31.745 0.0000000000
51079  -53.139  -9.557  31.892 0.0000000000
51080  -54.462  -10.635  32.629 0.0000000000
51075  -55.115  -10.733  33.833 0.0000000000
51076  -54.996  -11.389  34.633 0.0000000000
49509  -45.011  -13.229  43.819 0.0000000000
48752  -45.452  -14.050  43.884 0.0000000000
48753  -45.915  -14.334  43.148 0.0000000000
48755  -46.414  -14.589  42.330 0.0000000000
48007  -47.252  -15.643  42.196 0.0000000000
48758  -47.379  -14.435  41.175 0.0000000000
48009  -47.588  -15.184  41.484 0.0000000000
47203  -47.760  -15.823  41.747 0.0000000000
46320  -48.516  -16.641  41.319 0.0000000000
45487  -48.686  -16.801  40.862 0.0000000000
136825  -48.530  -16.822  39.780 0.0000000000
49525  -49.542  -12.792  39.920 0.0000000000
49527  -49.581  -13.532  39.844 0.0000000000
48022  -49.365  -14.865  40.112 0.0000000000
47232  -49.936  -15.022  38.399 0.0000000000
122615  -49.642  -15.555  39.138 0.0000000000
47215  -49.445  -15.705  39.648 0.0000000000
45511  -49.161  -16.217  39.269 0.0000000000
45522  -48.749  -16.446  39.090 0.0000000000
136726  -48.273  -16.754  39.296 0.0000000000
45532  -47.680  -16.499  38.022 0.0000000000
45551  -46.726  -15.733  35.916 0.0000000000
45539  -46.800  -15.675  36.246 0.0000000000
47251  -45.421  -14.497  35.303 0.0000000000
47259  -44.501  -13.806  34.400 0.0000000000
121221  -44.050  -13.810  33.078 0.0000000000
47266  -44.910  -14.263  33.019 0.0000000000
136121  -44.566  -14.032  32.158 0.0000000000
46411  -45.062  -14.269  31.420 0.0000000000
46412  -45.891  -14.845  31.977 0.0000000000
46427  -44.931  -14.380  30.618 0.0000000000
47324  -43.968  -13.874  29.627 0.0000000000
47364  -43.248  -13.618  26.949 0.0000000000
47283  -46.854  -14.971  32.548 0.0000000000
47297  -46.160  -15.033  31.028 0.0000000000
124034  -46.751  -14.134  31.579 0.0000000000
47311  -46.240  -14.570  30.923 0.0000000000
47325  -45.540  -14.582  29.591 0.0000000000
47339  -45.060  -14.315  29.000 0.0000000000
47365  -43.971  -13.675  27.215 0.0000000000
48140  -43.578  -13.264  26.390 0.0000000000
48874  -43.138  -12.732  25.119 0.0000000000
48887  -42.962  -12.339  24.505 0.0000000000
137805  -43.111  -11.701  24.448 0.0000000000
122635  -43.702  -12.673  26.481 0.0000000000
49636  -43.343  -11.938  25.254 0.0000000000
50428  -43.154  -11.304  24.728 0.0000000000
51154  -43.225  -10.703  25.291 0.0000000000
51895  -43.241  -9.609  25.523 0.0000000000
59587  -60.944  0.362  25.176 0.0000000000
60363  -61.634  0.845  25.637 0.0000000000
61199  -61.007  2.579  25.232 0.0000000000
61985  -60.970  3.000  25.058 0.0000000000
62717  -60.627  4.714  24.115 0.0000000000
63394  -60.675  5.781  23.183 0.0000000000
64099  -61.374  6.502  23.318 0.0000000000
63400  -61.908  7.264  19.542 0.0000000000
63401  -62.665  7.246  19.398 0.0000000000
145409  -62.698  6.860  18.698 0.0000000000
44646  -28.951  -16.670  49.332 0.0000000000
44663  -27.548  -16.662  45.460 0.0000000000
44655  -28.680  -16.344  47.433 0.0000000000
44664  -28.329  -16.684  45.659 0.0000000000
43902  -27.330  -17.735  43.955 0.0000000000
43170  -31.989  -18.353  49.352 0.0000000000
43893  -31.084  -17.302  48.209 0.0000000000
43904  -29.955  -16.824  46.245 0.0000000000
130117  -30.031  -16.780  45.691 0.0000000000
43915  -29.098  -17.350  44.088 0.0000000000
123994  -28.992  -23.978  44.970 0.0000000000
131887  -29.801  -24.436  45.914 0.0000000000
41072  -30.997  -25.217  47.576 0.0000000000
39639  -31.530  -25.922  48.287 0.0000000000
42442  -31.079  -24.454  45.007 0.0000000000
41078  -31.719  -25.233  47.290 0.0000000000
38895  -31.250  -26.290  46.141 0.0000000000
38916  -31.618  -26.055  45.355 0.0000000000
38937  -31.602  -25.800  44.378 0.0000000000
38938  -32.458  -25.876  44.653 0.0000000000
53360  -46.181  -6.290  26.194 0.0000000000
53361  -47.213  -6.573  25.502 0.0000000000
52657  -48.327  -7.213  24.469 0.0000000000
51141  -50.058  -8.545  26.422 0.0000000000
51884  -49.848  -8.159  25.756 0.0000000000
51897  -50.061  -8.561  23.869 0.0000000000
51155  -50.634  -9.542  22.633 0.0000000000
49617  -52.254  -10.747  26.254 0.0000000000
48849  -52.748  -11.840  26.640 0.0000000000
49625  -52.376  -11.192  25.523 0.0000000000
47302  -55.375  -14.601  30.325 0.0000000000
45441  -37.825  -18.439  49.037 0.0000000000
43869  -37.004  -19.338  49.187 0.0000000000
44648  -37.938  -18.853  48.862 0.0000000000
43877  -38.316  -19.246  48.498 0.0000000000
43157  -38.070  -19.689  48.386 0.0000000000
44650  -39.430  -18.606  48.216 0.0000000000
43885  -38.812  -19.498  48.067 0.0000000000
43164  -38.637  -19.883  47.878 0.0000000000
42433  -38.783  -20.255  47.416 0.0000000000
41755  -39.278  -20.284  47.019 0.0000000000
44665  -41.141  -19.078  47.041 0.0000000000
43897  -41.990  -19.069  46.479 0.0000000000
43895  -40.660  -19.569  47.179 0.0000000000
43175  -40.642  -19.846  47.009 0.0000000000
42435  -40.261  -20.159  46.916 0.0000000000
41765  -39.669  -20.284  46.794 0.0000000000
41775  -39.895  -20.150  46.464 0.0000000000
42463  -39.642  -19.787  45.954 0.0000000000
127832  -41.044  -19.882  45.939 0.0000000000
42477  -39.867  -19.520  45.441 0.0000000000
127174  -45.896  -14.954  44.083 0.0000000000
133113  -46.293  -15.711  43.912 0.0000000000
46312  -46.214  -16.916  44.050 0.0000000000
46315  -47.015  -16.634  42.930 0.0000000000
46313  -46.576  -16.845  43.526 0.0000000000
45472  -46.322  -17.372  43.781 0.0000000000
44685  -45.926  -17.882  44.073 0.0000000000
43930  -45.634  -18.299  44.083 0.0000000000
43936  -45.292  -18.538  44.102 0.0000000000
44730  -47.087  -17.391  40.470 0.0000000000
137583  -46.751  -17.650  41.192 0.0000000000
44709  -46.259  -17.828  41.849 0.0000000000
44721  -45.685  -17.492  41.334 0.0000000000
43967  -46.079  -17.956  42.236 0.0000000000
43956  -45.630  -18.100  42.802 0.0000000000
43944  -45.109  -18.439  43.603 0.0000000000
43233  -44.395  -18.716  43.999 0.0000000000
145087  -43.967  -18.920  44.367 0.0000000000
43232  -43.713  -18.877  44.304 0.0000000000
124776  -42.294  -19.057  44.601 0.0000000000
43953  -43.201  -18.312  43.723 0.0000000000
43240  -42.633  -18.694  44.201 0.0000000000
43217  -39.356  -19.292  44.138 0.0000000000
48150  -40.584  -12.487  25.687 0.0000000000
138897  -47.954  -6.601  38.766 0.0000000000
55554  -48.442  -6.094  39.892 0.0000000000
46290  -23.153  -16.650  47.905 0.0000000000
46291  -24.536  -15.648  48.417 0.0000000000
141575  -26.180  -15.684  50.200 0.0000000000
46285  -26.022  -15.567  49.286 0.0000000000
45448  -27.025  -15.763  48.884 0.0000000000
45440  -28.174  -16.402  49.815 0.0000000000
44647  -29.588  -17.392  50.144 0.0000000000
43873  -30.117  -17.968  50.604 0.0000000000
43865  -30.618  -18.396  50.804 0.0000000000
43130  -31.182  -18.641  50.865 0.0000000000
43131  -32.032  -18.950  50.864 0.0000000000
43849  -32.608  -18.797  51.205 0.0000000000
43856  -32.486  -18.897  51.080 0.0000000000
43857  -33.190  -18.974  51.063 0.0000000000
43858  -34.097  -19.044  50.976 0.0000000000
44631  -34.897  -18.805  50.475 0.0000000000
44632  -35.484  -18.924  50.084 0.0000000000
127373  -36.846  -17.792  49.598 0.0000000000
45435  -37.133  -18.418  49.361 0.0000000000
46287  -39.177  -17.306  48.717 0.0000000000
47177  -39.124  -16.428  48.877 0.0000000000
143966  -39.517  -16.807  48.628 0.0000000000
47183  -41.257  -15.677  47.410 0.0000000000
47990  -41.539  -14.990  47.289 0.0000000000
47994  -43.030  -15.147  46.236 0.0000000000
143400  -43.410  -14.661  46.083 0.0000000000
48743  -43.446  -13.981  46.181 0.0000000000
133642  -43.937  -14.574  45.770 0.0000000000
48746  -44.278  -14.030  45.447 0.0000000000
49507  -44.499  -13.417  45.096 0.0000000000
142983  -44.729  -13.127  44.505 0.0000000000
50998  -43.952  -11.944  45.255 0.0000000000
50277  -45.146  -12.259  41.697 0.0000000000
124344  -45.932  -11.852  40.631 0.0000000000
51767  -47.171  -9.124  40.918 0.0000000000
140522  -48.411  -9.309  41.008 0.0000000000
51776  -48.819  -10.225  40.709 0.0000000000
140420  -48.864  -9.723  40.823 0.0000000000
52534  -49.110  -9.209  40.774 0.0000000000
53270  -49.537  -8.806  40.418 0.0000000000
53277  -49.550  -8.546  39.957 0.0000000000
55572  -46.867  -5.698  38.336 0.0000000000
55571  -45.870  -4.531  37.180 0.0000000000
56342  -46.306  -3.275  38.157 0.0000000000
126905  -46.616  -2.406  36.896 0.0000000000
56357  -47.613  -2.855  34.661 0.0000000000
57134  -49.383  -2.195  34.202 0.0000000000
56366  -50.155  -2.536  33.449 0.0000000000
57887  -49.716  -0.317  37.223 0.0000000000
128828  -52.003  0.113  38.281 0.0000000000
57888  -51.446  -0.288  37.044 0.0000000000
57894  -50.159  -0.646  36.528 0.0000000000
57114  -50.902  -0.890  35.799 0.0000000000
57135  -51.289  -1.914  33.936 0.0000000000
57141  -51.180  -2.662  33.153 0.0000000000
55600  -52.989  -4.041  33.066 0.0000000000
54802  -54.283  -6.224  33.405 0.0000000000
55582  -54.506  -4.689  35.263 0.0000000000
132926  -54.989  -7.852  34.457 0.0000000000
137155  -55.233  -9.709  35.139 0.0000000000
51069  -55.145  -10.484  34.886 0.0000000000
55548  -54.600  -4.812  37.936 0.0000000000
122080  -54.903  -5.738  37.209 0.0000000000
54051  -55.066  -6.880  36.920 0.0000000000
53279  -54.905  -7.328  36.928 0.0000000000
140298  -55.400  -7.876  36.832 0.0000000000
53288  -55.275  -7.807  36.589 0.0000000000
51814  -55.319  -9.673  35.644 0.0000000000
51061  -55.241  -10.618  35.506 0.0000000000
50336  -54.988  -11.906  34.976 0.0000000000
49545  -55.006  -12.626  34.928 0.0000000000
48785  -55.000  -13.783  34.786 0.0000000000
47233  -54.856  -14.724  34.897 0.0000000000
49539  -56.010  -12.675  35.084 0.0000000000
48038  -55.927  -13.871  34.902 0.0000000000
47244  -56.050  -14.634  34.450 0.0000000000
48065  -56.035  -14.690  33.996 0.0000000000
48073  -56.019  -14.165  33.522 0.0000000000
48812  -55.910  -13.470  32.926 0.0000000000
51815  -57.001  -9.580  35.892 0.0000000000
51071  -57.108  -10.530  35.128 0.0000000000
50337  -56.908  -11.204  34.822 0.0000000000
51833  -57.455  -9.943  34.127 0.0000000000
51077  -57.204  -10.619  34.489 0.0000000000
50343  -56.958  -11.428  34.320 0.0000000000
49561  -56.685  -11.963  33.943 0.0000000000
49574  -55.834  -12.604  33.089 0.0000000000
134113  -55.960  -12.626  32.980 0.0000000000
126546  -55.749  -11.865  32.321 0.0000000000
51104  -55.669  -10.614  31.466 0.0000000000
51844  -56.393  -9.767  31.817 0.0000000000
137331  -55.453  -9.652  30.630 0.0000000000
52617  -55.671  -8.861  30.341 0.0000000000
144438  -55.390  -8.621  29.912 0.0000000000
131601  -58.891  -6.645  32.315 0.0000000000
54080  -58.946  -6.792  31.976 0.0000000000
53318  -58.833  -7.151  31.699 0.0000000000
54829  -60.523  -4.600  29.578 0.0000000000
54824  -60.071  -5.221  30.142 0.0000000000
54832  -59.996  -5.265  29.203 0.0000000000
54094  -59.982  -5.414  29.759 0.0000000000
54090  -59.820  -5.628  30.193 0.0000000000
54085  -59.351  -6.281  30.863 0.0000000000
52611  -58.739  -7.025  31.119 0.0000000000
52615  -57.828  -7.637  30.946 0.0000000000
52619  -57.489  -7.400  30.551 0.0000000000
53341  -58.250  -6.307  29.607 0.0000000000
53331  -57.904  -6.811  30.129 0.0000000000
54097  -54.881  -6.981  28.082 0.0000000000
54863  -54.186  -5.027  25.834 0.0000000000
55654  -58.102  -3.713  26.295 0.0000000000
55653  -56.978  -3.693  25.961 0.0000000000
56419  -57.199  -2.801  25.003 0.0000000000
56412  -56.562  -3.195  25.225 0.0000000000
136737  -60.758  0.478  25.069 0.0000000000
58748  -60.374  0.305  24.960 0.0000000000
140613  -60.045  0.976  24.783 0.0000000000
120783  -59.111  0.190  24.456 0.0000000000
139453  -58.361  0.016  24.014 0.0000000000
117012  -57.749  0.353  23.361 0.0000000000
61988  -58.048  3.486  22.196 0.0000000000
61207  -58.462  2.818  23.277 0.0000000000
117008  -57.174  -0.251  22.790 0.0000000000
44636  -23.748  -20.701  50.401 0.0000000000
43129  -24.650  -22.100  51.286 0.0000000000
42387  -24.886  -22.941  51.788 0.0000000000
42388  -25.521  -23.010  51.351 0.0000000000
39654  -23.812  -24.779  46.257 0.0000000000
39663  -23.593  -25.090  46.196 0.0000000000
43900  -24.987  -19.463  44.625 0.0000000000
42438  -26.447  -22.917  46.154 0.0000000000
43169  -25.902  -22.409  46.686 0.0000000000
42404  -26.918  -23.677  49.345 0.0000000000
137762  -27.084  -25.260  50.128 0.0000000000
38826  -27.255  -25.365  48.951 0.0000000000
38828  -29.610  -26.051  48.603 0.0000000000
38861  -29.045  -26.139  48.121 0.0000000000
38843  -28.356  -26.043  48.427 0.0000000000
126691  -27.575  -25.043  45.323 0.0000000000
38894  -28.029  -25.636  46.622 0.0000000000
121099  -28.160  -25.915  47.852 0.0000000000
38876  -27.506  -25.434  47.801 0.0000000000
38875  -26.545  -24.809  47.536 0.0000000000
38892  -25.913  -24.594  46.952 0.0000000000
38931  -24.107  -23.776  45.434 0.0000000000
39689  -22.463  -24.118  44.107 0.0000000000
39696  -21.476  -22.618  43.864 0.0000000000
39688  -21.383  -23.774  44.256 0.0000000000
120195  -23.853  -23.745  35.390 0.0000000000
43875  -36.891  -19.699  49.094 0.0000000000
42410  -36.384  -20.380  49.227 0.0000000000
42429  -35.484  -20.141  48.676 0.0000000000
41751  -36.975  -20.418  47.988 0.0000000000
42444  -35.825  -20.008  48.197 0.0000000000
43192  -35.173  -18.399  47.094 0.0000000000
43925  -33.971  -16.428  44.193 0.0000000000
42460  -37.686  -19.798  46.639 0.0000000000
43927  -35.987  -17.886  42.860 0.0000000000
44690  -34.179  -17.202  42.246 0.0000000000
44689  -32.609  -16.996  41.708 0.0000000000
43933  -31.410  -19.097  41.197 0.0000000000
42470  -32.433  -23.763  42.963 0.0000000000
42457  -32.515  -24.537  44.336 0.0000000000
41082  -32.766  -25.216  46.505 0.0000000000
38865  -33.214  -26.071  46.850 0.0000000000
38951  -32.424  -25.606  43.593 0.0000000000
41791  -37.810  -23.118  40.917 0.0000000000
41782  -37.170  -24.278  41.678 0.0000000000
41781  -36.345  -24.369  42.039 0.0000000000
144347  -35.919  -24.998  43.104 0.0000000000
39665  -35.852  -25.991  45.266 0.0000000000
40394  -35.444  -25.979  45.531 0.0000000000
41085  -35.190  -25.786  45.429 0.0000000000
39664  -35.112  -26.037  45.802 0.0000000000
38010  -34.695  -26.131  45.728 0.0000000000
119939  -34.145  -26.150  44.513 0.0000000000
119138  -34.834  -25.818  42.542 0.0000000000
38040  -34.344  -26.002  43.636 0.0000000000
38039  -33.408  -25.814  43.878 0.0000000000
121627  -32.356  -25.238  42.248 0.0000000000
38959  -32.289  -24.760  40.172 0.0000000000
38971  -31.784  -24.675  37.960 0.0000000000
38811  -26.367  -24.938  49.414 0.0000000000
38827  -28.325  -25.997  48.529 0.0000000000
38830  -31.182  -25.944  48.505 0.0000000000
38831  -31.832  -25.956  48.120 0.0000000000
38841  -26.976  -25.178  48.363 0.0000000000
38842  -27.819  -25.760  48.637 0.0000000000
38844  -29.261  -26.071  48.420 0.0000000000
38845  -30.112  -26.106  48.369 0.0000000000
38846  -31.549  -26.095  48.028 0.0000000000
38848  -32.831  -26.012  47.457 0.0000000000
38849  -33.364  -26.098  47.192 0.0000000000
38859  -27.707  -25.690  48.348 0.0000000000
38860  -28.105  -26.000  48.094 0.0000000000
38862  -29.898  -26.190  48.000 0.0000000000
38863  -31.443  -26.249  47.541 0.0000000000
38866  -34.321  -26.008  46.450 0.0000000000
38867  -34.912  -26.018  46.080 0.0000000000
38877  -28.591  -26.062  47.460 0.0000000000
38880  -30.566  -26.323  47.496 0.0000000000
38881  -32.023  -26.243  46.930 0.0000000000
38882  -33.351  -26.135  45.916 0.0000000000
38883  -34.064  -26.060  46.270 0.0000000000
38884  -35.011  -26.036  46.010 0.0000000000
38885  -35.412  -26.137  45.493 0.0000000000
38896  -32.518  -26.176  46.347 0.0000000000
38897  -33.409  -26.106  45.920 0.0000000000
38899  -35.862  -26.274  45.098 0.0000000000
38915  -30.725  -26.241  45.746 0.0000000000
38917  -32.940  -26.088  45.701 0.0000000000
38948  -30.005  -25.583  43.859 0.0000000000
39612  -26.810  -25.068  49.946 0.0000000000
39613  -27.807  -25.226  49.141 0.0000000000
39626  -25.548  -24.623  50.179 0.0000000000
39627  -25.811  -24.830  50.212 0.0000000000
39629  -29.019  -25.624  48.520 0.0000000000
39637  -30.044  -26.065  48.657 0.0000000000
39638  -31.104  -25.987  48.852 0.0000000000
39640  -32.059  -25.920  47.963 0.0000000000
39647  -32.237  -26.152  47.942 0.0000000000
39648  -33.074  -25.953  47.271 0.0000000000
39759  -24.014  -24.559  34.643 0.0000000000
40334  -25.615  -24.106  51.267 0.0000000000
40335  -26.069  -24.344  50.848 0.0000000000
40349  -27.124  -24.614  50.047 0.0000000000
40358  -27.610  -25.140  49.467 0.0000000000
40367  -29.158  -25.607  48.423 0.0000000000
40368  -30.276  -25.869  48.483 0.0000000000
40370  -31.581  -25.707  48.047 0.0000000000
40377  -32.097  -25.649  47.659 0.0000000000
40386  -32.653  -25.572  47.185 0.0000000000
40387  -33.330  -25.783  46.983 0.0000000000
40389  -34.761  -25.988  46.069 0.0000000000
40450  -24.118  -23.866  34.500 0.0000000000
41039  -26.009  -23.959  51.093 0.0000000000
41054  -27.073  -24.522  49.992 0.0000000000
41055  -27.860  -24.896  49.342 0.0000000000
41062  -28.238  -24.956  48.993 0.0000000000
41064  -30.897  -25.430  47.915 0.0000000000
41070  -28.711  -24.948  48.424 0.0000000000
41071  -29.560  -25.124  47.933 0.0000000000
41073  -31.650  -25.425  47.639 0.0000000000
41080  -34.034  -25.536  46.081 0.0000000000
41087  -33.917  -25.240  45.471 0.0000000000
41125  -24.306  -22.721  34.897 0.0000000000
41709  -25.078  -22.915  51.825 0.0000000000
41712  -25.391  -23.496  51.538 0.0000000000
41713  -26.140  -23.582  50.972 0.0000000000
41715  -26.296  -23.730  50.611 0.0000000000
41725  -27.042  -23.814  49.482 0.0000000000
41726  -28.017  -24.532  48.876 0.0000000000
41727  -35.165  -20.087  49.316 0.0000000000
41729  -36.445  -20.351  49.027 0.0000000000
41739  -35.633  -20.221  48.887 0.0000000000
41742  -37.738  -20.581  48.048 0.0000000000
41745  -28.684  -24.490  47.366 0.0000000000
41746  -29.775  -24.716  47.080 0.0000000000
41747  -30.628  -24.977  47.276 0.0000000000
41748  -31.306  -25.019  47.045 0.0000000000
41749  -32.051  -25.103  46.786 0.0000000000
41750  -35.996  -20.272  48.430 0.0000000000
41753  -38.007  -20.504  47.591 0.0000000000
41757  -30.641  -24.756  46.591 0.0000000000
41760  -33.135  -25.100  45.832 0.0000000000
41761  -37.326  -20.421  47.755 0.0000000000
41769  -32.686  -24.879  45.343 0.0000000000
41770  -33.351  -24.887  44.879 0.0000000000
41772  -38.300  -20.167  46.907 0.0000000000
41774  -39.420  -20.147  46.550 0.0000000000
41777  -33.697  -24.660  43.842 0.0000000000
42384  -24.372  -22.733  52.177 0.0000000000
42395  -25.463  -22.765  50.789 0.0000000000
42396  -25.939  -23.143  50.323 0.0000000000
42399  -33.977  -19.983  49.862 0.0000000000
42400  -34.967  -19.950  50.020 0.0000000000
42401  -35.391  -20.029  49.589 0.0000000000
42405  -33.045  -19.517  49.925 0.0000000000
42406  -33.892  -19.909  49.827 0.0000000000
42407  -34.545  -19.986  49.590 0.0000000000
42409  -35.862  -20.205  49.183 0.0000000000
42411  -37.204  -20.105  48.691 0.0000000000
42413  -26.551  -23.189  48.901 0.0000000000
42428  -34.669  -19.860  48.899 0.0000000000
42430  -35.912  -20.131  47.866 0.0000000000
42431  -36.688  -20.319  47.933 0.0000000000
42434  -39.636  -20.223  47.030 0.0000000000
42449  -40.544  -20.205  46.627 0.0000000000
42459  -37.090  -19.661  47.065 0.0000000000
42515  -38.142  -22.660  39.804 0.0000000000
43126  -24.667  -22.486  51.767 0.0000000000
43132  -32.418  -19.036  50.805 0.0000000000
43143  -32.995  -19.407  50.421 0.0000000000
43144  -33.610  -19.632  50.354 0.0000000000
43148  -36.217  -19.798  49.370 0.0000000000
43153  -31.580  -18.632  50.188 0.0000000000
43155  -36.806  -19.983  49.024 0.0000000000
43163  -34.059  -19.685  49.125 0.0000000000
43178  -25.725  -22.012  45.009 0.0000000000
43222  -45.032  -18.737  43.967 0.0000000000
43246  -37.944  -22.515  39.814 0.0000000000
43863  -24.937  -21.859  50.211 0.0000000000
43866  -35.170  -19.581  50.021 0.0000000000
43872  -24.877  -21.543  49.251 0.0000000000
43919  -43.483  -19.052  45.659 0.0000000000
43938  -46.400  -18.013  43.248 0.0000000000
43942  -34.021  -18.530  40.796 0.0000000000
43945  -46.100  -18.123  43.314 0.0000000000
44641  -37.367  -18.952  49.118 0.0000000000
44666  -41.676  -18.600  46.841 0.0000000000
44668  -43.271  -18.324  46.154 0.0000000000
44670  -24.939  -17.707  45.357 0.0000000000
44672  -44.142  -18.157  45.776 0.0000000000
44675  -31.575  -16.110  44.869 0.0000000000
44677  -44.545  -18.388  45.397 0.0000000000
44691  -46.150  -18.055  43.591 0.0000000000
44692  -46.988  -17.652  42.915 0.0000000000
44697  -47.392  -17.513  42.398 0.0000000000
44700  -47.424  -17.632  41.942 0.0000000000
44711  -47.080  -17.693  41.414 0.0000000000
45461  -24.762  -17.176  45.938 0.0000000000
45471  -45.858  -17.458  44.378 0.0000000000
45474  -46.784  -17.202  43.218 0.0000000000
45475  -47.231  -16.754  42.842 0.0000000000
45477  -47.823  -16.952  42.074 0.0000000000
45478  -48.207  -16.891  41.678 0.0000000000
45486  -48.205  -17.138  41.438 0.0000000000
45488  -48.981  -16.515  40.330 0.0000000000
45496  -47.815  -17.308  40.942 0.0000000000
45498  -48.789  -16.798  40.159 0.0000000000
45510  -48.869  -16.588  39.778 0.0000000000
45521  -47.951  -16.654  38.711 0.0000000000
45530  -47.031  -16.274  37.890 0.0000000000
45552  -47.432  -15.934  36.367 0.0000000000
45560  -46.615  -15.540  34.236 0.0000000000
45561  -46.726  -15.839  34.833 0.0000000000
45562  -47.109  -15.808  34.985 0.0000000000
45563  -47.515  -15.818  35.608 0.0000000000
46298  -25.026  -16.382  46.572 0.0000000000
46301  -43.639  -16.850  46.194 0.0000000000
46308  -45.228  -16.890  45.233 0.0000000000
46321  -48.768  -16.293  41.064 0.0000000000
46325  -48.715  -16.642  41.050 0.0000000000
46330  -49.191  -16.155  40.008 0.0000000000
46336  -49.356  -15.985  39.458 0.0000000000
46349  -46.165  -15.655  37.636 0.0000000000
46360  -54.995  -15.006  34.721 0.0000000000
46362  -55.784  -15.169  34.131 0.0000000000
46369  -48.401  -15.482  36.194 0.0000000000
46370  -54.981  -15.171  34.292 0.0000000000
46371  -55.081  -15.393  34.071 0.0000000000
46372  -55.362  -15.419  34.038 0.0000000000
46373  -55.908  -15.184  33.870 0.0000000000
46379  -48.089  -15.018  34.796 0.0000000000
46381  -55.068  -16.067  33.697 0.0000000000
46383  -55.529  -15.291  33.711 0.0000000000
46384  -55.901  -14.987  33.433 0.0000000000
46389  -47.170  -15.676  34.251 0.0000000000
46392  -54.807  -15.329  33.140 0.0000000000
46393  -55.095  -15.406  33.262 0.0000000000
46400  -46.241  -15.083  32.625 0.0000000000
46407  -55.501  -15.156  32.921 0.0000000000
46418  -54.798  -15.148  31.007 0.0000000000
46419  -54.935  -15.197  31.455 0.0000000000
46420  -55.012  -15.240  31.728 0.0000000000
46437  -55.164  -15.001  30.805 0.0000000000
46445  -45.776  -15.123  30.167 0.0000000000
46460  -44.902  -14.742  29.595 0.0000000000
46461  -45.015  -14.955  29.637 0.0000000000
46473  -44.953  -14.812  29.341 0.0000000000
47197  -46.070  -16.344  44.294 0.0000000000
47204  -48.225  -15.990  41.396 0.0000000000
47206  -48.611  -16.199  41.134 0.0000000000
47207  -49.033  -15.864  40.632 0.0000000000
47213  -49.482  -15.334  39.819 0.0000000000
47216  -49.699  -15.211  39.360 0.0000000000
47224  -49.884  -15.071  38.865 0.0000000000
47231  -49.700  -15.374  38.200 0.0000000000
47239  -49.156  -15.504  37.313 0.0000000000
47242  -54.876  -14.989  34.914 0.0000000000
47243  -55.399  -15.032  34.605 0.0000000000
47245  -56.093  -14.322  34.544 0.0000000000
47254  -54.577  -14.825  33.936 0.0000000000
47255  -56.061  -14.931  34.225 0.0000000000
47256  -55.995  -15.001  34.036 0.0000000000
47263  -54.662  -15.181  33.593 0.0000000000
47264  -55.993  -14.977  33.718 0.0000000000
47270  -55.818  -14.916  32.920 0.0000000000
47272  -47.174  -15.087  33.167 0.0000000000
47274  -54.308  -14.750  32.166 0.0000000000
47275  -54.570  -15.043  32.542 0.0000000000
47282  -46.516  -14.998  31.950 0.0000000000
47284  -54.097  -14.480  30.606 0.0000000000
47287  -55.634  -14.749  31.742 0.0000000000
47298  -46.755  -14.764  31.762 0.0000000000
47310  -46.057  -14.861  30.440 0.0000000000
47326  -45.848  -14.207  29.673 0.0000000000
47327  -46.202  -14.393  30.017 0.0000000000
47338  -44.761  -14.183  28.494 0.0000000000
47352  -43.880  -13.806  27.637 0.0000000000
47353  -44.460  -14.009  27.882 0.0000000000
47354  -44.676  -14.075  28.310 0.0000000000
47363  -42.740  -13.312  26.867 0.0000000000
48013  -49.011  -14.742  40.471 0.0000000000
48023  -49.684  -14.755  39.572 0.0000000000
48030  -50.031  -14.618  38.657 0.0000000000
48035  -49.825  -14.884  37.840 0.0000000000
48037  -55.516  -13.832  34.982 0.0000000000
48045  -49.485  -14.833  37.223 0.0000000000
48046  -54.543  -14.454  34.185 0.0000000000
48047  -54.715  -14.595  34.766 0.0000000000
48048  -55.845  -14.264  34.819 0.0000000000
48049  -56.244  -14.131  34.734 0.0000000000
48050  -56.045  -13.755  34.961 0.0000000000
48057  -56.129  -14.045  34.294 0.0000000000
48064  -54.427  -14.663  33.696 0.0000000000
48066  -56.115  -13.997  33.893 0.0000000000
48076  -47.568  -14.501  34.138 0.0000000000
48078  -55.938  -14.507  32.978 0.0000000000
48110  -45.855  -13.934  29.758 0.0000000000
48118  -45.083  -14.105  28.826 0.0000000000
48127  -44.558  -13.932  28.025 0.0000000000
48142  -44.326  -13.529  27.698 0.0000000000
48151  -42.041  -12.784  25.633 0.0000000000
48152  -42.935  -13.027  25.683 0.0000000000
48153  -43.172  -13.205  25.483 0.0000000000
48154  -43.696  -13.227  26.528 0.0000000000
48163  -42.833  -12.783  25.083 0.0000000000
48164  -43.397  -12.981  25.838 0.0000000000
48171  -42.824  -12.438  24.563 0.0000000000
48756  -47.022  -14.979  41.904 0.0000000000
48765  -49.323  -14.292  40.143 0.0000000000
48767  -49.574  -14.088  39.821 0.0000000000
48768  -49.861  -14.150  39.351 0.0000000000
48775  -54.882  -12.919  35.160 0.0000000000
48776  -55.137  -13.989  34.890 0.0000000000
48777  -56.004  -13.168  35.036 0.0000000000
48784  -54.701  -13.785  34.447 0.0000000000
48786  -56.104  -13.263  34.797 0.0000000000
48787  -56.384  -12.988  34.179 0.0000000000
48792  -48.620  -14.465  35.950 0.0000000000
48798  -47.938  -13.862  35.319 0.0000000000
48799  -54.344  -14.095  33.404 0.0000000000
48801  -56.237  -13.416  33.868 0.0000000000
48806  -56.100  -13.442  33.485 0.0000000000
48841  -45.421  -13.676  29.407 0.0000000000
48848  -44.434  -12.723  28.540 0.0000000000
48855  -44.283  -12.899  27.990 0.0000000000
48875  -43.286  -12.662  25.297 0.0000000000
48898  -42.138  -11.803  23.662 0.0000000000
49517  -47.100  -13.642  40.888 0.0000000000
49522  -48.563  -13.728  40.468 0.0000000000
49524  -49.307  -13.453  40.119 0.0000000000
49528  -49.764  -12.923  39.665 0.0000000000
49530  -49.985  -13.549  39.215 0.0000000000
49533  -50.057  -13.490  38.756 0.0000000000
49534  -55.842  -11.996  35.376 0.0000000000
49537  -49.926  -14.043  37.808 0.0000000000
49538  -55.355  -12.487  35.156 0.0000000000
49540  -56.089  -12.336  35.163 0.0000000000
49544  -49.550  -13.531  37.498 0.0000000000
49546  -56.153  -12.746  34.991 0.0000000000
49552  -54.688  -12.385  33.720 0.0000000000
49554  -56.443  -12.635  34.362 0.0000000000
49555  -56.914  -11.924  34.140 0.0000000000
49565  -47.236  -12.671  34.807 0.0000000000
49566  -54.305  -12.401  32.473 0.0000000000
49568  -56.591  -11.940  33.743 0.0000000000
49575  -56.250  -11.840  33.155 0.0000000000
49609  -45.106  -12.717  29.415 0.0000000000
49629  -43.581  -11.964  26.522 0.0000000000
49635  -43.158  -12.084  24.668 0.0000000000
49646  -42.850  -11.833  24.123 0.0000000000
49647  -42.982  -11.437  24.075 0.0000000000
49659  -41.763  -10.966  23.025 0.0000000000
50320  -49.965  -12.830  38.548 0.0000000000
50322  -55.957  -11.141  35.977 0.0000000000
50324  -56.120  -10.904  35.940 0.0000000000
50331  -56.246  -11.558  35.412 0.0000000000
50406  -45.973  -9.918  28.452 0.0000000000
50412  -43.858  -10.804  27.431 0.0000000000
50427  -42.951  -10.960  24.091 0.0000000000
50439  -42.520  -10.708  23.397 0.0000000000
50448  -41.601  -9.903  22.247 0.0000000000
51020  -47.749  -11.691  40.292 0.0000000000
51022  -48.979  -11.086  40.443 0.0000000000
51028  -49.335  -11.235  40.223 0.0000000000
51037  -49.769  -11.687  39.747 0.0000000000
51045  -55.978  -9.858  36.453 0.0000000000
51053  -55.819  -10.403  36.223 0.0000000000
51056  -56.943  -9.786  35.904 0.0000000000
51060  -49.338  -11.881  38.027 0.0000000000
51062  -55.362  -10.761  35.685 0.0000000000
51070  -54.964  -11.064  35.092 0.0000000000
51074  -47.088  -11.597  35.192 0.0000000000
51092  -57.144  -10.431  33.279 0.0000000000
51163  -42.025  -9.705  22.461 0.0000000000
51770  -48.459  -10.001  40.797 0.0000000000
51794  -49.821  -10.642  39.440 0.0000000000
51795  -49.871  -11.191  39.677 0.0000000000
51796  -55.934  -8.999  36.921 0.0000000000
51798  -56.141  -8.926  37.195 0.0000000000
51806  -55.445  -9.528  36.061 0.0000000000
51808  -56.509  -9.546  36.381 0.0000000000
51816  -57.177  -9.479  35.600 0.0000000000
51821  -57.009  -10.029  35.652 0.0000000000
51822  -57.226  -9.996  35.209 0.0000000000
51827  -57.415  -9.869  34.638 0.0000000000
51840  -50.239  -8.777  31.713 0.0000000000
51841  -57.570  -9.238  32.904 0.0000000000
51872  -45.183  -7.653  28.678 0.0000000000
51883  -48.676  -7.520  27.027 0.0000000000
51896  -49.237  -7.681  25.169 0.0000000000
52541  -49.267  -9.999  40.506 0.0000000000
52549  -55.934  -7.751  37.633 0.0000000000
52556  -55.510  -8.105  36.880 0.0000000000
52558  -55.974  -8.329  37.256 0.0000000000
52566  -55.492  -8.365  36.629 0.0000000000
52568  -56.647  -8.757  36.639 0.0000000000
52572  -49.082  -9.884  38.344 0.0000000000
52573  -55.276  -8.647  35.900 0.0000000000
52574  -57.015  -8.951  36.056 0.0000000000
52575  -57.324  -8.838  35.473 0.0000000000
52579  -55.161  -9.169  34.717 0.0000000000
52593  -57.848  -8.642  33.588 0.0000000000
52601  -57.853  -8.584  32.710 0.0000000000
52640  -47.038  -7.049  27.958 0.0000000000
52646  -44.261  -7.287  25.907 0.0000000000
53271  -55.009  -6.901  37.418 0.0000000000
53272  -54.981  -7.151  37.531 0.0000000000
53273  -55.631  -6.883  37.819 0.0000000000
53278  -55.118  -7.334  36.891 0.0000000000
53281  -56.363  -7.356  37.326 0.0000000000
53286  -49.182  -8.652  38.886 0.0000000000
53316  -58.676  -7.242  32.046 0.0000000000
53332  -58.770  -6.553  30.214 0.0000000000
53352  -45.789  -6.500  27.043 0.0000000000
53359  -44.977  -6.636  25.864 0.0000000000
53370  -44.688  -6.880  24.724 0.0000000000
54037  -55.142  -6.344  37.756 0.0000000000
54039  -56.062  -6.802  37.774 0.0000000000
54063  -55.062  -7.574  35.502 0.0000000000
54068  -54.657  -7.277  33.586 0.0000000000
54069  -57.500  -7.522  35.041 0.0000000000
54081  -59.391  -6.155  31.301 0.0000000000
54086  -59.711  -5.763  30.584 0.0000000000
54112  -45.587  -6.285  25.736 0.0000000000
54157  -45.307  -6.183  22.329 0.0000000000
54772  -55.582  -5.775  37.892 0.0000000000
54782  -54.796  -5.454  37.404 0.0000000000
54803  -57.736  -6.168  34.414 0.0000000000
54828  -60.198  -5.103  29.667 0.0000000000
55564  -54.534  -4.422  37.317 0.0000000000
55616  -60.449  -4.489  30.140 0.0000000000
55618  -60.786  -4.119  29.974 0.0000000000
55633  -60.754  -4.060  28.289 0.0000000000
56375  -50.166  -3.068  32.641 0.0000000000
56376  -51.579  -3.407  32.571 0.0000000000
56391  -61.069  -3.699  28.380 0.0000000000
56392  -61.511  -3.240  28.093 0.0000000000
57170  -61.570  -2.977  27.513 0.0000000000
57947  -61.860  -1.392  26.620 0.0000000000
58664  -50.486  0.407  38.468 0.0000000000
116117  -43.741  -13.770  32.229 0.0000000000
116234  -34.079  -26.136  45.419 0.0000000000
116235  -34.925  -26.244  45.198 0.0000000000
119281  -34.514  -26.227  44.927 0.0000000000
119389  -35.795  -26.462  44.781 0.0000000000
120158  -32.694  -18.752  49.179 0.0000000000
120213  -55.620  -12.951  35.102 0.0000000000
120418  -43.874  -13.791  28.851 0.0000000000
120441  -42.531  -12.818  25.234 0.0000000000
120489  -48.547  -16.058  37.417 0.0000000000
120680  -48.362  -17.057  40.816 0.0000000000
121098  -28.809  -26.115  47.802 0.0000000000
121590  -28.069  -25.760  47.297 0.0000000000
122287  -31.658  -26.307  46.591 0.0000000000
122289  -29.691  -26.326  46.917 0.0000000000
122290  -28.763  -26.100  46.874 0.0000000000
122696  -54.846  -13.395  34.686 0.0000000000
123210  -49.234  -12.718  40.168 0.0000000000
123420  -54.947  -15.484  33.402 0.0000000000
123447  -48.298  -15.955  36.817 0.0000000000
123558  -30.335  -25.259  47.815 0.0000000000
123972  -42.676  -12.120  24.059 0.0000000000
124025  -32.855  -26.136  46.637 0.0000000000
124509  -27.107  -25.022  49.713 0.0000000000
124534  -56.105  -7.791  37.532 0.0000000000
125861  -45.333  -15.038  30.520 0.0000000000
125946  -48.098  -15.861  35.654 0.0000000000
125987  -45.767  -14.849  33.784 0.0000000000
126863  -56.618  -11.844  34.794 0.0000000000
127008  -53.479  -13.763  28.688 0.0000000000
127171  -54.984  -15.549  33.619 0.0000000000
127800  -49.115  -11.958  40.274 0.0000000000
127934  -45.107  -10.393  29.514 0.0000000000
128014  -30.163  -26.354  46.232 0.0000000000
128192  -32.085  -26.165  45.963 0.0000000000
128582  -24.985  -23.856  34.728 0.0000000000
129089  -49.774  -12.256  38.400 0.0000000000
129609  -46.131  -14.626  30.139 0.0000000000
129913  -48.588  -8.745  27.777 0.0000000000
130071  -45.756  -18.223  43.317 0.0000000000
130448  -45.716  -13.551  30.381 0.0000000000
130570  -61.750  -2.943  27.917 0.0000000000
130636  -49.279  -15.441  40.195 0.0000000000
131241  -55.133  -14.845  35.064 0.0000000000
131720  -49.096  -16.055  38.515 0.0000000000
132072  -49.273  -14.359  36.893 0.0000000000
132919  -57.600  -6.782  34.760 0.0000000000
132970  -49.682  -9.184  39.909 0.0000000000
133430  -32.933  -25.394  46.693 0.0000000000
133647  -45.591  -15.187  44.722 0.0000000000
136875  -30.737  -26.202  47.956 0.0000000000
137901  -30.823  -26.072  48.348 0.0000000000
138655  -44.253  -13.743  27.452 0.0000000000
138798  -48.943  -14.894  36.413 0.0000000000
138884  -43.026  -18.883  46.166 0.0000000000
139559  -44.074  -12.390  27.975 0.0000000000
139567  -58.593  -7.062  32.736 0.0000000000
140184  -28.579  -25.978  46.220 0.0000000000
140252  -43.048  -18.909  44.367 0.0000000000
140331  -49.766  -15.392  38.685 0.0000000000
140694  -27.369  -25.468  48.748 0.0000000000
140824  -45.454  -6.416  26.453 0.0000000000
140928  -35.527  -26.438  43.913 0.0000000000
141165  -26.634  -24.010  51.111 0.0000000000
141170  -56.124  -6.955  37.666 0.0000000000
141736  -56.007  -14.616  33.741 0.0000000000
142411  -46.651  -17.554  40.882 0.0000000000
142533  -55.215  -14.820  30.333 0.0000000000
142861  -49.033  -13.343  40.324 0.0000000000
143033  -55.939  -13.806  33.006 0.0000000000
143065  -31.295  -26.343  47.119 0.0000000000
143185  -55.927  -14.900  33.206 0.0000000000
143200  -30.838  -26.026  48.859 0.0000000000
143271  -47.841  -16.291  41.892 0.0000000000
144419  -52.171  -9.237  31.651 0.0000000000
144678  -31.947  -25.982  48.072 0.0000000000
144803  -46.598  -17.854  43.184 0.0000000000
144806  -33.437  -19.786  49.937 0.0000000000
144830  -55.013  -15.084  30.613 0.0000000000
144852  -54.448  -14.902  33.391 0.0000000000
145149  -56.036  -14.707  34.315 0.0000000000
145212  -61.215  -2.094  26.388 0.0000000000
145355  -48.421  -17.102  39.932 0.0000000000
145531  -44.148  -18.540  45.593 0.0000000000
145550  -45.849  -7.774  35.371 0.0000000000
