#!ascii label  , from subject sub-1009 vox2ras=TkReg
1298
63886  -35.784  5.001  50.149 0.0000000000
70230  -52.596  10.792  26.562 0.0000000000
66314  -45.451  8.998  36.445 0.0000000000
54728  -4.146  -7.467  46.022 0.0000000000
53925  -27.897  -5.026  51.841 0.0000000000
60252  -5.311  1.425  44.618 0.0000000000
60181  -6.603  0.602  51.334 0.0000000000
122115  -52.672  8.875  37.502 0.0000000000
126061  -4.143  0.740  36.651 0.0000000000
53159  -7.098  -8.087  53.864 0.0000000000
63911  -40.763  5.728  46.739 0.0000000000
58570  -33.574  -1.251  50.024 0.0000000000
56970  -32.327  -2.939  51.813 0.0000000000
73219  -57.996  16.836  26.251 0.0000000000
65571  -49.361  10.148  35.708 0.0000000000
53201  -24.620  -5.612  49.396 0.0000000000
63980  -4.518  4.334  38.831 0.0000000000
56262  -8.508  -4.646  46.338 0.0000000000
56321  -8.956  -5.291  37.504 0.0000000000
55531  -3.881  -7.508  42.179 0.0000000000
54654  -14.072  -6.784  54.398 0.0000000000
55429  -9.957  -5.496  54.763 0.0000000000
67043  -44.161  9.117  40.862 0.0000000000
57739  -29.365  -2.114  52.825 0.0000000000
136123  -31.829  -6.720  49.750 0.0000000000
60223  -6.044  1.117  47.781 0.0000000000
57002  -7.365  -3.990  48.884 0.0000000000
67868  -53.650  9.803  35.302 0.0000000000
53160  -15.981  -8.330  51.515 0.0000000000
53174  -21.431  -7.171  50.320 0.0000000000
59496  -5.196  1.268  39.772 0.0000000000
130113  -6.420  -4.325  36.961 0.0000000000
59366  -9.810  -0.823  53.964 0.0000000000
144583  -7.068  -3.895  52.551 0.0000000000
130901  -5.235  -7.745  50.372 0.0000000000
65426  -37.129  6.580  49.229 0.0000000000
62489  -36.541  4.169  49.489 0.0000000000
63895  -38.045  5.496  48.805 0.0000000000
60988  -34.658  2.411  50.171 0.0000000000
129992  -34.028  1.110  49.321 0.0000000000
60986  -33.297  1.317  50.878 0.0000000000
71027  -56.050  13.844  25.872 0.0000000000
68650  -54.032  8.828  31.645 0.0000000000
70232  -55.765  11.504  26.871 0.0000000000
71029  -57.364  14.803  26.559 0.0000000000
65582  -47.262  9.521  35.358 0.0000000000
64752  -43.707  8.185  37.895 0.0000000000
64771  -44.849  8.428  36.237 0.0000000000
64781  -45.774  8.675  34.649 0.0000000000
56260  -5.819  -6.824  45.553 0.0000000000
56273  -5.619  -7.039  44.154 0.0000000000
55521  -4.130  -7.473  43.872 0.0000000000
121919  -2.986  -8.638  42.534 0.0000000000
53243  -3.166  -8.735  44.352 0.0000000000
53151  -14.372  -8.119  54.188 0.0000000000
128061  -12.229  -7.902  54.944 0.0000000000
66239  -43.237  8.980  42.358 0.0000000000
65456  -41.258  7.747  45.369 0.0000000000
63926  -41.203  6.550  44.832 0.0000000000
139900  -41.970  7.834  43.563 0.0000000000
64727  -42.967  8.190  41.805 0.0000000000
60169  -29.263  0.120  52.438 0.0000000000
54711  -33.568  -5.902  48.963 0.0000000000
54690  -32.541  -5.395  51.074 0.0000000000
73229  -59.411  17.291  23.831 0.0000000000
123020  -59.376  17.852  21.651 0.0000000000
60196  -6.258  1.129  49.746 0.0000000000
59416  -6.976  -0.594  48.842 0.0000000000
59409  -6.821  -0.826  50.262 0.0000000000
66309  -53.883  9.139  36.769 0.0000000000
65607  -50.578  9.016  34.785 0.0000000000
143607  -53.085  7.907  35.824 0.0000000000
64764  -54.131  7.987  35.286 0.0000000000
55461  -15.703  -7.789  51.062 0.0000000000
122485  -19.218  -7.529  49.852 0.0000000000
125780  -4.123  2.479  43.667 0.0000000000
61882  -4.200  2.474  42.338 0.0000000000
59482  -5.545  1.700  42.558 0.0000000000
56302  -5.133  -6.314  39.728 0.0000000000
57081  -5.803  -3.320  38.586 0.0000000000
56332  -6.201  -6.005  38.112 0.0000000000
58525  -11.691  -1.449  54.063 0.0000000000
54648  -8.169  -7.148  54.470 0.0000000000
56172  -8.310  -4.436  53.988 0.0000000000
55445  -7.117  -5.976  53.143 0.0000000000
55468  -6.494  -5.856  51.851 0.0000000000
53171  -5.579  -8.341  51.877 0.0000000000
64686  -40.293  6.742  47.005 0.0000000000
60170  -30.942  0.394  51.942 0.0000000000
60975  -32.399  1.391  51.647 0.0000000000
57755  -33.479  -2.425  50.907 0.0000000000
123058  -58.664  18.449  25.442 0.0000000000
72518  -58.704  16.158  25.262 0.0000000000
121274  -51.175  9.458  36.806 0.0000000000
65605  -48.321  9.482  34.268 0.0000000000
53192  -29.515  -5.378  49.810 0.0000000000
137468  -26.844  -5.444  50.926 0.0000000000
61911  -3.718  2.629  37.865 0.0000000000
58615  -7.469  0.037  45.669 0.0000000000
57833  -10.210  -0.598  43.480 0.0000000000
56275  -8.991  -5.262  43.827 0.0000000000
57048  -5.572  -6.793  41.478 0.0000000000
55542  -3.647  -7.373  40.461 0.0000000000
56174  -13.524  -4.892  54.160 0.0000000000
56937  -12.070  -3.876  54.677 0.0000000000
121061  -12.016  -5.776  54.939 0.0000000000
122259  -10.420  -7.150  54.955 0.0000000000
137430  -44.291  8.897  38.732 0.0000000000
141385  -43.091  8.165  39.593 0.0000000000
55454  -28.504  -4.320  52.422 0.0000000000
57741  -30.789  -2.135  52.211 0.0000000000
54685  -30.996  -5.205  51.885 0.0000000000
137472  -30.428  -5.918  50.954 0.0000000000
61844  -4.471  2.892  45.549 0.0000000000
62518  -5.293  3.002  47.488 0.0000000000
61050  -5.305  1.733  46.021 0.0000000000
58600  -7.463  -0.753  47.134 0.0000000000
57011  -8.010  -3.864  47.800 0.0000000000
56242  -6.599  -5.926  47.625 0.0000000000
68654  -52.424  9.942  31.889 0.0000000000
67124  -54.146  8.721  34.006 0.0000000000
125236  -14.533  -6.041  53.192 0.0000000000
53913  -14.869  -7.663  53.270 0.0000000000
52430  -15.186  -8.663  52.366 0.0000000000
53169  -24.305  -5.794  51.459 0.0000000000
53932  -22.729  -6.194  51.502 0.0000000000
128923  -20.881  -6.695  50.413 0.0000000000
53163  -18.869  -8.051  49.952 0.0000000000
51692  -16.511  -9.267  51.104 0.0000000000
123152  -4.510  3.972  41.164 0.0000000000
61122  -4.143  2.400  39.918 0.0000000000
142371  -4.607  0.802  38.441 0.0000000000
57844  -7.310  -0.125  39.910 0.0000000000
123077  -5.637  -0.945  38.421 0.0000000000
58673  -5.815  -1.088  37.105 0.0000000000
121712  -7.865  -0.365  53.039 0.0000000000
56943  -9.501  -3.529  54.320 0.0000000000
57732  -7.803  -2.461  53.377 0.0000000000
58550  -6.878  -1.504  52.034 0.0000000000
56978  -6.640  -3.644  50.993 0.0000000000
55488  -6.283  -5.753  49.685 0.0000000000
125804  -4.313  -7.468  47.702 0.0000000000
51689  -5.683  -10.257  52.581 0.0000000000
131446  -4.588  -9.853  50.795 0.0000000000
53216  -3.152  -8.915  46.730 0.0000000000
129595  -36.166  5.722  49.878 0.0000000000
64663  -35.808  6.136  50.064 0.0000000000
63199  -36.222  4.576  49.825 0.0000000000
63888  -37.233  5.416  49.189 0.0000000000
62481  -35.241  3.724  50.268 0.0000000000
61781  -35.382  3.120  49.972 0.0000000000
63878  -35.004  5.136  50.545 0.0000000000
62480  -34.587  3.644  50.570 0.0000000000
70236  -53.956  12.041  25.668 0.0000000000
68664  -53.189  9.904  28.929 0.0000000000
69459  -54.405  10.004  28.296 0.0000000000
70231  -54.646  11.219  26.542 0.0000000000
71022  -55.775  12.600  26.165 0.0000000000
65581  -45.832  9.093  36.146 0.0000000000
67112  -47.278  9.550  35.860 0.0000000000
67105  -46.024  9.170  35.977 0.0000000000
64759  -43.882  8.037  37.044 0.0000000000
64760  -44.964  8.706  36.770 0.0000000000
65593  -45.910  9.038  35.873 0.0000000000
55516  -4.868  -7.124  45.282 0.0000000000
142376  -5.042  -7.083  44.939 0.0000000000
54737  -4.248  -7.391  45.342 0.0000000000
54013  -3.475  -8.214  43.945 0.0000000000
54736  -3.824  -7.815  45.481 0.0000000000
52424  -13.959  -9.005  53.568 0.0000000000
52419  -13.409  -8.869  54.250 0.0000000000
66216  -41.677  8.458  45.019 0.0000000000
65467  -41.787  7.987  44.438 0.0000000000
65492  -42.292  8.399  43.846 0.0000000000
65493  -43.015  8.645  42.645 0.0000000000
74739  -59.298  18.902  23.964 0.0000000000
73235  -59.654  17.557  22.409 0.0000000000
143538  -58.486  20.096  21.888 0.0000000000
60977  -6.394  1.208  50.952 0.0000000000
60197  -6.570  0.145  50.056 0.0000000000
121968  -6.638  -0.156  51.258 0.0000000000
65576  -53.446  8.696  36.901 0.0000000000
67082  -53.609  9.660  37.431 0.0000000000
64761  -51.782  8.605  36.097 0.0000000000
64773  -52.013  8.272  35.470 0.0000000000
64762  -52.642  8.225  36.391 0.0000000000
135987  -53.593  8.441  36.361 0.0000000000
55462  -17.790  -8.012  49.939 0.0000000000
55470  -19.659  -7.177  49.878 0.0000000000
55453  -27.577  -4.486  52.365 0.0000000000
53924  -26.958  -5.057  52.011 0.0000000000
61139  -3.801  2.030  37.113 0.0000000000
60251  -4.802  1.794  44.040 0.0000000000
60259  -4.751  1.910  43.261 0.0000000000
59474  -5.633  1.533  43.704 0.0000000000
55551  -4.635  -6.694  39.508 0.0000000000
56318  -5.641  -5.774  38.790 0.0000000000
55559  -4.925  -6.718  38.836 0.0000000000
58527  -12.422  -1.633  53.649 0.0000000000
57720  -12.599  -2.515  54.035 0.0000000000
53910  -7.618  -7.592  54.206 0.0000000000
54655  -7.731  -6.709  54.086 0.0000000000
53916  -6.748  -7.655  53.347 0.0000000000
53926  -6.490  -7.204  52.746 0.0000000000
53915  -6.281  -8.133  52.904 0.0000000000
65433  -38.784  6.608  48.317 0.0000000000
64680  -39.309  6.447  47.993 0.0000000000
65440  -39.718  6.928  47.469 0.0000000000
130142  -40.480  7.446  46.560 0.0000000000
59402  -33.188  -0.383  50.514 0.0000000000
58564  -33.127  -1.298  50.855 0.0000000000
141119  -33.879  -2.590  50.344 0.0000000000
56218  -34.056  -3.857  49.982 0.0000000000
73989  -58.387  17.903  25.836 0.0000000000
71801  -57.911  15.640  26.368 0.0000000000
71802  -58.073  15.745  26.197 0.0000000000
72515  -58.307  16.435  25.969 0.0000000000
73224  -58.715  17.286  25.323 0.0000000000
65572  -50.527  9.969  36.450 0.0000000000
65558  -51.112  9.902  37.850 0.0000000000
66296  -50.375  10.392  36.653 0.0000000000
65595  -48.183  9.729  35.024 0.0000000000
64782  -46.537  8.863  34.020 0.0000000000
124071  -49.151  9.657  34.880 0.0000000000
65596  -50.292  9.558  35.533 0.0000000000
128785  -4.053  3.860  38.376 0.0000000000
62602  -3.800  3.433  38.032 0.0000000000
62595  -3.789  3.467  38.673 0.0000000000
57818  -8.966  -3.056  46.409 0.0000000000
123203  -9.280  -2.760  46.247 0.0000000000
57035  -8.307  -5.323  45.708 0.0000000000
56279  -4.430  -7.239  42.730 0.0000000000
57040  -5.840  -7.020  43.270 0.0000000000
56288  -4.671  -7.125  41.735 0.0000000000
55537  -4.323  -7.163  41.173 0.0000000000
55536  -3.844  -7.398  41.222 0.0000000000
130333  -2.985  -8.080  41.196 0.0000000000
55434  -13.881  -6.099  54.289 0.0000000000
55432  -13.084  -5.830  54.711 0.0000000000
54652  -13.170  -6.613  54.815 0.0000000000
53147  -11.785  -8.600  54.883 0.0000000000
140044  -11.497  -7.860  54.967 0.0000000000
53906  -10.297  -8.019  54.994 0.0000000000
127522  -9.632  -8.233  54.978 0.0000000000
144282  -44.016  8.989  40.227 0.0000000000
129254  -43.585  8.648  41.340 0.0000000000
64737  -42.869  8.090  40.394 0.0000000000
65533  -43.755  8.740  40.623 0.0000000000
64746  -43.848  8.471  38.857 0.0000000000
57729  -27.977  -1.930  53.052 0.0000000000
56958  -28.150  -3.230  52.927 0.0000000000
56959  -28.840  -3.318  52.850 0.0000000000
59393  -31.560  -0.792  51.929 0.0000000000
59387  -30.912  -0.815  52.058 0.0000000000
129603  -31.734  -2.733  52.012 0.0000000000
53949  -32.307  -6.363  50.382 0.0000000000
54686  -31.540  -5.506  51.622 0.0000000000
53948  -31.289  -6.143  51.144 0.0000000000
53938  -30.362  -5.503  51.585 0.0000000000
135761  -30.990  -6.309  50.754 0.0000000000
118368  -30.867  -6.393  49.843 0.0000000000
61800  -5.684  2.516  48.619 0.0000000000
61823  -5.379  2.488  47.435 0.0000000000
61035  -5.226  2.238  46.649 0.0000000000
123650  -5.718  1.467  46.909 0.0000000000
59436  -6.622  0.247  46.773 0.0000000000
133773  -6.272  0.674  47.227 0.0000000000
58584  -7.491  -1.764  48.715 0.0000000000
57783  -7.900  -2.719  48.231 0.0000000000
130081  -7.693  -3.996  48.311 0.0000000000
57010  -7.430  -5.025  47.744 0.0000000000
57001  -7.122  -5.021  48.311 0.0000000000
68646  -52.879  10.078  34.258 0.0000000000
70218  -52.217  12.116  33.689 0.0000000000
69446  -52.916  11.278  34.929 0.0000000000
67117  -54.067  9.032  35.286 0.0000000000
65608  -54.644  8.126  34.500 0.0000000000
67123  -53.924  9.077  34.670 0.0000000000
67874  -53.580  9.033  33.291 0.0000000000
56195  -14.499  -5.841  52.245 0.0000000000
53919  -15.815  -8.011  51.730 0.0000000000
54662  -15.017  -7.392  52.787 0.0000000000
53914  -15.315  -8.041  52.449 0.0000000000
131015  -14.945  -8.116  53.053 0.0000000000
52431  -15.974  -8.633  51.530 0.0000000000
53952  -25.966  -5.451  50.832 0.0000000000
53943  -25.154  -5.578  51.419 0.0000000000
53951  -25.040  -5.625  50.968 0.0000000000
53175  -22.153  -6.860  50.605 0.0000000000
53167  -22.813  -6.372  51.210 0.0000000000
53166  -22.034  -6.729  50.975 0.0000000000
53931  -21.996  -6.335  51.104 0.0000000000
53165  -21.307  -6.964  50.464 0.0000000000
53929  -19.952  -7.394  50.029 0.0000000000
53173  -20.532  -7.556  49.982 0.0000000000
51707  -18.207  -9.070  49.809 0.0000000000
63265  -4.494  3.831  42.210 0.0000000000
61117  -4.503  2.181  41.093 0.0000000000
61116  -4.232  2.460  40.815 0.0000000000
61123  -4.451  2.096  40.188 0.0000000000
61129  -4.315  1.891  39.306 0.0000000000
60282  -4.707  1.574  39.529 0.0000000000
57861  -11.003  -2.583  39.913 0.0000000000
57845  -8.963  -0.386  40.850 0.0000000000
57874  -7.605  -2.210  37.672 0.0000000000
57094  -5.835  -4.003  37.658 0.0000000000
57871  -5.897  -1.997  38.590 0.0000000000
57884  -5.999  -1.961  38.078 0.0000000000
124881  -5.859  -1.078  37.803 0.0000000000
57890  -6.310  -2.115  37.449 0.0000000000
57899  -6.454  -2.229  36.736 0.0000000000
60150  -8.361  -0.489  53.450 0.0000000000
56168  -11.171  -4.833  54.847 0.0000000000
134039  -10.675  -3.724  54.625 0.0000000000
131621  -10.101  -4.120  54.594 0.0000000000
56185  -7.559  -4.595  53.314 0.0000000000
56941  -8.305  -3.553  53.869 0.0000000000
57731  -7.523  -2.952  53.156 0.0000000000
58536  -7.342  -1.866  52.808 0.0000000000
57744  -7.004  -3.075  52.378 0.0000000000
57752  -6.677  -2.763  51.426 0.0000000000
56963  -6.825  -4.016  52.094 0.0000000000
54693  -5.816  -7.212  51.056 0.0000000000
55478  -6.220  -6.047  50.387 0.0000000000
54699  -5.218  -7.309  49.658 0.0000000000
54710  -5.166  -6.999  48.929 0.0000000000
53971  -4.742  -7.564  49.093 0.0000000000
50955  -5.293  -11.530  51.869 0.0000000000
134271  -4.943  -10.279  51.384 0.0000000000
65432  -38.404  7.023  48.417 0.0000000000
62497  -36.946  3.815  49.003 0.0000000000
62498  -37.632  4.339  48.704 0.0000000000
63206  -37.511  4.895  48.957 0.0000000000
129597  -37.667  6.094  49.012 0.0000000000
133832  -33.738  0.795  49.803 0.0000000000
60195  -34.385  1.710  49.566 0.0000000000
61797  -35.767  2.843  49.541 0.0000000000
60987  -33.984  2.104  50.595 0.0000000000
137564  -57.576  15.668  26.368 0.0000000000
68661  -55.811  10.264  27.774 0.0000000000
69465  -56.067  11.445  27.048 0.0000000000
70238  -56.978  12.923  26.725 0.0000000000
70237  -56.955  13.493  26.671 0.0000000000
71023  -56.780  13.856  26.478 0.0000000000
66316  -48.300  9.878  35.491 0.0000000000
66307  -49.257  10.254  35.815 0.0000000000
142111  -48.852  10.112  35.725 0.0000000000
67856  -48.480  10.365  35.036 0.0000000000
120327  -42.014  7.525  37.784 0.0000000000
64004  -42.987  7.666  36.908 0.0000000000
142475  -43.409  7.660  36.074 0.0000000000
64014  -44.098  7.631  34.981 0.0000000000
64020  -44.424  7.603  34.341 0.0000000000
121732  -44.947  8.241  35.441 0.0000000000
65594  -46.972  9.381  34.970 0.0000000000
56261  -6.966  -6.206  46.116 0.0000000000
57034  -7.691  -5.801  45.789 0.0000000000
56269  -6.614  -6.599  45.412 0.0000000000
56272  -4.762  -7.175  43.685 0.0000000000
55526  -3.979  -7.516  43.015 0.0000000000
54754  -3.614  -7.819  42.542 0.0000000000
54750  -3.758  -7.805  43.470 0.0000000000
122203  -3.119  -8.660  43.431 0.0000000000
53909  -14.336  -7.510  54.346 0.0000000000
53907  -13.360  -7.333  54.830 0.0000000000
130578  -13.622  -8.016  54.722 0.0000000000
66240  -43.604  9.040  41.743 0.0000000000
63918  -40.855  6.361  46.318 0.0000000000
63919  -41.048  5.748  45.840 0.0000000000
64700  -41.147  6.593  45.280 0.0000000000
63933  -41.422  7.084  44.157 0.0000000000
63944  -41.925  7.643  42.838 0.0000000000
123880  -42.403  8.050  42.911 0.0000000000
65519  -43.331  8.528  41.957 0.0000000000
59385  -28.823  -0.548  52.796 0.0000000000
56207  -33.134  -3.855  51.183 0.0000000000
56206  -32.619  -4.208  51.455 0.0000000000
54695  -33.226  -5.545  50.251 0.0000000000
136122  -32.647  -6.546  49.410 0.0000000000
120963  -59.640  16.031  22.187 0.0000000000
121315  -59.596  16.319  21.440 0.0000000000
72531  -58.866  16.927  20.590 0.0000000000
73243  -58.005  17.694  20.067 0.0000000000
60205  -6.117  1.178  48.992 0.0000000000
59425  -6.577  0.217  48.141 0.0000000000
60206  -6.396  0.534  49.292 0.0000000000
58576  -7.177  -1.506  49.631 0.0000000000
57763  -7.117  -2.747  50.065 0.0000000000
67113  -54.004  9.403  35.827 0.0000000000
67857  -53.978  9.909  36.698 0.0000000000
119512  -51.890  8.150  34.640 0.0000000000
136299  -52.892  7.549  34.574 0.0000000000
141366  -53.779  7.687  35.072 0.0000000000
118088  -53.524  8.023  35.827 0.0000000000
65587  -54.122  8.763  35.981 0.0000000000
56196  -15.124  -6.916  50.902 0.0000000000
126272  -16.682  -7.885  50.052 0.0000000000
54676  -16.520  -7.831  50.627 0.0000000000
53927  -17.058  -8.043  50.510 0.0000000000
52451  -22.091  -7.208  50.013 0.0000000000
52448  -19.805  -8.242  49.658 0.0000000000
120739  -4.283  3.426  43.475 0.0000000000
62569  -4.153  3.376  42.609 0.0000000000
61873  -4.027  2.604  42.971 0.0000000000
60266  -4.754  1.973  42.404 0.0000000000
59489  -5.535  1.591  41.301 0.0000000000
123919  -6.018  -5.587  39.842 0.0000000000
57072  -5.780  -4.054  38.917 0.0000000000
57070  -5.376  -4.334  39.361 0.0000000000
131440  -5.772  -5.010  38.125 0.0000000000
56333  -6.651  -5.061  38.169 0.0000000000
139847  -11.944  -0.301  53.590 0.0000000000
59368  -11.177  -0.706  53.974 0.0000000000
58524  -10.917  -1.549  54.146 0.0000000000
54657  -8.905  -5.988  54.595 0.0000000000
56173  -8.769  -4.819  54.321 0.0000000000
54656  -8.322  -6.176  54.379 0.0000000000
128339  -7.500  -5.468  53.451 0.0000000000
56184  -7.212  -5.126  53.003 0.0000000000
56193  -6.684  -4.982  52.005 0.0000000000
129301  -6.526  -6.376  52.345 0.0000000000
54688  -6.199  -6.759  51.717 0.0000000000
53950  -5.459  -7.831  51.070 0.0000000000
63223  -40.184  4.918  47.436 0.0000000000
63216  -38.861  4.841  48.248 0.0000000000
63903  -40.037  5.540  47.592 0.0000000000
63910  -40.388  5.991  47.169 0.0000000000
64687  -40.733  6.928  46.439 0.0000000000
66207  -41.280  8.324  45.563 0.0000000000
59394  -32.143  -0.720  51.734 0.0000000000
60976  -32.887  1.346  51.290 0.0000000000
58559  -32.799  -1.376  51.249 0.0000000000
56976  -33.283  -3.014  51.168 0.0000000000
55476  -33.768  -4.426  50.261 0.0000000000
71033  -58.193  15.072  25.633 0.0000000000
130351  -59.153  16.832  24.377 0.0000000000
74002  -59.097  18.248  24.553 0.0000000000
141498  -51.960  8.965  37.362 0.0000000000
65549  -51.868  9.342  38.087 0.0000000000
65559  -51.530  9.447  37.896 0.0000000000
64789  -45.328  7.960  33.982 0.0000000000
65606  -49.567  9.312  34.475 0.0000000000
120884  -51.070  9.254  36.170 0.0000000000
53946  -28.139  -5.338  51.111 0.0000000000
53945  -27.048  -5.406  51.408 0.0000000000
53953  -27.623  -5.320  50.950 0.0000000000
53964  -27.343  -4.901  49.945 0.0000000000
61916  -3.672  2.660  37.204 0.0000000000
58614  -6.675  0.571  45.401 0.0000000000
58624  -7.187  0.778  44.921 0.0000000000
58625  -8.336  0.417  45.259 0.0000000000
57834  -10.869  -2.518  44.013 0.0000000000
56306  -9.623  -4.832  39.273 0.0000000000
57041  -7.093  -6.558  44.448 0.0000000000
56290  -7.237  -6.215  42.286 0.0000000000
141632  -6.611  -5.998  40.738 0.0000000000
56289  -5.203  -6.741  40.864 0.0000000000
56945  -12.888  -3.431  54.181 0.0000000000
56938  -12.692  -4.020  54.504 0.0000000000
122074  -11.882  -5.117  54.889 0.0000000000
121062  -11.406  -5.682  54.933 0.0000000000
144851  -12.209  -6.763  54.975 0.0000000000
54650  -10.937  -6.374  54.945 0.0000000000
120694  -10.175  -6.275  54.867 0.0000000000
122759  -9.657  -6.926  54.865 0.0000000000
53904  -8.581  -7.717  54.716 0.0000000000
53152  -7.623  -8.536  54.338 0.0000000000
65570  -44.728  8.857  37.511 0.0000000000
67093  -44.982  9.106  37.192 0.0000000000
67833  -44.363  9.111  38.321 0.0000000000
143960  -41.084  5.407  45.715 0.0000000000
63995  -42.205  7.677  38.617 0.0000000000
64753  -43.931  8.256  37.825 0.0000000000
56189  -27.720  -4.057  52.610 0.0000000000
54671  -28.198  -4.707  52.117 0.0000000000
131224  -30.126  0.122  52.131 0.0000000000
128867  -30.261  -0.732  52.248 0.0000000000
57740  -30.130  -2.093  52.499 0.0000000000
129189  -31.600  -4.251  51.945 0.0000000000
56200  -31.135  -4.002  52.116 0.0000000000
56191  -29.880  -3.982  52.525 0.0000000000
54673  -29.901  -4.858  52.110 0.0000000000
54683  -29.690  -5.071  51.822 0.0000000000
124668  -29.075  -5.320  51.226 0.0000000000
53955  -29.723  -5.652  50.459 0.0000000000
73247  -56.852  18.578  19.186 0.0000000000
74039  -55.922  19.860  18.103 0.0000000000
74043  -55.812  22.075  17.072 0.0000000000
61862  -4.203  3.016  44.747 0.0000000000
61068  -4.856  1.931  45.186 0.0000000000
62526  -4.656  3.308  46.168 0.0000000000
61049  -4.808  2.340  45.755 0.0000000000
121985  -5.493  1.322  45.411 0.0000000000
144379  -6.788  0.250  45.851 0.0000000000
58607  -7.775  -0.669  46.289 0.0000000000
57801  -8.261  -2.006  47.074 0.0000000000
58592  -7.586  -1.340  47.924 0.0000000000
57791  -8.126  -2.371  47.631 0.0000000000
57800  -8.403  -3.994  46.947 0.0000000000
57019  -7.664  -5.345  46.812 0.0000000000
56254  -6.850  -5.956  46.996 0.0000000000
55500  -5.053  -6.944  46.995 0.0000000000
69458  -51.195  10.676  29.699 0.0000000000
135166  -54.169  7.689  34.775 0.0000000000
64785  -55.072  8.035  33.999 0.0000000000
66330  -54.792  8.136  33.459 0.0000000000
67875  -54.292  8.517  32.452 0.0000000000
68655  -53.443  9.258  31.071 0.0000000000
56176  -14.235  -5.728  53.676 0.0000000000
55438  -14.220  -6.279  54.005 0.0000000000
55460  -14.773  -6.649  52.309 0.0000000000
54658  -14.767  -7.053  53.381 0.0000000000
130517  -14.530  -7.067  53.900 0.0000000000
53155  -14.785  -8.445  53.160 0.0000000000
53935  -26.100  -5.426  51.656 0.0000000000
53922  -25.268  -5.287  52.021 0.0000000000
53921  -24.618  -5.290  52.144 0.0000000000
53177  -23.512  -6.255  51.016 0.0000000000
133693  -23.410  -5.955  51.680 0.0000000000
54666  -23.369  -5.488  52.210 0.0000000000
54665  -22.810  -5.503  52.079 0.0000000000
54679  -21.440  -5.811  50.936 0.0000000000
125477  -20.859  -6.436  50.417 0.0000000000
54678  -19.940  -7.333  50.067 0.0000000000
53928  -18.522  -8.112  50.205 0.0000000000
53162  -17.211  -8.491  50.536 0.0000000000
52447  -18.720  -8.670  49.787 0.0000000000
52437  -17.916  -8.924  50.186 0.0000000000
52436  -17.029  -9.122  50.822 0.0000000000
52435  -15.761  -9.096  51.549 0.0000000000
141616  -4.307  3.868  40.407 0.0000000000
63264  -4.161  3.482  41.650 0.0000000000
131533  -4.111  3.507  40.774 0.0000000000
63287  -4.027  3.582  39.949 0.0000000000
61906  -3.786  2.686  38.720 0.0000000000
61134  -4.180  1.631  38.457 0.0000000000
61140  -4.079  1.290  37.454 0.0000000000
58633  -6.965  1.465  43.454 0.0000000000
58645  -6.804  1.514  41.682 0.0000000000
143340  -5.922  1.224  40.537 0.0000000000
58656  -5.751  -2.004  39.000 0.0000000000
58655  -6.175  -0.910  39.379 0.0000000000
59502  -5.619  0.207  39.068 0.0000000000
59508  -5.272  -0.042  38.467 0.0000000000
59507  -4.820  0.264  38.097 0.0000000000
59514  -4.500  0.371  37.243 0.0000000000
58678  -5.531  -1.015  36.426 0.0000000000
57711  -11.719  -3.129  54.534 0.0000000000
57717  -10.548  -2.378  54.287 0.0000000000
57716  -9.640  -2.449  54.174 0.0000000000
56942  -8.835  -3.959  54.176 0.0000000000
57715  -8.861  -3.006  54.055 0.0000000000
124057  -8.797  -1.926  53.877 0.0000000000
59375  -7.976  -1.123  53.292 0.0000000000
144125  -7.215  -0.694  52.445 0.0000000000
59397  -6.813  -0.108  51.734 0.0000000000
58560  -6.694  -1.649  51.506 0.0000000000
57757  -6.797  -2.779  50.762 0.0000000000
56982  -6.816  -3.691  50.326 0.0000000000
56209  -6.580  -4.587  51.131 0.0000000000
56215  -6.520  -5.175  50.452 0.0000000000
56234  -6.814  -4.976  49.018 0.0000000000
56233  -6.395  -5.866  48.292 0.0000000000
55493  -4.925  -7.007  47.588 0.0000000000
54721  -4.327  -7.346  46.836 0.0000000000
127320  -6.637  -9.686  53.643 0.0000000000
134234  -6.068  -10.574  53.031 0.0000000000
52428  -6.476  -9.199  53.460 0.0000000000
52434  -5.722  -9.426  52.561 0.0000000000
53170  -5.171  -8.728  51.396 0.0000000000
53189  -4.572  -8.547  50.088 0.0000000000
52470  -3.872  -9.867  49.495 0.0000000000
53960  -4.247  -8.420  49.354 0.0000000000
120809  -3.894  -8.113  48.049 0.0000000000
53217  -3.423  -8.529  47.333 0.0000000000
53984  -3.423  -8.331  46.574 0.0000000000
53236  -3.130  -8.863  45.343 0.0000000000
122558  -2.922  -9.930  44.458 0.0000000000
130159  -35.618  5.597  50.247 0.0000000000
63887  -36.513  5.246  49.647 0.0000000000
63198  -35.677  4.316  50.160 0.0000000000
63191  -35.145  4.359  50.439 0.0000000000
69462  -52.078  10.210  28.299 0.0000000000
69463  -53.684  10.277  27.572 0.0000000000
55509  -4.815  -7.100  46.199 0.0000000000
66217  -42.085  8.560  44.419 0.0000000000
60188  -6.494  0.597  50.664 0.0000000000
65575  -53.025  8.729  37.244 0.0000000000
65563  -53.105  8.958  37.417 0.0000000000
65562  -52.744  9.110  37.703 0.0000000000
65586  -52.237  8.620  36.926 0.0000000000
64754  -52.747  8.488  36.987 0.0000000000
140875  -19.932  -6.636  49.635 0.0000000000
54670  -27.314  -4.826  52.152 0.0000000000
60298  -3.961  1.264  36.513 0.0000000000
59466  -5.177  1.634  43.861 0.0000000000
53917  -7.234  -7.196  53.746 0.0000000000
53158  -6.589  -8.510  53.445 0.0000000000
66178  -39.062  7.170  47.872 0.0000000000
66186  -39.584  7.584  47.220 0.0000000000
58565  -33.360  -1.258  50.467 0.0000000000
57761  -33.788  -2.098  50.124 0.0000000000
72512  -57.912  16.053  26.365 0.0000000000
72513  -58.048  16.290  26.291 0.0000000000
73220  -58.208  16.990  26.060 0.0000000000
66308  -50.184  10.261  36.331 0.0000000000
141398  -47.896  9.633  34.582 0.0000000000
65584  -49.529  9.959  35.503 0.0000000000
63296  -4.002  3.765  39.179 0.0000000000
131063  -4.149  -7.356  42.722 0.0000000000
55532  -4.174  -7.289  41.962 0.0000000000
54758  -3.460  -7.768  41.649 0.0000000000
54653  -13.597  -6.290  54.566 0.0000000000
53146  -10.947  -8.559  54.959 0.0000000000
67062  -44.049  9.064  39.979 0.0000000000
63224  -40.667  4.939  46.924 0.0000000000
65546  -44.010  8.870  39.834 0.0000000000
58535  -28.400  -1.199  53.014 0.0000000000
57738  -28.698  -1.819  52.990 0.0000000000
128718  -28.593  -2.577  52.987 0.0000000000
130591  -29.245  -2.850  52.841 0.0000000000
57749  -32.118  -2.147  51.875 0.0000000000
58557  -31.846  -1.457  51.901 0.0000000000
135000  -31.886  -6.531  50.335 0.0000000000
118607  -31.960  -6.166  50.958 0.0000000000
135765  -31.519  -6.431  50.734 0.0000000000
118467  -31.442  -6.596  50.276 0.0000000000
118567  -30.977  -6.450  50.148 0.0000000000
135760  -31.400  -6.583  49.605 0.0000000000
141960  -5.912  1.513  48.342 0.0000000000
61023  -5.661  2.172  48.155 0.0000000000
132153  -5.649  1.859  47.539 0.0000000000
57771  -7.423  -2.819  49.299 0.0000000000
144129  -7.674  -3.061  48.722 0.0000000000
121631  -52.580  10.596  34.187 0.0000000000
68642  -53.263  10.620  35.284 0.0000000000
131649  -53.975  9.292  35.353 0.0000000000
67871  -53.504  9.453  34.514 0.0000000000
53962  -24.892  -5.599  50.371 0.0000000000
63939  -4.839  4.172  42.737 0.0000000000
60277  -4.812  1.842  40.489 0.0000000000
56335  -11.652  -4.550  37.144 0.0000000000
57876  -11.109  -2.481  38.047 0.0000000000
57095  -9.487  -4.630  36.458 0.0000000000
57105  -7.696  -3.393  36.892 0.0000000000
59365  -9.017  -0.816  53.785 0.0000000000
56167  -10.404  -4.854  54.764 0.0000000000
129120  -10.732  -4.282  54.737 0.0000000000
56166  -9.815  -4.841  54.644 0.0000000000
56952  -7.270  -4.248  52.911 0.0000000000
56953  -7.557  -3.738  53.227 0.0000000000
57730  -7.273  -3.408  52.849 0.0000000000
125935  -7.263  -2.615  52.802 0.0000000000
54692  -5.791  -6.899  50.372 0.0000000000
53961  -4.690  -7.935  49.570 0.0000000000
50237  -4.914  -11.884  51.227 0.0000000000
65431  -37.807  6.795  48.850 0.0000000000
62490  -37.090  4.414  49.104 0.0000000000
64665  -36.850  5.914  49.428 0.0000000000
127071  -38.288  6.415  48.667 0.0000000000
60194  -34.017  1.435  49.943 0.0000000000
132350  -34.575  2.050  49.882 0.0000000000
61789  -36.173  3.496  49.518 0.0000000000
61798  -36.492  3.141  49.104 0.0000000000
61780  -34.654  2.983  50.379 0.0000000000
60998  -34.031  1.708  50.210 0.0000000000
60187  -33.521  0.740  50.230 0.0000000000
71792  -56.691  14.865  25.915 0.0000000000
72503  -56.964  15.381  25.928 0.0000000000
67877  -54.678  8.544  31.149 0.0000000000
68656  -54.416  9.071  30.156 0.0000000000
69464  -55.467  10.537  27.671 0.0000000000
68660  -54.859  9.725  28.717 0.0000000000
144857  -56.871  12.460  26.802 0.0000000000
70233  -56.568  12.600  26.717 0.0000000000
71798  -56.861  15.005  26.526 0.0000000000
67863  -47.300  10.012  34.623 0.0000000000
64751  -43.061  7.873  37.830 0.0000000000
139978  -44.082  7.947  36.218 0.0000000000
64011  -43.322  7.526  35.477 0.0000000000
64770  -44.166  7.795  35.506 0.0000000000
65603  -45.846  8.916  35.209 0.0000000000
55522  -4.594  -7.216  44.330 0.0000000000
55527  -4.301  -7.315  43.375 0.0000000000
52518  -2.951  -9.337  43.771 0.0000000000
138611  -14.097  -7.899  54.541 0.0000000000
53150  -13.897  -8.344  54.438 0.0000000000
64693  -40.963  7.017  45.897 0.0000000000
64694  -41.021  6.409  45.847 0.0000000000
129339  -41.123  7.038  45.466 0.0000000000
128709  -41.886  7.875  43.971 0.0000000000
64701  -41.408  7.291  44.611 0.0000000000
63938  -41.661  7.414  43.488 0.0000000000
60168  -28.522  0.118  52.696 0.0000000000
55475  -33.382  -4.910  50.537 0.0000000000
54700  -33.412  -5.868  49.561 0.0000000000
72523  -59.519  16.704  23.486 0.0000000000
122404  -59.488  15.976  23.181 0.0000000000
72525  -59.708  16.744  22.717 0.0000000000
74026  -59.304  18.379  22.161 0.0000000000
72527  -59.649  16.955  21.809 0.0000000000
120961  -59.292  17.445  21.240 0.0000000000
138293  -59.331  16.864  21.095 0.0000000000
73241  -58.782  17.538  20.735 0.0000000000
74031  -58.863  18.677  21.376 0.0000000000
131328  -6.779  -0.304  49.503 0.0000000000
58571  -6.930  -1.837  50.497 0.0000000000
67107  -54.019  9.427  36.313 0.0000000000
67858  -53.946  10.071  36.134 0.0000000000
67095  -53.917  9.443  36.893 0.0000000000
64783  -51.158  8.572  34.356 0.0000000000
64774  -52.590  8.025  35.720 0.0000000000
119145  -52.543  7.800  34.865 0.0000000000
135821  -52.963  7.727  35.259 0.0000000000
118299  -53.431  7.593  35.109 0.0000000000
119557  -53.850  8.821  36.522 0.0000000000
66317  -54.012  9.020  36.337 0.0000000000
143299  -54.029  8.777  35.953 0.0000000000
54677  -18.299  -7.910  49.931 0.0000000000
52450  -21.456  -7.475  49.934 0.0000000000
141626  -20.877  -8.122  49.378 0.0000000000
62557  -4.037  3.009  43.338 0.0000000000
59473  -5.108  1.782  42.959 0.0000000000
134325  -4.448  2.158  42.762 0.0000000000
59481  -5.112  1.804  41.939 0.0000000000
56303  -5.313  -5.984  39.882 0.0000000000
56319  -5.579  -5.103  38.958 0.0000000000
58526  -12.086  -1.833  54.103 0.0000000000
59369  -12.098  -0.935  53.709 0.0000000000
54661  -7.386  -6.332  53.607 0.0000000000
127258  -7.840  -5.821  53.912 0.0000000000
55459  -6.879  -5.700  52.693 0.0000000000
54675  -6.793  -6.415  52.837 0.0000000000
127239  -6.007  -7.850  52.317 0.0000000000
127915  -6.201  -7.171  52.166 0.0000000000
53942  -5.785  -7.620  51.670 0.0000000000
53941  -5.407  -8.175  51.377 0.0000000000
62508  -39.782  4.420  47.568 0.0000000000
63217  -39.556  5.005  47.905 0.0000000000
63207  -38.196  4.850  48.585 0.0000000000
63208  -38.610  5.287  48.502 0.0000000000
64681  -39.895  6.236  47.569 0.0000000000
63902  -39.467  5.748  48.003 0.0000000000
127406  -40.638  6.339  46.745 0.0000000000
66197  -40.628  8.017  46.244 0.0000000000
59414  -33.752  0.208  49.207 0.0000000000
133872  -31.891  1.046  51.796 0.0000000000
133502  -31.880  -0.090  51.825 0.0000000000
60179  -32.355  0.064  51.559 0.0000000000
133417  -33.396  2.178  51.054 0.0000000000
144875  -33.370  -1.883  50.799 0.0000000000
59401  -32.896  -0.486  50.934 0.0000000000
57751  -33.128  -2.141  51.173 0.0000000000
56208  -33.518  -3.544  50.906 0.0000000000
56214  -33.801  -3.694  50.519 0.0000000000
55480  -33.985  -4.605  49.598 0.0000000000
74722  -58.772  19.260  25.276 0.0000000000
127318  -56.973  13.787  26.974 0.0000000000
71030  -57.361  13.829  26.470 0.0000000000
126756  -58.185  14.853  26.112 0.0000000000
71804  -58.332  16.009  25.864 0.0000000000
125825  -58.112  15.060  25.915 0.0000000000
71806  -58.406  15.752  25.617 0.0000000000
72520  -58.941  16.153  24.767 0.0000000000
73995  -58.595  17.759  25.503 0.0000000000
73225  -58.956  17.507  24.859 0.0000000000
73996  -58.818  18.004  25.128 0.0000000000
65573  -51.593  9.244  37.447 0.0000000000
65560  -51.880  9.165  37.811 0.0000000000
66278  -50.927  9.983  37.797 0.0000000000
67094  -49.768  10.484  36.122 0.0000000000
126860  -45.748  8.378  34.239 0.0000000000
65613  -48.891  9.143  33.868 0.0000000000
137847  -50.609  9.697  36.109 0.0000000000
65585  -51.667  8.942  36.778 0.0000000000
122135  -28.158  -5.138  50.313 0.0000000000
63302  -4.235  3.906  37.517 0.0000000000
62601  -3.684  3.092  38.378 0.0000000000
62607  -3.671  3.054  37.621 0.0000000000
58616  -8.394  -0.822  46.061 0.0000000000
57043  -9.797  -4.538  44.363 0.0000000000
57827  -10.238  -2.846  45.219 0.0000000000
57050  -10.498  -3.965  43.279 0.0000000000
57051  -10.742  -3.582  42.013 0.0000000000
56283  -9.962  -4.437  42.289 0.0000000000
57033  -6.862  -6.601  44.863 0.0000000000
139589  -5.191  -6.985  41.988 0.0000000000
57049  -6.505  -6.857  42.789 0.0000000000
57060  -6.452  -6.457  41.473 0.0000000000
56291  -7.399  -5.579  41.096 0.0000000000
57059  -5.794  -6.204  40.497 0.0000000000
55543  -4.288  -7.022  40.360 0.0000000000
130942  -3.156  -8.229  42.033 0.0000000000
56939  -13.174  -4.179  54.226 0.0000000000
56170  -13.014  -4.914  54.539 0.0000000000
55431  -12.501  -5.405  54.837 0.0000000000
122571  -12.636  -7.145  54.940 0.0000000000
138215  -10.871  -7.745  54.994 0.0000000000
122258  -11.229  -7.129  54.994 0.0000000000
53143  -8.963  -8.360  54.881 0.0000000000
53153  -8.309  -8.484  54.683 0.0000000000
53911  -8.041  -7.895  54.508 0.0000000000
66295  -44.595  9.055  38.088 0.0000000000
67079  -44.417  9.150  38.662 0.0000000000
63925  -41.121  5.788  45.322 0.0000000000
136929  -42.486  7.893  40.169 0.0000000000
63984  -42.340  7.802  39.470 0.0000000000
56183  -28.354  -3.779  52.738 0.0000000000
140183  -27.774  -3.634  52.812 0.0000000000
58548  -30.507  -1.448  52.244 0.0000000000
58547  -29.830  -1.379  52.564 0.0000000000
130767  -30.430  -2.662  52.408 0.0000000000
55472  -32.449  -4.819  51.359 0.0000000000
56201  -32.197  -3.828  51.784 0.0000000000
54687  -32.044  -5.192  51.504 0.0000000000
55466  -31.548  -4.916  51.814 0.0000000000
55457  -30.942  -4.586  52.078 0.0000000000
56192  -30.573  -4.029  52.288 0.0000000000
55456  -30.212  -4.521  52.290 0.0000000000
54674  -30.494  -4.934  52.073 0.0000000000
53947  -30.684  -5.880  51.238 0.0000000000
121851  -29.913  -5.462  51.321 0.0000000000
53937  -28.968  -5.121  51.618 0.0000000000
53179  -29.856  -5.610  50.875 0.0000000000
135652  -30.328  -5.982  49.917 0.0000000000
74037  -57.174  19.584  19.979 0.0000000000
126022  -56.988  19.082  19.609 0.0000000000
74778  -56.618  22.575  16.753 0.0000000000
62533  -4.367  3.425  45.366 0.0000000000
128575  -4.425  2.459  45.001 0.0000000000
63218  -5.343  3.479  47.616 0.0000000000
62517  -5.010  3.419  46.916 0.0000000000
59456  -6.000  0.888  45.276 0.0000000000
59448  -6.396  0.520  46.054 0.0000000000
144741  -6.892  -0.042  46.572 0.0000000000
58599  -7.299  -0.330  46.489 0.0000000000
59426  -7.131  -0.681  48.225 0.0000000000
57020  -8.254  -3.818  47.296 0.0000000000
141436  -7.755  -4.896  47.350 0.0000000000
55510  -5.779  -6.619  46.905 0.0000000000
68653  -51.852  10.376  30.911 0.0000000000
69455  -51.767  11.132  32.480 0.0000000000
67844  -44.932  9.177  36.749 0.0000000000
118057  -53.938  7.856  35.260 0.0000000000
135008  -53.860  7.443  34.540 0.0000000000
64775  -54.419  7.972  34.840 0.0000000000
66326  -54.576  8.345  34.309 0.0000000000
65609  -54.870  8.083  34.050 0.0000000000
67128  -54.495  8.368  32.833 0.0000000000
67872  -53.930  8.815  33.660 0.0000000000
68649  -52.937  9.541  32.895 0.0000000000
68658  -52.862  9.779  30.315 0.0000000000
56186  -14.210  -5.152  53.297 0.0000000000
55439  -14.551  -6.469  53.580 0.0000000000
55447  -15.095  -7.292  52.276 0.0000000000
53912  -14.587  -7.708  53.937 0.0000000000
53156  -15.295  -8.359  52.393 0.0000000000
52426  -14.599  -8.880  52.948 0.0000000000
53934  -25.219  -5.490  51.764 0.0000000000
53933  -24.313  -5.650  51.816 0.0000000000
53182  -23.318  -6.499  50.462 0.0000000000
53168  -23.535  -6.092  51.391 0.0000000000
53920  -23.840  -5.601  52.048 0.0000000000
54681  -23.224  -5.822  51.873 0.0000000000
54680  -22.732  -5.889  51.804 0.0000000000
144705  -21.595  -6.301  50.919 0.0000000000
54664  -22.198  -5.795  51.559 0.0000000000
55464  -21.409  -5.627  50.924 0.0000000000
52446  -17.620  -8.877  50.326 0.0000000000
63947  -4.978  4.338  41.776 0.0000000000
133702  -5.121  4.608  40.823 0.0000000000
63276  -4.701  4.319  40.297 0.0000000000
61881  -3.966  2.877  42.455 0.0000000000
62568  -3.976  3.125  41.889 0.0000000000
61895  -3.992  2.766  40.552 0.0000000000
62578  -3.951  3.120  41.123 0.0000000000
62588  -3.890  3.142  40.231 0.0000000000
62594  -3.789  3.209  39.266 0.0000000000
61901  -3.889  2.744  39.629 0.0000000000
60288  -4.486  1.267  38.768 0.0000000000
61128  -4.017  2.262  39.025 0.0000000000
60293  -4.401  0.931  38.081 0.0000000000
58634  -8.049  1.485  42.972 0.0000000000
58646  -6.974  0.546  40.383 0.0000000000
58654  -6.379  0.931  40.311 0.0000000000
57873  -6.344  -3.039  38.164 0.0000000000
57872  -5.605  -2.673  39.090 0.0000000000
58662  -5.886  -1.100  39.005 0.0000000000
125726  -6.072  0.267  39.575 0.0000000000
58672  -5.192  -0.370  37.495 0.0000000000
58667  -5.367  -0.424  38.061 0.0000000000
125771  -4.979  -0.368  36.707 0.0000000000
60158  -7.757  0.391  52.771 0.0000000000
57712  -12.394  -3.209  54.428 0.0000000000
56944  -10.238  -3.215  54.445 0.0000000000
57710  -10.980  -3.110  54.522 0.0000000000
57713  -7.870  -3.230  53.505 0.0000000000
57714  -8.255  -2.663  53.735 0.0000000000
58538  -8.128  -1.856  53.533 0.0000000000
59364  -8.425  -1.233  53.615 0.0000000000
58551  -7.056  -2.119  52.421 0.0000000000
143261  -7.512  -1.051  52.839 0.0000000000
141019  -7.136  -1.328  52.457 0.0000000000
59388  -6.965  -0.762  52.096 0.0000000000
59396  -6.741  -0.833  51.666 0.0000000000
120503  -6.533  -5.263  51.483 0.0000000000
122827  -6.680  -4.747  49.859 0.0000000000
143651  -6.529  -5.341  49.367 0.0000000000
56224  -6.248  -5.823  48.951 0.0000000000
54717  -4.854  -7.113  48.189 0.0000000000
52422  -7.097  -9.917  54.005 0.0000000000
50944  -5.744  -11.149  52.563 0.0000000000
52427  -6.154  -9.796  53.158 0.0000000000
52444  -5.009  -9.469  51.403 0.0000000000
132594  -4.748  -9.046  50.796 0.0000000000
53188  -4.017  -9.043  49.442 0.0000000000
53199  -3.860  -8.638  48.759 0.0000000000
53225  -3.198  -8.707  46.118 0.0000000000
64664  -36.418  6.371  49.647 0.0000000000
120496  -35.910  6.704  49.850 0.0000000000
63200  -36.844  4.796  49.369 0.0000000000
62488  -35.893  3.901  49.915 0.0000000000
63190  -34.434  4.303  50.706 0.0000000000
71026  -54.902  13.163  25.586 0.0000000000
68659  -53.890  9.436  29.554 0.0000000000
127285  -54.911  10.655  27.353 0.0000000000
66315  -47.361  9.573  35.453 0.0000000000
67855  -46.345  9.472  35.352 0.0000000000
142657  -44.034  8.045  36.912 0.0000000000
56253  -5.754  -6.754  46.194 0.0000000000
54745  -4.303  -7.359  44.646 0.0000000000
54744  -3.889  -7.741  44.517 0.0000000000
54004  -3.464  -8.240  44.910 0.0000000000
52421  -14.422  -8.481  53.733 0.0000000000
52420  -13.968  -8.658  54.027 0.0000000000
51669  -13.417  -9.389  53.690 0.0000000000
65466  -41.363  7.480  44.980 0.0000000000
124613  -41.659  8.092  44.818 0.0000000000
121411  -42.527  8.306  43.233 0.0000000000
66233  -42.795  8.795  43.160 0.0000000000
60965  -28.966  0.763  52.337 0.0000000000
53976  -33.442  -6.150  48.534 0.0000000000
138400  -59.530  17.855  23.468 0.0000000000
73231  -59.630  17.363  23.155 0.0000000000
74018  -59.558  18.085  22.904 0.0000000000
75474  -58.546  20.538  22.421 0.0000000000
60989  -6.240  1.492  50.390 0.0000000000
127470  -6.653  -0.377  50.767 0.0000000000
137606  -53.629  8.962  37.002 0.0000000000
66300  -53.601  9.237  37.240 0.0000000000
66299  -53.255  9.484  37.669 0.0000000000
65598  -51.518  8.758  35.948 0.0000000000
64772  -51.373  8.651  35.157 0.0000000000
135216  -52.968  8.120  36.319 0.0000000000
55469  -18.351  -7.672  49.468 0.0000000000
55444  -26.976  -4.243  52.574 0.0000000000
132065  -3.693  2.471  36.514 0.0000000000
61145  -3.820  1.721  36.091 0.0000000000
61082  -4.437  2.109  43.518 0.0000000000
57719  -12.044  -2.396  54.273 0.0000000000
54660  -6.951  -6.800  53.248 0.0000000000
53161  -5.826  -8.624  52.464 0.0000000000
63896  -38.748  5.921  48.454 0.0000000000
65447  -40.043  7.334  46.981 0.0000000000
60203  -35.092  2.119  48.971 0.0000000000
60186  -33.163  0.490  50.675 0.0000000000
57756  -33.622  -2.100  50.506 0.0000000000
56977  -33.708  -2.936  50.694 0.0000000000
56981  -34.002  -3.152  50.244 0.0000000000
72517  -58.567  16.506  25.576 0.0000000000
73222  -58.463  17.132  25.720 0.0000000000
122726  -51.194  9.678  37.394 0.0000000000
66297  -50.855  10.096  37.251 0.0000000000
66277  -50.829  10.370  37.509 0.0000000000
65604  -46.834  9.501  34.318 0.0000000000
57817  -8.462  -1.361  46.383 0.0000000000
132043  -9.451  -3.574  45.877 0.0000000000
119871  -9.075  -4.912  44.992 0.0000000000
56280  -4.961  -7.115  42.928 0.0000000000
54766  -3.292  -7.658  40.829 0.0000000000
55433  -13.521  -5.589  54.391 0.0000000000
121787  -12.498  -6.272  54.921 0.0000000000
138721  -9.838  -7.588  54.940 0.0000000000
66276  -44.182  8.981  39.293 0.0000000000
63937  -41.243  6.451  43.978 0.0000000000
64732  -43.028  8.187  40.958 0.0000000000
64738  -43.583  8.534  39.881 0.0000000000
134139  -27.811  -2.683  53.016 0.0000000000
56190  -29.104  -3.912  52.651 0.0000000000
133413  -31.276  -0.176  51.961 0.0000000000
132669  -30.699  -0.240  52.054 0.0000000000
58549  -31.184  -1.476  52.047 0.0000000000
57742  -31.469  -2.152  52.043 0.0000000000
124411  -32.402  -6.009  50.816 0.0000000000
54689  -32.018  -5.755  51.262 0.0000000000
53940  -31.563  -5.919  51.352 0.0000000000
53939  -30.983  -5.704  51.580 0.0000000000
54684  -30.413  -5.254  51.863 0.0000000000
135881  -30.501  -6.098  50.456 0.0000000000
71046  -59.250  15.473  20.725 0.0000000000
61822  -5.028  2.882  46.805 0.0000000000
60234  -5.924  1.015  46.366 0.0000000000
69450  -52.197  10.743  33.443 0.0000000000
69451  -52.617  11.764  34.421 0.0000000000
140427  -54.130  8.497  35.561 0.0000000000
65599  -54.551  7.967  34.921 0.0000000000
128240  -54.267  8.489  35.122 0.0000000000
67118  -54.111  8.960  34.893 0.0000000000
56187  -14.497  -5.707  52.864 0.0000000000
54663  -15.525  -7.791  51.878 0.0000000000
53918  -15.276  -7.794  52.474 0.0000000000
53944  -26.030  -5.477  51.283 0.0000000000
53178  -24.208  -5.939  51.026 0.0000000000
53181  -23.019  -6.701  50.402 0.0000000000
53176  -22.886  -6.562  50.836 0.0000000000
53930  -21.080  -6.825  50.478 0.0000000000
53164  -20.242  -7.449  50.049 0.0000000000
51706  -17.258  -9.212  50.306 0.0000000000
61889  -4.291  2.424  41.559 0.0000000000
61888  -4.050  2.740  41.542 0.0000000000
126913  -10.533  -1.093  42.456 0.0000000000
57832  -8.710  0.724  41.935 0.0000000000
57846  -10.166  -1.630  40.871 0.0000000000
57859  -8.807  -1.353  39.107 0.0000000000
57858  -7.215  -1.220  38.852 0.0000000000
128758  -11.772  -4.459  54.815 0.0000000000
56936  -11.312  -3.907  54.722 0.0000000000
56940  -7.911  -4.075  53.599 0.0000000000
137990  -7.502  -2.328  53.079 0.0000000000
126940  -6.822  -2.372  51.962 0.0000000000
57743  -6.786  -3.185  51.899 0.0000000000
56972  -6.673  -3.768  51.563 0.0000000000
55474  -6.268  -6.235  51.129 0.0000000000
55477  -5.777  -6.605  49.677 0.0000000000
55487  -5.819  -6.372  49.107 0.0000000000
54709  -4.509  -7.544  48.462 0.0000000000
128387  -5.288  -10.702  51.982 0.0000000000
51704  -5.318  -9.868  52.000 0.0000000000
51712  -4.521  -10.675  50.783 0.0000000000
137276  -3.250  -9.521  47.973 0.0000000000
129237  -37.091  3.360  48.674 0.0000000000
61799  -37.649  3.769  48.446 0.0000000000
144127  -38.206  5.988  48.763 0.0000000000
59408  -33.603  -0.068  49.683 0.0000000000
60999  -35.145  2.539  49.842 0.0000000000
61008  -35.173  2.337  49.489 0.0000000000
61779  -34.017  2.903  50.723 0.0000000000
132694  -33.579  1.294  50.514 0.0000000000
59407  -33.416  -0.276  50.102 0.0000000000
72510  -57.916  16.160  26.350 0.0000000000
73217  -57.989  16.874  26.244 0.0000000000
72509  -57.656  16.163  26.182 0.0000000000
137317  -55.647  9.644  28.323 0.0000000000
71028  -57.075  14.505  26.580 0.0000000000
71799  -57.684  15.407  26.429 0.0000000000
67106  -48.614  10.038  35.541 0.0000000000
126298  -43.452  7.442  34.771 0.0000000000
64780  -44.952  7.969  34.764 0.0000000000
65583  -48.327  10.010  35.348 0.0000000000
63968  -4.953  4.701  39.436 0.0000000000
57027  -7.981  -5.291  46.393 0.0000000000
56268  -5.309  -7.067  44.674 0.0000000000
54018  -3.369  -8.212  42.985 0.0000000000
53249  -2.914  -9.075  42.974 0.0000000000
142029  -13.663  -6.878  54.693 0.0000000000
53908  -13.919  -7.406  54.661 0.0000000000
128060  -12.952  -7.943  54.870 0.0000000000
137069  -13.572  -8.459  54.570 0.0000000000
53149  -13.186  -8.566  54.690 0.0000000000
53148  -12.522  -8.621  54.822 0.0000000000
66251  -43.851  9.008  41.260 0.0000000000
67026  -43.770  9.137  41.396 0.0000000000
143804  -40.957  5.883  46.240 0.0000000000
63951  -41.491  7.152  42.589 0.0000000000
64718  -42.574  7.994  42.325 0.0000000000
142472  -42.876  8.216  42.328 0.0000000000
64719  -42.979  8.423  42.520 0.0000000000
58546  -29.116  -1.275  52.828 0.0000000000
56975  -32.784  -3.441  51.533 0.0000000000
55473  -32.956  -4.682  51.042 0.0000000000
54691  -33.001  -5.288  50.724 0.0000000000
54694  -32.819  -5.789  50.581 0.0000000000
53975  -33.257  -6.246  48.951 0.0000000000
119253  -33.189  -6.199  49.525 0.0000000000
145274  -32.644  -6.172  50.376 0.0000000000
138912  -32.657  -6.392  49.931 0.0000000000
118915  -32.269  -6.605  49.744 0.0000000000
138625  -32.113  -6.981  49.143 0.0000000000
71815  -59.542  15.687  21.390 0.0000000000
71817  -59.257  16.205  20.799 0.0000000000
71820  -58.934  15.833  20.247 0.0000000000
72533  -58.619  16.621  20.161 0.0000000000
123146  -57.996  18.443  20.369 0.0000000000
125585  -58.278  19.415  21.052 0.0000000000
61010  -5.921  1.855  48.991 0.0000000000
59415  -6.227  0.798  48.572 0.0000000000
143567  -6.569  0.158  48.868 0.0000000000
67864  -53.886  9.901  35.824 0.0000000000
64763  -53.850  8.297  35.840 0.0000000000
129604  -54.089  8.161  35.465 0.0000000000
66318  -54.062  8.943  35.789 0.0000000000
53191  -23.917  -6.188  49.812 0.0000000000
53190  -22.904  -6.933  49.510 0.0000000000
52460  -22.389  -7.198  49.731 0.0000000000
52449  -20.739  -7.800  49.773 0.0000000000
63254  -4.494  3.761  43.164 0.0000000000
61097  -4.218  2.345  43.051 0.0000000000
61109  -4.483  2.196  41.953 0.0000000000
60271  -4.794  1.966  41.475 0.0000000000
59488  -5.183  1.659  40.855 0.0000000000
117027  -7.198  -5.172  38.216 0.0000000000
119010  -7.724  -4.180  37.094 0.0000000000
57071  -5.412  -4.311  39.299 0.0000000000
134011  -11.715  -0.470  53.766 0.0000000000
59367  -10.510  -0.836  54.021 0.0000000000
55428  -9.265  -5.314  54.593 0.0000000000
55436  -8.689  -5.514  54.428 0.0000000000
55435  -8.280  -5.283  54.151 0.0000000000
56171  -7.902  -4.948  53.728 0.0000000000
56194  -6.950  -4.781  52.511 0.0000000000
55458  -6.704  -5.535  52.294 0.0000000000
138302  -40.465  5.404  47.209 0.0000000000
132231  -39.072  5.353  48.254 0.0000000000
65455  -40.941  7.684  46.019 0.0000000000
133616  -31.360  1.073  51.855 0.0000000000
58558  -32.399  -1.416  51.645 0.0000000000
139234  -32.524  0.769  51.489 0.0000000000
60180  -32.771  0.422  51.141 0.0000000000
59395  -32.534  -0.602  51.345 0.0000000000
57750  -32.667  -2.134  51.589 0.0000000000
56971  -32.890  -2.740  51.502 0.0000000000
56213  -33.455  -4.195  50.774 0.0000000000
55479  -33.650  -5.163  49.918 0.0000000000
144113  -58.030  14.472  25.850 0.0000000000
72521  -59.255  16.170  24.040 0.0000000000
144110  -59.361  16.744  23.941 0.0000000000
131401  -58.887  16.800  25.001 0.0000000000
145328  -59.035  17.165  24.662 0.0000000000
74009  -59.375  18.054  23.955 0.0000000000
140942  -59.101  18.988  24.507 0.0000000000
65574  -52.321  8.848  37.470 0.0000000000
65561  -52.172  8.957  37.775 0.0000000000
65548  -51.704  9.443  38.138 0.0000000000
140357  -50.149  9.381  35.044 0.0000000000
65597  -50.864  9.104  35.493 0.0000000000
138307  -28.348  -5.193  51.505 0.0000000000
122389  -27.675  -5.255  51.577 0.0000000000
122109  -26.965  -5.265  50.647 0.0000000000
53963  -25.995  -5.197  50.209 0.0000000000
62608  -3.957  3.452  37.244 0.0000000000
59467  -5.796  1.228  44.588 0.0000000000
58623  -6.417  1.025  44.666 0.0000000000
57826  -9.782  -0.466  45.043 0.0000000000
57847  -10.944  -2.628  41.369 0.0000000000
56307  -11.007  -4.336  39.204 0.0000000000
57042  -8.197  -5.771  44.956 0.0000000000
56274  -8.087  -5.972  43.914 0.0000000000
134174  -7.224  -6.555  43.186 0.0000000000
56281  -8.309  -5.640  42.966 0.0000000000
56292  -8.862  -4.971  41.410 0.0000000000
56305  -7.928  -5.033  39.401 0.0000000000
57058  -5.516  -5.928  40.029 0.0000000000
126029  -4.827  -6.797  40.607 0.0000000000
56169  -12.352  -4.616  54.757 0.0000000000
55430  -10.671  -5.581  54.867 0.0000000000
122257  -11.927  -7.206  54.987 0.0000000000
54651  -11.748  -6.451  54.984 0.0000000000
120236  -9.461  -6.134  54.746 0.0000000000
54649  -8.883  -6.811  54.702 0.0000000000
53905  -9.243  -7.606  54.873 0.0000000000
125371  -40.938  5.325  46.384 0.0000000000
63233  -41.000  5.123  45.994 0.0000000000
63244  -41.030  5.261  45.017 0.0000000000
64744  -43.077  8.059  38.708 0.0000000000
64745  -43.647  8.386  38.815 0.0000000000
56951  -27.499  -3.233  52.933 0.0000000000
56182  -27.121  -3.727  52.802 0.0000000000
132426  -29.721  0.852  52.096 0.0000000000
59386  -29.554  -0.615  52.505 0.0000000000
56969  -31.592  -3.476  52.047 0.0000000000
56968  -30.942  -3.567  52.228 0.0000000000
128904  -29.845  -2.761  52.648 0.0000000000
56960  -29.552  -3.393  52.720 0.0000000000
55455  -29.454  -4.428  52.378 0.0000000000
54672  -29.104  -4.720  52.129 0.0000000000
54682  -28.858  -4.843  51.989 0.0000000000
120460  -29.119  -5.407  50.847 0.0000000000
72535  -57.745  17.224  19.536 0.0000000000
74040  -56.017  20.199  18.605 0.0000000000
74047  -57.343  22.703  15.232 0.0000000000
122682  -4.348  3.459  44.695 0.0000000000
144537  -4.198  2.576  44.369 0.0000000000
132603  -4.457  2.095  44.352 0.0000000000
61067  -4.928  1.684  44.694 0.0000000000
61831  -4.806  2.748  46.179 0.0000000000
57808  -8.668  -3.025  46.786 0.0000000000
59437  -6.936  -0.215  47.546 0.0000000000
126636  -6.620  -6.329  46.333 0.0000000000
70229  -50.382  11.222  27.968 0.0000000000
65550  -52.391  9.404  38.051 0.0000000000
117053  -54.557  7.625  34.068 0.0000000000
64784  -55.028  7.968  34.033 0.0000000000
64795  -54.938  7.920  33.887 0.0000000000
65615  -54.901  8.026  33.385 0.0000000000
66332  -54.918  8.054  32.623 0.0000000000
68663  -52.225  10.127  29.600 0.0000000000
56175  -13.876  -4.961  53.777 0.0000000000
55437  -13.892  -5.579  54.056 0.0000000000
55446  -14.798  -6.785  53.014 0.0000000000
53154  -14.678  -8.090  53.640 0.0000000000
52425  -14.418  -8.766  53.405 0.0000000000
53936  -26.965  -5.244  51.781 0.0000000000
53923  -26.021  -5.143  52.104 0.0000000000
124837  -25.888  -5.065  52.179 0.0000000000
125112  -24.096  -5.206  52.327 0.0000000000
127966  -24.035  -6.101  50.438 0.0000000000
129265  -23.705  -5.051  52.486 0.0000000000
55449  -23.159  -5.098  52.424 0.0000000000
55448  -22.546  -5.191  52.096 0.0000000000
55463  -20.353  -6.655  50.089 0.0000000000
53172  -19.367  -8.083  49.841 0.0000000000
51691  -15.587  -9.210  51.623 0.0000000000
51679  -14.978  -9.047  52.282 0.0000000000
63288  -4.362  4.085  39.722 0.0000000000
61133  -3.902  2.101  38.110 0.0000000000
58632  -6.216  1.489  43.559 0.0000000000
58644  -6.115  1.607  41.876 0.0000000000
59497  -5.623  1.116  40.120 0.0000000000
57082  -6.800  -3.223  37.222 0.0000000000
59501  -4.957  0.787  38.830 0.0000000000
59518  -4.351  0.133  36.272 0.0000000000
131288  -4.809  -0.522  35.914 0.0000000000
57898  -5.654  -1.316  35.807 0.0000000000
60172  -6.936  0.605  51.831 0.0000000000
57718  -11.341  -2.333  54.324 0.0000000000
58523  -10.145  -1.593  54.110 0.0000000000
58522  -9.466  -1.517  54.007 0.0000000000
56935  -9.375  -4.431  54.441 0.0000000000
58537  -7.692  -1.778  53.167 0.0000000000
129484  -7.457  -0.220  52.602 0.0000000000
60157  -7.107  -0.111  52.177 0.0000000000
139171  -6.671  -0.844  51.253 0.0000000000
59403  -6.729  -1.248  50.926 0.0000000000
58566  -6.743  -2.043  51.062 0.0000000000
56991  -7.081  -3.852  49.584 0.0000000000
56202  -6.639  -4.508  51.683 0.0000000000
128860  -6.437  -5.461  50.944 0.0000000000
141469  -6.633  -4.363  50.574 0.0000000000
55494  -5.588  -6.566  48.355 0.0000000000
55501  -5.719  -6.554  47.596 0.0000000000
52429  -6.965  -9.046  53.908 0.0000000000
50930  -6.308  -11.176  53.134 0.0000000000
126619  -6.595  -10.457  53.547 0.0000000000
53157  -6.146  -8.947  53.024 0.0000000000
52445  -5.406  -9.070  51.971 0.0000000000
53180  -5.069  -8.337  50.859 0.0000000000
51725  -4.166  -10.261  50.177 0.0000000000
52471  -4.276  -9.420  50.156 0.0000000000
53970  -4.289  -8.026  48.880 0.0000000000
53208  -3.465  -8.890  48.052 0.0000000000
53985  -3.796  -7.897  47.134 0.0000000000
53995  -3.790  -7.832  46.306 0.0000000000
53994  -3.439  -8.270  45.795 0.0000000000
55467  -32.090  -4.556  51.672 0.0000000000
56282  -9.338  -4.915  43.166 0.0000000000
56293  -10.391  -4.253  40.835 0.0000000000
56294  -11.098  -3.753  40.073 0.0000000000
56304  -6.600  -5.310  39.301 0.0000000000
56308  -11.532  -3.795  39.261 0.0000000000
56320  -6.445  -3.960  38.201 0.0000000000
56322  -10.801  -4.871  37.498 0.0000000000
56323  -11.651  -4.179  38.123 0.0000000000
56334  -11.360  -4.993  36.145 0.0000000000
56961  -30.332  -3.349  52.460 0.0000000000
56962  -31.053  -2.885  52.215 0.0000000000
57061  -11.151  -3.358  40.833 0.0000000000
57062  -11.384  -3.332  39.862 0.0000000000
57083  -8.388  -3.328  36.679 0.0000000000
57084  -10.402  -3.390  36.604 0.0000000000
57085  -11.699  -3.821  37.315 0.0000000000
57728  -27.209  -2.771  53.009 0.0000000000
57835  -11.075  -2.452  42.531 0.0000000000
57860  -10.094  -1.931  39.157 0.0000000000
57875  -9.408  -2.165  37.618 0.0000000000
57877  -11.616  -3.330  38.745 0.0000000000
60178  -32.145  0.610  51.735 0.0000000000
64755  -53.069  8.058  36.726 0.0000000000
66325  -54.348  8.521  34.840 0.0000000000
70259  -58.986  14.884  20.540 0.0000000000
73227  -59.161  17.517  24.375 0.0000000000
74723  -58.920  18.740  24.969 0.0000000000
116907  -32.993  -6.073  50.060 0.0000000000
122280  -58.817  18.134  20.991 0.0000000000
125183  -33.996  -2.573  49.951 0.0000000000
133182  -12.080  -0.113  53.333 0.0000000000
138558  -4.088  2.881  44.050 0.0000000000
140999  -10.212  -5.250  36.663 0.0000000000
145025  -8.780  -5.416  44.183 0.0000000000
