#!ascii label  , from subject sub-1009 vox2ras=TkReg
888
139054  -41.867  -1.966  44.959 0.0000000000
118196  -28.082  -11.321  45.518 0.0000000000
53276  -36.911  -9.105  35.792 0.0000000000
135786  -57.431  10.681  26.190 0.0000000000
69518  -56.473  13.611  15.051 0.0000000000
119341  -20.902  -9.960  47.765 0.0000000000
65624  -55.892  8.028  27.991 0.0000000000
61112  -45.602  -1.210  43.150 0.0000000000
57064  -39.440  -4.719  40.956 0.0000000000
118942  -23.818  -11.535  39.906 0.0000000000
116369  -23.127  -14.091  48.925 0.0000000000
140397  -40.254  0.831  43.290 0.0000000000
60267  -40.542  -1.397  42.832 0.0000000000
49520  -31.031  -14.819  41.235 0.0000000000
57862  -34.033  0.558  37.946 0.0000000000
135212  -52.579  0.839  26.091 0.0000000000
61968  -54.002  3.795  25.639 0.0000000000
65627  -59.560  5.901  25.783 0.0000000000
49479  -12.973  -16.109  51.346 0.0000000000
122128  -11.884  -13.144  51.617 0.0000000000
55569  -41.205  -6.413  36.823 0.0000000000
61162  -42.943  0.102  31.083 0.0000000000
139359  -43.803  -0.127  24.349 0.0000000000
118507  -19.870  -15.858  48.166 0.0000000000
52491  -27.595  -12.839  47.620 0.0000000000
116871  -29.181  -14.757  47.671 0.0000000000
126387  -41.419  -3.050  44.287 0.0000000000
120310  -28.823  -8.648  45.020 0.0000000000
120583  -28.086  -11.349  44.703 0.0000000000
52489  -25.894  -14.021  46.457 0.0000000000
59453  -38.978  2.342  44.042 0.0000000000
58628  -37.441  2.502  41.666 0.0000000000
134709  -52.126  4.042  29.391 0.0000000000
134740  -52.830  3.041  28.877 0.0000000000
117816  -53.225  5.120  28.905 0.0000000000
117055  -57.441  7.569  26.262 0.0000000000
135280  -58.064  8.500  26.743 0.0000000000
67889  -59.996  7.960  25.055 0.0000000000
139244  -57.816  8.577  25.910 0.0000000000
136081  -52.542  5.468  23.583 0.0000000000
60283  -39.981  0.245  40.639 0.0000000000
117018  -40.431  -4.361  41.606 0.0000000000
117021  -39.201  -1.794  38.459 0.0000000000
60316  -40.444  0.015  32.216 0.0000000000
117081  -38.035  1.415  29.015 0.0000000000
62676  -40.316  -1.075  26.940 0.0000000000
134771  -38.338  3.955  21.284 0.0000000000
125844  -44.948  4.117  22.571 0.0000000000
51035  -35.075  -13.570  38.245 0.0000000000
117839  -17.966  -13.572  45.019 0.0000000000
50255  -20.943  -12.855  47.475 0.0000000000
48687  -11.928  -15.521  51.243 0.0000000000
47953  -10.261  -14.714  49.939 0.0000000000
64043  -54.685  7.172  29.665 0.0000000000
60285  -46.232  -0.493  40.002 0.0000000000
119315  -38.058  -6.579  36.293 0.0000000000
52497  -21.400  -9.733  45.396 0.0000000000
135690  -21.890  -13.630  47.541 0.0000000000
136091  -21.824  -14.767  45.755 0.0000000000
136301  -55.127  14.649  13.152 0.0000000000
117954  -40.942  -1.249  44.422 0.0000000000
59463  -41.321  0.071  44.517 0.0000000000
61091  -41.023  -0.029  44.171 0.0000000000
118799  -28.564  -11.209  44.531 0.0000000000
116863  -28.468  -15.083  44.983 0.0000000000
116872  -28.868  -12.477  41.702 0.0000000000
51034  -30.973  -13.010  38.212 0.0000000000
53290  -33.685  -9.227  33.862 0.0000000000
54774  -31.732  -6.047  37.684 0.0000000000
116914  -34.303  -5.456  32.551 0.0000000000
57074  -38.385  -1.859  37.754 0.0000000000
58638  -39.814  -0.807  41.094 0.0000000000
134891  -50.543  0.160  29.037 0.0000000000
136339  -55.282  6.916  27.030 0.0000000000
63362  -57.583  4.538  25.215 0.0000000000
144098  -50.277  6.329  18.239 0.0000000000
50194  -12.960  -12.994  53.124 0.0000000000
48689  -13.385  -16.034  53.084 0.0000000000
59483  -42.995  -3.027  43.900 0.0000000000
117019  -44.025  -4.238  40.945 0.0000000000
134267  -44.493  -3.492  37.086 0.0000000000
57912  -38.517  -3.559  32.930 0.0000000000
57145  -42.229  -5.523  31.515 0.0000000000
58693  -44.879  -2.413  33.408 0.0000000000
62638  -45.190  0.500  31.732 0.0000000000
62679  -45.566  -0.422  29.351 0.0000000000
62689  -47.215  -0.805  27.413 0.0000000000
61977  -48.119  1.099  24.587 0.0000000000
118192  -50.272  4.265  24.811 0.0000000000
116878  -31.808  -15.483  46.112 0.0000000000
50246  -14.157  -12.673  48.328 0.0000000000
118949  -15.436  -17.178  47.943 0.0000000000
118272  -22.717  -14.171  48.750 0.0000000000
144703  -7.680  -13.751  50.500 0.0000000000
51743  -27.679  -11.939  46.318 0.0000000000
135203  -27.762  -12.990  47.172 0.0000000000
135253  -28.034  -13.675  47.042 0.0000000000
58611  -41.712  -2.919  44.859 0.0000000000
118796  -28.334  -10.685  45.349 0.0000000000
53220  -28.989  -8.651  44.844 0.0000000000
52500  -27.951  -10.728  45.884 0.0000000000
135820  -53.071  5.177  30.186 0.0000000000
134965  -53.152  5.099  29.745 0.0000000000
136442  -53.642  5.866  29.764 0.0000000000
117718  -57.386  9.973  26.999 0.0000000000
117843  -57.505  9.010  27.104 0.0000000000
136874  -57.978  10.603  26.354 0.0000000000
117060  -59.204  8.582  25.942 0.0000000000
68680  -57.470  10.035  26.133 0.0000000000
134857  -55.791  9.200  26.061 0.0000000000
117023  -39.786  -0.913  39.133 0.0000000000
62664  -37.404  2.698  29.889 0.0000000000
117877  -36.857  1.612  24.529 0.0000000000
135304  -37.430  5.935  23.313 0.0000000000
117706  -39.499  6.389  22.593 0.0000000000
51803  -36.585  -11.531  36.264 0.0000000000
51036  -37.028  -12.742  38.822 0.0000000000
51787  -38.231  -11.385  38.857 0.0000000000
144238  -20.110  -11.368  47.100 0.0000000000
118731  -21.044  -12.051  47.072 0.0000000000
68729  -53.907  13.396  12.250 0.0000000000
47940  -11.338  -16.105  50.057 0.0000000000
61094  -45.608  -0.727  44.007 0.0000000000
60274  -46.092  -0.992  42.181 0.0000000000
55545  -39.133  -5.168  38.922 0.0000000000
56296  -39.626  -5.263  40.400 0.0000000000
54014  -25.296  -5.902  41.727 0.0000000000
53238  -23.763  -6.414  44.061 0.0000000000
53218  -22.597  -7.773  45.748 0.0000000000
52504  -21.804  -9.596  44.001 0.0000000000
119210  -20.831  -11.973  43.753 0.0000000000
116372  -22.056  -11.848  42.633 0.0000000000
52490  -26.943  -13.314  47.418 0.0000000000
52480  -26.205  -13.710  48.196 0.0000000000
117033  -40.923  -0.164  43.902 0.0000000000
119918  -41.007  -0.186  44.015 0.0000000000
144345  -40.587  0.755  44.264 0.0000000000
116861  -28.517  -11.075  43.264 0.0000000000
119577  -28.196  -12.571  42.926 0.0000000000
119704  -29.210  -10.667  42.711 0.0000000000
51030  -30.660  -11.822  39.466 0.0000000000
52543  -31.278  -10.056  37.917 0.0000000000
51792  -32.539  -11.523  35.963 0.0000000000
52552  -32.149  -9.677  36.063 0.0000000000
57063  -31.694  -1.078  39.230 0.0000000000
56325  -31.801  -2.389  36.767 0.0000000000
119284  -32.312  -6.247  34.524 0.0000000000
56324  -33.131  -2.054  35.545 0.0000000000
57098  -36.234  -1.905  35.351 0.0000000000
57878  -35.809  0.078  36.577 0.0000000000
118789  -39.696  1.214  43.146 0.0000000000
58637  -38.883  1.079  40.713 0.0000000000
58621  -40.219  0.114  43.066 0.0000000000
57824  -40.495  -2.165  43.814 0.0000000000
124768  -51.324  1.250  26.972 0.0000000000
136605  -50.991  1.034  30.091 0.0000000000
134621  -51.937  2.029  29.996 0.0000000000
117708  -52.729  3.837  26.823 0.0000000000
137510  -51.829  2.045  26.835 0.0000000000
64820  -55.522  7.618  28.077 0.0000000000
64055  -54.747  7.086  28.233 0.0000000000
143742  -58.202  6.729  25.201 0.0000000000
119275  -57.477  5.648  26.186 0.0000000000
64822  -58.950  5.769  25.621 0.0000000000
63351  -59.735  4.222  26.495 0.0000000000
65660  -52.112  4.349  19.978 0.0000000000
134515  -50.482  7.658  19.128 0.0000000000
136352  -50.028  7.896  17.393 0.0000000000
50239  -12.702  -13.075  50.752 0.0000000000
50218  -13.120  -11.989  52.813 0.0000000000
116384  -13.430  -13.871  53.005 0.0000000000
48691  -13.996  -15.199  53.255 0.0000000000
47935  -13.047  -16.617  52.826 0.0000000000
60262  -41.045  -0.298  43.991 0.0000000000
59476  -42.041  -2.615  43.959 0.0000000000
141051  -41.125  -2.998  43.060 0.0000000000
56340  -41.216  -5.395  40.094 0.0000000000
120259  -42.706  -4.813  41.469 0.0000000000
57100  -42.720  -5.379  39.696 0.0000000000
57892  -44.607  -3.632  38.435 0.0000000000
57121  -42.927  -5.543  36.244 0.0000000000
60310  -39.601  0.123  33.899 0.0000000000
60321  -42.365  0.015  31.458 0.0000000000
58697  -41.479  -2.379  29.728 0.0000000000
57925  -42.817  -2.477  29.212 0.0000000000
57914  -43.944  -3.455  31.746 0.0000000000
122744  -44.422  -2.016  31.616 0.0000000000
60311  -45.100  -0.133  32.854 0.0000000000
127515  -44.438  0.224  31.422 0.0000000000
62686  -42.116  -1.067  26.355 0.0000000000
62678  -43.951  -1.138  28.456 0.0000000000
62687  -44.310  -1.137  27.244 0.0000000000
123389  -46.327  -0.322  28.949 0.0000000000
62695  -44.680  -0.709  25.780 0.0000000000
61971  -48.308  -1.199  24.945 0.0000000000
136153  -45.877  1.163  24.651 0.0000000000
64083  -46.825  6.689  24.008 0.0000000000
63380  -47.391  4.675  23.733 0.0000000000
63377  -48.985  6.136  25.262 0.0000000000
116859  -29.913  -14.894  42.462 0.0000000000
133966  -30.343  -15.622  44.456 0.0000000000
137106  -31.906  -15.585  42.949 0.0000000000
135326  -18.785  -15.927  46.307 0.0000000000
116363  -17.385  -15.463  45.478 0.0000000000
116353  -17.417  -16.817  47.079 0.0000000000
137831  -22.241  -14.149  47.618 0.0000000000
116367  -22.589  -13.997  48.404 0.0000000000
135501  -23.368  -14.310  50.234 0.0000000000
116875  -28.471  -13.468  49.167 0.0000000000
118649  -29.779  -13.817  49.122 0.0000000000
119718  -29.962  -14.122  48.496 0.0000000000
57046  -40.340  -3.190  41.971 0.0000000000
57045  -40.108  -5.034  42.085 0.0000000000
53998  -28.135  -6.811  44.402 0.0000000000
53228  -28.616  -8.627  43.254 0.0000000000
119558  -27.062  -12.593  41.180 0.0000000000
52505  -24.463  -13.321  42.085 0.0000000000
52506  -27.081  -12.897  43.563 0.0000000000
52499  -27.127  -12.786  45.812 0.0000000000
117032  -40.769  0.919  45.174 0.0000000000
58635  -33.329  1.433  42.001 0.0000000000
57849  -36.315  1.368  38.256 0.0000000000
136061  -38.568  2.264  43.122 0.0000000000
119711  -52.002  3.214  27.756 0.0000000000
134513  -52.379  2.961  30.064 0.0000000000
134462  -52.836  4.004  29.686 0.0000000000
117697  -52.953  4.374  27.854 0.0000000000
117660  -53.459  4.799  26.743 0.0000000000
65625  -56.554  8.040  26.994 0.0000000000
135872  -56.855  7.993  26.761 0.0000000000
118396  -57.888  8.087  26.926 0.0000000000
135693  -58.776  7.015  26.139 0.0000000000
66341  -59.792  6.847  25.537 0.0000000000
117058  -58.856  7.975  25.495 0.0000000000
135059  -59.870  7.978  25.030 0.0000000000
66361  -58.932  7.171  24.919 0.0000000000
135080  -55.650  7.380  26.430 0.0000000000
118015  -54.172  9.008  25.403 0.0000000000
116382  -14.252  -15.779  52.500 0.0000000000
49449  -14.216  -14.721  53.437 0.0000000000
49465  -14.887  -15.979  52.921 0.0000000000
60272  -40.180  -1.056  42.493 0.0000000000
59490  -41.029  -3.164  42.907 0.0000000000
119534  -39.986  -1.779  41.294 0.0000000000
117017  -40.107  -2.666  39.977 0.0000000000
57110  -38.783  -4.465  38.022 0.0000000000
139720  -39.522  0.338  33.092 0.0000000000
61942  -38.719  1.348  33.057 0.0000000000
61948  -39.735  0.199  31.931 0.0000000000
61949  -41.370  -0.423  30.760 0.0000000000
62652  -42.707  -0.333  29.575 0.0000000000
126705  -39.499  -0.314  27.871 0.0000000000
135007  -39.416  -0.012  25.001 0.0000000000
62699  -41.607  1.981  22.047 0.0000000000
62706  -43.954  2.855  22.175 0.0000000000
120202  -40.661  4.433  21.116 0.0000000000
50304  -32.777  -14.500  39.536 0.0000000000
49516  -33.083  -15.495  42.720 0.0000000000
50305  -34.912  -14.489  40.329 0.0000000000
139927  -19.930  -13.645  46.880 0.0000000000
135307  -20.865  -15.119  47.817 0.0000000000
49435  -12.331  -14.429  50.711 0.0000000000
50199  -11.333  -13.116  51.558 0.0000000000
49446  -10.896  -13.449  50.949 0.0000000000
48698  -9.245  -13.351  51.073 0.0000000000
49464  -8.429  -12.814  51.980 0.0000000000
60290  -45.961  -0.223  39.023 0.0000000000
136148  -37.611  -7.651  35.915 0.0000000000
52545  -38.677  -10.198  39.056 0.0000000000
142511  -21.404  -9.456  46.454 0.0000000000
52488  -21.208  -9.962  46.890 0.0000000000
116373  -20.854  -11.807  46.896 0.0000000000
118412  -20.246  -12.122  45.385 0.0000000000
118967  -20.895  -14.058  46.360 0.0000000000
118825  -23.142  -14.340  47.386 0.0000000000
51742  -23.631  -14.597  45.180 0.0000000000
51735  -24.453  -14.502  47.081 0.0000000000
135894  -24.082  -14.108  49.033 0.0000000000
118629  -56.771  13.426  15.083 0.0000000000
134962  -42.093  -0.809  44.972 0.0000000000
117031  -41.476  -1.032  45.048 0.0000000000
117039  -41.060  0.004  44.237 0.0000000000
117036  -40.127  1.675  44.465 0.0000000000
61092  -40.302  1.212  43.890 0.0000000000
131803  -40.446  -0.132  43.002 0.0000000000
133342  -40.039  0.771  41.766 0.0000000000
116870  -27.947  -11.670  45.506 0.0000000000
116864  -27.775  -13.410  46.025 0.0000000000
145339  -27.696  -13.112  44.511 0.0000000000
116862  -28.280  -14.240  42.497 0.0000000000
51024  -29.620  -14.164  39.414 0.0000000000
116885  -29.930  -12.002  40.209 0.0000000000
51025  -30.032  -13.082  39.147 0.0000000000
50295  -31.421  -14.528  39.971 0.0000000000
50316  -33.294  -13.785  37.837 0.0000000000
51047  -34.048  -12.157  33.919 0.0000000000
52563  -35.187  -10.142  34.373 0.0000000000
123190  -31.871  -6.971  38.254 0.0000000000
134212  -32.231  -7.390  36.041 0.0000000000
121348  -34.050  -7.969  34.309 0.0000000000
116913  -35.358  -8.133  34.450 0.0000000000
120380  -36.920  -5.484  34.568 0.0000000000
56310  -38.673  -3.924  37.900 0.0000000000
119000  -39.201  -2.775  38.819 0.0000000000
57837  -37.813  1.549  39.507 0.0000000000
57865  -39.394  -2.260  39.250 0.0000000000
130957  -39.328  -3.234  40.473 0.0000000000
57829  -40.104  -2.149  42.234 0.0000000000
57814  -41.101  -2.811  44.155 0.0000000000
136071  -28.863  -9.840  45.087 0.0000000000
61177  -52.710  2.109  30.414 0.0000000000
134552  -53.756  5.974  28.960 0.0000000000
142694  -53.992  6.213  27.950 0.0000000000
136338  -54.163  5.757  26.583 0.0000000000
138370  -56.934  6.816  26.190 0.0000000000
135715  -56.098  5.947  25.815 0.0000000000
61964  -56.744  3.911  25.109 0.0000000000
62670  -57.947  3.760  25.323 0.0000000000
66406  -49.961  7.167  14.013 0.0000000000
67941  -49.275  10.175  13.332 0.0000000000
67943  -52.518  13.349  15.908 0.0000000000
50923  -12.861  -11.909  52.923 0.0000000000
49436  -13.014  -13.669  52.556 0.0000000000
49448  -14.050  -14.250  53.322 0.0000000000
49437  -13.489  -14.048  53.118 0.0000000000
131774  -12.898  -14.871  52.024 0.0000000000
48688  -12.897  -15.871  51.281 0.0000000000
60248  -43.036  -1.730  44.663 0.0000000000
59477  -43.112  -1.971  44.371 0.0000000000
60268  -44.187  -2.197  44.002 0.0000000000
58649  -42.675  -4.421  42.813 0.0000000000
120193  -44.050  -3.876  42.173 0.0000000000
60279  -45.579  -2.234  42.364 0.0000000000
120350  -45.413  -2.853  40.905 0.0000000000
58668  -45.212  -2.938  38.953 0.0000000000
58676  -45.289  -1.703  37.112 0.0000000000
57907  -38.159  -2.927  35.349 0.0000000000
57119  -37.808  -5.699  35.560 0.0000000000
58692  -40.039  -2.034  31.345 0.0000000000
57918  -40.046  -4.543  31.198 0.0000000000
55590  -41.206  -7.037  33.804 0.0000000000
57133  -43.565  -5.086  34.839 0.0000000000
58687  -44.973  -2.547  34.972 0.0000000000
62666  -43.730  -0.901  29.316 0.0000000000
62654  -45.237  0.412  31.062 0.0000000000
134892  -49.533  -0.891  28.154 0.0000000000
118300  -51.410  -1.313  25.826 0.0000000000
118205  -52.250  -0.049  24.792 0.0000000000
63386  -46.519  3.221  23.355 0.0000000000
135581  -50.530  2.239  23.477 0.0000000000
135130  -51.786  3.090  25.992 0.0000000000
143431  -51.836  4.096  27.833 0.0000000000
136574  -52.645  5.285  29.787 0.0000000000
119018  -28.860  -15.152  46.395 0.0000000000
118854  -30.569  -14.950  47.455 0.0000000000
49513  -33.210  -15.628  43.900 0.0000000000
50252  -12.065  -15.075  48.443 0.0000000000
119051  -16.378  -13.002  46.240 0.0000000000
118414  -14.284  -15.690  47.163 0.0000000000
116351  -13.109  -16.923  47.926 0.0000000000
118690  -15.847  -17.043  50.128 0.0000000000
118741  -21.756  -13.388  47.463 0.0000000000
116365  -22.174  -14.236  48.184 0.0000000000
119130  -21.677  -14.810  48.604 0.0000000000
47963  -10.672  -15.107  49.233 0.0000000000
48715  -9.034  -13.723  50.445 0.0000000000
49463  -7.769  -12.799  52.197 0.0000000000
135163  -42.105  -2.060  45.093 0.0000000000
118738  -27.609  -11.813  45.612 0.0000000000
118115  -27.853  -12.856  46.612 0.0000000000
144688  -27.834  -12.783  46.392 0.0000000000
134701  -41.921  -2.460  44.973 0.0000000000
135037  -28.501  -10.279  45.545 0.0000000000
142433  -53.371  5.993  30.707 0.0000000000
117702  -53.011  5.181  30.612 0.0000000000
136414  -53.621  6.052  30.433 0.0000000000
117655  -57.852  9.876  26.213 0.0000000000
118009  -58.468  9.119  25.762 0.0000000000
135695  -56.914  10.200  26.168 0.0000000000
134884  -35.342  4.622  26.842 0.0000000000
51793  -37.224  -11.819  37.724 0.0000000000
52554  -37.921  -10.483  37.334 0.0000000000
135348  -20.683  -10.637  47.462 0.0000000000
51726  -20.605  -11.214  47.088 0.0000000000
68730  -54.232  13.706  14.376 0.0000000000
68738  -55.936  12.728  13.168 0.0000000000
144433  -56.447  13.103  14.331 0.0000000000
56311  -38.924  -4.038  39.650 0.0000000000
116379  -23.244  -7.528  39.755 0.0000000000
53244  -23.675  -6.135  42.294 0.0000000000
53237  -22.494  -7.488  42.715 0.0000000000
52513  -22.067  -8.585  43.414 0.0000000000
119660  -22.028  -9.789  41.811 0.0000000000
116378  -22.726  -11.868  41.440 0.0000000000
117719  -40.416  0.895  44.107 0.0000000000
52536  -31.151  -9.475  39.922 0.0000000000
51786  -30.842  -11.061  38.972 0.0000000000
57848  -32.398  0.431  39.900 0.0000000000
57073  -32.678  -0.632  37.398 0.0000000000
57086  -34.316  -0.828  35.737 0.0000000000
119348  -40.798  -0.833  43.617 0.0000000000
136511  -51.889  2.193  29.033 0.0000000000
117749  -53.165  2.397  25.884 0.0000000000
64823  -59.034  5.924  25.694 0.0000000000
64058  -59.995  4.914  26.204 0.0000000000
134562  -51.418  9.260  19.953 0.0000000000
116381  -12.875  -13.979  51.356 0.0000000000
60261  -41.823  -1.897  44.021 0.0000000000
58630  -41.087  -1.935  43.593 0.0000000000
140437  -40.661  -5.716  38.701 0.0000000000
56341  -41.915  -5.873  38.819 0.0000000000
55562  -41.297  -5.986  37.925 0.0000000000
57111  -43.030  -5.099  38.043 0.0000000000
55570  -42.130  -5.995  37.370 0.0000000000
58702  -42.920  -2.297  29.865 0.0000000000
59538  -43.070  -1.556  29.434 0.0000000000
128842  -43.515  -2.815  30.265 0.0000000000
59533  -44.003  -1.140  30.749 0.0000000000
60317  -44.418  -0.155  31.558 0.0000000000
141100  -43.678  0.159  31.274 0.0000000000
62694  -43.079  -0.702  25.119 0.0000000000
62701  -45.048  0.346  24.600 0.0000000000
119235  -18.713  -16.406  48.846 0.0000000000
50192  -12.105  -12.746  52.319 0.0000000000
50191  -11.943  -12.417  52.591 0.0000000000
61078  -44.438  -1.744  44.624 0.0000000000
121796  -27.643  -13.235  48.144 0.0000000000
135058  -28.363  -13.806  47.729 0.0000000000
118082  -28.458  -13.677  48.309 0.0000000000
57823  -40.114  -3.126  43.206 0.0000000000
132352  -40.735  -4.284  42.951 0.0000000000
116883  -29.464  -8.113  45.286 0.0000000000
52507  -28.848  -9.779  43.908 0.0000000000
116380  -28.669  -10.561  41.792 0.0000000000
51757  -28.146  -12.093  43.052 0.0000000000
119025  -39.779  2.011  44.595 0.0000000000
58627  -34.568  2.117  42.447 0.0000000000
139331  -38.312  2.559  43.831 0.0000000000
136628  -52.126  2.743  29.888 0.0000000000
117796  -52.623  3.816  30.240 0.0000000000
134742  -53.128  3.966  28.637 0.0000000000
134568  -53.485  5.436  27.899 0.0000000000
118135  -57.142  8.983  27.119 0.0000000000
67137  -58.260  7.608  26.215 0.0000000000
135281  -57.902  7.933  25.954 0.0000000000
67892  -57.513  8.780  26.085 0.0000000000
67899  -59.092  8.032  25.271 0.0000000000
66355  -56.774  6.935  25.706 0.0000000000
65646  -56.576  6.097  25.746 0.0000000000
67152  -56.597  7.994  26.514 0.0000000000
135898  -55.277  10.940  24.898 0.0000000000
137527  -40.003  -1.132  42.019 0.0000000000
117026  -40.155  -2.058  40.702 0.0000000000
57891  -39.430  -3.532  38.886 0.0000000000
57900  -38.450  -2.844  37.303 0.0000000000
138968  -38.044  1.820  30.843 0.0000000000
117083  -39.354  0.137  31.012 0.0000000000
117080  -38.874  0.457  29.832 0.0000000000
117085  -38.985  0.299  28.725 0.0000000000
117898  -36.426  3.278  22.516 0.0000000000
136609  -38.474  1.394  22.771 0.0000000000
62693  -41.005  0.347  23.692 0.0000000000
134847  -40.010  2.268  22.067 0.0000000000
64854  -41.946  7.464  23.588 0.0000000000
50312  -34.041  -14.160  39.012 0.0000000000
51031  -37.626  -13.181  40.274 0.0000000000
50306  -36.728  -13.971  40.980 0.0000000000
119859  -20.351  -12.705  46.601 0.0000000000
134881  -21.450  -14.269  46.795 0.0000000000
49447  -11.763  -14.156  50.285 0.0000000000
48700  -11.350  -14.571  50.025 0.0000000000
48709  -10.148  -14.441  50.021 0.0000000000
48699  -10.208  -13.831  50.507 0.0000000000
48708  -9.131  -13.570  50.772 0.0000000000
60280  -46.354  -0.771  41.058 0.0000000000
140518  -38.625  -8.024  37.522 0.0000000000
54775  -38.848  -7.222  38.068 0.0000000000
53209  -22.468  -7.830  46.872 0.0000000000
135349  -20.417  -11.845  46.526 0.0000000000
119714  -20.872  -14.566  43.970 0.0000000000
52498  -25.365  -13.764  44.487 0.0000000000
51727  -25.336  -13.854  49.052 0.0000000000
117035  -41.040  0.190  44.411 0.0000000000
135275  -39.957  1.920  44.715 0.0000000000
61103  -40.234  1.095  43.415 0.0000000000
61111  -40.041  0.321  42.177 0.0000000000
137313  -27.649  -12.064  44.806 0.0000000000
118637  -28.575  -13.698  40.082 0.0000000000
50303  -30.752  -14.133  38.435 0.0000000000
50311  -32.210  -13.915  38.486 0.0000000000
123338  -32.039  -13.513  37.679 0.0000000000
52562  -33.095  -10.146  34.543 0.0000000000
123538  -33.448  -12.679  34.992 0.0000000000
51811  -34.086  -11.654  33.353 0.0000000000
51812  -34.844  -11.260  33.950 0.0000000000
119917  -34.466  -9.274  33.827 0.0000000000
55544  -31.615  -4.495  38.711 0.0000000000
121589  -31.803  -4.157  40.206 0.0000000000
142146  -31.921  -5.626  39.445 0.0000000000
54767  -32.159  -6.292  40.024 0.0000000000
54042  -32.075  -7.693  37.076 0.0000000000
55561  -32.179  -4.052  33.894 0.0000000000
116915  -33.732  -7.020  33.336 0.0000000000
119849  -35.687  -7.030  34.288 0.0000000000
116916  -35.920  -3.995  33.854 0.0000000000
57087  -37.404  -1.669  36.227 0.0000000000
56326  -37.694  -3.356  36.031 0.0000000000
57838  -39.291  -0.801  40.165 0.0000000000
57851  -39.645  -2.073  40.142 0.0000000000
57054  -40.071  -3.068  41.187 0.0000000000
134963  -41.760  -2.166  43.980 0.0000000000
119094  -29.062  -9.778  44.875 0.0000000000
117045  -50.276  0.562  30.546 0.0000000000
135102  -51.952  1.353  31.024 0.0000000000
134553  -52.036  2.037  28.678 0.0000000000
136415  -54.423  6.887  30.448 0.0000000000
137752  -54.019  6.418  29.813 0.0000000000
136437  -54.263  6.732  28.962 0.0000000000
134496  -54.758  6.519  27.025 0.0000000000
118935  -57.615  6.930  25.917 0.0000000000
63369  -57.295  5.190  25.070 0.0000000000
117049  -56.064  5.085  25.382 0.0000000000
62671  -59.152  3.718  25.943 0.0000000000
67140  -58.874  7.021  25.624 0.0000000000
135333  -54.714  3.883  22.197 0.0000000000
136738  -51.160  5.807  19.200 0.0000000000
66378  -51.312  5.090  17.877 0.0000000000
66388  -50.468  5.972  16.438 0.0000000000
136353  -50.080  9.972  16.093 0.0000000000
67932  -51.319  11.703  16.839 0.0000000000
67942  -50.639  12.207  14.807 0.0000000000
50201  -13.082  -12.848  52.986 0.0000000000
50200  -13.191  -12.958  53.030 0.0000000000
50193  -13.102  -13.051  52.375 0.0000000000
49438  -14.053  -14.610  53.446 0.0000000000
48690  -13.825  -15.404  53.082 0.0000000000
129776  -13.583  -14.485  52.978 0.0000000000
128895  -13.299  -14.677  52.423 0.0000000000
47934  -12.674  -16.703  52.105 0.0000000000
118752  -42.051  -0.975  44.740 0.0000000000
142848  -43.064  -2.548  44.065 0.0000000000
119835  -40.703  -4.125  41.970 0.0000000000
58648  -41.244  -3.920  42.695 0.0000000000
136838  -41.848  -4.522  42.600 0.0000000000
119540  -43.172  -4.429  42.040 0.0000000000
131164  -44.786  -3.247  42.308 0.0000000000
119097  -44.523  -3.797  41.323 0.0000000000
117024  -45.087  -3.368  40.234 0.0000000000
57112  -44.012  -4.232  37.901 0.0000000000
58675  -45.053  -2.653  37.714 0.0000000000
58669  -45.473  -1.845  38.242 0.0000000000
58680  -44.957  -2.593  36.387 0.0000000000
57908  -38.675  -1.608  34.391 0.0000000000
134091  -37.682  -4.667  34.138 0.0000000000
59528  -40.378  -0.503  31.780 0.0000000000
57919  -41.633  -5.049  30.088 0.0000000000
127277  -41.054  -3.537  30.649 0.0000000000
56379  -40.531  -6.259  30.627 0.0000000000
56372  -39.772  -6.818  32.300 0.0000000000
56373  -41.562  -6.574  32.182 0.0000000000
56364  -42.611  -6.144  34.541 0.0000000000
57139  -42.858  -5.835  33.170 0.0000000000
128230  -44.536  -3.372  33.723 0.0000000000
58681  -45.227  -1.654  35.953 0.0000000000
58688  -45.201  -1.581  34.740 0.0000000000
133481  -45.119  -0.031  32.563 0.0000000000
62665  -41.837  -1.705  29.321 0.0000000000
62677  -42.203  -1.363  27.983 0.0000000000
62667  -44.702  -0.439  29.703 0.0000000000
62680  -46.407  0.163  30.029 0.0000000000
117984  -46.991  -0.206  29.561 0.0000000000
117818  -47.991  0.105  30.011 0.0000000000
134748  -48.053  -0.787  28.561 0.0000000000
118699  -47.692  0.059  25.357 0.0000000000
61975  -48.750  -0.492  23.564 0.0000000000
139200  -50.779  -0.697  23.557 0.0000000000
62707  -45.352  2.120  23.227 0.0000000000
145460  -45.759  3.620  22.964 0.0000000000
63381  -48.921  3.882  24.132 0.0000000000
135580  -50.981  4.550  25.742 0.0000000000
119710  -51.581  5.304  28.015 0.0000000000
136108  -30.772  -15.370  46.804 0.0000000000
50287  -34.645  -15.094  42.630 0.0000000000
50278  -34.429  -15.157  43.961 0.0000000000
50245  -12.736  -13.618  49.155 0.0000000000
50253  -13.403  -14.427  47.638 0.0000000000
116356  -16.136  -15.473  46.531 0.0000000000
136000  -13.931  -17.536  49.848 0.0000000000
116366  -21.239  -13.405  46.738 0.0000000000
118395  -21.026  -11.991  47.060 0.0000000000
71065  -55.864  14.011  14.111 0.0000000000
47962  -8.652  -13.889  50.081 0.0000000000
48714  -8.026  -13.273  51.352 0.0000000000
47961  -7.449  -13.346  51.159 0.0000000000
118039  -28.874  -9.417  44.838 0.0000000000
135796  -38.849  2.696  44.782 0.0000000000
135421  -52.930  5.026  30.149 0.0000000000
120056  -58.290  8.712  26.390 0.0000000000
68676  -58.207  9.123  26.072 0.0000000000
67898  -57.812  9.082  25.954 0.0000000000
67897  -56.833  9.139  26.194 0.0000000000
117882  -56.310  10.404  26.009 0.0000000000
119853  -40.118  -0.201  40.109 0.0000000000
59503  -39.872  -0.935  39.532 0.0000000000
119815  -39.621  -0.837  38.602 0.0000000000
119423  -37.017  2.745  28.554 0.0000000000
117082  -38.035  1.172  27.890 0.0000000000
118454  -36.444  2.797  26.735 0.0000000000
118149  -35.207  4.734  24.855 0.0000000000
51041  -35.695  -12.782  37.010 0.0000000000
51788  -38.422  -12.089  39.967 0.0000000000
135302  -52.542  12.597  10.414 0.0000000000
118146  -54.792  11.483  11.600 0.0000000000
47941  -12.729  -16.641  50.866 0.0000000000
47954  -11.434  -16.290  50.010 0.0000000000
129474  -39.088  -6.270  38.473 0.0000000000
55538  -39.468  -6.104  40.154 0.0000000000
126005  -39.562  -6.059  41.402 0.0000000000
54006  -26.727  -6.393  42.237 0.0000000000
54738  -25.997  -5.879  43.026 0.0000000000
54005  -24.941  -5.661  43.429 0.0000000000
53227  -23.749  -6.314  45.579 0.0000000000
53226  -22.675  -7.609  44.489 0.0000000000
51750  -22.681  -14.151  43.110 0.0000000000
51026  -30.485  -11.322  40.104 0.0000000000
51783  -31.036  -9.883  40.564 0.0000000000
120732  -31.740  -12.238  37.631 0.0000000000
121156  -31.708  -1.869  40.833 0.0000000000
56309  -31.410  -2.706  38.919 0.0000000000
55552  -31.683  -4.450  36.163 0.0000000000
56337  -32.210  -3.119  35.424 0.0000000000
119728  -34.105  -2.287  34.508 0.0000000000
56348  -35.256  -2.609  34.229 0.0000000000
57097  -34.571  -1.664  35.189 0.0000000000
57863  -36.928  0.164  37.384 0.0000000000
132485  -38.394  2.206  42.416 0.0000000000
58629  -39.451  0.237  42.012 0.0000000000
132331  -39.768  -2.261  43.297 0.0000000000
135722  -50.920  -0.762  27.608 0.0000000000
119256  -50.881  0.420  29.039 0.0000000000
117825  -51.936  1.804  30.363 0.0000000000
64056  -55.097  7.368  28.205 0.0000000000
119278  -57.890  6.798  25.548 0.0000000000
64057  -58.606  5.827  25.438 0.0000000000
64045  -58.690  4.827  25.486 0.0000000000
137810  -58.939  4.251  25.649 0.0000000000
64046  -59.772  4.502  26.316 0.0000000000
117675  -52.723  3.437  22.303 0.0000000000
136138  -51.671  5.507  21.826 0.0000000000
136368  -51.234  6.846  20.385 0.0000000000
134505  -50.989  10.063  18.303 0.0000000000
116383  -12.888  -12.239  51.977 0.0000000000
118636  -41.029  -4.897  40.991 0.0000000000
117020  -41.350  -4.907  41.524 0.0000000000
118484  -42.165  -5.130  40.821 0.0000000000
57088  -43.449  -4.807  40.402 0.0000000000
57885  -44.519  -3.982  39.721 0.0000000000
140512  -43.863  -4.618  39.098 0.0000000000
57122  -43.870  -4.546  36.612 0.0000000000
58686  -39.200  -1.344  33.025 0.0000000000
61157  -40.894  -0.110  31.802 0.0000000000
59532  -41.278  -1.169  30.137 0.0000000000
57920  -42.653  -3.853  29.632 0.0000000000
57146  -42.860  -4.532  31.080 0.0000000000
58694  -45.061  -1.328  33.469 0.0000000000
59529  -44.880  -0.818  32.286 0.0000000000
61158  -44.835  0.240  31.690 0.0000000000
62688  -45.726  -0.774  27.523 0.0000000000
119632  -46.383  -0.526  25.757 0.0000000000
135671  -46.259  0.304  25.453 0.0000000000
145425  -46.869  0.931  25.152 0.0000000000
64088  -44.621  6.116  22.924 0.0000000000
63385  -46.057  5.131  23.135 0.0000000000
64084  -47.909  6.212  24.620 0.0000000000
144968  -50.477  5.769  26.524 0.0000000000
116866  -29.187  -14.961  43.525 0.0000000000
116860  -29.181  -15.353  44.457 0.0000000000
118410  -32.124  -15.709  44.474 0.0000000000
134785  -16.333  -14.158  45.261 0.0000000000
120338  -17.266  -16.760  49.472 0.0000000000
61093  -44.722  -1.562  44.193 0.0000000000
61104  -45.033  -1.380  43.865 0.0000000000
52482  -27.425  -13.202  49.594 0.0000000000
52483  -27.885  -13.081  49.559 0.0000000000
142768  -28.093  -13.262  49.395 0.0000000000
57053  -39.419  -3.927  41.642 0.0000000000
54007  -27.805  -7.162  43.081 0.0000000000
53239  -27.943  -8.120  41.450 0.0000000000
118316  -26.618  -9.877  39.444 0.0000000000
52481  -27.095  -13.307  48.597 0.0000000000
140164  -39.942  1.396  43.997 0.0000000000
58647  -34.354  1.795  40.216 0.0000000000
58636  -35.976  2.414  40.851 0.0000000000
134882  -51.870  2.827  29.530 0.0000000000
136439  -53.009  4.585  29.961 0.0000000000
64821  -56.173  7.760  27.162 0.0000000000
66338  -56.427  8.352  27.432 0.0000000000
118736  -58.165  7.347  26.120 0.0000000000
66340  -59.546  6.442  25.624 0.0000000000
135750  -54.856  5.537  25.589 0.0000000000
118453  -53.306  7.098  24.618 0.0000000000
135341  -52.715  8.438  23.679 0.0000000000
140588  -13.513  -15.141  51.830 0.0000000000
120632  -40.297  -2.893  41.571 0.0000000000
117025  -40.253  -2.798  41.067 0.0000000000
119539  -40.012  -1.790  40.046 0.0000000000
117022  -40.310  -2.593  40.543 0.0000000000
135953  -40.681  -3.959  40.949 0.0000000000
118974  -40.343  -4.123  39.928 0.0000000000
56339  -39.185  -5.686  37.994 0.0000000000
56349  -39.101  -5.955  36.459 0.0000000000
61936  -39.335  0.676  32.969 0.0000000000
62651  -38.122  2.130  31.830 0.0000000000
61943  -40.895  0.087  31.993 0.0000000000
121856  -42.173  -0.192  30.988 0.0000000000
117084  -40.885  -0.736  30.039 0.0000000000
120221  -40.250  -0.740  29.012 0.0000000000
122823  -38.320  0.525  26.458 0.0000000000
123777  -42.688  0.498  23.313 0.0000000000
62700  -43.945  1.112  23.188 0.0000000000
140061  -42.942  1.933  22.368 0.0000000000
118989  -42.529  3.589  21.601 0.0000000000
63384  -43.556  4.960  22.257 0.0000000000
118556  -41.165  6.661  22.458 0.0000000000
64093  -43.039  6.195  22.536 0.0000000000
144787  -43.685  6.166  22.678 0.0000000000
64856  -44.565  7.599  23.916 0.0000000000
64849  -45.715  7.981  25.135 0.0000000000
49521  -32.817  -15.273  41.477 0.0000000000
50296  -33.762  -15.012  40.942 0.0000000000
50297  -35.728  -14.594  41.770 0.0000000000
50313  -36.008  -13.811  39.612 0.0000000000
119228  -19.575  -11.794  46.884 0.0000000000
134835  -19.532  -12.951  45.491 0.0000000000
118158  -19.894  -14.806  45.891 0.0000000000
119095  -24.683  -13.852  50.357 0.0000000000
49445  -10.077  -12.954  51.276 0.0000000000
49444  -9.016  -12.588  51.968 0.0000000000
64044  -54.853  7.409  30.079 0.0000000000
64814  -55.348  7.832  29.018 0.0000000000
60295  -45.714  -0.114  38.056 0.0000000000
116912  -37.321  -8.619  35.635 0.0000000000
53269  -38.737  -9.024  38.241 0.0000000000
56285  -39.815  -5.413  41.640 0.0000000000
116371  -21.142  -9.934  47.431 0.0000000000
135923  -56.552  13.624  15.205 0.0000000000
61855  -40.154  1.962  44.243 0.0000000000
117040  -40.239  1.506  44.054 0.0000000000
116865  -28.139  -14.457  43.723 0.0000000000
116886  -29.990  -10.134  42.196 0.0000000000
119757  -29.801  -11.302  41.154 0.0000000000
51040  -34.132  -13.409  37.140 0.0000000000
51039  -32.785  -13.359  36.543 0.0000000000
129985  -34.097  -12.951  36.113 0.0000000000
51048  -34.889  -12.159  34.994 0.0000000000
51802  -35.816  -11.101  34.998 0.0000000000
52564  -36.490  -10.151  35.604 0.0000000000
53268  -31.856  -7.609  39.614 0.0000000000
52553  -31.955  -8.355  37.039 0.0000000000
53283  -33.032  -8.751  34.837 0.0000000000
137086  -33.514  -7.830  35.328 0.0000000000
53284  -34.055  -8.575  34.081 0.0000000000
53285  -35.218  -9.009  34.651 0.0000000000
141094  -37.461  -4.246  35.075 0.0000000000
55553  -38.422  -5.479  37.032 0.0000000000
57864  -38.744  -0.830  38.166 0.0000000000
57850  -38.829  -0.246  38.909 0.0000000000
117028  -39.072  -3.032  39.848 0.0000000000
117029  -38.978  -3.678  40.181 0.0000000000
135128  -30.082  -8.493  45.277 0.0000000000
134760  -51.542  1.182  30.881 0.0000000000
117767  -52.011  2.199  30.034 0.0000000000
60338  -51.504  0.847  29.766 0.0000000000
62681  -54.997  4.585  25.592 0.0000000000
118421  -55.913  6.795  26.354 0.0000000000
134343  -56.268  3.204  25.134 0.0000000000
66407  -51.256  7.351  13.157 0.0000000000
118986  -49.473  7.776  15.111 0.0000000000
139491  -49.337  7.826  13.156 0.0000000000
67950  -49.700  11.346  10.466 0.0000000000
67951  -50.132  12.868  12.315 0.0000000000
136829  -52.295  13.658  13.228 0.0000000000
68721  -54.226  13.740  16.775 0.0000000000
125789  -12.341  -13.326  52.084 0.0000000000
60256  -43.010  -1.932  44.256 0.0000000000
60273  -44.787  -2.294  43.347 0.0000000000
132617  -42.795  -4.005  43.165 0.0000000000
59491  -43.285  -3.438  43.608 0.0000000000
60284  -45.983  -1.831  41.023 0.0000000000
59504  -46.009  -1.376  39.785 0.0000000000
59510  -45.675  -2.201  39.431 0.0000000000
59511  -45.751  -1.030  38.672 0.0000000000
129165  -45.529  -0.894  37.636 0.0000000000
57901  -38.810  -1.554  36.642 0.0000000000
58679  -39.260  -0.444  36.159 0.0000000000
57120  -38.093  -4.254  36.396 0.0000000000
55577  -39.718  -6.628  35.281 0.0000000000
127626  -39.615  -0.674  32.910 0.0000000000
57913  -39.316  -2.701  31.966 0.0000000000
129581  -40.545  -1.400  31.064 0.0000000000
57132  -38.785  -5.543  31.970 0.0000000000
55588  -39.300  -6.760  34.001 0.0000000000
55578  -40.811  -6.872  35.455 0.0000000000
55579  -41.978  -6.524  35.774 0.0000000000
57140  -43.758  -4.622  33.003 0.0000000000
126398  -44.444  -3.750  35.275 0.0000000000
59516  -45.448  -0.882  36.626 0.0000000000
60312  -45.296  -0.454  33.795 0.0000000000
61950  -42.899  0.465  30.420 0.0000000000
62645  -44.364  0.246  30.947 0.0000000000
62653  -44.210  -0.165  30.298 0.0000000000
117901  -49.466  -0.171  29.534 0.0000000000
136601  -49.260  -1.368  26.441 0.0000000000
62708  -46.724  1.785  23.989 0.0000000000
62702  -47.839  2.560  23.870 0.0000000000
62703  -49.217  1.231  23.125 0.0000000000
118226  -51.944  2.116  24.460 0.0000000000
117043  -51.778  3.003  26.994 0.0000000000
117046  -51.939  4.250  28.997 0.0000000000
119403  -51.111  5.095  26.923 0.0000000000
135633  -52.009  5.016  28.527 0.0000000000
117664  -52.857  5.064  30.102 0.0000000000
117680  -52.796  5.949  30.751 0.0000000000
116887  -29.939  -15.588  45.612 0.0000000000
116881  -33.969  -15.194  45.034 0.0000000000
116879  -33.282  -15.185  45.893 0.0000000000
116873  -32.086  -14.613  47.466 0.0000000000
50244  -11.842  -15.027  49.942 0.0000000000
50254  -15.100  -13.895  46.652 0.0000000000
49493  -12.587  -15.690  47.250 0.0000000000
48726  -11.201  -16.297  47.802 0.0000000000
49486  -12.127  -16.838  49.318 0.0000000000
49480  -15.063  -16.620  51.525 0.0000000000
116355  -21.254  -14.979  50.086 0.0000000000
135812  -20.513  -15.404  49.824 0.0000000000
133712  -10.874  -16.216  49.933 0.0000000000
141200  -8.418  -13.185  51.463 0.0000000000
48722  -6.955  -13.579  50.744 0.0000000000
49472  -7.186  -12.852  52.025 0.0000000000
51059  -34.440  -11.854  33.667 0.0000000000
51801  -33.491  -11.644  34.002 0.0000000000
52570  -34.129  -10.551  33.265 0.0000000000
52577  -34.285  -11.443  33.389 0.0000000000
54048  -33.457  -7.883  34.206 0.0000000000
54746  -26.017  -5.991  42.363 0.0000000000
55560  -33.953  -3.141  33.211 0.0000000000
55568  -40.251  -6.450  36.374 0.0000000000
55587  -39.262  -6.842  33.125 0.0000000000
55589  -40.148  -6.991  34.338 0.0000000000
55597  -39.829  -7.010  33.357 0.0000000000
56336  -32.995  -2.664  34.553 0.0000000000
56338  -36.549  -3.057  34.887 0.0000000000
56350  -40.298  -5.976  37.452 0.0000000000
56356  -38.880  -6.185  34.918 0.0000000000
56363  -38.631  -6.204  33.561 0.0000000000
57096  -33.883  -2.072  35.100 0.0000000000
57099  -40.018  -4.962  39.112 0.0000000000
57106  -34.233  -2.033  35.072 0.0000000000
57107  -34.631  -2.078  34.966 0.0000000000
57108  -35.534  -2.207  34.976 0.0000000000
57109  -38.384  -4.901  37.068 0.0000000000
57929  -43.029  -1.987  29.248 0.0000000000
58698  -43.600  -2.021  29.851 0.0000000000
59537  -42.122  -0.929  30.449 0.0000000000
59545  -43.156  -1.809  29.505 0.0000000000
60322  -43.650  -0.698  30.340 0.0000000000
61937  -45.572  0.531  32.329 0.0000000000
61944  -43.180  0.059  30.844 0.0000000000
64089  -45.689  6.969  23.616 0.0000000000
66351  -56.968  7.465  25.961 0.0000000000
66360  -58.028  5.902  24.814 0.0000000000
66398  -50.724  6.906  14.811 0.0000000000
67151  -56.722  6.889  25.984 0.0000000000
67153  -56.793  7.979  25.960 0.0000000000
117016  -41.444  -4.978  40.914 0.0000000000
117909  -52.658  3.842  29.988 0.0000000000
117951  -52.126  2.258  30.481 0.0000000000
118835  -50.040  8.757  11.176 0.0000000000
119049  -41.695  -4.748  42.179 0.0000000000
119262  -42.176  5.518  22.005 0.0000000000
120191  -26.173  -7.141  40.403 0.0000000000
120280  -42.388  6.842  22.881 0.0000000000
128404  -60.046  7.986  24.998 0.0000000000
132671  -40.997  -0.654  31.076 0.0000000000
136539  -52.194  2.360  30.094 0.0000000000
138568  -40.960  -1.123  28.242 0.0000000000
140665  -42.191  -6.462  33.357 0.0000000000
144270  -11.315  -15.704  49.010 0.0000000000
