#!ascii label  , from subject sub-1009 vox2ras=TkReg
1362
93683  -55.595  47.916  -4.997 0.0000000000
107234  -44.843  67.715  -17.641 0.0000000000
98696  -45.627  52.083  -12.257 0.0000000000
98754  -51.911  53.919  -18.098 0.0000000000
126342  -46.971  65.856  -19.503 0.0000000000
102849  -50.017  62.391  -15.120 0.0000000000
101265  -49.370  58.865  -18.265 0.0000000000
96829  -51.618  53.704  -20.049 0.0000000000
93083  -53.509  46.392  8.222 0.0000000000
95425  -54.855  49.040  -0.815 0.0000000000
105491  -37.758  63.892  -19.770 0.0000000000
104835  -44.384  64.152  -21.888 0.0000000000
104854  -48.651  64.072  -25.474 0.0000000000
138374  -53.259  53.206  -8.379 0.0000000000
101731  -47.677  62.704  -13.201 0.0000000000
97999  -50.224  53.018  -15.456 0.0000000000
95482  -53.898  51.007  -11.074 0.0000000000
93712  -54.234  48.006  -14.597 0.0000000000
92156  -53.451  47.200  -17.812 0.0000000000
91630  -55.667  46.749  -5.637 0.0000000000
102867  -46.400  64.383  -21.269 0.0000000000
102858  -46.084  63.099  -16.571 0.0000000000
101764  -44.675  62.394  -18.109 0.0000000000
100106  -48.002  57.505  -18.781 0.0000000000
94177  -54.048  47.914  4.293 0.0000000000
95408  -53.731  49.470  0.840 0.0000000000
105483  -34.693  64.865  -18.106 0.0000000000
104842  -46.686  64.731  -23.769 0.0000000000
97373  -52.275  52.754  -7.888 0.0000000000
100070  -51.003  54.831  -9.501 0.0000000000
106066  -43.271  66.270  -16.268 0.0000000000
106039  -45.845  66.307  -15.165 0.0000000000
100672  -50.389  58.979  -17.018 0.0000000000
100668  -49.810  59.236  -16.573 0.0000000000
98742  -51.305  53.895  -17.105 0.0000000000
125566  -53.049  53.275  -12.818 0.0000000000
97397  -53.290  52.423  -14.690 0.0000000000
94858  -53.940  49.830  -13.423 0.0000000000
96186  -53.663  51.821  -16.629 0.0000000000
131596  -53.082  50.153  -19.033 0.0000000000
106708  -46.797  67.155  -18.620 0.0000000000
106060  -47.351  66.017  -15.638 0.0000000000
103538  -47.032  64.658  -16.328 0.0000000000
102281  -49.239  61.051  -16.619 0.0000000000
100101  -51.154  57.874  -18.918 0.0000000000
97414  -52.060  54.038  -19.522 0.0000000000
99503  -50.606  56.544  -20.278 0.0000000000
98056  -48.979  55.379  -20.317 0.0000000000
92599  -54.959  45.498  4.565 0.0000000000
93637  -54.953  47.113  1.868 0.0000000000
94225  -55.015  48.272  -1.891 0.0000000000
104793  -36.711  62.844  -16.198 0.0000000000
105478  -39.926  64.321  -18.122 0.0000000000
106703  -42.492  66.422  -18.850 0.0000000000
132908  -44.169  66.457  -19.629 0.0000000000
106128  -46.843  65.981  -21.143 0.0000000000
104832  -48.161  65.207  -22.514 0.0000000000
102293  -47.756  63.531  -23.950 0.0000000000
101783  -49.367  61.718  -25.980 0.0000000000
95449  -53.779  50.106  -4.098 0.0000000000
96751  -54.191  50.722  -4.859 0.0000000000
140894  -54.617  50.005  -6.021 0.0000000000
100076  -45.714  58.883  -14.426 0.0000000000
126159  -49.646  63.038  -13.716 0.0000000000
100081  -47.873  58.868  -15.633 0.0000000000
98714  -48.096  52.416  -13.837 0.0000000000
99465  -52.299  54.104  -11.102 0.0000000000
121766  -53.810  52.167  -9.260 0.0000000000
94252  -54.891  48.863  -8.118 0.0000000000
93157  -55.828  47.179  -9.393 0.0000000000
91078  -55.078  46.115  -10.847 0.0000000000
91090  -53.913  46.607  -12.067 0.0000000000
95499  -53.694  51.181  -18.268 0.0000000000
93178  -53.825  47.810  -16.734 0.0000000000
91100  -52.758  47.038  -14.089 0.0000000000
93142  -55.497  47.089  -2.542 0.0000000000
92627  -55.803  46.936  -3.011 0.0000000000
92634  -56.039  46.981  -5.264 0.0000000000
102289  -45.585  63.759  -21.313 0.0000000000
102288  -45.126  63.605  -19.715 0.0000000000
102287  -44.692  63.330  -20.148 0.0000000000
100681  -44.161  60.446  -18.197 0.0000000000
99442  -48.221  53.177  -9.483 0.0000000000
106075  -43.825  66.853  -16.815 0.0000000000
99484  -50.785  56.660  -18.614 0.0000000000
99479  -50.576  56.523  -18.260 0.0000000000
98743  -51.559  54.025  -17.671 0.0000000000
98014  -52.796  52.696  -15.836 0.0000000000
97398  -53.013  52.500  -16.226 0.0000000000
96799  -53.435  52.058  -16.167 0.0000000000
97405  -53.199  52.553  -17.463 0.0000000000
130947  -47.018  66.638  -19.259 0.0000000000
104806  -47.062  66.087  -17.481 0.0000000000
138652  -46.941  65.843  -18.329 0.0000000000
101766  -47.841  60.306  -17.053 0.0000000000
102280  -48.191  61.465  -16.409 0.0000000000
101767  -49.625  59.734  -17.690 0.0000000000
101258  -50.417  59.155  -18.002 0.0000000000
124976  -50.146  58.695  -19.161 0.0000000000
144051  -50.905  57.228  -20.070 0.0000000000
124909  -49.706  57.883  -19.206 0.0000000000
99509  -48.169  56.305  -19.566 0.0000000000
94774  -54.287  48.901  2.084 0.0000000000
93629  -54.626  47.472  3.214 0.0000000000
94201  -54.868  48.105  1.208 0.0000000000
94209  -54.998  47.891  -0.116 0.0000000000
94798  -54.911  48.909  -0.873 0.0000000000
106103  -37.277  63.924  -19.523 0.0000000000
141488  -38.408  63.597  -18.363 0.0000000000
130174  -39.943  64.802  -18.887 0.0000000000
142321  -41.435  65.691  -17.935 0.0000000000
106105  -40.706  65.232  -19.106 0.0000000000
104829  -42.917  64.424  -20.927 0.0000000000
105499  -43.074  65.600  -20.003 0.0000000000
105506  -44.796  65.428  -20.714 0.0000000000
106126  -45.782  65.954  -20.533 0.0000000000
121961  -45.495  65.095  -21.485 0.0000000000
104852  -47.782  64.655  -24.862 0.0000000000
105525  -47.410  65.180  -23.749 0.0000000000
104843  -48.133  64.685  -24.236 0.0000000000
103552  -48.214  64.087  -24.097 0.0000000000
102876  -48.702  63.398  -24.875 0.0000000000
102296  -48.237  62.926  -24.716 0.0000000000
121660  -49.347  62.690  -25.713 0.0000000000
94832  -49.704  49.152  -6.038 0.0000000000
94239  -50.007  47.860  -4.333 0.0000000000
94824  -51.844  48.855  -4.651 0.0000000000
94816  -52.982  49.157  -2.842 0.0000000000
95459  -52.782  50.194  -5.884 0.0000000000
97967  -52.850  53.060  -8.093 0.0000000000
96757  -53.695  51.294  -6.047 0.0000000000
96771  -54.200  51.993  -6.267 0.0000000000
96151  -54.345  50.672  -5.410 0.0000000000
96774  -53.915  51.852  -7.356 0.0000000000
101729  -46.643  62.192  -13.213 0.0000000000
101226  -45.522  60.495  -13.658 0.0000000000
101228  -47.148  61.218  -13.934 0.0000000000
104167  -48.766  64.070  -15.028 0.0000000000
104789  -48.511  64.790  -14.184 0.0000000000
126947  -50.030  63.093  -14.770 0.0000000000
98728  -49.419  55.403  -16.577 0.0000000000
100083  -49.203  59.682  -15.979 0.0000000000
99469  -48.296  56.999  -16.135 0.0000000000
99468  -47.680  56.428  -15.638 0.0000000000
97992  -48.700  53.610  -15.107 0.0000000000
98715  -50.545  52.156  -12.301 0.0000000000
98722  -51.981  52.948  -12.747 0.0000000000
96788  -53.672  52.511  -12.496 0.0000000000
97387  -53.687  53.231  -10.732 0.0000000000
120912  -53.850  51.635  -10.510 0.0000000000
95474  -54.066  50.534  -8.924 0.0000000000
94849  -54.270  49.812  -9.312 0.0000000000
93699  -55.555  47.736  -8.507 0.0000000000
94261  -54.313  49.208  -10.635 0.0000000000
93708  -54.159  48.629  -13.903 0.0000000000
139982  -54.712  47.806  -12.287 0.0000000000
92656  -55.019  47.015  -12.630 0.0000000000
91084  -54.697  46.259  -11.503 0.0000000000
92658  -54.559  47.155  -13.959 0.0000000000
96817  -52.303  53.108  -19.745 0.0000000000
96811  -53.528  52.186  -19.022 0.0000000000
96207  -53.251  51.870  -19.255 0.0000000000
93725  -53.171  48.881  -18.581 0.0000000000
123899  -53.468  48.956  -18.188 0.0000000000
92667  -53.711  47.358  -17.035 0.0000000000
91653  -54.056  46.821  -14.990 0.0000000000
91656  -53.672  46.932  -16.265 0.0000000000
116852  -51.510  47.466  -15.321 0.0000000000
92614  -55.338  45.797  1.094 0.0000000000
126126  -54.652  46.551  -5.877 0.0000000000
131547  -47.004  65.016  -20.643 0.0000000000
102863  -45.908  64.420  -17.863 0.0000000000
102862  -45.472  63.844  -17.954 0.0000000000
101765  -46.049  61.357  -16.904 0.0000000000
101257  -46.964  60.195  -17.141 0.0000000000
100683  -47.742  58.663  -17.948 0.0000000000
100682  -45.962  59.271  -17.616 0.0000000000
93611  -53.707  47.599  6.051 0.0000000000
95382  -53.395  48.747  4.597 0.0000000000
96108  -54.121  49.897  -0.012 0.0000000000
105496  -36.314  64.022  -20.777 0.0000000000
104841  -46.097  64.354  -23.292 0.0000000000
104867  -47.929  63.844  -25.870 0.0000000000
129364  -48.946  63.392  -26.211 0.0000000000
96159  -52.362  51.516  -7.137 0.0000000000
98671  -51.754  54.807  -8.682 0.0000000000
99410  -52.271  55.285  -9.056 0.0000000000
104147  -47.247  64.166  -13.618 0.0000000000
101752  -50.549  60.689  -16.411 0.0000000000
101248  -50.458  60.877  -15.617 0.0000000000
100088  -50.070  58.977  -17.002 0.0000000000
99475  -50.321  55.926  -17.720 0.0000000000
98012  -50.803  53.923  -16.675 0.0000000000
98723  -52.371  52.879  -13.432 0.0000000000
98730  -52.569  52.694  -14.913 0.0000000000
144369  -53.259  52.873  -13.425 0.0000000000
122235  -53.701  51.949  -13.092 0.0000000000
94856  -53.984  49.999  -11.995 0.0000000000
96177  -53.767  51.358  -13.657 0.0000000000
137590  -53.866  50.555  -14.741 0.0000000000
94864  -53.868  50.100  -15.812 0.0000000000
95521  -52.911  51.639  -19.356 0.0000000000
99453  -44.147  55.021  -13.766 0.0000000000
107246  -45.949  68.019  -18.066 0.0000000000
106667  -46.228  67.743  -16.897 0.0000000000
106083  -46.999  67.147  -17.154 0.0000000000
104804  -47.513  65.332  -16.208 0.0000000000
141746  -48.613  62.816  -15.301 0.0000000000
102859  -46.472  63.680  -16.290 0.0000000000
102855  -48.237  62.634  -15.544 0.0000000000
129185  -50.111  61.142  -16.393 0.0000000000
101761  -50.469  60.010  -17.127 0.0000000000
131644  -50.799  57.903  -18.533 0.0000000000
99489  -51.092  55.983  -19.001 0.0000000000
98029  -52.424  53.619  -18.718 0.0000000000
98759  -51.284  55.908  -19.744 0.0000000000
98773  -51.313  55.744  -20.117 0.0000000000
98059  -50.780  55.148  -20.654 0.0000000000
141865  -48.982  57.127  -19.441 0.0000000000
98780  -50.145  55.875  -20.620 0.0000000000
93114  -54.426  46.626  5.014 0.0000000000
93122  -54.979  46.166  2.995 0.0000000000
92609  -55.185  45.903  1.600 0.0000000000
93136  -55.113  47.023  -0.056 0.0000000000
93669  -55.087  47.649  -1.486 0.0000000000
93679  -55.124  47.969  -3.320 0.0000000000
104787  -38.925  62.852  -15.694 0.0000000000
104803  -39.597  63.475  -17.054 0.0000000000
105462  -40.879  64.435  -16.521 0.0000000000
106073  -41.581  65.327  -16.879 0.0000000000
106082  -42.943  66.625  -17.666 0.0000000000
106695  -43.966  67.180  -18.117 0.0000000000
105497  -40.843  64.492  -19.999 0.0000000000
105498  -42.035  65.352  -19.759 0.0000000000
106723  -43.050  66.509  -19.186 0.0000000000
107262  -44.609  67.327  -18.657 0.0000000000
106716  -45.677  67.198  -19.168 0.0000000000
106718  -46.567  66.777  -19.635 0.0000000000
139333  -47.093  66.171  -20.777 0.0000000000
105514  -46.446  65.081  -22.598 0.0000000000
106136  -47.092  66.173  -21.876 0.0000000000
104822  -47.305  65.359  -21.369 0.0000000000
103548  -47.337  64.861  -21.916 0.0000000000
102870  -47.059  63.985  -22.900 0.0000000000
101779  -47.868  62.575  -24.801 0.0000000000
101281  -48.598  61.902  -25.524 0.0000000000
102305  -49.720  62.017  -26.589 0.0000000000
95432  -53.498  49.595  -1.529 0.0000000000
131163  -53.916  49.939  -1.400 0.0000000000
96150  -53.648  50.837  -5.676 0.0000000000
96133  -54.106  50.278  -3.619 0.0000000000
96134  -54.509  50.049  -2.940 0.0000000000
95443  -54.854  49.634  -3.064 0.0000000000
94827  -55.023  49.083  -4.119 0.0000000000
94246  -55.133  48.783  -5.503 0.0000000000
98711  -45.588  55.343  -14.529 0.0000000000
106048  -46.805  66.272  -15.294 0.0000000000
104779  -47.777  64.965  -14.079 0.0000000000
102253  -48.858  62.754  -13.259 0.0000000000
100658  -49.913  60.926  -14.951 0.0000000000
101238  -49.508  61.442  -14.329 0.0000000000
101236  -48.262  61.093  -14.482 0.0000000000
100080  -47.290  58.900  -15.301 0.0000000000
99463  -46.297  56.553  -15.108 0.0000000000
98703  -46.932  52.360  -13.220 0.0000000000
99455  -49.628  52.629  -10.137 0.0000000000
99446  -51.769  54.874  -10.073 0.0000000000
98692  -52.985  54.559  -9.625 0.0000000000
122537  -52.955  54.032  -11.821 0.0000000000
97986  -53.393  53.837  -10.535 0.0000000000
97382  -53.671  52.773  -8.666 0.0000000000
96165  -54.032  51.158  -8.174 0.0000000000
94841  -54.830  49.343  -6.883 0.0000000000
93689  -55.440  48.218  -5.984 0.0000000000
130156  -56.095  47.241  -6.755 0.0000000000
92124  -56.037  46.948  -7.555 0.0000000000
130187  -55.420  46.638  -7.791 0.0000000000
93706  -54.867  47.918  -11.331 0.0000000000
131780  -56.061  47.107  -9.961 0.0000000000
91061  -54.789  46.703  -8.847 0.0000000000
141287  -54.122  47.066  -9.678 0.0000000000
91074  -52.522  47.504  -10.411 0.0000000000
97411  -53.284  52.701  -18.337 0.0000000000
95496  -53.727  51.413  -17.736 0.0000000000
94275  -53.819  49.282  -16.718 0.0000000000
140538  -53.299  50.726  -18.836 0.0000000000
120278  -53.769  49.170  -17.347 0.0000000000
93173  -54.071  48.148  -15.388 0.0000000000
91652  -54.290  46.794  -14.041 0.0000000000
123070  -53.468  46.660  -13.312 0.0000000000
93680  -55.607  47.485  -3.819 0.0000000000
129756  -55.879  46.916  -2.941 0.0000000000
92626  -55.991  46.964  -3.880 0.0000000000
92631  -55.948  47.011  -4.184 0.0000000000
93147  -55.979  47.258  -5.158 0.0000000000
101774  -45.297  63.391  -21.787 0.0000000000
98697  -46.901  51.554  -11.294 0.0000000000
106675  -44.188  67.193  -17.188 0.0000000000
106665  -45.050  67.346  -16.544 0.0000000000
107226  -45.450  67.742  -16.901 0.0000000000
98748  -51.469  54.335  -18.023 0.0000000000
99480  -51.005  55.287  -18.304 0.0000000000
98749  -52.061  53.556  -17.660 0.0000000000
98017  -52.542  52.891  -16.928 0.0000000000
98019  -52.696  53.145  -17.952 0.0000000000
97401  -52.885  52.721  -17.184 0.0000000000
144349  -47.051  65.964  -19.477 0.0000000000
104809  -47.015  65.927  -18.275 0.0000000000
104179  -46.701  65.535  -18.761 0.0000000000
131523  -48.787  60.225  -17.241 0.0000000000
101770  -49.024  59.488  -17.736 0.0000000000
101266  -49.951  58.898  -18.463 0.0000000000
100691  -49.904  57.897  -19.402 0.0000000000
101270  -49.857  58.362  -18.879 0.0000000000
93092  -54.023  46.043  7.203 0.0000000000
95409  -54.333  49.188  1.170 0.0000000000
94775  -54.538  48.662  1.645 0.0000000000
95410  -54.644  48.944  0.407 0.0000000000
94791  -54.838  48.774  -0.024 0.0000000000
95419  -54.822  48.915  -0.260 0.0000000000
106095  -38.863  64.258  -19.204 0.0000000000
106104  -39.251  64.414  -19.234 0.0000000000
106096  -40.382  65.104  -19.021 0.0000000000
104198  -43.864  63.187  -22.306 0.0000000000
104190  -43.435  63.855  -21.611 0.0000000000
104830  -43.959  64.834  -21.046 0.0000000000
104831  -44.835  64.786  -21.459 0.0000000000
104836  -45.290  64.355  -22.342 0.0000000000
144393  -47.929  64.535  -25.109 0.0000000000
104853  -47.865  64.831  -24.400 0.0000000000
104844  -48.466  64.223  -24.908 0.0000000000
104212  -48.865  64.061  -24.993 0.0000000000
103568  -49.124  63.425  -24.859 0.0000000000
103560  -49.127  62.984  -25.210 0.0000000000
95465  -49.067  50.649  -7.372 0.0000000000
95457  -50.161  49.996  -6.657 0.0000000000
94833  -51.148  49.297  -5.810 0.0000000000
95447  -52.350  49.513  -5.342 0.0000000000
97968  -53.150  52.842  -7.992 0.0000000000
97375  -53.088  52.118  -6.995 0.0000000000
97376  -53.637  52.145  -7.234 0.0000000000
96772  -53.868  51.972  -7.068 0.0000000000
125180  -53.529  52.580  -7.926 0.0000000000
102829  -46.963  63.080  -13.013 0.0000000000
101730  -47.367  62.175  -13.353 0.0000000000
101222  -46.835  61.613  -13.517 0.0000000000
101223  -47.567  61.824  -13.596 0.0000000000
103530  -49.623  63.001  -14.911 0.0000000000
103529  -49.052  63.859  -14.874 0.0000000000
102847  -49.883  62.799  -14.883 0.0000000000
99470  -48.902  56.920  -16.627 0.0000000000
98727  -48.863  55.126  -15.907 0.0000000000
98726  -48.223  55.283  -15.594 0.0000000000
97998  -49.467  53.349  -15.193 0.0000000000
97993  -49.768  52.122  -14.086 0.0000000000
138881  -50.363  52.211  -14.427 0.0000000000
96173  -53.835  51.869  -11.314 0.0000000000
95480  -53.935  50.855  -10.279 0.0000000000
95477  -54.025  50.523  -9.651 0.0000000000
94852  -54.100  50.007  -10.197 0.0000000000
94258  -54.477  49.137  -9.768 0.0000000000
94854  -54.020  50.078  -11.116 0.0000000000
145098  -54.139  48.467  -14.463 0.0000000000
93168  -54.643  47.546  -13.140 0.0000000000
93170  -54.516  47.478  -13.886 0.0000000000
126708  -54.733  47.039  -13.395 0.0000000000
97433  -51.876  53.909  -19.935 0.0000000000
96206  -52.720  52.681  -19.566 0.0000000000
96830  -52.186  52.923  -19.788 0.0000000000
93181  -53.324  47.804  -18.432 0.0000000000
93726  -53.368  48.314  -18.315 0.0000000000
92670  -53.559  47.437  -17.701 0.0000000000
92150  -53.801  47.112  -16.624 0.0000000000
91662  -53.551  47.015  -17.041 0.0000000000
91108  -53.374  46.974  -16.110 0.0000000000
91659  -53.465  46.951  -16.870 0.0000000000
93137  -55.329  46.502  -0.474 0.0000000000
91629  -55.268  46.553  -5.413 0.0000000000
91634  -55.550  46.703  -6.253 0.0000000000
103544  -46.750  64.867  -20.918 0.0000000000
102865  -46.055  64.585  -19.565 0.0000000000
102864  -45.601  64.061  -19.609 0.0000000000
102283  -44.982  63.150  -17.960 0.0000000000
101256  -45.683  60.758  -17.121 0.0000000000
101263  -46.591  59.685  -17.393 0.0000000000
101262  -44.691  60.882  -17.749 0.0000000000
94744  -53.102  48.798  5.986 0.0000000000
96096  -53.963  49.306  1.810 0.0000000000
96101  -53.930  49.489  1.116 0.0000000000
105490  -35.843  64.151  -20.250 0.0000000000
104860  -47.632  64.118  -25.432 0.0000000000
104235  -47.810  63.243  -26.267 0.0000000000
104240  -47.865  62.602  -26.581 0.0000000000
100048  -50.126  55.771  -9.006 0.0000000000
99393  -51.022  55.208  -8.785 0.0000000000
141482  -51.173  55.367  -8.926 0.0000000000
99395  -52.101  55.126  -8.864 0.0000000000
100050  -51.602  55.385  -9.122 0.0000000000
106065  -42.591  65.631  -15.717 0.0000000000
139972  -46.333  65.139  -14.299 0.0000000000
127672  -50.443  59.845  -16.860 0.0000000000
100089  -50.381  57.973  -17.904 0.0000000000
99476  -50.654  55.501  -17.880 0.0000000000
98741  -50.795  54.682  -17.389 0.0000000000
98011  -50.480  54.943  -17.232 0.0000000000
98013  -50.960  53.861  -16.807 0.0000000000
98735  -51.846  52.884  -15.934 0.0000000000
98736  -52.063  52.957  -16.194 0.0000000000
97396  -53.037  52.677  -15.208 0.0000000000
98009  -53.013  52.888  -14.874 0.0000000000
97394  -53.376  52.563  -13.791 0.0000000000
96790  -53.668  52.154  -13.364 0.0000000000
96793  -53.602  51.990  -14.194 0.0000000000
96180  -53.660  51.846  -14.024 0.0000000000
96184  -53.685  51.714  -15.694 0.0000000000
129213  -53.812  51.285  -15.726 0.0000000000
120801  -53.858  50.728  -15.427 0.0000000000
127266  -53.836  50.880  -16.300 0.0000000000
107256  -46.182  67.913  -18.323 0.0000000000
145072  -46.533  67.846  -17.527 0.0000000000
106697  -47.097  67.152  -18.031 0.0000000000
127284  -46.979  65.521  -17.124 0.0000000000
105480  -47.174  65.944  -16.780 0.0000000000
104807  -47.189  65.444  -16.595 0.0000000000
104171  -48.009  63.919  -15.342 0.0000000000
103535  -47.695  63.785  -15.483 0.0000000000
103542  -46.316  64.916  -17.710 0.0000000000
102860  -47.935  62.268  -15.914 0.0000000000
102861  -48.899  61.851  -15.978 0.0000000000
102282  -49.935  60.740  -16.843 0.0000000000
101755  -50.167  60.522  -17.020 0.0000000000
101760  -50.332  59.990  -17.265 0.0000000000
101268  -51.227  58.093  -19.145 0.0000000000
138502  -50.644  58.972  -17.953 0.0000000000
100099  -50.919  57.739  -18.811 0.0000000000
99488  -50.958  56.813  -18.932 0.0000000000
124505  -50.977  57.007  -18.972 0.0000000000
98760  -51.430  55.242  -19.354 0.0000000000
99491  -51.081  56.700  -19.355 0.0000000000
140122  -50.846  57.080  -20.053 0.0000000000
99505  -51.114  56.284  -20.080 0.0000000000
98772  -51.123  55.769  -20.276 0.0000000000
98049  -51.157  55.404  -20.370 0.0000000000
128729  -48.744  57.814  -18.794 0.0000000000
98778  -48.614  55.785  -20.028 0.0000000000
99510  -49.110  56.166  -20.083 0.0000000000
93619  -53.798  47.825  5.215 0.0000000000
93612  -54.032  47.172  5.491 0.0000000000
93620  -54.216  47.382  4.571 0.0000000000
93636  -54.759  47.665  2.408 0.0000000000
93630  -54.873  46.943  2.689 0.0000000000
93125  -55.040  46.360  2.143 0.0000000000
93127  -55.076  46.594  1.361 0.0000000000
93131  -55.064  46.904  0.716 0.0000000000
93645  -54.998  47.258  1.065 0.0000000000
94217  -55.001  48.118  -1.005 0.0000000000
93661  -55.047  47.509  -0.589 0.0000000000
93675  -55.106  47.841  -2.350 0.0000000000
94233  -55.038  48.364  -2.809 0.0000000000
120695  -35.584  63.102  -15.813 0.0000000000
104785  -34.428  63.308  -15.373 0.0000000000
104786  -37.709  62.557  -15.246 0.0000000000
105475  -34.899  64.894  -17.636 0.0000000000
105476  -36.578  63.563  -18.315 0.0000000000
105477  -38.832  63.969  -18.751 0.0000000000
105469  -39.107  63.480  -17.873 0.0000000000
105470  -40.517  64.443  -17.357 0.0000000000
106072  -41.272  65.389  -17.750 0.0000000000
106089  -42.053  66.189  -18.486 0.0000000000
106081  -42.175  66.191  -17.968 0.0000000000
106684  -42.797  66.619  -18.230 0.0000000000
106685  -43.474  66.953  -17.963 0.0000000000
125741  -43.090  66.744  -18.697 0.0000000000
104819  -41.341  64.447  -20.225 0.0000000000
106115  -43.710  66.119  -19.790 0.0000000000
106114  -42.974  66.107  -19.556 0.0000000000
106724  -43.662  66.551  -19.409 0.0000000000
106705  -43.986  67.026  -18.826 0.0000000000
106714  -44.543  67.124  -19.001 0.0000000000
107263  -44.882  67.364  -18.785 0.0000000000
106725  -44.939  66.859  -19.401 0.0000000000
106127  -46.131  65.908  -21.010 0.0000000000
106118  -45.930  66.372  -20.075 0.0000000000
121247  -46.488  66.353  -20.283 0.0000000000
106120  -46.939  66.493  -19.941 0.0000000000
105522  -46.482  64.967  -23.064 0.0000000000
105523  -46.828  65.127  -23.304 0.0000000000
105526  -47.907  65.021  -23.538 0.0000000000
105515  -46.959  65.549  -22.945 0.0000000000
105517  -47.671  65.203  -22.864 0.0000000000
105509  -47.377  65.447  -21.885 0.0000000000
104183  -47.256  65.069  -21.385 0.0000000000
104191  -47.665  64.886  -22.189 0.0000000000
102871  -47.562  63.787  -23.522 0.0000000000
102292  -46.874  63.472  -23.297 0.0000000000
102295  -47.799  63.062  -24.384 0.0000000000
102297  -49.003  62.521  -25.338 0.0000000000
101780  -48.873  62.223  -25.440 0.0000000000
101782  -49.125  61.583  -25.927 0.0000000000
101284  -48.983  61.086  -26.226 0.0000000000
101285  -49.428  60.924  -26.456 0.0000000000
103577  -49.173  63.042  -26.221 0.0000000000
94796  -52.568  48.657  -0.996 0.0000000000
95441  -53.473  49.670  -3.304 0.0000000000
129579  -53.383  49.525  -2.332 0.0000000000
129766  -53.654  49.786  -2.312 0.0000000000
95433  -53.820  49.898  -1.649 0.0000000000
129897  -53.979  50.052  -2.574 0.0000000000
96769  -52.306  52.016  -7.495 0.0000000000
96149  -53.011  50.844  -6.258 0.0000000000
96756  -52.984  51.300  -6.735 0.0000000000
96758  -53.978  51.592  -5.868 0.0000000000
96750  -53.956  50.951  -5.028 0.0000000000
131349  -53.972  50.513  -3.955 0.0000000000
96740  -54.236  50.167  -3.130 0.0000000000
96144  -54.573  50.071  -3.758 0.0000000000
96124  -54.690  49.839  -2.759 0.0000000000
96145  -54.646  50.052  -4.118 0.0000000000
95468  -54.459  50.414  -5.729 0.0000000000
94834  -54.911  49.607  -4.531 0.0000000000
94837  -54.783  49.783  -5.303 0.0000000000
94835  -55.054  49.027  -5.109 0.0000000000
94838  -54.860  49.527  -5.727 0.0000000000
123040  -45.830  59.971  -14.052 0.0000000000
99454  -44.924  56.246  -14.316 0.0000000000
106669  -46.944  67.011  -16.462 0.0000000000
106660  -46.510  67.043  -16.113 0.0000000000
106049  -47.072  66.307  -15.614 0.0000000000
104157  -49.488  64.183  -13.949 0.0000000000
104781  -48.592  64.736  -14.054 0.0000000000
104151  -49.282  63.922  -13.791 0.0000000000
104149  -48.210  64.169  -13.319 0.0000000000
102835  -48.955  62.796  -13.113 0.0000000000
129098  -49.879  59.879  -16.006 0.0000000000
101243  -50.305  60.911  -15.120 0.0000000000
100667  -49.726  59.878  -16.047 0.0000000000
100082  -48.434  58.752  -16.050 0.0000000000
127311  -49.400  60.562  -15.287 0.0000000000
100661  -48.792  60.053  -15.536 0.0000000000
101237  -48.792  61.340  -14.408 0.0000000000
125389  -48.500  60.547  -15.041 0.0000000000
100655  -47.744  60.074  -15.033 0.0000000000
98721  -47.963  54.010  -15.012 0.0000000000
99467  -47.095  57.297  -15.479 0.0000000000
98713  -47.098  54.275  -14.840 0.0000000000
98712  -46.263  54.316  -14.561 0.0000000000
98704  -48.073  51.580  -12.475 0.0000000000
98705  -49.772  51.793  -11.696 0.0000000000
99464  -51.785  53.851  -10.988 0.0000000000
99457  -51.531  54.082  -10.484 0.0000000000
99458  -51.990  54.536  -10.458 0.0000000000
127840  -52.152  54.988  -10.213 0.0000000000
99448  -52.591  54.568  -10.334 0.0000000000
98724  -52.769  53.017  -13.630 0.0000000000
124731  -52.817  53.504  -12.462 0.0000000000
140950  -53.013  53.656  -12.135 0.0000000000
130856  -53.776  52.798  -10.445 0.0000000000
97989  -53.538  53.512  -10.899 0.0000000000
97385  -53.687  53.253  -9.951 0.0000000000
128784  -53.616  53.392  -9.464 0.0000000000
145577  -53.793  52.414  -9.033 0.0000000000
96776  -53.862  51.945  -8.142 0.0000000000
96168  -53.852  51.973  -8.651 0.0000000000
139849  -54.436  49.692  -8.467 0.0000000000
94845  -54.640  49.508  -7.642 0.0000000000
134319  -55.068  48.738  -7.298 0.0000000000
94248  -55.152  48.684  -6.538 0.0000000000
93691  -55.484  48.128  -6.864 0.0000000000
93690  -55.832  47.671  -6.381 0.0000000000
93695  -55.421  48.075  -7.789 0.0000000000
93156  -55.548  47.567  -9.181 0.0000000000
140519  -55.897  47.265  -8.468 0.0000000000
93154  -56.016  47.049  -8.648 0.0000000000
91641  -55.648  46.689  -7.851 0.0000000000
92127  -56.007  46.954  -8.579 0.0000000000
120840  -53.924  50.104  -12.701 0.0000000000
94264  -54.193  49.215  -11.528 0.0000000000
94265  -54.455  48.469  -11.889 0.0000000000
93166  -55.406  47.106  -11.525 0.0000000000
93165  -55.128  47.439  -11.468 0.0000000000
92132  -56.200  47.096  -11.033 0.0000000000
91069  -54.998  46.263  -9.363 0.0000000000
137955  -54.947  46.360  -9.736 0.0000000000
141887  -54.389  47.013  -9.099 0.0000000000
91076  -54.856  46.279  -10.224 0.0000000000
91091  -54.494  46.091  -11.940 0.0000000000
91083  -54.000  46.756  -11.081 0.0000000000
91082  -53.442  47.025  -11.455 0.0000000000
91081  -51.772  47.412  -11.176 0.0000000000
98036  -52.217  53.897  -18.993 0.0000000000
97407  -52.919  53.100  -18.348 0.0000000000
97410  -53.054  52.951  -18.763 0.0000000000
95505  -53.682  51.605  -18.685 0.0000000000
133549  -53.719  51.769  -18.362 0.0000000000
94866  -53.799  50.759  -17.141 0.0000000000
94868  -53.742  50.618  -17.778 0.0000000000
94888  -53.023  51.144  -19.209 0.0000000000
144513  -53.123  50.812  -19.063 0.0000000000
93718  -53.732  48.441  -17.396 0.0000000000
122415  -53.679  49.062  -17.810 0.0000000000
93716  -53.824  48.544  -16.791 0.0000000000
142808  -54.061  47.556  -15.857 0.0000000000
92662  -54.436  47.091  -14.564 0.0000000000
136777  -54.328  47.039  -15.013 0.0000000000
91105  -53.695  46.812  -14.746 0.0000000000
91101  -53.769  46.700  -13.823 0.0000000000
120919  -52.508  47.013  -13.296 0.0000000000
93139  -55.264  46.744  -1.324 0.0000000000
92116  -55.638  46.738  -3.667 0.0000000000
102866  -45.775  64.016  -20.883 0.0000000000
101769  -44.084  62.465  -19.089 0.0000000000
101261  -43.767  61.935  -19.276 0.0000000000
100059  -49.742  55.265  -9.060 0.0000000000
99443  -49.440  53.926  -9.269 0.0000000000
106656  -44.639  66.832  -16.123 0.0000000000
106652  -45.779  66.718  -15.553 0.0000000000
100092  -50.479  57.892  -17.989 0.0000000000
99477  -50.948  55.002  -17.932 0.0000000000
124576  -51.921  53.439  -16.980 0.0000000000
98744  -52.081  53.241  -16.924 0.0000000000
97399  -53.210  52.342  -15.672 0.0000000000
96796  -53.575  51.821  -15.222 0.0000000000
97402  -53.187  52.375  -16.641 0.0000000000
96802  -53.431  52.156  -17.058 0.0000000000
122716  -46.908  66.866  -19.000 0.0000000000
106097  -47.066  67.069  -18.291 0.0000000000
106098  -47.045  66.802  -18.642 0.0000000000
144224  -47.016  65.952  -17.840 0.0000000000
101758  -47.063  61.267  -16.654 0.0000000000
102279  -47.108  61.809  -16.361 0.0000000000
102284  -48.106  60.925  -16.763 0.0000000000
102285  -49.044  60.610  -17.019 0.0000000000
102286  -49.654  60.204  -17.311 0.0000000000
101759  -49.859  60.031  -17.419 0.0000000000
101768  -49.923  59.638  -17.700 0.0000000000
101267  -51.045  58.392  -18.855 0.0000000000
100685  -50.968  58.112  -19.181 0.0000000000
100107  -50.961  57.285  -19.845 0.0000000000
100692  -50.674  57.943  -19.593 0.0000000000
100699  -50.418  57.447  -20.136 0.0000000000
100116  -50.435  57.033  -20.063 0.0000000000
100114  -47.903  57.138  -19.006 0.0000000000
127747  -54.451  45.834  6.072 0.0000000000
94761  -54.091  48.619  3.161 0.0000000000
93623  -54.302  47.816  3.782 0.0000000000
94767  -54.339  48.634  2.457 0.0000000000
94196  -54.634  48.259  2.059 0.0000000000
93644  -54.870  47.776  1.569 0.0000000000
94202  -54.948  47.839  0.742 0.0000000000
94208  -54.946  48.198  0.419 0.0000000000
94216  -54.934  48.520  -0.505 0.0000000000
94224  -54.967  48.685  -1.381 0.0000000000
104792  -34.743  64.096  -16.679 0.0000000000
106094  -36.377  63.879  -19.071 0.0000000000
105484  -36.544  63.707  -18.677 0.0000000000
106087  -38.610  64.125  -19.116 0.0000000000
106080  -40.559  64.983  -18.457 0.0000000000
121405  -40.021  64.978  -18.845 0.0000000000
141537  -41.091  65.579  -18.900 0.0000000000
106702  -41.639  65.912  -19.290 0.0000000000
104189  -42.355  63.416  -21.455 0.0000000000
104820  -42.439  64.895  -20.321 0.0000000000
104821  -43.292  65.104  -20.455 0.0000000000
105500  -43.907  65.549  -20.274 0.0000000000
105501  -44.426  66.051  -20.027 0.0000000000
106116  -44.733  66.488  -19.732 0.0000000000
106125  -45.137  66.021  -20.250 0.0000000000
122965  -45.522  65.606  -20.848 0.0000000000
105507  -46.123  65.490  -21.465 0.0000000000
104851  -47.263  64.465  -24.884 0.0000000000
105531  -46.945  64.872  -24.022 0.0000000000
105532  -47.417  64.968  -24.226 0.0000000000
134025  -47.902  64.943  -23.239 0.0000000000
104192  -47.738  64.716  -22.916 0.0000000000
104201  -48.097  64.336  -24.010 0.0000000000
102873  -47.979  63.324  -24.227 0.0000000000
102874  -48.756  62.954  -25.022 0.0000000000
102877  -49.199  62.772  -25.441 0.0000000000
102299  -49.414  62.257  -25.793 0.0000000000
95456  -48.588  49.827  -6.868 0.0000000000
94823  -50.620  48.576  -5.069 0.0000000000
94806  -52.461  48.631  -2.211 0.0000000000
94815  -52.256  48.674  -3.410 0.0000000000
94825  -52.819  49.213  -4.065 0.0000000000
95448  -53.240  49.809  -4.679 0.0000000000
97966  -52.428  53.389  -8.197 0.0000000000
96770  -52.956  51.966  -7.125 0.0000000000
97366  -53.522  51.883  -6.767 0.0000000000
97367  -54.181  52.134  -6.528 0.0000000000
96759  -53.996  51.574  -5.798 0.0000000000
96752  -54.236  50.860  -5.057 0.0000000000
96760  -54.093  51.490  -6.114 0.0000000000
96160  -54.133  51.252  -6.445 0.0000000000
126310  -54.316  50.645  -6.476 0.0000000000
101221  -46.085  61.398  -13.413 0.0000000000
101227  -46.346  60.898  -13.802 0.0000000000
100651  -46.544  60.073  -14.385 0.0000000000
104800  -48.371  64.707  -15.141 0.0000000000
105458  -47.930  65.916  -15.211 0.0000000000
104796  -49.000  64.145  -15.049 0.0000000000
103526  -49.589  63.618  -14.302 0.0000000000
102840  -50.036  63.183  -14.009 0.0000000000
99471  -49.489  56.849  -17.156 0.0000000000
100085  -49.332  58.584  -16.684 0.0000000000
100084  -48.771  58.307  -16.412 0.0000000000
137215  -47.990  57.842  -15.918 0.0000000000
133088  -48.908  52.145  -13.880 0.0000000000
97994  -51.171  52.565  -12.830 0.0000000000
98717  -51.875  53.383  -11.729 0.0000000000
97389  -53.637  52.894  -11.976 0.0000000000
97996  -53.702  52.835  -11.909 0.0000000000
96785  -53.767  52.653  -11.413 0.0000000000
122236  -53.824  52.292  -10.750 0.0000000000
121799  -53.804  52.210  -10.046 0.0000000000
120914  -53.938  51.336  -8.687 0.0000000000
120913  -53.877  51.352  -9.603 0.0000000000
94251  -54.677  49.019  -8.936 0.0000000000
94255  -54.900  48.462  -9.372 0.0000000000
93702  -55.103  48.041  -9.701 0.0000000000
94267  -54.149  48.901  -13.269 0.0000000000
141584  -54.349  48.457  -12.634 0.0000000000
93709  -54.388  48.159  -13.196 0.0000000000
92651  -55.037  47.216  -12.315 0.0000000000
91649  -55.155  46.451  -11.798 0.0000000000
91085  -54.992  46.197  -10.986 0.0000000000
92137  -55.253  46.902  -12.051 0.0000000000
139074  -55.005  46.537  -12.380 0.0000000000
91098  -54.824  46.317  -12.416 0.0000000000
97424  -52.376  53.467  -19.610 0.0000000000
97415  -52.607  53.335  -19.136 0.0000000000
96818  -52.841  53.018  -19.357 0.0000000000
124282  -53.302  52.400  -19.270 0.0000000000
95504  -53.337  51.334  -19.007 0.0000000000
94291  -52.967  49.121  -18.837 0.0000000000
94284  -53.184  49.775  -18.715 0.0000000000
93720  -53.621  48.395  -17.884 0.0000000000
92665  -54.003  47.193  -16.142 0.0000000000
92147  -54.055  46.816  -16.066 0.0000000000
91109  -53.845  46.846  -15.582 0.0000000000
123106  -53.570  46.879  -15.467 0.0000000000
126728  -52.890  47.139  -14.919 0.0000000000
142518  -52.856  47.153  -15.463 0.0000000000
119607  -52.729  47.112  -16.159 0.0000000000
104181  -46.880  65.539  -19.841 0.0000000000
103543  -46.458  65.137  -19.402 0.0000000000
102278  -45.902  62.363  -16.708 0.0000000000
101264  -48.211  59.297  -17.671 0.0000000000
100684  -49.086  58.431  -18.477 0.0000000000
100690  -47.189  58.152  -18.116 0.0000000000
100689  -45.338  58.897  -17.806 0.0000000000
93100  -53.827  46.755  6.975 0.0000000000
93603  -53.618  47.395  6.793 0.0000000000
94170  -53.618  47.909  5.773 0.0000000000
94176  -53.511  48.416  5.005 0.0000000000
95381  -53.196  49.156  4.682 0.0000000000
95390  -53.581  48.867  3.896 0.0000000000
94766  -53.925  48.848  3.183 0.0000000000
132715  -54.049  49.056  2.495 0.0000000000
96097  -54.067  49.352  1.443 0.0000000000
96109  -54.255  49.623  -0.044 0.0000000000
105486  -34.062  65.288  -18.614 0.0000000000
106102  -34.955  64.402  -19.588 0.0000000000
104850  -46.906  64.416  -24.504 0.0000000000
104861  -47.912  64.217  -25.550 0.0000000000
104862  -48.222  64.126  -25.742 0.0000000000
141401  -48.478  64.078  -26.161 0.0000000000
138750  -48.329  63.776  -26.236 0.0000000000
104236  -47.888  63.057  -26.384 0.0000000000
98670  -51.212  54.714  -8.621 0.0000000000
97975  -51.873  54.209  -8.512 0.0000000000
97976  -52.396  53.899  -8.463 0.0000000000
98672  -52.357  54.514  -8.690 0.0000000000
98673  -52.805  54.411  -8.823 0.0000000000
104146  -46.459  64.044  -13.664 0.0000000000
104135  -47.542  64.270  -13.441 0.0000000000
130976  -50.339  61.189  -16.133 0.0000000000
133202  -50.240  61.934  -15.397 0.0000000000
130430  -50.567  60.742  -16.099 0.0000000000
100671  -50.227  59.855  -16.031 0.0000000000
100087  -49.924  58.586  -17.136 0.0000000000
99473  -50.201  57.307  -17.846 0.0000000000
99472  -49.889  57.224  -17.565 0.0000000000
100086  -49.667  58.220  -17.106 0.0000000000
99474  -50.011  56.038  -17.438 0.0000000000
98734  -49.957  55.294  -17.013 0.0000000000
98007  -50.937  52.984  -15.758 0.0000000000
98000  -51.405  52.374  -14.206 0.0000000000
98008  -51.799  52.557  -15.028 0.0000000000
98729  -52.108  52.599  -14.389 0.0000000000
98725  -52.969  52.939  -13.945 0.0000000000
98731  -52.756  52.735  -15.351 0.0000000000
98001  -52.949  53.113  -13.671 0.0000000000
97391  -53.483  52.774  -12.819 0.0000000000
96175  -53.771  52.009  -12.173 0.0000000000
120911  -53.844  51.308  -11.907 0.0000000000
139689  -53.911  50.638  -11.701 0.0000000000
120910  -53.792  51.385  -12.740 0.0000000000
95486  -53.845  50.702  -13.167 0.0000000000
95488  -53.844  50.646  -14.030 0.0000000000
96182  -53.643  51.783  -14.818 0.0000000000
95491  -53.784  51.302  -14.792 0.0000000000
94860  -53.925  49.927  -14.312 0.0000000000
123275  -53.992  49.189  -14.620 0.0000000000
132833  -53.901  49.462  -15.364 0.0000000000
139821  -51.795  52.970  -19.883 0.0000000000
96218  -51.988  51.813  -19.681 0.0000000000
95520  -52.713  51.681  -19.398 0.0000000000
94877  -52.929  51.084  -19.184 0.0000000000
120616  -52.765  50.290  -18.995 0.0000000000
93732  -52.930  48.464  -18.830 0.0000000000
93184  -53.127  48.111  -18.664 0.0000000000
124023  -45.589  68.054  -17.865 0.0000000000
107227  -45.891  67.963  -17.110 0.0000000000
107228  -46.118  68.028  -17.238 0.0000000000
106677  -46.589  67.662  -17.155 0.0000000000
106076  -47.000  66.959  -16.604 0.0000000000
106084  -47.065  66.876  -17.357 0.0000000000
105471  -47.116  66.339  -16.995 0.0000000000
105472  -47.380  65.798  -16.180 0.0000000000
104170  -48.179  64.667  -15.308 0.0000000000
125444  -48.697  63.955  -15.043 0.0000000000
103533  -49.692  62.568  -15.156 0.0000000000
136770  -46.652  64.511  -16.633 0.0000000000
102854  -47.202  63.584  -15.782 0.0000000000
134144  -47.139  62.360  -16.044 0.0000000000
102856  -49.071  61.998  -15.774 0.0000000000
102852  -49.904  62.040  -15.539 0.0000000000
102274  -50.391  61.059  -16.440 0.0000000000
101756  -50.455  60.889  -17.134 0.0000000000
125928  -50.508  59.206  -17.512 0.0000000000
124806  -50.664  58.869  -17.920 0.0000000000
100674  -50.674  58.634  -17.983 0.0000000000
99485  -51.143  55.456  -18.746 0.0000000000
98753  -51.646  54.454  -18.591 0.0000000000
98022  -51.993  54.061  -18.652 0.0000000000
98758  -51.475  54.864  -18.916 0.0000000000
98028  -52.119  54.085  -19.044 0.0000000000
98035  -51.814  54.492  -19.481 0.0000000000
99493  -51.103  56.622  -19.855 0.0000000000
98763  -51.314  55.802  -20.024 0.0000000000
98042  -51.819  54.473  -19.846 0.0000000000
98050  -51.493  54.808  -20.144 0.0000000000
97432  -51.295  54.459  -20.328 0.0000000000
129948  -51.105  54.362  -20.392 0.0000000000
144657  -49.587  57.430  -19.487 0.0000000000
99502  -50.016  56.534  -20.265 0.0000000000
99500  -48.657  56.665  -19.604 0.0000000000
99501  -49.486  56.603  -20.040 0.0000000000
99512  -50.199  55.883  -20.648 0.0000000000
93101  -54.129  46.269  6.507 0.0000000000
93105  -54.256  46.450  5.784 0.0000000000
92598  -54.745  46.143  4.619 0.0000000000
142070  -54.522  47.262  3.873 0.0000000000
93117  -54.629  46.723  4.255 0.0000000000
93118  -54.916  46.004  3.893 0.0000000000
92610  -55.132  45.487  2.454 0.0000000000
121207  -55.266  45.149  1.828 0.0000000000
92613  -55.173  46.288  1.113 0.0000000000
93132  -55.319  46.368  0.349 0.0000000000
93652  -55.024  47.386  0.268 0.0000000000
93138  -55.154  47.066  -1.001 0.0000000000
93141  -55.228  47.232  -1.954 0.0000000000
93676  -55.447  47.385  -2.900 0.0000000000
104798  -35.755  63.512  -16.982 0.0000000000
105468  -37.009  63.298  -18.034 0.0000000000
104802  -37.929  62.990  -17.517 0.0000000000
104799  -37.885  62.757  -16.826 0.0000000000
104794  -40.059  63.472  -16.178 0.0000000000
105455  -40.561  63.787  -15.314 0.0000000000
139140  -41.113  64.387  -15.801 0.0000000000
105463  -41.791  65.156  -16.059 0.0000000000
120509  -42.458  65.930  -16.489 0.0000000000
127088  -42.287  66.083  -17.285 0.0000000000
106074  -43.097  66.527  -16.987 0.0000000000
106674  -43.647  66.961  -17.444 0.0000000000
140398  -44.000  67.214  -17.762 0.0000000000
106686  -44.400  67.461  -17.813 0.0000000000
105492  -39.644  64.376  -19.493 0.0000000000
106112  -41.244  65.273  -19.374 0.0000000000
106106  -41.669  65.839  -19.104 0.0000000000
106113  -42.245  65.996  -19.296 0.0000000000
106712  -42.394  66.305  -19.031 0.0000000000
106704  -43.685  66.993  -18.578 0.0000000000
107252  -44.361  67.308  -18.438 0.0000000000
107244  -44.716  67.613  -18.074 0.0000000000
107245  -45.411  67.911  -18.204 0.0000000000
107255  -45.818  67.822  -18.520 0.0000000000
106706  -46.076  67.648  -18.823 0.0000000000
106726  -45.519  66.852  -19.503 0.0000000000
106727  -45.866  66.874  -19.544 0.0000000000
106107  -46.793  66.829  -19.303 0.0000000000
105493  -47.063  66.251  -19.878 0.0000000000
104813  -47.061  65.953  -20.146 0.0000000000
105513  -45.936  64.990  -22.285 0.0000000000
106134  -46.669  65.685  -21.796 0.0000000000
105524  -47.031  65.150  -23.577 0.0000000000
123553  -46.855  65.455  -22.698 0.0000000000
106135  -46.936  65.816  -21.955 0.0000000000
106129  -47.109  66.063  -21.412 0.0000000000
105503  -47.146  65.956  -20.879 0.0000000000
133446  -47.079  65.632  -20.548 0.0000000000
138063  -47.268  64.048  -23.064 0.0000000000
102868  -46.927  64.179  -22.156 0.0000000000
102290  -46.374  63.927  -22.201 0.0000000000
102291  -46.255  63.573  -22.729 0.0000000000
125138  -48.393  62.552  -25.010 0.0000000000
101280  -48.062  61.958  -25.257 0.0000000000
104222  -49.045  63.457  -25.803 0.0000000000
102879  -49.517  62.371  -26.125 0.0000000000
102300  -49.539  61.922  -25.981 0.0000000000
94790  -53.005  49.037  0.145 0.0000000000
94807  -52.918  49.041  -1.837 0.0000000000
94797  -53.149  49.214  -0.772 0.0000000000
95424  -53.576  49.599  -0.522 0.0000000000
96114  -53.923  49.897  -0.652 0.0000000000
96115  -53.951  50.006  -0.607 0.0000000000
96726  -54.127  49.893  -0.720 0.0000000000
96148  -52.174  50.875  -6.797 0.0000000000
96142  -53.409  50.102  -5.346 0.0000000000
96749  -53.924  50.641  -4.907 0.0000000000
96132  -53.982  50.288  -3.792 0.0000000000
96736  -54.255  50.039  -2.181 0.0000000000
96116  -54.618  49.564  -1.546 0.0000000000
96117  -54.689  49.705  -2.118 0.0000000000
94817  -54.982  49.013  -2.379 0.0000000000
141568  -54.977  49.217  -3.023 0.0000000000
95450  -54.831  49.803  -3.831 0.0000000000
94826  -54.983  49.376  -3.880 0.0000000000
94818  -55.016  48.897  -3.270 0.0000000000
94240  -55.080  48.453  -3.724 0.0000000000
94244  -55.142  48.599  -4.596 0.0000000000
93685  -55.452  48.127  -5.091 0.0000000000
100074  -44.429  57.310  -14.046 0.0000000000
98695  -44.984  54.099  -13.879 0.0000000000
121127  -46.097  67.402  -16.366 0.0000000000
106058  -46.290  66.536  -15.451 0.0000000000
139266  -47.893  65.450  -14.839 0.0000000000
105442  -47.145  65.396  -14.416 0.0000000000
105441  -46.699  65.587  -14.610 0.0000000000
104771  -47.518  64.604  -13.840 0.0000000000
104136  -47.717  64.279  -13.025 0.0000000000
102252  -48.106  62.625  -13.351 0.0000000000
102267  -50.475  61.772  -14.998 0.0000000000
139728  -50.465  61.795  -14.351 0.0000000000
141459  -50.172  61.912  -14.082 0.0000000000
100662  -49.716  60.553  -15.386 0.0000000000
100657  -49.666  61.044  -14.783 0.0000000000
101741  -49.961  61.909  -13.983 0.0000000000
101231  -49.227  61.832  -13.915 0.0000000000
101739  -48.988  61.821  -13.902 0.0000000000
101738  -48.265  61.949  -13.690 0.0000000000
100652  -47.474  60.698  -14.457 0.0000000000
100654  -47.025  59.520  -14.899 0.0000000000
100078  -46.295  58.530  -14.867 0.0000000000
100079  -46.778  58.252  -15.193 0.0000000000
98702  -45.896  53.123  -13.626 0.0000000000
98698  -48.208  51.820  -10.308 0.0000000000
99444  -50.541  54.133  -9.478 0.0000000000
99456  -50.806  53.398  -10.190 0.0000000000
100071  -51.444  54.983  -9.835 0.0000000000
141225  -51.944  55.153  -10.161 0.0000000000
99422  -52.736  54.920  -9.245 0.0000000000
98681  -53.022  54.325  -9.031 0.0000000000
98718  -52.456  53.562  -12.070 0.0000000000
99466  -52.675  54.131  -11.293 0.0000000000
139009  -53.642  53.215  -11.293 0.0000000000
98708  -53.022  53.941  -11.440 0.0000000000
98707  -52.945  54.098  -11.017 0.0000000000
98693  -53.188  54.171  -10.108 0.0000000000
97982  -53.430  53.747  -9.359 0.0000000000
97378  -53.464  53.059  -8.417 0.0000000000
97379  -53.694  52.416  -7.972 0.0000000000
96162  -54.046  51.341  -7.217 0.0000000000
95470  -54.242  50.651  -7.179 0.0000000000
95472  -54.202  50.446  -7.972 0.0000000000
94844  -54.490  49.992  -7.211 0.0000000000
94840  -54.605  49.934  -6.501 0.0000000000
134355  -54.980  49.173  -6.188 0.0000000000
93686  -55.777  47.691  -5.530 0.0000000000
93149  -56.051  47.263  -5.983 0.0000000000
140090  -56.149  46.987  -6.383 0.0000000000
93696  -55.817  47.510  -7.909 0.0000000000
93152  -56.068  47.186  -7.532 0.0000000000
91635  -55.789  46.763  -6.364 0.0000000000
91638  -55.638  46.704  -7.059 0.0000000000
91058  -55.313  46.617  -6.976 0.0000000000
94262  -54.582  48.512  -11.027 0.0000000000
93704  -54.981  48.000  -10.531 0.0000000000
93162  -55.025  47.616  -10.697 0.0000000000
92647  -55.933  47.053  -10.001 0.0000000000
91643  -55.697  46.714  -9.078 0.0000000000
123037  -54.995  46.671  -8.520 0.0000000000
141387  -54.710  46.842  -8.238 0.0000000000
120922  -54.129  47.208  -8.425 0.0000000000
91060  -53.066  47.642  -8.847 0.0000000000
91075  -54.295  46.756  -10.074 0.0000000000
120921  -53.825  47.040  -10.450 0.0000000000
98023  -52.516  53.471  -18.284 0.0000000000
97408  -53.177  52.776  -17.958 0.0000000000
96804  -53.470  52.332  -17.830 0.0000000000
96807  -53.766  52.124  -18.900 0.0000000000
137689  -53.681  51.948  -17.976 0.0000000000
95494  -53.756  51.422  -16.946 0.0000000000
126157  -53.831  50.071  -16.574 0.0000000000
94273  -53.858  49.364  -15.991 0.0000000000
96220  -53.031  51.960  -19.418 0.0000000000
94279  -53.610  49.745  -18.035 0.0000000000
94277  -53.730  49.837  -17.768 0.0000000000
93714  -53.891  48.650  -16.082 0.0000000000
93174  -54.375  47.396  -14.721 0.0000000000
92142  -54.518  46.989  -14.021 0.0000000000
91097  -54.139  46.218  -12.877 0.0000000000
91654  -54.309  46.911  -14.646 0.0000000000
91102  -54.043  46.644  -14.046 0.0000000000
91096  -53.947  46.509  -12.851 0.0000000000
91050  -55.023  46.523  -6.028 0.0000000000
91056  -53.957  47.152  -7.528 0.0000000000
91062  -55.306  46.571  -8.516 0.0000000000
91063  -55.588  46.669  -8.548 0.0000000000
91068  -54.909  46.587  -9.046 0.0000000000
91077  -54.854  46.085  -10.189 0.0000000000
91089  -53.503  46.678  -12.527 0.0000000000
91092  -54.986  46.203  -11.844 0.0000000000
91103  -54.569  46.499  -13.085 0.0000000000
91106  -53.982  46.755  -14.816 0.0000000000
91631  -55.907  46.857  -5.817 0.0000000000
91636  -56.056  46.905  -6.398 0.0000000000
91639  -55.840  46.772  -7.137 0.0000000000
91645  -55.141  46.270  -10.025 0.0000000000
91648  -54.854  46.089  -12.020 0.0000000000
91657  -54.066  46.911  -15.742 0.0000000000
91660  -53.776  46.970  -16.394 0.0000000000
92122  -56.069  46.922  -6.831 0.0000000000
92130  -55.933  46.887  -9.498 0.0000000000
92134  -55.515  46.888  -11.353 0.0000000000
92139  -55.128  47.203  -12.903 0.0000000000
92144  -54.211  46.896  -15.236 0.0000000000
92153  -53.589  47.162  -17.350 0.0000000000
92589  -54.676  45.807  5.321 0.0000000000
92630  -56.000  47.057  -4.742 0.0000000000
92633  -56.105  47.062  -5.626 0.0000000000
92637  -56.161  47.093  -6.415 0.0000000000
92638  -56.158  47.046  -6.083 0.0000000000
92640  -56.133  47.068  -7.463 0.0000000000
92641  -56.162  47.098  -6.809 0.0000000000
92642  -56.076  47.014  -8.180 0.0000000000
92644  -56.234  47.125  -9.066 0.0000000000
92649  -55.652  47.069  -11.002 0.0000000000
92652  -55.307  47.037  -11.800 0.0000000000
92655  -54.786  47.188  -13.239 0.0000000000
92661  -54.284  47.144  -15.312 0.0000000000
93091  -53.683  46.574  7.616 0.0000000000
93121  -54.773  46.778  3.492 0.0000000000
93143  -55.773  47.136  -3.377 0.0000000000
93145  -55.887  47.203  -4.289 0.0000000000
93159  -55.429  47.558  -9.937 0.0000000000
93160  -55.537  47.297  -9.940 0.0000000000
93163  -55.609  47.177  -10.830 0.0000000000
93179  -53.731  48.064  -17.459 0.0000000000
93182  -53.732  48.118  -17.801 0.0000000000
93604  -53.926  46.969  6.278 0.0000000000
93682  -55.267  48.172  -4.232 0.0000000000
93692  -55.853  47.591  -7.208 0.0000000000
93711  -54.331  48.030  -13.892 0.0000000000
94182  -54.090  48.076  3.850 0.0000000000
94188  -54.413  48.166  2.975 0.0000000000
94259  -54.724  48.516  -10.183 0.0000000000
94269  -54.022  49.280  -13.915 0.0000000000
94271  -53.993  48.711  -15.231 0.0000000000
94290  -52.876  49.726  -18.915 0.0000000000
94745  -53.268  48.572  5.701 0.0000000000
94754  -53.177  48.818  5.364 0.0000000000
94783  -54.708  48.695  0.790 0.0000000000
94808  -54.982  48.890  -1.771 0.0000000000
94809  -54.990  48.835  -2.330 0.0000000000
94862  -53.884  50.004  -15.063 0.0000000000
94870  -53.781  50.579  -17.904 0.0000000000
94878  -53.007  50.555  -19.043 0.0000000000
95402  -54.179  49.143  1.777 0.0000000000
95403  -54.476  48.918  1.255 0.0000000000
95416  -53.136  49.137  0.585 0.0000000000
95417  -53.793  49.734  -0.065 0.0000000000
95418  -54.693  48.980  0.101 0.0000000000
95426  -54.958  49.086  -1.332 0.0000000000
95434  -54.812  49.583  -2.217 0.0000000000
95442  -53.831  49.998  -2.911 0.0000000000
95460  -54.717  49.961  -4.926 0.0000000000
95484  -53.872  50.713  -12.378 0.0000000000
96088  -53.959  49.230  2.123 0.0000000000
96102  -54.021  49.506  0.950 0.0000000000
96103  -54.328  49.135  1.175 0.0000000000
96107  -53.867  50.181  0.150 0.0000000000
96122  -54.073  50.075  -2.259 0.0000000000
96123  -54.345  50.042  -2.116 0.0000000000
96135  -54.759  49.842  -3.466 0.0000000000
96143  -53.895  50.488  -4.739 0.0000000000
96189  -53.664  51.874  -17.395 0.0000000000
96193  -53.975  51.973  -18.474 0.0000000000
96198  -53.575  51.962  -18.916 0.0000000000
96199  -53.716  51.922  -18.787 0.0000000000
96219  -52.701  52.200  -19.556 0.0000000000
96730  -53.879  50.084  -1.365 0.0000000000
96731  -54.083  50.034  -1.401 0.0000000000
96779  -53.767  52.528  -8.916 0.0000000000
96782  -53.762  52.711  -9.772 0.0000000000
96810  -53.132  52.695  -19.120 0.0000000000
97374  -52.932  52.502  -7.637 0.0000000000
97381  -53.462  53.365  -8.859 0.0000000000
97393  -53.151  52.788  -14.234 0.0000000000
97404  -53.025  53.065  -17.929 0.0000000000
97423  -51.921  54.043  -19.875 0.0000000000
97442  -50.949  54.899  -20.564 0.0000000000
97974  -51.197  54.266  -8.507 0.0000000000
97977  -52.782  53.761  -8.526 0.0000000000
97978  -53.022  53.741  -8.624 0.0000000000
97980  -53.238  53.731  -8.815 0.0000000000
97983  -53.457  53.857  -9.985 0.0000000000
97984  -53.568  53.645  -9.794 0.0000000000
97987  -53.562  53.629  -10.310 0.0000000000
97988  -53.326  53.733  -11.126 0.0000000000
97995  -53.281  53.462  -11.898 0.0000000000
98002  -53.298  53.090  -12.724 0.0000000000
98005  -49.587  54.210  -15.911 0.0000000000
98006  -50.188  54.171  -16.366 0.0000000000
98016  -50.852  54.314  -17.069 0.0000000000
98034  -51.531  55.147  -19.812 0.0000000000
98041  -51.567  55.103  -20.088 0.0000000000
98060  -51.064  54.998  -20.505 0.0000000000
98680  -53.040  54.674  -8.729 0.0000000000
98686  -53.074  54.676  -8.892 0.0000000000
98687  -53.133  54.273  -9.265 0.0000000000
98699  -53.073  54.270  -10.218 0.0000000000
98700  -53.122  54.071  -10.710 0.0000000000
98706  -50.957  52.987  -11.027 0.0000000000
98716  -51.450  53.256  -11.421 0.0000000000
98719  -52.903  53.356  -12.786 0.0000000000
98737  -52.415  52.895  -16.426 0.0000000000
99394  -51.609  55.306  -8.888 0.0000000000
99396  -52.553  54.924  -8.920 0.0000000000
99408  -51.095  55.427  -8.921 0.0000000000
99409  -52.075  55.542  -8.740 0.0000000000
99411  -52.654  54.984  -8.987 0.0000000000
99421  -52.353  55.275  -9.076 0.0000000000
99432  -48.959  54.536  -9.083 0.0000000000
99433  -52.248  55.225  -9.616 0.0000000000
99434  -52.579  54.799  -10.096 0.0000000000
99445  -51.276  54.559  -9.867 0.0000000000
99447  -52.248  54.906  -10.078 0.0000000000
99459  -52.327  54.595  -10.490 0.0000000000
99504  -50.969  56.526  -20.146 0.0000000000
99511  -49.828  56.152  -20.425 0.0000000000
100037  -50.552  55.490  -8.962 0.0000000000
100038  -51.645  55.404  -8.973 0.0000000000
100039  -52.183  55.553  -9.254 0.0000000000
100049  -50.888  55.399  -8.999 0.0000000000
100051  -51.909  55.446  -9.360 0.0000000000
100060  -50.594  55.321  -9.082 0.0000000000
100061  -50.947  55.066  -9.417 0.0000000000
100062  -51.708  55.205  -9.944 0.0000000000
100069  -50.328  54.805  -9.186 0.0000000000
100072  -51.939  55.056  -10.257 0.0000000000
100115  -49.846  57.006  -19.912 0.0000000000
100117  -51.010  56.831  -20.098 0.0000000000
100656  -49.170  60.952  -14.846 0.0000000000
100663  -49.973  60.538  -15.480 0.0000000000
100669  -50.361  60.514  -15.695 0.0000000000
100670  -49.974  59.616  -16.294 0.0000000000
100676  -50.911  58.217  -18.293 0.0000000000
100678  -51.135  57.893  -18.791 0.0000000000
100686  -51.164  57.918  -19.176 0.0000000000
100693  -50.958  57.849  -19.410 0.0000000000
100698  -49.894  57.341  -19.742 0.0000000000
100700  -50.817  57.541  -19.902 0.0000000000
101229  -47.946  61.504  -13.989 0.0000000000
101230  -48.661  61.674  -14.012 0.0000000000
101232  -49.704  61.758  -14.024 0.0000000000
101239  -49.878  61.491  -14.290 0.0000000000
101240  -50.206  61.377  -14.418 0.0000000000
101246  -50.529  60.977  -15.109 0.0000000000
101252  -50.551  60.095  -17.068 0.0000000000
101254  -50.475  59.302  -17.690 0.0000000000
101259  -50.742  58.487  -18.747 0.0000000000
101271  -49.794  58.504  -19.195 0.0000000000
101272  -50.700  58.315  -19.465 0.0000000000
101733  -46.543  61.879  -13.309 0.0000000000
101734  -47.112  61.977  -13.398 0.0000000000
101735  -47.875  62.029  -13.570 0.0000000000
101736  -48.892  62.165  -13.668 0.0000000000
101740  -49.582  61.991  -13.850 0.0000000000
101745  -50.579  61.365  -14.787 0.0000000000
101747  -50.618  61.098  -15.066 0.0000000000
101749  -50.516  61.244  -15.502 0.0000000000
101771  -50.318  59.024  -18.303 0.0000000000
102250  -46.840  62.580  -13.152 0.0000000000
102254  -49.149  62.454  -13.318 0.0000000000
102256  -49.944  61.987  -13.797 0.0000000000
102257  -50.103  62.091  -13.764 0.0000000000
102260  -50.281  62.086  -14.143 0.0000000000
102262  -50.440  62.037  -14.562 0.0000000000
102263  -50.547  61.662  -14.801 0.0000000000
102266  -50.258  62.160  -15.065 0.0000000000
102270  -49.949  62.025  -15.573 0.0000000000
102273  -50.119  61.363  -16.080 0.0000000000
102276  -49.597  61.430  -16.237 0.0000000000
102302  -49.611  62.092  -25.922 0.0000000000
102823  -47.415  62.935  -13.110 0.0000000000
102830  -47.741  63.203  -13.064 0.0000000000
102831  -48.064  62.772  -13.062 0.0000000000
102832  -48.547  63.156  -13.036 0.0000000000
102833  -48.843  62.898  -13.079 0.0000000000
102836  -49.512  62.768  -13.535 0.0000000000
102837  -49.915  62.595  -13.833 0.0000000000
102841  -50.052  62.537  -13.963 0.0000000000
102844  -49.951  63.125  -14.227 0.0000000000
102845  -50.224  62.588  -14.307 0.0000000000
102851  -49.360  62.277  -15.462 0.0000000000
102857  -49.778  61.695  -15.889 0.0000000000
102882  -49.498  62.346  -26.666 0.0000000000
103508  -47.389  63.416  -13.133 0.0000000000
103509  -47.924  63.608  -13.134 0.0000000000
103510  -48.561  63.335  -13.106 0.0000000000
103515  -48.503  63.779  -13.231 0.0000000000
103516  -48.886  63.449  -13.258 0.0000000000
103517  -49.261  63.537  -13.552 0.0000000000
103521  -49.572  63.606  -13.898 0.0000000000
103524  -49.657  63.622  -14.071 0.0000000000
103527  -49.767  63.201  -14.617 0.0000000000
103532  -49.067  63.159  -15.017 0.0000000000
103559  -48.647  63.779  -24.776 0.0000000000
103569  -49.222  63.050  -25.718 0.0000000000
103576  -49.023  63.241  -26.291 0.0000000000
104134  -46.946  63.674  -13.360 0.0000000000
104148  -47.850  64.270  -13.486 0.0000000000
104150  -48.896  64.033  -13.556 0.0000000000
104155  -48.607  64.487  -13.734 0.0000000000
104156  -49.018  64.243  -13.837 0.0000000000
104160  -49.141  64.243  -14.119 0.0000000000
104161  -49.367  63.965  -14.049 0.0000000000
104164  -49.099  64.164  -14.400 0.0000000000
104174  -47.427  64.800  -15.998 0.0000000000
104177  -46.729  65.240  -17.489 0.0000000000
104200  -47.877  64.906  -23.165 0.0000000000
104221  -48.997  63.760  -25.099 0.0000000000
104229  -49.095  63.712  -25.903 0.0000000000
104243  -48.721  62.896  -26.655 0.0000000000
104770  -46.774  64.581  -13.955 0.0000000000
104772  -47.935  64.670  -13.706 0.0000000000
104778  -46.979  64.939  -14.131 0.0000000000
104780  -48.217  64.916  -13.866 0.0000000000
104788  -48.191  65.104  -14.393 0.0000000000
104795  -48.581  64.721  -14.926 0.0000000000
104811  -46.999  65.997  -18.994 0.0000000000
104837  -48.084  64.621  -24.057 0.0000000000
104868  -47.858  63.813  -26.125 0.0000000000
105443  -47.991  64.988  -14.181 0.0000000000
105448  -46.435  66.093  -15.024 0.0000000000
105449  -47.165  65.898  -14.983 0.0000000000
105450  -47.738  65.524  -14.730 0.0000000000
105451  -48.146  65.153  -14.702 0.0000000000
105457  -47.258  65.963  -15.057 0.0000000000
105464  -47.216  66.240  -16.237 0.0000000000
105465  -48.004  65.191  -15.201 0.0000000000
105479  -47.072  66.525  -17.470 0.0000000000
105485  -47.080  66.539  -18.166 0.0000000000
105487  -47.057  66.333  -18.838 0.0000000000
105502  -47.107  66.074  -21.230 0.0000000000
105508  -47.180  65.754  -22.052 0.0000000000
105516  -47.164  65.534  -23.111 0.0000000000
106059  -46.638  66.694  -15.767 0.0000000000
106068  -46.825  66.859  -16.134 0.0000000000
106069  -47.003  66.653  -16.001 0.0000000000
106077  -47.070  66.757  -16.775 0.0000000000
106088  -41.080  65.570  -18.737 0.0000000000
106090  -47.025  67.189  -17.713 0.0000000000
106091  -47.077  66.928  -17.934 0.0000000000
106108  -46.996  66.491  -19.752 0.0000000000
106117  -45.369  66.454  -19.886 0.0000000000
106119  -46.949  66.284  -20.493 0.0000000000
106121  -47.082  66.228  -20.457 0.0000000000
106664  -44.486  67.127  -16.688 0.0000000000
106668  -46.616  67.329  -16.603 0.0000000000
106676  -44.977  67.539  -16.862 0.0000000000
106678  -46.968  67.195  -16.933 0.0000000000
106687  -46.590  67.745  -17.843 0.0000000000
106688  -46.828  67.503  -17.484 0.0000000000
106692  -41.873  66.083  -18.806 0.0000000000
106693  -42.631  66.537  -18.627 0.0000000000
106694  -43.305  66.863  -18.405 0.0000000000
106696  -46.539  67.546  -18.275 0.0000000000
106707  -46.439  67.271  -18.859 0.0000000000
106713  -43.225  66.739  -18.889 0.0000000000
106715  -45.148  67.163  -19.117 0.0000000000
106717  -45.984  67.226  -19.108 0.0000000000
107222  -45.849  67.726  -16.740 0.0000000000
107235  -45.410  67.964  -17.461 0.0000000000
107236  -46.031  68.081  -17.569 0.0000000000
107237  -46.299  68.022  -17.749 0.0000000000
107247  -46.189  68.016  -18.016 0.0000000000
107253  -44.959  67.634  -18.387 0.0000000000
107254  -45.429  67.672  -18.628 0.0000000000
107264  -45.388  67.248  -19.111 0.0000000000
107265  -45.989  67.409  -19.040 0.0000000000
120511  -54.082  49.247  -12.496 0.0000000000
121256  -55.113  48.306  -8.620 0.0000000000
121465  -54.757  46.551  -9.555 0.0000000000
122575  -54.717  46.279  -10.820 0.0000000000
123139  -53.726  52.838  -9.291 0.0000000000
124293  -48.207  64.440  -24.999 0.0000000000
124357  -51.851  55.025  -10.070 0.0000000000
124996  -50.313  62.448  -15.031 0.0000000000
124998  -55.927  46.852  -8.019 0.0000000000
125380  -52.995  48.990  5.402 0.0000000000
126039  -48.338  62.105  -13.646 0.0000000000
126594  -53.867  50.175  -17.077 0.0000000000
127315  -44.303  66.784  -19.344 0.0000000000
127650  -55.316  46.530  -11.080 0.0000000000
127726  -54.715  46.640  -13.104 0.0000000000
128960  -47.719  64.922  -15.769 0.0000000000
129293  -54.812  50.100  -4.406 0.0000000000
129717  -43.795  66.850  -19.082 0.0000000000
130108  -49.199  54.963  -20.430 0.0000000000
130330  -53.770  51.487  -16.288 0.0000000000
131941  -53.611  53.163  -9.071 0.0000000000
132152  -48.105  63.231  -13.073 0.0000000000
133497  -56.167  47.106  -6.977 0.0000000000
133567  -51.034  57.239  -19.580 0.0000000000
133791  -47.907  64.942  -15.676 0.0000000000
134021  -55.239  48.026  -9.021 0.0000000000
134076  -54.854  49.777  -4.261 0.0000000000
134363  -49.215  64.002  -14.434 0.0000000000
137589  -51.220  53.019  -15.965 0.0000000000
137959  -45.179  67.897  -17.919 0.0000000000
137991  -46.945  65.905  -14.890 0.0000000000
138396  -56.072  47.081  -8.015 0.0000000000
138591  -53.767  48.585  3.970 0.0000000000
138799  -54.391  49.704  -1.175 0.0000000000
139509  -55.598  46.673  -10.214 0.0000000000
139638  -53.338  54.060  -9.794 0.0000000000
140289  -53.452  50.231  -18.450 0.0000000000
140535  -55.800  47.048  -10.709 0.0000000000
140574  -54.879  46.420  -12.478 0.0000000000
140857  -55.193  46.110  -11.383 0.0000000000
140871  -48.973  63.586  -14.957 0.0000000000
141854  -54.135  48.852  2.719 0.0000000000
142043  -53.923  48.092  -16.199 0.0000000000
142060  -53.735  52.969  -11.312 0.0000000000
142168  -54.206  47.008  -15.579 0.0000000000
142555  -44.905  67.896  -18.120 0.0000000000
142833  -53.065  52.874  -19.844 0.0000000000
143186  -48.903  62.967  -13.061 0.0000000000
143196  -53.971  50.498  -10.666 0.0000000000
143318  -53.402  49.499  -18.351 0.0000000000
143406  -47.081  66.600  -16.218 0.0000000000
143708  -55.885  46.813  -9.833 0.0000000000
143787  -47.331  64.802  -24.557 0.0000000000
144018  -47.536  65.672  -15.730 0.0000000000
144124  -51.934  54.372  -8.549 0.0000000000
144499  -55.168  48.688  -6.047 0.0000000000
144509  -54.305  47.652  -15.110 0.0000000000
145076  -50.397  54.565  -16.868 0.0000000000
145497  -47.924  64.877  -23.918 0.0000000000
145511  -50.219  61.994  -14.030 0.0000000000
