#!ascii label  , from subject sub-1009 vox2ras=TkReg
499
126173  -25.814  10.132  -64.078 0.0000000000
68354  -23.395  12.125  -58.768 0.0000000000
63798  -26.756  7.427  -60.116 0.0000000000
65281  -25.087  9.616  -55.492 0.0000000000
78146  -28.091  22.994  -54.289 0.0000000000
74427  -27.915  15.377  -56.777 0.0000000000
73000  -23.450  14.807  -61.539 0.0000000000
63729  -20.453  5.884  -54.072 0.0000000000
66038  -24.845  10.659  -56.885 0.0000000000
66756  -22.429  10.500  -54.010 0.0000000000
75901  -27.799  18.870  -54.890 0.0000000000
75170  -24.983  18.262  -57.811 0.0000000000
69973  -21.975  13.298  -62.130 0.0000000000
72298  -21.780  14.990  -62.169 0.0000000000
71600  -24.719  12.238  -62.868 0.0000000000
71575  -27.044  11.895  -61.862 0.0000000000
68423  -29.193  11.039  -65.014 0.0000000000
65372  -29.989  10.117  -62.862 0.0000000000
122948  -21.968  13.678  -60.302 0.0000000000
67603  -22.854  11.543  -61.567 0.0000000000
65359  -25.952  8.823  -62.547 0.0000000000
66058  -23.848  9.235  -60.568 0.0000000000
63778  -25.317  7.659  -59.658 0.0000000000
63090  -27.460  7.225  -57.609 0.0000000000
74450  -22.992  17.853  -60.434 0.0000000000
72985  -25.784  14.278  -59.447 0.0000000000
73726  -30.007  13.321  -61.391 0.0000000000
66002  -19.522  8.706  -54.278 0.0000000000
64514  -22.674  8.187  -53.860 0.0000000000
67561  -22.756  11.482  -54.254 0.0000000000
66755  -20.780  10.412  -54.064 0.0000000000
75907  -25.167  19.771  -57.093 0.0000000000
75932  -24.234  19.190  -58.432 0.0000000000
68400  -23.893  11.725  -62.998 0.0000000000
69988  -23.625  12.829  -62.991 0.0000000000
69204  -25.288  11.285  -63.511 0.0000000000
121568  -27.037  11.147  -63.780 0.0000000000
67638  -27.973  10.388  -64.544 0.0000000000
66838  -29.285  10.269  -63.895 0.0000000000
66113  -27.566  9.914  -63.955 0.0000000000
68361  -22.867  12.746  -59.183 0.0000000000
68368  -22.299  12.404  -60.906 0.0000000000
68362  -22.600  11.976  -60.659 0.0000000000
66802  -23.195  10.353  -60.870 0.0000000000
66796  -23.176  10.752  -59.744 0.0000000000
66024  -24.997  10.153  -56.153 0.0000000000
65304  -24.364  9.345  -58.569 0.0000000000
64538  -25.075  8.610  -57.437 0.0000000000
63095  -26.443  7.124  -58.979 0.0000000000
63763  -25.661  8.081  -56.910 0.0000000000
78824  -26.879  24.159  -55.038 0.0000000000
80089  -26.555  26.228  -55.205 0.0000000000
79458  -29.172  25.193  -54.099 0.0000000000
80066  -31.680  26.581  -54.352 0.0000000000
138424  -30.091  22.241  -53.779 0.0000000000
75145  -27.213  17.704  -55.787 0.0000000000
72310  -23.073  14.560  -62.354 0.0000000000
138923  -22.610  15.678  -61.798 0.0000000000
73724  -23.214  15.781  -61.154 0.0000000000
73712  -23.962  15.907  -60.254 0.0000000000
72278  -24.936  13.991  -60.573 0.0000000000
72322  -29.887  12.963  -63.738 0.0000000000
127742  -29.202  12.486  -62.013 0.0000000000
73760  -30.089  13.907  -63.105 0.0000000000
63822  -26.854  8.184  -60.548 0.0000000000
145295  -28.012  9.004  -60.960 0.0000000000
64495  -19.511  6.660  -54.118 0.0000000000
64504  -20.207  7.385  -54.278 0.0000000000
65263  -21.567  8.193  -54.084 0.0000000000
63737  -22.101  6.349  -53.961 0.0000000000
68343  -24.228  12.922  -56.252 0.0000000000
67578  -23.911  11.583  -58.209 0.0000000000
67570  -24.456  12.349  -55.327 0.0000000000
66757  -24.066  10.970  -54.207 0.0000000000
131998  -23.528  9.765  -53.982 0.0000000000
77395  -26.771  22.273  -54.942 0.0000000000
133690  -27.394  21.053  -54.613 0.0000000000
76664  -26.578  20.270  -55.367 0.0000000000
75908  -26.137  19.315  -56.070 0.0000000000
74417  -26.376  16.908  -56.906 0.0000000000
143295  -21.310  14.237  -61.224 0.0000000000
70786  -21.805  13.857  -62.195 0.0000000000
71587  -23.129  13.972  -62.680 0.0000000000
72312  -24.049  13.324  -62.286 0.0000000000
72300  -24.808  13.112  -61.859 0.0000000000
71590  -26.216  11.767  -62.715 0.0000000000
71606  -28.356  11.786  -63.812 0.0000000000
70006  -30.131  12.133  -64.745 0.0000000000
141465  -30.965  10.800  -63.935 0.0000000000
63050  -21.250  4.534  -53.824 0.0000000000
63057  -22.000  5.390  -53.893 0.0000000000
69957  -21.640  13.814  -61.052 0.0000000000
68380  -22.569  12.066  -61.843 0.0000000000
67619  -24.121  10.574  -62.873 0.0000000000
66103  -26.130  9.363  -63.348 0.0000000000
66094  -24.372  9.507  -62.414 0.0000000000
65339  -24.729  8.566  -61.971 0.0000000000
64569  -25.556  8.017  -60.802 0.0000000000
66048  -23.940  9.800  -59.061 0.0000000000
65317  -24.212  8.709  -60.209 0.0000000000
63789  -26.241  7.009  -59.783 0.0000000000
63105  -26.910  6.246  -59.216 0.0000000000
121202  -27.841  5.716  -58.282 0.0000000000
76655  -29.384  20.424  -54.054 0.0000000000
74438  -24.455  17.065  -58.974 0.0000000000
73699  -25.626  15.674  -58.419 0.0000000000
73700  -27.200  14.229  -58.198 0.0000000000
72279  -26.322  12.741  -60.542 0.0000000000
72993  -28.131  12.639  -59.569 0.0000000000
73701  -29.269  13.471  -58.589 0.0000000000
64614  -27.812  9.820  -62.318 0.0000000000
64608  -29.581  9.557  -62.088 0.0000000000
66743  -19.661  9.456  -54.225 0.0000000000
66744  -20.658  9.425  -54.119 0.0000000000
66004  -22.196  9.135  -54.007 0.0000000000
65273  -24.208  9.110  -54.050 0.0000000000
63068  -23.131  6.531  -53.769 0.0000000000
63748  -24.768  7.924  -54.020 0.0000000000
63749  -25.859  8.432  -55.075 0.0000000000
140269  -23.495  20.344  -59.311 0.0000000000
67629  -24.636  10.869  -63.350 0.0000000000
69199  -24.208  11.604  -63.088 0.0000000000
68406  -25.599  10.610  -63.758 0.0000000000
129878  -26.419  10.715  -63.874 0.0000000000
68412  -26.383  10.358  -63.913 0.0000000000
66847  -28.015  10.044  -64.332 0.0000000000
66837  -26.925  9.936  -64.023 0.0000000000
68353  -23.717  12.894  -57.952 0.0000000000
69147  -23.140  13.501  -58.451 0.0000000000
67592  -22.874  11.153  -60.698 0.0000000000
67587  -23.202  11.363  -59.377 0.0000000000
65293  -24.970  9.590  -57.203 0.0000000000
65282  -25.141  9.172  -56.548 0.0000000000
64527  -25.444  8.897  -55.907 0.0000000000
79473  -27.475  25.112  -54.744 0.0000000000
78810  -28.603  24.120  -54.164 0.0000000000
78137  -30.215  23.212  -53.832 0.0000000000
74418  -27.871  16.347  -56.123 0.0000000000
74408  -28.858  16.707  -55.493 0.0000000000
74428  -29.240  15.640  -56.283 0.0000000000
74440  -29.679  14.434  -57.442 0.0000000000
73024  -23.458  14.312  -61.932 0.0000000000
73023  -22.912  14.925  -61.946 0.0000000000
73012  -23.097  14.928  -61.799 0.0000000000
73738  -22.834  15.782  -61.550 0.0000000000
73725  -23.637  15.686  -60.734 0.0000000000
73001  -24.049  14.637  -60.984 0.0000000000
72331  -30.028  13.042  -64.203 0.0000000000
140210  -30.267  13.938  -63.152 0.0000000000
63799  -27.385  7.643  -60.005 0.0000000000
63823  -27.523  8.475  -60.343 0.0000000000
63134  -28.466  7.209  -59.427 0.0000000000
63728  -19.813  5.951  -53.970 0.0000000000
64496  -20.336  6.526  -54.213 0.0000000000
64505  -21.277  7.256  -54.129 0.0000000000
63736  -21.170  6.390  -54.107 0.0000000000
66023  -24.801  10.627  -54.669 0.0000000000
66012  -23.090  10.072  -53.969 0.0000000000
77406  -25.666  21.674  -55.980 0.0000000000
75919  -24.682  19.502  -57.833 0.0000000000
75144  -25.635  18.590  -56.909 0.0000000000
69972  -21.771  13.505  -61.926 0.0000000000
70796  -24.142  12.337  -62.913 0.0000000000
70795  -23.262  13.167  -62.799 0.0000000000
71599  -24.091  12.984  -62.652 0.0000000000
122831  -23.196  14.047  -62.494 0.0000000000
71588  -24.014  13.069  -62.578 0.0000000000
71589  -24.904  12.357  -62.621 0.0000000000
71601  -25.913  11.708  -62.901 0.0000000000
70003  -28.101  11.345  -64.540 0.0000000000
70806  -27.873  11.498  -63.893 0.0000000000
70812  -28.739  11.962  -64.280 0.0000000000
70808  -28.978  12.124  -64.047 0.0000000000
69215  -29.971  11.618  -64.791 0.0000000000
69207  -30.252  11.410  -64.713 0.0000000000
68417  -30.034  10.906  -64.593 0.0000000000
66116  -29.588  10.221  -63.436 0.0000000000
66117  -30.809  10.204  -63.406 0.0000000000
65360  -30.741  10.054  -62.893 0.0000000000
62335  -21.632  3.158  -53.289 0.0000000000
62336  -22.083  3.148  -53.335 0.0000000000
69949  -21.914  14.226  -59.922 0.0000000000
70757  -21.542  14.438  -60.634 0.0000000000
69954  -21.769  13.879  -60.594 0.0000000000
68374  -22.447  12.204  -61.385 0.0000000000
69166  -21.994  12.902  -60.984 0.0000000000
132604  -22.984  11.505  -61.931 0.0000000000
68393  -23.395  11.472  -62.503 0.0000000000
67617  -23.263  11.116  -62.064 0.0000000000
66822  -24.221  10.108  -62.686 0.0000000000
67604  -23.569  10.567  -62.163 0.0000000000
66065  -23.506  9.812  -60.867 0.0000000000
66076  -23.882  9.521  -61.633 0.0000000000
66067  -24.158  8.957  -61.408 0.0000000000
64585  -25.277  8.266  -61.387 0.0000000000
65328  -24.487  8.497  -61.088 0.0000000000
66777  -24.399  11.101  -57.599 0.0000000000
66790  -23.675  10.894  -58.884 0.0000000000
66778  -24.143  10.443  -58.390 0.0000000000
65305  -24.394  8.601  -59.705 0.0000000000
65306  -24.595  8.268  -59.799 0.0000000000
64557  -25.124  7.776  -60.083 0.0000000000
63780  -25.668  7.401  -59.801 0.0000000000
63113  -26.549  6.536  -59.502 0.0000000000
144610  -26.013  7.156  -59.471 0.0000000000
63096  -26.998  6.765  -58.608 0.0000000000
63097  -27.474  6.301  -58.243 0.0000000000
62378  -28.498  5.351  -57.746 0.0000000000
76654  -28.049  19.966  -54.479 0.0000000000
141069  -21.343  15.110  -62.014 0.0000000000
74462  -22.687  17.839  -60.805 0.0000000000
75182  -23.066  18.572  -60.047 0.0000000000
75183  -23.620  18.397  -59.408 0.0000000000
133157  -23.631  17.213  -59.907 0.0000000000
73698  -24.815  15.684  -59.399 0.0000000000
132255  -26.017  14.683  -58.820 0.0000000000
71574  -25.853  12.295  -61.930 0.0000000000
72288  -25.187  13.178  -61.301 0.0000000000
71564  -26.709  12.072  -61.464 0.0000000000
73013  -29.873  13.084  -62.029 0.0000000000
73002  -29.095  12.575  -60.913 0.0000000000
73713  -29.401  12.964  -59.925 0.0000000000
140748  -28.285  13.129  -58.823 0.0000000000
73714  -30.172  13.665  -60.489 0.0000000000
65368  -26.203  9.072  -62.787 0.0000000000
65370  -27.423  9.711  -62.966 0.0000000000
129765  -27.209  9.545  -62.353 0.0000000000
127185  -28.663  8.949  -61.293 0.0000000000
65991  -19.357  7.803  -54.276 0.0000000000
66003  -20.615  8.502  -54.240 0.0000000000
65272  -23.108  9.046  -53.973 0.0000000000
64515  -23.827  8.323  -53.959 0.0000000000
63058  -22.859  5.477  -53.783 0.0000000000
68335  -21.519  11.497  -54.194 0.0000000000
76663  -25.326  20.616  -56.666 0.0000000000
76675  -24.579  20.607  -57.783 0.0000000000
69194  -23.151  12.278  -62.660 0.0000000000
69983  -22.336  12.818  -62.362 0.0000000000
69198  -23.612  12.217  -62.881 0.0000000000
69989  -24.196  12.002  -63.018 0.0000000000
69991  -25.043  11.863  -63.105 0.0000000000
70797  -25.764  11.613  -63.105 0.0000000000
69997  -26.466  11.024  -63.720 0.0000000000
120220  -27.019  11.001  -63.903 0.0000000000
68414  -28.229  10.843  -64.883 0.0000000000
67641  -29.552  10.615  -64.480 0.0000000000
66848  -28.531  10.004  -64.249 0.0000000000
66115  -28.848  10.093  -63.687 0.0000000000
65381  -29.107  10.128  -62.933 0.0000000000
69154  -22.460  13.318  -59.427 0.0000000000
68367  -22.210  12.805  -60.570 0.0000000000
137985  -22.704  11.512  -60.964 0.0000000000
67597  -23.075  10.948  -61.318 0.0000000000
67593  -23.015  10.862  -60.926 0.0000000000
66797  -23.220  10.366  -60.727 0.0000000000
66039  -24.626  10.023  -57.828 0.0000000000
65294  -24.738  8.932  -58.020 0.0000000000
64545  -24.762  8.219  -59.281 0.0000000000
63779  -25.856  7.402  -59.316 0.0000000000
64539  -25.091  8.005  -59.007 0.0000000000
63771  -26.147  7.497  -58.730 0.0000000000
63089  -26.837  7.385  -58.060 0.0000000000
78831  -26.184  25.041  -55.561 0.0000000000
80077  -28.143  26.082  -54.444 0.0000000000
80065  -29.806  26.440  -54.157 0.0000000000
78147  -32.029  22.507  -54.082 0.0000000000
141603  -29.274  18.219  -54.558 0.0000000000
75136  -28.594  17.702  -55.024 0.0000000000
73736  -22.003  17.055  -61.874 0.0000000000
126598  -22.393  16.494  -61.630 0.0000000000
74478  -22.884  16.907  -60.963 0.0000000000
74463  -23.195  16.773  -60.682 0.0000000000
72992  -24.188  15.031  -60.553 0.0000000000
72984  -24.809  14.793  -60.041 0.0000000000
72314  -29.026  12.204  -62.934 0.0000000000
71565  -28.117  11.959  -62.048 0.0000000000
125530  -29.201  12.356  -62.717 0.0000000000
73025  -30.032  13.248  -62.858 0.0000000000
73739  -30.232  13.652  -62.483 0.0000000000
64605  -26.140  8.698  -62.031 0.0000000000
64606  -26.739  9.090  -61.979 0.0000000000
63834  -27.102  8.844  -61.058 0.0000000000
63824  -28.018  8.667  -60.401 0.0000000000
65258  -19.458  7.205  -54.244 0.0000000000
64506  -22.341  7.277  -53.923 0.0000000000
68344  -24.062  12.261  -57.303 0.0000000000
67571  -24.539  11.753  -56.617 0.0000000000
66766  -24.902  11.275  -55.798 0.0000000000
67562  -24.261  11.655  -54.591 0.0000000000
65280  -24.656  9.867  -54.303 0.0000000000
78830  -25.567  24.335  -56.138 0.0000000000
78152  -26.140  23.377  -55.456 0.0000000000
71585  -21.720  14.095  -62.323 0.0000000000
120317  -22.584  13.589  -62.654 0.0000000000
71586  -22.746  13.756  -62.671 0.0000000000
121594  -22.512  14.283  -62.507 0.0000000000
72311  -23.249  14.049  -62.328 0.0000000000
72299  -23.953  13.807  -61.887 0.0000000000
72287  -24.215  13.895  -61.579 0.0000000000
72313  -25.111  12.529  -62.259 0.0000000000
123486  -26.837  11.842  -62.294 0.0000000000
70798  -26.565  11.465  -63.129 0.0000000000
70788  -27.267  11.630  -63.047 0.0000000000
71591  -27.716  11.680  -62.908 0.0000000000
72330  -29.642  12.616  -63.864 0.0000000000
71608  -29.894  12.864  -64.047 0.0000000000
70815  -30.467  12.633  -64.638 0.0000000000
70000  -31.080  11.955  -64.569 0.0000000000
68419  -31.338  11.382  -64.289 0.0000000000
66851  -30.635  10.529  -63.797 0.0000000000
63115  -27.821  6.182  -59.323 0.0000000000
63056  -21.036  5.445  -53.985 0.0000000000
69963  -21.565  13.829  -61.527 0.0000000000
69172  -21.794  13.240  -61.736 0.0000000000
69161  -21.928  13.215  -60.859 0.0000000000
69173  -22.085  12.737  -61.669 0.0000000000
69184  -22.202  12.586  -61.926 0.0000000000
69186  -22.847  11.846  -62.275 0.0000000000
67623  -23.851  11.177  -62.871 0.0000000000
67625  -24.873  10.348  -63.368 0.0000000000
66835  -25.883  9.850  -63.828 0.0000000000
66827  -25.020  9.809  -63.305 0.0000000000
66101  -25.029  9.158  -62.878 0.0000000000
66095  -24.917  9.133  -62.699 0.0000000000
66812  -23.627  10.171  -61.842 0.0000000000
65356  -24.704  8.905  -62.190 0.0000000000
65357  -25.188  8.725  -62.406 0.0000000000
64603  -25.419  8.454  -61.995 0.0000000000
64586  -25.632  8.268  -61.473 0.0000000000
63797  -26.260  7.455  -60.176 0.0000000000
66791  -23.505  10.287  -59.479 0.0000000000
66057  -23.620  9.647  -60.463 0.0000000000
66049  -24.012  9.087  -60.113 0.0000000000
64567  -24.824  8.122  -60.645 0.0000000000
63796  -25.884  7.531  -60.212 0.0000000000
63114  -27.343  6.058  -59.320 0.0000000000
63106  -27.014  6.061  -59.269 0.0000000000
63104  -26.563  6.639  -59.284 0.0000000000
62384  -27.355  5.860  -58.837 0.0000000000
133085  -28.784  21.661  -54.026 0.0000000000
76656  -31.166  21.153  -53.718 0.0000000000
75909  -29.417  19.176  -54.165 0.0000000000
75931  -23.720  19.404  -59.064 0.0000000000
75169  -24.290  18.253  -58.645 0.0000000000
74439  -25.299  16.962  -58.034 0.0000000000
73690  -26.652  15.530  -57.538 0.0000000000
126700  -28.089  14.403  -57.498 0.0000000000
72269  -25.648  13.758  -60.014 0.0000000000
72289  -27.966  12.055  -61.155 0.0000000000
72270  -26.721  13.126  -59.685 0.0000000000
72986  -26.983  13.595  -58.966 0.0000000000
66111  -26.509  9.710  -63.739 0.0000000000
143012  -28.020  9.891  -62.916 0.0000000000
64615  -28.609  9.999  -62.477 0.0000000000
64607  -28.271  9.803  -61.711 0.0000000000
126041  -28.892  9.866  -61.976 0.0000000000
64617  -29.500  10.058  -62.521 0.0000000000
66011  -21.701  9.464  -54.027 0.0000000000
64526  -25.091  9.134  -54.812 0.0000000000
63747  -23.512  7.499  -53.831 0.0000000000
63069  -23.993  6.743  -53.721 0.0000000000
64516  -25.023  8.615  -54.218 0.0000000000
63762  -25.719  8.651  -55.388 0.0000000000
63131  -26.864  6.661  -59.666 0.0000000000
63132  -27.299  6.782  -59.677 0.0000000000
63770  -25.334  7.878  -58.920 0.0000000000
63787  -25.543  7.612  -60.200 0.0000000000
63788  -26.171  6.923  -59.887 0.0000000000
63820  -25.977  8.092  -60.874 0.0000000000
63821  -26.261  8.057  -60.691 0.0000000000
63825  -28.267  8.348  -60.460 0.0000000000
63835  -27.716  8.982  -60.841 0.0000000000
63836  -28.025  9.283  -61.087 0.0000000000
63837  -28.469  9.659  -61.356 0.0000000000
64528  -25.431  8.460  -56.840 0.0000000000
64546  -25.000  7.959  -59.390 0.0000000000
64556  -24.857  7.937  -60.047 0.0000000000
64568  -25.183  8.043  -60.727 0.0000000000
64587  -26.234  8.294  -61.337 0.0000000000
64588  -26.427  8.552  -61.307 0.0000000000
64604  -25.763  8.504  -62.058 0.0000000000
64610  -30.431  9.849  -62.885 0.0000000000
64613  -26.326  9.013  -62.513 0.0000000000
64616  -28.917  9.958  -62.106 0.0000000000
64618  -30.127  10.158  -62.670 0.0000000000
65318  -24.481  8.331  -60.472 0.0000000000
65327  -24.149  8.821  -60.839 0.0000000000
65329  -24.884  8.341  -61.255 0.0000000000
65338  -24.562  8.681  -61.648 0.0000000000
65358  -25.609  8.687  -62.531 0.0000000000
65366  -25.418  8.953  -62.872 0.0000000000
65367  -25.839  8.995  -62.958 0.0000000000
65369  -26.777  9.415  -62.832 0.0000000000
65371  -29.465  10.144  -62.475 0.0000000000
65377  -26.610  9.557  -63.408 0.0000000000
65378  -27.161  9.756  -63.487 0.0000000000
65379  -27.763  9.840  -63.525 0.0000000000
65380  -28.392  9.986  -63.320 0.0000000000
65382  -29.892  10.217  -62.889 0.0000000000
66066  -23.827  9.367  -61.133 0.0000000000
66077  -24.242  9.141  -61.895 0.0000000000
66093  -23.992  9.668  -62.032 0.0000000000
66100  -24.698  9.649  -62.897 0.0000000000
66102  -25.677  8.979  -63.044 0.0000000000
66110  -26.013  9.573  -63.673 0.0000000000
66112  -26.919  9.854  -63.969 0.0000000000
66114  -28.175  9.945  -63.981 0.0000000000
66120  -27.477  9.712  -64.069 0.0000000000
66121  -27.882  9.971  -64.235 0.0000000000
66122  -28.214  9.799  -64.153 0.0000000000
66123  -28.743  10.073  -63.992 0.0000000000
66803  -23.548  9.944  -61.362 0.0000000000
66811  -23.336  10.470  -61.502 0.0000000000
66821  -23.931  9.934  -62.161 0.0000000000
66826  -24.525  10.149  -63.020 0.0000000000
66828  -25.530  9.583  -63.522 0.0000000000
66834  -25.399  9.984  -63.637 0.0000000000
66836  -26.301  9.793  -64.006 0.0000000000
66839  -30.162  10.344  -63.736 0.0000000000
66845  -26.763  10.052  -64.039 0.0000000000
66846  -27.294  9.937  -64.113 0.0000000000
66849  -29.008  10.152  -64.013 0.0000000000
66850  -29.874  10.383  -63.922 0.0000000000
67618  -23.761  10.748  -62.524 0.0000000000
67624  -24.339  10.720  -63.118 0.0000000000
67630  -25.056  10.363  -63.595 0.0000000000
67637  -27.326  10.366  -64.131 0.0000000000
67639  -28.498  10.152  -64.573 0.0000000000
67640  -29.140  10.473  -64.423 0.0000000000
67642  -30.174  10.743  -64.368 0.0000000000
67643  -31.246  11.000  -64.132 0.0000000000
68392  -22.975  11.759  -62.163 0.0000000000
68404  -24.150  11.186  -63.126 0.0000000000
68405  -24.693  11.155  -63.401 0.0000000000
68413  -27.006  11.101  -64.024 0.0000000000
68415  -28.850  10.871  -64.935 0.0000000000
68416  -29.407  10.869  -64.794 0.0000000000
68418  -30.617  11.153  -64.446 0.0000000000
68421  -28.191  10.909  -64.996 0.0000000000
68422  -28.715  10.945  -65.051 0.0000000000
68424  -29.893  10.827  -65.195 0.0000000000
69165  -21.772  13.248  -61.392 0.0000000000
69185  -22.637  11.935  -61.906 0.0000000000
69200  -25.275  10.984  -63.613 0.0000000000
69205  -25.904  11.127  -63.847 0.0000000000
69206  -26.804  11.041  -64.034 0.0000000000
69208  -30.826  11.641  -64.564 0.0000000000
69211  -28.059  11.115  -64.731 0.0000000000
69212  -28.159  11.184  -65.114 0.0000000000
69213  -28.973  11.497  -64.898 0.0000000000
69214  -29.375  11.375  -64.884 0.0000000000
69216  -30.436  11.897  -64.716 0.0000000000
69990  -25.170  11.868  -63.207 0.0000000000
69996  -25.706  11.380  -63.361 0.0000000000
69998  -27.672  11.078  -64.382 0.0000000000
69999  -27.957  11.508  -64.067 0.0000000000
70004  -28.951  11.892  -64.646 0.0000000000
70005  -29.490  11.831  -64.804 0.0000000000
70007  -30.619  12.409  -64.683 0.0000000000
70787  -23.013  13.009  -62.819 0.0000000000
70799  -27.549  11.426  -63.651 0.0000000000
70805  -26.301  11.231  -63.455 0.0000000000
70807  -28.723  12.015  -63.884 0.0000000000
70813  -29.085  12.093  -64.332 0.0000000000
70814  -30.102  12.662  -64.457 0.0000000000
70816  -30.846  12.771  -64.622 0.0000000000
71607  -29.101  12.234  -63.904 0.0000000000
71609  -30.396  13.059  -64.327 0.0000000000
71612  -29.784  12.423  -64.383 0.0000000000
71613  -30.831  13.077  -64.575 0.0000000000
72301  -28.023  11.850  -62.600 0.0000000000
72308  -22.189  14.488  -62.393 0.0000000000
73033  -30.251  13.710  -63.804 0.0000000000
73737  -22.217  16.090  -61.893 0.0000000000
73747  -30.329  13.854  -62.720 0.0000000000
119912  -24.848  11.528  -63.440 0.0000000000
120975  -29.511  12.178  -64.771 0.0000000000
123427  -22.458  12.643  -62.289 0.0000000000
124131  -29.904  13.019  -63.385 0.0000000000
125019  -28.758  11.727  -64.686 0.0000000000
125473  -26.992  6.240  -58.901 0.0000000000
125815  -23.473  11.783  -62.714 0.0000000000
126553  -21.959  12.959  -61.885 0.0000000000
127054  -23.982  11.141  -63.063 0.0000000000
128688  -27.961  7.930  -59.953 0.0000000000
129898  -27.537  9.465  -61.544 0.0000000000
130823  -27.975  10.995  -64.683 0.0000000000
131168  -25.894  10.717  -63.793 0.0000000000
133386  -23.240  10.918  -61.802 0.0000000000
138860  -22.743  13.111  -62.921 0.0000000000
139747  -28.709  11.977  -63.566 0.0000000000
139772  -22.064  12.944  -62.131 0.0000000000
139830  -30.013  12.137  -64.780 0.0000000000
141141  -25.090  10.862  -63.579 0.0000000000
141470  -30.237  10.230  -63.264 0.0000000000
141714  -27.542  11.170  -64.124 0.0000000000
143840  -28.001  11.634  -63.625 0.0000000000
144868  -27.697  12.306  -60.231 0.0000000000
144973  -26.155  10.044  -63.952 0.0000000000
