#!ascii label  , from subject sub-1009 vox2ras=TkReg
789
50906  -29.085  -14.583  -56.950 0.5000000000
51658  -28.887  -13.437  -57.087 0.4000000060
51657  -28.422  -13.124  -57.540 0.6000000238
51659  -29.405  -14.056  -56.625 0.6000000238
124046  -30.163  -14.377  -56.049 0.6000000238
51643  -28.779  -12.593  -57.253 0.6999999881
51644  -29.024  -13.018  -57.006 0.6999999881
51645  -29.682  -13.576  -56.337 0.6999999881
51646  -31.015  -15.106  -55.845 0.5000000000
50891  -30.744  -15.359  -56.061 0.5000000000
131323  -18.216  -11.948  -56.678 0.5000000000
51642  -28.228  -12.412  -57.570 0.6999999881
52409  -28.990  -12.084  -56.977 0.6999999881
52410  -29.508  -12.561  -56.476 0.6999999881
51628  -30.148  -14.077  -55.906 0.6000000238
52403  -24.467  -13.649  -55.633 0.6999999881
52390  -25.015  -13.015  -55.229 0.6999999881
51641  -27.468  -12.308  -57.613 0.6999999881
142058  -27.483  -11.923  -57.237 0.6999999881
121868  -17.944  -11.795  -56.692 0.6000000238
51631  -17.829  -12.232  -57.097 0.4000000060
52408  -28.598  -11.960  -57.169 0.6999999881
128655  -29.700  -12.264  -56.171 0.6999999881
51629  -30.800  -14.867  -55.592 0.6000000238
53135  -23.272  -13.847  -54.257 0.6999999881
52389  -23.829  -13.807  -54.954 0.6999999881
52404  -25.425  -13.036  -56.147 0.6999999881
53136  -24.428  -13.248  -54.519 0.6999999881
53141  -18.116  -11.517  -56.358 0.6000000238
52391  -25.866  -12.318  -55.885 0.6999999881
52405  -26.247  -12.434  -56.716 0.6999999881
144472  -24.987  -12.719  -54.791 0.6999999881
52383  -17.146  -11.022  -56.942 0.5000000000
52395  -28.906  -11.653  -56.676 0.6999999881
52379  -25.503  -12.250  -55.088 0.6999999881
51624  -16.972  -11.775  -57.153 0.4000000060
52394  -28.221  -11.556  -56.783 0.6999999881
52392  -26.631  -11.844  -56.406 0.6999999881
50882  -16.639  -12.551  -56.894 0.4000000060
52380  -26.261  -11.722  -55.646 0.6999999881
52411  -29.843  -13.082  -56.063 0.6999999881
52396  -29.445  -11.916  -56.449 0.6999999881
52381  -27.023  -11.457  -56.007 0.6999999881
52398  -29.871  -13.016  -56.035 0.6999999881
53137  -27.761  -11.346  -56.199 0.6999999881
51622  -30.406  -14.114  -55.231 0.6000000238
52397  -29.886  -12.324  -55.871 0.6999999881
51619  -30.548  -15.179  -54.915 0.5000000000
50871  -32.779  -17.142  -56.322 0.4000000060
50870  -31.558  -17.065  -55.899 0.5000000000
53122  -24.028  -13.262  -53.971 0.6999999881
53890  -17.914  -11.264  -55.536 0.6000000238
52384  -17.432  -10.411  -57.029 0.5000000000
53123  -24.905  -12.645  -54.476 0.6999999881
53138  -28.472  -11.365  -56.221 0.6999999881
145492  -30.423  -12.886  -54.946 0.6999999881
51621  -30.170  -13.623  -55.491 0.6999999881
52377  -30.474  -13.713  -54.989 0.6999999881
52376  -30.303  -13.088  -55.122 0.6999999881
51609  -30.453  -14.078  -54.898 0.6999999881
53111  -19.396  -13.036  -54.114 0.6999999881
53112  -20.784  -13.643  -53.304 0.8000000119
53892  -18.544  -12.190  -55.101 0.6000000238
53879  -18.541  -12.304  -54.390 0.6000000238
53120  -21.370  -13.874  -53.759 0.8000000119
53878  -18.199  -11.628  -54.700 0.6000000238
53121  -22.758  -13.825  -53.637 0.6999999881
53891  -18.207  -11.601  -55.308 0.6000000238
53117  -17.438  -9.875  -56.364 0.6000000238
52378  -17.127  -10.565  -56.361 0.5000000000
53893  -23.529  -13.240  -53.347 0.6999999881
133329  -25.424  -12.161  -54.764 0.6999999881
52375  -30.225  -12.350  -55.165 0.8000000119
52382  -30.096  -12.636  -55.504 0.6999999881
53125  -26.635  -11.396  -55.356 0.6999999881
53140  -29.695  -11.897  -55.971 0.6999999881
131013  -28.589  -11.285  -55.720 0.6999999881
50869  -31.035  -16.166  -55.518 0.5000000000
50856  -31.685  -17.124  -56.319 0.5000000000
50123  -33.570  -17.609  -56.207 0.4000000060
142725  -20.047  -13.382  -53.314 0.6999999881
121403  -19.336  -13.196  -53.192 0.8000000119
53880  -20.654  -13.462  -52.663 0.8000000119
53113  -22.262  -13.728  -53.051 0.8000000119
53877  -17.737  -8.936  -55.299 0.6000000238
51617  -16.859  -10.845  -55.665 0.6000000238
53116  -17.440  -9.465  -55.724 0.6000000238
51620  -16.900  -11.323  -56.377 0.5000000000
53894  -24.754  -12.610  -54.066 0.6999999881
51616  -16.567  -11.755  -55.678 0.5000000000
53124  -25.949  -11.741  -55.020 0.6999999881
53115  -29.964  -11.909  -55.200 0.8000000119
53129  -29.984  -12.046  -55.552 0.8000000119
53139  -29.170  -11.515  -56.038 0.6999999881
53127  -27.999  -11.221  -55.678 0.6999999881
53126  -27.333  -11.227  -55.561 0.6999999881
53128  -29.635  -11.665  -55.551 0.6999999881
53857  -18.539  -12.263  -53.508 0.6999999881
144069  -18.534  -12.227  -52.753 0.6999999881
53858  -20.295  -13.179  -52.117 0.8000000119
124335  -18.987  -12.860  -52.364 0.8000000119
53856  -18.201  -8.400  -54.793 0.6000000238
53881  -21.861  -13.519  -52.508 0.8000000119
53110  -17.124  -10.054  -55.681 0.6000000238
53109  -17.165  -9.442  -54.923 0.6000000238
53883  -23.822  -12.911  -53.303 0.8000000119
53882  -22.988  -13.172  -52.749 0.6999999881
53861  -23.078  -12.886  -52.641 0.8000000119
53884  -25.075  -12.452  -54.050 0.6999999881
50135  -15.565  -12.980  -55.156 0.4000000060
53896  -26.012  -11.658  -55.171 0.6999999881
53895  -25.605  -11.994  -54.542 0.6999999881
52369  -30.425  -13.171  -54.964 0.8000000119
51610  -30.536  -15.060  -54.919 0.5000000000
50116  -32.354  -18.014  -56.010 0.5000000000
50855  -30.919  -16.236  -55.428 0.5000000000
49346  -33.492  -18.342  -55.726 0.4000000060
54623  -18.677  -8.013  -54.314 0.6000000238
53841  -18.701  -12.259  -52.136 0.6999999881
53859  -21.504  -13.137  -52.040 0.8000000119
53855  -17.472  -8.602  -54.364 0.6000000238
53854  -16.973  -9.139  -54.099 0.6000000238
53860  -22.606  -13.014  -52.201 0.8000000119
52366  -16.824  -10.304  -54.949 0.6000000238
53100  -16.724  -9.830  -54.200 0.6000000238
51608  -16.544  -11.123  -54.944 0.5000000000
53886  -26.588  -11.407  -54.548 0.8000000119
51607  -16.192  -11.857  -54.875 0.4000000060
145476  -30.132  -12.140  -54.996 0.8000000119
53114  -28.957  -11.376  -55.336 0.8000000119
53899  -28.215  -11.214  -55.230 0.8000000119
53897  -26.945  -11.213  -55.147 0.6999999881
128684  -30.284  -12.526  -54.991 0.8000000119
52368  -30.236  -12.880  -54.706 0.8000000119
128682  -28.858  -11.471  -54.800 0.8000000119
51602  -30.326  -15.150  -54.585 0.6000000238
50848  -30.969  -17.020  -55.349 0.5000000000
54603  -18.266  -10.884  -51.926 0.6000000238
143845  -19.026  -12.668  -51.627 0.6999999881
54622  -18.007  -7.992  -54.055 0.6000000238
53842  -19.968  -12.851  -51.524 0.6999999881
138173  -17.884  -7.633  -53.455 0.6000000238
54602  -17.448  -8.014  -53.597 0.6000000238
53843  -21.107  -12.880  -51.453 0.8000000119
52365  -16.449  -10.622  -54.267 0.5000000000
53862  -24.192  -12.837  -53.245 0.8000000119
53863  -25.247  -12.474  -53.903 0.8000000119
124599  -29.514  -11.622  -55.062 0.8000000119
53898  -27.573  -11.125  -55.118 0.8000000119
53889  -28.239  -11.131  -55.074 0.8000000119
51601  -30.260  -13.853  -54.622 0.6999999881
127066  -30.497  -16.077  -54.826 0.6000000238
48587  -31.990  -19.206  -54.731 0.3000000119
54604  -18.904  -12.241  -51.395 0.6999999881
54605  -19.550  -12.561  -50.977 0.6999999881
52331  -15.328  -10.307  -51.421 0.5000000000
53090  -16.584  -9.371  -53.350 0.5000000000
53840  -17.004  -8.597  -53.537 0.5000000000
54606  -20.614  -12.519  -50.882 0.6999999881
141856  -15.879  -10.532  -53.081 0.3000000119
122460  -22.641  -12.355  -51.375 0.8000000119
54607  -22.198  -12.719  -51.668 0.8000000119
139974  -23.823  -12.819  -52.726 0.8999999762
54624  -23.224  -12.717  -52.206 0.8000000119
121596  -16.156  -11.330  -54.309 0.4000000060
53864  -26.023  -11.857  -54.316 0.8999999762
54625  -24.576  -12.832  -53.356 0.8999999762
53102  -29.861  -11.916  -54.854 0.8000000119
53888  -27.763  -11.153  -54.698 0.8000000119
52367  -30.040  -12.389  -54.670 0.8000000119
50115  -30.798  -17.546  -54.955 0.6000000238
55396  -17.891  -10.716  -51.496 0.6000000238
54587  -18.249  -10.839  -51.352 0.6000000238
54588  -19.239  -12.200  -50.586 0.6999999881
55395  -17.500  -7.574  -52.960 0.6000000238
53078  -16.321  -9.322  -52.501 0.6000000238
53829  -16.657  -8.637  -52.668 0.5000000000
54601  -17.055  -8.032  -52.954 0.6000000238
120774  -21.692  -12.392  -50.985 0.6999999881
52357  -15.959  -10.960  -53.681 0.4000000060
124378  -26.912  -11.285  -54.347 0.8999999762
54626  -25.498  -12.412  -53.881 0.8000000119
54627  -26.401  -11.748  -54.204 0.8000000119
53865  -27.624  -11.232  -54.339 0.8000000119
53887  -27.141  -11.085  -54.796 0.6999999881
53101  -29.315  -11.726  -54.623 0.8000000119
127172  -27.329  -11.127  -54.411 0.8000000119
52359  -29.822  -13.123  -54.160 0.8000000119
50847  -30.015  -15.248  -53.795 0.6999999881
50836  -30.142  -16.217  -53.961 0.6999999881
50105  -30.055  -16.814  -53.331 0.6000000238
126840  -30.013  -17.275  -52.286 0.6000000238
48586  -30.859  -18.826  -53.308 0.6000000238
55383  -17.637  -7.250  -52.273 0.6000000238
55385  -18.330  -10.936  -50.511 0.8000000119
53048  -15.363  -9.747  -50.228 0.5000000000
122992  -16.609  -8.311  -52.020 0.5000000000
54589  -20.045  -12.237  -50.281 0.8000000119
133989  -15.902  -9.736  -51.864 0.5000000000
54570  -19.642  -11.878  -49.835 0.8000000119
54590  -21.054  -12.049  -50.271 0.8000000119
54608  -23.296  -12.594  -51.959 0.8000000119
53091  -28.631  -11.613  -54.395 0.8000000119
51594  -29.884  -14.254  -53.916 0.6999999881
55350  -17.329  -7.168  -50.875 0.8000000119
55384  -17.973  -10.675  -50.852 0.6000000238
55368  -17.796  -7.025  -51.493 0.6000000238
55369  -18.383  -10.545  -50.086 0.8000000119
52266  -14.302  -9.940  -47.757 0.6000000238
53034  -15.121  -9.608  -49.349 0.5000000000
55367  -17.224  -7.358  -51.664 0.6000000238
52257  -13.143  -10.469  -46.510 0.6000000238
52258  -13.775  -10.207  -47.085 0.6000000238
53018  -14.724  -9.741  -48.501 0.6000000238
53036  -16.012  -8.612  -50.002 0.5000000000
124097  -16.532  -8.236  -51.361 0.5000000000
52970  -11.363  -9.527  -44.858 0.5000000000
52247  -12.778  -9.922  -45.827 0.5000000000
52248  -13.541  -9.729  -46.408 0.6000000238
53049  -15.808  -9.247  -50.525 0.5000000000
53799  -16.196  -8.737  -50.901 0.5000000000
54571  -20.360  -11.739  -49.667 0.8000000119
52989  -12.583  -9.156  -45.482 0.5000000000
52960  -10.638  -9.295  -44.636 0.4000000060
53816  -16.320  -8.901  -51.793 0.5000000000
54591  -22.068  -11.968  -50.452 0.8000000119
143996  -26.510  -11.948  -53.872 0.8000000119
54610  -25.105  -12.963  -53.150 0.8000000119
54592  -22.875  -12.188  -51.105 0.8000000119
54609  -24.296  -12.865  -52.678 0.8000000119
53093  -29.593  -12.123  -54.475 0.8999999762
54628  -27.108  -11.428  -53.885 0.8000000119
53866  -28.195  -11.337  -54.538 1.0000000000
53844  -27.171  -11.313  -54.159 0.8000000119
52351  -29.599  -13.724  -53.847 0.6999999881
55328  -17.448  -7.008  -50.187 0.8000000119
55351  -17.941  -6.870  -50.667 0.8000000119
52995  -14.197  -9.353  -46.983 0.6000000238
54525  -16.887  -7.453  -50.154 0.6000000238
55370  -18.638  -10.510  -49.783 0.8000000119
53762  -15.163  -9.074  -48.562 0.6000000238
144904  -16.392  -7.955  -49.805 0.6000000238
55371  -19.932  -11.490  -49.415 0.8000000119
52991  -13.818  -9.092  -46.352 0.5000000000
53764  -16.043  -8.182  -49.200 0.6000000238
54548  -16.851  -7.647  -51.072 0.6000000238
52990  -13.260  -9.173  -45.926 0.4000000060
53725  -12.349  -8.548  -45.366 0.4000000060
126295  -12.962  -8.510  -45.668 0.4000000060
128224  -15.225  -8.287  -47.615 0.4000000060
140276  -13.330  -7.811  -45.848 0.4000000060
54489  -14.821  -7.861  -46.794 0.5000000000
53724  -11.748  -8.257  -45.216 0.3000000119
53737  -14.078  -7.838  -46.235 0.5000000000
54611  -25.615  -12.714  -53.508 0.8000000119
54593  -23.247  -12.554  -51.807 0.8000000119
54574  -22.379  -11.911  -50.403 0.8000000119
53092  -29.129  -12.144  -54.071 0.8000000119
53845  -27.536  -11.610  -53.955 0.8000000119
53831  -27.099  -11.854  -53.781 0.8000000119
53080  -28.298  -11.930  -53.997 1.0000000000
139667  -26.163  -12.677  -53.328 0.8000000119
52358  -29.647  -12.812  -54.269 0.8000000119
54594  -26.829  -11.818  -53.848 0.8000000119
125205  -29.604  -14.461  -53.128 0.6999999881
50835  -29.882  -15.445  -52.512 0.6999999881
128839  -29.969  -15.842  -52.420 0.6999999881
48569  -30.236  -18.252  -51.480 0.6000000238
53005  -14.793  -9.122  -47.790 0.5000000000
54504  -16.589  -7.521  -49.169 0.8000000119
141745  -17.251  -7.041  -49.465 0.8000000119
55352  -18.758  -10.353  -49.573 0.8000000119
144699  -15.191  -8.720  -48.093 0.6000000238
53763  -15.595  -8.380  -48.452 0.5000000000
53726  -13.645  -8.514  -46.067 0.4000000060
122793  -14.675  -8.654  -47.125 0.5000000000
139699  -16.114  -7.818  -48.600 0.6999999881
55372  -20.512  -11.254  -49.342 0.6999999881
54572  -21.232  -11.464  -49.639 0.6999999881
54476  -14.538  -7.103  -46.297 0.5000000000
54573  -21.889  -11.562  -49.779 0.6999999881
121276  -24.145  -13.051  -52.425 0.8000000119
122807  -24.966  -13.354  -52.461 0.8000000119
54576  -23.805  -13.292  -51.255 0.6999999881
53082  -29.152  -12.594  -54.050 0.8999999762
53081  -28.501  -12.494  -53.789 0.8999999762
140621  -27.927  -12.485  -53.586 0.8000000119
123147  -26.811  -12.691  -53.200 0.8000000119
52350  -29.215  -13.509  -53.620 0.8999999762
125766  -31.186  -19.663  -52.480 0.4000000060
124885  -29.717  -14.984  -52.834 0.8000000119
50104  -29.996  -16.037  -51.603 0.6999999881
48562  -30.456  -18.615  -50.398 0.5000000000
55329  -17.935  -6.776  -49.793 0.8000000119
138371  -17.005  -7.032  -48.724 0.6999999881
55330  -18.579  -6.598  -49.303 0.6999999881
132838  -16.231  -7.110  -47.562 0.6000000238
55309  -17.719  -6.688  -48.799 0.6999999881
55353  -19.012  -10.298  -49.402 0.6999999881
55354  -19.744  -10.010  -49.048 0.6999999881
54477  -15.292  -7.001  -46.656 0.5000000000
55355  -21.016  -11.014  -49.361 0.6999999881
54549  -21.534  -11.180  -49.437 0.6999999881
55249  -14.194  -6.516  -46.044 0.3000000119
137827  -22.760  -11.859  -51.139 0.6999999881
54575  -23.121  -12.578  -51.256 0.6999999881
53832  -27.524  -12.294  -53.616 0.8000000119
53830  -26.589  -12.646  -53.201 0.8000000119
52349  -28.620  -13.401  -53.344 0.8000000119
51582  -29.351  -14.438  -52.796 0.8999999762
51583  -29.605  -14.982  -51.960 0.8000000119
50821  -29.817  -15.274  -51.571 0.8000000119
48568  -30.032  -16.783  -50.870 0.6999999881
50822  -30.254  -15.270  -50.881 0.6999999881
55289  -17.012  -6.731  -47.926 0.6000000238
55331  -19.482  -9.163  -49.637 0.6999999881
54490  -15.572  -7.489  -47.235 0.5000000000
54491  -16.473  -7.312  -48.306 0.6000000238
55311  -19.266  -6.482  -48.664 0.6999999881
54460  -12.972  -7.055  -45.751 0.3000000119
54478  -15.902  -6.898  -46.996 0.5000000000
55290  -17.872  -6.386  -47.897 0.6000000238
55270  -15.843  -6.353  -46.570 0.4000000060
55271  -16.490  -6.513  -47.094 0.6000000238
122108  -22.123  -11.707  -49.799 0.6999999881
56036  -15.713  -5.621  -46.157 0.3000000119
121063  -22.499  -12.111  -50.228 0.6999999881
53817  -25.687  -13.539  -52.275 0.8000000119
122361  -23.022  -12.836  -50.126 0.6999999881
52334  -28.817  -14.338  -52.493 0.8000000119
52332  -27.653  -14.386  -51.665 0.8000000119
53079  -27.382  -13.141  -53.045 0.8000000119
53065  -27.059  -14.415  -51.805 0.8000000119
48561  -30.095  -17.163  -50.347 0.6000000238
51569  -31.173  -14.651  -49.025 0.6999999881
50093  -30.135  -15.703  -50.458 0.6000000238
56053  -17.282  -6.195  -47.161 0.6000000238
55332  -20.222  -8.876  -49.405 0.6999999881
56054  -18.130  -6.057  -47.148 0.5000000000
55333  -20.542  -9.278  -48.527 0.6999999881
54526  -21.161  -9.567  -48.424 0.6999999881
56037  -16.613  -5.817  -46.453 0.3000000119
145370  -21.828  -9.909  -48.595 0.6999999881
56014  -16.282  -5.161  -45.970 0.3000000119
54550  -21.958  -11.395  -49.461 0.6999999881
54551  -22.363  -11.708  -49.519 0.6999999881
53818  -26.178  -13.651  -52.203 0.8000000119
54553  -24.505  -13.948  -51.057 0.6999999881
145163  -22.766  -12.294  -49.498 0.6999999881
53066  -27.866  -13.451  -52.961 0.8000000119
53064  -26.620  -13.801  -52.422 0.8000000119
54552  -23.606  -13.611  -49.847 0.6999999881
137776  -23.264  -12.963  -49.227 0.6999999881
53800  -24.299  -14.303  -49.674 0.8000000119
52333  -28.203  -14.287  -52.146 0.8000000119
53802  -25.862  -14.601  -50.636 0.8000000119
120629  -25.246  -14.412  -50.807 0.8000000119
53801  -25.191  -14.750  -49.575 0.8000000119
53050  -26.361  -14.730  -50.587 0.8000000119
53037  -25.765  -14.783  -49.543 0.8000000119
51567  -29.300  -15.054  -51.213 0.8000000119
52314  -27.315  -14.759  -50.613 0.8000000119
49318  -30.145  -16.109  -50.254 0.6000000238
51568  -29.715  -15.161  -50.855 0.8000000119
49299  -31.139  -15.048  -47.900 0.6000000238
55310  -18.420  -6.466  -48.503 0.6999999881
55292  -19.524  -6.293  -47.739 0.6999999881
55312  -20.136  -6.502  -48.355 0.6999999881
55272  -18.959  -6.040  -47.080 0.5000000000
56038  -17.576  -5.717  -46.476 0.4000000060
56039  -18.425  -5.720  -46.446 0.5000000000
123332  -17.076  -5.152  -45.841 0.3000000119
138401  -17.941  -5.319  -45.848 0.3000000119
55313  -20.976  -9.002  -47.438 0.6999999881
55997  -18.238  -4.900  -45.253 0.3000000119
56764  -17.645  -4.413  -44.790 0.3000000119
54527  -22.641  -10.647  -48.141 0.6999999881
127131  -28.619  -14.893  -51.254 0.8000000119
52296  -26.897  -14.842  -50.217 0.8000000119
52280  -26.542  -13.702  -47.048 0.8000000119
55291  -18.691  -6.284  -47.839 0.6000000238
137228  -21.105  -8.415  -46.716 0.6999999881
55293  -20.332  -6.294  -47.580 0.6999999881
56784  -17.126  -4.626  -45.279 0.3000000119
56763  -16.916  -4.091  -44.918 0.3000000119
55998  -18.976  -4.828  -45.305 0.3000000119
54505  -21.874  -9.477  -47.305 0.6999999881
58321  -17.566  -2.358  -42.760 0.3000000119
57510  -17.788  -3.005  -43.195 0.3000000119
56751  -18.414  -3.730  -43.904 0.3000000119
56766  -19.172  -4.204  -44.974 0.3000000119
59135  -17.451  -1.418  -42.195 0.3000000119
54529  -23.649  -11.223  -47.336 0.6999999881
53784  -23.749  -13.544  -49.063 0.8000000119
52315  -27.950  -14.902  -50.524 0.8000000119
52297  -27.347  -15.040  -49.653 0.8000000119
51548  -29.502  -15.233  -50.224 0.8000000119
51549  -31.027  -14.706  -48.070 0.6999999881
55273  -19.760  -6.036  -46.985 0.6000000238
55274  -20.502  -5.950  -46.916 0.6000000238
125501  -21.607  -7.509  -45.504 0.6999999881
55251  -20.544  -5.546  -46.476 0.4000000060
55294  -21.697  -8.419  -46.051 0.6999999881
120778  -21.081  -2.690  -44.853 0.3000000119
54492  -22.569  -8.856  -46.083 0.6999999881
54528  -23.410  -10.543  -46.779 0.6999999881
54506  -23.041  -9.553  -46.559 0.6999999881
53785  -24.815  -12.900  -46.513 0.8000000119
53786  -25.515  -12.740  -45.774 0.8000000119
52316  -28.768  -15.194  -50.148 0.8000000119
52298  -27.960  -15.251  -49.448 0.8000000119
52281  -27.191  -13.327  -46.691 0.8000000119
50804  -31.692  -14.296  -47.829 0.6000000238
51550  -32.506  -13.783  -47.527 0.6000000238
56018  -20.141  -5.142  -46.084 0.3000000119
56785  -19.639  -4.658  -45.585 0.3000000119
55275  -22.208  -5.946  -44.877 0.5000000000
56019  -22.398  -3.717  -44.836 0.3000000119
58335  -20.369  -1.770  -44.442 0.3000000119
56786  -22.117  -3.185  -44.782 0.3000000119
55295  -22.907  -7.733  -45.242 0.4000000060
58346  -20.721  -2.084  -44.712 0.3000000119
55314  -24.118  -8.168  -44.625 0.6000000238
54508  -24.657  -9.733  -45.403 0.6000000238
54507  -24.362  -8.898  -45.320 0.6000000238
54530  -24.264  -11.281  -45.941 0.8000000119
53765  -25.339  -10.916  -45.493 0.6999999881
53766  -26.062  -10.465  -45.265 0.6999999881
53019  -26.538  -12.406  -45.347 0.8000000119
52282  -27.700  -13.420  -45.927 0.8000000119
52299  -29.471  -14.884  -47.021 0.8000000119
52300  -30.950  -14.782  -46.733 0.6999999881
51535  -32.385  -13.795  -46.669 0.6999999881
55276  -22.273  -6.998  -44.890 0.5000000000
56803  -22.402  -3.472  -44.650 0.3000000119
56041  -22.625  -4.059  -44.577 0.3000000119
56802  -22.280  -2.465  -45.049 0.3000000119
56818  -23.735  -3.842  -44.506 0.3000000119
57561  -21.934  -1.916  -45.438 0.3000000119
58368  -20.572  -1.228  -45.109 0.3000000119
53020  -27.310  -11.933  -45.583 0.8000000119
53767  -26.709  -10.190  -44.720 0.6999999881
53021  -27.886  -11.582  -45.466 0.8000000119
52283  -28.734  -13.569  -45.463 0.6999999881
50789  -33.205  -13.503  -46.826 0.6000000238
53007  -33.355  -12.954  -44.151 0.5000000000
52269  -34.518  -12.638  -45.202 0.5000000000
122375  -24.691  -5.704  -43.969 0.6000000238
55296  -25.421  -6.134  -44.037 0.6000000238
54493  -25.708  -6.877  -44.137 0.6000000238
54509  -26.833  -7.082  -44.301 0.6999999881
54494  -26.262  -6.992  -44.127 0.6999999881
59984  -19.926  0.460  -45.717 0.3000000119
53768  -27.638  -10.021  -44.723 0.6999999881
53006  -27.940  -10.760  -44.817 0.6999999881
52267  -29.420  -11.456  -44.885 0.6000000238
52284  -30.163  -13.479  -45.601 0.6999999881
52285  -31.809  -13.427  -45.632 0.6999999881
52286  -33.657  -13.280  -45.672 0.6999999881
56056  -25.120  -4.821  -44.304 0.4000000060
56057  -25.886  -5.083  -44.409 0.5000000000
55297  -26.231  -5.902  -44.374 0.6000000238
55315  -26.833  -6.062  -44.676 0.6000000238
123793  -20.341  -0.049  -46.487 0.3000000119
59221  -21.276  -0.627  -46.869 0.3000000119
54510  -27.662  -6.608  -44.815 0.6000000238
53022  -28.617  -11.015  -45.072 0.6000000238
51536  -35.064  -12.665  -46.303 0.6000000238
50805  -35.188  -12.612  -46.246 0.5000000000
51551  -36.087  -12.131  -46.308 0.5000000000
52287  -36.072  -11.859  -45.986 0.5000000000
53008  -35.327  -12.128  -45.025 0.5000000000
56066  -25.625  -4.217  -45.237 0.4000000060
56827  -23.758  -2.400  -46.175 0.4000000060
58395  -21.684  -0.885  -46.780 0.3000000119
57591  -22.600  -1.593  -46.407 0.3000000119
55316  -27.300  -6.114  -44.870 0.6000000238
58410  -22.306  -0.849  -47.857 0.3000000119
54512  -28.609  -6.853  -45.401 0.5000000000
54511  -28.206  -6.651  -45.167 0.6000000238
53769  -28.438  -9.573  -44.910 0.6000000238
52268  -32.658  -12.862  -44.783 0.5000000000
123080  -24.176  -3.121  -45.503 0.4000000060
56829  -25.028  -3.435  -45.687 0.4000000060
58396  -22.210  -1.101  -46.975 0.3000000119
139029  -23.063  -1.161  -48.127 0.3000000119
58397  -22.817  -1.370  -47.126 0.4000000060
57593  -23.511  -1.780  -47.091 0.4000000060
54513  -28.886  -7.057  -45.472 0.5000000000
123166  -29.184  -9.517  -44.857 0.6000000238
53023  -30.573  -11.884  -44.571 0.6000000238
137927  -31.513  -11.909  -44.179 0.5000000000
52997  -33.884  -12.668  -43.788 0.5000000000
56067  -26.153  -4.465  -45.431 0.4000000060
56068  -26.692  -4.716  -45.595 0.4000000060
56830  -25.709  -3.508  -46.310 0.4000000060
54531  -28.308  -5.728  -45.807 0.4000000060
58423  -22.386  -0.595  -48.738 0.3000000119
54533  -28.869  -6.267  -46.104 0.4000000060
145026  -29.032  -7.300  -45.404 0.5000000000
127624  -29.473  -9.670  -44.631 0.6000000238
53770  -29.208  -7.147  -45.537 0.5000000000
126388  -29.970  -10.169  -44.233 0.6000000238
52996  -31.631  -11.547  -43.775 0.5000000000
52998  -35.516  -12.000  -44.508 0.5000000000
59264  -22.698  0.016  -50.205 0.3000000119
58432  -23.770  -0.691  -49.873 0.4000000060
58433  -24.491  -0.927  -49.935 0.4000000060
129791  -23.673  0.167  -50.886 0.4000000060
53772  -29.883  -6.750  -45.395 0.5000000000
53788  -29.531  -6.266  -46.221 0.5000000000
53739  -30.153  -9.648  -43.941 0.5000000000
53740  -32.019  -11.467  -43.216 0.6000000238
53741  -34.688  -12.349  -43.341 0.5000000000
53728  -32.684  -11.368  -42.509 0.5000000000
58442  -24.841  -0.551  -50.418 0.4000000060
57624  -25.651  -1.716  -49.602 0.4000000060
53727  -30.567  -9.838  -43.147 0.5000000000
54479  -29.986  -8.410  -44.226 0.5000000000
134023  -33.068  -11.104  -41.869 0.4000000060
58443  -25.733  -0.729  -50.432 0.4000000060
59283  -24.745  0.384  -51.200 0.4000000060
143038  -29.774  -8.808  -44.731 0.5000000000
54514  -29.760  -5.977  -46.438 0.4000000060
54462  -31.068  -9.760  -42.316 0.4000000060
54495  -29.911  -6.462  -45.321 0.4000000060
54435  -31.959  -9.755  -41.118 0.5000000000
54437  -36.538  -9.722  -41.432 0.4000000060
55252  -30.707  -7.925  -42.565 0.4000000060
54436  -33.726  -9.723  -39.721 0.4000000060
54428  -35.934  -8.961  -39.819 0.4000000060
54429  -37.446  -8.478  -41.183 0.4000000060
55229  -31.772  -7.507  -41.000 0.4000000060
55278  -30.049  -5.654  -45.524 0.4000000060
55224  -33.252  -7.512  -39.325 0.4000000060
54422  -34.494  -8.669  -38.597 0.4000000060
55225  -37.373  -8.000  -39.482 0.4000000060
55223  -32.403  -6.163  -40.137 0.4000000060
55999  -31.573  -5.597  -41.287 0.4000000060
52407  -27.940  -11.910  -57.253 0.6999999881
53130  -17.942  -11.349  -56.203 0.6000000238
52347  -15.510  -10.511  -52.345 0.4000000060
53701  -11.905  -8.998  -45.132 0.4000000060
55250  -19.961  -5.663  -46.399 0.6000000238
54480  -30.214  -8.203  -43.628 0.4000000060
50907  -29.746  -15.357  -56.717 0.5000000000
51660  -30.119  -14.962  -56.291 0.5000000000
51656  -27.770  -13.074  -57.907 0.6999999881
52393  -27.445  -11.641  -56.771 0.6999999881
51618  -30.482  -14.266  -54.916 0.6000000238
145031  -30.896  -16.800  -55.401 0.5000000000
53885  -25.880  -11.871  -54.422 0.8000000119
52346  -14.875  -10.895  -51.739 0.3000000119
52348  -16.099  -9.948  -52.787 0.5000000000
127140  -16.303  -10.205  -53.561 0.5000000000
52355  -14.980  -11.119  -52.461 0.4000000060
55382  -17.134  -7.619  -52.371 0.5000000000
47818  -30.790  -19.492  -51.130 0.4000000060
52312  -14.798  -10.352  -49.974 0.5000000000
52313  -15.617  -9.773  -50.987 0.5000000000
54569  -16.827  -7.828  -51.826 0.5000000000
53063  -15.990  -9.298  -51.210 0.5000000000
53783  -15.582  -8.848  -49.231 0.6000000238
53035  -15.582  -9.222  -49.861 0.5000000000
140206  -16.469  -8.090  -50.544 0.5000000000
53846  -28.062  -11.593  -54.189 0.8999999762
53738  -14.236  -8.570  -46.564 0.4000000060
53752  -15.874  -7.733  -47.943 0.5000000000
49331  -30.046  -16.187  -50.914 0.6999999881
54461  -13.772  -7.109  -45.988 0.4000000060
55269  -14.969  -6.252  -46.212 0.3000000119
142948  -20.797  -8.750  -48.164 0.6999999881
56015  -17.606  -4.920  -45.376 0.3000000119
56040  -19.224  -5.719  -46.399 0.5000000000
56016  -18.721  -5.335  -45.819 0.4000000060
56017  -19.465  -5.272  -45.879 0.3000000119
56752  -18.877  -3.770  -44.342 0.3000000119
57539  -21.974  -2.537  -44.951 0.3000000119
56042  -23.221  -4.371  -44.341 0.3000000119
58369  -21.110  -1.824  -45.301 0.3000000119
57583  -22.843  -2.791  -45.120 0.3000000119
56819  -24.531  -3.947  -44.605 0.4000000060
59228  -21.705  -0.613  -47.568 0.3000000119
57605  -23.882  -1.648  -47.939 0.4000000060
55334  -27.282  -4.781  -46.050 0.4000000060
59265  -23.365  -0.174  -50.337 0.3000000119
58434  -25.250  -1.144  -50.003 0.4000000060
57634  -25.918  -1.363  -50.013 0.4000000060
54423  -35.934  -8.343  -38.380 0.4000000060
56020  -30.644  -5.792  -43.017 0.4000000060
55987  -36.658  -7.322  -38.007 0.3000000119
124158  -25.346  -14.376  -57.685 0.5000000000
50164  -26.184  -14.160  -58.021 0.5000000000
50898  -22.172  -14.850  -56.977 0.4000000060
50899  -23.332  -14.805  -56.994 0.5000000000
50900  -24.391  -14.602  -57.287 0.5000000000
50890  -25.115  -13.978  -57.135 0.6000000238
50901  -25.955  -13.664  -57.660 0.6000000238
50888  -22.928  -14.450  -56.452 0.5000000000
51653  -21.633  -14.399  -56.442 0.5000000000
50889  -24.061  -14.283  -56.688 0.5000000000
51635  -20.676  -13.961  -56.116 0.5000000000
51638  -24.832  -13.756  -56.395 0.6000000238
51639  -25.858  -13.193  -57.052 0.6000000238
51654  -26.438  -13.094  -57.703 0.6000000238
51655  -27.049  -12.917  -57.914 0.6000000238
51640  -26.676  -12.586  -57.431 0.6000000238
51626  -21.917  -14.075  -55.602 0.5000000000
51637  -23.680  -14.082  -55.940 0.5000000000
52401  -18.951  -12.939  -56.575 0.5000000000
52402  -19.792  -13.531  -55.948 0.5000000000
51636  -22.637  -14.223  -55.913 0.5000000000
52387  -21.039  -13.846  -55.201 0.5000000000
51627  -23.038  -14.052  -55.385 0.5000000000
132332  -23.754  -13.928  -55.424 0.6000000238
52386  -19.129  -12.962  -55.889 0.5000000000
52388  -22.481  -14.016  -54.869 0.5000000000
129109  -19.930  -13.511  -55.334 0.5000000000
52385  -18.600  -12.322  -56.420 0.5000000000
52406  -26.987  -12.030  -57.107 0.6000000238
121493  -19.448  -13.171  -55.160 0.5000000000
53133  -20.594  -13.704  -54.615 0.5000000000
53134  -21.900  -13.972  -54.295 0.5000000000
53132  -18.699  -12.368  -55.817 0.5000000000
53902  -18.565  -12.147  -55.616 0.6000000238
53119  -20.029  -13.445  -54.291 0.6000000238
53118  -18.980  -12.734  -55.047 0.6000000238
53900  -18.089  -11.389  -55.954 0.5000000000
53901  -18.291  -11.674  -55.761 0.5000000000
55986  -34.890  -7.203  -38.311 0.4000000060
55993  -36.145  -5.823  -38.017 0.3000000119
56755  -38.175  -4.590  -38.538 0.3000000119
56769  -36.863  -2.911  -39.190 0.3000000119
50161  -22.598  -15.255  -57.408 0.4000000060
50162  -23.680  -15.226  -57.448 0.5000000000
50165  -26.889  -14.016  -58.143 0.5000000000
50902  -26.648  -13.492  -57.992 0.6000000238
50897  -20.931  -14.649  -57.471 0.4000000060
51652  -20.250  -14.134  -57.021 0.5000000000
51634  -19.527  -13.573  -56.751 0.5000000000
52400  -18.458  -12.469  -57.030 0.4000000060
49332  -30.584  -18.219  -54.263 0.4000000060
50082  -32.019  -14.262  -47.518 0.5000000000
56754  -35.075  -4.223  -38.757 0.3000000119
53131  -18.341  -11.798  -56.264 0.5000000000
53142  -18.422  -11.858  -55.995 0.6000000238
55992  -33.855  -5.844  -38.930 0.4000000060
50903  -27.211  -13.447  -58.070 0.4000000060
132051  -15.192  -10.187  -50.698 0.3000000119
52279  -14.288  -10.423  -48.479 0.4000000060
52295  -14.630  -10.213  -49.112 0.4000000060
51509  -12.026  -11.428  -46.221 0.4000000060
51510  -12.715  -11.164  -46.704 0.4000000060
51523  -13.867  -10.662  -47.816 0.4000000060
51490  -10.342  -11.321  -44.640 0.3000000119
52246  -11.770  -10.956  -45.556 0.3000000119
52216  -10.203  -10.591  -44.375 0.4000000060
119973  -11.078  -11.156  -45.090 0.4000000060
52229  -10.801  -10.696  -44.670 0.4000000060
52230  -11.455  -10.354  -45.015 0.4000000060
52256  -12.458  -10.730  -46.019 0.5000000000
52959  -10.779  -10.045  -44.580 0.4000000060
56055  -24.136  -4.826  -44.099 0.3000000119
53771  -29.331  -7.067  -45.616 0.4000000060
57592  -23.131  -2.071  -46.117 0.3000000119
53787  -28.994  -6.421  -46.114 0.4000000060
56828  -24.328  -2.369  -46.821 0.3000000119
123508  -25.148  -2.688  -47.120 0.3000000119
56080  -26.295  -3.709  -46.592 0.3000000119
123585  -25.816  -2.926  -47.440 0.3000000119
56081  -26.816  -3.903  -46.767 0.3000000119
122939  -27.907  -5.306  -45.735 0.3000000119
56839  -24.591  -2.022  -47.961 0.3000000119
57613  -24.178  -1.582  -48.596 0.3000000119
58411  -23.618  -1.211  -48.769 0.3000000119
58425  -24.167  -1.219  -49.282 0.3000000119
54532  -28.747  -6.050  -45.998 0.3000000119
59266  -24.079  -0.357  -50.387 0.3000000119
59276  -25.152  -0.119  -50.838 0.3000000119
60050  -24.067  0.537  -51.399 0.3000000119
56847  -25.278  -2.294  -48.172 0.3000000119
56840  -26.454  -3.174  -47.644 0.3000000119
56094  -27.200  -3.531  -47.703 0.3000000119
56082  -27.893  -4.275  -47.200 0.3000000119
57614  -24.746  -1.774  -48.791 0.3000000119
57615  -25.429  -2.019  -48.981 0.3000000119
132826  -23.515  -0.891  -49.382 0.3000000119
55336  -29.333  -5.378  -47.126 0.3000000119
57623  -24.937  -1.486  -49.471 0.3000000119
123745  -29.615  -5.588  -47.083 0.3000000119
57635  -26.638  -1.298  -50.239 0.3000000119
59277  -25.836  -0.136  -50.846 0.3000000119
55277  -30.040  -5.827  -45.476 0.3000000119
56849  -26.620  -2.787  -48.558 0.3000000119
139048  -28.333  -4.847  -46.837 0.3000000119
56859  -26.113  -2.259  -49.159 0.3000000119
55335  -28.893  -4.937  -47.233 0.3000000119
54534  -29.734  -5.674  -47.022 0.3000000119
58444  -26.545  -0.506  -50.739 0.3000000119
57636  -27.570  -1.603  -50.338 0.3000000119
54515  -29.839  -5.868  -46.530 0.3000000119
56860  -26.794  -2.485  -49.328 0.3000000119
56850  -27.208  -2.964  -48.783 0.3000000119
56103  -27.904  -3.444  -48.617 0.3000000119
57625  -26.348  -1.903  -49.756 0.3000000119
56095  -28.513  -4.156  -48.001 0.3000000119
56861  -27.498  -2.760  -49.448 0.3000000119
57626  -27.098  -2.107  -49.911 0.3000000119
56872  -28.543  -2.621  -50.179 0.3000000119
54554  -29.853  -4.807  -48.137 0.3000000119
58445  -28.045  -1.051  -50.820 0.3000000119
57637  -28.484  -1.909  -50.548 0.3000000119
56862  -28.234  -3.018  -49.622 0.3000000119
56104  -28.719  -3.582  -49.137 0.3000000119
56871  -27.881  -2.373  -50.058 0.3000000119
57644  -28.919  -1.232  -51.024 0.3000000119
56873  -29.228  -2.524  -50.532 0.3000000119
56116  -29.522  -3.112  -50.299 0.3000000119
54555  -30.141  -4.996  -48.021 0.3000000119
54535  -30.087  -5.194  -47.619 0.3000000119
55298  -29.989  -5.688  -46.442 0.3000000119
56096  -29.077  -4.021  -48.678 0.3000000119
55356  -29.489  -4.646  -48.102 0.3000000119
56863  -28.941  -3.142  -49.972 0.3000000119
56105  -29.482  -3.621  -49.669 0.3000000119
143515  -29.231  -1.863  -50.885 0.3000000119
54536  -30.228  -5.084  -47.699 0.3000000119
55317  -30.343  -4.965  -47.702 0.3000000119
55299  -30.114  -5.371  -46.160 0.3000000119
55373  -29.858  -4.175  -49.086 0.3000000119
56883  -29.844  -2.125  -51.040 0.3000000119
119936  -29.712  -4.422  -48.862 0.3000000119
56874  -29.946  -2.770  -50.779 0.3000000119
56117  -29.798  -3.216  -50.380 0.3000000119
56107  -30.382  -3.975  -49.779 0.3000000119
54556  -30.373  -4.562  -49.060 0.3000000119
54557  -30.992  -4.475  -48.797 0.3000000119
55318  -30.502  -4.687  -47.505 0.3000000119
56043  -30.314  -4.778  -45.921 0.3000000119
56058  -30.480  -4.569  -46.761 0.3000000119
56875  -30.502  -2.946  -50.980 0.3000000119
55386  -30.792  -3.769  -50.235 0.3000000119
55374  -30.535  -4.214  -49.424 0.3000000119
55375  -30.899  -4.014  -49.908 0.3000000119
56820  -30.923  -3.892  -47.756 0.3000000119
56787  -30.629  -3.909  -45.836 0.3000000119
56119  -30.894  -3.233  -50.954 0.3000000119
56118  -30.562  -3.489  -50.536 0.3000000119
55376  -31.319  -3.936  -50.161 0.3000000119
55357  -31.305  -3.898  -49.904 0.3000000119
54577  -31.158  -4.011  -49.735 0.3000000119
55338  -31.198  -3.987  -48.696 0.3000000119
55337  -31.234  -4.228  -48.951 0.3000000119
56753  -32.722  -4.699  -40.120 0.3000000119
55387  -31.048  -3.787  -50.486 0.3000000119
50747  -10.621  -11.888  -45.225 0.3000000119
52231  -12.066  -9.724  -45.248 0.4000000060
123890  -12.136  -10.348  -45.489 0.4000000060
59275  -24.409  0.009  -50.857 0.3000000119
139408  -11.330  -11.665  -45.709 0.4000000060
132879  -12.909  -11.461  -47.350 0.4000000060
51511  -13.338  -10.912  -47.219 0.4000000060
51481  -9.699  -11.193  -44.287 0.3000000119
56848  -25.947  -2.547  -48.389 0.3000000119
56106  -30.069  -3.743  -49.909 0.3000000119
56767  -31.580  -4.083  -42.099 0.3000000119
133144  -31.090  -3.887  -48.568 0.3000000119
49345  -31.944  -18.621  -55.574 0.4000000060
50136  -16.118  -12.497  -55.408 0.3000000119
50878  -16.412  -12.554  -56.144 0.3000000119
50868  -15.806  -12.399  -54.809 0.3000000119
128846  -16.717  -12.001  -56.442 0.3000000119
122991  -10.053  -9.846  -44.380 0.3000000119
51522  -13.378  -11.338  -47.999 0.3000000119
51521  -12.242  -11.879  -47.047 0.3000000119
126113  -14.177  -10.879  -49.272 0.3000000119
51534  -13.891  -10.977  -48.475 0.3000000119
50761  -11.534  -12.119  -46.415 0.3000000119
53903  -18.227  -11.531  -56.122 0.6000000238
54586  -16.819  -8.046  -52.390 0.5000000000
57511  -18.304  -3.206  -43.412 0.3000000119
57518  -17.995  -3.516  -43.571 0.3000000119
58298  -17.655  -1.587  -42.163 0.3000000119
58309  -17.444  -1.806  -42.359 0.3000000119
59134  -17.178  -1.540  -42.432 0.3000000119
59136  -17.800  -1.485  -42.339 0.3000000119
59905  -17.645  -1.378  -42.125 0.3000000119
59910  -17.231  -1.202  -42.479 0.3000000119
59911  -17.558  -1.192  -42.363 0.3000000119
