#!ascii label  , from subject sub-1009 vox2ras=TkReg
257
45360  -31.050  -19.783  -59.380 0.6999999881
46204  -31.234  -19.078  -59.513 0.6000000238
45349  -31.613  -20.174  -58.913 0.6000000238
45351  -33.143  -22.065  -58.449 0.4000000060
48661  -25.429  -17.011  -58.662 0.6999999881
132163  -25.626  -17.660  -58.900 0.6999999881
47912  -26.465  -17.041  -58.748 0.6000000238
47913  -26.816  -17.683  -58.909 0.6999999881
47091  -27.532  -18.019  -59.018 0.6000000238
47092  -28.583  -18.118  -59.277 0.6000000238
47914  -28.196  -17.593  -59.131 0.6000000238
47915  -28.984  -17.503  -59.363 0.5000000000
47107  -29.694  -18.142  -59.802 0.5000000000
47106  -29.245  -17.890  -59.568 0.5000000000
47108  -30.243  -18.085  -60.098 0.6000000238
46202  -30.691  -18.274  -60.086 0.6000000238
47109  -30.599  -18.039  -60.188 0.6000000238
47111  -31.198  -18.444  -59.842 0.6000000238
46187  -31.494  -19.007  -59.340 0.6000000238
49427  -24.653  -16.689  -58.464 0.6000000238
49428  -25.762  -16.227  -58.449 0.6000000238
137222  -26.280  -16.513  -58.613 0.6000000238
48662  -27.013  -16.491  -58.701 0.6000000238
48677  -27.481  -17.066  -58.892 0.6000000238
48678  -28.417  -17.120  -59.099 0.6000000238
47925  -29.973  -18.063  -60.029 0.6000000238
47916  -29.681  -17.679  -59.645 0.6999999881
47917  -30.352  -17.852  -59.946 0.6000000238
47927  -30.796  -17.995  -60.167 0.6000000238
46188  -31.935  -19.564  -58.813 0.5000000000
46189  -32.553  -20.361  -58.233 0.5000000000
49426  -23.453  -16.754  -58.571 0.6000000238
49411  -25.248  -15.845  -58.225 0.6000000238
49429  -26.583  -15.944  -58.533 0.6000000238
49430  -27.331  -15.950  -58.466 0.6000000238
48663  -27.853  -16.602  -58.786 0.6000000238
48664  -28.695  -16.774  -58.924 0.6000000238
48679  -29.199  -17.207  -59.259 0.6999999881
47093  -31.089  -18.066  -59.970 0.6000000238
47094  -31.625  -18.438  -59.463 0.6000000238
45339  -33.256  -21.440  -57.905 0.4000000060
49409  -23.202  -16.254  -58.195 0.6000000238
49410  -24.264  -16.176  -58.153 0.6000000238
49412  -26.122  -15.456  -58.361 0.6000000238
50184  -26.872  -15.263  -58.357 0.5000000000
48666  -30.385  -17.301  -59.171 0.6000000238
48680  -30.017  -17.502  -59.542 0.6000000238
48681  -30.710  -17.720  -59.786 0.6000000238
124138  -30.743  -17.915  -60.131 0.6000000238
47918  -31.037  -17.891  -59.949 0.6000000238
47095  -32.268  -18.894  -58.779 0.6000000238
49396  -22.889  -15.758  -57.808 0.5000000000
49397  -23.962  -15.706  -57.831 0.6000000238
50176  -24.793  -15.555  -57.993 0.6000000238
50177  -25.590  -14.995  -58.062 0.5000000000
50185  -27.570  -15.206  -58.085 0.6000000238
49431  -28.128  -16.184  -58.448 0.6999999881
49432  -28.966  -16.465  -58.613 0.6999999881
48665  -29.535  -16.999  -59.052 0.6999999881
49433  -29.766  -16.845  -58.763 0.6000000238
48667  -31.085  -17.654  -59.514 0.6000000238
47919  -31.437  -17.978  -59.695 0.6000000238
47096  -32.737  -19.326  -58.295 0.4000000060
50162  -23.680  -15.226  -57.448 0.6000000238
50163  -24.674  -15.073  -57.703 0.6000000238
50178  -26.488  -14.702  -58.233 0.6000000238
50164  -26.184  -14.160  -58.021 0.5000000000
50179  -27.082  -14.589  -58.190 0.5000000000
50186  -28.380  -15.765  -58.028 0.5000000000
50181  -28.604  -15.387  -57.665 0.5000000000
132834  -29.192  -15.906  -57.692 0.4000000060
49413  -29.964  -16.651  -58.179 0.4000000060
49434  -30.577  -17.267  -58.924 0.5000000000
48647  -31.372  -17.413  -58.893 0.5000000000
48648  -32.092  -17.429  -58.715 0.5000000000
134012  -31.840  -17.780  -59.255 0.6000000238
48668  -31.725  -17.636  -59.229 0.6000000238
47080  -32.775  -18.383  -58.624 0.6000000238
50161  -22.598  -15.255  -57.408 0.5000000000
124158  -25.346  -14.376  -57.685 0.5000000000
50165  -26.889  -14.016  -58.143 0.4000000060
50166  -27.539  -14.045  -58.031 0.5000000000
50168  -29.613  -15.936  -57.287 0.4000000060
50182  -30.617  -16.884  -57.779 0.5000000000
49414  -30.836  -17.173  -58.465 0.5000000000
47901  -33.433  -18.369  -58.122 0.5000000000
50913  -28.383  -14.508  -57.520 0.5000000000
49415  -31.506  -17.252  -58.309 0.5000000000
47900  -33.052  -17.923  -58.543 0.5000000000
50183  -31.397  -16.965  -57.593 0.5000000000
48649  -32.742  -17.337  -58.402 0.5000000000
48650  -32.988  -17.506  -58.348 0.5000000000
50904  -28.128  -13.810  -57.736 0.4000000060
50167  -28.837  -15.037  -57.317 0.4000000060
50905  -28.576  -13.980  -57.340 0.4000000060
50907  -29.746  -15.357  -56.717 0.4000000060
50906  -29.085  -14.583  -56.950 0.4000000060
50169  -30.448  -16.393  -57.122 0.4000000060
132809  -30.304  -16.144  -56.868 0.4000000060
47892  -33.675  -17.754  -58.108 0.4000000060
49416  -32.237  -17.143  -57.994 0.5000000000
140257  -33.263  -17.175  -58.083 0.5000000000
50170  -31.045  -16.588  -57.053 0.4000000060
136971  -34.311  -17.521  -57.715 0.4000000060
48651  -33.664  -17.236  -57.896 0.5000000000
50171  -32.182  -16.916  -57.429 0.5000000000
49417  -32.928  -16.981  -57.805 0.5000000000
50908  -30.934  -15.976  -56.455 0.4000000060
48644  -34.146  -17.109  -57.663 0.3000000119
48645  -34.764  -17.274  -57.433 0.3000000119
50909  -31.522  -16.719  -57.087 0.4000000060
139085  -33.690  -16.987  -57.771 0.5000000000
50154  -32.182  -16.812  -57.152 0.4000000060
49398  -33.174  -16.892  -57.483 0.5000000000
49399  -33.845  -16.849  -57.435 0.5000000000
50892  -31.300  -15.951  -56.084 0.4000000060
49400  -34.456  -16.943  -57.354 0.3000000119
48639  -35.055  -17.161  -57.155 0.3000000119
50155  -33.213  -16.740  -57.059 0.4000000060
51646  -31.015  -15.106  -55.845 0.5000000000
138117  -34.217  -16.770  -57.299 0.3000000119
49390  -34.699  -16.820  -57.037 0.4000000060
49391  -35.146  -17.071  -57.094 0.4000000060
51648  -31.835  -16.449  -56.815 0.4000000060
50156  -33.856  -16.761  -57.105 0.5000000000
50151  -34.083  -16.750  -57.000 0.4000000060
50150  -33.299  -16.711  -56.845 0.5000000000
50152  -34.987  -16.835  -57.029 0.4000000060
49392  -35.996  -17.982  -56.754 0.3000000119
142336  -32.221  -16.020  -56.181 0.5000000000
50884  -32.667  -16.514  -56.428 0.5000000000
50145  -34.917  -16.938  -56.516 0.4000000060
50146  -35.473  -16.810  -56.202 0.3000000119
51630  -32.187  -15.652  -56.028 0.5000000000
50881  -33.928  -16.897  -56.521 0.4000000060
50886  -34.388  -16.792  -56.928 0.4000000060
49385  -35.480  -17.072  -56.400 0.4000000060
130017  -36.021  -17.432  -56.011 0.3000000119
51647  -31.873  -15.899  -56.022 0.5000000000
50885  -33.614  -16.811  -56.776 0.5000000000
50142  -34.774  -17.094  -56.220 0.4000000060
50143  -35.353  -17.050  -55.985 0.4000000060
51623  -31.008  -15.158  -55.647 0.5000000000
49381  -35.991  -17.308  -56.045 0.3000000119
50879  -32.334  -15.903  -56.117 0.5000000000
126660  -33.100  -16.697  -56.361 0.5000000000
51622  -30.406  -14.114  -55.231 0.5000000000
50876  -31.895  -16.926  -55.985 0.5000000000
134264  -35.330  -17.303  -55.790 0.3000000119
50147  -35.876  -17.228  -55.979 0.3000000119
50875  -31.344  -16.022  -55.934 0.5000000000
46203  -30.963  -18.659  -59.887 0.6000000238
45350  -32.343  -21.179  -58.548 0.5000000000
47079  -32.066  -18.106  -59.213 0.6000000238
50180  -28.034  -14.729  -57.756 0.5000000000
50187  -29.168  -16.169  -58.199 0.4000000060
48669  -32.306  -17.599  -58.823 0.5000000000
47899  -32.400  -18.016  -59.010 0.5000000000
142941  -33.850  -16.927  -57.720 0.4000000060
50880  -33.051  -17.086  -56.002 0.5000000000
137772  -28.800  -23.570  -61.073 0.5000000000
42294  -29.913  -24.576  -61.616 0.5000000000
43060  -29.002  -24.375  -61.658 0.5000000000
124240  -32.126  -25.209  -62.023 0.5000000000
42302  -31.416  -25.278  -62.051 0.5000000000
42295  -30.843  -24.810  -61.642 0.4000000060
43050  -30.497  -23.909  -60.946 0.6000000238
43049  -29.587  -23.710  -60.973 0.6000000238
42296  -31.735  -24.574  -61.437 0.5000000000
43076  -33.809  -24.888  -61.967 0.4000000060
44541  -26.843  -21.650  -60.533 0.6999999881
43762  -28.812  -21.996  -60.207 0.6999999881
43774  -29.195  -22.842  -60.532 0.6999999881
43061  -32.592  -24.187  -61.217 0.5000000000
136716  -31.254  -24.065  -61.019 0.5000000000
43062  -33.486  -24.206  -61.357 0.5000000000
42303  -32.978  -25.172  -62.081 0.5000000000
45334  -24.782  -19.888  -60.419 0.5000000000
44539  -25.327  -20.700  -60.611 0.6999999881
45335  -26.428  -20.095  -59.877 0.6999999881
44540  -26.246  -20.955  -60.399 0.6999999881
139427  -26.901  -20.722  -60.053 0.6999999881
43761  -27.876  -21.905  -60.350 0.6000000238
43038  -30.155  -22.837  -60.249 0.6999999881
137152  -29.547  -22.111  -60.070 0.6000000238
43051  -31.854  -23.673  -60.743 0.5000000000
43039  -31.114  -23.278  -60.397 0.6000000238
43063  -34.122  -24.195  -61.439 0.5000000000
144847  -25.606  -19.760  -60.021 0.6999999881
44530  -27.658  -20.921  -59.929 0.6999999881
45336  -27.480  -20.076  -59.553 0.6999999881
140418  -28.584  -21.073  -59.838 0.6999999881
43763  -30.955  -22.141  -59.756 0.6000000238
44532  -30.154  -21.635  -59.826 0.6999999881
43775  -32.328  -23.137  -60.269 0.6999999881
133669  -31.673  -22.897  -60.085 0.6000000238
43787  -33.086  -23.413  -60.497 0.6000000238
43788  -33.833  -23.626  -60.720 0.6000000238
47089  -23.100  -18.748  -60.457 0.5000000000
47090  -24.048  -18.903  -60.035 0.6000000238
46183  -24.250  -19.467  -60.339 0.5000000000
46173  -25.228  -19.042  -59.665 0.6000000238
46175  -27.355  -19.295  -59.295 0.6000000238
45337  -28.455  -20.141  -59.470 0.6999999881
44531  -29.433  -21.252  -59.843 0.6999999881
125522  -31.731  -22.219  -59.552 0.6999999881
46174  -26.380  -19.202  -59.417 0.6000000238
45338  -29.374  -20.256  -59.558 0.8000000119
45346  -29.340  -19.266  -59.438 0.5000000000
44542  -30.098  -20.561  -59.673 0.6999999881
44544  -31.068  -21.047  -59.365 0.6999999881
44559  -33.984  -23.306  -60.087 0.5000000000
44558  -33.220  -22.930  -59.806 0.6999999881
47910  -22.849  -18.165  -60.158 0.5000000000
47911  -23.741  -18.320  -59.722 0.5000000000
47896  -24.457  -17.709  -59.070 0.6000000238
47076  -24.788  -18.323  -59.359 0.6000000238
47897  -25.780  -18.223  -59.107 0.6000000238
47077  -26.509  -18.433  -59.102 0.6000000238
46185  -29.257  -18.501  -59.513 0.5000000000
45348  -30.642  -20.061  -59.599 0.6000000238
45347  -30.158  -19.380  -59.664 0.6000000238
44545  -31.648  -21.302  -59.084 0.6000000238
44546  -32.362  -21.907  -58.990 0.5000000000
127761  -23.438  -17.877  -59.507 0.5000000000
46184  -28.235  -18.678  -59.165 0.5000000000
45358  -30.412  -18.730  -59.867 0.4000000060
46186  -29.987  -18.551  -59.833 0.5000000000
47895  -22.661  -17.638  -59.765 0.5000000000
48660  -23.638  -17.345  -58.977 0.6000000238
46201  -30.363  -18.157  -60.113 0.5000000000
46200  -29.778  -18.214  -59.887 0.4000000060
48676  -21.848  -17.272  -60.209 0.5000000000
48659  -22.427  -17.018  -59.300 0.5000000000
143266  -24.560  -17.217  -58.746 0.6000000238
48658  -21.459  -16.654  -59.915 0.5000000000
48657  -20.704  -16.278  -60.391 0.5000000000
134338  -21.814  -16.385  -59.217 0.5000000000
49425  -22.565  -16.550  -58.743 0.6000000238
49424  -21.045  -15.953  -59.625 0.5000000000
145114  -21.482  -16.001  -59.079 0.5000000000
124476  -20.476  -15.380  -59.504 0.5000000000
49408  -22.076  -16.073  -58.526 0.5000000000
49406  -19.807  -15.035  -59.776 0.5000000000
50175  -20.219  -14.851  -59.006 0.5000000000
49407  -21.111  -15.559  -58.858 0.5000000000
49395  -21.831  -15.523  -58.013 0.4000000060
50160  -20.981  -15.022  -58.220 0.4000000060
45359  -30.703  -19.025  -59.817 0.6000000238
44547  -33.183  -22.544  -59.142 0.4000000060
47078  -27.433  -18.574  -59.083 0.6000000238
44543  -30.602  -21.039  -59.592 0.6999999881
46176  -28.370  -19.279  -59.248 0.6000000238
44557  -32.460  -22.547  -59.601 0.6999999881
47110  -31.066  -18.119  -60.118 0.6000000238
47898  -31.400  -17.811  -59.602 0.6000000238
47926  -30.535  -17.870  -60.154 0.6000000238
