#!ascii label  , from subject sub-1009 vox2ras=TkReg
1300
7450  -47.622  -68.221  -25.040 0.0000000000
14837  -41.463  -58.723  -39.054 0.0000000000
12409  -46.770  -64.698  -22.462 0.0000000000
9802  -46.808  -67.571  -36.008 0.0000000000
13224  -43.828  -58.192  -31.189 0.0000000000
7373  -45.797  -71.806  -15.523 0.0000000000
9735  -40.506  -64.927  -18.838 0.0000000000
10294  -46.486  -63.785  -6.435 0.0000000000
14736  -44.132  -59.301  -22.194 0.0000000000
12422  -42.698  -63.462  -26.428 0.0000000000
144796  -47.925  -58.800  -27.319 0.0000000000
127125  -41.884  -70.746  -17.408 0.0000000000
9088  -38.169  -68.005  -11.092 0.0000000000
11610  -49.092  -62.179  -9.827 0.0000000000
9712  -47.672  -64.468  -12.241 0.0000000000
7473  -44.928  -68.523  -31.727 0.0000000000
12534  -42.940  -63.986  -36.440 0.0000000000
11102  -40.490  -64.126  -36.726 0.0000000000
137167  -36.124  -58.365  -40.151 0.0000000000
9769  -50.054  -66.937  -24.793 0.0000000000
8626  -48.113  -68.108  -31.017 0.0000000000
140580  -43.666  -65.264  -32.801 0.0000000000
13256  -45.039  -60.863  -33.559 0.0000000000
9121  -47.917  -69.076  -19.115 0.0000000000
144200  -45.996  -65.240  -21.199 0.0000000000
14703  -43.434  -58.119  -16.678 0.0000000000
9080  -41.448  -67.417  -7.958 0.0000000000
10953  -41.942  -61.743  -12.022 0.0000000000
121658  -46.917  -63.030  -13.564 0.0000000000
14705  -51.701  -58.690  -17.020 0.0000000000
126435  -44.045  -68.191  -34.593 0.0000000000
16395  -48.201  -57.018  -40.856 0.0000000000
16405  -42.064  -54.178  -42.585 0.0000000000
17173  -40.245  -55.134  -52.058 0.0000000000
16305  -45.796  -56.244  -22.098 0.0000000000
14751  -46.247  -58.443  -25.629 0.0000000000
8078  -46.652  -68.213  -28.926 0.0000000000
13284  -40.201  -60.974  -36.583 0.0000000000
13295  -39.398  -60.413  -38.109 0.0000000000
14842  -38.770  -58.003  -40.139 0.0000000000
14076  -36.480  -56.551  -43.477 0.0000000000
14851  -39.371  -56.177  -40.780 0.0000000000
12417  -48.981  -66.016  -23.814 0.0000000000
11015  -46.206  -66.967  -25.802 0.0000000000
13216  -42.302  -60.637  -29.384 0.0000000000
11704  -42.475  -64.762  -29.909 0.0000000000
12458  -42.285  -60.678  -32.505 0.0000000000
124351  -44.192  -62.843  -34.287 0.0000000000
12467  -44.918  -60.150  -32.919 0.0000000000
8026  -48.374  -70.051  -19.018 0.0000000000
8567  -46.517  -70.582  -17.369 0.0000000000
123787  -39.863  -67.123  -18.127 0.0000000000
141382  -43.353  -68.564  -19.866 0.0000000000
10349  -42.413  -65.795  -20.463 0.0000000000
13167  -44.399  -62.194  -19.721 0.0000000000
10982  -43.262  -63.110  -18.523 0.0000000000
118344  -44.774  -63.969  -6.195 0.0000000000
10299  -41.552  -64.213  -8.327 0.0000000000
12337  -45.329  -61.106  -7.952 0.0000000000
139716  -51.324  -63.502  -13.209 0.0000000000
10968  -48.132  -63.663  -12.886 0.0000000000
12363  -50.183  -62.230  -13.715 0.0000000000
13922  -49.547  -60.037  -14.554 0.0000000000
8634  -48.005  -68.014  -32.977 0.0000000000
121224  -46.093  -68.776  -34.507 0.0000000000
8670  -45.480  -68.007  -37.064 0.0000000000
11100  -38.307  -65.919  -37.467 0.0000000000
17943  -47.886  -55.310  -41.906 0.0000000000
16401  -45.229  -56.367  -41.540 0.0000000000
17958  -41.108  -53.529  -48.557 0.0000000000
13190  -45.693  -62.698  -21.958 0.0000000000
11684  -44.153  -65.184  -24.052 0.0000000000
13200  -43.659  -61.172  -24.355 0.0000000000
12421  -44.805  -59.802  -26.762 0.0000000000
12431  -44.638  -59.151  -28.270 0.0000000000
8559  -42.916  -71.570  -16.652 0.0000000000
8556  -38.198  -69.315  -15.027 0.0000000000
9718  -38.881  -66.127  -15.089 0.0000000000
124347  -48.036  -64.560  -9.061 0.0000000000
10947  -47.841  -63.204  -9.669 0.0000000000
9695  -49.982  -64.625  -11.339 0.0000000000
13904  -51.384  -61.691  -12.190 0.0000000000
17036  -50.337  -60.125  -13.236 0.0000000000
11756  -45.476  -65.150  -38.024 0.0000000000
9828  -44.543  -66.021  -36.866 0.0000000000
11111  -42.036  -64.573  -36.870 0.0000000000
13278  -37.736  -61.202  -37.947 0.0000000000
138541  -34.822  -59.856  -39.545 0.0000000000
144921  -35.611  -57.652  -44.312 0.0000000000
14085  -36.787  -57.772  -47.593 0.0000000000
14863  -38.734  -57.500  -50.167 0.0000000000
8607  -48.718  -67.777  -24.847 0.0000000000
8614  -48.350  -68.101  -28.197 0.0000000000
128522  -48.715  -67.052  -29.574 0.0000000000
11062  -46.913  -67.738  -32.081 0.0000000000
11023  -43.894  -66.342  -27.304 0.0000000000
120024  -44.388  -66.593  -30.850 0.0000000000
11066  -45.621  -67.216  -33.740 0.0000000000
11724  -44.820  -65.592  -35.979 0.0000000000
12512  -43.487  -62.869  -34.648 0.0000000000
131329  -41.376  -58.919  -34.935 0.0000000000
8041  -48.976  -68.676  -21.900 0.0000000000
9135  -49.391  -67.471  -21.315 0.0000000000
10992  -48.943  -66.259  -21.108 0.0000000000
8584  -44.993  -70.049  -18.663 0.0000000000
9747  -47.032  -68.072  -20.551 0.0000000000
12390  -47.910  -64.518  -21.168 0.0000000000
13952  -46.133  -62.211  -20.953 0.0000000000
126057  -43.752  -57.546  -19.293 0.0000000000
15523  -45.985  -56.061  -18.742 0.0000000000
8540  -39.298  -68.297  -9.168 0.0000000000
9709  -38.783  -65.159  -12.105 0.0000000000
10328  -40.072  -63.606  -14.991 0.0000000000
10955  -45.750  -61.789  -11.989 0.0000000000
10321  -44.289  -62.405  -14.106 0.0000000000
10345  -43.851  -63.399  -15.863 0.0000000000
13920  -45.682  -59.944  -14.373 0.0000000000
15511  -48.131  -57.334  -15.915 0.0000000000
8091  -46.777  -68.151  -31.234 0.0000000000
7488  -44.336  -69.674  -34.676 0.0000000000
9209  -43.708  -66.029  -35.279 0.0000000000
9200  -41.004  -65.708  -35.121 0.0000000000
12486  -48.233  -60.404  -33.792 0.0000000000
14041  -46.123  -58.291  -33.178 0.0000000000
14832  -42.792  -58.029  -36.651 0.0000000000
15621  -44.775  -57.493  -39.855 0.0000000000
15624  -41.391  -56.759  -40.533 0.0000000000
16403  -39.605  -54.148  -45.349 0.0000000000
15649  -39.351  -56.220  -49.754 0.0000000000
132023  -49.017  -55.895  -22.201 0.0000000000
16322  -48.411  -56.564  -23.716 0.0000000000
7456  -46.315  -68.136  -26.274 0.0000000000
7457  -47.021  -68.033  -26.338 0.0000000000
14050  -40.612  -59.493  -37.815 0.0000000000
14049  -40.089  -60.131  -37.732 0.0000000000
14060  -40.343  -59.133  -39.207 0.0000000000
14843  -39.087  -57.070  -40.748 0.0000000000
14844  -40.317  -57.797  -40.284 0.0000000000
11678  -47.693  -65.721  -23.206 0.0000000000
11693  -47.972  -66.828  -25.032 0.0000000000
11686  -47.308  -66.337  -23.874 0.0000000000
13223  -42.468  -59.140  -30.846 0.0000000000
120628  -42.114  -61.135  -31.372 0.0000000000
13229  -42.544  -58.819  -32.568 0.0000000000
123128  -43.977  -60.035  -32.989 0.0000000000
12449  -44.447  -58.692  -32.718 0.0000000000
5514  -45.019  -72.900  -16.017 0.0000000000
6758  -46.111  -71.822  -16.213 0.0000000000
7381  -46.977  -71.105  -16.921 0.0000000000
8003  -45.529  -71.601  -16.094 0.0000000000
9116  -41.404  -66.512  -19.958 0.0000000000
134086  -41.907  -65.431  -20.088 0.0000000000
10350  -42.735  -64.402  -19.863 0.0000000000
10343  -42.371  -64.113  -19.109 0.0000000000
9677  -46.847  -65.493  -6.657 0.0000000000
125907  -46.908  -65.985  -6.755 0.0000000000
126002  -45.999  -65.580  -5.847 0.0000000000
135627  -45.049  -65.536  -5.990 0.0000000000
136173  -45.969  -62.832  -5.551 0.0000000000
135608  -43.782  -62.601  -7.286 0.0000000000
11607  -45.923  -61.342  -6.781 0.0000000000
14679  -53.064  -60.734  -14.006 0.0000000000
129698  -50.509  -62.795  -13.509 0.0000000000
12373  -50.981  -61.681  -14.248 0.0000000000
12375  -52.909  -61.306  -15.154 0.0000000000
9186  -48.044  -67.933  -34.671 0.0000000000
8649  -46.871  -68.348  -35.514 0.0000000000
8663  -46.656  -68.040  -36.821 0.0000000000
17948  -44.299  -53.906  -43.258 0.0000000000
17952  -41.982  -53.826  -46.054 0.0000000000
18726  -42.386  -53.083  -47.275 0.0000000000
13972  -44.546  -61.102  -22.554 0.0000000000
12407  -44.185  -62.954  -23.061 0.0000000000
13980  -43.958  -60.464  -23.584 0.0000000000
14761  -46.675  -58.846  -26.566 0.0000000000
13201  -44.829  -59.764  -25.894 0.0000000000
13205  -45.601  -59.367  -26.875 0.0000000000
12424  -44.048  -60.236  -27.060 0.0000000000
13209  -47.190  -59.086  -27.938 0.0000000000
9100  -38.385  -67.619  -14.895 0.0000000000
9095  -37.845  -67.821  -13.188 0.0000000000
10291  -48.796  -63.939  -8.862 0.0000000000
137947  -49.016  -63.648  -9.572 0.0000000000
133218  -49.245  -65.247  -10.511 0.0000000000
10941  -49.521  -63.382  -11.110 0.0000000000
145351  -50.211  -60.884  -12.733 0.0000000000
6858  -43.452  -70.281  -33.020 0.0000000000
12535  -44.004  -64.623  -37.300 0.0000000000
11762  -43.681  -64.900  -37.570 0.0000000000
12539  -42.147  -63.994  -36.550 0.0000000000
13294  -38.769  -60.105  -38.497 0.0000000000
13280  -39.124  -61.598  -37.390 0.0000000000
13292  -36.754  -60.008  -38.898 0.0000000000
13291  -35.531  -59.257  -39.859 0.0000000000
14056  -34.952  -58.264  -41.588 0.0000000000
14854  -37.136  -56.111  -44.044 0.0000000000
14081  -36.553  -57.059  -45.562 0.0000000000
14086  -37.383  -57.172  -47.567 0.0000000000
14089  -38.219  -57.908  -49.823 0.0000000000
15643  -38.539  -56.626  -48.379 0.0000000000
9150  -49.457  -67.332  -24.792 0.0000000000
8610  -48.945  -67.873  -25.955 0.0000000000
11049  -47.617  -67.432  -30.618 0.0000000000
126987  -47.313  -67.338  -30.048 0.0000000000
11692  -43.077  -64.256  -25.571 0.0000000000
11013  -44.130  -66.302  -26.149 0.0000000000
11031  -42.938  -65.435  -27.520 0.0000000000
137156  -43.213  -65.635  -30.941 0.0000000000
11047  -44.579  -66.606  -31.854 0.0000000000
11055  -45.079  -67.000  -32.208 0.0000000000
124999  -44.510  -66.363  -33.677 0.0000000000
11075  -45.452  -66.732  -35.532 0.0000000000
12492  -45.072  -62.287  -34.227 0.0000000000
12506  -44.129  -63.132  -34.810 0.0000000000
12505  -43.924  -61.902  -34.138 0.0000000000
13264  -42.694  -61.647  -33.606 0.0000000000
13255  -43.508  -61.066  -33.288 0.0000000000
9114  -47.786  -69.641  -18.252 0.0000000000
8590  -49.061  -68.864  -19.426 0.0000000000
132635  -48.941  -68.257  -19.948 0.0000000000
9755  -49.311  -67.152  -20.992 0.0000000000
9749  -48.737  -68.008  -20.148 0.0000000000
8564  -43.412  -70.980  -17.349 0.0000000000
8575  -43.923  -70.335  -18.306 0.0000000000
10356  -45.631  -66.740  -21.374 0.0000000000
9126  -45.603  -68.865  -20.200 0.0000000000
10357  -46.665  -66.838  -21.169 0.0000000000
10989  -47.598  -65.619  -21.186 0.0000000000
12388  -47.208  -64.201  -21.055 0.0000000000
13946  -46.944  -63.098  -21.010 0.0000000000
13168  -46.081  -63.064  -20.679 0.0000000000
125500  -43.604  -61.018  -18.272 0.0000000000
13944  -43.858  -60.268  -19.006 0.0000000000
14712  -43.381  -57.994  -18.319 0.0000000000
15531  -44.231  -56.506  -19.708 0.0000000000
140273  -44.872  -56.327  -17.892 0.0000000000
9079  -40.516  -67.777  -8.456 0.0000000000
10944  -41.396  -62.257  -10.056 0.0000000000
10305  -40.513  -64.126  -9.716 0.0000000000
10952  -40.572  -62.779  -11.137 0.0000000000
10319  -39.471  -63.615  -13.283 0.0000000000
10959  -40.788  -62.466  -12.633 0.0000000000
9691  -47.554  -63.763  -11.492 0.0000000000
10946  -46.844  -62.320  -10.195 0.0000000000
145521  -46.976  -63.738  -12.385 0.0000000000
10347  -46.762  -63.543  -13.425 0.0000000000
9710  -45.308  -63.334  -13.896 0.0000000000
10336  -45.294  -63.831  -14.265 0.0000000000
9729  -44.407  -63.714  -15.206 0.0000000000
10976  -45.179  -63.004  -14.470 0.0000000000
12361  -44.400  -62.295  -15.067 0.0000000000
12362  -45.382  -61.868  -14.165 0.0000000000
13930  -50.229  -59.489  -15.193 0.0000000000
13929  -48.519  -59.125  -14.620 0.0000000000
14704  -50.246  -58.071  -16.443 0.0000000000
16291  -48.773  -56.488  -17.727 0.0000000000
8619  -48.798  -68.111  -29.512 0.0000000000
129455  -47.719  -68.125  -29.119 0.0000000000
8089  -47.919  -68.139  -30.783 0.0000000000
8110  -45.063  -69.296  -35.771 0.0000000000
7489  -45.086  -69.171  -34.470 0.0000000000
7504  -44.321  -69.103  -36.203 0.0000000000
7511  -43.193  -69.774  -34.997 0.0000000000
144884  -43.608  -68.389  -33.883 0.0000000000
10419  -42.944  -65.016  -36.861 0.0000000000
9819  -44.240  -66.001  -36.190 0.0000000000
10411  -41.824  -64.797  -36.356 0.0000000000
10416  -37.949  -66.337  -37.655 0.0000000000
9810  -39.793  -65.293  -35.821 0.0000000000
12469  -48.511  -60.321  -32.832 0.0000000000
12487  -50.203  -60.963  -33.943 0.0000000000
14819  -46.558  -57.498  -34.949 0.0000000000
14047  -43.868  -57.270  -34.248 0.0000000000
127248  -44.226  -57.731  -37.683 0.0000000000
16399  -43.168  -55.251  -41.483 0.0000000000
16391  -44.985  -56.788  -41.100 0.0000000000
15633  -42.799  -56.129  -40.902 0.0000000000
15626  -43.475  -57.175  -40.476 0.0000000000
15632  -41.548  -55.588  -40.944 0.0000000000
16397  -40.316  -54.269  -42.838 0.0000000000
16404  -40.697  -53.325  -43.548 0.0000000000
17169  -40.071  -54.867  -49.436 0.0000000000
16413  -39.781  -55.377  -47.860 0.0000000000
16415  -39.738  -55.849  -51.124 0.0000000000
15544  -44.435  -57.300  -22.786 0.0000000000
15559  -45.207  -58.295  -24.474 0.0000000000
15551  -46.124  -57.369  -24.353 0.0000000000
15560  -46.969  -57.668  -25.123 0.0000000000
14752  -47.862  -57.935  -25.914 0.0000000000
12345  -49.556  -62.497  -10.479 0.0000000000
136959  -50.700  -60.897  -9.401 0.0000000000
7465  -45.861  -68.018  -30.370 0.0000000000
14046  -40.687  -61.992  -35.704 0.0000000000
12533  -41.038  -63.270  -36.060 0.0000000000
13282  -39.661  -61.049  -37.191 0.0000000000
130221  -39.076  -59.332  -39.159 0.0000000000
14058  -38.162  -58.582  -39.736 0.0000000000
14057  -36.634  -57.273  -40.403 0.0000000000
14068  -37.262  -57.062  -41.263 0.0000000000
14849  -37.701  -56.430  -41.851 0.0000000000
15635  -38.176  -55.224  -44.035 0.0000000000
11690  -49.688  -66.514  -24.368 0.0000000000
11694  -48.769  -66.821  -25.268 0.0000000000
11016  -47.431  -66.999  -25.955 0.0000000000
11025  -46.903  -66.815  -26.997 0.0000000000
12429  -42.260  -62.482  -27.729 0.0000000000
11702  -42.287  -64.386  -28.278 0.0000000000
119335  -42.041  -62.708  -29.318 0.0000000000
141549  -42.389  -62.251  -31.859 0.0000000000
11708  -42.828  -62.562  -32.662 0.0000000000
11713  -43.767  -64.037  -34.040 0.0000000000
11709  -43.478  -63.037  -33.433 0.0000000000
12476  -44.487  -62.084  -33.830 0.0000000000
120123  -46.119  -61.627  -33.582 0.0000000000
8569  -47.420  -69.878  -17.892 0.0000000000
8577  -46.758  -70.192  -17.944 0.0000000000
8563  -40.637  -69.321  -18.079 0.0000000000
8574  -42.564  -68.852  -19.488 0.0000000000
9109  -40.867  -68.088  -19.280 0.0000000000
9125  -43.290  -67.604  -20.495 0.0000000000
10355  -43.843  -65.619  -21.207 0.0000000000
11657  -44.932  -63.385  -20.181 0.0000000000
10984  -44.374  -63.951  -20.341 0.0000000000
12380  -43.558  -62.065  -18.219 0.0000000000
13160  -43.477  -61.266  -17.473 0.0000000000
9682  -43.701  -66.833  -6.569 0.0000000000
9681  -42.587  -65.813  -7.279 0.0000000000
9689  -41.181  -65.942  -8.399 0.0000000000
10300  -43.125  -64.235  -7.214 0.0000000000
10939  -42.451  -62.725  -8.524 0.0000000000
11626  -43.463  -61.077  -9.521 0.0000000000
10339  -49.642  -64.149  -12.555 0.0000000000
137336  -47.215  -64.283  -12.730 0.0000000000
10969  -49.281  -63.739  -12.768 0.0000000000
10977  -48.626  -63.206  -13.064 0.0000000000
132267  -48.764  -62.083  -13.592 0.0000000000
12371  -47.879  -61.333  -13.765 0.0000000000
12372  -49.638  -61.511  -13.941 0.0000000000
13923  -50.789  -60.198  -15.020 0.0000000000
13931  -51.475  -59.896  -15.642 0.0000000000
143257  -48.101  -68.040  -32.283 0.0000000000
8095  -47.390  -68.255  -32.603 0.0000000000
8100  -47.243  -68.345  -33.456 0.0000000000
8112  -46.271  -68.751  -35.436 0.0000000000
8127  -44.723  -68.455  -36.052 0.0000000000
11101  -39.273  -64.951  -37.007 0.0000000000
17941  -46.276  -55.233  -42.347 0.0000000000
127364  -46.206  -55.831  -42.100 0.0000000000
16393  -46.962  -56.959  -41.286 0.0000000000
132923  -45.313  -55.045  -42.297 0.0000000000
17158  -43.854  -54.028  -42.298 0.0000000000
131553  -42.573  -53.849  -43.649 0.0000000000
17156  -41.511  -53.296  -44.269 0.0000000000
17955  -40.971  -54.077  -47.943 0.0000000000
17170  -40.211  -54.336  -50.016 0.0000000000
13195  -45.736  -63.473  -22.120 0.0000000000
11685  -45.823  -66.076  -23.653 0.0000000000
11676  -44.789  -64.594  -23.039 0.0000000000
12416  -43.498  -62.826  -24.092 0.0000000000
12419  -43.023  -62.987  -25.766 0.0000000000
13984  -44.219  -60.130  -24.877 0.0000000000
13204  -43.947  -60.432  -25.557 0.0000000000
12423  -43.018  -61.859  -26.685 0.0000000000
12430  -43.088  -60.433  -27.922 0.0000000000
12439  -43.458  -59.111  -29.445 0.0000000000
12440  -45.187  -58.468  -29.734 0.0000000000
8002  -44.660  -71.811  -16.043 0.0000000000
8558  -41.332  -71.465  -16.754 0.0000000000
8551  -38.676  -71.070  -15.322 0.0000000000
8562  -40.226  -70.140  -17.143 0.0000000000
9105  -39.593  -68.318  -17.134 0.0000000000
9108  -39.554  -66.547  -16.911 0.0000000000
138556  -39.742  -65.352  -16.467 0.0000000000
140288  -47.770  -64.607  -7.682 0.0000000000
10301  -47.727  -63.897  -8.097 0.0000000000
10940  -47.524  -62.710  -8.477 0.0000000000
10307  -47.951  -63.784  -9.992 0.0000000000
9703  -48.008  -64.139  -11.147 0.0000000000
9097  -48.808  -64.737  -11.570 0.0000000000
11617  -50.457  -62.095  -11.616 0.0000000000
10950  -50.976  -62.834  -12.094 0.0000000000
10322  -50.116  -64.704  -12.179 0.0000000000
124039  -52.618  -61.959  -13.059 0.0000000000
15491  -52.139  -60.887  -13.642 0.0000000000
17037  -51.178  -60.075  -13.680 0.0000000000
10408  -46.715  -66.963  -36.924 0.0000000000
9831  -45.750  -67.021  -37.975 0.0000000000
10427  -44.753  -65.576  -37.891 0.0000000000
10425  -42.757  -64.913  -37.036 0.0000000000
124969  -40.857  -63.952  -36.650 0.0000000000
130497  -38.921  -63.138  -36.900 0.0000000000
13269  -35.101  -61.953  -37.668 0.0000000000
14075  -36.128  -57.105  -42.891 0.0000000000
14080  -35.954  -57.576  -45.143 0.0000000000
13308  -36.159  -58.140  -47.007 0.0000000000
143107  -37.953  -58.610  -50.291 0.0000000000
14090  -38.720  -58.466  -50.965 0.0000000000
8068  -48.230  -67.897  -25.232 0.0000000000
8067  -47.936  -67.981  -25.937 0.0000000000
122844  -48.325  -67.973  -26.436 0.0000000000
9157  -48.789  -68.066  -27.962 0.0000000000
9161  -49.280  -67.982  -29.037 0.0000000000
11046  -48.972  -67.072  -28.837 0.0000000000
9782  -49.139  -67.844  -30.048 0.0000000000
10389  -48.632  -67.927  -31.218 0.0000000000
132160  -47.653  -67.923  -32.664 0.0000000000
10391  -46.905  -67.712  -32.913 0.0000000000
11008  -45.366  -66.577  -24.708 0.0000000000
11024  -45.333  -66.864  -26.854 0.0000000000
11032  -43.163  -66.032  -28.509 0.0000000000
11040  -43.859  -66.428  -29.722 0.0000000000
11048  -46.296  -67.356  -31.116 0.0000000000
11067  -46.668  -67.671  -32.985 0.0000000000
138933  -46.073  -67.266  -35.009 0.0000000000
11084  -46.353  -66.771  -36.633 0.0000000000
11737  -45.461  -65.854  -36.923 0.0000000000
12526  -44.077  -64.280  -36.110 0.0000000000
11723  -44.366  -64.274  -35.018 0.0000000000
12513  -44.108  -64.104  -36.046 0.0000000000
12511  -43.343  -63.671  -35.527 0.0000000000
13263  -42.154  -62.194  -34.508 0.0000000000
139944  -40.385  -60.031  -36.415 0.0000000000
14051  -41.246  -58.843  -36.445 0.0000000000
7433  -48.185  -69.155  -23.429 0.0000000000
8601  -48.872  -68.343  -23.521 0.0000000000
124078  -49.275  -68.040  -22.865 0.0000000000
130965  -48.738  -69.480  -20.220 0.0000000000
8596  -49.162  -68.286  -21.573 0.0000000000
9765  -49.958  -67.123  -22.763 0.0000000000
11000  -49.988  -66.230  -22.420 0.0000000000
12405  -49.403  -65.314  -22.796 0.0000000000
13198  -48.754  -64.982  -22.644 0.0000000000
8010  -45.204  -71.364  -16.539 0.0000000000
8576  -46.068  -70.374  -17.985 0.0000000000
9110  -46.626  -69.977  -18.461 0.0000000000
8583  -43.914  -69.462  -19.198 0.0000000000
9740  -46.797  -69.150  -19.872 0.0000000000
120242  -48.129  -67.123  -20.759 0.0000000000
11666  -48.580  -65.140  -21.318 0.0000000000
13191  -48.144  -64.133  -22.111 0.0000000000
133902  -46.837  -63.336  -21.895 0.0000000000
14737  -46.314  -62.336  -21.443 0.0000000000
122006  -44.855  -60.532  -21.294 0.0000000000
13945  -45.228  -62.012  -20.305 0.0000000000
14713  -44.458  -60.335  -20.106 0.0000000000
132907  -43.890  -58.154  -21.630 0.0000000000
15539  -44.310  -56.227  -20.842 0.0000000000
17069  -46.442  -55.685  -20.984 0.0000000000
9090  -40.297  -66.664  -9.047 0.0000000000
9699  -39.301  -65.874  -10.419 0.0000000000
9698  -38.480  -66.693  -11.567 0.0000000000
9708  -38.431  -66.140  -13.476 0.0000000000
10327  -39.082  -64.822  -14.311 0.0000000000
9726  -40.303  -64.197  -16.217 0.0000000000
11615  -46.373  -61.593  -8.597 0.0000000000
11621  -45.293  -61.349  -10.464 0.0000000000
10945  -43.428  -61.167  -11.285 0.0000000000
9700  -45.959  -63.211  -13.216 0.0000000000
10313  -45.030  -62.235  -13.217 0.0000000000
10960  -42.887  -61.945  -13.347 0.0000000000
10320  -41.719  -62.487  -14.277 0.0000000000
10329  -41.564  -63.041  -15.627 0.0000000000
9728  -42.782  -63.311  -16.985 0.0000000000
10344  -42.996  -63.417  -17.407 0.0000000000
12370  -43.968  -61.677  -15.424 0.0000000000
13928  -43.924  -60.065  -15.732 0.0000000000
13921  -47.681  -59.854  -14.183 0.0000000000
14691  -46.291  -59.202  -14.529 0.0000000000
15510  -45.837  -57.561  -15.579 0.0000000000
16290  -46.949  -56.234  -17.603 0.0000000000
16294  -49.365  -56.382  -18.778 0.0000000000
8079  -47.300  -68.062  -28.309 0.0000000000
8083  -46.655  -68.036  -29.710 0.0000000000
7469  -45.894  -68.158  -31.141 0.0000000000
8098  -46.332  -68.578  -33.202 0.0000000000
7483  -45.710  -68.712  -33.056 0.0000000000
7482  -44.913  -69.036  -33.244 0.0000000000
6866  -43.582  -70.273  -34.213 0.0000000000
9216  -44.945  -66.648  -36.728 0.0000000000
9210  -44.822  -66.864  -35.832 0.0000000000
8667  -44.178  -67.184  -34.729 0.0000000000
9817  -40.284  -65.089  -35.895 0.0000000000
9811  -41.894  -65.484  -35.318 0.0000000000
8660  -43.447  -67.337  -33.602 0.0000000000
15562  -50.294  -57.418  -25.853 0.0000000000
145494  -47.775  -59.113  -28.620 0.0000000000
12432  -46.432  -58.808  -28.937 0.0000000000
12441  -46.746  -58.672  -30.183 0.0000000000
12450  -46.479  -58.884  -31.726 0.0000000000
140983  -46.837  -59.835  -32.908 0.0000000000
12468  -46.794  -59.927  -33.192 0.0000000000
13249  -45.907  -60.481  -33.297 0.0000000000
12507  -48.824  -60.186  -34.330 0.0000000000
13250  -47.735  -59.917  -33.718 0.0000000000
14032  -45.408  -59.769  -32.953 0.0000000000
14040  -43.133  -58.981  -32.822 0.0000000000
14831  -42.504  -58.295  -37.911 0.0000000000
16384  -46.449  -57.351  -40.710 0.0000000000
15622  -45.831  -57.549  -39.914 0.0000000000
14833  -45.251  -57.517  -37.617 0.0000000000
14839  -43.768  -57.884  -38.690 0.0000000000
14838  -42.879  -58.167  -39.118 0.0000000000
14846  -41.930  -57.976  -40.024 0.0000000000
14852  -40.376  -56.464  -40.704 0.0000000000
129423  -39.243  -54.135  -43.023 0.0000000000
15640  -39.030  -55.386  -46.913 0.0000000000
16408  -39.445  -55.282  -47.244 0.0000000000
15644  -38.984  -56.361  -48.594 0.0000000000
15645  -39.023  -56.835  -50.034 0.0000000000
5518  -44.605  -73.185  -16.060 0.0000000000
5523  -45.245  -72.768  -16.258 0.0000000000
6087  -45.110  -72.795  -15.874 0.0000000000
6088  -45.811  -72.089  -15.933 0.0000000000
6092  -45.522  -72.614  -16.177 0.0000000000
6093  -45.921  -72.202  -16.297 0.0000000000
6752  -44.879  -72.362  -15.681 0.0000000000
6757  -45.723  -71.990  -15.738 0.0000000000
6764  -47.071  -71.180  -17.030 0.0000000000
6771  -47.081  -71.242  -17.176 0.0000000000
6863  -43.464  -70.321  -33.638 0.0000000000
6870  -43.347  -70.499  -34.910 0.0000000000
6878  -43.382  -70.340  -35.145 0.0000000000
7372  -44.278  -72.070  -15.731 0.0000000000
7378  -44.996  -71.871  -15.882 0.0000000000
7379  -45.829  -71.893  -15.834 0.0000000000
7380  -46.229  -71.505  -16.319 0.0000000000
7385  -46.731  -71.298  -16.829 0.0000000000
7386  -47.190  -71.074  -16.909 0.0000000000
7391  -47.410  -70.975  -17.127 0.0000000000
7397  -48.028  -70.322  -17.814 0.0000000000
7401  -48.278  -70.084  -18.314 0.0000000000
7407  -48.128  -70.135  -20.021 0.0000000000
7428  -48.207  -69.467  -22.815 0.0000000000
7440  -47.565  -68.807  -24.188 0.0000000000
7468  -44.835  -68.345  -30.997 0.0000000000
7474  -46.013  -68.305  -31.845 0.0000000000
7475  -46.783  -68.240  -31.826 0.0000000000
7478  -45.128  -68.697  -32.516 0.0000000000
7479  -46.321  -68.418  -32.498 0.0000000000
7481  -44.072  -69.582  -33.439 0.0000000000
7485  -44.106  -69.649  -33.860 0.0000000000
7487  -43.933  -70.065  -34.844 0.0000000000
7491  -44.178  -69.939  -35.280 0.0000000000
7492  -44.605  -69.984  -34.970 0.0000000000
7493  -45.143  -69.243  -35.121 0.0000000000
7497  -43.568  -70.077  -35.296 0.0000000000
7498  -44.119  -69.923  -35.571 0.0000000000
7499  -44.652  -69.639  -35.607 0.0000000000
7503  -43.853  -69.665  -35.555 0.0000000000
7505  -44.754  -69.143  -36.138 0.0000000000
7512  -44.130  -68.968  -35.680 0.0000000000
7513  -44.531  -69.052  -36.085 0.0000000000
8001  -43.570  -71.961  -16.074 0.0000000000
8004  -46.033  -71.347  -16.216 0.0000000000
8005  -46.535  -71.021  -16.712 0.0000000000
8009  -44.190  -71.522  -16.549 0.0000000000
8011  -45.900  -71.116  -16.724 0.0000000000
8012  -46.582  -70.938  -16.844 0.0000000000
8013  -46.832  -70.815  -16.995 0.0000000000
8014  -47.259  -70.576  -16.873 0.0000000000
8018  -48.208  -69.899  -17.821 0.0000000000
8022  -48.290  -70.055  -18.308 0.0000000000
8024  -49.033  -69.723  -19.026 0.0000000000
8027  -48.821  -69.467  -19.209 0.0000000000
8029  -48.562  -69.841  -19.609 0.0000000000
8030  -48.980  -69.241  -19.817 0.0000000000
8032  -48.775  -69.286  -20.719 0.0000000000
8033  -48.917  -69.011  -20.490 0.0000000000
8035  -48.728  -69.228  -21.436 0.0000000000
8036  -48.974  -68.783  -21.129 0.0000000000
8046  -48.568  -68.894  -23.116 0.0000000000
8047  -48.963  -68.455  -22.768 0.0000000000
8054  -48.137  -68.776  -23.912 0.0000000000
8055  -48.505  -68.613  -23.753 0.0000000000
8061  -47.928  -68.526  -24.368 0.0000000000
8062  -48.334  -68.208  -24.309 0.0000000000
8066  -47.466  -68.057  -26.110 0.0000000000
8072  -45.985  -67.749  -27.659 0.0000000000
8073  -46.864  -67.967  -27.497 0.0000000000
8074  -47.277  -68.009  -27.312 0.0000000000
8075  -47.959  -68.008  -27.285 0.0000000000
8080  -47.874  -68.095  -28.223 0.0000000000
8082  -45.951  -68.038  -29.658 0.0000000000
8084  -47.345  -68.112  -29.859 0.0000000000
8085  -47.885  -68.148  -29.916 0.0000000000
8087  -46.731  -68.077  -30.508 0.0000000000
8088  -47.437  -68.134  -30.630 0.0000000000
8092  -47.376  -68.169  -31.380 0.0000000000
8094  -47.128  -68.248  -32.127 0.0000000000
8099  -46.846  -68.455  -33.306 0.0000000000
8103  -46.371  -68.642  -33.765 0.0000000000
8104  -46.735  -68.530  -34.029 0.0000000000
8107  -46.692  -68.546  -34.813 0.0000000000
8111  -45.642  -68.999  -35.108 0.0000000000
8114  -45.116  -69.199  -36.048 0.0000000000
8115  -45.617  -68.949  -35.985 0.0000000000
8116  -45.862  -68.949  -35.940 0.0000000000
8120  -43.261  -69.168  -34.423 0.0000000000
8121  -45.158  -68.610  -36.600 0.0000000000
8122  -46.198  -68.785  -36.617 0.0000000000
8123  -46.049  -68.891  -36.250 0.0000000000
8126  -44.123  -68.864  -35.402 0.0000000000
8128  -44.915  -68.855  -36.333 0.0000000000
8129  -45.119  -68.138  -36.826 0.0000000000
8130  -45.520  -68.318  -36.928 0.0000000000
8557  -39.517  -70.704  -16.343 0.0000000000
8565  -44.702  -71.070  -17.216 0.0000000000
8566  -45.682  -70.894  -17.185 0.0000000000
8568  -46.804  -70.344  -17.647 0.0000000000
8570  -47.771  -70.589  -17.401 0.0000000000
8573  -42.251  -69.949  -18.374 0.0000000000
8578  -46.934  -70.057  -18.019 0.0000000000
8579  -47.568  -69.981  -17.988 0.0000000000
8580  -47.940  -69.980  -18.024 0.0000000000
8585  -48.193  -69.867  -18.198 0.0000000000
8586  -48.655  -69.663  -18.770 0.0000000000
8588  -49.108  -69.075  -19.214 0.0000000000
8592  -49.033  -68.621  -20.201 0.0000000000
8594  -49.060  -68.514  -21.150 0.0000000000
8598  -49.219  -68.183  -22.275 0.0000000000
8602  -49.213  -67.995  -23.385 0.0000000000
8604  -48.767  -68.069  -24.111 0.0000000000
8605  -48.999  -67.746  -24.400 0.0000000000
8608  -48.866  -67.736  -25.141 0.0000000000
8609  -48.787  -67.806  -25.787 0.0000000000
8612  -48.519  -68.038  -27.660 0.0000000000
8615  -48.773  -68.099  -28.596 0.0000000000
8618  -48.334  -68.133  -29.133 0.0000000000
8622  -48.295  -68.148  -29.991 0.0000000000
8623  -48.652  -68.099  -30.105 0.0000000000
8627  -48.178  -68.039  -31.683 0.0000000000
8630  -47.926  -68.106  -32.015 0.0000000000
8631  -48.293  -67.988  -32.029 0.0000000000
8633  -47.755  -68.147  -32.849 0.0000000000
8637  -47.651  -68.163  -33.681 0.0000000000
8638  -48.167  -67.957  -34.047 0.0000000000
8642  -47.053  -68.418  -34.298 0.0000000000
8643  -47.585  -68.111  -34.422 0.0000000000
8648  -46.619  -68.497  -35.962 0.0000000000
8650  -47.248  -68.147  -35.073 0.0000000000
8653  -42.429  -66.366  -33.662 0.0000000000
8654  -46.288  -68.523  -36.648 0.0000000000
8655  -46.810  -68.198  -36.248 0.0000000000
8656  -47.053  -68.054  -35.826 0.0000000000
8661  -46.154  -68.303  -37.103 0.0000000000
8662  -46.243  -68.274  -36.993 0.0000000000
8668  -45.041  -67.500  -36.388 0.0000000000
8669  -45.147  -67.869  -36.792 0.0000000000
8671  -45.781  -68.079  -37.175 0.0000000000
8672  -45.994  -68.141  -37.194 0.0000000000
8677  -45.062  -67.090  -36.874 0.0000000000
8678  -45.330  -67.471  -37.074 0.0000000000
8679  -45.820  -67.801  -37.429 0.0000000000
9068  -47.165  -65.493  -6.476 0.0000000000
9070  -48.236  -64.722  -8.821 0.0000000000
9075  -47.518  -64.393  -7.532 0.0000000000
9076  -48.123  -64.828  -9.100 0.0000000000
9077  -48.955  -65.289  -9.930 0.0000000000
9083  -48.242  -64.404  -10.098 0.0000000000
9084  -48.990  -65.123  -10.157 0.0000000000
9085  -49.126  -65.006  -10.519 0.0000000000
9089  -39.234  -67.189  -9.775 0.0000000000
9091  -48.444  -64.478  -10.818 0.0000000000
9092  -48.916  -64.806  -10.884 0.0000000000
9093  -49.010  -64.940  -10.983 0.0000000000
9096  -48.439  -64.617  -11.527 0.0000000000
9101  -39.081  -68.965  -16.144 0.0000000000
9104  -39.084  -67.293  -16.056 0.0000000000
9111  -46.968  -69.894  -18.478 0.0000000000
9112  -47.609  -69.725  -18.413 0.0000000000
9113  -47.919  -69.610  -18.405 0.0000000000
9117  -44.505  -69.041  -19.841 0.0000000000
9118  -45.877  -69.744  -19.053 0.0000000000
9119  -46.755  -69.420  -19.327 0.0000000000
9120  -47.478  -69.291  -19.101 0.0000000000
9122  -47.939  -69.034  -19.020 0.0000000000
9123  -48.622  -69.209  -18.919 0.0000000000
9127  -48.831  -68.931  -19.300 0.0000000000
9129  -49.054  -68.288  -20.117 0.0000000000
9131  -49.158  -68.018  -20.760 0.0000000000
9132  -49.235  -67.600  -20.828 0.0000000000
9134  -49.276  -67.895  -21.379 0.0000000000
9138  -49.328  -68.000  -21.996 0.0000000000
9139  -49.547  -67.455  -21.843 0.0000000000
9141  -49.380  -67.968  -22.502 0.0000000000
9142  -49.772  -67.382  -22.829 0.0000000000
9144  -49.518  -67.751  -23.223 0.0000000000
9145  -49.799  -67.295  -23.573 0.0000000000
9147  -49.480  -67.570  -23.979 0.0000000000
9148  -49.780  -67.132  -24.411 0.0000000000
9151  -49.732  -67.160  -25.155 0.0000000000
9154  -48.889  -68.000  -26.871 0.0000000000
9158  -49.182  -68.017  -27.993 0.0000000000
9160  -49.092  -68.038  -28.853 0.0000000000
9163  -49.024  -68.052  -29.837 0.0000000000
9164  -49.087  -68.007  -29.998 0.0000000000
9166  -48.840  -68.015  -30.676 0.0000000000
9167  -49.181  -68.170  -30.781 0.0000000000
9170  -48.655  -67.991  -31.219 0.0000000000
9171  -48.752  -67.925  -31.118 0.0000000000
9175  -48.040  -68.007  -32.822 0.0000000000
9180  -47.943  -67.991  -33.758 0.0000000000
9185  -47.898  -68.000  -34.851 0.0000000000
9190  -47.211  -67.994  -35.433 0.0000000000
9191  -47.391  -67.945  -35.168 0.0000000000
9195  -41.266  -66.655  -34.600 0.0000000000
9196  -47.024  -67.884  -36.477 0.0000000000
9197  -46.883  -67.737  -36.333 0.0000000000
9201  -42.991  -66.187  -34.311 0.0000000000
9202  -46.237  -67.997  -37.229 0.0000000000
9203  -46.904  -68.050  -37.132 0.0000000000
9204  -46.889  -67.533  -36.815 0.0000000000
9211  -45.995  -67.814  -37.481 0.0000000000
9212  -46.034  -67.893  -38.015 0.0000000000
9213  -46.526  -67.373  -37.484 0.0000000000
9217  -45.054  -66.952  -37.253 0.0000000000
9218  -45.322  -66.846  -37.660 0.0000000000
9219  -45.831  -67.416  -37.732 0.0000000000
9220  -46.062  -67.160  -37.991 0.0000000000
9679  -48.092  -64.614  -8.466 0.0000000000
9680  -49.088  -63.890  -9.041 0.0000000000
9683  -47.964  -64.286  -8.939 0.0000000000
9684  -46.977  -65.013  -7.156 0.0000000000
9685  -47.768  -64.856  -8.295 0.0000000000
9686  -49.086  -64.803  -9.959 0.0000000000
9687  -49.139  -64.520  -9.973 0.0000000000
9688  -40.085  -65.392  -9.658 0.0000000000
9690  -42.459  -67.147  -7.294 0.0000000000
9692  -48.026  -63.985  -10.570 0.0000000000
9693  -47.988  -64.265  -9.637 0.0000000000
9694  -49.674  -65.073  -11.108 0.0000000000
9701  -46.716  -63.977  -12.855 0.0000000000
9702  -47.583  -64.166  -11.950 0.0000000000
9704  -49.075  -64.761  -12.006 0.0000000000
9705  -49.509  -65.014  -11.724 0.0000000000
9706  -49.897  -64.841  -11.543 0.0000000000
9711  -46.734  -64.281  -12.754 0.0000000000
9713  -48.340  -64.618  -11.956 0.0000000000
9714  -48.579  -64.660  -12.001 0.0000000000
9715  -49.651  -64.682  -12.112 0.0000000000
9716  -49.894  -65.034  -12.145 0.0000000000
9719  -43.538  -62.734  -14.955 0.0000000000
9720  -45.316  -64.046  -14.170 0.0000000000
9721  -46.578  -64.166  -13.166 0.0000000000
9722  -47.859  -64.512  -12.229 0.0000000000
9723  -49.040  -64.499  -12.206 0.0000000000
9725  -39.351  -66.046  -16.043 0.0000000000
9727  -41.128  -63.430  -17.008 0.0000000000
9730  -44.573  -63.698  -15.007 0.0000000000
9731  -45.892  -64.107  -13.719 0.0000000000
9732  -47.823  -64.162  -12.664 0.0000000000
9734  -40.053  -65.190  -17.347 0.0000000000
9736  -41.880  -64.137  -18.961 0.0000000000
9737  -43.150  -63.442  -17.143 0.0000000000
9739  -42.424  -67.273  -20.190 0.0000000000
9741  -47.649  -68.713  -19.721 0.0000000000
9742  -47.905  -68.038  -19.561 0.0000000000
9743  -48.605  -68.700  -19.448 0.0000000000
9745  -44.232  -67.741  -20.936 0.0000000000
9746  -46.415  -68.482  -20.541 0.0000000000
9748  -47.629  -67.944  -20.403 0.0000000000
9751  -49.009  -67.734  -20.424 0.0000000000
9752  -49.160  -67.286  -20.776 0.0000000000
9754  -49.139  -67.728  -20.495 0.0000000000
9758  -49.467  -66.990  -21.322 0.0000000000
9761  -49.663  -67.015  -21.791 0.0000000000
9763  -49.798  -67.115  -22.310 0.0000000000
9767  -49.884  -67.167  -24.030 0.0000000000
9779  -49.465  -67.885  -28.609 0.0000000000
9784  -49.056  -67.895  -30.836 0.0000000000
9786  -48.384  -67.989  -31.830 0.0000000000
9788  -47.730  -67.924  -33.459 0.0000000000
9792  -47.675  -67.895  -34.138 0.0000000000
9796  -47.288  -67.839  -34.799 0.0000000000
9803  -47.036  -67.698  -35.536 0.0000000000
9808  -46.830  -67.221  -36.630 0.0000000000
9812  -47.093  -66.989  -37.268 0.0000000000
9815  -38.373  -65.917  -37.247 0.0000000000
9816  -38.278  -65.190  -36.663 0.0000000000
9818  -42.758  -65.255  -35.920 0.0000000000
9820  -46.200  -67.115  -37.858 0.0000000000
9821  -46.850  -67.097  -37.401 0.0000000000
9822  -47.119  -67.055  -36.986 0.0000000000
9827  -43.493  -65.366  -36.588 0.0000000000
9829  -44.967  -66.322  -37.426 0.0000000000
9830  -45.278  -66.688  -37.691 0.0000000000
9832  -45.997  -67.047  -37.980 0.0000000000
9833  -46.188  -66.800  -37.906 0.0000000000
9838  -44.802  -66.093  -37.879 0.0000000000
9839  -45.484  -66.309  -37.943 0.0000000000
9840  -45.894  -66.518  -38.015 0.0000000000
9841  -46.035  -66.443  -38.028 0.0000000000
10293  -46.644  -64.107  -6.474 0.0000000000
10295  -48.356  -64.512  -7.715 0.0000000000
10296  -49.155  -63.841  -9.745 0.0000000000
10297  -49.311  -63.800  -10.420 0.0000000000
10302  -49.467  -63.721  -10.378 0.0000000000
10303  -49.709  -63.916  -10.936 0.0000000000
10306  -47.322  -63.064  -11.132 0.0000000000
10308  -49.919  -64.183  -10.868 0.0000000000
10309  -49.955  -63.835  -11.170 0.0000000000
10310  -50.615  -63.827  -11.952 0.0000000000
10312  -39.589  -64.053  -11.147 0.0000000000
10314  -46.571  -63.082  -12.380 0.0000000000
10315  -50.286  -64.575  -11.866 0.0000000000
10316  -50.471  -64.345  -11.867 0.0000000000
10317  -51.097  -63.814  -12.251 0.0000000000
10323  -50.523  -64.407  -12.095 0.0000000000
10324  -50.742  -64.174  -12.133 0.0000000000
10325  -51.167  -63.821  -12.525 0.0000000000
10330  -48.240  -64.464  -12.269 0.0000000000
10331  -49.873  -64.449  -12.314 0.0000000000
10332  -50.315  -64.320  -12.468 0.0000000000
10333  -50.958  -64.050  -12.588 0.0000000000
10335  -39.503  -64.958  -15.572 0.0000000000
10337  -46.602  -63.855  -13.371 0.0000000000
10338  -48.066  -63.945  -12.732 0.0000000000
10340  -50.180  -63.955  -12.851 0.0000000000
10341  -50.884  -63.800  -12.938 0.0000000000
10346  -45.201  -63.305  -14.436 0.0000000000
10351  -42.994  -63.394  -18.566 0.0000000000
10352  -48.250  -67.915  -20.324 0.0000000000
10354  -43.144  -66.255  -20.941 0.0000000000
10358  -47.488  -66.998  -20.974 0.0000000000
10359  -48.562  -67.486  -20.553 0.0000000000
10360  -48.769  -67.269  -20.677 0.0000000000
10362  -48.997  -66.948  -20.840 0.0000000000
10364  -49.222  -66.746  -21.069 0.0000000000
10367  -49.521  -66.555  -21.404 0.0000000000
10369  -49.894  -66.583  -22.157 0.0000000000
10371  -49.968  -66.633  -22.663 0.0000000000
10373  -50.004  -66.665  -23.267 0.0000000000
10375  -49.961  -66.921  -23.983 0.0000000000
10377  -50.099  -66.901  -25.042 0.0000000000
10381  -49.213  -67.588  -29.368 0.0000000000
10382  -49.290  -67.144  -28.683 0.0000000000
10384  -49.079  -67.506  -30.105 0.0000000000
10385  -48.628  -67.701  -30.725 0.0000000000
10387  -47.472  -67.874  -32.325 0.0000000000
10388  -48.143  -67.948  -31.816 0.0000000000
10392  -47.215  -67.790  -33.282 0.0000000000
10395  -46.820  -67.681  -33.922 0.0000000000
10396  -46.963  -67.694  -33.921 0.0000000000
10399  -46.745  -67.619  -34.696 0.0000000000
10404  -46.452  -66.775  -36.242 0.0000000000
10407  -46.545  -66.854  -37.281 0.0000000000
10410  -39.744  -64.818  -36.629 0.0000000000
10412  -46.398  -66.804  -37.721 0.0000000000
10417  -39.252  -64.816  -36.926 0.0000000000
10418  -41.086  -64.384  -36.642 0.0000000000
10420  -44.643  -65.859  -37.521 0.0000000000
10426  -43.962  -65.140  -37.685 0.0000000000
10428  -44.839  -66.085  -37.906 0.0000000000
10429  -45.618  -66.067  -38.008 0.0000000000
10430  -45.885  -66.096  -38.028 0.0000000000
10936  -49.057  -63.059  -10.326 0.0000000000
10937  -49.276  -62.487  -10.959 0.0000000000
10942  -49.899  -62.941  -11.640 0.0000000000
10948  -50.100  -63.679  -11.544 0.0000000000
10949  -50.549  -63.232  -11.934 0.0000000000
10954  -43.787  -61.546  -12.660 0.0000000000
10956  -51.256  -63.219  -12.322 0.0000000000
10957  -51.663  -62.849  -12.489 0.0000000000
10961  -51.526  -63.456  -12.656 0.0000000000
10962  -51.954  -63.181  -12.798 0.0000000000
10964  -51.517  -63.544  -13.019 0.0000000000
10965  -51.689  -63.441  -12.936 0.0000000000
10966  -52.015  -63.177  -13.013 0.0000000000
10970  -50.130  -63.735  -12.947 0.0000000000
10971  -50.816  -63.663  -13.128 0.0000000000
10972  -51.857  -63.282  -13.311 0.0000000000
10973  -52.148  -63.127  -13.335 0.0000000000
10975  -43.818  -63.054  -16.044 0.0000000000
10978  -49.827  -63.277  -13.086 0.0000000000
10979  -51.258  -63.177  -13.552 0.0000000000
10980  -51.783  -63.166  -13.564 0.0000000000
10985  -45.376  -65.397  -21.255 0.0000000000
10986  -47.426  -66.170  -21.167 0.0000000000
10987  -48.279  -66.719  -20.910 0.0000000000
10990  -48.522  -66.271  -21.050 0.0000000000
10993  -49.188  -66.290  -21.204 0.0000000000
10996  -49.589  -66.206  -21.543 0.0000000000
10998  -49.886  -66.224  -21.976 0.0000000000
11002  -49.974  -66.345  -22.892 0.0000000000
11003  -49.834  -65.987  -22.936 0.0000000000
11004  -49.809  -66.293  -24.108 0.0000000000
11006  -43.347  -65.443  -25.654 0.0000000000
11007  -44.234  -65.994  -25.111 0.0000000000
11009  -46.788  -66.816  -24.777 0.0000000000
11010  -49.891  -66.711  -24.586 0.0000000000
11012  -42.948  -64.670  -26.223 0.0000000000
11014  -45.078  -66.688  -25.684 0.0000000000
11022  -43.173  -65.561  -26.592 0.0000000000
11044  -48.565  -67.078  -29.052 0.0000000000
11045  -48.879  -67.041  -28.965 0.0000000000
11050  -48.453  -67.181  -29.975 0.0000000000
11051  -48.944  -66.917  -29.844 0.0000000000
11052  -48.959  -66.981  -29.396 0.0000000000
11054  -43.865  -65.478  -33.030 0.0000000000
11056  -46.627  -67.522  -31.562 0.0000000000
11057  -47.770  -67.581  -30.989 0.0000000000
11058  -48.219  -67.104  -30.281 0.0000000000
11059  -48.959  -66.937  -29.941 0.0000000000
11061  -45.502  -67.254  -32.596 0.0000000000
11063  -47.930  -67.786  -31.372 0.0000000000
11069  -44.640  -66.003  -34.985 0.0000000000
11070  -45.440  -67.047  -34.396 0.0000000000
11071  -46.406  -67.521  -33.802 0.0000000000
11074  -44.480  -65.507  -35.231 0.0000000000
11076  -46.007  -67.342  -34.717 0.0000000000
11079  -44.827  -65.886  -35.720 0.0000000000
11080  -46.327  -67.093  -35.941 0.0000000000
11083  -45.801  -66.313  -36.787 0.0000000000
11086  -45.926  -66.136  -36.848 0.0000000000
11087  -46.270  -66.597  -36.849 0.0000000000
11093  -46.090  -65.981  -38.198 0.0000000000
11094  -46.079  -66.253  -37.847 0.0000000000
11103  -41.921  -64.698  -36.760 0.0000000000
11104  -45.920  -65.871  -38.165 0.0000000000
11105  -46.129  -66.385  -37.990 0.0000000000
11112  -42.799  -64.699  -37.136 0.0000000000
11113  -43.256  -64.893  -37.436 0.0000000000
11114  -43.841  -65.169  -37.873 0.0000000000
11115  -44.795  -65.305  -38.105 0.0000000000
11116  -45.064  -65.345  -38.124 0.0000000000
11117  -45.538  -65.717  -38.083 0.0000000000
11602  -45.364  -61.331  -7.028 0.0000000000
11608  -47.115  -62.143  -7.215 0.0000000000
11611  -49.233  -61.996  -10.151 0.0000000000
11614  -44.370  -61.362  -7.747 0.0000000000
11616  -49.730  -62.181  -11.324 0.0000000000
11620  -43.921  -61.047  -10.186 0.0000000000
11622  -50.498  -62.609  -11.841 0.0000000000
11623  -51.192  -62.486  -12.103 0.0000000000
11629  -52.875  -62.309  -12.953 0.0000000000
11632  -52.334  -63.017  -13.371 0.0000000000
11635  -52.127  -62.964  -14.015 0.0000000000
11636  -52.340  -62.871  -14.074 0.0000000000
11637  -52.857  -62.614  -14.217 0.0000000000
11640  -45.185  -62.721  -14.440 0.0000000000
11641  -46.109  -62.390  -13.848 0.0000000000
11642  -47.878  -62.582  -13.433 0.0000000000
11643  -49.388  -62.729  -13.324 0.0000000000
11644  -51.034  -62.781  -13.666 0.0000000000
11645  -51.805  -62.706  -13.949 0.0000000000
11646  -52.013  -62.495  -14.138 0.0000000000
11647  -52.667  -62.419  -14.325 0.0000000000
11650  -43.511  -62.895  -18.783 0.0000000000
11651  -43.769  -62.750  -16.224 0.0000000000
11653  -52.807  -61.897  -14.725 0.0000000000
11656  -44.564  -63.537  -20.099 0.0000000000
11658  -46.397  -64.810  -21.117 0.0000000000
11661  -46.485  -64.244  -20.989 0.0000000000
11662  -47.764  -65.202  -21.195 0.0000000000
11663  -48.597  -65.636  -21.219 0.0000000000
11665  -48.138  -65.011  -21.212 0.0000000000
11667  -48.967  -65.807  -21.274 0.0000000000
11670  -48.879  -65.140  -21.509 0.0000000000
11671  -49.352  -65.563  -21.641 0.0000000000
11673  -49.715  -65.702  -21.967 0.0000000000
11674  -49.934  -65.950  -22.044 0.0000000000
11675  -49.725  -65.832  -22.765 0.0000000000
11677  -46.386  -65.390  -22.911 0.0000000000
11679  -48.496  -66.040  -23.714 0.0000000000
11680  -49.394  -65.958  -23.799 0.0000000000
11681  -49.622  -65.944  -23.409 0.0000000000
11683  -43.548  -64.986  -24.945 0.0000000000
11687  -48.361  -66.400  -24.199 0.0000000000
11688  -48.925  -66.414  -24.350 0.0000000000
11689  -48.974  -66.153  -24.191 0.0000000000
11695  -49.028  -66.827  -25.342 0.0000000000
11697  -49.907  -66.831  -25.270 0.0000000000
11699  -42.592  -64.374  -27.069 0.0000000000
11711  -43.656  -63.772  -33.821 0.0000000000
11712  -44.066  -62.176  -33.778 0.0000000000
11716  -44.252  -64.158  -34.869 0.0000000000
11719  -44.385  -64.068  -34.827 0.0000000000
11729  -44.541  -64.947  -36.048 0.0000000000
11736  -44.978  -65.241  -36.794 0.0000000000
11744  -44.753  -64.871  -37.026 0.0000000000
11745  -46.073  -65.321  -37.605 0.0000000000
11746  -45.953  -65.802  -37.413 0.0000000000
11751  -38.772  -64.805  -36.873 0.0000000000
11752  -39.952  -63.907  -36.692 0.0000000000
11753  -41.680  -63.971  -36.522 0.0000000000
11754  -45.038  -64.975  -38.318 0.0000000000
11755  -45.155  -65.047  -37.927 0.0000000000
11761  -42.784  -64.530  -37.012 0.0000000000
11763  -44.465  -65.063  -37.995 0.0000000000
11764  -45.109  -65.285  -38.175 0.0000000000
12342  -43.764  -61.154  -8.894 0.0000000000
12343  -44.333  -61.015  -8.873 0.0000000000
12344  -44.906  -61.078  -9.376 0.0000000000
12346  -50.512  -62.711  -10.750 0.0000000000
12348  -44.035  -61.026  -9.584 0.0000000000
12349  -51.116  -62.224  -11.804 0.0000000000
12351  -52.019  -62.358  -12.548 0.0000000000
12352  -51.754  -62.075  -12.448 0.0000000000
12354  -52.776  -62.094  -13.026 0.0000000000
12356  -53.021  -62.181  -13.607 0.0000000000
12366  -53.095  -61.721  -14.973 0.0000000000
12367  -53.398  -61.644  -15.240 0.0000000000
12369  -43.454  -62.413  -17.821 0.0000000000
12374  -52.468  -61.258  -15.029 0.0000000000
12376  -53.034  -61.139  -15.401 0.0000000000
12377  -53.680  -61.288  -15.325 0.0000000000
12386  -45.037  -63.076  -20.150 0.0000000000
12387  -45.822  -63.415  -20.601 0.0000000000
12391  -48.270  -64.878  -21.172 0.0000000000
12394  -48.884  -64.799  -21.691 0.0000000000
12395  -49.364  -65.240  -21.870 0.0000000000
12397  -49.271  -64.984  -22.095 0.0000000000
12398  -49.668  -65.520  -21.956 0.0000000000
12400  -49.134  -64.933  -22.328 0.0000000000
12401  -49.549  -65.421  -22.333 0.0000000000
12403  -44.771  -62.897  -22.496 0.0000000000
12404  -48.995  -65.185  -22.860 0.0000000000
12408  -45.447  -64.081  -22.482 0.0000000000
12410  -47.887  -65.124  -22.731 0.0000000000
12411  -48.704  -65.416  -23.075 0.0000000000
12412  -49.260  -65.715  -23.396 0.0000000000
12413  -49.498  -65.757  -23.276 0.0000000000
12415  -43.227  -63.679  -24.844 0.0000000000
12420  -43.320  -61.537  -25.665 0.0000000000
12425  -45.717  -59.142  -27.832 0.0000000000
12426  -47.463  -59.024  -28.920 0.0000000000
12451  -47.523  -59.457  -31.884 0.0000000000
12459  -43.172  -60.293  -32.989 0.0000000000
12466  -43.899  -62.172  -33.753 0.0000000000
12477  -47.236  -60.961  -33.398 0.0000000000
12478  -48.970  -60.487  -33.342 0.0000000000
12479  -50.318  -60.897  -33.417 0.0000000000
12484  -45.197  -62.453  -34.226 0.0000000000
12485  -46.781  -61.104  -33.512 0.0000000000
12493  -46.064  -60.936  -33.630 0.0000000000
12494  -49.977  -60.926  -34.173 0.0000000000
12499  -44.553  -63.125  -34.532 0.0000000000
12500  -48.007  -60.043  -33.999 0.0000000000
12501  -49.358  -60.535  -34.244 0.0000000000
12521  -40.583  -62.380  -35.936 0.0000000000
12522  -41.916  -63.320  -36.021 0.0000000000
12523  -41.751  -62.997  -35.761 0.0000000000
12524  -42.643  -63.635  -35.857 0.0000000000
12525  -44.105  -64.621  -37.136 0.0000000000
12531  -38.268  -62.707  -36.978 0.0000000000
12540  -42.958  -64.192  -36.795 0.0000000000
12541  -43.945  -64.630  -37.729 0.0000000000
13132  -43.831  -61.053  -9.335 0.0000000000
13133  -50.642  -61.458  -9.899 0.0000000000
13135  -51.164  -62.041  -10.873 0.0000000000
13138  -52.178  -61.890  -12.924 0.0000000000
13140  -52.870  -61.945  -13.330 0.0000000000
13142  -53.381  -62.233  -13.705 0.0000000000
13143  -53.408  -61.603  -13.738 0.0000000000
13145  -53.996  -61.654  -15.004 0.0000000000
13146  -54.227  -61.063  -14.721 0.0000000000
13148  -45.807  -61.295  -14.042 0.0000000000
13152  -46.694  -60.565  -13.932 0.0000000000
13153  -48.785  -60.674  -14.041 0.0000000000
13154  -50.565  -60.851  -14.554 0.0000000000
13169  -46.932  -63.904  -20.953 0.0000000000
13176  -46.452  -63.007  -20.826 0.0000000000
13177  -47.685  -64.081  -21.143 0.0000000000
13182  -47.579  -63.971  -20.754 0.0000000000
13183  -48.142  -64.371  -21.243 0.0000000000
13185  -48.022  -63.805  -21.368 0.0000000000
13186  -48.794  -64.511  -21.913 0.0000000000
13187  -48.924  -64.578  -22.090 0.0000000000
13189  -44.687  -62.069  -22.387 0.0000000000
13192  -48.832  -64.580  -22.205 0.0000000000
13194  -43.930  -61.632  -23.243 0.0000000000
13196  -46.896  -64.042  -22.125 0.0000000000
13197  -47.949  -64.581  -22.340 0.0000000000
13202  -46.407  -59.147  -27.128 0.0000000000
13210  -48.610  -59.294  -28.822 0.0000000000
13243  -45.427  -61.369  -33.901 0.0000000000
13248  -45.132  -61.303  -33.780 0.0000000000
13257  -46.049  -60.067  -33.144 0.0000000000
13258  -48.590  -59.739  -34.329 0.0000000000
13270  -40.935  -61.258  -34.890 0.0000000000
13279  -38.522  -61.335  -37.732 0.0000000000
13283  -40.040  -61.781  -36.436 0.0000000000
13293  -37.640  -59.535  -39.039 0.0000000000
13296  -39.874  -60.008  -38.339 0.0000000000
13906  -52.292  -61.445  -13.354 0.0000000000
13908  -52.975  -61.586  -13.631 0.0000000000
13936  -43.406  -60.109  -17.502 0.0000000000
13937  -44.751  -61.703  -19.701 0.0000000000
13953  -46.947  -62.979  -20.790 0.0000000000
13959  -47.485  -63.136  -21.804 0.0000000000
13960  -48.365  -63.983  -21.901 0.0000000000
13966  -47.810  -63.560  -21.976 0.0000000000
13967  -48.531  -64.097  -22.104 0.0000000000
13973  -45.197  -62.017  -22.059 0.0000000000
13974  -47.518  -63.476  -22.125 0.0000000000
13975  -48.513  -64.033  -22.110 0.0000000000
13985  -45.679  -59.307  -26.308 0.0000000000
13986  -47.198  -58.992  -27.313 0.0000000000
14039  -41.653  -60.143  -33.530 0.0000000000
14055  -34.392  -59.118  -40.909 0.0000000000
14059  -39.642  -59.248  -39.153 0.0000000000
14061  -40.763  -59.172  -38.766 0.0000000000
14069  -39.764  -58.355  -39.920 0.0000000000
14074  -35.128  -58.104  -44.752 0.0000000000
14082  -37.139  -56.508  -45.931 0.0000000000
14087  -37.550  -58.069  -49.281 0.0000000000
14091  -39.150  -58.442  -51.508 0.0000000000
14094  -39.260  -59.227  -51.682 0.0000000000
14095  -39.822  -59.099  -52.109 0.0000000000
14671  -51.052  -61.111  -9.678 0.0000000000
14675  -50.853  -61.396  -12.129 0.0000000000
14676  -51.836  -61.392  -13.057 0.0000000000
14685  -54.269  -60.533  -14.987 0.0000000000
14695  -44.595  -58.685  -15.128 0.0000000000
14696  -47.218  -58.202  -14.891 0.0000000000
14697  -49.360  -58.495  -15.425 0.0000000000
14698  -50.971  -59.077  -16.050 0.0000000000
14720  -45.615  -61.510  -20.932 0.0000000000
14721  -46.889  -62.791  -21.105 0.0000000000
14728  -44.192  -59.305  -20.658 0.0000000000
14729  -46.001  -61.792  -21.062 0.0000000000
14730  -46.852  -62.707  -21.440 0.0000000000
14744  -44.075  -59.989  -22.848 0.0000000000
14745  -44.898  -61.198  -21.902 0.0000000000
14750  -44.307  -59.380  -24.193 0.0000000000
14760  -45.002  -59.303  -25.367 0.0000000000
14762  -48.074  -58.401  -26.726 0.0000000000
14818  -44.940  -57.540  -33.431 0.0000000000
14824  -42.598  -58.147  -34.481 0.0000000000
14830  -41.652  -58.791  -38.103 0.0000000000
14836  -41.119  -58.503  -39.672 0.0000000000
14840  -45.049  -57.692  -38.891 0.0000000000
14845  -41.151  -57.604  -40.203 0.0000000000
14847  -42.877  -57.831  -40.010 0.0000000000
14850  -38.225  -55.773  -42.543 0.0000000000
14855  -37.650  -55.751  -44.557 0.0000000000
14860  -37.964  -56.856  -47.970 0.0000000000
14864  -39.029  -57.655  -51.199 0.0000000000
14865  -39.200  -57.140  -51.325 0.0000000000
15480  -49.903  -60.885  -9.116 0.0000000000
15486  -50.490  -61.311  -11.962 0.0000000000
15487  -51.264  -61.200  -13.017 0.0000000000
15492  -52.592  -60.899  -13.836 0.0000000000
15497  -53.818  -60.000  -14.903 0.0000000000
15515  -45.796  -56.886  -16.752 0.0000000000
15516  -47.945  -56.601  -16.852 0.0000000000
15517  -49.511  -57.184  -17.051 0.0000000000
15550  -44.561  -57.875  -23.644 0.0000000000
15614  -46.118  -57.705  -38.953 0.0000000000
15620  -43.742  -57.605  -39.876 0.0000000000
15625  -42.439  -57.025  -40.399 0.0000000000
15627  -44.471  -57.235  -40.571 0.0000000000
15628  -45.467  -57.224  -40.637 0.0000000000
15630  -39.143  -55.215  -42.323 0.0000000000
15631  -40.257  -54.985  -41.073 0.0000000000
15636  -38.650  -54.948  -44.558 0.0000000000
15637  -39.128  -54.428  -44.996 0.0000000000
16267  -51.133  -61.066  -13.033 0.0000000000
16269  -51.639  -60.351  -13.731 0.0000000000
16270  -52.309  -60.439  -14.004 0.0000000000
16272  -53.099  -59.824  -14.645 0.0000000000
16273  -53.704  -59.756  -14.970 0.0000000000
16293  -47.956  -55.891  -19.337 0.0000000000
16298  -46.182  -55.741  -19.928 0.0000000000
16306  -47.801  -55.693  -21.657 0.0000000000
16312  -47.853  -56.133  -22.709 0.0000000000
16321  -46.415  -56.793  -23.452 0.0000000000
16328  -47.640  -57.082  -24.452 0.0000000000
16390  -43.971  -56.547  -40.955 0.0000000000
16392  -45.959  -56.836  -41.340 0.0000000000
16394  -47.673  -56.922  -41.197 0.0000000000
16398  -41.788  -54.274  -41.396 0.0000000000
16400  -44.383  -56.076  -41.474 0.0000000000
16412  -39.305  -56.112  -48.695 0.0000000000
17035  -49.500  -59.929  -12.774 0.0000000000
17143  -46.574  -56.413  -41.754 0.0000000000
17149  -43.825  -55.162  -41.867 0.0000000000
17150  -45.731  -56.098  -41.846 0.0000000000
17151  -46.892  -55.889  -42.002 0.0000000000
17157  -42.788  -54.274  -42.487 0.0000000000
17168  -39.824  -55.370  -49.069 0.0000000000
17818  -50.351  -59.096  -13.764 0.0000000000
17942  -47.062  -55.266  -42.172 0.0000000000
17944  -48.730  -55.385  -41.694 0.0000000000
17961  -40.448  -53.801  -50.931 0.0000000000
115789  -47.231  -63.186  -7.131 0.0000000000
115790  -44.061  -65.609  -6.455 0.0000000000
115791  -43.219  -61.572  -8.596 0.0000000000
115793  -42.168  -62.756  -30.730 0.0000000000
115794  -42.057  -61.432  -30.276 0.0000000000
118473  -47.135  -62.290  -6.176 0.0000000000
119274  -45.204  -62.075  -6.474 0.0000000000
119484  -42.717  -61.394  -9.794 0.0000000000
119720  -42.097  -59.797  -31.715 0.0000000000
120550  -45.990  -61.692  -33.929 0.0000000000
121257  -47.862  -60.349  -33.786 0.0000000000
121316  -49.164  -60.554  -33.884 0.0000000000
121349  -45.912  -67.218  -30.441 0.0000000000
121367  -47.043  -61.922  -13.741 0.0000000000
121429  -48.957  -64.535  -8.987 0.0000000000
121831  -44.202  -60.888  -15.142 0.0000000000
122217  -49.460  -60.567  -33.777 0.0000000000
122585  -44.712  -63.464  -14.807 0.0000000000
122767  -49.626  -64.641  -10.794 0.0000000000
122796  -45.212  -67.703  -21.204 0.0000000000
123039  -46.089  -59.373  -32.801 0.0000000000
123178  -50.708  -62.054  -9.898 0.0000000000
123959  -43.891  -65.613  -36.877 0.0000000000
123960  -44.901  -65.096  -36.962 0.0000000000
124003  -50.220  -66.981  -25.330 0.0000000000
124190  -45.099  -72.965  -16.013 0.0000000000
124271  -49.975  -66.048  -22.122 0.0000000000
124295  -44.786  -55.530  -41.828 0.0000000000
124439  -49.014  -60.487  -34.103 0.0000000000
124454  -44.068  -69.409  -32.815 0.0000000000
124577  -53.078  -62.163  -13.415 0.0000000000
124712  -49.011  -68.017  -23.931 0.0000000000
124793  -51.296  -62.112  -12.078 0.0000000000
124814  -44.538  -59.202  -32.813 0.0000000000
124917  -46.193  -72.076  -16.829 0.0000000000
126179  -49.003  -67.667  -25.129 0.0000000000
126317  -45.733  -66.638  -36.141 0.0000000000
126649  -50.002  -66.865  -23.121 0.0000000000
126714  -49.674  -66.263  -24.019 0.0000000000
127141  -47.665  -59.078  -29.612 0.0000000000
127316  -44.015  -69.257  -32.147 0.0000000000
127367  -48.002  -67.989  -32.694 0.0000000000
127445  -49.917  -66.060  -22.596 0.0000000000
127454  -47.684  -59.623  -33.595 0.0000000000
127927  -49.295  -68.108  -28.997 0.0000000000
128173  -48.127  -60.161  -32.686 0.0000000000
128174  -48.265  -67.217  -29.780 0.0000000000
128194  -46.976  -65.971  -6.309 0.0000000000
128225  -50.714  -63.311  -13.322 0.0000000000
128233  -49.987  -66.939  -24.556 0.0000000000
128277  -44.772  -69.218  -33.801 0.0000000000
128359  -49.074  -67.999  -26.855 0.0000000000
128399  -52.652  -61.001  -13.744 0.0000000000
128506  -46.746  -67.557  -35.405 0.0000000000
128692  -43.759  -65.236  -37.406 0.0000000000
128770  -44.467  -69.711  -34.924 0.0000000000
128979  -45.002  -68.528  -36.527 0.0000000000
129020  -44.041  -64.429  -20.673 0.0000000000
129119  -45.940  -64.036  -13.688 0.0000000000
129826  -45.171  -70.643  -17.798 0.0000000000
129975  -46.705  -67.388  -35.918 0.0000000000
130149  -45.616  -69.038  -35.678 0.0000000000
130705  -49.140  -67.887  -19.800 0.0000000000
130846  -39.324  -63.976  -36.748 0.0000000000
131240  -44.105  -65.883  -33.282 0.0000000000
131531  -48.748  -63.655  -8.445 0.0000000000
131960  -44.356  -64.162  -35.191 0.0000000000
132100  -47.887  -64.429  -11.926 0.0000000000
132123  -45.919  -62.387  -21.886 0.0000000000
132150  -49.727  -66.656  -21.772 0.0000000000
132291  -49.530  -59.014  -13.378 0.0000000000
132320  -49.554  -67.621  -22.126 0.0000000000
133003  -52.312  -62.711  -12.888 0.0000000000
133083  -45.650  -68.880  -33.732 0.0000000000
133190  -46.850  -68.385  -32.762 0.0000000000
133477  -45.914  -67.413  -33.003 0.0000000000
133622  -45.071  -64.960  -38.366 0.0000000000
133680  -49.449  -67.849  -28.923 0.0000000000
134236  -47.033  -67.859  -35.754 0.0000000000
134371  -47.711  -68.147  -31.654 0.0000000000
135769  -46.011  -64.181  -5.672 0.0000000000
137829  -42.113  -60.276  -30.729 0.0000000000
137936  -45.482  -58.233  -31.220 0.0000000000
138020  -38.820  -64.892  -13.276 0.0000000000
138378  -48.965  -68.860  -19.491 0.0000000000
138482  -46.489  -59.078  -27.835 0.0000000000
138545  -46.886  -67.209  -36.995 0.0000000000
138614  -46.051  -66.990  -27.772 0.0000000000
138641  -48.991  -64.035  -12.547 0.0000000000
138674  -44.689  -67.903  -35.557 0.0000000000
140076  -48.513  -69.685  -20.378 0.0000000000
141009  -39.900  -55.282  -51.147 0.0000000000
141014  -49.244  -64.999  -22.014 0.0000000000
141103  -38.538  -65.170  -36.930 0.0000000000
141211  -44.642  -60.899  -33.435 0.0000000000
141410  -47.917  -68.482  -19.818 0.0000000000
141562  -47.169  -68.093  -29.150 0.0000000000
141613  -53.373  -60.964  -13.989 0.0000000000
141686  -46.788  -57.678  -39.942 0.0000000000
141818  -44.004  -57.415  -36.109 0.0000000000
141892  -37.149  -57.962  -48.522 0.0000000000
143031  -44.906  -73.127  -15.916 0.0000000000
143042  -48.798  -69.252  -18.940 0.0000000000
143140  -49.383  -65.010  -11.014 0.0000000000
143864  -52.913  -62.057  -12.799 0.0000000000
143899  -52.207  -63.060  -13.036 0.0000000000
144202  -42.812  -63.112  -15.905 0.0000000000
144927  -42.222  -58.227  -39.337 0.0000000000
144959  -47.037  -67.958  -35.904 0.0000000000
145088  -47.894  -56.037  -18.348 0.0000000000
145147  -48.943  -66.995  -29.853 0.0000000000
145150  -45.490  -64.237  -20.776 0.0000000000
145214  -44.692  -65.005  -38.131 0.0000000000
145219  -45.257  -65.840  -36.484 0.0000000000
145343  -46.993  -68.383  -34.901 0.0000000000
