#!ascii label  , from subject sub-1009 vox2ras=TkReg
616
60895  -30.730  2.749  -55.791 0.0000000000
63798  -26.756  7.427  -60.116 0.0000000000
74427  -27.915  15.377  -56.777 0.0000000000
71614  -30.900  12.828  -64.605 0.0000000000
66050  -31.115  9.154  -61.715 0.0000000000
63738  -33.235  3.514  -54.881 0.0000000000
75901  -27.799  18.870  -54.890 0.0000000000
66829  -32.894  10.240  -63.486 0.0000000000
65372  -29.989  10.117  -62.862 0.0000000000
61685  -29.304  4.192  -57.911 0.0000000000
62400  -30.997  4.236  -57.797 0.0000000000
60123  -32.555  1.366  -56.193 0.0000000000
62358  -23.996  5.549  -53.522 0.0000000000
63090  -27.460  7.225  -57.609 0.0000000000
80090  -33.380  27.819  -57.519 0.0000000000
78825  -32.818  24.299  -54.813 0.0000000000
77419  -31.971  20.894  -55.074 0.0000000000
75147  -30.989  17.565  -55.606 0.0000000000
74453  -30.981  14.486  -60.647 0.0000000000
73726  -30.007  13.321  -61.391 0.0000000000
143448  -31.910  14.909  -63.936 0.0000000000
69203  -34.130  12.441  -63.697 0.0000000000
65299  -34.887  10.833  -60.984 0.0000000000
66758  -30.337  12.069  -58.472 0.0000000000
63803  -29.861  7.321  -60.853 0.0000000000
64517  -30.226  6.499  -56.995 0.0000000000
66838  -29.285  10.269  -63.895 0.0000000000
66113  -27.566  9.914  -63.955 0.0000000000
61673  -29.625  3.901  -57.538 0.0000000000
60922  -30.858  2.687  -57.271 0.0000000000
60121  -31.252  1.975  -56.419 0.0000000000
60833  -22.147  1.385  -51.837 0.0000000000
60858  -23.062  2.123  -52.827 0.0000000000
61622  -23.662  2.677  -52.896 0.0000000000
63095  -26.443  7.124  -58.979 0.0000000000
63763  -25.661  8.081  -56.910 0.0000000000
78148  -32.760  23.415  -54.942 0.0000000000
75145  -27.213  17.704  -55.787 0.0000000000
141603  -29.274  18.219  -54.558 0.0000000000
75156  -30.270  16.413  -55.797 0.0000000000
75171  -31.155  16.109  -57.898 0.0000000000
74441  -30.739  14.977  -58.583 0.0000000000
73760  -30.089  13.907  -63.105 0.0000000000
74479  -30.842  14.399  -62.578 0.0000000000
73046  -31.770  13.971  -64.425 0.0000000000
71602  -33.528  13.939  -64.093 0.0000000000
69992  -32.920  12.959  -64.120 0.0000000000
64592  -33.028  9.729  -62.522 0.0000000000
65365  -34.530  9.883  -62.996 0.0000000000
138148  -32.906  10.996  -62.110 0.0000000000
66014  -32.941  12.674  -59.626 0.0000000000
66041  -29.466  10.359  -61.052 0.0000000000
63822  -26.854  8.184  -60.548 0.0000000000
145295  -28.012  9.004  -60.960 0.0000000000
63801  -28.772  7.802  -59.654 0.0000000000
63091  -32.140  3.313  -56.396 0.0000000000
63764  -30.681  5.172  -57.347 0.0000000000
64507  -31.404  5.096  -55.939 0.0000000000
65264  -30.267  8.107  -56.149 0.0000000000
65266  -31.820  5.324  -54.977 0.0000000000
61649  -25.016  5.335  -53.016 0.0000000000
63070  -24.573  6.824  -53.635 0.0000000000
61650  -26.077  5.900  -53.007 0.0000000000
62360  -27.102  6.765  -54.120 0.0000000000
70006  -30.131  12.133  -64.745 0.0000000000
68420  -32.070  11.555  -64.195 0.0000000000
141465  -30.965  10.800  -63.935 0.0000000000
66104  -31.226  10.048  -63.106 0.0000000000
63828  -30.881  9.046  -62.224 0.0000000000
140323  -28.223  5.715  -59.056 0.0000000000
63118  -28.954  6.136  -59.047 0.0000000000
141609  -29.860  4.149  -58.158 0.0000000000
61689  -32.138  2.092  -56.985 0.0000000000
61676  -33.456  2.062  -55.797 0.0000000000
61636  -24.054  3.322  -52.816 0.0000000000
63789  -26.241  7.009  -59.783 0.0000000000
63105  -26.910  6.246  -59.216 0.0000000000
121202  -27.841  5.716  -58.282 0.0000000000
61671  -29.227  5.045  -56.730 0.0000000000
80108  -33.759  27.811  -58.878 0.0000000000
80653  -31.706  28.650  -55.112 0.0000000000
130114  -33.088  26.520  -56.791 0.0000000000
78839  -33.060  23.827  -57.237 0.0000000000
77420  -32.694  21.643  -56.486 0.0000000000
76677  -32.481  20.867  -56.933 0.0000000000
76655  -29.384  20.424  -54.054 0.0000000000
75920  -31.610  18.786  -55.528 0.0000000000
75921  -32.003  19.225  -56.718 0.0000000000
143891  -31.517  16.544  -58.129 0.0000000000
73702  -31.257  14.526  -60.099 0.0000000000
73715  -31.509  14.125  -61.806 0.0000000000
73701  -29.269  13.471  -58.589 0.0000000000
126790  -30.775  14.261  -61.227 0.0000000000
74465  -31.051  14.428  -61.907 0.0000000000
74483  -32.576  14.520  -63.503 0.0000000000
73766  -33.880  14.858  -64.016 0.0000000000
127039  -35.692  12.289  -62.782 0.0000000000
141044  -33.779  11.268  -63.779 0.0000000000
66833  -35.072  10.880  -63.197 0.0000000000
64614  -27.812  9.820  -62.318 0.0000000000
64608  -29.581  9.557  -62.088 0.0000000000
127790  -31.364  6.416  -61.244 0.0000000000
63790  -29.799  6.053  -59.279 0.0000000000
64549  -30.063  6.227  -58.925 0.0000000000
65296  -29.095  7.878  -59.848 0.0000000000
66013  -29.736  10.196  -57.232 0.0000000000
65992  -30.324  9.533  -55.669 0.0000000000
63084  -27.291  7.625  -56.969 0.0000000000
62370  -28.441  6.779  -56.526 0.0000000000
61662  -29.731  4.624  -55.601 0.0000000000
60908  -30.186  3.359  -56.761 0.0000000000
60120  -30.948  2.318  -56.502 0.0000000000
60107  -31.262  1.855  -55.899 0.0000000000
60095  -31.207  1.829  -55.152 0.0000000000
60062  -22.856  1.194  -51.978 0.0000000000
60845  -22.469  1.800  -52.521 0.0000000000
60846  -23.143  1.566  -52.446 0.0000000000
74418  -27.871  16.347  -56.123 0.0000000000
74408  -28.858  16.707  -55.493 0.0000000000
74428  -29.240  15.640  -56.283 0.0000000000
74429  -30.599  15.557  -56.969 0.0000000000
74440  -29.679  14.434  -57.442 0.0000000000
72331  -30.028  13.042  -64.203 0.0000000000
140210  -30.267  13.938  -63.152 0.0000000000
73044  -30.736  14.068  -64.278 0.0000000000
73775  -30.880  14.570  -64.101 0.0000000000
72333  -31.254  13.897  -64.530 0.0000000000
140392  -32.030  13.590  -64.358 0.0000000000
70810  -32.097  12.982  -64.278 0.0000000000
65322  -32.597  10.028  -62.262 0.0000000000
64550  -33.689  10.177  -62.015 0.0000000000
66051  -31.258  10.213  -62.332 0.0000000000
65297  -32.119  11.557  -61.868 0.0000000000
63799  -27.385  7.643  -60.005 0.0000000000
63823  -27.523  8.475  -60.343 0.0000000000
63134  -28.466  7.209  -59.427 0.0000000000
63766  -32.478  3.370  -55.961 0.0000000000
63751  -31.975  4.101  -55.955 0.0000000000
64518  -32.413  4.110  -55.367 0.0000000000
140481  -31.896  4.881  -55.360 0.0000000000
64508  -32.726  4.232  -54.692 0.0000000000
64497  -32.358  5.113  -54.063 0.0000000000
64509  -33.536  3.543  -54.397 0.0000000000
69215  -29.971  11.618  -64.791 0.0000000000
69207  -30.252  11.410  -64.713 0.0000000000
68417  -30.034  10.906  -64.593 0.0000000000
66116  -29.588  10.221  -63.436 0.0000000000
66117  -30.809  10.204  -63.406 0.0000000000
65383  -30.639  10.141  -62.973 0.0000000000
65361  -31.736  9.879  -63.147 0.0000000000
65360  -30.741  10.054  -62.893 0.0000000000
62396  -28.441  5.224  -58.740 0.0000000000
61703  -29.052  4.886  -58.562 0.0000000000
132578  -29.639  4.088  -58.120 0.0000000000
60133  -31.743  1.839  -56.644 0.0000000000
60924  -31.782  2.162  -56.916 0.0000000000
60925  -32.622  1.670  -56.378 0.0000000000
61691  -32.634  2.335  -56.491 0.0000000000
60912  -33.199  1.461  -56.025 0.0000000000
61664  -34.072  1.637  -55.282 0.0000000000
60125  -33.520  1.140  -55.814 0.0000000000
60832  -21.502  1.619  -51.589 0.0000000000
60831  -20.977  1.832  -51.320 0.0000000000
60871  -24.400  3.090  -52.607 0.0000000000
63113  -26.549  6.536  -59.502 0.0000000000
63096  -26.998  6.765  -58.608 0.0000000000
63097  -27.474  6.301  -58.243 0.0000000000
62378  -28.498  5.351  -57.746 0.0000000000
62377  -28.210  6.142  -57.595 0.0000000000
80699  -33.434  29.062  -58.138 0.0000000000
141743  -33.633  29.082  -58.831 0.0000000000
80099  -33.733  27.881  -58.615 0.0000000000
79460  -32.526  25.390  -54.474 0.0000000000
133173  -32.824  26.541  -55.352 0.0000000000
79474  -32.954  25.311  -55.857 0.0000000000
145115  -33.139  24.767  -57.167 0.0000000000
78832  -33.038  24.178  -56.276 0.0000000000
78147  -32.029  22.507  -54.082 0.0000000000
77407  -32.561  21.875  -55.184 0.0000000000
76654  -28.049  19.966  -54.479 0.0000000000
75910  -30.525  18.384  -54.678 0.0000000000
131366  -31.651  18.037  -56.452 0.0000000000
124216  -31.822  17.909  -57.902 0.0000000000
75158  -31.691  17.774  -57.469 0.0000000000
74442  -30.982  15.066  -59.381 0.0000000000
74443  -31.247  15.031  -59.302 0.0000000000
73716  -31.778  13.885  -61.194 0.0000000000
74454  -31.116  14.389  -61.139 0.0000000000
73013  -29.873  13.084  -62.029 0.0000000000
73713  -29.401  12.964  -59.925 0.0000000000
73714  -30.172  13.665  -60.489 0.0000000000
74451  -30.383  14.216  -59.452 0.0000000000
74492  -31.143  14.804  -63.619 0.0000000000
144468  -31.015  14.612  -62.682 0.0000000000
129112  -31.796  14.824  -63.928 0.0000000000
74482  -31.999  14.523  -63.314 0.0000000000
129564  -32.905  14.845  -63.815 0.0000000000
133126  -32.793  15.202  -63.852 0.0000000000
69993  -33.830  13.200  -63.868 0.0000000000
70802  -34.750  13.856  -63.795 0.0000000000
69994  -34.544  13.215  -63.598 0.0000000000
69984  -35.558  13.240  -63.150 0.0000000000
69196  -35.323  12.427  -63.072 0.0000000000
124887  -32.322  11.051  -64.047 0.0000000000
68408  -32.723  11.190  -64.013 0.0000000000
66843  -33.238  10.550  -63.611 0.0000000000
65331  -34.988  9.939  -62.051 0.0000000000
66098  -34.897  9.949  -63.295 0.0000000000
66069  -35.446  10.183  -61.805 0.0000000000
66813  -35.583  10.490  -62.169 0.0000000000
131376  -35.490  10.434  -61.021 0.0000000000
66759  -31.569  12.776  -58.669 0.0000000000
66745  -30.603  11.916  -56.139 0.0000000000
65370  -27.423  9.711  -62.966 0.0000000000
143050  -28.732  8.145  -60.647 0.0000000000
127185  -28.663  8.949  -61.293 0.0000000000
64589  -29.278  8.415  -61.260 0.0000000000
63827  -29.931  8.525  -62.013 0.0000000000
63791  -30.532  6.862  -60.656 0.0000000000
62398  -30.231  4.630  -58.311 0.0000000000
140385  -29.793  5.913  -59.020 0.0000000000
127643  -30.450  4.844  -58.035 0.0000000000
64529  -29.977  6.603  -57.840 0.0000000000
64541  -30.095  6.421  -58.045 0.0000000000
65283  -29.221  8.437  -58.676 0.0000000000
126768  -29.730  8.351  -57.243 0.0000000000
66005  -31.102  6.804  -54.953 0.0000000000
65993  -30.929  7.903  -54.443 0.0000000000
61652  -28.937  5.507  -53.566 0.0000000000
62361  -28.909  6.285  -55.283 0.0000000000
61661  -29.357  5.605  -55.359 0.0000000000
60883  -30.018  4.210  -54.355 0.0000000000
67641  -29.552  10.615  -64.480 0.0000000000
66115  -28.848  10.093  -63.687 0.0000000000
65381  -29.107  10.128  -62.933 0.0000000000
61674  -29.948  3.533  -57.580 0.0000000000
60909  -30.483  2.879  -56.918 0.0000000000
60910  -30.917  2.450  -56.943 0.0000000000
126655  -32.165  1.381  -56.142 0.0000000000
59343  -32.992  1.010  -55.859 0.0000000000
59332  -32.618  0.579  -55.302 0.0000000000
59318  -32.566  0.242  -54.754 0.0000000000
61621  -22.926  2.727  -53.116 0.0000000000
125272  -23.763  1.861  -52.536 0.0000000000
63779  -25.856  7.402  -59.316 0.0000000000
64539  -25.091  8.005  -59.007 0.0000000000
63771  -26.147  7.497  -58.730 0.0000000000
63089  -26.837  7.385  -58.060 0.0000000000
80683  -32.883  29.166  -56.789 0.0000000000
78812  -31.913  24.485  -54.084 0.0000000000
141057  -31.922  23.584  -54.064 0.0000000000
76656  -31.166  21.153  -53.718 0.0000000000
75136  -28.594  17.702  -55.024 0.0000000000
75146  -29.835  17.392  -55.042 0.0000000000
75157  -31.185  16.876  -56.690 0.0000000000
73739  -30.232  13.652  -62.483 0.0000000000
73727  -30.463  13.892  -61.962 0.0000000000
73748  -30.441  14.279  -63.629 0.0000000000
73763  -31.110  14.892  -64.230 0.0000000000
73764  -31.901  14.765  -64.043 0.0000000000
73048  -32.939  14.229  -64.142 0.0000000000
72336  -32.852  13.946  -64.216 0.0000000000
70800  -33.248  13.479  -64.109 0.0000000000
125189  -33.320  12.483  -63.985 0.0000000000
65376  -32.779  9.734  -63.150 0.0000000000
66830  -33.625  10.232  -63.382 0.0000000000
64593  -33.622  9.795  -62.442 0.0000000000
64561  -34.071  9.942  -61.963 0.0000000000
65298  -34.067  11.255  -61.481 0.0000000000
66027  -34.087  11.807  -61.012 0.0000000000
66026  -31.380  12.261  -60.599 0.0000000000
66767  -30.728  12.329  -59.194 0.0000000000
64606  -26.739  9.090  -61.979 0.0000000000
63834  -27.102  8.844  -61.058 0.0000000000
63824  -28.018  8.667  -60.401 0.0000000000
63802  -28.547  7.419  -60.619 0.0000000000
63099  -31.850  3.293  -56.768 0.0000000000
63098  -31.111  4.243  -57.168 0.0000000000
63765  -31.570  4.066  -56.548 0.0000000000
64530  -30.941  5.121  -56.754 0.0000000000
65265  -30.879  6.283  -55.889 0.0000000000
65245  -31.629  6.479  -53.806 0.0000000000
62347  -24.089  4.703  -53.306 0.0000000000
62359  -24.974  6.227  -53.217 0.0000000000
125120  -26.084  6.734  -53.489 0.0000000000
62368  -25.968  7.271  -54.028 0.0000000000
61651  -27.228  6.122  -53.209 0.0000000000
71608  -29.894  12.864  -64.047 0.0000000000
70815  -30.467  12.633  -64.638 0.0000000000
70001  -31.898  12.194  -64.303 0.0000000000
70000  -31.080  11.955  -64.569 0.0000000000
68419  -31.338  11.382  -64.289 0.0000000000
67632  -31.947  10.918  -64.044 0.0000000000
66851  -30.635  10.529  -63.797 0.0000000000
66840  -30.977  10.425  -63.749 0.0000000000
66119  -32.200  10.239  -63.527 0.0000000000
65375  -32.220  9.829  -63.140 0.0000000000
125467  -32.063  9.839  -62.784 0.0000000000
64559  -31.657  9.169  -62.024 0.0000000000
63115  -27.821  6.182  -59.323 0.0000000000
63117  -28.829  6.273  -59.053 0.0000000000
62413  -28.682  5.609  -58.909 0.0000000000
62397  -29.965  5.041  -58.664 0.0000000000
61706  -30.869  3.902  -57.985 0.0000000000
61686  -29.903  3.268  -57.614 0.0000000000
61688  -31.215  2.874  -57.341 0.0000000000
61708  -31.697  3.004  -57.171 0.0000000000
62389  -32.178  2.792  -56.719 0.0000000000
63092  -32.898  2.869  -55.896 0.0000000000
63085  -33.247  2.894  -55.479 0.0000000000
63753  -33.596  3.035  -54.942 0.0000000000
62373  -34.195  2.046  -54.999 0.0000000000
58507  -33.791  0.189  -54.923 0.0000000000
62346  -22.909  4.548  -53.708 0.0000000000
61634  -22.686  3.079  -53.284 0.0000000000
61635  -23.341  3.086  -53.114 0.0000000000
61637  -24.844  3.772  -52.360 0.0000000000
63797  -26.260  7.455  -60.176 0.0000000000
63114  -27.343  6.058  -59.320 0.0000000000
63106  -27.014  6.061  -59.269 0.0000000000
62386  -28.256  5.058  -58.594 0.0000000000
63104  -26.563  6.639  -59.284 0.0000000000
62384  -27.355  5.860  -58.837 0.0000000000
137687  -28.542  5.004  -58.156 0.0000000000
61672  -29.069  4.623  -57.593 0.0000000000
61663  -29.692  4.148  -56.737 0.0000000000
81254  -31.822  29.514  -55.644 0.0000000000
80667  -32.512  28.651  -55.676 0.0000000000
80067  -32.229  27.730  -55.076 0.0000000000
80078  -32.947  27.755  -56.213 0.0000000000
79482  -33.464  26.531  -57.869 0.0000000000
78153  -32.920  23.003  -55.758 0.0000000000
142064  -32.931  22.653  -56.572 0.0000000000
77435  -32.804  22.204  -57.603 0.0000000000
76688  -32.613  21.349  -57.812 0.0000000000
75933  -31.906  19.503  -57.495 0.0000000000
75909  -29.417  19.176  -54.165 0.0000000000
76665  -31.215  19.690  -54.288 0.0000000000
76676  -32.130  20.166  -55.849 0.0000000000
75934  -31.899  18.989  -57.896 0.0000000000
75173  -31.897  17.666  -57.979 0.0000000000
74444  -31.597  15.360  -58.841 0.0000000000
75172  -31.281  16.132  -58.276 0.0000000000
126700  -28.089  14.403  -57.498 0.0000000000
74452  -30.881  14.612  -60.061 0.0000000000
74464  -31.034  14.519  -62.199 0.0000000000
126189  -30.977  14.476  -61.037 0.0000000000
74466  -31.407  14.389  -62.477 0.0000000000
74467  -32.058  14.194  -62.855 0.0000000000
72323  -33.606  14.248  -64.076 0.0000000000
71603  -34.448  13.793  -64.026 0.0000000000
69985  -36.132  13.674  -63.039 0.0000000000
69197  -36.230  13.147  -62.666 0.0000000000
69210  -32.148  12.128  -64.232 0.0000000000
69202  -33.641  12.089  -63.887 0.0000000000
68410  -33.990  11.649  -63.734 0.0000000000
66831  -34.328  10.291  -63.255 0.0000000000
67626  -34.499  10.934  -63.398 0.0000000000
67636  -34.810  11.270  -63.291 0.0000000000
67628  -35.304  11.113  -62.934 0.0000000000
66015  -34.776  11.956  -59.717 0.0000000000
143012  -28.020  9.891  -62.916 0.0000000000
64615  -28.609  9.999  -62.477 0.0000000000
64607  -28.271  9.803  -61.711 0.0000000000
126041  -28.892  9.866  -61.976 0.0000000000
64617  -29.500  10.058  -62.521 0.0000000000
64609  -30.009  9.908  -62.564 0.0000000000
63804  -31.886  8.085  -62.295 0.0000000000
66059  -31.375  8.394  -61.579 0.0000000000
63135  -28.899  6.960  -59.275 0.0000000000
63136  -28.972  7.059  -59.312 0.0000000000
63137  -28.993  6.651  -60.083 0.0000000000
63782  -30.286  5.297  -58.375 0.0000000000
63781  -30.121  6.536  -59.553 0.0000000000
64548  -30.332  7.036  -60.002 0.0000000000
65295  -29.885  8.039  -60.202 0.0000000000
66040  -29.844  9.011  -61.236 0.0000000000
66025  -29.512  11.223  -59.107 0.0000000000
123074  -30.257  11.912  -57.227 0.0000000000
63750  -26.084  7.937  -55.877 0.0000000000
62369  -27.761  7.418  -56.628 0.0000000000
62376  -27.971  6.904  -57.355 0.0000000000
62371  -28.859  5.948  -56.620 0.0000000000
60894  -30.293  3.554  -55.590 0.0000000000
59331  -32.119  0.728  -55.097 0.0000000000
59333  -32.970  0.383  -55.232 0.0000000000
59334  -33.374  0.450  -55.287 0.0000000000
59341  -32.231  1.124  -55.767 0.0000000000
59342  -32.685  1.010  -55.828 0.0000000000
59344  -33.301  0.911  -55.793 0.0000000000
60108  -31.766  1.335  -55.728 0.0000000000
60109  -33.908  0.825  -55.412 0.0000000000
60122  -31.769  1.638  -56.296 0.0000000000
60124  -33.033  1.216  -56.006 0.0000000000
60126  -33.814  1.079  -55.639 0.0000000000
60134  -32.087  1.582  -56.447 0.0000000000
60896  -34.025  1.120  -55.404 0.0000000000
60911  -30.983  2.002  -56.908 0.0000000000
60913  -33.701  1.627  -55.699 0.0000000000
60921  -30.522  2.953  -57.355 0.0000000000
60923  -31.203  2.354  -57.026 0.0000000000
60926  -32.635  2.033  -56.508 0.0000000000
61653  -29.618  5.085  -54.375 0.0000000000
61675  -33.091  1.890  -56.165 0.0000000000
61684  -28.979  4.564  -58.153 0.0000000000
61687  -30.973  2.764  -57.542 0.0000000000
61690  -32.126  2.552  -56.868 0.0000000000
61704  -29.581  4.778  -58.516 0.0000000000
61705  -30.285  3.905  -58.017 0.0000000000
61707  -31.073  3.389  -57.554 0.0000000000
62372  -33.564  2.383  -55.519 0.0000000000
62379  -32.796  2.968  -55.969 0.0000000000
62380  -33.115  2.397  -55.967 0.0000000000
62385  -28.009  5.405  -58.519 0.0000000000
62387  -28.771  4.730  -58.427 0.0000000000
62388  -31.554  3.321  -57.096 0.0000000000
62395  -27.583  5.574  -58.953 0.0000000000
62399  -30.663  4.222  -57.948 0.0000000000
62412  -27.896  5.559  -59.002 0.0000000000
62414  -29.174  5.457  -58.814 0.0000000000
62415  -29.639  5.449  -58.765 0.0000000000
63071  -25.016  6.825  -53.588 0.0000000000
63086  -33.873  2.541  -55.060 0.0000000000
63107  -30.252  5.877  -58.907 0.0000000000
63108  -30.653  4.535  -57.839 0.0000000000
63116  -28.343  6.309  -59.195 0.0000000000
63119  -30.194  5.347  -58.542 0.0000000000
63131  -26.864  6.661  -59.666 0.0000000000
63132  -27.299  6.782  -59.677 0.0000000000
63133  -27.907  7.015  -59.564 0.0000000000
63752  -32.875  3.432  -55.429 0.0000000000
63770  -25.334  7.878  -58.920 0.0000000000
63772  -30.519  5.199  -57.811 0.0000000000
63773  -31.322  4.050  -56.939 0.0000000000
63788  -26.171  6.923  -59.887 0.0000000000
63800  -28.288  8.031  -59.875 0.0000000000
63825  -28.267  8.348  -60.460 0.0000000000
63826  -29.421  7.999  -60.898 0.0000000000
63835  -27.716  8.982  -60.841 0.0000000000
63836  -28.025  9.283  -61.087 0.0000000000
63837  -28.469  9.659  -61.356 0.0000000000
64528  -25.431  8.460  -56.840 0.0000000000
64540  -30.182  7.586  -59.970 0.0000000000
64547  -31.025  7.210  -60.800 0.0000000000
64551  -34.485  10.173  -61.686 0.0000000000
64552  -34.901  10.139  -61.463 0.0000000000
64553  -34.889  9.830  -61.660 0.0000000000
64558  -31.075  7.023  -61.048 0.0000000000
64560  -33.163  10.036  -62.144 0.0000000000
64570  -32.568  9.568  -62.045 0.0000000000
64571  -33.084  9.925  -62.204 0.0000000000
64572  -33.999  9.830  -61.922 0.0000000000
64573  -34.499  9.898  -61.892 0.0000000000
64588  -26.427  8.552  -61.307 0.0000000000
64590  -29.621  9.208  -62.480 0.0000000000
64591  -30.220  9.046  -62.762 0.0000000000
64610  -30.431  9.849  -62.885 0.0000000000
64611  -31.021  9.832  -62.912 0.0000000000
64612  -32.990  9.647  -62.936 0.0000000000
64616  -28.917  9.958  -62.106 0.0000000000
64618  -30.127  10.158  -62.670 0.0000000000
65300  -35.372  10.626  -60.728 0.0000000000
65307  -30.679  8.068  -60.757 0.0000000000
65308  -32.060  10.105  -62.123 0.0000000000
65309  -32.817  10.263  -62.291 0.0000000000
65310  -33.895  10.834  -61.757 0.0000000000
65311  -34.884  10.373  -61.333 0.0000000000
65312  -34.971  10.403  -61.115 0.0000000000
65319  -31.399  7.092  -61.438 0.0000000000
65320  -31.376  7.159  -61.404 0.0000000000
65321  -31.688  8.787  -61.816 0.0000000000
65330  -34.047  9.845  -61.962 0.0000000000
65340  -33.515  9.538  -62.974 0.0000000000
65341  -34.113  9.732  -62.813 0.0000000000
65342  -34.734  9.909  -62.453 0.0000000000
65343  -35.163  10.004  -62.058 0.0000000000
65362  -32.301  9.784  -63.048 0.0000000000
65363  -33.089  9.603  -63.003 0.0000000000
65364  -34.004  9.560  -63.190 0.0000000000
65369  -26.777  9.415  -62.832 0.0000000000
65371  -29.465  10.144  -62.475 0.0000000000
65373  -30.672  10.122  -62.961 0.0000000000
65374  -31.525  9.958  -63.041 0.0000000000
65377  -26.610  9.557  -63.408 0.0000000000
65379  -27.763  9.840  -63.525 0.0000000000
65380  -28.392  9.986  -63.320 0.0000000000
65382  -29.892  10.217  -62.889 0.0000000000
66052  -35.629  10.679  -60.711 0.0000000000
66060  -35.208  10.167  -61.472 0.0000000000
66061  -35.686  10.484  -61.322 0.0000000000
66068  -31.402  7.180  -61.445 0.0000000000
66070  -36.103  10.880  -61.914 0.0000000000
66078  -35.024  9.985  -62.441 0.0000000000
66079  -35.541  10.149  -61.823 0.0000000000
66080  -36.013  11.112  -61.948 0.0000000000
66096  -33.536  9.719  -63.094 0.0000000000
66097  -34.287  9.843  -63.052 0.0000000000
66099  -35.226  10.172  -62.465 0.0000000000
66105  -31.883  9.978  -63.254 0.0000000000
66106  -32.351  9.959  -63.292 0.0000000000
66107  -32.957  9.928  -63.215 0.0000000000
66108  -34.004  9.986  -63.185 0.0000000000
66109  -34.660  10.096  -63.077 0.0000000000
66114  -28.175  9.945  -63.981 0.0000000000
66118  -31.509  10.214  -63.511 0.0000000000
66123  -28.743  10.073  -63.992 0.0000000000
66768  -31.215  12.544  -59.495 0.0000000000
66779  -31.142  12.479  -59.331 0.0000000000
66823  -35.048  10.239  -62.888 0.0000000000
66824  -35.405  10.525  -62.520 0.0000000000
66825  -35.835  10.943  -62.160 0.0000000000
66832  -34.876  10.460  -63.095 0.0000000000
66839  -30.162  10.344  -63.736 0.0000000000
66841  -31.706  10.486  -63.722 0.0000000000
66842  -32.478  10.554  -63.723 0.0000000000
66844  -33.885  10.625  -63.522 0.0000000000
66849  -29.008  10.152  -64.013 0.0000000000
66850  -29.874  10.383  -63.922 0.0000000000
67563  -31.092  12.498  -59.117 0.0000000000
67620  -35.591  11.062  -62.566 0.0000000000
67627  -35.156  11.088  -63.034 0.0000000000
67631  -31.106  10.783  -64.029 0.0000000000
67633  -32.877  11.008  -63.964 0.0000000000
67634  -33.438  11.061  -63.820 0.0000000000
67635  -34.170  11.184  -63.591 0.0000000000
67640  -29.140  10.473  -64.423 0.0000000000
67642  -30.174  10.743  -64.368 0.0000000000
67643  -31.246  11.000  -64.132 0.0000000000
68401  -35.234  11.706  -63.038 0.0000000000
68402  -35.427  11.694  -62.927 0.0000000000
68403  -35.931  12.216  -62.493 0.0000000000
68407  -32.002  11.023  -64.063 0.0000000000
68409  -33.421  11.446  -63.921 0.0000000000
68411  -34.681  11.872  -63.411 0.0000000000
68416  -29.407  10.869  -64.794 0.0000000000
68418  -30.617  11.153  -64.446 0.0000000000
68424  -29.893  10.827  -65.195 0.0000000000
69195  -34.901  12.796  -63.357 0.0000000000
69201  -32.838  11.869  -64.071 0.0000000000
69208  -30.826  11.641  -64.564 0.0000000000
69209  -31.502  11.850  -64.389 0.0000000000
69216  -30.436  11.897  -64.716 0.0000000000
70002  -32.194  12.730  -64.257 0.0000000000
70005  -29.490  11.831  -64.804 0.0000000000
70007  -30.619  12.409  -64.683 0.0000000000
70789  -36.049  13.954  -63.359 0.0000000000
70801  -33.990  13.768  -63.959 0.0000000000
70809  -31.412  12.844  -64.454 0.0000000000
70811  -32.501  13.313  -64.263 0.0000000000
70814  -30.102  12.662  -64.457 0.0000000000
70816  -30.846  12.771  -64.622 0.0000000000
71609  -30.396  13.059  -64.327 0.0000000000
71610  -31.439  13.246  -64.433 0.0000000000
71611  -32.794  13.718  -64.236 0.0000000000
71612  -29.784  12.423  -64.383 0.0000000000
71613  -30.831  13.077  -64.575 0.0000000000
72324  -34.518  14.610  -64.022 0.0000000000
72332  -30.410  13.889  -64.049 0.0000000000
72334  -31.488  13.890  -64.439 0.0000000000
72335  -32.166  13.990  -64.321 0.0000000000
72337  -30.861  13.653  -64.439 0.0000000000
72338  -31.042  13.593  -64.465 0.0000000000
73033  -30.251  13.710  -63.804 0.0000000000
73034  -30.453  14.162  -63.980 0.0000000000
73035  -32.907  14.628  -64.072 0.0000000000
73036  -33.791  14.608  -64.046 0.0000000000
73043  -30.297  13.747  -63.929 0.0000000000
73045  -31.214  14.054  -64.475 0.0000000000
73047  -32.184  14.321  -64.181 0.0000000000
73740  -30.454  14.082  -62.911 0.0000000000
73747  -30.329  13.854  -62.720 0.0000000000
73749  -30.700  14.647  -63.807 0.0000000000
73761  -30.454  14.253  -63.837 0.0000000000
73762  -30.755  14.640  -63.953 0.0000000000
73765  -32.144  14.750  -64.004 0.0000000000
73776  -31.169  14.512  -64.245 0.0000000000
73777  -31.757  14.188  -64.265 0.0000000000
74480  -31.048  14.715  -62.957 0.0000000000
74481  -31.226  14.605  -62.930 0.0000000000
74490  -30.874  14.690  -62.810 0.0000000000
74491  -30.975  15.166  -63.452 0.0000000000
74493  -32.073  14.835  -63.814 0.0000000000
74504  -31.041  15.211  -64.016 0.0000000000
74505  -31.606  14.838  -64.211 0.0000000000
74506  -33.151  15.070  -63.913 0.0000000000
118834  -30.872  7.961  -61.137 0.0000000000
118971  -31.510  7.232  -61.596 0.0000000000
119181  -31.409  7.436  -61.440 0.0000000000
121148  -32.585  9.627  -62.111 0.0000000000
122065  -30.925  14.066  -64.630 0.0000000000
122397  -35.792  12.926  -62.884 0.0000000000
124131  -29.904  13.019  -63.385 0.0000000000
125173  -30.943  13.923  -64.509 0.0000000000
125270  -31.245  7.264  -61.249 0.0000000000
125473  -26.992  6.240  -58.901 0.0000000000
125485  -33.949  2.051  -55.294 0.0000000000
126927  -31.551  12.646  -64.416 0.0000000000
128465  -31.569  15.925  -58.495 0.0000000000
128688  -27.961  7.930  -59.953 0.0000000000
128746  -31.046  12.627  -64.586 0.0000000000
128747  -32.646  12.448  -64.148 0.0000000000
129801  -33.002  2.241  -56.153 0.0000000000
129898  -27.537  9.465  -61.544 0.0000000000
131330  -34.674  9.963  -61.789 0.0000000000
132717  -32.250  1.764  -56.612 0.0000000000
133711  -29.984  7.206  -59.573 0.0000000000
136795  -34.115  14.173  -64.017 0.0000000000
138220  -30.064  7.879  -62.294 0.0000000000
139830  -30.013  12.137  -64.780 0.0000000000
140454  -31.619  2.754  -57.173 0.0000000000
141331  -32.119  15.073  -63.880 0.0000000000
141470  -30.237  10.230  -63.264 0.0000000000
141607  -33.405  0.041  -54.849 0.0000000000
141871  -23.381  4.243  -53.558 0.0000000000
144503  -29.778  3.405  -56.932 0.0000000000
144844  -30.143  6.069  -60.101 0.0000000000
