#!ascii label  , from subject sub-1009 vox2ras=TkReg
657
76277  51.675  26.035  23.706 0.0000000000
120926  55.143  24.183  12.293 0.0000000000
77779  55.499  27.912  11.053 0.0000000000
129047  58.875  18.157  2.909 0.0000000000
73069  54.601  21.686  19.935 0.0000000000
79857  53.431  29.969  15.387 0.0000000000
70277  57.842  19.725  6.730 0.0000000000
78491  56.775  28.422  5.183 0.0000000000
77050  54.093  27.651  17.070 0.0000000000
74976  53.059  24.534  18.583 0.0000000000
69594  52.951  18.325  13.734 0.0000000000
79922  54.467  29.084  9.574 0.0000000000
75701  57.859  25.581  6.990 0.0000000000
74338  57.256  24.406  11.854 0.0000000000
121859  59.013  22.052  7.745 0.0000000000
79959  54.744  28.587  5.941 0.0000000000
127974  52.477  27.460  20.704 0.0000000000
75639  53.142  25.383  21.012 0.0000000000
72428  54.227  20.909  17.762 0.0000000000
79157  53.952  29.382  12.241 0.0000000000
79903  53.294  29.964  11.564 0.0000000000
79159  54.993  28.641  10.061 0.0000000000
77790  56.337  27.794  7.863 0.0000000000
76387  56.906  26.279  8.711 0.0000000000
74323  55.482  25.486  14.038 0.0000000000
126493  55.931  26.220  14.327 0.0000000000
73679  57.167  23.977  11.971 0.0000000000
69623  58.408  19.131  5.066 0.0000000000
70953  58.898  21.264  7.698 0.0000000000
70279  59.888  20.029  5.421 0.0000000000
127308  59.940  21.203  5.713 0.0000000000
69628  60.158  19.236  3.688 0.0000000000
131657  60.324  19.164  2.304 0.0000000000
74921  52.099  25.081  24.152 0.0000000000
74299  53.721  24.112  21.874 0.0000000000
78452  54.645  28.706  12.996 0.0000000000
70960  53.277  21.260  9.043 0.0000000000
70948  56.262  22.125  9.338 0.0000000000
128607  55.141  19.130  6.056 0.0000000000
130735  55.800  16.848  3.407 0.0000000000
79100  52.374  30.063  18.711 0.0000000000
77727  52.831  28.570  19.273 0.0000000000
76325  53.433  26.519  17.438 0.0000000000
128265  53.399  24.792  15.570 0.0000000000
73663  53.713  23.035  19.100 0.0000000000
72430  53.030  22.332  16.057 0.0000000000
71692  52.828  22.773  13.053 0.0000000000
68971  51.409  16.434  10.258 0.0000000000
73043  50.874  24.165  22.886 0.0000000000
79924  52.223  30.094  10.284 0.0000000000
131366  53.733  28.904  8.562 0.0000000000
79182  55.550  28.606  7.386 0.0000000000
77104  57.305  27.416  6.166 0.0000000000
123054  58.294  24.882  5.135 0.0000000000
78431  54.196  28.736  16.336 0.0000000000
77074  55.571  27.444  13.985 0.0000000000
76378  56.532  26.416  12.101 0.0000000000
71695  57.918  22.537  9.840 0.0000000000
73690  58.018  23.657  9.783 0.0000000000
75690  57.024  25.641  9.706 0.0000000000
137632  58.472  23.889  7.304 0.0000000000
73706  59.208  23.218  5.503 0.0000000000
79969  54.754  28.595  5.952 0.0000000000
79194  54.014  28.471  6.645 0.0000000000
76303  52.268  26.808  22.346 0.0000000000
76294  52.515  26.181  22.670 0.0000000000
119620  55.088  28.289  11.619 0.0000000000
79160  54.665  28.870  10.719 0.0000000000
78463  55.110  28.368  10.659 0.0000000000
77781  55.959  27.616  9.618 0.0000000000
77090  56.202  27.173  9.916 0.0000000000
73674  55.347  24.781  13.374 0.0000000000
122868  56.259  24.800  13.144 0.0000000000
72438  56.225  23.932  11.975 0.0000000000
130719  59.025  18.581  3.776 0.0000000000
70280  59.257  19.644  5.609 0.0000000000
113778  59.618  19.091  4.196 0.0000000000
70282  60.186  19.882  4.753 0.0000000000
130186  59.902  18.989  3.641 0.0000000000
113914  59.747  18.535  2.484 0.0000000000
129682  59.336  18.257  2.656 0.0000000000
74283  53.025  24.166  23.366 0.0000000000
79141  53.804  29.489  14.040 0.0000000000
79140  54.170  29.110  14.283 0.0000000000
69612  52.545  18.612  6.822 0.0000000000
70272  53.521  19.415  7.744 0.0000000000
69618  52.723  18.156  5.382 0.0000000000
129409  54.176  14.788  3.683 0.0000000000
130615  54.795  15.023  2.951 0.0000000000
128931  55.975  16.413  2.557 0.0000000000
75647  52.955  25.693  19.164 0.0000000000
76320  52.939  26.559  19.112 0.0000000000
75652  52.983  25.566  18.153 0.0000000000
74978  53.387  25.479  16.520 0.0000000000
74317  53.013  24.402  17.241 0.0000000000
73070  54.198  22.647  20.733 0.0000000000
119114  53.959  23.455  20.491 0.0000000000
73657  54.253  22.297  19.618 0.0000000000
120550  53.507  20.547  15.992 0.0000000000
124900  53.482  21.668  17.033 0.0000000000
133073  53.114  20.866  15.219 0.0000000000
71682  52.917  22.292  14.582 0.0000000000
70934  52.646  21.136  13.848 0.0000000000
70255  51.877  20.046  11.562 0.0000000000
69600  52.315  18.905  12.613 0.0000000000
129087  51.755  12.713  10.746 0.0000000000
79912  53.611  29.689  10.643 0.0000000000
79914  52.548  30.200  11.004 0.0000000000
139747  53.145  29.640  9.902 0.0000000000
116824  52.829  29.648  9.646 0.0000000000
79935  54.053  28.920  8.742 0.0000000000
116492  54.573  28.724  7.999 0.0000000000
79177  55.034  28.802  8.160 0.0000000000
77097  56.962  27.010  7.639 0.0000000000
77794  56.724  27.833  6.966 0.0000000000
77103  57.502  26.836  6.402 0.0000000000
76397  57.794  26.204  6.149 0.0000000000
75705  57.961  25.653  6.242 0.0000000000
124100  53.472  28.977  17.942 0.0000000000
79108  53.143  29.863  17.524 0.0000000000
78424  54.123  28.593  16.838 0.0000000000
75677  56.570  25.757  13.618 0.0000000000
77067  55.328  27.382  14.678 0.0000000000
76366  56.189  26.548  13.748 0.0000000000
135936  56.094  27.076  12.904 0.0000000000
76374  56.683  25.969  12.521 0.0000000000
70261  56.658  20.577  7.988 0.0000000000
70939  57.451  22.254  9.604 0.0000000000
70956  57.733  21.212  8.290 0.0000000000
71706  59.120  21.315  7.386 0.0000000000
71701  58.679  22.054  8.584 0.0000000000
73694  58.342  23.081  9.148 0.0000000000
134590  57.836  24.033  9.916 0.0000000000
74349  58.458  23.272  8.501 0.0000000000
75011  57.844  24.519  8.800 0.0000000000
73698  58.791  22.972  7.701 0.0000000000
72458  60.248  21.046  5.048 0.0000000000
132851  59.692  22.048  5.697 0.0000000000
73129  59.913  22.022  5.117 0.0000000000
73705  59.488  22.969  4.914 0.0000000000
79851  52.298  30.906  16.914 0.0000000000
79967  55.675  28.814  5.256 0.0000000000
79966  55.899  28.768  5.663 0.0000000000
77019  52.023  27.950  21.350 0.0000000000
77011  52.093  27.374  21.914 0.0000000000
75640  52.784  26.299  20.739 0.0000000000
74973  53.186  25.054  20.135 0.0000000000
72423  54.578  21.134  18.982 0.0000000000
79891  53.622  29.692  11.905 0.0000000000
131731  53.763  29.652  11.129 0.0000000000
79169  54.781  28.901  9.472 0.0000000000
78476  55.368  28.517  8.502 0.0000000000
78472  55.584  28.249  8.871 0.0000000000
77785  56.502  27.300  8.308 0.0000000000
76390  57.123  26.413  7.905 0.0000000000
76342  54.641  26.825  15.815 0.0000000000
125007  54.776  27.336  15.900 0.0000000000
75666  55.370  26.191  14.734 0.0000000000
135200  56.552  25.239  13.432 0.0000000000
74333  57.074  24.497  12.414 0.0000000000
69616  58.301  19.362  5.762 0.0000000000
70267  58.594  20.460  7.211 0.0000000000
70276  58.967  19.950  6.368 0.0000000000
132159  59.351  20.517  6.565 0.0000000000
71705  59.433  21.280  6.777 0.0000000000
72455  59.297  21.768  6.935 0.0000000000
118191  59.829  20.906  5.955 0.0000000000
139273  60.293  20.282  4.937 0.0000000000
70969  60.656  19.997  3.803 0.0000000000
69008  59.512  18.177  1.615 0.0000000000
75600  51.909  25.457  24.075 0.0000000000
75615  53.003  25.245  23.024 0.0000000000
74941  53.033  24.666  23.243 0.0000000000
74291  53.588  23.879  22.353 0.0000000000
73064  54.417  22.004  20.265 0.0000000000
79880  53.036  30.076  13.487 0.0000000000
123549  54.286  29.050  12.632 0.0000000000
78460  55.056  28.295  12.501 0.0000000000
70942  53.581  22.931  10.724 0.0000000000
70941  55.265  22.914  10.302 0.0000000000
70959  54.442  21.565  8.778 0.0000000000
70262  55.386  20.584  8.093 0.0000000000
70270  56.177  19.744  7.062 0.0000000000
129102  54.702  16.684  3.854 0.0000000000
128981  55.943  18.321  4.667 0.0000000000
130757  57.060  18.991  5.403 0.0000000000
68996  57.550  18.477  4.103 0.0000000000
130733  58.164  18.267  3.574 0.0000000000
130718  57.896  17.510  2.294 0.0000000000
130716  57.493  16.256  0.833 0.0000000000
79091  52.363  29.678  19.399 0.0000000000
77732  53.528  28.439  18.017 0.0000000000
116479  52.531  27.929  20.219 0.0000000000
77043  53.373  27.790  18.231 0.0000000000
76333  53.874  27.125  17.157 0.0000000000
75661  54.051  26.257  16.090 0.0000000000
74324  54.336  25.200  14.458 0.0000000000
73091  54.217  24.378  13.365 0.0000000000
74958  53.511  24.691  21.602 0.0000000000
74964  53.550  24.219  20.257 0.0000000000
74315  53.159  23.919  18.365 0.0000000000
73079  53.800  21.846  18.162 0.0000000000
73665  53.422  22.638  18.019 0.0000000000
73669  52.997  23.827  16.970 0.0000000000
73084  53.115  23.931  15.058 0.0000000000
72435  53.068  23.431  14.106 0.0000000000
71691  54.121  23.763  11.818 0.0000000000
70951  52.366  20.979  10.109 0.0000000000
69605  52.151  18.900  9.527 0.0000000000
135506  50.257  15.907  8.660 0.0000000000
112786  51.858  15.640  11.491 0.0000000000
128888  49.823  13.195  8.567 0.0000000000
74928  50.844  25.065  23.900 0.0000000000
73622  51.150  24.430  23.398 0.0000000000
73052  51.086  23.498  22.211 0.0000000000
139607  51.485  30.254  11.051 0.0000000000
133711  51.568  29.849  9.434 0.0000000000
115088  53.898  28.634  7.690 0.0000000000
79945  55.412  28.646  7.059 0.0000000000
79180  56.283  28.529  6.316 0.0000000000
78475  56.129  28.183  7.484 0.0000000000
78479  56.477  28.269  6.621 0.0000000000
78490  56.997  28.190  5.573 0.0000000000
122854  53.598  29.699  16.354 0.0000000000
77742  54.718  27.800  15.887 0.0000000000
79124  54.208  28.898  15.694 0.0000000000
79134  54.187  29.055  15.000 0.0000000000
78443  54.848  28.338  14.138 0.0000000000
77772  55.432  27.887  12.869 0.0000000000
125367  56.200  27.005  11.692 0.0000000000
71689  56.836  23.082  10.911 0.0000000000
72442  57.607  22.890  10.962 0.0000000000
125946  57.806  23.248  10.879 0.0000000000
71702  58.132  21.840  8.960 0.0000000000
73105  58.237  22.716  9.597 0.0000000000
74998  57.442  24.449  11.212 0.0000000000
75004  57.138  25.055  11.213 0.0000000000
75689  57.169  25.164  10.238 0.0000000000
77089  56.506  26.617  10.215 0.0000000000
75693  57.063  25.799  9.077 0.0000000000
76386  57.326  25.740  8.288 0.0000000000
75017  57.994  24.985  7.383 0.0000000000
73700  59.064  22.700  6.927 0.0000000000
74353  58.674  23.821  6.628 0.0000000000
75020  58.458  24.395  6.215 0.0000000000
75022  58.590  24.338  5.441 0.0000000000
119536  60.487  19.425  2.049 0.0000000000
79961  53.240  28.574  7.562 0.0000000000
76284  51.472  26.319  23.493 0.0000000000
76295  52.131  26.539  22.934 0.0000000000
76283  52.096  26.060  23.362 0.0000000000
78464  54.790  28.653  11.368 0.0000000000
77778  55.887  27.536  10.500 0.0000000000
73090  55.750  24.314  12.656 0.0000000000
71684  56.125  23.693  11.614 0.0000000000
130690  59.222  19.030  4.491 0.0000000000
129288  59.488  18.630  3.415 0.0000000000
80615  53.177  30.292  15.822 0.0000000000
79866  53.135  30.212  15.184 0.0000000000
79865  53.434  29.893  14.611 0.0000000000
79135  53.800  29.526  14.841 0.0000000000
69619  51.334  17.626  5.578 0.0000000000
112677  53.684  12.969  3.267 0.0000000000
130428  54.323  11.473  3.025 0.0000000000
129109  54.683  14.260  2.150 0.0000000000
124291  57.042  28.122  5.106 0.0000000000
74975  53.007  24.970  17.586 0.0000000000
139146  54.385  22.249  20.191 0.0000000000
73074  54.440  21.714  19.353 0.0000000000
70252  53.400  19.166  15.074 0.0000000000
70933  52.888  21.076  14.556 0.0000000000
70250  52.790  19.650  14.020 0.0000000000
79923  53.363  29.641  10.162 0.0000000000
131935  53.934  29.248  9.706 0.0000000000
79936  53.474  29.301  9.422 0.0000000000
79934  54.513  28.877  8.824 0.0000000000
79933  54.827  28.822  8.850 0.0000000000
77099  57.346  26.642  7.134 0.0000000000
77100  57.182  27.232  6.859 0.0000000000
76394  57.687  26.200  6.680 0.0000000000
136646  53.851  28.349  17.516 0.0000000000
78418  53.835  28.712  17.408 0.0000000000
77059  54.139  28.199  17.066 0.0000000000
75682  56.731  25.573  12.895 0.0000000000
76365  56.511  26.074  13.327 0.0000000000
75684  56.913  25.351  12.111 0.0000000000
70269  57.340  20.012  7.259 0.0000000000
70259  58.107  20.712  7.713 0.0000000000
118612  59.039  21.994  7.849 0.0000000000
73115  58.833  22.830  8.018 0.0000000000
74350  58.023  24.126  8.573 0.0000000000
71714  60.574  20.900  4.295 0.0000000000
121593  60.254  21.503  4.738 0.0000000000
134885  60.139  22.043  4.455 0.0000000000
79958  55.513  28.687  6.280 0.0000000000
77704  51.866  27.682  21.937 0.0000000000
77695  51.706  27.643  22.210 0.0000000000
76302  52.610  26.406  21.967 0.0000000000
135462  52.352  26.997  21.811 0.0000000000
75630  52.877  26.000  21.574 0.0000000000
79879  53.483  29.736  12.853 0.0000000000
79892  53.162  29.998  12.505 0.0000000000
79161  54.132  29.319  11.174 0.0000000000
79164  54.491  29.100  10.196 0.0000000000
128061  54.794  28.857  9.939 0.0000000000
79163  55.097  28.627  9.345 0.0000000000
78467  55.342  28.302  9.709 0.0000000000
77094  56.218  27.328  9.143 0.0000000000
77786  56.104  27.681  8.755 0.0000000000
120937  56.775  26.766  8.330 0.0000000000
75660  54.745  26.331  15.360 0.0000000000
76341  55.142  26.598  15.166 0.0000000000
74984  55.513  25.867  14.389 0.0000000000
119177  56.193  25.191  13.548 0.0000000000
73680  56.885  24.410  12.540 0.0000000000
74329  56.743  24.891  13.033 0.0000000000
69615  58.743  19.501  5.765 0.0000000000
136016  59.629  19.747  5.380 0.0000000000
70275  59.452  20.083  6.057 0.0000000000
70963  59.428  20.873  6.644 0.0000000000
70274  59.707  20.449  6.014 0.0000000000
113638  60.044  19.390  4.186 0.0000000000
70285  60.383  19.614  3.958 0.0000000000
70967  60.480  20.082  4.417 0.0000000000
121752  60.321  19.309  3.406 0.0000000000
129213  59.147  17.910  1.816 0.0000000000
74925  52.046  25.013  23.994 0.0000000000
74933  52.180  25.228  23.883 0.0000000000
74932  52.664  24.974  23.623 0.0000000000
74282  53.313  24.000  22.934 0.0000000000
73642  53.773  23.206  22.005 0.0000000000
73647  53.979  22.781  21.446 0.0000000000
79148  54.212  29.089  13.497 0.0000000000
79149  53.848  29.433  13.179 0.0000000000
70950  53.263  22.154  9.749 0.0000000000
70949  54.842  22.347  9.538 0.0000000000
70271  54.759  19.734  7.290 0.0000000000
112837  53.926  16.730  3.976 0.0000000000
129021  54.133  14.869  3.763 0.0000000000
69001  55.114  16.642  3.800 0.0000000000
136894  56.664  19.038  5.596 0.0000000000
68997  56.544  18.232  4.339 0.0000000000
69624  57.701  19.045  5.150 0.0000000000
135851  56.236  16.042  1.636 0.0000000000
130717  57.061  17.672  3.218 0.0000000000
129046  57.401  17.523  2.704 0.0000000000
130121  57.296  16.675  1.361 0.0000000000
78402  52.156  29.241  20.087 0.0000000000
79092  51.999  29.800  19.948 0.0000000000
78407  52.805  28.832  19.191 0.0000000000
78412  53.115  28.912  18.622 0.0000000000
77712  52.262  28.027  20.737 0.0000000000
77024  52.681  27.451  20.016 0.0000000000
76319  53.123  26.428  18.290 0.0000000000
77032  52.959  27.435  19.125 0.0000000000
133219  53.482  26.956  17.752 0.0000000000
77042  53.660  27.453  17.663 0.0000000000
126326  53.978  26.720  16.621 0.0000000000
122071  54.039  25.558  15.330 0.0000000000
73675  54.177  24.870  14.173 0.0000000000
73089  54.115  24.599  13.843 0.0000000000
74948  53.455  24.616  22.238 0.0000000000
74949  53.124  25.140  22.573 0.0000000000
73658  54.085  22.880  19.977 0.0000000000
74313  53.522  23.768  19.470 0.0000000000
72425  54.409  21.009  18.321 0.0000000000
73078  53.583  21.791  17.514 0.0000000000
73082  52.977  22.815  16.408 0.0000000000
132470  53.049  23.086  16.927 0.0000000000
71686  52.969  22.899  13.543 0.0000000000
72439  53.518  23.938  13.160 0.0000000000
70936  52.644  22.495  12.378 0.0000000000
71699  53.969  23.359  11.477 0.0000000000
70943  52.103  21.728  11.484 0.0000000000
68970  51.857  17.952  10.598 0.0000000000
70257  51.990  19.532  10.375 0.0000000000
69608  51.439  17.781  9.221 0.0000000000
129415  52.172  14.759  12.485 0.0000000000
111704  51.002  14.284  10.255 0.0000000000
74934  50.660  25.218  23.804 0.0000000000
73044  50.036  23.970  22.358 0.0000000000
73623  50.832  24.609  23.431 0.0000000000
127068  51.021  24.137  22.933 0.0000000000
122446  52.888  29.928  10.312 0.0000000000
79915  51.479  30.131  10.497 0.0000000000
79925  51.712  30.009  9.908 0.0000000000
131836  53.198  29.199  9.034 0.0000000000
79948  53.224  28.882  8.392 0.0000000000
79947  54.343  28.698  7.872 0.0000000000
79181  55.876  28.588  7.017 0.0000000000
79957  55.778  28.660  6.554 0.0000000000
133139  55.781  28.267  8.121 0.0000000000
77793  57.034  27.712  6.570 0.0000000000
78484  57.096  27.862  6.283 0.0000000000
77799  57.136  27.879  5.926 0.0000000000
77798  57.276  27.553  5.684 0.0000000000
77105  57.468  26.994  5.736 0.0000000000
76396  57.955  25.633  5.491 0.0000000000
79835  52.157  30.514  18.334 0.0000000000
79116  53.575  29.551  16.891 0.0000000000
79117  53.274  30.024  16.777 0.0000000000
78432  53.899  29.259  16.314 0.0000000000
76349  55.135  26.943  15.280 0.0000000000
77063  55.104  27.356  15.333 0.0000000000
77073  55.771  27.027  14.129 0.0000000000
77755  55.100  27.882  14.467 0.0000000000
77756  54.604  28.439  14.978 0.0000000000
126511  54.485  28.746  14.453 0.0000000000
77763  55.304  27.897  13.696 0.0000000000
77084  56.284  26.876  12.330 0.0000000000
77762  55.744  27.461  13.246 0.0000000000
77771  55.888  27.385  12.361 0.0000000000
139380  56.393  26.705  11.863 0.0000000000
71697  56.758  22.817  10.467 0.0000000000
70940  56.593  22.541  9.978 0.0000000000
70938  57.887  22.101  9.262 0.0000000000
71696  57.339  22.378  9.916 0.0000000000
72446  57.906  22.895  10.401 0.0000000000
73100  57.807  22.886  11.240 0.0000000000
70954  58.637  20.966  7.640 0.0000000000
70944  58.651  21.621  8.213 0.0000000000
73111  58.773  22.747  8.804 0.0000000000
72449  58.503  22.420  9.051 0.0000000000
73112  58.150  23.020  9.818 0.0000000000
136349  57.799  24.032  10.461 0.0000000000
74342  57.705  24.137  10.551 0.0000000000
75003  57.494  24.521  10.496 0.0000000000
75008  57.591  24.556  9.651 0.0000000000
76380  56.825  25.916  10.500 0.0000000000
76383  56.797  26.179  9.564 0.0000000000
75692  57.369  25.191  9.134 0.0000000000
75014  58.144  24.327  7.882 0.0000000000
75696  57.745  25.046  8.192 0.0000000000
133100  57.699  25.482  7.651 0.0000000000
73121  59.604  21.758  6.161 0.0000000000
73122  59.253  22.159  6.735 0.0000000000
73702  59.509  22.587  5.507 0.0000000000
73703  59.067  23.106  6.255 0.0000000000
74355  58.867  23.768  5.841 0.0000000000
73708  59.860  22.671  4.231 0.0000000000
74358  59.421  23.233  4.421 0.0000000000
79960  54.561  28.572  6.907 0.0000000000
77004  52.126  27.058  22.325 0.0000000000
77005  51.965  26.828  22.830 0.0000000000
75623  52.879  25.780  22.325 0.0000000000
79156  54.411  28.999  11.710 0.0000000000
78466  55.598  27.935  10.134 0.0000000000
77093  56.509  26.799  9.160 0.0000000000
74327  55.404  25.129  13.717 0.0000000000
73677  56.230  24.337  12.676 0.0000000000
73095  56.785  23.927  11.987 0.0000000000
69625  58.662  18.844  4.361 0.0000000000
69622  58.992  19.239  5.050 0.0000000000
130187  59.466  19.401  4.932 0.0000000000
69621  59.841  19.591  4.819 0.0000000000
69632  60.072  18.967  3.141 0.0000000000
111707  59.762  18.682  3.097 0.0000000000
74271  52.235  24.682  23.862 0.0000000000
74276  52.499  25.048  23.898 0.0000000000
136508  52.618  24.337  23.669 0.0000000000
79872  53.109  30.116  14.385 0.0000000000
78444  54.571  28.733  13.799 0.0000000000
69607  52.341  18.847  8.336 0.0000000000
69611  53.847  18.886  6.197 0.0000000000
78395  51.955  29.000  20.631 0.0000000000
76315  52.760  26.767  19.912 0.0000000000
75655  53.401  25.978  16.986 0.0000000000
74320  53.351  25.060  16.128 0.0000000000
117905  54.010  23.346  21.232 0.0000000000
122009  53.875  23.811  21.516 0.0000000000
134717  54.227  19.844  16.834 0.0000000000
71678  53.867  20.923  17.131 0.0000000000
70927  53.487  21.102  16.356 0.0000000000
71680  52.977  21.963  15.311 0.0000000000
72432  52.940  22.513  15.328 0.0000000000
70937  52.278  21.124  13.078 0.0000000000
70254  52.164  20.007  12.885 0.0000000000
69601  52.068  18.554  11.690 0.0000000000
68962  51.831  16.846  11.074 0.0000000000
130631  51.697  13.789  11.716 0.0000000000
129416  52.358  10.919  10.057 0.0000000000
79913  53.104  29.995  10.889 0.0000000000
118740  55.048  28.678  7.935 0.0000000000
79176  55.716  28.475  7.639 0.0000000000
77789  56.792  27.537  7.360 0.0000000000
75704  58.220  25.003  5.829 0.0000000000
79099  52.781  29.530  18.753 0.0000000000
119370  52.822  29.845  18.214 0.0000000000
78419  53.176  29.430  18.107 0.0000000000
79107  53.533  29.278  17.467 0.0000000000
78425  53.884  29.036  16.884 0.0000000000
134805  56.303  26.150  13.953 0.0000000000
76356  55.944  26.553  14.342 0.0000000000
77082  56.000  27.026  13.526 0.0000000000
76375  56.377  26.578  12.954 0.0000000000
70957  57.001  21.316  8.538 0.0000000000
70947  57.272  21.870  9.071 0.0000000000
70946  57.863  21.683  8.748 0.0000000000
71704  59.087  21.802  7.988 0.0000000000
72451  58.783  22.244  8.433 0.0000000000
73695  58.120  23.602  9.279 0.0000000000
74344  57.927  24.102  9.268 0.0000000000
134954  58.457  23.588  7.867 0.0000000000
73125  59.972  21.578  5.429 0.0000000000
138957  59.801  22.454  4.844 0.0000000000
79859  52.914  30.539  16.410 0.0000000000
79205  56.201  28.785  5.179 0.0000000000
79192  56.454  28.582  5.542 0.0000000000
77018  52.273  27.466  21.336 0.0000000000
76309  52.567  26.813  21.270 0.0000000000
137881  52.639  26.967  20.542 0.0000000000
75648  52.902  25.927  20.012 0.0000000000
74972  53.108  24.745  19.317 0.0000000000
118708  55.011  20.469  18.849 0.0000000000
71674  54.976  20.277  18.412 0.0000000000
71676  54.762  20.113  17.883 0.0000000000
70931  54.060  19.097  16.249 0.0000000000
129312  53.695  19.272  15.689 0.0000000000
69593  53.665  17.975  14.821 0.0000000000
120277  52.897  30.192  12.237 0.0000000000
79911  54.095  29.407  10.396 0.0000000000
132963  55.003  28.750  9.004 0.0000000000
118672  56.143  27.804  8.427 0.0000000000
78471  55.797  27.909  9.259 0.0000000000
76389  57.509  26.017  7.426 0.0000000000
76332  54.354  27.271  16.503 0.0000000000
77058  54.477  27.760  16.500 0.0000000000
76348  55.533  26.574  14.757 0.0000000000
74988  56.237  25.607  13.811 0.0000000000
138762  56.252  25.942  13.996 0.0000000000
74991  56.732  25.311  13.289 0.0000000000
74994  56.904  25.021  12.468 0.0000000000
70268  58.065  20.196  7.246 0.0000000000
118417  58.410  19.765  6.494 0.0000000000
70266  59.017  20.395  6.843 0.0000000000
70962  59.070  20.849  7.172 0.0000000000
72453  59.147  21.621  7.372 0.0000000000
73118  59.053  22.365  7.401 0.0000000000
72456  59.636  21.359  6.311 0.0000000000
70964  60.047  20.358  5.404 0.0000000000
71708  60.137  20.700  5.293 0.0000000000
71711  60.425  20.536  4.715 0.0000000000
135622  60.635  20.366  4.201 0.0000000000
70289  60.298  19.174  2.830 0.0000000000
138083  60.060  18.863  2.675 0.0000000000
69634  59.978  18.756  2.137 0.0000000000
125585  52.014  25.829  23.583 0.0000000000
75608  52.325  25.557  23.582 0.0000000000
74940  53.257  24.548  22.757 0.0000000000
74298  53.845  23.507  21.803 0.0000000000
79871  53.426  29.806  13.773 0.0000000000
78461  54.713  28.677  12.142 0.0000000000
77776  55.474  27.876  11.977 0.0000000000
71698  55.604  23.279  10.874 0.0000000000
70958  55.850  21.450  8.707 0.0000000000
70263  54.000  20.600  8.204 0.0000000000
128982  52.337  16.580  3.966 0.0000000000
129475  53.462  17.913  4.803 0.0000000000
131972  54.329  18.389  5.060 0.0000000000
113121  55.079  18.239  4.771 0.0000000000
113325  56.122  19.075  5.788 0.0000000000
69610  57.112  19.426  6.337 0.0000000000
69617  57.830  19.386  6.043 0.0000000000
128913  58.405  18.093  3.101 0.0000000000
79828  52.054  30.083  19.394 0.0000000000
77731  53.796  27.996  17.580 0.0000000000
127296  51.687  28.753  21.201 0.0000000000
77720  52.034  28.653  20.705 0.0000000000
77719  52.463  28.532  20.003 0.0000000000
77033  52.790  28.051  19.592 0.0000000000
74981  54.807  25.971  14.991 0.0000000000
74982  54.075  25.851  15.661 0.0000000000
122860  54.607  25.613  14.685 0.0000000000
73088  55.254  24.557  13.142 0.0000000000
72434  54.702  24.252  12.909 0.0000000000
135313  52.793  25.558  22.903 0.0000000000
75629  53.197  25.277  21.929 0.0000000000
74308  53.758  24.218  21.423 0.0000000000
74965  53.543  24.570  20.932 0.0000000000
73076  54.067  21.913  18.725 0.0000000000
73662  53.889  22.426  18.860 0.0000000000
126495  53.273  23.289  18.123 0.0000000000
73668  53.206  24.296  15.403 0.0000000000
73085  53.071  23.713  14.614 0.0000000000
71685  54.503  24.105  11.998 0.0000000000
70264  52.808  20.043  9.018 0.0000000000
69613  51.189  17.771  7.553 0.0000000000
68986  49.622  16.498  6.412 0.0000000000
69595  52.763  17.467  12.856 0.0000000000
68961  52.159  17.128  11.768 0.0000000000
68371  48.813  14.575  7.290 0.0000000000
75601  51.393  25.563  23.917 0.0000000000
74927  51.119  25.275  23.976 0.0000000000
74922  51.728  25.087  24.054 0.0000000000
74272  50.951  24.940  23.798 0.0000000000
74265  51.281  24.943  23.931 0.0000000000
74264  51.687  24.637  23.754 0.0000000000
73042  51.861  23.510  22.558 0.0000000000
79938  52.134  29.782  9.523 0.0000000000
79950  51.837  29.475  8.858 0.0000000000
79946  54.963  28.635  7.156 0.0000000000
79193  56.102  28.913  6.043 0.0000000000
78485  56.706  28.344  5.892 0.0000000000
79175  56.088  28.447  6.982 0.0000000000
77802  57.164  27.890  5.331 0.0000000000
79109  52.603  30.270  17.929 0.0000000000
135593  52.753  30.567  17.087 0.0000000000
79850  53.147  30.259  16.608 0.0000000000
79126  53.372  30.031  16.106 0.0000000000
77743  54.401  28.241  16.424 0.0000000000
77749  54.889  27.843  15.208 0.0000000000
77750  54.516  28.326  15.777 0.0000000000
79125  53.797  29.517  15.677 0.0000000000
78451  54.993  28.323  13.348 0.0000000000
77775  55.861  27.466  11.412 0.0000000000
72443  56.891  23.319  11.261 0.0000000000
72437  56.864  23.343  11.593 0.0000000000
71688  57.594  22.886  10.603 0.0000000000
73094  57.499  23.473  11.341 0.0000000000
73685  57.666  23.799  11.313 0.0000000000
70945  58.123  21.544  8.538 0.0000000000
71694  58.351  22.309  9.223 0.0000000000
72445  58.155  22.597  9.738 0.0000000000
73106  58.193  23.089  10.462 0.0000000000
74337  57.719  24.245  11.076 0.0000000000
74999  57.139  24.808  11.806 0.0000000000
121343  56.803  25.810  11.540 0.0000000000
75686  56.980  25.478  10.892 0.0000000000
77086  56.510  26.514  11.265 0.0000000000
77087  56.196  27.059  10.842 0.0000000000
127063  58.773  23.338  7.129 0.0000000000
73126  59.365  22.372  6.220 0.0000000000
75016  58.309  24.405  6.999 0.0000000000
75700  58.130  25.014  6.599 0.0000000000
74359  59.047  23.645  4.999 0.0000000000
112788  58.468  17.523  1.885 0.0000000000
113009  58.403  17.039  0.989 0.0000000000
70260  57.579  20.654  7.856 0.0000000000
70955  58.019  20.889  7.955 0.0000000000
71690  55.866  23.486  11.285 0.0000000000
73616  51.900  24.813  23.956 0.0000000000
73687  57.878  23.418  10.633 0.0000000000
74275  53.072  24.360  23.563 0.0000000000
74307  53.859  23.934  21.014 0.0000000000
74332  57.331  24.124  11.894 0.0000000000
74926  51.690  25.163  24.020 0.0000000000
75616  52.499  25.983  22.981 0.0000000000
75672  55.945  25.990  14.240 0.0000000000
76296  51.838  26.469  23.206 0.0000000000
76326  53.255  27.116  18.338 0.0000000000
77066  55.528  26.949  14.801 0.0000000000
79084  51.957  29.495  20.286 0.0000000000
79858  53.090  30.331  15.892 0.0000000000
133535  54.468  19.970  17.310 0.0000000000
135603  53.103  28.221  18.811 0.0000000000
136546  58.862  20.682  7.237 0.0000000000
137590  53.066  24.995  22.890 0.0000000000
