#!ascii label  , from subject sub-1009 vox2ras=TkReg
2177
32145  15.304  -34.625  51.674 0.0000000000
50170  52.861  -12.564  23.875 0.0000000000
34421  31.584  -29.322  38.087 0.0000000000
36719  42.056  -27.956  37.382 0.0000000000
35079  31.840  -30.897  44.420 0.0000000000
29261  23.102  -38.139  52.582 0.0000000000
48726  57.752  -14.215  11.036 0.0000000000
48661  61.764  -15.399  19.337 0.0000000000
42568  48.109  -19.840  36.016 0.0000000000
118057  62.358  -4.961  14.900 0.0000000000
32896  36.419  -31.439  44.373 0.0000000000
118823  14.465  -38.970  51.762 0.0000000000
47863  61.171  -15.884  15.730 0.0000000000
47822  54.914  -15.555  19.479 0.0000000000
49388  53.987  -12.961  29.114 0.0000000000
49402  57.023  -12.947  26.747 0.0000000000
129439  50.927  -14.237  31.010 0.0000000000
137574  41.573  -25.911  28.105 0.0000000000
136301  37.665  -29.866  34.766 0.0000000000
35021  33.272  -29.852  48.781 0.0000000000
31460  29.061  -33.488  52.239 0.0000000000
33569  26.744  -32.902  50.160 0.0000000000
137270  18.133  -34.404  51.007 0.0000000000
36662  35.540  -27.596  43.538 0.0000000000
50286  61.418  -11.799  7.454 0.0000000000
48720  63.995  -14.665  11.877 0.0000000000
48640  57.038  -14.245  23.639 0.0000000000
46052  51.118  -16.517  35.470 0.0000000000
40175  46.456  -24.265  34.646 0.0000000000
51042  59.999  -6.964  12.170 0.0000000000
53373  61.832  -4.917  11.037 0.0000000000
56107  63.096  -3.478  12.002 0.0000000000
31529  35.873  -33.557  46.146 0.0000000000
32102  14.644  -34.230  55.808 0.0000000000
133876  14.404  -41.891  52.211 0.0000000000
27384  12.235  -39.641  54.142 0.0000000000
47848  52.833  -15.088  16.549 0.0000000000
129778  54.098  -11.816  31.382 0.0000000000
49383  55.344  -12.749  30.058 0.0000000000
121838  7.845  -36.195  50.298 0.0000000000
130466  49.971  -15.500  28.954 0.0000000000
35881  31.266  -30.134  32.742 0.0000000000
36782  35.502  -29.128  31.141 0.0000000000
35155  34.386  -30.978  34.586 0.0000000000
35755  32.435  -29.569  47.675 0.0000000000
120196  30.349  -30.439  49.712 0.0000000000
121473  28.980  -31.948  47.520 0.0000000000
36640  34.071  -28.227  44.916 0.0000000000
36610  34.832  -28.384  46.275 0.0000000000
31439  25.587  -34.723  53.375 0.0000000000
49491  59.945  -13.136  9.064 0.0000000000
49488  63.219  -13.400  9.726 0.0000000000
48731  62.100  -14.544  11.418 0.0000000000
48692  61.129  -15.755  17.081 0.0000000000
48696  62.953  -15.225  15.760 0.0000000000
50963  52.304  -12.206  22.523 0.0000000000
49428  54.391  -13.116  23.033 0.0000000000
50169  54.717  -12.638  24.580 0.0000000000
111241  48.509  -18.113  36.011 0.0000000000
46905  50.116  -16.025  35.119 0.0000000000
44278  49.344  -18.030  36.297 0.0000000000
37667  42.309  -26.758  33.157 0.0000000000
116904  43.900  -24.963  30.828 0.0000000000
38498  44.084  -26.440  35.519 0.0000000000
49477  56.272  -10.399  11.876 0.0000000000
116459  58.576  -8.012  13.285 0.0000000000
49493  57.079  -10.683  9.843 0.0000000000
51054  58.535  -9.788  7.707 0.0000000000
57447  61.615  -3.881  14.096 0.0000000000
122295  62.635  -4.345  13.770 0.0000000000
119096  62.838  -4.113  11.525 0.0000000000
53369  62.601  -5.505  13.253 0.0000000000
33654  34.443  -31.009  41.887 0.0000000000
32243  31.420  -32.990  38.551 0.0000000000
31577  34.608  -33.677  42.317 0.0000000000
28128  19.480  -40.363  47.613 0.0000000000
25846  21.738  -41.183  51.624 0.0000000000
25089  18.707  -43.663  49.630 0.0000000000
47877  55.954  -14.177  12.000 0.0000000000
47874  59.883  -16.255  13.654 0.0000000000
47855  57.278  -16.758  14.582 0.0000000000
47843  58.407  -16.223  17.782 0.0000000000
47818  59.197  -15.490  19.917 0.0000000000
50150  53.909  -12.838  26.559 0.0000000000
50149  55.191  -12.541  26.061 0.0000000000
50133  55.715  -12.726  28.115 0.0000000000
117830  49.203  -19.625  32.019 0.0000000000
136516  44.840  -27.056  38.722 0.0000000000
132612  14.620  -35.859  47.886 0.0000000000
26677  11.636  -39.052  52.720 0.0000000000
29279  9.298  -37.131  51.972 0.0000000000
49410  51.445  -13.844  24.598 0.0000000000
130848  52.110  -13.846  27.620 0.0000000000
129316  52.445  -13.240  30.324 0.0000000000
113793  53.038  -12.408  31.979 0.0000000000
37715  37.974  -27.732  27.814 0.0000000000
119723  39.165  -27.438  32.043 0.0000000000
36732  39.940  -28.212  35.997 0.0000000000
134058  32.729  -33.702  34.528 0.0000000000
33673  38.614  -30.948  37.058 0.0000000000
32149  32.852  -32.523  48.719 0.0000000000
30846  30.767  -34.012  50.321 0.0000000000
34277  30.980  -31.022  51.005 0.0000000000
34282  27.706  -31.565  51.885 0.0000000000
31485  24.915  -35.465  51.658 0.0000000000
117532  25.349  -34.326  46.763 0.0000000000
31509  22.978  -36.756  48.536 0.0000000000
29801  20.984  -36.842  50.312 0.0000000000
29804  16.449  -35.186  52.118 0.0000000000
33494  16.189  -31.403  55.840 0.0000000000
33572  16.840  -30.816  50.602 0.0000000000
35145  31.337  -27.931  38.025 0.0000000000
36702  33.626  -27.198  41.038 0.0000000000
120369  34.386  -29.176  41.766 0.0000000000
35097  36.490  -29.198  44.209 0.0000000000
34347  36.038  -30.146  46.357 0.0000000000
48737  64.334  -13.956  9.982 0.0000000000
115708  62.956  -15.039  13.928 0.0000000000
49436  53.323  -13.632  21.809 0.0000000000
115183  55.673  -14.823  21.622 0.0000000000
48664  59.722  -15.210  21.431 0.0000000000
49418  57.394  -13.833  24.755 0.0000000000
48637  59.438  -14.887  23.608 0.0000000000
138419  50.283  -15.568  33.187 0.0000000000
113232  51.040  -14.193  33.919 0.0000000000
47751  52.078  -14.663  33.727 0.0000000000
40201  48.516  -23.305  29.996 0.0000000000
40160  48.520  -22.397  34.560 0.0000000000
124442  45.826  -25.210  37.695 0.0000000000
40125  47.594  -23.863  37.103 0.0000000000
40983  48.595  -21.577  35.680 0.0000000000
42573  50.008  -19.176  35.081 0.0000000000
44286  50.997  -17.949  35.200 0.0000000000
51837  62.293  -6.183  13.619 0.0000000000
51843  60.508  -5.979  11.019 0.0000000000
51853  60.499  -7.666  6.414 0.0000000000
30349  36.239  -34.849  45.960 0.0000000000
32125  14.537  -34.710  54.431 0.0000000000
28707  13.207  -37.218  55.524 0.0000000000
30807  12.299  -36.454  54.806 0.0000000000
111324  53.978  -12.680  32.171 0.0000000000
49375  54.933  -12.803  31.182 0.0000000000
32170  7.285  -34.351  48.430 0.0000000000
35151  32.093  -29.888  35.792 0.0000000000
35162  32.632  -31.226  33.865 0.0000000000
33682  31.688  -30.077  36.563 0.0000000000
120273  32.134  -29.815  46.684 0.0000000000
119240  30.870  -30.410  47.447 0.0000000000
35059  31.048  -30.885  46.632 0.0000000000
136678  33.025  -28.775  43.860 0.0000000000
134233  32.884  -29.345  44.563 0.0000000000
35781  33.386  -29.127  46.108 0.0000000000
30812  23.874  -35.991  53.041 0.0000000000
28727  23.341  -38.368  53.383 0.0000000000
49484  59.301  -13.772  9.711 0.0000000000
49483  61.129  -14.216  10.346 0.0000000000
48732  60.391  -14.774  10.909 0.0000000000
48671  61.514  -15.410  18.795 0.0000000000
48680  62.171  -15.254  16.806 0.0000000000
50975  53.104  -11.885  23.046 0.0000000000
50961  53.558  -12.426  24.268 0.0000000000
41705  47.936  -19.364  35.158 0.0000000000
43453  48.215  -18.539  36.069 0.0000000000
111245  48.925  -17.893  36.224 0.0000000000
43452  48.629  -18.782  36.094 0.0000000000
136461  41.978  -27.639  35.116 0.0000000000
37655  43.235  -26.680  34.448 0.0000000000
119382  43.594  -27.064  36.027 0.0000000000
48734  56.542  -12.373  10.917 0.0000000000
49485  56.560  -10.991  10.788 0.0000000000
115276  57.561  -12.357  9.883 0.0000000000
49492  58.149  -12.232  9.024 0.0000000000
125417  62.336  -4.221  14.136 0.0000000000
55419  62.407  -4.699  14.505 0.0000000000
54063  62.644  -5.129  13.940 0.0000000000
119977  62.692  -5.648  14.360 0.0000000000
33646  35.594  -30.881  43.031 0.0000000000
32226  34.553  -32.584  42.266 0.0000000000
32215  36.075  -32.492  43.852 0.0000000000
28130  15.326  -39.664  49.232 0.0000000000
26696  19.150  -42.091  48.768 0.0000000000
26690  15.408  -41.825  49.647 0.0000000000
23737  14.852  -43.892  52.134 0.0000000000
23748  15.707  -44.604  50.666 0.0000000000
47868  54.730  -14.443  12.681 0.0000000000
115592  55.889  -15.984  13.481 0.0000000000
47857  53.735  -15.138  13.824 0.0000000000
47834  54.047  -15.834  17.890 0.0000000000
133461  54.884  -16.398  16.936 0.0000000000
47833  55.801  -16.185  18.350 0.0000000000
47831  57.935  -15.881  18.969 0.0000000000
47820  57.343  -15.618  19.860 0.0000000000
49394  53.808  -13.155  28.218 0.0000000000
50141  54.613  -12.783  27.442 0.0000000000
50135  54.856  -12.827  28.336 0.0000000000
48699  54.895  -11.549  12.390 0.0000000000
31500  10.555  -35.869  50.990 0.0000000000
31525  10.462  -35.389  49.173 0.0000000000
130574  49.397  -15.342  24.315 0.0000000000
130764  51.323  -14.253  25.713 0.0000000000
128997  50.477  -15.003  26.243 0.0000000000
111333  50.792  -14.624  30.040 0.0000000000
129304  51.796  -13.724  29.832 0.0000000000
129800  51.725  -13.616  30.628 0.0000000000
129864  52.973  -12.698  31.308 0.0000000000
129272  52.413  -13.043  31.828 0.0000000000
37718  34.714  -27.049  26.706 0.0000000000
35879  36.622  -29.425  32.710 0.0000000000
36788  37.339  -28.173  30.781 0.0000000000
36768  38.055  -28.272  32.868 0.0000000000
36756  39.175  -27.844  33.970 0.0000000000
36734  38.711  -28.763  35.370 0.0000000000
31597  32.064  -34.267  40.106 0.0000000000
32252  31.555  -32.915  34.999 0.0000000000
30931  31.594  -35.261  36.215 0.0000000000
32934  37.717  -32.224  36.227 0.0000000000
137152  39.308  -30.032  38.081 0.0000000000
32848  33.381  -31.209  48.532 0.0000000000
122057  32.004  -31.936  49.871 0.0000000000
34303  32.417  -30.315  49.755 0.0000000000
34327  28.481  -31.551  49.696 0.0000000000
34305  28.849  -31.076  50.807 0.0000000000
33557  27.197  -32.009  51.229 0.0000000000
32825  26.099  -33.059  51.880 0.0000000000
32837  26.038  -33.631  50.539 0.0000000000
32876  26.693  -33.299  46.115 0.0000000000
31510  18.870  -34.755  48.549 0.0000000000
31520  20.834  -35.521  46.363 0.0000000000
30869  20.685  -36.951  47.894 0.0000000000
30853  22.379  -37.198  49.907 0.0000000000
128083  19.552  -35.833  50.809 0.0000000000
29811  18.426  -35.147  50.248 0.0000000000
30322  17.728  -34.348  51.635 0.0000000000
34297  16.474  -30.744  53.443 0.0000000000
36759  30.366  -27.028  35.227 0.0000000000
35855  31.811  -26.326  38.835 0.0000000000
37555  34.841  -27.059  43.957 0.0000000000
36685  34.754  -27.789  42.240 0.0000000000
35837  34.119  -27.904  41.517 0.0000000000
35830  35.385  -28.160  42.775 0.0000000000
34401  35.727  -29.272  42.853 0.0000000000
35812  36.221  -28.136  43.811 0.0000000000
35742  34.545  -29.056  47.289 0.0000000000
35056  35.756  -29.084  46.652 0.0000000000
34325  34.761  -30.018  47.555 0.0000000000
32857  34.609  -31.167  47.466 0.0000000000
126519  30.028  -33.487  51.441 0.0000000000
26698  12.069  -39.182  50.060 0.0000000000
25101  13.680  -41.726  51.119 0.0000000000
50276  63.336  -12.700  8.624 0.0000000000
132893  63.852  -14.376  11.450 0.0000000000
49480  63.962  -13.964  10.434 0.0000000000
128492  64.185  -14.617  11.388 0.0000000000
126812  64.171  -14.935  12.187 0.0000000000
47864  60.287  -16.230  15.015 0.0000000000
48717  61.614  -15.588  13.781 0.0000000000
48709  61.855  -15.595  15.010 0.0000000000
47862  63.711  -15.381  14.798 0.0000000000
49427  55.314  -13.515  23.401 0.0000000000
48656  55.224  -14.220  22.492 0.0000000000
48655  56.339  -14.677  22.318 0.0000000000
48666  57.976  -15.212  21.503 0.0000000000
48654  58.106  -15.021  22.392 0.0000000000
50148  55.901  -12.661  26.463 0.0000000000
139560  56.173  -12.765  25.923 0.0000000000
49408  57.012  -13.127  25.927 0.0000000000
111318  49.857  -16.290  33.666 0.0000000000
46053  50.622  -16.129  35.388 0.0000000000
129648  50.915  -15.119  34.594 0.0000000000
47746  51.270  -15.018  34.588 0.0000000000
48587  52.132  -13.915  33.832 0.0000000000
46902  51.046  -16.034  35.059 0.0000000000
39415  40.956  -26.137  25.675 0.0000000000
40235  43.203  -24.530  25.432 0.0000000000
40189  45.146  -24.648  33.098 0.0000000000
40202  45.769  -24.160  30.124 0.0000000000
116746  46.601  -24.151  32.320 0.0000000000
40185  49.298  -22.941  33.460 0.0000000000
40174  47.945  -23.449  34.739 0.0000000000
38462  45.677  -26.215  38.596 0.0000000000
40123  48.111  -22.871  36.413 0.0000000000
40984  47.924  -21.976  36.272 0.0000000000
40989  48.653  -21.835  35.222 0.0000000000
42575  49.120  -19.770  35.791 0.0000000000
41710  49.486  -20.802  35.201 0.0000000000
131946  59.255  -7.625  13.018 0.0000000000
51041  60.851  -6.859  13.003 0.0000000000
51838  61.807  -6.290  13.173 0.0000000000
51840  60.252  -6.519  11.717 0.0000000000
50287  60.167  -11.460  7.663 0.0000000000
51847  59.235  -7.149  7.305 0.0000000000
51052  61.476  -10.653  6.620 0.0000000000
51060  61.517  -9.417  6.045 0.0000000000
57453  62.389  -3.386  13.023 0.0000000000
54066  62.459  -4.581  11.555 0.0000000000
53376  61.944  -4.552  10.055 0.0000000000
53377  61.401  -4.920  9.303 0.0000000000
32883  36.568  -31.894  45.570 0.0000000000
32201  37.101  -33.221  44.955 0.0000000000
31539  36.744  -33.841  45.704 0.0000000000
28708  14.477  -37.039  54.958 0.0000000000
27402  14.080  -40.470  52.842 0.0000000000
28094  14.021  -38.409  54.383 0.0000000000
26657  13.144  -40.167  54.114 0.0000000000
126271  13.187  -43.145  53.079 0.0000000000
48686  51.135  -13.233  17.712 0.0000000000
48685  52.118  -14.260  18.641 0.0000000000
129351  53.994  -12.764  30.032 0.0000000000
118296  54.970  -12.645  30.020 0.0000000000
121854  54.744  -12.392  30.740 0.0000000000
49374  55.342  -13.102  31.031 0.0000000000
32166  9.663  -34.928  48.467 0.0000000000
32179  8.973  -34.521  47.769 0.0000000000
29828  8.699  -36.570  48.775 0.0000000000
130465  49.661  -15.780  27.085 0.0000000000
130570  49.798  -15.740  30.419 0.0000000000
36797  34.142  -28.580  29.136 0.0000000000
121678  33.945  -29.487  30.874 0.0000000000
35880  35.288  -30.181  32.640 0.0000000000
35154  36.361  -30.615  34.563 0.0000000000
35745  32.716  -29.620  48.420 0.0000000000
35733  31.994  -29.940  49.073 0.0000000000
128065  31.429  -29.984  48.644 0.0000000000
35040  29.756  -30.814  48.848 0.0000000000
34338  27.833  -32.309  48.973 0.0000000000
30833  17.563  -32.551  53.690 0.0000000000
31454  18.330  -31.866  54.582 0.0000000000
37542  33.783  -27.420  43.649 0.0000000000
37540  35.105  -27.182  44.405 0.0000000000
37538  35.628  -27.745  45.090 0.0000000000
37518  34.911  -28.039  45.612 0.0000000000
36612  33.875  -28.988  46.976 0.0000000000
118617  27.426  -33.911  52.945 0.0000000000
50278  61.485  -12.646  8.530 0.0000000000
50277  62.541  -12.700  8.628 0.0000000000
49489  62.431  -13.419  9.690 0.0000000000
49482  62.781  -14.042  10.943 0.0000000000
49476  63.089  -14.480  12.003 0.0000000000
47852  61.099  -15.736  16.915 0.0000000000
121738  62.107  -15.501  15.951 0.0000000000
48690  62.157  -15.269  16.620 0.0000000000
47839  63.262  -15.623  16.371 0.0000000000
50194  53.031  -11.895  22.351 0.0000000000
50974  53.344  -12.216  23.022 0.0000000000
50181  54.378  -12.659  23.836 0.0000000000
49420  55.668  -13.328  24.015 0.0000000000
48621  58.419  -13.780  26.066 0.0000000000
114061  48.743  -17.729  35.597 0.0000000000
113494  49.834  -16.650  35.126 0.0000000000
113365  49.713  -17.327  35.883 0.0000000000
46047  50.001  -17.089  35.968 0.0000000000
44283  50.158  -17.646  36.234 0.0000000000
38546  41.521  -26.317  30.415 0.0000000000
114941  42.810  -25.114  28.723 0.0000000000
38533  43.245  -25.634  31.988 0.0000000000
39370  44.393  -25.134  33.284 0.0000000000
39358  44.921  -25.174  34.815 0.0000000000
49473  56.700  -9.387  13.215 0.0000000000
50267  58.554  -8.046  14.139 0.0000000000
50272  57.362  -8.998  12.451 0.0000000000
50271  58.028  -8.474  12.138 0.0000000000
51048  57.736  -8.481  10.230 0.0000000000
51047  58.003  -8.076  9.561 0.0000000000
50279  57.899  -9.888  8.484 0.0000000000
135136  59.125  -11.231  7.839 0.0000000000
56757  61.534  -4.224  14.765 0.0000000000
56102  62.535  -3.768  13.372 0.0000000000
55423  62.885  -4.061  13.036 0.0000000000
55425  63.060  -3.828  12.052 0.0000000000
54740  62.886  -4.223  12.475 0.0000000000
118056  62.768  -4.685  12.516 0.0000000000
53372  62.331  -5.080  12.210 0.0000000000
33668  32.918  -30.152  40.906 0.0000000000
32936  31.614  -30.964  39.027 0.0000000000
32922  32.924  -32.203  40.968 0.0000000000
32235  32.839  -33.389  40.851 0.0000000000
133390  34.069  -34.867  41.817 0.0000000000
28123  21.782  -39.011  50.092 0.0000000000
27391  21.852  -40.076  52.356 0.0000000000
27407  21.111  -40.998  51.085 0.0000000000
25079  20.766  -42.293  50.627 0.0000000000
25091  15.176  -43.526  50.864 0.0000000000
24382  17.422  -44.171  49.981 0.0000000000
47881  57.357  -14.848  11.741 0.0000000000
47880  58.982  -15.743  12.165 0.0000000000
47875  58.456  -16.155  12.935 0.0000000000
47866  58.095  -16.591  13.939 0.0000000000
47865  59.407  -16.549  15.357 0.0000000000
116537  54.691  -16.444  15.531 0.0000000000
47844  57.984  -16.707  16.255 0.0000000000
132510  59.303  -16.317  16.745 0.0000000000
118349  59.621  -15.893  18.091 0.0000000000
47829  60.367  -15.599  18.492 0.0000000000
48673  60.408  -15.365  19.900 0.0000000000
50160  53.249  -12.746  25.069 0.0000000000
50946  53.880  -12.510  25.141 0.0000000000
50920  54.279  -12.668  26.577 0.0000000000
132786  55.481  -12.592  26.818 0.0000000000
50138  56.252  -12.765  27.787 0.0000000000
50129  55.258  -12.721  28.943 0.0000000000
49393  56.524  -12.844  27.955 0.0000000000
49392  56.987  -12.909  27.658 0.0000000000
41726  48.575  -19.854  34.779 0.0000000000
36697  43.507  -27.715  38.726 0.0000000000
128212  56.727  -9.086  14.024 0.0000000000
49474  55.902  -11.107  11.923 0.0000000000
48719  56.154  -13.508  11.660 0.0000000000
138193  60.268  -4.574  16.556 0.0000000000
55414  61.860  -5.136  15.849 0.0000000000
31522  14.739  -35.927  50.045 0.0000000000
30826  10.965  -36.736  53.941 0.0000000000
31477  10.736  -36.279  52.630 0.0000000000
28114  10.245  -37.900  52.550 0.0000000000
26693  10.011  -39.285  49.976 0.0000000000
29806  8.103  -36.016  51.344 0.0000000000
50172  51.391  -13.009  22.158 0.0000000000
48633  49.597  -14.474  22.018 0.0000000000
50162  51.905  -13.175  23.750 0.0000000000
49403  52.828  -13.192  25.633 0.0000000000
129607  52.479  -13.614  26.633 0.0000000000
129838  53.256  -13.367  28.097 0.0000000000
130677  51.261  -14.341  28.011 0.0000000000
129801  52.575  -13.580  28.502 0.0000000000
129837  53.488  -12.882  30.033 0.0000000000
113361  53.596  -12.601  30.831 0.0000000000
113934  53.563  -12.192  31.819 0.0000000000
114280  53.848  -12.976  32.614 0.0000000000
38578  39.634  -27.311  27.281 0.0000000000
36796  36.273  -28.288  29.427 0.0000000000
137553  38.427  -27.554  29.768 0.0000000000
37700  40.507  -26.780  30.095 0.0000000000
137497  40.605  -27.149  32.479 0.0000000000
36754  40.927  -27.575  34.197 0.0000000000
36731  40.889  -28.079  36.292 0.0000000000
32937  31.244  -31.628  35.754 0.0000000000
32952  32.909  -31.210  34.113 0.0000000000
35150  36.510  -30.975  35.042 0.0000000000
32247  34.756  -33.275  34.515 0.0000000000
32935  36.428  -32.326  35.234 0.0000000000
35144  37.624  -30.712  35.699 0.0000000000
35143  39.201  -29.377  37.098 0.0000000000
36712  39.871  -28.534  37.251 0.0000000000
36701  40.753  -28.413  38.282 0.0000000000
30868  33.544  -33.790  47.819 0.0000000000
126458  32.215  -33.557  49.058 0.0000000000
118789  31.197  -32.678  50.559 0.0000000000
138174  29.913  -32.052  52.014 0.0000000000
35011  30.940  -30.158  50.058 0.0000000000
34991  28.965  -31.000  51.620 0.0000000000
33523  28.172  -32.017  52.607 0.0000000000
32798  26.842  -32.778  52.709 0.0000000000
117024  25.393  -34.147  52.695 0.0000000000
139115  24.109  -36.851  52.202 0.0000000000
33600  28.233  -32.691  46.425 0.0000000000
33590  27.312  -32.918  47.687 0.0000000000
32859  26.253  -33.699  48.135 0.0000000000
32869  23.062  -34.802  45.630 0.0000000000
32861  24.977  -34.799  47.688 0.0000000000
32851  25.604  -34.415  49.387 0.0000000000
32142  24.309  -35.994  49.782 0.0000000000
30848  24.109  -36.864  51.195 0.0000000000
29275  22.310  -38.113  51.079 0.0000000000
127631  20.842  -37.065  48.592 0.0000000000
28766  16.331  -37.328  48.273 0.0000000000
29286  15.201  -37.101  50.826 0.0000000000
30306  16.669  -33.940  54.141 0.0000000000
30298  16.376  -34.428  55.212 0.0000000000
29254  15.459  -35.832  54.790 0.0000000000
32774  15.371  -32.861  55.908 0.0000000000
32814  15.827  -32.394  53.413 0.0000000000
120685  16.205  -32.910  50.834 0.0000000000
32873  16.842  -32.517  48.282 0.0000000000
32184  15.995  -34.089  47.098 0.0000000000
35887  30.267  -28.350  32.647 0.0000000000
35869  31.289  -29.335  35.817 0.0000000000
35139  31.502  -28.690  38.234 0.0000000000
35842  32.630  -27.384  40.148 0.0000000000
35132  32.910  -28.223  40.636 0.0000000000
34408  33.198  -29.151  41.038 0.0000000000
33661  34.155  -30.087  41.628 0.0000000000
119811  35.919  -30.008  43.239 0.0000000000
34378  36.446  -29.971  44.362 0.0000000000
35791  36.315  -28.396  45.223 0.0000000000
35077  36.590  -29.385  45.216 0.0000000000
34356  36.458  -30.388  45.635 0.0000000000
122945  35.503  -32.020  46.534 0.0000000000
32159  34.239  -32.743  47.407 0.0000000000
26667  11.985  -39.927  53.426 0.0000000000
24384  13.094  -42.848  52.622 0.0000000000
49487  63.768  -13.406  9.595 0.0000000000
48724  61.324  -15.358  12.384 0.0000000000
48715  62.936  -14.865  12.882 0.0000000000
48721  63.665  -14.756  12.648 0.0000000000
48706  63.024  -15.039  15.011 0.0000000000
47872  63.878  -15.088  13.760 0.0000000000
47871  64.058  -15.048  13.087 0.0000000000
49440  51.574  -12.783  20.232 0.0000000000
48676  54.255  -14.982  20.420 0.0000000000
49433  53.990  -13.412  22.493 0.0000000000
48668  54.382  -14.601  21.328 0.0000000000
48675  55.408  -15.183  20.590 0.0000000000
47811  57.693  -15.389  20.709 0.0000000000
48674  59.632  -15.358  20.522 0.0000000000
48663  60.745  -15.241  20.325 0.0000000000
50159  55.218  -12.577  25.106 0.0000000000
49414  55.932  -13.092  24.686 0.0000000000
49419  56.642  -13.709  24.269 0.0000000000
48632  58.476  -14.179  24.943 0.0000000000
115089  58.254  -14.319  24.428 0.0000000000
115604  58.401  -14.681  23.627 0.0000000000
48652  59.762  -15.096  22.166 0.0000000000
48642  60.742  -15.100  21.678 0.0000000000
113164  49.193  -16.553  31.599 0.0000000000
128825  50.908  -14.396  31.747 0.0000000000
111285  50.316  -15.947  34.540 0.0000000000
129438  50.761  -14.908  33.640 0.0000000000
112744  51.499  -13.972  33.066 0.0000000000
111319  51.904  -13.492  32.951 0.0000000000
113748  52.609  -13.737  33.277 0.0000000000
46916  52.866  -14.017  32.882 0.0000000000
40226  44.287  -24.138  27.660 0.0000000000
41035  49.621  -21.823  31.171 0.0000000000
41736  49.413  -20.961  33.735 0.0000000000
123956  47.997  -21.227  35.591 0.0000000000
37612  44.598  -26.925  37.717 0.0000000000
38490  44.941  -25.945  36.587 0.0000000000
39340  45.664  -24.813  36.375 0.0000000000
139524  46.126  -24.601  37.168 0.0000000000
40155  46.759  -23.953  36.074 0.0000000000
40144  46.910  -23.613  35.746 0.0000000000
40991  48.327  -22.196  35.831 0.0000000000
41694  48.225  -19.957  36.028 0.0000000000
128351  49.123  -19.065  36.006 0.0000000000
118729  49.675  -18.661  35.822 0.0000000000
43461  50.331  -18.133  36.045 0.0000000000
41709  49.892  -19.827  34.827 0.0000000000
43468  50.623  -18.205  35.491 0.0000000000
44287  50.832  -17.497  35.600 0.0000000000
46057  51.026  -16.095  34.561 0.0000000000
54058  62.723  -5.831  15.081 0.0000000000
52624  62.780  -6.324  14.623 0.0000000000
132889  62.605  -6.015  13.892 0.0000000000
52629  61.823  -5.745  12.514 0.0000000000
121645  60.709  -5.520  10.074 0.0000000000
51844  59.392  -6.347  9.890 0.0000000000
52633  60.092  -6.144  9.092 0.0000000000
52636  60.289  -5.863  8.558 0.0000000000
52643  60.664  -6.477  7.034 0.0000000000
30343  33.682  -34.610  47.553 0.0000000000
30347  34.473  -34.954  46.887 0.0000000000
31487  15.098  -34.329  52.685 0.0000000000
31455  13.891  -35.610  54.447 0.0000000000
31464  14.038  -35.626  53.986 0.0000000000
111330  53.975  -13.091  32.812 0.0000000000
48598  54.340  -12.959  32.151 0.0000000000
35146  31.615  -29.371  36.527 0.0000000000
126822  32.247  -29.701  36.072 0.0000000000
35068  31.881  -30.405  45.954 0.0000000000
35069  31.113  -31.675  45.256 0.0000000000
35078  32.404  -30.009  45.004 0.0000000000
35067  32.685  -29.544  45.810 0.0000000000
30305  23.975  -36.925  52.877 0.0000000000
125835  24.059  -37.392  53.344 0.0000000000
29253  23.068  -37.909  53.081 0.0000000000
48733  58.661  -14.078  10.405 0.0000000000
47816  61.908  -15.154  18.889 0.0000000000
50947  53.399  -12.517  24.639 0.0000000000
42569  47.983  -19.080  35.947 0.0000000000
42577  47.864  -19.380  35.601 0.0000000000
126661  47.827  -19.034  36.118 0.0000000000
36730  41.873  -27.898  36.509 0.0000000000
36740  42.595  -27.525  35.731 0.0000000000
36718  43.002  -27.599  36.778 0.0000000000
137773  57.274  -12.936  10.374 0.0000000000
55416  62.067  -4.720  15.067 0.0000000000
118171  62.616  -4.722  14.242 0.0000000000
54060  62.593  -5.395  14.626 0.0000000000
32897  36.169  -31.628  43.991 0.0000000000
32907  35.583  -32.006  43.255 0.0000000000
28751  14.727  -38.588  50.709 0.0000000000
27420  15.068  -40.693  49.896 0.0000000000
28124  14.644  -39.777  50.833 0.0000000000
48701  52.818  -12.902  13.311 0.0000000000
119271  56.950  -15.918  19.032 0.0000000000
47821  56.232  -15.630  19.710 0.0000000000
50136  54.391  -12.981  28.320 0.0000000000
113721  54.379  -12.991  29.036 0.0000000000
31535  11.741  -35.673  48.059 0.0000000000
138069  49.725  -15.393  25.416 0.0000000000
130163  51.845  -13.436  31.321 0.0000000000
35867  37.083  -29.937  34.210 0.0000000000
36758  37.521  -28.966  33.198 0.0000000000
36745  37.792  -29.153  33.995 0.0000000000
36757  38.402  -28.340  33.811 0.0000000000
35866  38.126  -29.240  34.727 0.0000000000
30910  32.166  -35.483  40.204 0.0000000000
30921  31.443  -35.241  38.432 0.0000000000
34315  33.368  -30.150  48.709 0.0000000000
34302  33.095  -30.511  49.165 0.0000000000
35007  32.815  -29.952  49.308 0.0000000000
34328  27.820  -31.915  50.121 0.0000000000
33568  27.237  -32.215  50.566 0.0000000000
32824  26.354  -32.919  51.312 0.0000000000
33559  26.435  -33.119  50.587 0.0000000000
31497  18.573  -34.425  49.664 0.0000000000
30864  19.358  -35.816  48.949 0.0000000000
30854  18.857  -35.194  49.954 0.0000000000
30863  20.569  -36.697  49.409 0.0000000000
136737  19.227  -35.319  50.365 0.0000000000
30329  18.755  -35.147  50.936 0.0000000000
30841  17.998  -34.438  51.405 0.0000000000
37554  35.250  -27.416  43.807 0.0000000000
37574  34.804  -27.271  42.939 0.0000000000
36673  35.125  -27.566  42.957 0.0000000000
35831  34.749  -28.057  42.156 0.0000000000
36672  35.425  -27.872  42.997 0.0000000000
35823  35.889  -28.167  43.301 0.0000000000
123950  35.996  -27.834  43.850 0.0000000000
35036  33.738  -29.551  48.157 0.0000000000
35035  34.354  -29.400  47.685 0.0000000000
35020  34.267  -29.940  48.175 0.0000000000
33566  33.700  -30.547  48.379 0.0000000000
30837  29.368  -33.855  51.832 0.0000000000
27426  11.197  -38.235  48.134 0.0000000000
26705  12.906  -39.458  47.795 0.0000000000
50285  62.597  -11.832  7.606 0.0000000000
47873  61.004  -15.934  14.433 0.0000000000
49426  56.227  -13.934  23.578 0.0000000000
48648  55.838  -14.118  22.989 0.0000000000
48647  56.944  -14.578  22.946 0.0000000000
48646  57.786  -14.650  23.281 0.0000000000
124111  56.581  -12.835  26.348 0.0000000000
111278  49.213  -16.812  33.846 0.0000000000
139306  51.063  -16.904  35.741 0.0000000000
46903  50.907  -15.778  35.017 0.0000000000
132332  51.139  -15.997  35.121 0.0000000000
46908  51.202  -15.217  34.686 0.0000000000
38585  41.418  -26.039  27.118 0.0000000000
39418  41.819  -25.462  24.816 0.0000000000
39414  42.376  -25.235  26.579 0.0000000000
40176  45.696  -24.535  34.116 0.0000000000
131446  45.725  -24.370  32.487 0.0000000000
138912  46.454  -24.276  33.861 0.0000000000
115892  47.385  -23.960  34.122 0.0000000000
39334  48.048  -23.630  36.388 0.0000000000
40990  48.227  -22.179  36.228 0.0000000000
40988  49.124  -21.576  35.546 0.0000000000
51043  59.031  -7.536  11.626 0.0000000000
117553  60.237  -7.106  13.147 0.0000000000
51053  59.625  -9.933  6.723 0.0000000000
56762  62.786  -3.273  12.472 0.0000000000
126496  62.995  -2.870  11.995 0.0000000000
137801  62.156  -4.743  11.294 0.0000000000
32183  36.131  -32.374  46.069 0.0000000000
32182  36.609  -33.085  45.755 0.0000000000
31540  36.268  -33.284  45.954 0.0000000000
30281  14.710  -35.123  56.159 0.0000000000
137505  14.159  -37.413  55.024 0.0000000000
29242  13.988  -36.451  56.006 0.0000000000
28090  12.726  -38.479  54.873 0.0000000000
27376  13.035  -38.843  54.711 0.0000000000
27383  13.019  -39.980  54.746 0.0000000000
25067  13.669  -41.862  53.704 0.0000000000
25069  13.018  -41.720  53.885 0.0000000000
48678  51.275  -13.042  19.056 0.0000000000
113087  53.893  -12.251  30.932 0.0000000000
50125  54.610  -12.332  30.821 0.0000000000
116340  54.340  -12.001  31.056 0.0000000000
32186  10.090  -34.678  46.749 0.0000000000
31506  6.938  -34.929  49.003 0.0000000000
29304  9.424  -37.226  47.797 0.0000000000
139701  31.221  -29.670  31.735 0.0000000000
132213  32.224  -29.513  30.851 0.0000000000
35886  32.626  -30.034  31.616 0.0000000000
35161  33.843  -31.149  34.229 0.0000000000
35874  34.447  -30.756  33.535 0.0000000000
35868  35.426  -30.597  34.110 0.0000000000
34434  35.049  -30.921  34.756 0.0000000000
35754  32.881  -29.432  47.852 0.0000000000
35746  32.141  -29.757  48.462 0.0000000000
35047  31.857  -29.779  48.077 0.0000000000
34335  29.719  -31.140  47.899 0.0000000000
35049  30.423  -30.503  48.198 0.0000000000
34336  29.260  -31.289  48.515 0.0000000000
34337  28.645  -31.709  48.692 0.0000000000
36641  33.616  -28.179  44.110 0.0000000000
134563  33.853  -27.636  43.838 0.0000000000
37530  34.200  -28.028  44.914 0.0000000000
37541  34.460  -27.491  44.323 0.0000000000
37529  34.751  -27.740  44.951 0.0000000000
37528  35.102  -27.678  45.115 0.0000000000
36627  34.533  -28.200  45.483 0.0000000000
35769  32.629  -29.521  46.849 0.0000000000
36613  33.727  -29.004  46.656 0.0000000000
35768  32.998  -29.339  47.051 0.0000000000
35753  33.361  -29.304  47.805 0.0000000000
31449  26.718  -33.983  53.111 0.0000000000
30303  26.105  -35.521  53.375 0.0000000000
49498  60.277  -12.365  8.442 0.0000000000
49490  61.380  -13.379  9.455 0.0000000000
48730  62.244  -14.062  10.648 0.0000000000
48722  62.741  -14.534  11.806 0.0000000000
48691  61.976  -15.461  16.962 0.0000000000
48681  61.735  -15.268  17.299 0.0000000000
47840  62.712  -15.447  16.751 0.0000000000
118042  51.475  -11.789  21.085 0.0000000000
50976  52.353  -11.858  22.165 0.0000000000
50959  54.040  -12.517  23.954 0.0000000000
50192  54.812  -12.988  23.656 0.0000000000
50180  55.143  -12.867  24.330 0.0000000000
114369  48.656  -17.987  35.921 0.0000000000
130216  49.525  -17.247  35.425 0.0000000000
111256  49.025  -17.833  35.976 0.0000000000
138266  49.184  -18.010  36.308 0.0000000000
124447  49.368  -17.909  36.310 0.0000000000
45149  49.826  -17.617  36.262 0.0000000000
120723  50.193  -17.182  36.036 0.0000000000
44277  50.189  -17.911  36.301 0.0000000000
37689  41.768  -26.504  31.392 0.0000000000
123488  42.285  -26.042  31.003 0.0000000000
37676  42.064  -26.601  32.272 0.0000000000
38506  43.825  -26.387  34.860 0.0000000000
39371  43.769  -25.737  33.418 0.0000000000
39364  44.383  -25.434  34.121 0.0000000000
38505  44.409  -25.797  34.971 0.0000000000
50268  57.332  -8.923  13.304 0.0000000000
50275  56.995  -9.640  11.080 0.0000000000
50274  57.340  -9.004  10.734 0.0000000000
51044  58.355  -8.133  11.661 0.0000000000
50280  57.429  -10.270  9.160 0.0000000000
135966  58.735  -11.736  8.347 0.0000000000
56100  62.060  -3.995  14.137 0.0000000000
55421  62.677  -4.042  13.449 0.0000000000
54738  62.748  -4.541  13.432 0.0000000000
120036  62.645  -5.259  13.448 0.0000000000
137231  62.695  -5.021  13.085 0.0000000000
120491  62.574  -5.106  12.640 0.0000000000
32921  33.566  -31.032  41.350 0.0000000000
32928  32.414  -31.071  40.506 0.0000000000
32225  35.148  -32.765  42.877 0.0000000000
31587  33.797  -33.119  41.631 0.0000000000
137219  33.964  -33.968  41.779 0.0000000000
31588  33.179  -34.344  41.170 0.0000000000
120561  21.089  -39.705  48.932 0.0000000000
28116  21.383  -40.131  50.327 0.0000000000
27412  20.321  -41.080  49.151 0.0000000000
25855  18.534  -43.057  49.207 0.0000000000
25854  19.711  -42.513  49.797 0.0000000000
125000  19.290  -43.066  49.607 0.0000000000
124708  19.932  -43.114  50.016 0.0000000000
26664  14.018  -40.805  53.116 0.0000000000
25857  14.654  -42.326  51.310 0.0000000000
125888  14.629  -42.736  51.590 0.0000000000
47876  57.028  -15.364  12.394 0.0000000000
139492  59.315  -16.490  14.227 0.0000000000
47854  58.484  -16.717  15.465 0.0000000000
47859  51.815  -13.827  15.674 0.0000000000
47858  52.658  -14.496  14.778 0.0000000000
47847  53.730  -15.859  15.900 0.0000000000
47832  57.142  -16.339  18.039 0.0000000000
47846  56.011  -16.768  16.626 0.0000000000
47845  57.318  -16.658  16.923 0.0000000000
47842  60.350  -15.860  17.459 0.0000000000
47830  59.094  -15.718  19.002 0.0000000000
137606  59.818  -15.654  18.779 0.0000000000
47817  59.950  -15.495  19.403 0.0000000000
48684  60.648  -15.462  19.007 0.0000000000
50151  53.473  -12.939  26.109 0.0000000000
50932  53.826  -12.613  25.708 0.0000000000
50911  54.726  -12.643  27.420 0.0000000000
50140  55.406  -12.639  27.472 0.0000000000
50139  55.872  -12.672  27.309 0.0000000000
50130  54.976  -12.783  29.186 0.0000000000
50124  55.084  -12.346  30.003 0.0000000000
49387  56.211  -12.903  28.969 0.0000000000
49386  56.779  -12.930  28.342 0.0000000000
48612  57.217  -12.924  27.937 0.0000000000
118292  48.523  -19.061  33.738 0.0000000000
41738  48.088  -19.110  34.522 0.0000000000
41737  48.893  -19.716  34.149 0.0000000000
49470  55.676  -10.190  12.868 0.0000000000
49469  56.159  -9.830  13.030 0.0000000000
48711  55.292  -13.609  12.122 0.0000000000
48710  55.498  -11.988  11.996 0.0000000000
55417  61.440  -4.914  15.995 0.0000000000
31512  13.751  -36.501  50.325 0.0000000000
30857  12.426  -36.627  51.452 0.0000000000
30865  12.496  -36.464  50.530 0.0000000000
31478  9.282  -35.673  51.780 0.0000000000
29789  9.298  -36.873  52.404 0.0000000000
28745  9.856  -37.562  52.207 0.0000000000
27414  10.922  -38.671  51.130 0.0000000000
28125  10.110  -37.881  50.880 0.0000000000
32146  8.188  -34.822  49.946 0.0000000000
31516  8.692  -34.924  49.989 0.0000000000
29813  8.090  -36.219  50.991 0.0000000000
49421  50.194  -13.598  21.122 0.0000000000
111334  50.263  -14.518  23.693 0.0000000000
49415  50.949  -13.699  22.979 0.0000000000
49409  52.259  -13.306  24.862 0.0000000000
130575  51.530  -14.200  26.739 0.0000000000
113203  52.893  -13.502  27.441 0.0000000000
132646  49.842  -15.637  28.109 0.0000000000
128882  50.654  -14.937  27.217 0.0000000000
130676  51.001  -14.574  28.569 0.0000000000
130660  51.999  -13.735  29.128 0.0000000000
130847  52.522  -13.394  29.512 0.0000000000
111328  53.151  -13.105  28.930 0.0000000000
138046  52.969  -13.091  29.987 0.0000000000
113407  53.027  -12.893  30.667 0.0000000000
111327  53.087  -12.528  31.913 0.0000000000
111326  53.579  -12.213  31.847 0.0000000000
113377  53.334  -12.772  32.488 0.0000000000
38579  37.776  -27.393  26.618 0.0000000000
38586  40.016  -26.895  26.249 0.0000000000
36789  35.047  -28.767  30.021 0.0000000000
128606  35.057  -28.250  28.440 0.0000000000
126788  36.266  -28.580  30.634 0.0000000000
36787  38.360  -27.747  31.487 0.0000000000
37692  38.215  -27.672  30.363 0.0000000000
134397  38.968  -27.338  30.162 0.0000000000
37701  39.597  -27.194  29.663 0.0000000000
37691  39.840  -27.047  30.651 0.0000000000
37690  40.825  -26.802  31.036 0.0000000000
37678  40.071  -27.119  31.711 0.0000000000
36742  39.571  -27.937  34.661 0.0000000000
36755  40.010  -27.663  34.059 0.0000000000
118211  40.363  -27.840  34.781 0.0000000000
118219  40.626  -27.979  35.509 0.0000000000
32930  31.266  -31.867  37.870 0.0000000000
33677  31.385  -30.786  37.138 0.0000000000
32251  33.040  -32.438  34.303 0.0000000000
32951  34.709  -31.057  34.602 0.0000000000
32942  34.684  -31.913  34.537 0.0000000000
33667  38.239  -31.559  36.743 0.0000000000
124820  37.430  -31.795  35.858 0.0000000000
33674  37.709  -31.266  35.993 0.0000000000
34419  38.131  -30.740  36.278 0.0000000000
35853  38.604  -29.550  36.067 0.0000000000
35138  38.586  -30.095  36.532 0.0000000000
35136  39.610  -29.263  37.964 0.0000000000
35845  40.125  -28.599  37.954 0.0000000000
31507  32.827  -33.450  48.522 0.0000000000
32822  31.603  -31.435  50.508 0.0000000000
32139  31.787  -32.573  49.898 0.0000000000
32823  31.231  -31.669  50.839 0.0000000000
32135  30.839  -32.230  51.107 0.0000000000
33535  30.603  -31.320  51.384 0.0000000000
35024  30.775  -30.315  49.812 0.0000000000
35023  31.400  -30.183  49.683 0.0000000000
35025  29.979  -30.632  50.314 0.0000000000
34294  28.169  -31.278  51.660 0.0000000000
35000  28.993  -31.079  51.422 0.0000000000
34293  28.597  -31.160  51.816 0.0000000000
34281  28.840  -31.228  52.032 0.0000000000
33537  27.758  -31.689  52.242 0.0000000000
33512  27.396  -32.388  52.664 0.0000000000
33538  27.198  -31.853  51.943 0.0000000000
32136  25.679  -33.651  51.898 0.0000000000
32128  25.511  -33.873  52.370 0.0000000000
32129  25.142  -34.618  52.366 0.0000000000
30838  24.655  -35.508  52.808 0.0000000000
31471  24.817  -35.566  52.296 0.0000000000
32877  25.580  -33.907  45.807 0.0000000000
32868  26.402  -33.534  47.314 0.0000000000
32870  20.713  -33.386  44.978 0.0000000000
119015  20.390  -33.682  45.294 0.0000000000
31519  22.322  -36.227  47.065 0.0000000000
32162  23.467  -35.526  46.994 0.0000000000
32161  24.739  -35.163  47.986 0.0000000000
32151  24.255  -35.718  48.572 0.0000000000
32150  25.216  -34.876  49.429 0.0000000000
30320  22.133  -37.420  50.555 0.0000000000
29793  22.543  -37.757  50.839 0.0000000000
29283  20.993  -37.001  50.559 0.0000000000
28749  21.482  -37.404  49.839 0.0000000000
29812  17.202  -35.432  50.791 0.0000000000
29822  18.044  -36.189  47.860 0.0000000000
29285  16.294  -35.939  50.013 0.0000000000
29293  15.893  -36.888  49.428 0.0000000000
29277  15.860  -35.959  51.575 0.0000000000
118983  17.630  -32.727  54.933 0.0000000000
30825  17.315  -32.871  54.109 0.0000000000
33481  16.409  -31.486  56.521 0.0000000000
30804  16.907  -33.586  55.964 0.0000000000
31422  16.538  -33.069  56.806 0.0000000000
29768  15.923  -34.997  55.213 0.0000000000
30792  16.088  -33.373  56.752 0.0000000000
30793  15.730  -33.702  56.805 0.0000000000
33487  15.839  -32.015  56.061 0.0000000000
34311  16.658  -30.398  52.031 0.0000000000
123522  16.171  -31.496  53.060 0.0000000000
33552  16.276  -31.382  52.247 0.0000000000
32841  16.125  -32.366  51.613 0.0000000000
120914  16.494  -31.949  50.766 0.0000000000
32872  17.309  -31.348  48.038 0.0000000000
32880  17.033  -32.388  47.332 0.0000000000
120504  16.561  -33.212  47.571 0.0000000000
125785  17.148  -32.447  46.326 0.0000000000
35862  31.245  -27.983  36.914 0.0000000000
35870  30.825  -28.341  35.560 0.0000000000
134159  31.334  -28.553  37.003 0.0000000000
36703  32.995  -26.532  40.293 0.0000000000
35847  32.385  -26.256  39.614 0.0000000000
35126  33.856  -28.434  41.355 0.0000000000
34420  32.016  -28.776  39.808 0.0000000000
34391  36.158  -29.368  43.438 0.0000000000
34379  36.243  -30.029  43.815 0.0000000000
34390  36.372  -29.465  43.915 0.0000000000
36626  35.659  -28.003  45.616 0.0000000000
36625  36.149  -28.121  45.326 0.0000000000
36608  35.810  -28.337  45.932 0.0000000000
35055  36.005  -29.467  46.494 0.0000000000
35066  36.265  -29.122  46.040 0.0000000000
35054  36.293  -29.822  46.028 0.0000000000
34365  36.586  -30.049  45.266 0.0000000000
34346  36.247  -30.422  46.015 0.0000000000
33599  36.091  -30.860  46.200 0.0000000000
33587  35.719  -30.621  46.629 0.0000000000
136241  33.911  -32.233  47.807 0.0000000000
32173  34.438  -32.000  47.395 0.0000000000
31518  33.533  -32.875  48.006 0.0000000000
30851  31.851  -33.967  49.289 0.0000000000
26673  21.692  -40.645  52.015 0.0000000000
26662  22.559  -40.062  52.836 0.0000000000
26672  21.899  -40.467  52.222 0.0000000000
28107  10.826  -38.258  53.436 0.0000000000
28098  11.055  -38.226  53.906 0.0000000000
27403  11.512  -39.080  52.857 0.0000000000
25100  14.138  -42.596  50.081 0.0000000000
25096  13.316  -42.067  52.042 0.0000000000
23759  14.126  -44.326  50.998 0.0000000000
23750  13.882  -44.445  51.081 0.0000000000
132256  14.389  -44.786  50.543 0.0000000000
48729  64.209  -14.225  10.976 0.0000000000
48725  59.689  -15.312  11.478 0.0000000000
48718  60.559  -15.884  12.994 0.0000000000
48716  62.639  -15.122  13.755 0.0000000000
126654  62.116  -15.281  13.372 0.0000000000
49472  62.979  -14.789  13.033 0.0000000000
48697  62.785  -15.222  15.792 0.0000000000
48695  63.064  -15.050  15.117 0.0000000000
138550  63.837  -15.148  14.171 0.0000000000
46974  64.210  -15.188  12.801 0.0000000000
49437  52.103  -12.488  21.112 0.0000000000
48669  52.991  -14.040  20.771 0.0000000000
139289  53.168  -11.833  22.194 0.0000000000
50205  53.252  -12.410  22.414 0.0000000000
48657  54.530  -14.217  22.062 0.0000000000
47812  56.596  -15.319  20.698 0.0000000000
48667  56.958  -15.106  21.522 0.0000000000
48665  58.923  -15.253  21.484 0.0000000000
135086  59.886  -15.306  20.643 0.0000000000
124166  60.386  -15.156  21.323 0.0000000000
50930  54.674  -12.513  25.985 0.0000000000
121757  54.691  -12.505  25.460 0.0000000000
120974  56.674  -13.018  25.718 0.0000000000
50167  56.084  -12.867  25.351 0.0000000000
49413  56.674  -13.298  25.052 0.0000000000
48630  59.497  -14.810  23.910 0.0000000000
48631  58.897  -14.522  24.415 0.0000000000
48638  58.883  -14.708  23.860 0.0000000000
48645  59.002  -14.962  22.930 0.0000000000
48644  59.798  -15.026  22.809 0.0000000000
129662  50.637  -15.022  32.218 0.0000000000
125667  49.715  -16.632  35.358 0.0000000000
131752  50.019  -16.055  34.888 0.0000000000
128794  50.893  -15.219  34.349 0.0000000000
129646  51.705  -13.984  33.507 0.0000000000
113844  51.985  -13.850  33.581 0.0000000000
47757  52.013  -14.141  33.945 0.0000000000
114132  52.212  -13.720  33.488 0.0000000000
48590  53.116  -13.414  32.993 0.0000000000
47756  52.637  -14.022  33.121 0.0000000000
39393  43.216  -25.217  30.177 0.0000000000
40218  43.737  -24.612  28.704 0.0000000000
39392  44.120  -24.678  29.742 0.0000000000
40196  46.642  -24.122  30.625 0.0000000000
114790  46.041  -23.808  29.108 0.0000000000
40209  47.083  -23.693  29.494 0.0000000000
41045  48.631  -22.616  28.723 0.0000000000
40200  48.808  -23.091  31.080 0.0000000000
40173  48.736  -22.970  34.332 0.0000000000
40184  49.402  -22.110  33.657 0.0000000000
40172  49.078  -21.854  33.874 0.0000000000
41725  48.823  -20.433  34.359 0.0000000000
131999  48.266  -21.183  34.926 0.0000000000
36689  44.232  -27.470  38.886 0.0000000000
37613  43.747  -27.535  38.108 0.0000000000
37602  44.562  -27.153  38.416 0.0000000000
38473  45.698  -25.769  38.108 0.0000000000
38484  45.140  -26.112  37.311 0.0000000000
38483  45.576  -25.549  37.594 0.0000000000
39341  45.415  -25.290  36.844 0.0000000000
39335  45.795  -24.956  37.269 0.0000000000
39325  47.225  -24.482  37.260 0.0000000000
40135  46.798  -24.141  36.814 0.0000000000
40145  46.733  -24.057  36.511 0.0000000000
40985  47.499  -23.420  36.410 0.0000000000
126026  48.130  -21.830  36.055 0.0000000000
127931  48.152  -21.207  36.101 0.0000000000
41693  48.776  -19.944  35.708 0.0000000000
42574  49.294  -20.071  35.096 0.0000000000
42565  49.189  -18.995  35.979 0.0000000000
43463  50.065  -18.007  36.121 0.0000000000
43462  50.171  -18.386  35.733 0.0000000000
40998  49.787  -20.869  34.923 0.0000000000
134335  49.894  -20.214  34.401 0.0000000000
42580  50.800  -18.839  34.841 0.0000000000
43467  51.043  -18.193  35.002 0.0000000000
117988  50.788  -18.113  35.375 0.0000000000
45156  51.005  -17.029  35.014 0.0000000000
45160  51.028  -16.893  34.702 0.0000000000
54055  62.286  -5.834  16.169 0.0000000000
50266  59.648  -7.583  14.274 0.0000000000
51833  62.591  -6.521  14.464 0.0000000000
51842  61.271  -5.787  11.845 0.0000000000
51046  59.089  -6.969  10.764 0.0000000000
51845  58.209  -7.623  8.412 0.0000000000
52637  60.076  -6.384  7.569 0.0000000000
51852  61.374  -8.022  5.975 0.0000000000
57448  60.980  -3.982  14.452 0.0000000000
57449  60.259  -3.869  14.231 0.0000000000
57455  61.430  -3.550  13.469 0.0000000000
30872  34.959  -34.156  46.687 0.0000000000
127004  14.772  -34.285  54.753 0.0000000000
132888  13.461  -36.218  55.614 0.0000000000
31436  12.837  -35.832  55.054 0.0000000000
29244  12.318  -36.785  55.305 0.0000000000
28092  11.868  -38.401  54.694 0.0000000000
111325  54.052  -11.940  31.615 0.0000000000
114901  54.100  -11.999  31.634 0.0000000000
49376  54.614  -12.946  31.748 0.0000000000
35157  31.022  -30.055  34.806 0.0000000000
35163  31.518  -30.919  33.678 0.0000000000
35156  32.911  -30.233  34.748 0.0000000000
34429  33.259  -30.306  35.225 0.0000000000
35057  31.958  -29.739  47.426 0.0000000000
35058  31.486  -30.120  47.055 0.0000000000
34348  30.359  -31.060  47.259 0.0000000000
135401  33.367  -28.937  45.021 0.0000000000
120849  33.793  -28.637  45.222 0.0000000000
30822  24.990  -35.226  53.367 0.0000000000
30292  25.346  -35.652  53.586 0.0000000000
126354  24.656  -36.858  53.575 0.0000000000
28726  24.193  -38.061  53.322 0.0000000000
28100  24.098  -38.773  53.124 0.0000000000
121931  61.560  -14.811  11.553 0.0000000000
48683  60.845  -15.532  18.136 0.0000000000
48682  61.709  -15.439  17.838 0.0000000000
47828  61.959  -15.467  18.116 0.0000000000
47827  62.192  -14.986  18.001 0.0000000000
50962  52.886  -12.381  23.444 0.0000000000
50960  53.751  -12.437  24.072 0.0000000000
50944  54.398  -12.538  24.788 0.0000000000
43454  47.983  -18.468  36.034 0.0000000000
115529  48.806  -18.244  36.185 0.0000000000
44279  49.037  -18.197  36.253 0.0000000000
36753  41.821  -27.465  34.440 0.0000000000
37649  42.613  -27.254  34.812 0.0000000000
37648  43.365  -26.925  35.219 0.0000000000
133239  56.816  -10.878  10.259 0.0000000000
32914  34.091  -31.895  41.804 0.0000000000
32913  34.955  -31.634  42.502 0.0000000000
32216  35.703  -32.933  43.414 0.0000000000
28129  17.095  -40.230  47.847 0.0000000000
27418  18.293  -41.485  48.015 0.0000000000
27419  16.110  -41.179  48.597 0.0000000000
26697  17.272  -42.275  48.522 0.0000000000
25862  16.924  -43.056  49.072 0.0000000000
24372  14.604  -43.617  51.878 0.0000000000
23736  15.092  -43.914  51.064 0.0000000000
47867  56.468  -15.726  12.900 0.0000000000
47856  55.245  -16.351  14.458 0.0000000000
47819  58.368  -15.571  19.877 0.0000000000
50143  53.567  -13.173  27.182 0.0000000000
50142  54.159  -12.972  27.358 0.0000000000
50134  55.161  -12.750  28.187 0.0000000000
49382  55.919  -12.971  29.509 0.0000000000
31541  14.047  -35.702  46.820 0.0000000000
132835  12.579  -36.281  49.646 0.0000000000
31513  11.407  -35.934  49.861 0.0000000000
31514  10.288  -35.523  50.128 0.0000000000
31479  8.883  -35.160  51.185 0.0000000000
130849  50.568  -14.677  25.056 0.0000000000
129317  51.259  -14.313  29.199 0.0000000000
113317  52.406  -13.101  31.002 0.0000000000
113718  52.670  -12.917  32.409 0.0000000000
37705  35.631  -27.777  27.482 0.0000000000
36770  36.082  -29.392  31.979 0.0000000000
36781  36.785  -28.704  31.492 0.0000000000
36769  37.222  -28.792  32.378 0.0000000000
36780  37.741  -28.197  31.954 0.0000000000
36779  38.535  -27.795  32.427 0.0000000000
121947  39.163  -27.554  32.756 0.0000000000
36767  38.787  -27.829  33.232 0.0000000000
118704  38.940  -28.131  34.509 0.0000000000
36743  39.201  -28.235  35.260 0.0000000000
31598  31.524  -34.037  38.811 0.0000000000
32248  31.246  -32.940  36.838 0.0000000000
31603  31.305  -33.828  37.630 0.0000000000
31609  31.592  -34.182  36.009 0.0000000000
34418  38.936  -30.334  37.305 0.0000000000
32160  33.388  -32.010  48.303 0.0000000000
127701  32.816  -31.211  49.148 0.0000000000
33555  32.432  -31.080  49.641 0.0000000000
34290  32.013  -30.892  50.110 0.0000000000
34316  29.006  -31.076  50.161 0.0000000000
134308  29.408  -30.879  50.460 0.0000000000
34317  28.347  -31.373  50.515 0.0000000000
34318  27.739  -31.669  50.885 0.0000000000
34307  27.701  -31.559  51.477 0.0000000000
33539  26.866  -32.326  52.063 0.0000000000
33549  26.812  -32.333  51.582 0.0000000000
32140  25.874  -33.545  51.304 0.0000000000
118260  25.494  -34.257  51.221 0.0000000000
32878  24.149  -34.164  44.971 0.0000000000
32163  19.212  -33.681  47.032 0.0000000000
32175  19.997  -34.272  45.910 0.0000000000
133340  19.937  -35.985  46.923 0.0000000000
137787  20.954  -36.303  46.939 0.0000000000
30862  21.981  -36.983  48.965 0.0000000000
30335  20.718  -36.788  49.782 0.0000000000
30328  20.339  -36.387  50.527 0.0000000000
29810  19.887  -36.039  50.389 0.0000000000
29803  17.633  -34.769  51.343 0.0000000000
34263  16.519  -30.899  55.475 0.0000000000
34273  16.474  -30.901  54.887 0.0000000000
35004  16.825  -29.949  52.882 0.0000000000
36746  30.864  -26.948  36.755 0.0000000000
35856  31.410  -26.837  37.924 0.0000000000
37588  34.227  -27.151  42.240 0.0000000000
36694  34.068  -27.402  41.597 0.0000000000
128067  34.660  -28.558  41.950 0.0000000000
35119  35.149  -29.195  42.276 0.0000000000
127861  35.325  -28.635  42.532 0.0000000000
35109  35.935  -28.684  43.163 0.0000000000
35811  36.436  -28.625  44.021 0.0000000000
36581  34.676  -28.783  46.816 0.0000000000
35766  35.573  -28.669  46.396 0.0000000000
35741  34.992  -29.125  47.197 0.0000000000
35046  35.327  -29.239  47.057 0.0000000000
34324  35.260  -29.679  47.195 0.0000000000
33588  35.124  -30.394  47.205 0.0000000000
33578  34.383  -30.485  47.799 0.0000000000
122838  33.998  -30.952  48.023 0.0000000000
25865  12.161  -39.164  51.242 0.0000000000
137398  12.567  -39.890  52.220 0.0000000000
25875  13.163  -39.906  49.238 0.0000000000
25867  13.886  -41.374  49.677 0.0000000000
49481  63.640  -13.948  10.662 0.0000000000
47886  64.340  -14.415  10.561 0.0000000000
47883  64.343  -14.837  11.283 0.0000000000
132401  62.014  -15.430  13.937 0.0000000000
48708  62.519  -15.264  14.711 0.0000000000
47851  63.238  -15.454  15.658 0.0000000000
49434  52.654  -12.316  21.716 0.0000000000
134282  54.961  -13.674  22.934 0.0000000000
120954  57.286  -14.964  22.155 0.0000000000
48653  59.093  -15.099  22.261 0.0000000000
50158  55.617  -12.647  25.686 0.0000000000
49412  57.278  -13.433  25.454 0.0000000000
48636  59.958  -14.970  23.232 0.0000000000
129104  49.558  -16.451  33.153 0.0000000000
112724  50.525  -15.365  33.725 0.0000000000
46904  49.865  -16.119  35.234 0.0000000000
47747  50.877  -15.760  35.151 0.0000000000
132939  51.247  -14.700  34.523 0.0000000000
111301  51.806  -13.917  33.996 0.0000000000
47752  51.709  -14.584  34.203 0.0000000000
135678  51.819  -14.920  34.410 0.0000000000
46907  52.055  -14.945  34.207 0.0000000000
39383  44.538  -24.707  31.480 0.0000000000
123608  44.758  -24.506  30.534 0.0000000000
40203  45.428  -24.387  31.117 0.0000000000
136937  46.073  -24.254  31.678 0.0000000000
40195  47.357  -23.923  31.305 0.0000000000
115891  47.896  -23.796  32.139 0.0000000000
117080  48.464  -23.482  34.033 0.0000000000
139100  48.356  -23.028  34.548 0.0000000000
37593  45.136  -26.944  38.888 0.0000000000
38450  45.808  -26.545  39.183 0.0000000000
38461  46.028  -26.001  38.628 0.0000000000
39318  45.990  -25.628  38.181 0.0000000000
40124  48.067  -23.094  36.701 0.0000000000
125780  48.004  -22.004  36.658 0.0000000000
41703  48.926  -21.043  35.364 0.0000000000
42576  48.862  -19.818  36.035 0.0000000000
41702  49.259  -20.839  35.662 0.0000000000
41701  49.182  -20.380  35.564 0.0000000000
41700  49.746  -20.108  34.995 0.0000000000
51037  61.664  -6.808  13.680 0.0000000000
51839  61.171  -6.371  12.532 0.0000000000
51061  60.396  -9.047  6.172 0.0000000000
57454  61.924  -3.359  13.096 0.0000000000
57460  62.584  -3.006  12.319 0.0000000000
33619  36.818  -31.378  45.033 0.0000000000
32202  36.854  -32.360  44.787 0.0000000000
32882  36.899  -32.462  45.221 0.0000000000
32190  37.117  -33.420  45.189 0.0000000000
30875  36.797  -34.596  45.714 0.0000000000
28739  14.560  -37.744  53.580 0.0000000000
28117  14.293  -39.766  51.980 0.0000000000
120585  14.195  -38.708  53.533 0.0000000000
134868  13.984  -39.713  53.432 0.0000000000
26665  14.125  -40.878  53.195 0.0000000000
28711  13.301  -37.794  55.138 0.0000000000
27381  13.454  -39.779  54.102 0.0000000000
25838  14.014  -41.000  53.318 0.0000000000
25066  14.261  -42.208  53.243 0.0000000000
23733  14.072  -43.445  52.751 0.0000000000
23122  14.420  -44.919  52.236 0.0000000000
47836  51.985  -14.281  17.187 0.0000000000
47835  52.882  -15.058  17.994 0.0000000000
47823  53.366  -14.969  19.406 0.0000000000
129411  54.427  -12.558  29.856 0.0000000000
50120  54.553  -12.309  31.026 0.0000000000
49379  55.202  -12.778  30.833 0.0000000000
32177  10.822  -35.107  47.445 0.0000000000
32167  9.095  -34.773  48.540 0.0000000000
32147  8.092  -34.805  50.082 0.0000000000
32180  8.119  -34.307  47.868 0.0000000000
138100  7.317  -34.966  49.753 0.0000000000
29823  8.153  -36.236  49.699 0.0000000000
121164  10.054  -38.224  47.947 0.0000000000
36790  33.393  -29.051  30.004 0.0000000000
35167  33.126  -30.831  32.845 0.0000000000
35885  34.285  -30.039  31.793 0.0000000000
35873  36.424  -29.911  33.445 0.0000000000
35744  32.818  -29.385  48.214 0.0000000000
123302  32.586  -29.821  48.942 0.0000000000
35037  31.398  -30.065  49.073 0.0000000000
35038  30.889  -30.228  49.241 0.0000000000
35048  31.213  -30.060  47.880 0.0000000000
123085  30.861  -30.196  48.669 0.0000000000
35039  30.118  -30.578  48.786 0.0000000000
34326  29.153  -31.149  49.339 0.0000000000
33579  27.203  -32.604  49.676 0.0000000000
32152  18.720  -33.435  48.172 0.0000000000
134318  18.051  -33.862  51.000 0.0000000000
30840  17.467  -33.372  52.230 0.0000000000
31472  17.613  -33.022  52.069 0.0000000000
38406  34.463  -27.169  43.714 0.0000000000
37539  35.287  -27.447  44.508 0.0000000000
37553  35.673  -27.612  44.505 0.0000000000
126090  35.148  -27.573  45.134 0.0000000000
37527  35.379  -27.855  45.468 0.0000000000
37517  35.153  -28.021  45.903 0.0000000000
36628  33.830  -28.794  45.783 0.0000000000
120262  34.360  -28.642  46.333 0.0000000000
36611  34.781  -28.438  46.267 0.0000000000
36595  34.307  -28.860  46.938 0.0000000000
36583  33.840  -29.176  47.634 0.0000000000
126467  63.615  -14.410  11.687 0.0000000000
138068  63.777  -14.583  12.065 0.0000000000
48698  61.757  -15.605  16.365 0.0000000000
48689  62.752  -15.177  16.113 0.0000000000
50987  52.547  -11.447  21.825 0.0000000000
50193  54.155  -12.712  23.142 0.0000000000
50973  53.700  -12.373  23.084 0.0000000000
48617  57.871  -13.394  26.712 0.0000000000
49401  57.565  -13.244  26.453 0.0000000000
129619  48.922  -17.217  34.867 0.0000000000
46909  49.666  -16.669  34.697 0.0000000000
111252  49.689  -17.552  36.199 0.0000000000
120895  49.892  -17.152  35.878 0.0000000000
46898  50.453  -16.960  35.756 0.0000000000
46046  50.787  -17.189  35.885 0.0000000000
38567  41.815  -25.947  29.550 0.0000000000
131869  42.043  -25.630  28.788 0.0000000000
38557  42.432  -25.765  30.305 0.0000000000
38544  43.060  -25.533  31.129 0.0000000000
39384  43.805  -25.161  31.755 0.0000000000
38534  43.015  -26.104  32.676 0.0000000000
39376  43.781  -25.425  32.590 0.0000000000
40177  44.959  -24.920  34.035 0.0000000000
120274  45.358  -24.797  34.738 0.0000000000
56760  62.060  -3.796  13.799 0.0000000000
56104  63.117  -3.928  12.640 0.0000000000
52631  61.980  -5.298  12.027 0.0000000000
33669  32.006  -30.302  39.935 0.0000000000
33676  31.596  -30.063  38.450 0.0000000000
32929  31.798  -32.018  39.649 0.0000000000
32242  32.015  -33.139  39.972 0.0000000000
32207  36.553  -32.606  44.397 0.0000000000
32214  36.452  -33.313  44.126 0.0000000000
31576  35.504  -33.952  43.091 0.0000000000
30895  36.253  -34.662  43.491 0.0000000000
28738  22.125  -39.102  51.856 0.0000000000
28731  22.201  -39.001  52.355 0.0000000000
28111  21.887  -39.647  52.007 0.0000000000
27400  21.572  -40.342  51.846 0.0000000000
26674  20.866  -41.063  51.510 0.0000000000
26682  20.238  -41.784  49.908 0.0000000000
25848  20.692  -41.855  50.764 0.0000000000
25847  21.224  -41.454  51.301 0.0000000000
25087  20.838  -42.772  50.544 0.0000000000
27413  14.574  -40.771  50.987 0.0000000000
25863  15.452  -42.657  50.029 0.0000000000
25090  16.663  -43.976  49.854 0.0000000000
24383  15.839  -44.142  50.463 0.0000000000
115761  56.659  -16.873  15.428 0.0000000000
47853  60.358  -16.104  16.270 0.0000000000
47841  60.905  -15.588  17.900 0.0000000000
136419  60.824  -15.506  18.481 0.0000000000
48672  60.945  -15.379  19.321 0.0000000000
48662  61.296  -15.304  19.822 0.0000000000
50931  54.056  -12.507  26.042 0.0000000000
50919  54.662  -12.569  26.672 0.0000000000
50918  55.062  -12.569  26.746 0.0000000000
50147  56.294  -12.754  26.823 0.0000000000
50128  55.683  -12.827  29.359 0.0000000000
50132  55.945  -12.793  28.554 0.0000000000
49397  56.803  -12.858  27.394 0.0000000000
49396  57.303  -13.031  26.988 0.0000000000
49391  57.259  -12.999  27.033 0.0000000000
41728  47.678  -18.964  34.823 0.0000000000
41727  48.182  -19.506  34.948 0.0000000000
121362  47.876  -19.626  34.848 0.0000000000
36699  42.126  -28.108  38.703 0.0000000000
36708  42.939  -27.778  37.730 0.0000000000
36690  42.839  -27.922  39.076 0.0000000000
48727  56.369  -12.840  11.276 0.0000000000
54733  61.877  -5.070  15.730 0.0000000000
32154  15.446  -34.853  50.702 0.0000000000
115982  12.870  -36.330  53.632 0.0000000000
30856  13.561  -36.535  52.269 0.0000000000
31466  11.452  -36.444  53.234 0.0000000000
29264  10.313  -37.394  53.397 0.0000000000
31489  10.721  -36.143  51.798 0.0000000000
29265  9.737  -37.217  52.833 0.0000000000
27410  11.211  -38.467  52.022 0.0000000000
26692  11.095  -38.839  50.948 0.0000000000
26699  10.616  -38.899  50.138 0.0000000000
31526  9.496  -35.039  49.312 0.0000000000
126842  8.644  -35.186  50.987 0.0000000000
138084  9.126  -37.021  51.620 0.0000000000
28120  10.015  -37.887  50.590 0.0000000000
26701  8.651  -40.381  49.388 0.0000000000
26700  9.160  -39.877  49.088 0.0000000000
50977  51.568  -12.314  21.480 0.0000000000
50171  51.945  -12.885  23.089 0.0000000000
50161  52.631  -12.907  24.408 0.0000000000
49404  52.068  -13.714  25.721 0.0000000000
49398  53.100  -13.277  26.590 0.0000000000
113030  51.775  -13.979  28.492 0.0000000000
129410  53.655  -12.232  31.496 0.0000000000
131684  53.910  -12.083  31.744 0.0000000000
115217  53.929  -12.178  31.823 0.0000000000
115116  53.598  -13.126  32.816 0.0000000000
114328  39.448  -26.670  24.889 0.0000000000
128461  40.828  -26.531  27.724 0.0000000000
37706  33.871  -27.950  27.795 0.0000000000
37704  36.712  -28.058  28.288 0.0000000000
37693  37.340  -28.046  29.688 0.0000000000
123993  37.914  -27.793  28.479 0.0000000000
37714  39.294  -27.487  28.386 0.0000000000
38569  40.446  -26.818  28.512 0.0000000000
38568  40.980  -26.470  29.446 0.0000000000
37677  41.142  -26.912  31.940 0.0000000000
37668  41.391  -27.020  32.796 0.0000000000
36778  39.847  -27.335  32.621 0.0000000000
36765  40.561  -27.359  33.310 0.0000000000
37657  41.593  -27.219  33.644 0.0000000000
36741  41.211  -27.772  34.953 0.0000000000
131448  41.534  -27.864  35.689 0.0000000000
36720  41.147  -28.135  37.105 0.0000000000
33683  31.389  -30.628  35.550 0.0000000000
32943  31.481  -31.146  34.291 0.0000000000
32255  31.821  -31.750  34.389 0.0000000000
33687  33.235  -30.538  34.971 0.0000000000
34428  34.925  -30.922  34.735 0.0000000000
133252  36.760  -30.723  34.897 0.0000000000
31608  33.059  -34.680  34.547 0.0000000000
33675  36.357  -31.539  35.093 0.0000000000
33681  36.590  -31.020  35.275 0.0000000000
35861  37.719  -30.104  35.154 0.0000000000
35860  38.336  -29.345  35.370 0.0000000000
36723  38.841  -28.961  35.938 0.0000000000
36733  39.224  -28.538  36.021 0.0000000000
35137  39.242  -29.755  37.604 0.0000000000
35852  39.287  -28.879  36.682 0.0000000000
36722  39.678  -28.466  36.597 0.0000000000
36721  40.314  -28.302  36.832 0.0000000000
36711  40.550  -28.349  37.585 0.0000000000
36710  41.321  -28.183  37.876 0.0000000000
30860  33.033  -34.309  48.148 0.0000000000
30861  32.423  -34.140  48.712 0.0000000000
30852  31.360  -33.674  49.918 0.0000000000
31508  32.263  -32.917  49.175 0.0000000000
31482  31.430  -33.099  50.125 0.0000000000
31483  30.991  -33.327  50.519 0.0000000000
31469  30.619  -32.974  51.077 0.0000000000
32126  30.114  -32.737  51.676 0.0000000000
32127  29.629  -33.022  52.010 0.0000000000
35724  31.928  -30.093  49.568 0.0000000000
35010  31.275  -30.342  50.040 0.0000000000
34997  30.683  -30.802  50.891 0.0000000000
35012  29.930  -30.786  50.749 0.0000000000
34998  30.288  -30.763  50.817 0.0000000000
34278  30.569  -30.866  51.137 0.0000000000
33536  30.075  -31.479  51.692 0.0000000000
32796  29.274  -32.171  52.422 0.0000000000
32118  28.702  -33.038  52.531 0.0000000000
32784  28.015  -32.596  52.765 0.0000000000
120919  27.139  -33.263  53.111 0.0000000000
32112  26.097  -33.789  53.135 0.0000000000
117666  26.438  -32.772  52.243 0.0000000000
32799  25.802  -33.576  52.657 0.0000000000
134170  25.342  -34.377  52.913 0.0000000000
31462  24.937  -34.906  52.915 0.0000000000
30310  24.244  -36.162  52.792 0.0000000000
122925  23.759  -37.729  51.958 0.0000000000
34357  30.366  -32.013  46.100 0.0000000000
34349  29.654  -31.991  46.823 0.0000000000
33601  27.609  -32.878  46.768 0.0000000000
33589  28.146  -32.390  47.762 0.0000000000
33591  26.947  -33.054  48.590 0.0000000000
33580  26.525  -33.338  49.143 0.0000000000
117631  23.516  -34.447  45.255 0.0000000000
119001  24.690  -34.774  46.801 0.0000000000
32174  21.812  -35.122  45.934 0.0000000000
32862  23.004  -35.029  45.927 0.0000000000
32860  25.738  -34.143  48.156 0.0000000000
32850  26.132  -33.801  49.500 0.0000000000
32838  25.622  -34.217  50.460 0.0000000000
32141  25.151  -35.015  50.176 0.0000000000
31495  25.025  -35.200  50.981 0.0000000000
126093  23.300  -36.894  49.559 0.0000000000
31496  24.271  -36.456  50.560 0.0000000000
30319  23.588  -37.234  51.236 0.0000000000
30311  23.639  -37.526  51.463 0.0000000000
29268  22.914  -38.403  51.832 0.0000000000
28743  22.139  -38.693  50.880 0.0000000000
28750  21.454  -38.299  48.954 0.0000000000
28757  20.439  -38.357  47.437 0.0000000000
29291  19.751  -36.461  47.715 0.0000000000
28764  18.778  -37.408  46.819 0.0000000000
28136  18.151  -39.003  46.972 0.0000000000
28137  16.243  -38.719  47.867 0.0000000000
28758  15.399  -38.030  49.369 0.0000000000
28744  14.674  -37.976  52.012 0.0000000000
30834  17.277  -33.367  52.735 0.0000000000
30313  16.901  -34.068  52.922 0.0000000000
29786  16.352  -34.586  53.755 0.0000000000
136424  17.297  -33.111  56.089 0.0000000000
29778  16.321  -34.542  54.652 0.0000000000
29796  15.977  -35.242  53.358 0.0000000000
29270  15.560  -36.003  52.908 0.0000000000
29262  15.402  -36.111  53.897 0.0000000000
29263  14.915  -36.917  54.102 0.0000000000
29245  15.136  -36.188  54.953 0.0000000000
30799  15.113  -34.386  56.456 0.0000000000
32779  14.995  -33.526  55.752 0.0000000000
33528  16.164  -31.596  54.605 0.0000000000
33516  15.853  -32.276  54.950 0.0000000000
125675  15.416  -33.120  54.768 0.0000000000
32815  15.373  -33.314  53.625 0.0000000000
32842  15.642  -33.391  52.138 0.0000000000
32144  15.846  -33.661  51.243 0.0000000000
33593  17.035  -31.627  49.026 0.0000000000
32853  16.446  -32.847  50.111 0.0000000000
32153  16.022  -33.880  50.362 0.0000000000
32165  15.540  -35.055  49.699 0.0000000000
31533  15.528  -35.072  48.633 0.0000000000
126873  15.354  -35.033  47.533 0.0000000000
32192  15.879  -34.052  45.894 0.0000000000
31547  15.093  -34.901  46.405 0.0000000000
31548  14.104  -35.254  45.664 0.0000000000
36792  30.093  -27.591  30.627 0.0000000000
36783  30.574  -28.728  31.312 0.0000000000
36771  30.248  -27.865  33.963 0.0000000000
35875  30.823  -29.367  34.319 0.0000000000
124367  31.874  -27.444  39.223 0.0000000000
35841  33.393  -27.646  40.883 0.0000000000
131442  32.085  -28.069  39.777 0.0000000000
34414  32.011  -29.539  39.913 0.0000000000
34407  34.911  -29.755  42.077 0.0000000000
33653  35.005  -30.525  42.251 0.0000000000
33636  36.043  -30.776  43.678 0.0000000000
33631  36.563  -30.803  44.683 0.0000000000
35802  36.246  -27.998  44.272 0.0000000000
136218  36.425  -28.349  44.280 0.0000000000
35801  36.546  -28.846  44.551 0.0000000000
35780  36.171  -28.554  45.754 0.0000000000
35779  36.454  -28.938  45.498 0.0000000000
139177  36.601  -29.255  44.902 0.0000000000
35076  36.628  -29.789  45.006 0.0000000000
34376  36.594  -30.209  44.847 0.0000000000
33630  36.691  -30.856  44.987 0.0000000000
33610  36.559  -31.134  45.486 0.0000000000
32874  36.214  -31.667  46.018 0.0000000000
32171  35.689  -32.868  46.300 0.0000000000
127055  34.986  -31.782  47.021 0.0000000000
32172  34.983  -32.603  46.875 0.0000000000
31531  34.632  -33.403  47.032 0.0000000000
28102  22.931  -39.067  53.029 0.0000000000
27388  23.047  -39.858  52.965 0.0000000000
30817  11.768  -36.704  54.387 0.0000000000
28096  11.750  -38.483  54.386 0.0000000000
26666  12.249  -40.131  53.810 0.0000000000
25097  12.922  -40.988  52.419 0.0000000000
25850  12.212  -41.024  53.047 0.0000000000
25840  12.799  -41.585  53.634 0.0000000000
24375  12.986  -42.735  52.882 0.0000000000
23124  13.903  -44.598  52.010 0.0000000000
48723  62.308  -14.956  12.503 0.0000000000
132952  63.856  -14.748  12.389 0.0000000000
48707  62.782  -15.166  14.855 0.0000000000
138103  62.811  -15.115  14.374 0.0000000000
48705  63.482  -14.948  14.098 0.0000000000
48714  63.468  -14.974  13.706 0.0000000000
48713  63.842  -14.964  13.321 0.0000000000
47879  64.292  -14.972  12.803 0.0000000000
48677  52.254  -13.931  19.790 0.0000000000
47810  58.678  -15.384  20.683 0.0000000000
50945  54.187  -12.500  25.110 0.0000000000
50168  55.411  -12.727  25.004 0.0000000000
49407  57.725  -13.521  25.831 0.0000000000
48627  57.863  -13.860  25.115 0.0000000000
137145  58.779  -14.230  25.076 0.0000000000
48639  57.593  -14.269  24.026 0.0000000000
116757  58.545  -14.922  22.942 0.0000000000
48643  60.192  -14.954  22.389 0.0000000000
117178  59.945  -15.066  21.873 0.0000000000
48651  60.954  -15.194  20.766 0.0000000000
47809  61.050  -15.005  19.979 0.0000000000
47808  61.782  -15.456  19.844 0.0000000000
128793  50.438  -15.155  31.155 0.0000000000
129661  50.446  -15.608  33.846 0.0000000000
134842  50.837  -14.749  33.043 0.0000000000
129647  51.127  -13.956  32.138 0.0000000000
113100  51.588  -13.723  31.845 0.0000000000
129440  51.958  -13.437  32.469 0.0000000000
135814  52.820  -12.981  32.695 0.0000000000
134182  52.446  -13.303  33.004 0.0000000000
111336  52.798  -13.194  32.924 0.0000000000
111314  53.199  -12.975  32.976 0.0000000000
39408  43.157  -24.789  27.767 0.0000000000
39413  43.656  -24.328  26.678 0.0000000000
40210  45.090  -24.254  29.676 0.0000000000
40225  45.517  -23.433  27.349 0.0000000000
41038  49.406  -20.267  31.154 0.0000000000
40194  49.428  -22.874  32.145 0.0000000000
41028  49.916  -21.712  33.049 0.0000000000
41747  49.387  -20.003  33.074 0.0000000000
41718  48.357  -20.116  34.805 0.0000000000
41711  48.283  -20.953  35.380 0.0000000000
37624  43.833  -27.338  37.352 0.0000000000
37636  43.911  -27.096  36.686 0.0000000000
37635  44.364  -26.549  36.265 0.0000000000
38474  45.144  -26.347  37.745 0.0000000000
38497  44.677  -25.867  35.838 0.0000000000
39349  45.172  -25.303  36.153 0.0000000000
139563  45.408  -24.886  35.546 0.0000000000
40164  45.883  -24.520  35.110 0.0000000000
39317  46.323  -25.473  38.151 0.0000000000
39326  47.094  -24.855  37.659 0.0000000000
40136  45.764  -24.809  37.194 0.0000000000
40146  46.206  -24.501  36.918 0.0000000000
116912  45.965  -24.532  36.445 0.0000000000
40163  46.570  -24.180  35.442 0.0000000000
40162  47.202  -23.898  35.176 0.0000000000
40161  48.003  -23.071  34.953 0.0000000000
40992  46.902  -23.703  36.025 0.0000000000
40143  47.415  -23.058  35.797 0.0000000000
41001  47.776  -22.210  35.642 0.0000000000
41704  48.105  -21.023  36.029 0.0000000000
41695  47.990  -20.099  36.226 0.0000000000
42567  48.493  -19.151  35.995 0.0000000000
43451  49.055  -18.598  36.187 0.0000000000
42566  49.147  -18.950  36.229 0.0000000000
128545  49.500  -18.267  36.177 0.0000000000
44282  50.562  -17.891  36.014 0.0000000000
45152  50.758  -17.374  35.860 0.0000000000
42581  50.287  -18.885  35.150 0.0000000000
41708  50.403  -19.535  34.574 0.0000000000
44281  50.695  -17.789  35.796 0.0000000000
45157  51.145  -17.092  35.471 0.0000000000
46051  51.015  -16.482  34.981 0.0000000000
134829  51.081  -16.192  34.667 0.0000000000
46056  51.358  -15.263  33.985 0.0000000000
45159  50.993  -16.050  34.287 0.0000000000
46911  52.034  -14.650  33.434 0.0000000000
119840  62.505  -5.607  15.371 0.0000000000
53366  62.657  -6.157  13.960 0.0000000000
52626  62.315  -5.656  12.980 0.0000000000
52632  61.359  -5.213  10.876 0.0000000000
52635  60.855  -5.496  8.496 0.0000000000
23123  13.788  -45.022  52.172 0.0000000000
23125  13.939  -44.897  51.730 0.0000000000
23133  13.916  -45.356  50.834 0.0000000000
23734  13.848  -43.275  53.009 0.0000000000
23735  13.614  -43.624  52.537 0.0000000000
23738  14.240  -44.207  52.309 0.0000000000
23739  14.036  -44.120  52.382 0.0000000000
23740  13.555  -44.052  52.151 0.0000000000
23741  13.658  -43.800  51.909 0.0000000000
24367  14.001  -42.935  52.984 0.0000000000
24368  13.686  -43.026  53.147 0.0000000000
24369  13.223  -43.050  53.032 0.0000000000
24370  12.889  -42.668  53.128 0.0000000000
24371  14.897  -43.676  51.352 0.0000000000
24373  14.171  -43.573  52.550 0.0000000000
24374  13.020  -43.064  52.801 0.0000000000
24390  13.579  -43.244  51.808 0.0000000000
24393  13.903  -43.010  51.000 0.0000000000
25068  13.137  -41.937  53.784 0.0000000000
25070  14.127  -42.781  52.795 0.0000000000
25071  13.353  -42.571  53.442 0.0000000000
25072  13.072  -42.529  53.359 0.0000000000
25073  12.946  -42.062  53.577 0.0000000000
25074  12.770  -42.063  53.251 0.0000000000
25080  14.474  -42.944  52.049 0.0000000000
25081  12.705  -41.852  52.908 0.0000000000
25082  12.437  -41.102  52.950 0.0000000000
25088  20.057  -42.699  50.034 0.0000000000
25092  12.898  -42.104  52.633 0.0000000000
25095  17.686  -43.663  49.388 0.0000000000
25832  13.992  -41.190  53.389 0.0000000000
25833  13.296  -41.274  53.894 0.0000000000
25834  13.028  -41.103  54.037 0.0000000000
25835  12.995  -40.913  54.200 0.0000000000
25836  12.834  -40.966  54.016 0.0000000000
25837  14.146  -42.107  52.907 0.0000000000
25839  14.190  -41.879  53.053 0.0000000000
25841  12.348  -40.794  53.398 0.0000000000
25842  12.125  -40.510  53.090 0.0000000000
25849  14.283  -41.864  52.401 0.0000000000
25851  12.183  -40.526  52.902 0.0000000000
25856  15.638  -43.341  50.159 0.0000000000
25858  12.314  -40.267  52.806 0.0000000000
25859  11.966  -39.079  51.813 0.0000000000
25864  13.142  -40.719  51.854 0.0000000000
25868  13.192  -40.256  50.778 0.0000000000
26655  13.717  -40.181  53.733 0.0000000000
26656  13.604  -40.600  53.729 0.0000000000
26658  13.066  -40.475  54.148 0.0000000000
26659  12.734  -40.242  54.144 0.0000000000
26660  12.493  -40.204  54.022 0.0000000000
26663  21.995  -40.115  52.718 0.0000000000
26675  14.265  -41.332  52.248 0.0000000000
26676  11.958  -39.884  52.998 0.0000000000
26681  20.713  -41.682  50.746 0.0000000000
26683  14.638  -41.644  51.119 0.0000000000
26684  11.997  -39.578  52.742 0.0000000000
26685  11.537  -38.834  51.901 0.0000000000
26688  18.520  -42.716  49.022 0.0000000000
26689  16.608  -42.767  49.059 0.0000000000
26691  10.505  -38.874  50.172 0.0000000000
26706  12.089  -38.791  48.651 0.0000000000
26707  11.162  -38.499  49.449 0.0000000000
26714  11.888  -38.453  46.847 0.0000000000
27375  13.289  -38.986  54.532 0.0000000000
27377  12.858  -38.930  54.702 0.0000000000
27378  12.404  -38.862  54.592 0.0000000000
27379  13.863  -39.763  53.724 0.0000000000
27380  14.013  -39.217  53.857 0.0000000000
27382  13.115  -39.724  54.302 0.0000000000
27385  11.888  -39.089  54.185 0.0000000000
27386  11.721  -39.003  54.022 0.0000000000
27389  22.976  -40.069  52.992 0.0000000000
27390  22.771  -39.770  53.040 0.0000000000
27392  21.986  -39.709  52.422 0.0000000000
27393  11.921  -39.586  53.823 0.0000000000
27394  11.670  -39.161  53.577 0.0000000000
27395  11.305  -38.767  53.077 0.0000000000
27399  21.636  -40.453  52.029 0.0000000000
27401  21.640  -39.947  51.264 0.0000000000
27404  11.189  -38.580  52.805 0.0000000000
27408  21.032  -40.890  50.467 0.0000000000
27409  14.249  -40.647  52.102 0.0000000000
27411  10.644  -38.277  51.243 0.0000000000
27415  10.003  -38.873  50.098 0.0000000000
28089  13.633  -38.375  54.703 0.0000000000
28091  12.362  -38.198  54.929 0.0000000000
28093  13.996  -38.769  54.087 0.0000000000
28095  13.860  -38.898  54.205 0.0000000000
28097  11.340  -38.520  53.945 0.0000000000
28101  23.271  -39.099  53.067 0.0000000000
28103  22.420  -38.984  53.087 0.0000000000
28104  22.105  -38.874  52.544 0.0000000000
28105  14.080  -38.840  53.827 0.0000000000
28106  11.340  -38.598  53.710 0.0000000000
28112  14.111  -39.672  52.883 0.0000000000
28113  10.678  -38.250  52.864 0.0000000000
28115  21.849  -39.493  51.230 0.0000000000
28118  10.733  -38.105  52.270 0.0000000000
28119  10.248  -37.807  51.604 0.0000000000
28705  13.740  -37.073  55.402 0.0000000000
28706  13.220  -37.036  55.552 0.0000000000
28709  14.054  -37.944  54.821 0.0000000000
28710  13.793  -37.928  54.869 0.0000000000
28712  13.086  -38.205  55.047 0.0000000000
28713  12.504  -37.600  55.205 0.0000000000
28714  11.985  -38.203  55.148 0.0000000000
28715  11.884  -37.950  54.933 0.0000000000
28716  24.148  -37.429  53.432 0.0000000000
28717  23.609  -38.109  53.469 0.0000000000
28718  23.364  -37.933  53.364 0.0000000000
28719  22.995  -38.068  53.200 0.0000000000
28720  22.918  -38.311  53.029 0.0000000000
28721  14.276  -37.811  54.460 0.0000000000
28722  14.084  -37.859  54.723 0.0000000000
28723  11.415  -38.111  54.376 0.0000000000
28724  10.905  -38.216  54.023 0.0000000000
28728  22.995  -38.489  53.136 0.0000000000
28729  22.715  -38.637  52.968 0.0000000000
28730  22.504  -38.717  52.778 0.0000000000
28732  14.506  -37.717  53.901 0.0000000000
28733  10.580  -37.886  53.577 0.0000000000
28734  10.122  -37.782  52.990 0.0000000000
28737  22.415  -38.624  51.971 0.0000000000
28740  10.343  -38.007  53.024 0.0000000000
28741  10.005  -37.760  52.771 0.0000000000
28746  9.751  -37.429  51.400 0.0000000000
28752  9.257  -37.085  51.271 0.0000000000
28765  17.294  -37.663  47.172 0.0000000000
28771  17.958  -36.928  47.141 0.0000000000
29241  14.326  -36.389  55.704 0.0000000000
29243  12.717  -37.087  55.408 0.0000000000
29246  14.754  -36.627  55.310 0.0000000000
29247  14.101  -37.045  55.264 0.0000000000
29248  12.103  -37.390  55.153 0.0000000000
29249  11.746  -37.227  54.992 0.0000000000
29250  11.633  -37.334  54.785 0.0000000000
29252  23.830  -37.924  53.576 0.0000000000
29255  14.812  -36.789  54.601 0.0000000000
29256  11.279  -37.663  54.393 0.0000000000
29257  10.820  -37.535  53.915 0.0000000000
29260  23.254  -37.975  52.924 0.0000000000
29269  22.390  -38.578  51.516 0.0000000000
29271  15.007  -36.891  53.435 0.0000000000
29272  9.636  -37.375  52.589 0.0000000000
29276  22.025  -38.027  50.857 0.0000000000
29278  15.078  -36.901  52.397 0.0000000000
29284  19.827  -36.120  49.343 0.0000000000
29287  8.777  -36.678  51.179 0.0000000000
29288  8.531  -36.520  50.672 0.0000000000
29292  16.846  -36.283  48.628 0.0000000000
29298  18.549  -36.510  47.228 0.0000000000
29299  17.326  -36.725  47.643 0.0000000000
29303  17.958  -36.518  47.412 0.0000000000
29763  15.206  -35.336  55.961 0.0000000000
29764  15.143  -35.976  55.753 0.0000000000
29765  14.421  -36.030  56.162 0.0000000000
29766  13.392  -36.825  55.775 0.0000000000
29767  13.114  -36.836  55.540 0.0000000000
29769  15.332  -35.532  55.345 0.0000000000
29770  15.113  -36.049  55.598 0.0000000000
29771  11.956  -36.735  54.995 0.0000000000
29772  11.561  -36.852  54.785 0.0000000000
29773  25.650  -36.005  53.504 0.0000000000
29774  25.305  -36.501  53.602 0.0000000000
29775  25.049  -36.959  53.689 0.0000000000
29776  24.251  -36.830  53.299 0.0000000000
29777  23.853  -37.071  52.993 0.0000000000
29779  16.019  -35.041  54.834 0.0000000000
29780  10.902  -36.897  54.039 0.0000000000
29781  10.694  -37.129  53.814 0.0000000000
29784  26.092  -36.103  53.284 0.0000000000
29785  23.323  -38.135  52.438 0.0000000000
29787  15.815  -35.382  54.370 0.0000000000
29788  10.032  -37.071  53.118 0.0000000000
29794  22.869  -38.124  51.355 0.0000000000
29795  16.754  -34.545  52.521 0.0000000000
29797  8.804  -36.520  52.073 0.0000000000
29802  21.651  -37.462  50.429 0.0000000000
29805  8.433  -36.300  51.619 0.0000000000
29809  20.024  -36.170  50.636 0.0000000000
29817  17.963  -35.784  49.080 0.0000000000
29818  8.161  -36.302  50.403 0.0000000000
29824  7.985  -35.884  48.939 0.0000000000
30278  16.392  -34.007  56.015 0.0000000000
30279  15.912  -34.613  55.851 0.0000000000
30280  15.132  -35.003  56.125 0.0000000000
30282  14.290  -35.170  56.071 0.0000000000
30283  13.824  -35.480  55.905 0.0000000000
30284  12.991  -36.567  55.421 0.0000000000
30285  16.790  -33.786  55.269 0.0000000000
30286  16.339  -34.306  55.698 0.0000000000
30287  15.786  -34.832  55.795 0.0000000000
30288  12.966  -35.953  55.163 0.0000000000
30289  12.595  -36.422  55.087 0.0000000000
30290  11.972  -36.760  54.774 0.0000000000
30291  25.746  -35.279  53.470 0.0000000000
30293  24.818  -36.193  53.895 0.0000000000
30294  24.464  -36.319  53.461 0.0000000000
30295  23.857  -36.462  52.935 0.0000000000
30296  17.071  -33.298  54.570 0.0000000000
30297  16.789  -33.819  54.953 0.0000000000
30299  11.328  -36.899  54.333 0.0000000000
30300  10.862  -36.943  53.947 0.0000000000
30304  24.185  -36.267  52.998 0.0000000000
30307  10.090  -36.805  53.117 0.0000000000
30312  16.986  -33.520  53.445 0.0000000000
30314  9.478  -36.490  52.571 0.0000000000
30315  8.942  -36.295  52.163 0.0000000000
30321  17.497  -34.029  52.025 0.0000000000
30323  8.456  -36.089  51.728 0.0000000000
30327  22.192  -37.270  50.229 0.0000000000
30330  18.917  -35.071  50.522 0.0000000000
30331  7.774  -36.117  50.608 0.0000000000
30336  7.513  -36.200  49.983 0.0000000000
30337  7.230  -35.283  49.724 0.0000000000
30341  7.518  -35.683  49.756 0.0000000000
30342  7.267  -35.286  49.184 0.0000000000
30794  15.221  -33.988  56.639 0.0000000000
30795  14.936  -34.462  56.405 0.0000000000
30796  17.122  -33.136  56.224 0.0000000000
30797  16.201  -33.739  56.394 0.0000000000
30798  15.658  -34.061  56.407 0.0000000000
30800  14.849  -35.065  56.331 0.0000000000
30801  14.488  -34.972  56.171 0.0000000000
30802  13.924  -35.257  55.817 0.0000000000
30803  17.540  -32.914  55.855 0.0000000000
30805  13.097  -35.805  55.146 0.0000000000
30806  12.846  -36.047  55.044 0.0000000000
30808  26.405  -34.631  53.263 0.0000000000
30809  25.748  -35.163  53.462 0.0000000000
30810  25.188  -35.415  53.577 0.0000000000
30811  24.677  -36.035  53.708 0.0000000000
30816  12.378  -36.357  54.799 0.0000000000
30818  11.002  -36.860  54.007 0.0000000000
30820  27.027  -34.656  53.043 0.0000000000
30821  26.364  -34.940  53.305 0.0000000000
30823  24.621  -35.675  53.362 0.0000000000
30824  17.919  -32.329  54.763 0.0000000000
30827  10.673  -36.480  53.259 0.0000000000
30828  9.990  -36.425  52.951 0.0000000000
30830  28.382  -33.953  52.522 0.0000000000
30832  24.537  -35.449  52.897 0.0000000000
30835  10.072  -36.229  52.707 0.0000000000
30836  9.120  -36.091  52.333 0.0000000000
30839  24.368  -36.374  52.243 0.0000000000
30842  13.255  -36.474  52.933 0.0000000000
30843  9.012  -35.849  51.999 0.0000000000
30844  8.592  -35.913  51.793 0.0000000000
30845  8.013  -36.124  51.405 0.0000000000
30849  12.345  -36.644  52.269 0.0000000000
30850  7.842  -35.749  50.972 0.0000000000
30855  13.742  -36.609  51.300 0.0000000000
30858  7.542  -35.437  50.425 0.0000000000
30859  7.250  -35.137  49.865 0.0000000000
30866  7.066  -35.018  49.261 0.0000000000
30870  19.034  -35.967  47.740 0.0000000000
30876  36.313  -34.045  45.935 0.0000000000
30922  31.471  -34.569  37.524 0.0000000000
31423  15.835  -33.422  56.816 0.0000000000
31424  15.234  -33.857  56.507 0.0000000000
31425  14.930  -34.112  56.245 0.0000000000
31429  17.156  -32.700  56.589 0.0000000000
31430  16.607  -33.080  56.671 0.0000000000
31431  14.831  -33.730  56.142 0.0000000000
31432  14.554  -34.704  56.104 0.0000000000
31433  13.988  -34.814  55.781 0.0000000000
31435  14.025  -34.796  55.143 0.0000000000
31437  12.813  -36.033  54.951 0.0000000000
31438  26.115  -34.351  53.291 0.0000000000
31443  13.982  -35.144  54.929 0.0000000000
31444  13.106  -35.841  54.905 0.0000000000
31445  12.595  -36.202  54.658 0.0000000000
31446  12.068  -36.495  54.216 0.0000000000
31447  27.941  -33.374  52.766 0.0000000000
31448  27.277  -33.644  52.972 0.0000000000
31450  25.774  -34.258  53.276 0.0000000000
31451  25.370  -34.674  53.251 0.0000000000
31452  24.852  -35.134  53.150 0.0000000000
31456  13.110  -35.958  54.579 0.0000000000
31457  12.257  -36.420  53.857 0.0000000000
31458  11.330  -36.577  53.600 0.0000000000
31459  10.758  -36.331  52.944 0.0000000000
31461  28.516  -33.437  52.552 0.0000000000
31465  12.768  -36.278  53.923 0.0000000000
31467  10.166  -36.171  52.572 0.0000000000
31468  9.377  -35.875  52.115 0.0000000000
31470  29.655  -33.290  51.894 0.0000000000
31473  14.279  -35.529  53.056 0.0000000000
31474  13.574  -36.101  53.546 0.0000000000
31475  12.302  -36.547  52.951 0.0000000000
31476  12.116  -36.469  52.949 0.0000000000
31480  8.108  -35.573  51.172 0.0000000000
31481  7.752  -35.027  50.731 0.0000000000
31484  30.510  -33.566  50.902 0.0000000000
31486  18.188  -33.819  50.435 0.0000000000
31488  11.399  -36.357  51.589 0.0000000000
31490  10.253  -36.000  51.957 0.0000000000
31491  9.373  -35.525  51.421 0.0000000000
31492  8.222  -35.146  50.937 0.0000000000
31493  7.945  -35.088  50.887 0.0000000000
31494  31.818  -33.298  49.600 0.0000000000
31498  14.593  -35.642  52.063 0.0000000000
31499  11.365  -36.136  50.755 0.0000000000
31501  10.167  -35.807  51.347 0.0000000000
31502  8.789  -35.091  50.618 0.0000000000
31503  8.180  -34.973  50.561 0.0000000000
31504  7.810  -34.986  50.484 0.0000000000
31505  7.161  -34.995  50.202 0.0000000000
31511  14.756  -35.806  51.051 0.0000000000
31515  9.312  -35.121  50.060 0.0000000000
31517  34.029  -33.379  47.491 0.0000000000
31521  19.199  -34.873  47.442 0.0000000000
31523  12.808  -36.184  48.775 0.0000000000
31524  11.550  -35.818  48.959 0.0000000000
31530  35.311  -33.455  46.516 0.0000000000
31532  19.780  -34.882  46.607 0.0000000000
31536  10.638  -35.268  48.291 0.0000000000
31546  36.981  -33.664  45.442 0.0000000000
31555  14.949  -34.636  45.194 0.0000000000
31568  36.128  -33.579  43.723 0.0000000000
32091  16.661  -32.447  56.863 0.0000000000
32092  16.221  -32.585  56.773 0.0000000000
32093  15.630  -33.124  56.598 0.0000000000
32094  15.009  -33.288  55.898 0.0000000000
32099  14.986  -33.536  55.918 0.0000000000
32103  26.167  -33.936  53.256 0.0000000000
32106  15.062  -33.578  55.357 0.0000000000
32107  14.615  -34.286  55.455 0.0000000000
32108  28.242  -32.723  52.723 0.0000000000
32109  27.615  -33.069  52.887 0.0000000000
32110  27.027  -33.388  53.009 0.0000000000
32111  26.466  -33.708  53.105 0.0000000000
32113  25.720  -33.921  53.016 0.0000000000
32115  14.944  -33.933  54.850 0.0000000000
32116  14.291  -34.909  54.705 0.0000000000
32117  29.120  -33.036  52.343 0.0000000000
32119  26.105  -33.439  52.875 0.0000000000
32120  25.612  -33.875  52.813 0.0000000000
32121  25.038  -34.803  52.762 0.0000000000
32124  15.047  -33.849  54.239 0.0000000000
32132  14.910  -34.279  53.490 0.0000000000
32133  14.370  -35.014  53.873 0.0000000000
32134  31.520  -32.117  50.396 0.0000000000
32137  25.306  -34.416  51.852 0.0000000000
32138  32.322  -32.179  49.351 0.0000000000
32148  7.592  -34.804  49.779 0.0000000000
32155  8.729  -34.815  49.350 0.0000000000
32156  8.184  -34.658  49.255 0.0000000000
32157  7.735  -34.348  48.840 0.0000000000
32158  7.439  -34.552  48.957 0.0000000000
32164  16.166  -33.923  49.411 0.0000000000
32168  8.257  -34.550  48.722 0.0000000000
32169  8.028  -34.221  48.081 0.0000000000
32176  16.249  -33.835  48.282 0.0000000000
32178  9.859  -34.794  47.622 0.0000000000
32185  10.985  -34.971  46.667 0.0000000000
32191  36.741  -33.004  45.563 0.0000000000
32197  37.043  -32.808  45.059 0.0000000000
32770  15.923  -31.897  56.170 0.0000000000
32771  15.373  -32.796  56.072 0.0000000000
32778  15.409  -32.882  55.683 0.0000000000
32783  28.482  -32.230  52.654 0.0000000000
32785  27.239  -33.048  53.123 0.0000000000
32786  27.107  -33.041  53.030 0.0000000000
32787  26.596  -33.274  52.969 0.0000000000
32790  15.429  -32.993  55.266 0.0000000000
32797  28.779  -32.389  52.618 0.0000000000
32807  30.909  -31.818  51.153 0.0000000000
32808  30.257  -31.685  51.689 0.0000000000
32809  30.001  -32.228  52.084 0.0000000000
32810  26.878  -32.490  52.408 0.0000000000
32811  25.951  -33.272  52.328 0.0000000000
32827  15.921  -32.337  52.582 0.0000000000
32828  15.499  -33.210  52.957 0.0000000000
32835  32.388  -31.562  49.511 0.0000000000
32836  32.056  -31.544  49.949 0.0000000000
32849  32.849  -31.755  48.939 0.0000000000
32858  33.953  -31.574  47.922 0.0000000000
32865  16.688  -32.760  49.209 0.0000000000
32867  35.322  -31.206  46.860 0.0000000000
32875  35.867  -31.430  46.351 0.0000000000
32881  16.587  -33.239  46.630 0.0000000000
32888  37.038  -32.162  45.058 0.0000000000
32892  36.894  -32.085  44.928 0.0000000000
32893  36.763  -31.500  44.882 0.0000000000
33486  16.242  -31.239  56.160 0.0000000000
33495  15.819  -32.119  55.831 0.0000000000
33503  16.179  -31.497  55.682 0.0000000000
33504  15.835  -32.216  55.523 0.0000000000
33511  27.803  -32.580  52.948 0.0000000000
33515  16.181  -31.638  55.050 0.0000000000
33521  29.331  -31.710  52.210 0.0000000000
33522  28.780  -31.842  52.500 0.0000000000
33524  27.876  -31.919  52.528 0.0000000000
33525  27.370  -31.810  52.096 0.0000000000
33529  15.734  -32.579  54.252 0.0000000000
33542  16.156  -31.580  53.861 0.0000000000
33547  31.363  -31.198  50.750 0.0000000000
33548  27.256  -31.921  51.780 0.0000000000
33556  31.925  -31.076  50.220 0.0000000000
33558  26.786  -32.527  50.963 0.0000000000
33562  16.503  -31.181  51.428 0.0000000000
33567  33.065  -30.696  48.986 0.0000000000
33584  16.805  -31.770  49.921 0.0000000000
33598  36.216  -31.008  46.019 0.0000000000
33609  36.768  -31.611  45.202 0.0000000000
33620  36.650  -30.819  45.229 0.0000000000
33635  36.302  -30.793  44.172 0.0000000000
33652  35.442  -29.912  42.606 0.0000000000
33688  31.897  -30.504  35.078 0.0000000000
34256  16.581  -30.851  55.828 0.0000000000
34268  29.523  -31.348  51.906 0.0000000000
34269  29.074  -31.430  52.187 0.0000000000
34270  28.504  -31.587  52.412 0.0000000000
34279  29.867  -31.167  51.599 0.0000000000
34280  29.218  -30.955  51.767 0.0000000000
34285  16.469  -30.806  54.224 0.0000000000
34291  31.324  -30.870  50.636 0.0000000000
34292  31.004  -31.010  51.112 0.0000000000
34304  32.054  -30.515  49.976 0.0000000000
34306  28.126  -31.357  51.001 0.0000000000
34314  34.068  -30.166  48.075 0.0000000000
34322  16.773  -30.393  51.287 0.0000000000
34334  35.655  -29.903  46.818 0.0000000000
34364  36.668  -30.451  45.091 0.0000000000
34989  30.230  -30.988  51.228 0.0000000000
34990  29.750  -30.811  51.269 0.0000000000
34996  31.259  -30.617  50.405 0.0000000000
34999  29.602  -30.992  51.207 0.0000000000
35001  28.706  -31.124  51.347 0.0000000000
35008  32.663  -30.005  49.545 0.0000000000
35009  31.780  -30.344  50.062 0.0000000000
35013  29.361  -30.948  50.929 0.0000000000
35022  33.018  -29.948  49.222 0.0000000000
35026  29.721  -30.746  49.765 0.0000000000
35034  35.001  -29.561  47.416 0.0000000000
35045  35.631  -29.422  46.887 0.0000000000
35065  36.468  -29.589  45.607 0.0000000000
35088  36.568  -29.520  44.668 0.0000000000
35108  36.446  -29.193  43.831 0.0000000000
35731  33.164  -29.743  48.632 0.0000000000
35732  32.781  -29.912  49.218 0.0000000000
35743  33.834  -29.448  48.234 0.0000000000
35752  35.081  -28.746  46.681 0.0000000000
35765  36.136  -28.853  46.185 0.0000000000
35767  33.292  -29.127  47.091 0.0000000000
35790  36.535  -28.832  45.025 0.0000000000
35822  36.234  -28.474  43.589 0.0000000000
35846  39.667  -28.919  37.550 0.0000000000
35854  37.762  -30.401  35.539 0.0000000000
36582  34.053  -28.769  47.250 0.0000000000
36609  35.383  -28.277  46.018 0.0000000000
36639  36.102  -27.909  44.797 0.0000000000
36650  36.088  -27.886  44.013 0.0000000000
36661  35.890  -27.799  43.172 0.0000000000
36693  40.966  -28.519  38.903 0.0000000000
36709  42.106  -28.027  38.153 0.0000000000
36744  38.546  -28.597  34.645 0.0000000000
36766  39.572  -27.564  33.342 0.0000000000
37623  44.550  -26.706  36.992 0.0000000000
37656  42.477  -26.991  34.010 0.0000000000
37679  39.095  -27.338  31.103 0.0000000000
37702  38.608  -27.549  29.143 0.0000000000
37703  37.815  -27.824  29.115 0.0000000000
37713  40.219  -26.969  29.256 0.0000000000
37716  36.995  -27.763  27.440 0.0000000000
38463  45.078  -26.686  38.364 0.0000000000
38513  43.822  -26.061  34.229 0.0000000000
38545  42.579  -26.063  31.747 0.0000000000
38587  38.449  -27.209  26.049 0.0000000000
39327  46.233  -25.083  37.736 0.0000000000
39328  45.980  -25.253  37.824 0.0000000000
39375  44.438  -24.899  32.398 0.0000000000
39394  42.592  -25.432  29.515 0.0000000000
39409  42.224  -25.419  27.906 0.0000000000
39419  39.791  -26.221  23.861 0.0000000000
40126  47.209  -24.029  37.215 0.0000000000
40153  47.698  -23.105  35.264 0.0000000000
40154  47.352  -23.353  35.735 0.0000000000
40156  46.051  -24.483  35.899 0.0000000000
40186  48.305  -23.684  33.164 0.0000000000
40187  47.052  -24.104  33.129 0.0000000000
40188  46.031  -24.349  33.180 0.0000000000
40197  45.167  -24.526  32.069 0.0000000000
40217  44.998  -24.075  28.648 0.0000000000
41000  48.150  -21.000  35.042 0.0000000000
41002  47.375  -22.977  35.902 0.0000000000
41010  48.154  -22.050  34.972 0.0000000000
41011  47.906  -22.120  34.999 0.0000000000
41017  48.580  -21.219  34.558 0.0000000000
41034  49.757  -21.016  31.974 0.0000000000
41039  49.555  -21.489  30.359 0.0000000000
41717  48.451  -20.320  34.775 0.0000000000
45153  50.451  -17.404  36.024 0.0000000000
47815  62.244  -15.589  18.714 0.0000000000
48688  63.019  -15.313  15.896 0.0000000000
53363  62.991  -6.111  14.971 0.0000000000
111323  53.687  -12.586  32.062 0.0000000000
111338  54.253  -12.845  32.153 0.0000000000
113444  6.930  -34.853  49.038 0.0000000000
115186  33.742  -30.465  35.007 0.0000000000
115688  14.444  -36.133  48.873 0.0000000000
116086  47.075  -23.946  34.914 0.0000000000
117030  11.141  -36.372  52.492 0.0000000000
117418  10.187  -35.967  52.054 0.0000000000
117623  12.180  -41.608  53.042 0.0000000000
118561  13.891  -42.536  53.344 0.0000000000
118822  15.948  -32.115  56.450 0.0000000000
119034  14.352  -38.640  52.787 0.0000000000
119079  8.401  -35.450  51.383 0.0000000000
119205  11.822  -39.532  54.068 0.0000000000
120148  9.245  -35.272  50.739 0.0000000000
120475  30.154  -30.475  50.158 0.0000000000
120564  30.295  -32.099  51.672 0.0000000000
120598  25.040  -36.274  53.665 0.0000000000
120605  26.156  -33.006  52.451 0.0000000000
121261  15.001  -36.334  55.121 0.0000000000
121881  44.928  -25.363  35.478 0.0000000000
121912  8.941  -36.841  51.827 0.0000000000
122037  9.819  -35.460  50.679 0.0000000000
122635  13.876  -44.077  52.382 0.0000000000
122818  9.284  -37.073  52.293 0.0000000000
123221  30.869  -30.571  50.465 0.0000000000
123483  29.114  -32.537  52.484 0.0000000000
123908  43.135  -26.397  33.642 0.0000000000
123981  15.283  -36.223  54.465 0.0000000000
124037  23.997  -36.905  52.587 0.0000000000
124063  41.298  -26.180  28.721 0.0000000000
124463  28.214  -31.391  52.193 0.0000000000
124509  36.423  -28.337  44.709 0.0000000000
124516  35.354  -28.943  46.818 0.0000000000
124570  22.042  -39.375  52.601 0.0000000000
124659  13.220  -38.323  55.036 0.0000000000
124678  7.617  -34.773  50.393 0.0000000000
125198  36.407  -32.440  45.869 0.0000000000
125213  27.088  -34.188  53.028 0.0000000000
125320  11.035  -37.169  54.207 0.0000000000
125723  14.068  -41.522  53.063 0.0000000000
126108  10.510  -36.670  53.483 0.0000000000
126405  9.509  -37.483  48.421 0.0000000000
126858  13.184  -38.299  54.937 0.0000000000
127064  34.771  -27.380  44.381 0.0000000000
127465  13.573  -35.921  55.666 0.0000000000
127858  23.327  -37.783  53.278 0.0000000000
127876  32.242  -30.855  49.989 0.0000000000
128035  34.513  -30.110  47.989 0.0000000000
128215  12.353  -36.866  55.173 0.0000000000
128241  16.011  -32.957  57.101 0.0000000000
128364  13.992  -35.871  56.102 0.0000000000
128392  28.865  -32.072  52.560 0.0000000000
129663  50.631  -15.670  34.826 0.0000000000
132110  23.627  -37.648  52.830 0.0000000000
132431  43.274  -25.000  29.404 0.0000000000
132483  14.298  -36.986  55.196 0.0000000000
132595  11.903  -37.514  55.040 0.0000000000
133278  15.513  -32.796  56.281 0.0000000000
133464  11.801  -38.137  54.748 0.0000000000
133759  34.721  -28.295  45.953 0.0000000000
133877  19.940  -42.150  50.060 0.0000000000
134066  14.699  -37.639  52.964 0.0000000000
134414  11.486  -36.478  52.108 0.0000000000
134523  13.013  -43.003  52.687 0.0000000000
135002  16.459  -30.762  52.740 0.0000000000
135177  29.680  -32.367  52.147 0.0000000000
135188  15.197  -35.938  56.126 0.0000000000
135440  16.420  -32.115  56.811 0.0000000000
135987  21.230  -40.943  51.524 0.0000000000
136152  12.619  -39.479  54.390 0.0000000000
136304  13.111  -41.560  54.119 0.0000000000
136374  23.818  -38.881  53.074 0.0000000000
136413  15.201  -33.740  53.209 0.0000000000
136525  32.254  -29.955  49.487 0.0000000000
136779  17.089  -33.611  56.177 0.0000000000
136897  27.466  -34.358  52.892 0.0000000000
137029  33.029  -30.014  49.103 0.0000000000
137228  26.506  -32.633  51.866 0.0000000000
137384  13.691  -36.383  49.514 0.0000000000
138170  39.909  -28.015  35.266 0.0000000000
138234  28.080  -31.349  51.969 0.0000000000
138330  57.943  -13.543  26.117 0.0000000000
138497  31.066  -31.260  51.035 0.0000000000
138628  36.042  -29.071  46.388 0.0000000000
138714  8.943  -36.854  49.232 0.0000000000
138833  45.833  -24.741  36.826 0.0000000000
138871  35.907  -31.524  43.610 0.0000000000
139041  34.046  -29.279  47.813 0.0000000000
139300  32.795  -30.474  32.129 0.0000000000
