#!ascii label  , from subject sub-1009 vox2ras=TkReg
1295
36631  27.476  -25.027  45.958 0.0000000000
44235  34.875  -14.660  46.709 0.0000000000
51776  47.661  -6.510  26.493 0.0000000000
114222  42.761  -14.613  38.409 0.0000000000
41675  41.092  -20.107  43.634 0.0000000000
50229  61.342  -8.160  18.783 0.0000000000
111313  50.774  -8.338  32.204 0.0000000000
120599  45.428  -9.488  33.207 0.0000000000
36634  20.546  -25.845  44.622 0.0000000000
42541  30.205  -19.632  45.185 0.0000000000
42553  36.688  -17.134  42.208 0.0000000000
40101  27.616  -19.892  39.817 0.0000000000
123058  56.289  -5.061  21.467 0.0000000000
36562  29.997  -24.391  50.382 0.0000000000
40049  21.101  -19.075  49.663 0.0000000000
52561  52.787  -4.531  26.825 0.0000000000
34970  23.195  -27.091  55.593 0.0000000000
38367  19.334  -23.719  50.078 0.0000000000
111253  45.901  -11.875  38.861 0.0000000000
136129  40.684  -18.229  40.668 0.0000000000
121712  39.092  -22.195  35.468 0.0000000000
128320  39.348  -22.934  41.552 0.0000000000
111315  50.323  -8.795  34.673 0.0000000000
111299  48.531  -8.722  32.638 0.0000000000
114848  48.561  -9.307  34.810 0.0000000000
50893  52.036  -7.852  33.450 0.0000000000
119919  26.295  -25.947  43.512 0.0000000000
35794  24.685  -27.441  41.864 0.0000000000
37522  25.395  -24.228  44.533 0.0000000000
122938  30.617  -22.929  47.355 0.0000000000
40093  29.490  -19.697  44.047 0.0000000000
38410  27.555  -22.496  44.314 0.0000000000
37567  26.490  -22.929  40.361 0.0000000000
52582  46.949  -4.601  24.149 0.0000000000
50921  50.597  -6.364  29.271 0.0000000000
52563  50.599  -4.414  28.113 0.0000000000
53321  50.768  -2.445  26.146 0.0000000000
40007  20.092  -22.361  53.779 0.0000000000
39222  20.242  -23.873  51.980 0.0000000000
39154  22.485  -24.707  56.724 0.0000000000
37494  12.310  -23.835  50.481 0.0000000000
40035  15.900  -19.924  51.728 0.0000000000
40073  15.472  -20.740  46.146 0.0000000000
36657  15.497  -25.343  40.031 0.0000000000
33625  12.962  -27.510  42.915 0.0000000000
44267  41.427  -16.985  42.546 0.0000000000
41689  41.305  -19.803  41.755 0.0000000000
116985  40.405  -20.867  37.763 0.0000000000
40118  41.103  -21.944  40.381 0.0000000000
40106  35.971  -20.344  39.197 0.0000000000
39286  38.199  -21.515  43.076 0.0000000000
37587  38.460  -22.457  40.166 0.0000000000
115894  37.889  -22.888  36.017 0.0000000000
113961  44.264  -13.262  38.425 0.0000000000
111255  44.481  -12.293  37.669 0.0000000000
119689  43.869  -14.939  36.955 0.0000000000
53352  62.128  -6.897  18.880 0.0000000000
132053  61.855  -7.999  17.145 0.0000000000
50908  49.613  -7.526  29.776 0.0000000000
111329  47.350  -8.501  29.547 0.0000000000
50900  51.911  -7.665  31.858 0.0000000000
45111  30.948  -13.182  43.200 0.0000000000
42545  36.655  -16.690  44.876 0.0000000000
43438  33.873  -15.041  40.655 0.0000000000
41687  33.742  -17.384  38.415 0.0000000000
115987  31.864  -20.408  38.059 0.0000000000
118422  57.621  -5.923  24.946 0.0000000000
51799  58.287  -6.467  22.169 0.0000000000
50997  59.329  -7.298  20.268 0.0000000000
50232  59.669  -7.595  17.921 0.0000000000
139213  29.015  -24.451  48.434 0.0000000000
117054  26.022  -22.882  47.046 0.0000000000
40039  27.422  -21.364  49.984 0.0000000000
138625  32.124  -22.851  48.523 0.0000000000
52579  55.159  -4.807  24.537 0.0000000000
127203  21.259  -21.088  46.131 0.0000000000
125949  20.821  -25.971  50.855 0.0000000000
33540  21.582  -28.796  54.346 0.0000000000
39966  18.949  -21.515  56.879 0.0000000000
38312  19.939  -24.303  55.803 0.0000000000
134526  6.054  -27.729  40.952 0.0000000000
48583  47.897  -10.384  37.308 0.0000000000
46035  43.725  -13.920  40.042 0.0000000000
44272  41.684  -16.003  41.363 0.0000000000
43456  40.765  -16.472  40.276 0.0000000000
43483  39.021  -18.763  36.350 0.0000000000
41029  38.526  -20.722  33.970 0.0000000000
40227  36.666  -20.262  29.194 0.0000000000
40960  37.629  -19.851  45.647 0.0000000000
38394  38.895  -22.003  44.789 0.0000000000
39292  40.323  -22.181  42.479 0.0000000000
38492  39.599  -23.118  37.672 0.0000000000
38549  36.639  -21.835  31.501 0.0000000000
111275  46.803  -10.153  36.057 0.0000000000
115422  43.333  -11.431  35.222 0.0000000000
114710  49.971  -9.144  35.184 0.0000000000
111296  49.814  -8.891  34.404 0.0000000000
111287  49.263  -9.459  35.550 0.0000000000
50116  50.718  -8.485  34.831 0.0000000000
36643  27.054  -24.977  45.071 0.0000000000
35773  26.081  -25.646  44.241 0.0000000000
35759  26.792  -24.942  46.057 0.0000000000
37532  29.030  -23.794  46.690 0.0000000000
37544  28.962  -23.029  46.283 0.0000000000
37545  27.956  -23.422  45.514 0.0000000000
120254  26.471  -24.630  43.567 0.0000000000
51783  47.842  -5.011  25.875 0.0000000000
50933  49.429  -6.618  28.380 0.0000000000
51766  50.052  -5.490  28.237 0.0000000000
135000  48.673  -5.347  26.939 0.0000000000
52572  49.077  -3.905  26.606 0.0000000000
134089  12.322  -24.414  48.588 0.0000000000
39251  13.295  -21.584  47.791 0.0000000000
38391  13.230  -22.859  46.259 0.0000000000
38413  15.160  -22.728  43.505 0.0000000000
37560  13.637  -24.768  42.816 0.0000000000
35809  13.350  -26.898  42.361 0.0000000000
134912  41.416  -18.520  43.106 0.0000000000
41678  41.201  -19.916  43.008 0.0000000000
40117  41.193  -21.350  40.794 0.0000000000
40103  41.116  -21.146  42.117 0.0000000000
43401  36.301  -17.013  47.685 0.0000000000
40111  36.754  -21.476  39.544 0.0000000000
39303  37.929  -21.595  40.602 0.0000000000
39309  37.250  -21.940  39.748 0.0000000000
37618  37.603  -22.519  38.321 0.0000000000
117248  43.474  -14.345  38.130 0.0000000000
113541  43.776  -13.982  37.419 0.0000000000
117122  60.916  -8.069  19.768 0.0000000000
50218  61.847  -8.088  19.735 0.0000000000
116543  62.000  -8.038  19.079 0.0000000000
51018  62.029  -8.207  18.006 0.0000000000
115642  61.784  -8.084  17.851 0.0000000000
114270  49.887  -7.714  30.530 0.0000000000
129962  48.753  -7.938  29.871 0.0000000000
113958  49.214  -8.035  30.890 0.0000000000
115248  47.402  -8.909  32.488 0.0000000000
111291  46.826  -8.888  31.364 0.0000000000
113922  45.628  -9.291  32.183 0.0000000000
112850  51.564  -8.321  32.946 0.0000000000
114545  51.087  -8.015  31.630 0.0000000000
50907  50.311  -7.473  30.251 0.0000000000
35806  22.669  -26.479  41.950 0.0000000000
36618  20.183  -26.878  47.003 0.0000000000
43427  30.309  -15.969  43.292 0.0000000000
44263  30.972  -14.402  42.095 0.0000000000
43426  30.683  -16.753  42.396 0.0000000000
40094  28.483  -19.947  42.698 0.0000000000
138872  30.400  -17.828  41.548 0.0000000000
40100  29.267  -18.981  41.154 0.0000000000
40975  31.107  -18.469  38.496 0.0000000000
118154  29.466  -19.969  38.314 0.0000000000
133544  27.485  -22.192  39.132 0.0000000000
111234  37.574  -16.193  32.316 0.0000000000
52586  56.895  -5.637  23.544 0.0000000000
51782  57.635  -6.051  23.750 0.0000000000
51791  57.531  -5.996  22.665 0.0000000000
134811  58.259  -6.556  20.103 0.0000000000
50221  58.340  -7.092  17.819 0.0000000000
50220  59.068  -7.315  18.526 0.0000000000
122133  29.558  -24.374  49.580 0.0000000000
37490  28.038  -24.003  49.043 0.0000000000
39220  28.277  -22.989  50.249 0.0000000000
37497  31.161  -24.180  49.495 0.0000000000
37508  30.448  -24.062  48.508 0.0000000000
52568  55.364  -4.985  25.441 0.0000000000
117955  53.992  -4.616  25.755 0.0000000000
53325  51.948  -2.974  24.403 0.0000000000
40951  25.044  -20.043  47.629 0.0000000000
39257  24.200  -21.651  45.941 0.0000000000
39247  20.659  -20.486  47.157 0.0000000000
37463  22.423  -25.780  53.694 0.0000000000
38365  20.412  -24.763  50.878 0.0000000000
36566  22.038  -26.603  52.821 0.0000000000
35028  21.208  -27.301  51.850 0.0000000000
34261  22.404  -27.980  54.859 0.0000000000
39995  17.011  -19.605  55.801 0.0000000000
40050  18.634  -20.618  50.150 0.0000000000
134527  18.919  -21.582  53.456 0.0000000000
38340  19.246  -24.110  53.260 0.0000000000
37441  19.841  -25.684  55.357 0.0000000000
46034  44.429  -13.466  39.909 0.0000000000
43445  41.154  -17.916  41.511 0.0000000000
44269  41.530  -16.499  41.927 0.0000000000
43444  41.335  -16.586  41.228 0.0000000000
124602  41.940  -15.469  40.828 0.0000000000
43447  40.953  -17.329  41.004 0.0000000000
42582  39.823  -18.215  38.394 0.0000000000
42589  40.200  -19.471  38.185 0.0000000000
125652  39.772  -21.689  36.584 0.0000000000
41023  39.239  -21.320  35.876 0.0000000000
40178  38.846  -21.671  35.048 0.0000000000
40212  38.182  -20.342  31.783 0.0000000000
116907  38.154  -21.635  33.089 0.0000000000
42549  36.959  -17.342  43.486 0.0000000000
125142  36.979  -18.276  45.704 0.0000000000
40965  37.432  -19.335  44.739 0.0000000000
38431  38.763  -22.277  43.106 0.0000000000
39277  38.455  -21.753  44.410 0.0000000000
37552  38.886  -22.552  43.116 0.0000000000
39284  39.447  -22.092  43.936 0.0000000000
38439  40.143  -23.029  41.840 0.0000000000
38465  40.332  -23.093  40.350 0.0000000000
37615  39.732  -23.419  38.894 0.0000000000
37681  36.450  -21.843  33.437 0.0000000000
37669  37.598  -22.769  34.087 0.0000000000
48578  47.201  -10.865  37.892 0.0000000000
49363  47.491  -10.321  36.664 0.0000000000
48588  46.591  -10.723  37.243 0.0000000000
114990  43.741  -13.451  36.516 0.0000000000
48593  43.608  -11.827  36.064 0.0000000000
54726  61.276  -6.165  18.295 0.0000000000
111304  50.834  -8.514  32.886 0.0000000000
111293  49.396  -8.592  32.526 0.0000000000
114454  49.480  -8.885  33.911 0.0000000000
114843  48.620  -9.006  33.881 0.0000000000
111277  47.462  -9.354  34.412 0.0000000000
50894  51.665  -7.885  34.106 0.0000000000
113282  51.366  -8.388  33.592 0.0000000000
35793  26.304  -27.625  43.570 0.0000000000
35785  24.636  -26.119  42.719 0.0000000000
37546  22.652  -24.906  42.876 0.0000000000
138763  30.869  -21.312  46.829 0.0000000000
123361  30.183  -19.911  45.205 0.0000000000
40088  30.292  -20.684  45.913 0.0000000000
40089  29.518  -20.657  45.035 0.0000000000
117356  27.511  -21.836  43.101 0.0000000000
38425  26.920  -22.350  41.533 0.0000000000
37557  26.747  -23.273  43.234 0.0000000000
36653  26.276  -24.340  41.518 0.0000000000
52605  55.256  -4.449  20.468 0.0000000000
39211  28.438  -22.343  51.115 0.0000000000
52543  51.830  -5.449  28.966 0.0000000000
51750  51.578  -5.166  28.061 0.0000000000
52562  51.433  -4.938  27.455 0.0000000000
53320  52.046  -3.464  25.806 0.0000000000
52571  50.155  -3.232  27.222 0.0000000000
53327  49.003  -2.595  23.863 0.0000000000
40031  19.950  -21.239  52.102 0.0000000000
40041  19.842  -21.359  50.908 0.0000000000
121150  20.173  -23.242  52.897 0.0000000000
39191  22.119  -25.066  54.379 0.0000000000
36530  23.365  -26.299  56.159 0.0000000000
39204  14.562  -20.210  52.618 0.0000000000
39224  13.236  -21.102  50.927 0.0000000000
39241  14.611  -20.214  49.186 0.0000000000
39249  18.576  -20.715  47.705 0.0000000000
38412  17.765  -22.490  44.354 0.0000000000
43437  41.413  -18.457  42.542 0.0000000000
42560  41.291  -18.984  41.643 0.0000000000
41697  40.843  -19.792  39.854 0.0000000000
41696  41.091  -20.327  40.095 0.0000000000
136264  40.993  -21.729  39.226 0.0000000000
39342  40.142  -22.383  37.622 0.0000000000
134969  36.878  -19.107  41.071 0.0000000000
40974  37.578  -20.045  42.594 0.0000000000
40098  37.813  -20.924  42.207 0.0000000000
39302  38.405  -21.976  41.524 0.0000000000
37586  39.111  -22.916  40.378 0.0000000000
115899  38.712  -23.261  38.453 0.0000000000
37606  38.602  -22.932  38.664 0.0000000000
37639  37.070  -22.294  36.451 0.0000000000
115488  44.880  -12.551  38.614 0.0000000000
113876  45.565  -11.774  38.293 0.0000000000
115160  44.405  -12.778  37.886 0.0000000000
115389  43.824  -13.846  36.852 0.0000000000
124649  62.096  -6.951  19.456 0.0000000000
51823  62.436  -7.652  17.624 0.0000000000
50934  48.510  -7.240  27.849 0.0000000000
50949  47.075  -7.657  26.574 0.0000000000
114946  48.017  -7.800  27.949 0.0000000000
111309  48.306  -8.409  31.276 0.0000000000
111303  45.866  -9.097  29.293 0.0000000000
51711  52.430  -7.513  33.140 0.0000000000
51715  52.427  -7.385  32.435 0.0000000000
51720  52.128  -7.014  31.773 0.0000000000
50905  51.242  -7.112  30.601 0.0000000000
50914  50.204  -7.102  29.683 0.0000000000
44244  34.410  -14.338  45.551 0.0000000000
44243  35.792  -15.341  46.217 0.0000000000
44254  33.947  -13.783  44.146 0.0000000000
43432  34.741  -15.398  42.081 0.0000000000
43431  35.924  -16.073  41.923 0.0000000000
116450  30.706  -17.225  41.444 0.0000000000
42555  33.338  -15.273  39.527 0.0000000000
41681  35.030  -16.548  39.437 0.0000000000
40978  35.993  -18.787  39.390 0.0000000000
40107  33.801  -19.267  38.637 0.0000000000
40113  33.844  -20.963  38.398 0.0000000000
50972  59.454  -6.992  23.142 0.0000000000
116957  57.665  -6.105  20.067 0.0000000000
50998  58.937  -6.956  20.794 0.0000000000
50996  59.603  -7.363  21.040 0.0000000000
135278  59.843  -7.566  20.407 0.0000000000
119826  60.489  -7.902  19.384 0.0000000000
50231  60.418  -7.812  18.160 0.0000000000
123627  60.639  -7.815  17.561 0.0000000000
125074  28.681  -24.551  47.876 0.0000000000
36601  26.919  -24.449  47.076 0.0000000000
37499  27.361  -23.963  48.328 0.0000000000
40054  26.166  -21.093  48.041 0.0000000000
40935  25.822  -19.646  49.171 0.0000000000
40929  27.322  -20.529  50.854 0.0000000000
41635  22.984  -18.628  51.014 0.0000000000
41620  20.311  -19.351  52.373 0.0000000000
45084  33.292  -14.190  45.923 0.0000000000
45955  31.961  -14.105  44.823 0.0000000000
128297  30.178  -15.684  44.509 0.0000000000
43408  30.101  -18.785  45.785 0.0000000000
41661  31.179  -20.955  47.643 0.0000000000
40957  31.400  -21.390  47.616 0.0000000000
38386  31.304  -22.939  47.833 0.0000000000
37509  29.658  -23.949  47.699 0.0000000000
52567  56.026  -5.215  25.505 0.0000000000
52578  56.272  -5.311  24.407 0.0000000000
52587  55.992  -5.101  23.423 0.0000000000
138022  52.882  -3.947  25.018 0.0000000000
52589  53.935  -4.016  23.087 0.0000000000
52598  54.482  -4.012  21.530 0.0000000000
37521  25.885  -23.623  46.068 0.0000000000
38399  22.956  -22.866  44.051 0.0000000000
38389  20.357  -23.395  45.575 0.0000000000
127719  20.028  -23.100  50.294 0.0000000000
38375  19.774  -23.797  48.547 0.0000000000
36602  20.070  -25.911  47.866 0.0000000000
35748  20.454  -27.169  49.987 0.0000000000
34308  20.723  -27.841  51.379 0.0000000000
37420  20.890  -24.389  57.647 0.0000000000
36498  21.102  -25.826  56.995 0.0000000000
39167  19.514  -22.655  56.303 0.0000000000
35671  21.115  -27.028  56.839 0.0000000000
34939  20.154  -28.043  56.751 0.0000000000
128706  10.208  -25.405  41.073 0.0000000000
114689  48.900  -9.737  36.299 0.0000000000
46893  45.561  -12.338  39.214 0.0000000000
111242  45.056  -12.807  39.243 0.0000000000
45144  43.855  -13.686  39.199 0.0000000000
45145  42.966  -14.261  39.941 0.0000000000
45146  42.558  -14.792  40.542 0.0000000000
44274  42.273  -14.783  40.098 0.0000000000
134479  41.783  -15.010  39.234 0.0000000000
43470  39.768  -16.494  38.521 0.0000000000
43484  38.485  -17.698  35.637 0.0000000000
43489  37.978  -18.318  34.046 0.0000000000
136122  40.111  -20.251  37.484 0.0000000000
41731  38.892  -20.278  35.526 0.0000000000
41753  39.068  -19.588  32.803 0.0000000000
125827  37.966  -18.615  30.454 0.0000000000
41067  37.370  -18.163  28.362 0.0000000000
41670  40.531  -20.441  44.966 0.0000000000
42540  36.712  -17.490  46.023 0.0000000000
41660  37.004  -18.885  46.782 0.0000000000
40059  37.984  -20.121  46.226 0.0000000000
40087  37.968  -20.990  44.628 0.0000000000
40080  38.159  -21.185  45.118 0.0000000000
40068  38.664  -20.811  45.786 0.0000000000
39265  39.417  -21.670  45.006 0.0000000000
40091  40.327  -21.445  43.989 0.0000000000
40097  40.667  -21.392  43.311 0.0000000000
39308  41.016  -22.209  40.857 0.0000000000
39336  40.413  -22.778  38.732 0.0000000000
38507  39.454  -22.733  36.665 0.0000000000
37637  38.806  -23.091  36.353 0.0000000000
38516  38.339  -22.897  34.857 0.0000000000
38535  38.258  -22.440  33.799 0.0000000000
39403  36.590  -21.491  30.167 0.0000000000
114779  48.604  -9.806  35.830 0.0000000000
114391  47.504  -9.897  35.617 0.0000000000
111279  46.437  -9.907  35.366 0.0000000000
139003  45.411  -10.827  37.037 0.0000000000
113907  44.597  -10.566  35.748 0.0000000000
111271  44.161  -10.001  33.858 0.0000000000
116463  61.266  -7.905  17.253 0.0000000000
50114  49.549  -9.088  36.020 0.0000000000
113847  49.881  -9.086  35.226 0.0000000000
49362  49.465  -9.395  35.767 0.0000000000
50113  50.232  -8.755  35.294 0.0000000000
35782  27.132  -25.280  45.626 0.0000000000
35771  27.225  -25.175  46.166 0.0000000000
36614  28.778  -24.145  46.963 0.0000000000
36629  28.300  -23.967  46.127 0.0000000000
36630  27.992  -24.280  45.871 0.0000000000
36642  27.342  -24.106  45.120 0.0000000000
51784  46.518  -6.018  24.939 0.0000000000
51775  48.899  -6.260  27.599 0.0000000000
37525  12.297  -24.773  46.944 0.0000000000
125959  12.678  -23.801  46.819 0.0000000000
37536  12.788  -24.089  45.639 0.0000000000
38414  13.743  -23.205  44.322 0.0000000000
36636  12.552  -25.439  45.035 0.0000000000
36647  13.053  -25.663  43.481 0.0000000000
120440  41.089  -19.640  44.225 0.0000000000
41679  41.054  -20.502  43.114 0.0000000000
40972  41.142  -20.529  42.553 0.0000000000
40973  40.970  -21.110  42.819 0.0000000000
44234  36.000  -15.781  47.276 0.0000000000
40112  35.178  -21.626  38.863 0.0000000000
39320  36.487  -22.322  39.300 0.0000000000
37597  36.598  -22.421  39.051 0.0000000000
114085  43.020  -14.450  38.599 0.0000000000
128488  60.930  -8.149  19.093 0.0000000000
133678  61.633  -8.136  19.271 0.0000000000
118877  61.730  -8.126  18.589 0.0000000000
50240  61.352  -8.047  18.099 0.0000000000
111312  50.259  -8.058  31.464 0.0000000000
111269  46.836  -9.177  33.220 0.0000000000
113971  43.490  -9.948  31.238 0.0000000000
129464  51.384  -8.260  32.384 0.0000000000
35797  21.429  -25.875  43.182 0.0000000000
35796  21.853  -26.988  42.406 0.0000000000
35787  20.777  -26.973  44.052 0.0000000000
35774  20.416  -27.833  45.521 0.0000000000
127038  20.343  -26.746  45.547 0.0000000000
43417  30.104  -17.839  44.169 0.0000000000
42546  30.128  -18.316  43.556 0.0000000000
43495  37.746  -17.921  32.162 0.0000000000
118500  56.612  -5.403  22.501 0.0000000000
122960  29.620  -24.338  49.983 0.0000000000
36565  28.963  -24.059  49.976 0.0000000000
37479  28.853  -23.754  50.306 0.0000000000
37488  30.724  -24.419  49.754 0.0000000000
36584  30.353  -24.441  49.481 0.0000000000
52550  52.584  -5.240  27.021 0.0000000000
52560  53.914  -4.779  26.447 0.0000000000
40936  24.019  -19.009  48.677 0.0000000000
40063  23.237  -19.533  47.153 0.0000000000
40055  20.992  -19.322  48.334 0.0000000000
133616  22.998  -26.268  54.343 0.0000000000
136083  22.276  -26.319  53.208 0.0000000000
35718  22.488  -26.606  53.572 0.0000000000
34992  22.500  -27.135  53.777 0.0000000000
34984  22.811  -27.485  54.804 0.0000000000
39996  15.227  -19.560  55.542 0.0000000000
39230  18.994  -21.977  50.001 0.0000000000
39214  19.110  -22.105  52.010 0.0000000000
38358  19.178  -23.056  51.534 0.0000000000
42578  40.096  -18.675  39.140 0.0000000000
42571  40.428  -18.629  40.051 0.0000000000
40166  39.805  -21.874  36.488 0.0000000000
40165  39.317  -21.752  35.817 0.0000000000
119157  38.741  -21.934  34.747 0.0000000000
39372  38.398  -21.807  33.907 0.0000000000
41676  37.189  -18.370  43.270 0.0000000000
37572  38.771  -22.593  41.818 0.0000000000
38430  38.987  -22.538  42.686 0.0000000000
37563  39.186  -22.732  42.327 0.0000000000
38429  39.283  -22.552  42.729 0.0000000000
37585  39.674  -23.091  41.371 0.0000000000
37584  40.019  -23.195  40.576 0.0000000000
37595  39.797  -23.348  40.257 0.0000000000
130218  46.519  -11.197  37.914 0.0000000000
48584  47.099  -10.825  37.578 0.0000000000
111342  50.666  -8.618  33.965 0.0000000000
111300  50.363  -8.674  33.624 0.0000000000
111288  49.139  -9.236  34.929 0.0000000000
113969  49.226  -9.063  34.536 0.0000000000
111295  48.869  -9.063  34.349 0.0000000000
111286  48.228  -9.185  34.396 0.0000000000
51703  51.590  -7.689  34.280 0.0000000000
114263  50.769  -8.612  34.587 0.0000000000
121004  51.101  -8.344  34.401 0.0000000000
111331  50.906  -8.528  34.201 0.0000000000
111337  50.929  -8.562  33.193 0.0000000000
36632  25.701  -25.638  43.716 0.0000000000
118718  24.304  -24.944  43.131 0.0000000000
37533  23.817  -23.846  43.602 0.0000000000
38396  30.588  -22.303  47.064 0.0000000000
39279  30.585  -21.543  46.677 0.0000000000
38409  28.414  -22.155  45.153 0.0000000000
39280  29.600  -21.513  45.798 0.0000000000
39281  28.442  -21.520  44.618 0.0000000000
39287  28.370  -20.789  43.779 0.0000000000
36654  26.238  -25.575  42.269 0.0000000000
50912  51.243  -6.347  29.857 0.0000000000
51741  50.826  -5.975  29.003 0.0000000000
51765  50.973  -5.051  28.282 0.0000000000
52551  52.075  -4.553  28.285 0.0000000000
52570  51.734  -4.220  27.090 0.0000000000
52581  48.252  -3.519  25.092 0.0000000000
40020  20.023  -22.031  52.902 0.0000000000
40019  20.430  -23.651  53.824 0.0000000000
39192  21.466  -24.610  54.600 0.0000000000
38318  23.006  -25.223  55.422 0.0000000000
120569  23.264  -25.533  55.203 0.0000000000
38310  23.235  -25.527  56.158 0.0000000000
38360  12.395  -22.969  51.420 0.0000000000
124158  12.772  -22.037  52.007 0.0000000000
39262  13.672  -21.618  46.661 0.0000000000
39250  14.551  -20.332  48.155 0.0000000000
39261  14.461  -20.653  47.189 0.0000000000
40056  16.778  -20.007  48.574 0.0000000000
40064  16.260  -20.231  47.343 0.0000000000
120452  18.076  -21.577  45.716 0.0000000000
40084  15.734  -21.454  45.164 0.0000000000
113910  15.692  -23.472  42.220 0.0000000000
113649  17.049  -23.503  41.698 0.0000000000
35096  13.422  -27.839  42.141 0.0000000000
34377  13.144  -27.705  42.795 0.0000000000
33634  12.653  -27.140  42.395 0.0000000000
42552  41.366  -19.201  42.805 0.0000000000
42558  41.373  -19.117  42.192 0.0000000000
131583  41.284  -19.669  41.276 0.0000000000
41691  41.192  -19.977  40.746 0.0000000000
40979  41.252  -20.514  41.194 0.0000000000
40127  41.182  -21.479  40.218 0.0000000000
40128  41.080  -21.883  39.760 0.0000000000
40137  40.763  -21.856  38.603 0.0000000000
121356  40.798  -22.303  39.140 0.0000000000
40099  37.122  -19.989  40.864 0.0000000000
38443  38.080  -21.839  40.587 0.0000000000
38442  38.544  -22.275  41.035 0.0000000000
37573  38.862  -22.627  41.072 0.0000000000
137258  38.707  -22.918  39.199 0.0000000000
37596  38.264  -22.596  39.491 0.0000000000
114724  43.864  -13.767  37.397 0.0000000000
131280  61.913  -8.238  17.514 0.0000000000
50227  62.127  -8.042  17.088 0.0000000000
51026  61.865  -8.056  17.059 0.0000000000
50915  49.332  -7.385  29.124 0.0000000000
50144  48.412  -7.772  28.596 0.0000000000
129808  47.669  -8.270  28.847 0.0000000000
113323  47.334  -8.329  28.075 0.0000000000
132018  46.525  -8.855  28.154 0.0000000000
134235  48.804  -8.500  32.068 0.0000000000
111294  48.044  -8.654  31.997 0.0000000000
111274  45.530  -9.172  30.120 0.0000000000
114700  47.118  -8.675  30.348 0.0000000000
51707  52.068  -7.584  33.712 0.0000000000
121516  52.449  -7.133  33.469 0.0000000000
114618  52.142  -7.971  32.897 0.0000000000
111339  52.280  -7.807  32.635 0.0000000000
50898  52.154  -7.566  32.134 0.0000000000
133228  51.899  -7.282  31.539 0.0000000000
50901  51.660  -7.422  31.338 0.0000000000
50923  48.939  -7.317  28.488 0.0000000000
45096  32.857  -13.619  44.739 0.0000000000
45110  32.484  -13.253  43.410 0.0000000000
43433  31.699  -15.072  40.693 0.0000000000
44262  33.646  -14.200  42.461 0.0000000000
40966  30.078  -19.847  44.917 0.0000000000
41672  30.119  -18.554  43.447 0.0000000000
127783  30.038  -18.782  43.421 0.0000000000
133386  30.754  -17.790  40.267 0.0000000000
41682  32.033  -16.675  39.568 0.0000000000
41686  36.048  -17.969  40.254 0.0000000000
38424  26.507  -21.861  40.688 0.0000000000
133807  27.951  -23.193  40.076 0.0000000000
51763  57.756  -5.967  25.681 0.0000000000
51790  58.282  -6.444  23.163 0.0000000000
51781  58.156  -6.341  23.992 0.0000000000
51789  58.860  -6.727  23.560 0.0000000000
51798  58.983  -6.845  22.592 0.0000000000
51814  56.580  -5.397  19.383 0.0000000000
51807  57.355  -5.806  20.741 0.0000000000
51006  58.650  -6.946  19.546 0.0000000000
120601  59.346  -7.110  21.758 0.0000000000
50213  59.391  -7.421  19.480 0.0000000000
50233  58.801  -7.419  17.559 0.0000000000
50219  59.747  -7.570  18.802 0.0000000000
122877  60.294  -7.800  18.674 0.0000000000
35747  27.735  -24.527  48.199 0.0000000000
36588  28.153  -24.434  48.630 0.0000000000
39227  27.704  -22.540  49.678 0.0000000000
39236  27.325  -22.980  48.848 0.0000000000
39228  27.043  -21.889  48.949 0.0000000000
40942  25.743  -19.969  48.418 0.0000000000
40030  27.930  -21.503  50.981 0.0000000000
41634  25.009  -18.958  51.530 0.0000000000
122494  24.650  -19.057  50.587 0.0000000000
41627  22.088  -18.606  51.412 0.0000000000
41628  20.838  -18.954  51.758 0.0000000000
45085  31.924  -15.453  46.060 0.0000000000
43418  30.039  -17.153  45.023 0.0000000000
39244  32.270  -22.981  48.946 0.0000000000
40949  31.929  -21.869  48.232 0.0000000000
40071  31.926  -22.163  48.142 0.0000000000
131811  31.345  -21.832  47.485 0.0000000000
39256  31.809  -22.576  48.109 0.0000000000
36597  29.751  -24.193  48.391 0.0000000000
118346  29.077  -24.269  47.846 0.0000000000
50163  46.458  -8.386  26.682 0.0000000000
53331  52.986  -3.501  22.883 0.0000000000
52599  53.675  -3.917  21.800 0.0000000000
126944  26.501  -23.751  47.190 0.0000000000
38388  25.017  -22.587  45.899 0.0000000000
39258  22.539  -21.436  45.473 0.0000000000
39271  23.655  -22.167  45.032 0.0000000000
39272  21.799  -22.300  44.809 0.0000000000
39259  20.708  -22.139  45.900 0.0000000000
138713  20.079  -22.990  50.881 0.0000000000
39229  20.031  -20.826  49.951 0.0000000000
38357  20.386  -24.344  51.399 0.0000000000
37501  20.450  -25.299  50.356 0.0000000000
38374  19.987  -24.174  49.831 0.0000000000
37502  20.094  -24.901  49.396 0.0000000000
37512  19.926  -24.877  48.290 0.0000000000
37511  20.327  -25.824  49.522 0.0000000000
121580  20.255  -26.832  48.820 0.0000000000
118159  20.633  -26.537  50.413 0.0000000000
34295  21.725  -27.944  52.909 0.0000000000
123628  21.179  -28.039  52.256 0.0000000000
34284  21.477  -28.749  53.590 0.0000000000
33527  21.051  -29.301  54.682 0.0000000000
39960  18.701  -21.185  57.435 0.0000000000
125327  19.626  -22.883  57.487 0.0000000000
125956  21.215  -25.128  57.364 0.0000000000
38293  19.912  -23.808  57.193 0.0000000000
40034  16.400  -19.875  52.597 0.0000000000
39193  19.192  -22.992  54.006 0.0000000000
121377  19.335  -22.320  54.942 0.0000000000
39180  19.675  -23.248  55.479 0.0000000000
37429  20.230  -24.943  56.753 0.0000000000
128336  20.307  -25.994  56.404 0.0000000000
34947  20.704  -28.050  56.734 0.0000000000
36510  19.907  -26.967  56.181 0.0000000000
129345  11.108  -25.807  43.447 0.0000000000
128720  9.981  -24.756  43.507 0.0000000000
130458  6.677  -25.666  41.535 0.0000000000
130500  8.302  -24.787  41.260 0.0000000000
123521  47.065  -10.921  38.361 0.0000000000
46887  45.636  -12.501  39.615 0.0000000000
46888  45.120  -12.982  39.869 0.0000000000
131464  43.373  -13.992  39.212 0.0000000000
45142  42.323  -15.062  40.939 0.0000000000
44275  41.497  -15.791  40.522 0.0000000000
136639  41.493  -15.472  39.957 0.0000000000
44284  41.243  -15.240  39.086 0.0000000000
43469  39.984  -16.717  39.159 0.0000000000
43476  39.466  -17.894  37.642 0.0000000000
43477  39.109  -17.526  36.935 0.0000000000
43488  38.389  -18.866  34.990 0.0000000000
115619  40.722  -20.573  38.606 0.0000000000
137159  40.456  -20.232  38.132 0.0000000000
121467  38.766  -21.215  34.930 0.0000000000
41730  39.198  -20.830  35.998 0.0000000000
41742  38.537  -20.627  34.815 0.0000000000
114744  38.719  -19.891  34.117 0.0000000000
139350  38.614  -20.296  33.957 0.0000000000
41040  39.567  -19.975  31.715 0.0000000000
40204  38.671  -19.937  31.908 0.0000000000
40219  37.176  -19.361  30.047 0.0000000000
114968  36.974  -19.103  28.774 0.0000000000
114962  36.168  -20.126  27.745 0.0000000000
43416  36.338  -16.176  45.519 0.0000000000
43407  36.380  -16.710  46.749 0.0000000000
41665  37.209  -19.005  45.869 0.0000000000
40956  37.443  -19.420  46.492 0.0000000000
40955  37.814  -20.067  46.108 0.0000000000
40092  37.949  -21.003  43.523 0.0000000000
138196  37.776  -20.476  43.931 0.0000000000
38395  38.703  -21.945  44.646 0.0000000000
39269  38.217  -21.410  44.791 0.0000000000
39268  38.410  -21.636  44.876 0.0000000000
39254  38.554  -21.278  45.295 0.0000000000
39267  38.820  -22.006  45.114 0.0000000000
136994  39.009  -21.101  45.665 0.0000000000
39266  39.059  -21.799  45.001 0.0000000000
39293  39.999  -22.243  42.833 0.0000000000
39283  39.921  -21.819  43.993 0.0000000000
117307  40.232  -21.861  43.262 0.0000000000
39291  40.613  -21.801  42.686 0.0000000000
116521  40.962  -21.976  41.542 0.0000000000
39301  40.598  -22.519  41.398 0.0000000000
38476  40.323  -23.170  39.730 0.0000000000
38475  40.643  -22.830  40.124 0.0000000000
38491  40.217  -22.972  38.144 0.0000000000
38499  39.841  -22.787  37.480 0.0000000000
137974  39.564  -22.921  37.174 0.0000000000
37638  38.466  -23.065  36.542 0.0000000000
115898  39.005  -23.203  37.880 0.0000000000
37650  38.364  -23.091  35.819 0.0000000000
38528  37.410  -22.425  33.312 0.0000000000
38517  37.797  -23.210  34.449 0.0000000000
38537  37.580  -22.331  32.927 0.0000000000
38536  38.136  -22.427  33.369 0.0000000000
38548  37.079  -21.920  31.746 0.0000000000
39387  37.439  -21.772  31.969 0.0000000000
48582  48.493  -10.008  36.900 0.0000000000
114580  48.926  -9.858  36.057 0.0000000000
113314  48.406  -10.100  36.696 0.0000000000
48591  46.714  -10.412  36.576 0.0000000000
111276  47.738  -10.079  36.048 0.0000000000
47753  44.819  -11.603  37.418 0.0000000000
47761  43.196  -12.701  35.321 0.0000000000
111262  44.954  -10.087  34.862 0.0000000000
111268  42.859  -11.524  34.506 0.0000000000
132511  60.799  -5.954  19.137 0.0000000000
118158  60.566  -5.710  18.458 0.0000000000
134642  59.713  -5.205  18.926 0.0000000000
136684  60.600  -7.765  16.966 0.0000000000
111297  49.584  -9.118  34.940 0.0000000000
114902  48.867  -9.514  35.321 0.0000000000
49366  50.479  -8.739  34.906 0.0000000000
119020  26.685  -26.033  44.736 0.0000000000
35783  26.602  -25.996  44.661 0.0000000000
36617  26.033  -24.889  44.812 0.0000000000
37531  29.783  -23.681  47.160 0.0000000000
38408  29.613  -22.383  46.414 0.0000000000
51752  50.348  -5.981  28.782 0.0000000000
51774  49.684  -4.664  27.579 0.0000000000
40888  20.160  -22.500  55.206 0.0000000000
40006  20.779  -23.892  54.868 0.0000000000
39977  20.933  -23.150  56.294 0.0000000000
38383  12.828  -22.871  47.312 0.0000000000
39274  14.259  -21.812  45.639 0.0000000000
38402  14.711  -22.206  44.648 0.0000000000
37549  14.186  -23.717  43.049 0.0000000000
37559  14.716  -24.401  41.643 0.0000000000
36658  14.001  -25.679  41.702 0.0000000000
35087  12.543  -27.238  44.047 0.0000000000
41674  41.297  -19.265  43.544 0.0000000000
41685  41.275  -19.861  42.367 0.0000000000
40977  41.231  -20.536  41.904 0.0000000000
40109  41.189  -21.214  41.465 0.0000000000
40110  41.082  -21.882  41.067 0.0000000000
40105  37.611  -20.932  40.659 0.0000000000
38453  37.981  -22.088  40.020 0.0000000000
37607  37.702  -22.587  38.871 0.0000000000
38466  37.291  -22.233  39.341 0.0000000000
115598  36.335  -22.333  38.076 0.0000000000
111238  43.769  -13.769  38.225 0.0000000000
50210  61.016  -8.045  20.347 0.0000000000
50209  61.430  -8.074  20.066 0.0000000000
51817  62.276  -7.636  19.235 0.0000000000
50228  61.991  -8.013  18.349 0.0000000000
133515  48.820  -7.732  29.222 0.0000000000
139261  48.225  -8.254  30.384 0.0000000000
138165  45.058  -9.358  30.933 0.0000000000
113115  51.931  -8.108  33.025 0.0000000000
113945  51.938  -7.999  32.384 0.0000000000
111308  51.626  -7.872  31.784 0.0000000000
50902  51.268  -7.580  31.127 0.0000000000
113395  50.691  -7.708  30.890 0.0000000000
35795  23.244  -27.069  41.565 0.0000000000
35760  20.167  -27.693  47.485 0.0000000000
44255  30.103  -14.382  43.644 0.0000000000
45122  31.945  -13.384  42.347 0.0000000000
43434  30.948  -15.652  42.013 0.0000000000
42550  31.169  -16.658  41.405 0.0000000000
40970  29.799  -18.761  42.835 0.0000000000
39306  28.973  -22.066  38.399 0.0000000000
44296  38.252  -15.487  34.050 0.0000000000
128353  57.078  -5.726  24.284 0.0000000000
122481  57.593  -5.974  24.552 0.0000000000
51800  57.731  -6.081  21.678 0.0000000000
51007  57.459  -6.198  18.984 0.0000000000
51013  57.944  -6.703  18.292 0.0000000000
50214  58.750  -7.130  18.770 0.0000000000
36586  29.246  -24.373  49.032 0.0000000000
36575  28.165  -24.194  49.116 0.0000000000
36574  28.702  -24.253  49.311 0.0000000000
38364  27.924  -23.387  49.425 0.0000000000
38380  31.591  -23.743  48.709 0.0000000000
37507  31.135  -24.059  48.911 0.0000000000
36596  30.098  -24.304  48.984 0.0000000000
52559  55.043  -4.920  25.979 0.0000000000
39245  25.804  -21.772  47.241 0.0000000000
136213  25.236  -22.047  46.561 0.0000000000
40062  24.478  -20.442  46.942 0.0000000000
40072  23.199  -20.593  46.229 0.0000000000
38348  21.889  -25.570  53.047 0.0000000000
37481  21.657  -25.750  52.477 0.0000000000
37491  21.322  -25.998  51.819 0.0000000000
132705  21.077  -26.396  51.385 0.0000000000
35735  21.022  -26.897  51.331 0.0000000000
35027  21.646  -26.931  52.318 0.0000000000
34283  22.232  -27.781  53.678 0.0000000000
34272  22.065  -28.302  54.706 0.0000000000
40875  17.540  -19.899  56.640 0.0000000000
40890  18.408  -20.498  55.911 0.0000000000
40043  17.361  -19.945  50.863 0.0000000000
40033  18.110  -20.050  51.882 0.0000000000
40021  18.842  -21.001  52.712 0.0000000000
39203  19.081  -22.655  52.975 0.0000000000
38319  19.821  -24.592  55.050 0.0000000000
37437  19.981  -25.526  55.963 0.0000000000
135439  19.509  -24.715  54.166 0.0000000000
46881  44.782  -13.323  40.365 0.0000000000
119282  44.235  -13.679  40.355 0.0000000000
45141  43.043  -14.415  40.552 0.0000000000
44270  41.379  -17.583  42.280 0.0000000000
43441  41.334  -17.162  41.759 0.0000000000
43457  40.154  -17.117  39.825 0.0000000000
42590  39.693  -19.308  37.316 0.0000000000
41012  40.228  -21.529  37.389 0.0000000000
41018  39.851  -21.033  36.835 0.0000000000
40190  38.435  -21.213  34.027 0.0000000000
126237  38.779  -20.120  32.538 0.0000000000
39377  38.259  -20.998  33.102 0.0000000000
39385  37.966  -21.235  32.288 0.0000000000
40220  37.055  -20.685  30.477 0.0000000000
43424  36.570  -16.339  43.554 0.0000000000
42544  36.990  -17.493  44.839 0.0000000000
41671  37.188  -18.388  44.736 0.0000000000
39294  38.421  -21.886  42.588 0.0000000000
39285  38.485  -21.851  43.615 0.0000000000
38419  38.785  -22.127  43.964 0.0000000000
38418  38.976  -22.345  43.759 0.0000000000
38404  39.093  -22.239  43.948 0.0000000000
38417  39.145  -22.361  43.476 0.0000000000
38428  39.714  -22.581  42.443 0.0000000000
38427  40.084  -22.564  42.193 0.0000000000
133120  40.389  -22.472  41.938 0.0000000000
38451  40.292  -22.948  40.969 0.0000000000
37594  40.046  -23.341  39.973 0.0000000000
37603  40.012  -23.373  39.349 0.0000000000
37670  36.782  -22.203  34.102 0.0000000000
37658  37.742  -22.942  34.805 0.0000000000
37680  36.872  -22.408  33.790 0.0000000000
123615  36.757  -22.018  32.659 0.0000000000
38550  35.823  -21.678  31.353 0.0000000000
38559  35.968  -21.817  30.086 0.0000000000
137224  35.494  -21.615  30.197 0.0000000000
111290  47.715  -10.415  37.057 0.0000000000
47758  43.675  -12.346  36.597 0.0000000000
139550  62.313  -6.968  18.360 0.0000000000
54048  61.772  -6.611  18.684 0.0000000000
138299  50.504  -8.514  32.611 0.0000000000
116699  50.133  -8.437  32.275 0.0000000000
111307  50.030  -8.659  33.038 0.0000000000
111306  49.080  -8.812  33.249 0.0000000000
114484  48.084  -8.947  33.271 0.0000000000
115491  47.654  -9.147  33.898 0.0000000000
114824  46.295  -9.478  34.063 0.0000000000
50890  51.133  -8.132  34.602 0.0000000000
114301  51.285  -8.362  34.020 0.0000000000
129007  51.782  -8.132  33.516 0.0000000000
132174  51.273  -8.427  32.900 0.0000000000
35070  25.655  -27.544  42.362 0.0000000000
135077  26.165  -26.782  43.628 0.0000000000
35784  25.585  -26.492  43.007 0.0000000000
36644  23.323  -25.894  42.258 0.0000000000
36645  22.344  -25.993  42.349 0.0000000000
37547  21.255  -24.712  43.765 0.0000000000
40961  30.840  -21.018  46.679 0.0000000000
40095  27.097  -20.683  41.279 0.0000000000
39288  27.425  -21.344  42.235 0.0000000000
52604  56.414  -5.192  20.524 0.0000000000
37473  29.067  -23.538  50.871 0.0000000000
139015  28.970  -23.044  51.242 0.0000000000
51730  51.676  -6.035  30.095 0.0000000000
51751  51.164  -5.427  28.702 0.0000000000
137645  50.741  -3.633  26.243 0.0000000000
52580  49.658  -2.569  25.804 0.0000000000
53326  50.584  -2.367  24.326 0.0000000000
40932  20.891  -19.115  50.652 0.0000000000
122797  19.950  -20.781  51.357 0.0000000000
132420  20.001  -22.643  51.833 0.0000000000
39213  20.650  -24.253  52.915 0.0000000000
39202  21.032  -24.543  53.760 0.0000000000
39201  21.700  -25.085  53.664 0.0000000000
38339  22.564  -25.492  54.183 0.0000000000
37452  23.282  -26.077  54.772 0.0000000000
35695  23.359  -26.727  55.815 0.0000000000
39216  13.016  -21.522  52.822 0.0000000000
39215  14.094  -20.543  52.022 0.0000000000
39223  15.234  -20.029  50.869 0.0000000000
39231  14.760  -20.208  50.069 0.0000000000
40044  16.679  -20.022  50.100 0.0000000000
40051  17.975  -20.209  49.411 0.0000000000
39240  18.794  -21.225  48.711 0.0000000000
38401  18.709  -22.421  45.339 0.0000000000
39282  16.212  -22.091  44.249 0.0000000000
139278  41.412  -17.899  42.744 0.0000000000
43442  41.327  -18.250  42.014 0.0000000000
42562  41.048  -18.865  41.077 0.0000000000
42570  40.942  -19.377  40.415 0.0000000000
40993  40.968  -20.515  39.401 0.0000000000
40982  41.198  -20.843  40.457 0.0000000000
40986  41.116  -21.183  39.722 0.0000000000
41003  40.639  -21.370  38.180 0.0000000000
40147  40.414  -21.946  37.864 0.0000000000
39350  40.043  -22.030  37.115 0.0000000000
39351  39.803  -22.395  36.901 0.0000000000
121959  37.154  -18.801  42.125 0.0000000000
39295  38.129  -21.533  41.869 0.0000000000
38441  38.764  -22.405  42.042 0.0000000000
127643  38.939  -22.849  40.786 0.0000000000
119028  39.555  -23.296  39.914 0.0000000000
116318  39.156  -23.074  39.823 0.0000000000
37617  38.554  -22.949  38.011 0.0000000000
37626  38.527  -23.005  37.299 0.0000000000
115896  37.879  -22.692  36.794 0.0000000000
116843  37.171  -22.476  35.447 0.0000000000
37660  36.543  -21.917  34.845 0.0000000000
52614  62.258  -7.012  18.789 0.0000000000
51820  62.273  -7.814  18.413 0.0000000000
51819  62.348  -7.370  18.672 0.0000000000
127160  62.595  -7.135  18.074 0.0000000000
51021  62.622  -7.397  16.966 0.0000000000
50948  48.010  -7.197  27.218 0.0000000000
50935  47.582  -7.792  27.313 0.0000000000
50152  46.913  -8.383  27.410 0.0000000000
111320  49.423  -8.299  31.768 0.0000000000
126050  45.882  -9.102  28.506 0.0000000000
137262  52.462  -7.610  32.782 0.0000000000
52515  52.645  -7.238  32.717 0.0000000000
51724  51.773  -6.796  31.013 0.0000000000
50913  50.799  -6.623  29.724 0.0000000000
50906  50.851  -7.163  30.357 0.0000000000
50922  49.798  -6.857  29.006 0.0000000000
44253  35.390  -14.773  44.692 0.0000000000
43425  35.930  -15.550  43.858 0.0000000000
138477  34.903  -15.604  40.615 0.0000000000
42554  35.736  -16.219  40.697 0.0000000000
41680  36.541  -17.523  41.368 0.0000000000
39298  27.242  -22.288  40.088 0.0000000000
111244  41.188  -15.016  38.432 0.0000000000
115518  59.570  -7.123  22.442 0.0000000000
52596  57.035  -5.621  21.622 0.0000000000
51806  58.192  -6.432  21.057 0.0000000000
50985  58.790  -6.793  21.694 0.0000000000
50984  59.883  -7.388  21.854 0.0000000000
134706  59.951  -7.558  20.992 0.0000000000
50204  60.340  -7.778  20.664 0.0000000000
50212  60.129  -7.721  19.838 0.0000000000
122386  60.871  -8.034  18.943 0.0000000000
50230  60.989  -8.005  18.347 0.0000000000
36615  28.390  -24.453  46.786 0.0000000000
35758  27.110  -24.854  47.017 0.0000000000
35757  27.831  -24.857  47.348 0.0000000000
37500  26.935  -24.113  47.632 0.0000000000
38373  26.927  -23.495  48.026 0.0000000000
38372  27.546  -23.645  48.761 0.0000000000
38355  28.766  -23.184  50.834 0.0000000000
39221  27.991  -22.212  50.442 0.0000000000
40921  26.301  -19.416  52.030 0.0000000000
40930  26.163  -19.501  50.957 0.0000000000
40040  26.582  -20.078  49.969 0.0000000000
116137  25.228  -19.212  49.931 0.0000000000
40931  23.367  -18.671  50.143 0.0000000000
40922  20.576  -19.441  51.313 0.0000000000
40032  20.080  -20.437  52.165 0.0000000000
137734  19.855  -21.333  53.552 0.0000000000
135007  19.816  -20.307  54.007 0.0000000000
117283  19.778  -21.543  54.196 0.0000000000
44223  35.378  -14.885  47.585 0.0000000000
127831  31.436  -14.203  43.673 0.0000000000
45097  30.369  -15.205  44.828 0.0000000000
138943  30.138  -19.125  45.124 0.0000000000
42532  30.474  -20.074  46.557 0.0000000000
41666  30.708  -20.673  46.604 0.0000000000
39270  31.219  -22.279  47.521 0.0000000000
37519  31.075  -23.821  48.319 0.0000000000
38387  30.953  -23.453  47.782 0.0000000000
38397  30.162  -23.279  47.215 0.0000000000
50964  46.183  -7.327  25.440 0.0000000000
51749  57.136  -5.642  25.920 0.0000000000
51764  56.966  -5.590  25.710 0.0000000000
52558  56.003  -5.205  25.962 0.0000000000
52577  56.709  -5.509  24.901 0.0000000000
52569  52.878  -4.235  25.931 0.0000000000
131702  53.929  -4.297  24.619 0.0000000000
53324  53.062  -3.714  24.368 0.0000000000
52588  54.986  -4.435  23.253 0.0000000000
52597  55.682  -4.750  22.122 0.0000000000
124128  26.397  -24.425  45.967 0.0000000000
38398  24.618  -23.118  44.767 0.0000000000
38411  22.343  -23.852  43.523 0.0000000000
38400  21.318  -23.498  44.295 0.0000000000
37534  20.334  -24.679  45.147 0.0000000000
39238  20.273  -21.062  48.858 0.0000000000
39239  19.973  -22.410  48.993 0.0000000000
39248  20.011  -22.210  47.266 0.0000000000
38381  20.063  -23.334  47.157 0.0000000000
37523  19.905  -24.762  46.753 0.0000000000
36619  20.099  -25.873  46.216 0.0000000000
35041  20.217  -27.789  49.339 0.0000000000
126432  20.595  -27.458  50.705 0.0000000000
34319  20.185  -28.074  49.873 0.0000000000
37427  22.188  -25.136  57.314 0.0000000000
36507  22.392  -25.662  57.124 0.0000000000
36517  22.411  -26.178  56.831 0.0000000000
35680  22.262  -26.742  56.538 0.0000000000
40009  14.986  -19.772  54.518 0.0000000000
40891  16.542  -19.632  54.853 0.0000000000
40913  18.421  -20.322  53.427 0.0000000000
39994  18.876  -21.139  55.232 0.0000000000
38300  19.965  -23.783  56.799 0.0000000000
35660  20.940  -27.054  56.812 0.0000000000
34958  22.199  -27.494  56.257 0.0000000000
34248  22.452  -27.826  55.886 0.0000000000
34255  22.070  -28.281  55.799 0.0000000000
33513  21.627  -28.807  55.577 0.0000000000
34940  19.889  -28.195  56.691 0.0000000000
34241  20.768  -29.025  56.560 0.0000000000
33502  21.039  -29.281  55.816 0.0000000000
33627  11.983  -26.917  44.445 0.0000000000
131943  11.953  -26.584  43.413 0.0000000000
128671  11.687  -26.350  41.370 0.0000000000
134449  49.065  -9.482  36.534 0.0000000000
111249  46.533  -11.344  38.392 0.0000000000
116953  44.455  -13.251  39.230 0.0000000000
44280  42.053  -14.834  39.523 0.0000000000
45158  40.673  -14.943  37.912 0.0000000000
44292  39.115  -16.423  36.743 0.0000000000
44295  38.596  -16.146  35.538 0.0000000000
44302  37.817  -17.091  34.000 0.0000000000
42603  38.287  -19.102  33.523 0.0000000000
41706  40.631  -19.738  39.283 0.0000000000
41720  39.525  -20.321  36.623 0.0000000000
42597  39.190  -19.745  36.242 0.0000000000
42602  38.712  -19.585  35.125 0.0000000000
114766  39.031  -19.620  33.072 0.0000000000
41771  39.589  -19.090  31.562 0.0000000000
41780  38.910  -18.935  30.240 0.0000000000
41788  38.191  -18.712  29.681 0.0000000000
41054  37.546  -18.635  30.685 0.0000000000
114284  37.633  -17.515  26.936 0.0000000000
133770  40.828  -20.422  44.275 0.0000000000
42531  36.560  -17.802  47.141 0.0000000000
42539  36.861  -18.444  46.579 0.0000000000
127487  36.743  -18.535  47.187 0.0000000000
40058  38.225  -20.205  46.279 0.0000000000
40969  37.540  -19.621  43.664 0.0000000000
40964  37.708  -20.246  44.761 0.0000000000
39278  38.222  -21.492  44.098 0.0000000000
40959  37.896  -20.563  45.423 0.0000000000
40070  37.856  -20.589  45.608 0.0000000000
40069  38.260  -20.708  45.698 0.0000000000
40067  39.231  -20.911  45.881 0.0000000000
39275  39.582  -21.859  44.489 0.0000000000
40086  39.943  -21.459  44.705 0.0000000000
40963  40.441  -20.976  44.553 0.0000000000
40968  40.697  -20.898  43.988 0.0000000000
40967  40.891  -20.771  43.534 0.0000000000
40104  40.915  -21.645  42.245 0.0000000000
119023  41.080  -21.622  41.697 0.0000000000
39319  40.908  -22.401  40.540 0.0000000000
38464  40.622  -22.727  40.727 0.0000000000
39329  40.906  -22.414  39.902 0.0000000000
39343  40.189  -22.700  38.093 0.0000000000
39359  39.466  -22.329  36.187 0.0000000000
118267  39.297  -23.493  39.113 0.0000000000
132837  39.271  -23.121  36.974 0.0000000000
134001  38.193  -23.068  35.144 0.0000000000
38509  38.602  -23.083  35.590 0.0000000000
38508  38.817  -23.118  36.065 0.0000000000
38515  38.692  -22.798  35.295 0.0000000000
38525  38.503  -22.533  34.469 0.0000000000
39373  38.850  -22.008  34.369 0.0000000000
39386  37.857  -21.803  32.562 0.0000000000
39396  37.258  -21.425  31.281 0.0000000000
40228  36.494  -20.982  29.485 0.0000000000
39398  36.471  -21.761  30.347 0.0000000000
111197  35.919  -21.656  28.695 0.0000000000
111199  36.002  -21.076  28.206 0.0000000000
111302  48.136  -10.089  36.354 0.0000000000
111281  48.332  -9.795  35.614 0.0000000000
111289  48.315  -9.512  35.051 0.0000000000
115060  47.693  -9.625  35.134 0.0000000000
135514  46.876  -9.594  34.803 0.0000000000
47748  45.951  -11.283  37.827 0.0000000000
48592  45.303  -10.586  36.433 0.0000000000
113442  46.272  -10.140  35.852 0.0000000000
50251  61.478  -7.840  16.582 0.0000000000
33482  21.330  -28.752  56.341 0.0000000000
33483  21.097  -29.056  56.258 0.0000000000
33492  21.872  -28.918  55.988 0.0000000000
33493  21.012  -29.140  56.163 0.0000000000
33501  21.612  -28.737  55.963 0.0000000000
33526  21.583  -28.807  54.911 0.0000000000
33626  12.695  -27.244  43.271 0.0000000000
34228  20.810  -28.067  56.731 0.0000000000
34229  19.869  -28.976  56.985 0.0000000000
34239  21.695  -28.193  56.262 0.0000000000
34240  21.167  -28.483  56.533 0.0000000000
34249  22.014  -28.272  56.076 0.0000000000
34254  22.485  -27.814  55.587 0.0000000000
34262  22.169  -28.103  55.035 0.0000000000
34271  22.426  -27.869  54.436 0.0000000000
34938  20.999  -27.258  56.773 0.0000000000
34945  21.836  -27.143  56.500 0.0000000000
34946  21.263  -27.525  56.606 0.0000000000
34959  21.528  -27.884  56.446 0.0000000000
34965  23.132  -27.031  55.919 0.0000000000
34966  22.949  -27.036  56.169 0.0000000000
34967  22.240  -27.643  56.113 0.0000000000
34971  22.852  -27.378  55.789 0.0000000000
34976  23.139  -27.110  55.109 0.0000000000
34977  22.882  -27.462  55.358 0.0000000000
34983  22.913  -27.087  54.534 0.0000000000
35002  22.016  -27.449  53.049 0.0000000000
35014  21.741  -27.256  52.543 0.0000000000
35015  21.471  -27.614  52.373 0.0000000000
35659  21.382  -26.510  56.779 0.0000000000
35661  20.591  -27.185  56.669 0.0000000000
35662  19.731  -27.786  56.453 0.0000000000
35669  22.039  -26.103  56.954 0.0000000000
35670  21.670  -26.881  56.637 0.0000000000
35672  20.345  -27.205  56.555 0.0000000000
35679  22.527  -27.027  56.288 0.0000000000
35688  23.148  -26.728  56.131 0.0000000000
35689  23.039  -26.818  56.215 0.0000000000
35701  23.408  -26.771  55.365 0.0000000000
35707  23.243  -26.749  54.886 0.0000000000
35712  22.918  -26.650  54.290 0.0000000000
35725  22.112  -26.998  53.018 0.0000000000
35734  28.433  -24.480  48.689 0.0000000000
35756  28.056  -24.916  48.006 0.0000000000
35770  28.037  -25.130  47.065 0.0000000000
35772  26.751  -25.562  45.297 0.0000000000
36497  21.355  -25.927  56.991 0.0000000000
36499  20.934  -26.116  56.872 0.0000000000
36508  21.949  -26.034  56.979 0.0000000000
36509  20.351  -26.295  56.472 0.0000000000
36511  19.727  -27.082  56.109 0.0000000000
36516  22.827  -26.098  56.895 0.0000000000
36518  19.655  -26.926  55.961 0.0000000000
36524  23.095  -26.400  56.500 0.0000000000
36537  23.543  -26.359  55.552 0.0000000000
36550  23.275  -26.409  54.782 0.0000000000
36556  29.523  -24.035  50.692 0.0000000000
36557  29.197  -23.917  50.540 0.0000000000
36563  29.673  -24.264  50.426 0.0000000000
36564  29.270  -24.179  50.071 0.0000000000
36571  30.283  -24.468  50.336 0.0000000000
36572  29.956  -24.454  49.953 0.0000000000
36573  29.073  -24.321  49.335 0.0000000000
36576  21.540  -26.519  52.100 0.0000000000
36585  29.847  -24.398  49.415 0.0000000000
36587  28.838  -24.578  48.437 0.0000000000
36589  27.755  -24.351  48.369 0.0000000000
36590  27.005  -24.040  47.899 0.0000000000
36598  29.374  -24.343  48.628 0.0000000000
36599  28.387  -24.712  47.861 0.0000000000
36600  26.867  -24.177  47.806 0.0000000000
36616  28.059  -24.868  46.866 0.0000000000
36633  25.378  -25.138  43.746 0.0000000000
37417  21.918  -24.891  57.513 0.0000000000
37418  21.808  -25.063  57.458 0.0000000000
37419  21.123  -25.104  57.967 0.0000000000
37421  20.315  -24.118  57.092 0.0000000000
37426  22.588  -25.439  57.080 0.0000000000
37428  22.100  -25.332  57.279 0.0000000000
37432  20.044  -25.959  56.151 0.0000000000
37436  23.316  -25.882  56.324 0.0000000000
37440  23.454  -25.927  55.886 0.0000000000
37444  23.468  -25.908  55.280 0.0000000000
37461  28.839  -23.322  50.945 0.0000000000
37462  22.612  -26.184  53.777 0.0000000000
37472  29.412  -23.701  50.974 0.0000000000
37480  28.434  -23.672  49.832 0.0000000000
37489  28.592  -24.063  49.573 0.0000000000
37492  20.990  -25.373  51.741 0.0000000000
37498  30.703  -24.302  49.192 0.0000000000
37510  26.545  -24.086  46.862 0.0000000000
37514  12.457  -24.108  47.738 0.0000000000
37520  30.435  -23.772  47.800 0.0000000000
37550  13.147  -24.472  44.081 0.0000000000
37604  39.732  -23.389  39.516 0.0000000000
37605  39.250  -23.256  39.220 0.0000000000
37614  40.273  -23.299  38.957 0.0000000000
37616  39.412  -23.336  38.381 0.0000000000
37625  39.335  -23.244  37.748 0.0000000000
37659  37.214  -22.620  34.463 0.0000000000
37671  35.946  -21.336  34.251 0.0000000000
38286  20.009  -23.819  57.357 0.0000000000
38291  22.315  -24.952  57.235 0.0000000000
38294  19.983  -23.804  56.918 0.0000000000
38298  23.127  -25.556  56.585 0.0000000000
38299  22.812  -25.057  56.802 0.0000000000
38305  22.881  -24.882  56.275 0.0000000000
38306  19.872  -24.179  56.108 0.0000000000
38311  23.019  -25.114  55.913 0.0000000000
38317  23.342  -25.528  55.662 0.0000000000
38328  23.150  -25.707  54.769 0.0000000000
38329  22.861  -25.341  54.851 0.0000000000
38338  22.887  -25.922  54.289 0.0000000000
38347  28.825  -22.669  51.425 0.0000000000
38349  19.221  -23.628  52.335 0.0000000000
38351  12.485  -22.978  52.498 0.0000000000
38356  21.090  -25.146  52.326 0.0000000000
38366  19.124  -22.173  50.421 0.0000000000
38371  31.533  -23.928  49.211 0.0000000000
38379  31.894  -23.209  48.481 0.0000000000
38393  39.028  -22.038  44.627 0.0000000000
38403  13.629  -22.789  45.304 0.0000000000
38405  38.908  -22.130  44.382 0.0000000000
38416  39.540  -22.306  43.159 0.0000000000
38438  40.205  -22.791  41.600 0.0000000000
38440  39.502  -22.787  42.033 0.0000000000
38452  39.973  -23.048  41.193 0.0000000000
38485  40.593  -22.830  39.453 0.0000000000
38486  40.228  -23.144  39.078 0.0000000000
38514  39.115  -22.572  35.796 0.0000000000
38526  38.055  -22.748  34.086 0.0000000000
38527  37.817  -22.714  33.708 0.0000000000
38547  37.679  -22.108  32.690 0.0000000000
38558  36.302  -21.789  30.329 0.0000000000
39147  22.387  -24.826  57.071 0.0000000000
39156  19.411  -22.396  57.424 0.0000000000
39161  19.544  -22.534  56.880 0.0000000000
39165  22.561  -24.849  55.704 0.0000000000
39178  22.418  -24.973  55.083 0.0000000000
39179  21.843  -24.563  55.370 0.0000000000
39212  21.289  -25.056  52.976 0.0000000000
39237  26.590  -22.414  48.050 0.0000000000
39246  24.847  -21.214  46.640 0.0000000000
39255  32.217  -22.564  48.545 0.0000000000
39260  17.871  -20.953  46.481 0.0000000000
39273  17.190  -21.729  45.046 0.0000000000
39276  39.236  -21.995  44.583 0.0000000000
39289  16.926  -22.930  43.106 0.0000000000
39300  40.881  -21.875  42.027 0.0000000000
39365  38.831  -22.400  35.028 0.0000000000
39378  38.396  -22.194  33.817 0.0000000000
39379  38.097  -22.159  33.238 0.0000000000
39395  37.644  -20.939  31.529 0.0000000000
39397  37.242  -21.696  31.163 0.0000000000
39978  18.707  -21.100  56.511 0.0000000000
39993  20.721  -23.562  55.610 0.0000000000
40008  18.831  -21.090  54.313 0.0000000000
40022  16.945  -19.892  53.371 0.0000000000
40023  15.170  -20.023  53.499 0.0000000000
40042  18.986  -21.214  51.066 0.0000000000
40048  26.601  -20.660  49.060 0.0000000000
40052  16.137  -20.019  49.487 0.0000000000
40060  32.209  -22.226  48.557 0.0000000000
40061  25.362  -20.922  47.285 0.0000000000
40078  39.115  -21.281  45.516 0.0000000000
40079  39.073  -21.399  45.441 0.0000000000
40081  37.973  -20.886  45.185 0.0000000000
40082  31.569  -21.717  47.696 0.0000000000
40083  16.846  -21.151  45.674 0.0000000000
40205  38.361  -20.684  32.537 0.0000000000
40211  38.170  -19.290  31.088 0.0000000000
40923  17.831  -20.022  52.753 0.0000000000
40994  40.935  -21.240  38.943 0.0000000000
41036  38.847  -20.013  32.842 0.0000000000
41047  38.794  -19.692  31.083 0.0000000000
41714  40.466  -19.802  38.663 0.0000000000
41795  38.520  -17.410  28.536 0.0000000000
44288  39.424  -16.398  37.748 0.0000000000
45980  31.596  -13.145  44.229 0.0000000000
50202  60.741  -8.085  20.741 0.0000000000
51012  62.052  -8.011  19.081 0.0000000000
51725  51.482  -7.206  30.843 0.0000000000
51740  56.932  -5.662  26.098 0.0000000000
111280  47.843  -9.404  34.758 0.0000000000
114737  50.304  -8.874  34.929 0.0000000000
115897  37.762  -22.532  37.589 0.0000000000
115949  18.960  -21.995  55.994 0.0000000000
116044  38.947  -23.112  37.140 0.0000000000
116452  20.000  -25.904  56.072 0.0000000000
117653  37.716  -19.846  30.987 0.0000000000
117721  30.295  -24.472  49.895 0.0000000000
118830  40.477  -22.351  38.337 0.0000000000
119094  20.778  -26.549  56.720 0.0000000000
119241  37.654  -21.518  31.968 0.0000000000
119887  19.888  -20.942  53.074 0.0000000000
120373  20.139  -22.891  54.788 0.0000000000
120404  21.877  -26.208  52.632 0.0000000000
120443  22.175  -25.980  53.162 0.0000000000
120626  39.347  -22.003  35.859 0.0000000000
121861  18.113  -20.001  55.059 0.0000000000
122099  22.076  -25.444  53.537 0.0000000000
122152  39.797  -23.230  40.811 0.0000000000
123005  21.996  -28.301  54.033 0.0000000000
123496  21.801  -28.266  53.380 0.0000000000
124157  22.720  -26.506  56.569 0.0000000000
124355  22.624  -27.463  54.252 0.0000000000
124784  38.993  -22.446  43.352 0.0000000000
125202  20.833  -25.395  57.001 0.0000000000
125241  31.455  -23.491  48.212 0.0000000000
125911  23.463  -26.513  55.147 0.0000000000
126092  20.747  -24.468  57.519 0.0000000000
126231  20.924  -25.157  57.198 0.0000000000
126590  21.405  -24.609  57.778 0.0000000000
126851  39.681  -23.346  38.314 0.0000000000
127295  20.111  -24.917  56.572 0.0000000000
127834  23.483  -26.260  55.110 0.0000000000
127835  23.160  -25.992  56.607 0.0000000000
132481  62.584  -6.729  17.989 0.0000000000
132559  28.103  -24.672  48.137 0.0000000000
132704  20.217  -27.543  48.796 0.0000000000
133020  19.605  -23.575  54.741 0.0000000000
133129  20.577  -28.803  56.711 0.0000000000
133226  37.197  -22.089  32.487 0.0000000000
134088  39.826  -22.054  43.464 0.0000000000
134246  20.069  -24.855  56.348 0.0000000000
135491  23.100  -25.632  56.790 0.0000000000
135493  28.630  -23.455  50.333 0.0000000000
135669  27.772  -20.867  51.546 0.0000000000
136134  21.867  -25.965  56.956 0.0000000000
136496  12.215  -26.769  42.339 0.0000000000
136503  22.787  -26.416  54.013 0.0000000000
136819  26.425  -26.359  44.158 0.0000000000
136824  38.546  -22.396  40.635 0.0000000000
137102  20.495  -25.121  56.912 0.0000000000
137329  20.847  -25.567  51.196 0.0000000000
138270  40.805  -21.525  42.777 0.0000000000
138541  39.497  -23.135  40.659 0.0000000000
138618  21.824  -25.161  57.401 0.0000000000
139543  37.926  -23.012  35.408 0.0000000000
