#!ascii label  , from subject sub-1009 vox2ras=TkReg
1115
37434  9.597  -25.595  57.309 0.0000000000
33709  1.525  -29.959  32.321 0.0000000000
130787  5.453  -27.105  47.990 0.0000000000
38437  4.167  -23.488  43.628 0.0000000000
117076  3.844  -18.085  37.876 0.0000000000
33545  6.873  -28.825  52.434 0.0000000000
36570  4.533  -25.725  50.727 0.0000000000
39929  13.112  -21.799  59.276 0.0000000000
34265  10.066  -27.880  54.949 0.0000000000
129885  8.814  -27.994  48.798 0.0000000000
42537  4.290  -19.121  47.671 0.0000000000
40122  3.267  -20.631  40.957 0.0000000000
45128  4.264  -15.975  44.089 0.0000000000
33638  4.685  -30.556  42.170 0.0000000000
131389  4.322  -28.755  40.653 0.0000000000
36637  4.720  -25.599  46.411 0.0000000000
40057  3.886  -22.512  49.306 0.0000000000
36726  4.999  -26.465  37.629 0.0000000000
39366  4.599  -24.980  33.651 0.0000000000
40206  4.123  -22.771  30.260 0.0000000000
127665  4.213  -15.268  34.431 0.0000000000
123905  8.199  -27.839  55.346 0.0000000000
36542  7.900  -27.083  52.834 0.0000000000
127130  10.936  -24.126  59.090 0.0000000000
35676  11.532  -26.346  57.980 0.0000000000
34245  9.850  -28.088  57.419 0.0000000000
32804  8.467  -28.903  53.947 0.0000000000
44259  4.553  -17.537  45.231 0.0000000000
128798  5.646  -26.298  44.732 0.0000000000
131058  5.358  -26.805  43.803 0.0000000000
138428  5.026  -26.371  47.163 0.0000000000
38344  4.953  -23.518  51.843 0.0000000000
123125  3.898  -23.975  50.136 0.0000000000
134409  6.614  -27.496  48.047 0.0000000000
134836  7.183  -26.295  45.869 0.0000000000
112707  6.010  -26.835  44.018 0.0000000000
130337  5.069  -29.938  42.346 0.0000000000
113010  5.083  -25.523  42.566 0.0000000000
129145  4.120  -28.309  38.956 0.0000000000
131042  5.526  -25.015  40.481 0.0000000000
41006  3.814  -19.728  39.407 0.0000000000
40148  6.755  -22.203  38.573 0.0000000000
40167  7.774  -21.910  35.588 0.0000000000
40181  3.973  -24.447  32.428 0.0000000000
41744  7.386  -19.768  32.899 0.0000000000
129922  5.726  -28.247  50.482 0.0000000000
35033  4.649  -27.214  49.797 0.0000000000
34289  6.054  -27.825  51.747 0.0000000000
37457  6.274  -25.129  51.714 0.0000000000
40837  15.939  -20.247  59.064 0.0000000000
39956  16.995  -20.047  57.943 0.0000000000
38302  12.959  -23.224  57.892 0.0000000000
36546  11.956  -25.511  54.780 0.0000000000
32829  9.823  -28.708  51.627 0.0000000000
115573  7.520  -29.253  51.503 0.0000000000
40962  3.951  -21.357  45.803 0.0000000000
40108  3.524  -21.976  42.544 0.0000000000
41683  3.341  -20.221  43.322 0.0000000000
43440  3.005  -18.738  42.309 0.0000000000
44276  1.641  -17.492  40.567 0.0000000000
134752  11.063  -21.966  58.265 0.0000000000
41591  19.407  -19.786  55.949 0.0000000000
44935  19.054  -16.763  57.828 0.0000000000
44092  14.462  -18.918  59.585 0.0000000000
42418  11.999  -20.154  59.229 0.0000000000
32218  3.941  -31.938  41.431 0.0000000000
126323  3.199  -30.929  39.987 0.0000000000
34393  4.467  -29.562  41.436 0.0000000000
114169  4.752  -26.010  43.578 0.0000000000
37551  4.503  -24.670  45.135 0.0000000000
122077  3.999  -25.838  48.915 0.0000000000
38385  3.895  -24.397  48.250 0.0000000000
118907  4.017  -22.859  46.775 0.0000000000
41657  4.044  -20.777  48.717 0.0000000000
33678  3.009  -30.563  38.294 0.0000000000
35152  3.739  -29.183  36.628 0.0000000000
122524  3.896  -28.737  34.596 0.0000000000
39331  5.944  -23.743  40.024 0.0000000000
37643  5.446  -25.947  36.078 0.0000000000
35882  2.357  -27.093  32.925 0.0000000000
36775  1.418  -26.033  32.162 0.0000000000
37709  0.807  -25.245  30.584 0.0000000000
46869  3.387  -14.788  42.300 0.0000000000
45150  1.301  -16.259  39.280 0.0000000000
46055  1.989  -15.612  37.439 0.0000000000
43485  2.926  -16.601  36.631 0.0000000000
122112  5.764  -18.945  30.723 0.0000000000
132051  9.067  -26.786  56.739 0.0000000000
124633  8.898  -26.883  55.877 0.0000000000
37435  9.421  -25.726  56.414 0.0000000000
37425  9.891  -25.007  58.275 0.0000000000
36504  10.053  -25.877  58.427 0.0000000000
36514  9.471  -26.377  57.773 0.0000000000
34247  8.963  -27.903  56.650 0.0000000000
32992  1.583  -30.815  31.778 0.0000000000
34458  1.186  -29.575  31.540 0.0000000000
130515  5.971  -26.966  47.017 0.0000000000
113823  5.057  -26.112  46.735 0.0000000000
34345  5.089  -26.989  48.203 0.0000000000
39953  21.745  -23.555  57.400 0.0000000000
130516  6.099  -27.579  48.542 0.0000000000
128802  6.138  -27.037  47.167 0.0000000000
130576  6.165  -26.979  45.978 0.0000000000
129018  6.018  -26.716  45.039 0.0000000000
37577  4.886  -24.625  42.869 0.0000000000
114486  5.168  -24.969  42.056 0.0000000000
38446  4.804  -24.098  42.472 0.0000000000
41715  4.225  -18.847  38.621 0.0000000000
41014  6.370  -18.933  38.446 0.0000000000
41721  7.575  -18.252  37.057 0.0000000000
41019  7.814  -20.217  35.180 0.0000000000
41733  6.536  -17.085  36.469 0.0000000000
132773  6.297  -28.888  51.447 0.0000000000
128147  5.722  -28.304  51.317 0.0000000000
34288  6.139  -27.988  51.916 0.0000000000
36543  7.267  -26.883  52.073 0.0000000000
38331  6.166  -24.225  52.049 0.0000000000
40839  13.839  -20.905  59.225 0.0000000000
39951  14.023  -20.901  58.987 0.0000000000
39145  12.871  -22.728  58.857 0.0000000000
34968  11.081  -27.120  56.742 0.0000000000
35692  11.911  -26.081  56.844 0.0000000000
35710  11.099  -26.615  54.676 0.0000000000
33543  9.696  -28.263  53.584 0.0000000000
32805  7.819  -28.997  53.600 0.0000000000
138473  8.149  -29.165  52.810 0.0000000000
113556  7.089  -29.142  52.336 0.0000000000
130785  6.530  -28.733  50.727 0.0000000000
41668  4.247  -20.607  46.158 0.0000000000
117173  3.715  -21.082  44.727 0.0000000000
42547  4.456  -19.309  45.386 0.0000000000
44260  4.450  -16.811  44.668 0.0000000000
43435  4.114  -17.979  43.880 0.0000000000
44268  3.326  -17.377  42.599 0.0000000000
43446  2.165  -18.264  40.894 0.0000000000
45135  2.988  -16.635  42.223 0.0000000000
43274  15.623  -18.903  59.404 0.0000000000
32900  4.248  -31.238  41.861 0.0000000000
33647  3.945  -30.977  41.385 0.0000000000
34382  4.387  -30.387  41.652 0.0000000000
35800  5.087  -25.846  45.003 0.0000000000
130591  4.963  -27.045  43.112 0.0000000000
36648  4.986  -25.599  45.275 0.0000000000
37561  4.887  -25.507  43.836 0.0000000000
36649  4.538  -24.982  45.953 0.0000000000
35739  4.615  -27.007  50.320 0.0000000000
35740  4.339  -26.756  49.706 0.0000000000
36580  4.239  -25.929  50.202 0.0000000000
39243  3.832  -23.289  49.614 0.0000000000
38384  3.754  -24.550  49.026 0.0000000000
120824  3.781  -23.762  48.738 0.0000000000
39253  3.948  -23.735  47.842 0.0000000000
125353  3.897  -23.140  48.143 0.0000000000
122454  4.025  -21.810  47.670 0.0000000000
122186  3.926  -21.954  49.070 0.0000000000
39980  14.457  -19.974  57.190 0.0000000000
40851  17.788  -20.351  56.874 0.0000000000
33597  9.901  -27.982  48.782 0.0000000000
138920  10.316  -27.283  47.335 0.0000000000
137112  8.934  -27.006  47.274 0.0000000000
129344  6.058  -26.054  43.664 0.0000000000
130517  6.603  -25.352  43.256 0.0000000000
122670  4.824  -29.319  42.045 0.0000000000
32899  4.626  -31.600  42.711 0.0000000000
34409  3.568  -29.694  40.116 0.0000000000
33670  3.069  -30.625  39.269 0.0000000000
35133  3.451  -29.478  39.313 0.0000000000
36705  4.562  -27.349  38.877 0.0000000000
35848  4.266  -28.053  38.107 0.0000000000
35857  4.722  -27.979  37.159 0.0000000000
117545  3.936  -28.993  35.536 0.0000000000
35863  5.470  -27.901  35.999 0.0000000000
40116  3.412  -21.331  41.610 0.0000000000
39323  4.304  -22.274  41.419 0.0000000000
40130  4.152  -21.450  40.845 0.0000000000
40158  6.716  -23.899  35.548 0.0000000000
39345  6.372  -24.482  37.388 0.0000000000
38501  4.836  -25.310  34.136 0.0000000000
121630  4.813  -26.437  34.079 0.0000000000
37664  3.405  -25.727  33.235 0.0000000000
36774  1.992  -26.211  32.700 0.0000000000
38521  2.988  -25.241  32.929 0.0000000000
40198  4.910  -23.198  30.915 0.0000000000
127484  2.159  -24.477  31.817 0.0000000000
39389  1.970  -24.138  31.167 0.0000000000
47710  3.428  -14.277  41.997 0.0000000000
46033  2.271  -15.262  41.229 0.0000000000
46892  1.980  -14.889  40.373 0.0000000000
46069  2.304  -14.823  35.365 0.0000000000
45170  2.530  -15.712  35.879 0.0000000000
44294  2.134  -16.515  37.224 0.0000000000
44303  4.512  -15.520  34.855 0.0000000000
42605  6.892  -16.349  34.080 0.0000000000
43499  5.396  -16.592  32.209 0.0000000000
33520  7.744  -28.482  53.738 0.0000000000
34988  7.255  -27.873  52.859 0.0000000000
35700  8.227  -27.584  54.791 0.0000000000
39133  11.184  -23.035  59.218 0.0000000000
37412  11.668  -24.340  58.858 0.0000000000
36494  11.128  -24.977  58.948 0.0000000000
34953  11.037  -26.894  57.930 0.0000000000
34252  10.052  -28.087  56.753 0.0000000000
125597  9.402  -28.435  54.821 0.0000000000
32775  9.106  -28.716  55.865 0.0000000000
33508  8.534  -28.560  55.270 0.0000000000
43405  4.179  -18.052  48.012 0.0000000000
43413  4.399  -18.242  46.941 0.0000000000
44240  4.174  -17.311  47.393 0.0000000000
45093  4.096  -16.586  46.784 0.0000000000
45977  3.583  -15.130  46.628 0.0000000000
112672  5.521  -27.646  43.123 0.0000000000
112782  4.871  -27.575  42.888 0.0000000000
112833  5.404  -26.771  44.023 0.0000000000
35075  5.182  -25.953  45.064 0.0000000000
35778  4.771  -25.993  47.023 0.0000000000
38352  4.864  -24.555  51.162 0.0000000000
37485  4.249  -25.339  50.453 0.0000000000
122757  4.561  -23.717  51.338 0.0000000000
39225  4.349  -23.092  51.272 0.0000000000
40053  4.024  -22.374  50.197 0.0000000000
40937  4.024  -21.502  50.190 0.0000000000
129017  7.349  -27.748  48.354 0.0000000000
130518  7.822  -27.306  47.624 0.0000000000
130435  7.134  -27.107  47.203 0.0000000000
130456  6.342  -26.278  45.181 0.0000000000
130496  5.918  -27.999  42.756 0.0000000000
130960  5.345  -29.510  42.240 0.0000000000
130514  5.855  -27.197  43.519 0.0000000000
130434  5.697  -27.496  43.243 0.0000000000
112737  4.997  -26.916  41.210 0.0000000000
130454  4.771  -27.916  39.663 0.0000000000
128701  5.067  -26.468  40.515 0.0000000000
130419  5.156  -26.091  39.993 0.0000000000
37621  5.376  -25.707  39.399 0.0000000000
40997  3.203  -20.167  40.060 0.0000000000
40139  5.526  -21.432  40.119 0.0000000000
40995  4.665  -20.505  39.810 0.0000000000
40157  7.582  -22.324  37.046 0.0000000000
40168  7.034  -23.108  34.680 0.0000000000
125509  4.568  -24.644  33.133 0.0000000000
40179  6.960  -23.059  33.442 0.0000000000
41025  7.060  -22.815  32.182 0.0000000000
41031  7.169  -22.345  30.650 0.0000000000
45179  3.523  -14.800  34.176 0.0000000000
44313  6.343  -15.753  31.741 0.0000000000
44314  5.408  -15.083  31.138 0.0000000000
129019  5.682  -27.940  49.663 0.0000000000
33577  5.299  -27.635  49.350 0.0000000000
132907  5.395  -27.914  50.027 0.0000000000
35019  5.263  -27.712  51.026 0.0000000000
35722  5.147  -26.814  51.261 0.0000000000
126505  6.672  -27.750  52.150 0.0000000000
35717  5.682  -26.759  51.462 0.0000000000
36561  5.265  -26.194  51.358 0.0000000000
122212  5.373  -24.549  51.481 0.0000000000
40824  18.022  -20.227  59.213 0.0000000000
39933  19.236  -21.409  58.883 0.0000000000
39936  16.290  -19.967  58.915 0.0000000000
36512  12.252  -24.527  58.192 0.0000000000
37442  12.610  -24.507  56.577 0.0000000000
38330  12.682  -23.123  54.434 0.0000000000
33574  10.255  -28.327  50.447 0.0000000000
138594  9.016  -28.673  50.378 0.0000000000
32802  9.048  -28.688  53.551 0.0000000000
32846  8.525  -29.198  51.751 0.0000000000
129719  7.901  -28.686  50.148 0.0000000000
133723  7.228  -28.588  50.015 0.0000000000
131069  6.073  -28.019  49.461 0.0000000000
40090  3.799  -22.324  44.885 0.0000000000
39299  3.827  -22.653  43.075 0.0000000000
117402  3.600  -21.652  44.318 0.0000000000
125579  3.327  -21.426  42.620 0.0000000000
119326  3.142  -20.819  42.036 0.0000000000
42551  4.058  -19.452  44.412 0.0000000000
42557  3.192  -19.507  42.768 0.0000000000
42561  2.891  -19.723  41.479 0.0000000000
42563  2.441  -19.217  40.168 0.0000000000
43448  1.951  -18.636  39.744 0.0000000000
43459  1.744  -18.355  39.121 0.0000000000
39958  10.347  -23.849  57.823 0.0000000000
125049  19.372  -20.980  57.634 0.0000000000
43323  22.664  -17.397  56.331 0.0000000000
44126  20.763  -16.368  57.000 0.0000000000
43313  20.903  -16.709  56.420 0.0000000000
117272  19.056  -18.031  56.951 0.0000000000
41568  18.739  -19.411  57.763 0.0000000000
41559  18.893  -20.074  58.607 0.0000000000
127774  14.723  -19.770  59.430 0.0000000000
41556  13.055  -20.501  59.901 0.0000000000
139620  13.150  -19.481  60.032 0.0000000000
134937  11.985  -21.158  60.125 0.0000000000
40841  10.927  -22.127  59.232 0.0000000000
40848  10.757  -22.687  58.797 0.0000000000
131420  3.580  -30.180  40.574 0.0000000000
35121  4.342  -29.129  41.027 0.0000000000
112671  4.882  -28.713  41.997 0.0000000000
131059  4.889  -28.048  41.960 0.0000000000
130453  4.932  -27.437  41.752 0.0000000000
129830  4.744  -25.958  42.983 0.0000000000
37570  4.959  -25.163  43.371 0.0000000000
120624  4.388  -24.184  44.399 0.0000000000
121403  4.783  -26.889  48.462 0.0000000000
35764  4.520  -26.570  48.340 0.0000000000
36606  4.242  -25.839  48.094 0.0000000000
37506  3.810  -25.221  49.333 0.0000000000
36607  3.889  -25.083  48.599 0.0000000000
36624  4.275  -25.321  47.562 0.0000000000
37526  4.277  -24.709  47.027 0.0000000000
125445  4.208  -23.986  46.520 0.0000000000
135472  3.966  -22.905  45.398 0.0000000000
40085  3.931  -22.383  45.820 0.0000000000
40958  4.161  -21.114  46.935 0.0000000000
41662  4.171  -20.175  48.039 0.0000000000
41649  4.019  -20.462  49.516 0.0000000000
42519  3.984  -19.669  49.545 0.0000000000
133802  4.130  -18.635  48.591 0.0000000000
33628  11.346  -26.616  45.178 0.0000000000
130851  7.629  -25.733  45.339 0.0000000000
35843  3.690  -28.955  38.990 0.0000000000
34430  3.258  -29.815  36.958 0.0000000000
115468  2.508  -29.347  33.443 0.0000000000
38457  4.710  -23.120  41.769 0.0000000000
38480  5.651  -23.817  40.703 0.0000000000
37631  5.418  -25.789  38.358 0.0000000000
39344  6.044  -23.195  38.518 0.0000000000
38493  6.012  -24.858  38.134 0.0000000000
125551  5.169  -26.397  36.732 0.0000000000
36748  5.011  -27.335  34.866 0.0000000000
120473  3.827  -28.107  33.889 0.0000000000
133563  1.985  -29.005  32.917 0.0000000000
35171  1.534  -28.244  32.175 0.0000000000
134181  2.299  -24.753  32.288 0.0000000000
37687  1.047  -25.929  31.561 0.0000000000
46846  3.646  -14.411  44.951 0.0000000000
47687  3.471  -13.841  44.539 0.0000000000
46016  3.889  -15.550  43.167 0.0000000000
127059  2.241  -15.991  41.519 0.0000000000
45148  1.294  -16.749  40.090 0.0000000000
43466  1.714  -17.567  38.225 0.0000000000
45154  1.652  -16.025  38.430 0.0000000000
43473  2.038  -17.143  37.574 0.0000000000
42591  4.496  -17.370  36.995 0.0000000000
42598  5.718  -16.385  35.930 0.0000000000
42609  6.863  -18.375  32.634 0.0000000000
41755  6.662  -20.397  30.427 0.0000000000
41772  5.124  -20.188  29.364 0.0000000000
36522  9.306  -26.180  56.969 0.0000000000
37431  9.754  -25.304  57.855 0.0000000000
36506  9.675  -25.705  58.040 0.0000000000
36515  9.503  -25.997  57.602 0.0000000000
124423  9.256  -26.595  57.331 0.0000000000
33715  1.694  -30.596  32.363 0.0000000000
139219  1.333  -30.247  31.808 0.0000000000
34355  5.357  -26.687  47.342 0.0000000000
40858  20.147  -22.289  57.094 0.0000000000
39965  20.867  -23.019  56.962 0.0000000000
39954  20.921  -22.928  57.861 0.0000000000
128707  5.839  -27.085  47.643 0.0000000000
37578  4.433  -23.825  42.977 0.0000000000
42583  2.997  -18.496  38.384 0.0000000000
41722  5.353  -17.948  37.690 0.0000000000
33554  6.479  -28.908  51.899 0.0000000000
33546  6.297  -28.511  52.251 0.0000000000
33534  6.806  -28.499  52.423 0.0000000000
131581  13.208  -21.086  59.567 0.0000000000
39129  13.300  -21.974  58.937 0.0000000000
39130  12.874  -22.603  58.956 0.0000000000
137495  10.521  -27.593  55.941 0.0000000000
34973  10.846  -27.211  55.980 0.0000000000
34980  10.730  -27.119  55.085 0.0000000000
34987  10.793  -26.989  53.968 0.0000000000
34264  10.317  -27.542  54.562 0.0000000000
34287  10.090  -28.071  53.161 0.0000000000
34275  9.982  -27.925  54.061 0.0000000000
32821  7.355  -28.920  53.129 0.0000000000
113583  7.452  -29.163  52.660 0.0000000000
114129  6.836  -29.101  52.574 0.0000000000
32834  6.685  -29.028  51.958 0.0000000000
41667  4.322  -20.128  46.945 0.0000000000
136705  4.435  -19.948  46.004 0.0000000000
42542  4.484  -19.195  46.448 0.0000000000
44266  4.157  -17.168  43.562 0.0000000000
45134  3.731  -16.430  42.888 0.0000000000
130506  4.850  -29.404  41.988 0.0000000000
35789  5.066  -25.890  45.942 0.0000000000
35810  5.109  -25.999  44.099 0.0000000000
35730  4.650  -26.496  50.697 0.0000000000
131306  4.348  -26.525  50.134 0.0000000000
39252  3.813  -23.034  48.847 0.0000000000
40065  3.903  -22.389  48.441 0.0000000000
114847  9.504  -28.005  48.854 0.0000000000
33608  9.859  -27.644  48.116 0.0000000000
129870  9.226  -27.591  48.060 0.0000000000
130433  6.053  -27.682  42.897 0.0000000000
139390  6.024  -26.854  42.971 0.0000000000
35127  3.962  -29.241  40.519 0.0000000000
134274  4.030  -28.820  39.857 0.0000000000
36715  4.682  -27.237  37.892 0.0000000000
35864  4.518  -28.632  36.315 0.0000000000
36727  5.072  -27.103  36.899 0.0000000000
40121  3.611  -21.467  41.241 0.0000000000
40131  3.577  -20.995  40.901 0.0000000000
39354  5.536  -24.816  34.710 0.0000000000
37653  4.365  -25.652  33.726 0.0000000000
38520  3.863  -25.276  33.396 0.0000000000
37665  2.463  -25.650  32.862 0.0000000000
123859  3.132  -23.802  31.290 0.0000000000
117227  2.719  -23.499  30.658 0.0000000000
47709  3.784  -13.721  42.742 0.0000000000
47722  2.887  -14.236  41.221 0.0000000000
46886  2.405  -14.686  41.000 0.0000000000
47732  2.417  -14.234  40.490 0.0000000000
45176  2.913  -15.217  35.128 0.0000000000
46063  2.287  -15.369  35.946 0.0000000000
44304  3.267  -15.582  35.368 0.0000000000
44308  5.489  -15.303  33.523 0.0000000000
34260  7.967  -27.996  55.072 0.0000000000
34981  7.827  -27.943  54.124 0.0000000000
34975  7.977  -27.912  54.662 0.0000000000
36529  8.948  -26.289  55.054 0.0000000000
39134  11.007  -23.456  59.133 0.0000000000
128476  11.419  -24.026  59.022 0.0000000000
126085  10.889  -24.934  58.986 0.0000000000
34956  9.879  -27.173  57.822 0.0000000000
34943  10.540  -26.739  58.119 0.0000000000
34955  9.941  -27.065  57.990 0.0000000000
34244  10.371  -27.780  57.292 0.0000000000
33488  9.896  -28.064  57.194 0.0000000000
33506  9.956  -28.337  55.923 0.0000000000
33489  9.405  -28.210  56.839 0.0000000000
121073  8.641  -27.792  56.079 0.0000000000
34253  8.552  -27.914  55.856 0.0000000000
34259  8.162  -27.929  55.523 0.0000000000
33509  7.866  -28.118  55.035 0.0000000000
44230  3.954  -17.169  48.427 0.0000000000
45082  3.507  -15.695  48.233 0.0000000000
45094  3.714  -15.803  47.226 0.0000000000
45107  4.000  -15.897  46.165 0.0000000000
123854  5.024  -26.080  46.637 0.0000000000
35064  4.828  -26.397  47.634 0.0000000000
40045  4.222  -22.421  51.074 0.0000000000
40933  4.147  -21.653  50.943 0.0000000000
130436  6.116  -26.706  45.944 0.0000000000
130788  6.495  -26.885  46.534 0.0000000000
136885  6.030  -26.459  44.115 0.0000000000
135041  5.148  -25.944  41.856 0.0000000000
37599  5.364  -24.903  41.306 0.0000000000
131057  5.312  -25.686  40.694 0.0000000000
36704  4.945  -26.553  39.295 0.0000000000
41707  2.993  -19.717  39.701 0.0000000000
40996  3.593  -20.290  39.947 0.0000000000
41013  7.717  -20.287  37.092 0.0000000000
41004  7.442  -20.497  38.981 0.0000000000
139196  7.323  -22.947  35.646 0.0000000000
41020  7.580  -21.962  34.346 0.0000000000
41743  7.492  -19.516  34.138 0.0000000000
41024  7.787  -21.286  33.303 0.0000000000
41030  7.718  -21.320  31.949 0.0000000000
46068  2.793  -14.838  34.788 0.0000000000
45180  4.357  -14.649  32.842 0.0000000000
34301  5.678  -28.061  51.471 0.0000000000
124481  5.393  -28.108  50.896 0.0000000000
35729  5.000  -27.210  50.892 0.0000000000
35006  5.418  -27.509  51.340 0.0000000000
34982  7.608  -27.920  53.509 0.0000000000
35706  7.342  -27.626  52.687 0.0000000000
35711  6.508  -26.965  51.761 0.0000000000
36549  5.799  -25.730  51.501 0.0000000000
135917  5.814  -24.614  51.663 0.0000000000
40836  16.950  -20.038  59.101 0.0000000000
40835  17.976  -20.386  58.952 0.0000000000
38295  13.484  -21.908  58.411 0.0000000000
39151  14.009  -20.829  58.188 0.0000000000
38307  13.228  -22.270  57.705 0.0000000000
36501  11.619  -25.248  58.534 0.0000000000
36500  12.069  -24.757  58.312 0.0000000000
36513  12.089  -25.200  58.066 0.0000000000
36540  12.050  -25.524  55.653 0.0000000000
36534  12.242  -25.424  56.523 0.0000000000
138459  12.405  -24.970  55.972 0.0000000000
120070  12.587  -24.253  55.751 0.0000000000
37447  12.520  -24.125  54.876 0.0000000000
37466  12.230  -24.827  53.524 0.0000000000
36569  11.895  -25.733  51.390 0.0000000000
117205  10.062  -28.521  51.945 0.0000000000
32843  9.913  -28.599  51.030 0.0000000000
32854  9.839  -28.495  50.446 0.0000000000
32844  9.594  -28.771  51.255 0.0000000000
32791  9.002  -28.685  54.376 0.0000000000
32803  8.687  -28.826  53.874 0.0000000000
32847  7.953  -29.325  51.898 0.0000000000
32832  8.315  -29.235  52.349 0.0000000000
33564  8.055  -29.203  51.312 0.0000000000
139733  8.148  -28.973  50.740 0.0000000000
129386  7.535  -29.000  50.796 0.0000000000
113431  6.152  -28.610  50.817 0.0000000000
130810  6.564  -28.395  49.924 0.0000000000
129384  6.084  -28.341  50.238 0.0000000000
117381  3.772  -21.788  45.096 0.0000000000
40096  3.692  -22.208  44.052 0.0000000000
41677  3.671  -20.279  44.161 0.0000000000
40971  3.455  -20.928  43.828 0.0000000000
138324  3.278  -20.737  43.134 0.0000000000
40976  3.189  -20.821  42.613 0.0000000000
43421  4.595  -18.360  45.811 0.0000000000
43429  4.431  -18.431  44.632 0.0000000000
43439  3.393  -18.799  43.000 0.0000000000
42559  2.967  -19.433  41.955 0.0000000000
119529  2.758  -19.575  40.886 0.0000000000
125768  2.628  -19.050  41.181 0.0000000000
44273  2.260  -17.533  41.484 0.0000000000
43449  1.750  -18.178  40.098 0.0000000000
43458  2.027  -18.751  39.343 0.0000000000
128030  1.522  -18.089  39.409 0.0000000000
122085  10.673  -22.940  58.061 0.0000000000
39963  10.480  -23.648  57.616 0.0000000000
40860  11.050  -22.432  57.649 0.0000000000
41596  19.728  -19.658  54.968 0.0000000000
41602  19.863  -19.679  54.299 0.0000000000
41576  19.182  -20.777  56.824 0.0000000000
44916  19.057  -16.480  58.101 0.0000000000
44915  19.844  -16.108  57.892 0.0000000000
44944  19.461  -16.714  57.415 0.0000000000
44136  20.735  -16.530  56.715 0.0000000000
44127  19.581  -17.035  56.899 0.0000000000
43314  19.795  -17.118  56.647 0.0000000000
135538  18.972  -17.598  57.150 0.0000000000
43281  17.799  -18.983  58.561 0.0000000000
42419  18.983  -19.944  58.131 0.0000000000
138227  17.911  -19.582  58.746 0.0000000000
43275  14.879  -19.081  59.542 0.0000000000
42410  15.003  -19.207  59.694 0.0000000000
42411  14.600  -19.484  59.644 0.0000000000
41554  14.031  -19.871  59.737 0.0000000000
43277  13.637  -19.664  59.903 0.0000000000
44115  12.996  -19.022  59.166 0.0000000000
43286  12.445  -19.861  59.632 0.0000000000
42414  12.545  -20.145  59.896 0.0000000000
41561  11.707  -20.817  59.523 0.0000000000
123410  11.820  -21.264  59.772 0.0000000000
135219  11.207  -20.823  59.247 0.0000000000
119187  11.050  -21.568  58.729 0.0000000000
41570  10.877  -22.246  58.639 0.0000000000
39152  10.497  -23.412  58.425 0.0000000000
32227  4.310  -32.434  41.192 0.0000000000
32915  3.691  -31.444  41.115 0.0000000000
34394  3.942  -30.297  41.087 0.0000000000
34402  3.926  -29.716  40.806 0.0000000000
111100  4.831  -28.852  41.480 0.0000000000
128973  4.950  -28.227  42.383 0.0000000000
130418  4.891  -27.369  42.997 0.0000000000
112669  4.981  -26.937  42.569 0.0000000000
37562  4.742  -24.947  44.252 0.0000000000
38415  4.315  -24.107  45.120 0.0000000000
35044  4.839  -27.567  49.986 0.0000000000
35053  5.001  -27.328  48.980 0.0000000000
134151  4.722  -27.238  49.237 0.0000000000
133976  4.193  -26.443  49.193 0.0000000000
135171  4.437  -26.829  49.057 0.0000000000
35751  4.278  -26.331  48.588 0.0000000000
135350  4.506  -26.176  47.871 0.0000000000
38369  4.095  -24.666  50.453 0.0000000000
37496  3.980  -25.279  49.996 0.0000000000
38378  3.800  -24.649  49.759 0.0000000000
139520  4.060  -25.431  48.208 0.0000000000
37516  4.077  -24.889  47.855 0.0000000000
38392  4.102  -24.230  47.430 0.0000000000
39263  4.000  -23.200  47.459 0.0000000000
39264  4.072  -23.559  47.027 0.0000000000
119837  4.063  -23.233  46.159 0.0000000000
125444  4.156  -23.602  45.485 0.0000000000
40952  3.997  -21.558  48.532 0.0000000000
118433  4.125  -21.027  47.886 0.0000000000
131577  4.216  -20.626  47.443 0.0000000000
133688  4.006  -20.841  50.072 0.0000000000
39948  17.901  -20.824  58.035 0.0000000000
39127  19.800  -22.144  58.771 0.0000000000
39142  18.952  -21.690  58.092 0.0000000000
113045  10.019  -26.389  46.304 0.0000000000
33629  10.663  -26.790  46.182 0.0000000000
128745  7.592  -26.629  46.623 0.0000000000
130497  8.267  -26.699  46.859 0.0000000000
32909  3.997  -31.616  41.786 0.0000000000
34422  3.158  -29.985  38.821 0.0000000000
133075  3.025  -31.142  38.644 0.0000000000
33684  3.009  -30.503  37.327 0.0000000000
35858  4.065  -28.669  37.382 0.0000000000
35147  3.518  -29.289  37.632 0.0000000000
34435  3.387  -29.706  35.811 0.0000000000
35158  3.545  -29.306  34.769 0.0000000000
35159  3.091  -29.382  34.022 0.0000000000
35164  3.399  -28.772  33.919 0.0000000000
39307  3.823  -22.490  42.361 0.0000000000
38447  4.370  -23.304  42.346 0.0000000000
39314  4.088  -22.625  41.938 0.0000000000
131522  5.278  -22.583  40.835 0.0000000000
39322  5.030  -23.088  41.223 0.0000000000
38479  5.204  -24.432  39.739 0.0000000000
38488  5.833  -24.838  39.181 0.0000000000
40138  6.638  -22.134  39.750 0.0000000000
38494  5.956  -25.355  36.683 0.0000000000
37632  5.535  -25.901  37.278 0.0000000000
134511  5.210  -26.681  35.654 0.0000000000
35876  3.396  -27.252  33.258 0.0000000000
35877  2.896  -28.013  33.314 0.0000000000
138744  2.302  -27.726  33.005 0.0000000000
121342  1.816  -27.502  32.615 0.0000000000
36785  1.601  -26.716  32.362 0.0000000000
36793  0.990  -26.501  31.189 0.0000000000
39374  2.888  -24.854  32.556 0.0000000000
38554  1.469  -24.788  31.595 0.0000000000
37696  1.004  -25.299  31.279 0.0000000000
125348  0.636  -25.798  30.274 0.0000000000
47696  3.638  -13.680  43.694 0.0000000000
47688  3.690  -14.094  43.685 0.0000000000
46857  3.747  -14.427  43.992 0.0000000000
46017  3.537  -15.213  42.637 0.0000000000
126663  3.255  -15.915  42.405 0.0000000000
46025  2.822  -15.465  41.946 0.0000000000
45147  1.336  -16.044  39.994 0.0000000000
46040  1.726  -15.786  40.698 0.0000000000
45151  1.240  -17.213  39.121 0.0000000000
131744  1.331  -17.699  39.084 0.0000000000
44285  1.445  -17.414  38.600 0.0000000000
46906  1.956  -14.753  37.378 0.0000000000
46901  1.865  -14.572  38.177 0.0000000000
138122  1.793  -14.852  38.725 0.0000000000
46054  1.851  -15.195  38.196 0.0000000000
44293  2.437  -16.633  36.948 0.0000000000
43479  2.573  -17.109  37.224 0.0000000000
127588  3.694  -16.729  36.557 0.0000000000
42610  6.267  -17.354  31.987 0.0000000000
127224  6.477  -19.051  31.427 0.0000000000
43500  5.041  -17.120  30.840 0.0000000000
35687  8.873  -27.107  56.245 0.0000000000
35694  8.658  -27.359  55.753 0.0000000000
36523  9.118  -26.302  56.155 0.0000000000
37439  9.166  -25.655  55.226 0.0000000000
135355  10.492  -24.527  58.809 0.0000000000
37415  9.976  -24.953  58.554 0.0000000000
122096  9.949  -25.429  58.441 0.0000000000
36505  9.791  -26.107  58.150 0.0000000000
34957  9.436  -27.362  57.466 0.0000000000
34238  9.161  -27.908  57.030 0.0000000000
34963  9.050  -27.450  56.978 0.0000000000
34964  8.973  -27.569  56.709 0.0000000000
130786  5.924  -26.511  45.654 0.0000000000
131262  5.620  -26.431  46.335 0.0000000000
129696  5.048  -26.606  47.619 0.0000000000
138906  6.420  -27.944  49.065 0.0000000000
38456  5.036  -24.002  41.938 0.0000000000
118380  3.004  -19.119  39.039 0.0000000000
41732  7.289  -18.502  35.364 0.0000000000
131210  5.858  -28.486  51.146 0.0000000000
131969  6.060  -28.661  51.659 0.0000000000
34300  5.978  -28.434  51.707 0.0000000000
36547  7.669  -26.145  52.019 0.0000000000
37456  7.010  -25.156  51.895 0.0000000000
37451  6.792  -24.520  51.910 0.0000000000
40838  14.517  -20.305  59.155 0.0000000000
39937  14.945  -20.180  59.019 0.0000000000
39938  14.021  -21.070  58.893 0.0000000000
39144  13.421  -21.865  58.809 0.0000000000
38296  13.005  -23.091  57.986 0.0000000000
35685  11.620  -26.492  57.668 0.0000000000
35684  11.994  -25.972  57.465 0.0000000000
35693  11.711  -26.432  56.841 0.0000000000
35698  11.754  -26.111  56.072 0.0000000000
35703  11.581  -26.087  55.192 0.0000000000
34299  10.293  -28.214  52.318 0.0000000000
33553  9.654  -28.687  52.354 0.0000000000
117125  8.199  -29.047  53.946 0.0000000000
32818  8.340  -29.020  53.353 0.0000000000
32819  7.859  -29.131  53.057 0.0000000000
111095  7.376  -29.309  52.021 0.0000000000
133145  7.568  -29.323  51.908 0.0000000000
111098  7.060  -29.048  51.099 0.0000000000
129920  6.663  -29.113  51.138 0.0000000000
41673  4.058  -20.307  45.225 0.0000000000
45106  4.366  -16.696  45.730 0.0000000000
44265  4.397  -17.576  44.362 0.0000000000
128100  3.707  -18.044  43.179 0.0000000000
128132  3.202  -18.184  42.614 0.0000000000
43443  2.653  -18.487  41.612 0.0000000000
44271  2.814  -17.931  42.088 0.0000000000
127644  2.721  -17.233  42.007 0.0000000000
42464  20.132  -18.365  55.108 0.0000000000
119488  18.556  -17.109  58.059 0.0000000000
43272  16.935  -18.719  59.139 0.0000000000
44090  16.004  -18.497  59.287 0.0000000000
44100  14.779  -18.458  59.356 0.0000000000
42427  11.596  -20.592  58.709 0.0000000000
36659  5.004  -25.570  44.352 0.0000000000
36660  4.727  -25.059  44.991 0.0000000000
36594  4.118  -26.248  49.647 0.0000000000
125941  3.754  -24.063  49.463 0.0000000000
40074  3.991  -22.598  47.531 0.0000000000
39961  17.074  -20.010  57.846 0.0000000000
39967  16.365  -19.678  57.323 0.0000000000
33596  10.434  -28.004  48.956 0.0000000000
136350  10.152  -27.668  48.106 0.0000000000
129343  9.589  -27.016  47.273 0.0000000000
130457  8.966  -26.046  46.118 0.0000000000
130494  6.560  -25.890  44.246 0.0000000000
130005  4.934  -31.157  42.901 0.0000000000
33637  4.834  -30.977  42.627 0.0000000000
32908  4.251  -32.186  42.196 0.0000000000
33662  3.301  -30.367  40.048 0.0000000000
34415  3.244  -30.023  39.529 0.0000000000
35849  3.761  -28.765  38.276 0.0000000000
35871  4.557  -28.246  34.956 0.0000000000
134423  3.509  -21.830  42.056 0.0000000000
40115  3.696  -22.008  41.763 0.0000000000
39352  6.903  -23.631  37.295 0.0000000000
39353  6.280  -24.761  36.067 0.0000000000
38500  5.581  -25.389  35.313 0.0000000000
37644  5.092  -25.849  34.793 0.0000000000
138587  4.092  -25.991  33.508 0.0000000000
36773  2.843  -26.369  33.058 0.0000000000
37673  1.807  -25.535  32.433 0.0000000000
125854  3.916  -23.957  31.728 0.0000000000
39380  2.920  -24.415  32.064 0.0000000000
38564  1.264  -24.650  30.884 0.0000000000
46879  2.823  -14.810  41.595 0.0000000000
46045  1.528  -15.398  39.839 0.0000000000
46058  2.032  -15.062  36.738 0.0000000000
46059  2.148  -15.507  36.581 0.0000000000
118016  2.113  -16.037  37.091 0.0000000000
45165  2.249  -15.840  36.528 0.0000000000
44297  2.740  -16.144  36.246 0.0000000000
43491  3.494  -16.067  35.901 0.0000000000
43490  4.975  -15.870  35.357 0.0000000000
43497  6.236  -15.434  33.682 0.0000000000
33533  7.305  -28.696  52.997 0.0000000000
34276  7.261  -28.145  52.949 0.0000000000
34267  7.668  -27.943  53.774 0.0000000000
35705  7.865  -27.708  53.845 0.0000000000
36536  8.337  -27.067  53.867 0.0000000000
39940  12.299  -22.323  59.392 0.0000000000
39131  12.300  -23.100  59.070 0.0000000000
38278  11.823  -23.900  58.949 0.0000000000
36493  11.422  -24.902  58.794 0.0000000000
118256  11.130  -25.675  58.697 0.0000000000
36503  10.573  -25.814  58.699 0.0000000000
35665  11.010  -26.268  58.437 0.0000000000
34941  11.178  -27.066  58.049 0.0000000000
34962  11.146  -27.141  57.384 0.0000000000
34969  10.778  -27.461  56.984 0.0000000000
34258  10.259  -27.870  55.835 0.0000000000
33517  10.005  -28.047  55.211 0.0000000000
33505  10.038  -28.148  56.055 0.0000000000
33507  9.295  -28.733  55.753 0.0000000000
32780  9.103  -29.024  55.488 0.0000000000
33491  8.972  -28.145  56.455 0.0000000000
32781  9.005  -28.822  55.618 0.0000000000
32793  8.814  -28.962  54.759 0.0000000000
32794  8.302  -28.671  54.640 0.0000000000
33532  7.698  -28.827  53.584 0.0000000000
44250  4.431  -17.438  46.317 0.0000000000
45081  3.853  -16.469  47.829 0.0000000000
45120  4.277  -16.078  45.207 0.0000000000
45990  3.968  -15.202  45.355 0.0000000000
112725  4.840  -28.465  42.288 0.0000000000
37476  4.800  -25.386  50.989 0.0000000000
124785  4.479  -25.023  50.792 0.0000000000
38361  4.423  -24.374  50.925 0.0000000000
122315  4.193  -23.863  50.820 0.0000000000
39233  4.067  -23.193  50.541 0.0000000000
132105  3.948  -21.940  49.643 0.0000000000
129385  8.080  -27.903  48.611 0.0000000000
111099  8.530  -27.459  47.904 0.0000000000
128660  5.657  -28.703  42.248 0.0000000000
128757  5.503  -28.450  42.852 0.0000000000
136466  4.807  -27.712  41.218 0.0000000000
128719  4.627  -28.001  40.608 0.0000000000
131077  4.855  -27.269  40.343 0.0000000000
130455  4.838  -26.936  39.753 0.0000000000
128995  5.234  -25.821  41.264 0.0000000000
36714  4.948  -26.537  38.571 0.0000000000
40987  3.487  -20.634  40.432 0.0000000000
40140  4.301  -20.954  40.280 0.0000000000
40149  6.272  -20.957  39.737 0.0000000000
41005  5.341  -19.814  39.269 0.0000000000
39360  5.789  -24.237  33.940 0.0000000000
39367  3.669  -24.980  33.001 0.0000000000
40180  5.565  -23.972  32.767 0.0000000000
40191  5.416  -23.676  31.706 0.0000000000
123106  3.605  -15.118  34.608 0.0000000000
44309  4.677  -15.035  33.320 0.0000000000
43501  4.471  -16.478  29.711 0.0000000000
33708  2.001  -30.383  33.040 0.0000000000
130437  5.607  -27.507  48.764 0.0000000000
34344  5.262  -27.354  48.688 0.0000000000
33565  5.402  -28.061  50.660 0.0000000000
35032  5.009  -27.586  50.535 0.0000000000
35723  4.909  -26.046  51.078 0.0000000000
119535  6.805  -27.991  52.403 0.0000000000
35716  6.111  -27.357  51.695 0.0000000000
115924  5.694  -27.112  51.561 0.0000000000
37467  5.146  -25.447  51.268 0.0000000000
38343  5.461  -23.668  52.068 0.0000000000
40833  19.091  -20.964  58.840 0.0000000000
39125  20.116  -22.348  58.590 0.0000000000
114877  18.646  -21.015  58.965 0.0000000000
39935  17.827  -20.423  58.780 0.0000000000
39949  16.942  -20.039  58.581 0.0000000000
39950  15.182  -20.112  58.811 0.0000000000
39957  15.037  -19.991  58.274 0.0000000000
39962  15.312  -19.933  58.222 0.0000000000
39968  14.975  -19.914  57.831 0.0000000000
39169  12.954  -21.886  56.049 0.0000000000
125600  12.386  -23.083  59.095 0.0000000000
37422  12.415  -23.793  58.455 0.0000000000
37430  12.777  -23.959  57.853 0.0000000000
36521  12.184  -25.423  57.752 0.0000000000
36527  12.433  -24.922  57.534 0.0000000000
119030  12.808  -23.739  56.962 0.0000000000
38314  12.761  -23.437  56.316 0.0000000000
38320  12.709  -23.215  55.407 0.0000000000
39195  12.919  -21.927  54.887 0.0000000000
123463  11.975  -25.424  53.134 0.0000000000
128232  10.753  -28.061  49.605 0.0000000000
33585  9.879  -28.277  49.659 0.0000000000
128126  9.690  -28.235  49.452 0.0000000000
33586  9.100  -28.359  49.673 0.0000000000
33531  9.330  -28.455  54.004 0.0000000000
33544  9.453  -28.562  53.151 0.0000000000
32816  9.228  -28.807  52.732 0.0000000000
119777  8.500  -29.085  52.800 0.0000000000
32831  8.949  -29.027  52.277 0.0000000000
32845  9.117  -28.986  51.529 0.0000000000
32856  8.690  -28.984  51.001 0.0000000000
33576  8.546  -28.705  50.280 0.0000000000
113271  8.351  -28.335  49.518 0.0000000000
113063  7.630  -28.250  49.339 0.0000000000
129921  6.939  -28.091  49.163 0.0000000000
136187  6.956  -28.787  50.553 0.0000000000
137767  6.017  -27.821  48.977 0.0000000000
119920  3.937  -22.900  44.696 0.0000000000
39290  3.876  -22.810  43.865 0.0000000000
40102  3.589  -22.088  43.239 0.0000000000
115382  3.417  -21.424  43.384 0.0000000000
40980  3.300  -21.367  42.052 0.0000000000
40981  3.169  -20.764  41.540 0.0000000000
43436  3.920  -18.719  43.727 0.0000000000
42556  3.573  -19.520  43.540 0.0000000000
41684  3.161  -20.183  42.608 0.0000000000
41690  3.002  -20.228  41.494 0.0000000000
139481  3.021  -20.200  41.078 0.0000000000
41692  2.865  -19.842  40.514 0.0000000000
41698  2.625  -19.483  39.909 0.0000000000
42564  2.274  -18.810  40.466 0.0000000000
42579  2.387  -19.100  39.312 0.0000000000
125203  2.449  -18.752  38.780 0.0000000000
43471  2.324  -18.240  38.368 0.0000000000
38297  9.889  -24.901  57.618 0.0000000000
39158  10.084  -24.571  57.281 0.0000000000
40847  20.097  -21.591  57.881 0.0000000000
135110  21.639  -16.700  56.715 0.0000000000
42465  19.844  -18.057  55.873 0.0000000000
42453  19.059  -19.248  56.661 0.0000000000
43300  18.481  -18.458  57.703 0.0000000000
41577  19.043  -19.899  57.444 0.0000000000
41567  19.191  -20.619  57.889 0.0000000000
41558  19.252  -20.978  58.664 0.0000000000
132609  18.642  -20.509  58.900 0.0000000000
42409  15.992  -18.807  59.388 0.0000000000
41552  16.086  -19.497  59.136 0.0000000000
128518  14.893  -20.016  59.199 0.0000000000
40828  14.176  -20.165  59.478 0.0000000000
116978  13.489  -20.485  59.743 0.0000000000
117317  13.079  -21.047  59.748 0.0000000000
44923  14.286  -18.195  59.244 0.0000000000
44101  14.059  -18.727  59.551 0.0000000000
119779  13.456  -18.776  59.441 0.0000000000
43284  13.183  -19.443  59.907 0.0000000000
136260  13.056  -19.817  60.023 0.0000000000
40829  12.559  -21.030  59.858 0.0000000000
39930  12.342  -21.659  59.730 0.0000000000
39931  11.986  -21.949  60.050 0.0000000000
39943  11.212  -22.552  59.348 0.0000000000
39944  10.896  -23.160  59.177 0.0000000000
133692  10.979  -21.496  59.104 0.0000000000
40846  10.818  -22.357  59.038 0.0000000000
132934  10.730  -23.569  59.038 0.0000000000
39146  10.372  -23.826  58.531 0.0000000000
38290  9.939  -24.501  57.799 0.0000000000
33655  3.516  -30.797  40.680 0.0000000000
112682  4.933  -27.752  42.521 0.0000000000
128972  4.663  -28.324  41.261 0.0000000000
130420  4.973  -26.505  41.904 0.0000000000
37571  4.566  -24.368  43.604 0.0000000000
38426  4.127  -23.518  44.537 0.0000000000
36623  4.493  -25.705  47.323 0.0000000000
126294  3.962  -25.736  49.637 0.0000000000
36638  4.474  -25.172  46.732 0.0000000000
37537  4.378  -24.494  45.998 0.0000000000
40075  4.015  -22.046  46.740 0.0000000000
40943  3.983  -21.300  49.402 0.0000000000
124597  4.062  -20.099  48.912 0.0000000000
42528  4.107  -19.404  48.717 0.0000000000
38303  9.757  -25.198  56.765 0.0000000000
39946  20.960  -23.066  58.061 0.0000000000
39137  21.290  -23.759  58.022 0.0000000000
38281  21.702  -24.268  57.732 0.0000000000
39150  18.904  -21.744  57.958 0.0000000000
130495  9.677  -25.327  45.173 0.0000000000
32931  3.151  -31.480  39.424 0.0000000000
35140  3.394  -29.390  38.508 0.0000000000
34425  3.167  -29.910  37.935 0.0000000000
32944  2.981  -31.108  36.681 0.0000000000
34445  2.002  -29.698  33.017 0.0000000000
117994  4.091  -23.134  42.879 0.0000000000
38470  5.337  -23.941  41.307 0.0000000000
40129  5.136  -21.685  40.583 0.0000000000
39337  5.991  -22.660  39.962 0.0000000000
136622  5.647  -23.778  39.139 0.0000000000
36749  4.480  -27.389  33.826 0.0000000000
35165  2.808  -28.765  33.535 0.0000000000
34451  1.579  -29.220  32.207 0.0000000000
35174  1.195  -28.719  31.578 0.0000000000
38530  2.275  -25.120  32.585 0.0000000000
37686  1.336  -25.406  31.902 0.0000000000
46002  3.990  -15.011  44.154 0.0000000000
45140  2.398  -16.695  41.765 0.0000000000
45143  1.854  -16.664  41.144 0.0000000000
43450  1.340  -17.648  39.665 0.0000000000
43465  1.828  -18.088  38.534 0.0000000000
43478  3.006  -17.691  37.649 0.0000000000
46050  1.605  -15.348  38.997 0.0000000000
124490  1.841  -16.412  37.775 0.0000000000
45155  1.464  -16.831  38.494 0.0000000000
43472  2.132  -17.692  37.906 0.0000000000
42604  6.517  -18.114  34.423 0.0000000000
41754  7.198  -20.192  31.542 0.0000000000
41037  5.874  -21.954  29.988 0.0000000000
42613  5.249  -17.764  30.841 0.0000000000
41764  5.690  -20.325  29.876 0.0000000000
32782  8.881  -28.888  55.112 0.0000000000
32792  9.180  -29.104  54.665 0.0000000000
32795  7.958  -28.979  53.889 0.0000000000
32806  7.684  -29.062  53.458 0.0000000000
32817  8.781  -28.901  53.108 0.0000000000
32820  7.513  -29.035  53.122 0.0000000000
32830  9.426  -28.878  51.967 0.0000000000
32833  8.211  -29.364  52.157 0.0000000000
32855  9.326  -28.761  50.815 0.0000000000
32866  10.348  -28.193  49.704 0.0000000000
33490  9.001  -28.058  56.799 0.0000000000
33496  9.911  -28.377  56.504 0.0000000000
33497  9.455  -28.706  55.966 0.0000000000
33498  9.107  -28.398  56.183 0.0000000000
33499  8.744  -28.367  55.818 0.0000000000
33500  7.965  -28.078  55.225 0.0000000000
33510  7.885  -28.172  54.659 0.0000000000
33518  9.135  -28.749  55.144 0.0000000000
33519  7.884  -28.722  54.093 0.0000000000
33530  9.819  -28.053  54.450 0.0000000000
33563  10.177  -28.473  51.195 0.0000000000
33575  9.533  -28.478  50.106 0.0000000000
34234  10.543  -27.435  57.735 0.0000000000
34235  10.100  -27.673  57.666 0.0000000000
34236  9.950  -27.923  57.631 0.0000000000
34237  9.853  -27.993  57.557 0.0000000000
34246  9.319  -28.014  57.117 0.0000000000
34251  10.337  -27.891  56.617 0.0000000000
34257  10.426  -27.563  55.423 0.0000000000
34266  7.829  -27.892  54.309 0.0000000000
34274  10.346  -27.631  53.632 0.0000000000
34942  10.943  -26.871  58.008 0.0000000000
34944  9.970  -26.496  58.152 0.0000000000
34952  11.195  -26.884  57.801 0.0000000000
34954  10.496  -27.165  57.890 0.0000000000
34961  11.214  -27.003  57.358 0.0000000000
34974  10.618  -27.572  56.394 0.0000000000
35168  2.240  -28.361  33.083 0.0000000000
35663  11.893  -25.629  58.049 0.0000000000
35664  11.186  -26.377  58.299 0.0000000000
35666  10.463  -26.034  58.618 0.0000000000
35667  10.069  -25.881  58.542 0.0000000000
35668  9.854  -26.440  58.081 0.0000000000
35675  11.947  -25.840  57.850 0.0000000000
35677  9.676  -26.785  57.841 0.0000000000
35678  9.260  -26.869  57.406 0.0000000000
35686  8.988  -26.880  56.933 0.0000000000
35699  11.420  -26.658  56.414 0.0000000000
35704  11.225  -26.651  55.600 0.0000000000
35727  11.624  -26.266  51.771 0.0000000000
36495  10.892  -25.347  58.899 0.0000000000
36496  10.501  -25.403  58.785 0.0000000000
36502  11.124  -26.027  58.708 0.0000000000
36520  12.352  -24.788  57.875 0.0000000000
36528  12.244  -25.511  57.261 0.0000000000
36533  12.467  -25.079  56.823 0.0000000000
36560  11.876  -25.713  52.346 0.0000000000
36761  3.888  -26.486  33.303 0.0000000000
36786  1.237  -26.452  31.789 0.0000000000
37411  12.016  -24.130  59.077 0.0000000000
37413  11.271  -24.428  58.988 0.0000000000
37414  10.815  -24.718  59.104 0.0000000000
37416  10.191  -24.874  58.613 0.0000000000
37423  12.088  -24.033  58.719 0.0000000000
37424  12.263  -24.442  58.482 0.0000000000
37433  12.637  -24.182  57.723 0.0000000000
37438  12.650  -24.353  57.266 0.0000000000
37448  12.337  -24.913  55.247 0.0000000000
37455  12.278  -24.860  54.386 0.0000000000
38279  11.039  -24.066  59.046 0.0000000000
38280  10.693  -24.083  58.964 0.0000000000
38282  20.921  -24.068  58.159 0.0000000000
38287  12.901  -22.820  58.627 0.0000000000
38288  12.420  -23.400  58.800 0.0000000000
38289  10.034  -24.268  58.136 0.0000000000
38292  21.972  -24.650  57.516 0.0000000000
38301  13.408  -22.006  57.997 0.0000000000
38308  12.911  -23.474  57.475 0.0000000000
38541  1.802  -24.980  32.154 0.0000000000
39126  20.063  -22.774  59.125 0.0000000000
39128  19.250  -22.059  58.250 0.0000000000
39132  11.910  -23.115  59.177 0.0000000000
39135  10.827  -23.509  59.067 0.0000000000
39136  21.574  -24.043  57.739 0.0000000000
39138  21.012  -23.464  58.010 0.0000000000
39141  19.576  -22.556  58.089 0.0000000000
39143  14.089  -20.858  58.674 0.0000000000
39153  10.223  -24.099  57.901 0.0000000000
39932  19.388  -21.882  59.014 0.0000000000
39934  18.730  -21.057  58.816 0.0000000000
39939  13.216  -21.628  59.218 0.0000000000
39941  11.998  -22.478  59.476 0.0000000000
39942  11.614  -22.211  59.556 0.0000000000
39945  21.252  -23.475  57.836 0.0000000000
39947  18.881  -21.387  58.497 0.0000000000
39952  10.686  -23.003  58.889 0.0000000000
39955  18.246  -20.920  57.886 0.0000000000
39959  20.871  -22.893  57.405 0.0000000000
40827  15.518  -19.817  59.123 0.0000000000
40830  12.177  -21.357  59.883 0.0000000000
40831  12.039  -21.819  59.866 0.0000000000
40832  19.502  -21.537  58.742 0.0000000000
40834  18.768  -20.957  58.930 0.0000000000
40840  11.646  -22.130  59.627 0.0000000000
40842  10.861  -22.430  59.132 0.0000000000
40845  10.975  -21.806  59.168 0.0000000000
40849  20.416  -22.307  57.750 0.0000000000
40850  19.969  -21.745  57.404 0.0000000000
41549  18.082  -20.283  58.987 0.0000000000
41553  15.339  -19.437  59.346 0.0000000000
41555  13.522  -20.121  59.903 0.0000000000
41557  11.889  -20.755  59.886 0.0000000000
41560  17.955  -19.946  59.002 0.0000000000
41562  11.106  -21.117  59.074 0.0000000000
41563  19.502  -20.839  58.094 0.0000000000
41564  18.992  -19.823  58.364 0.0000000000
41565  10.914  -21.752  59.011 0.0000000000
41569  10.967  -21.565  58.973 0.0000000000
41688  3.037  -20.227  42.010 0.0000000000
41699  3.065  -20.048  40.238 0.0000000000
42412  13.963  -19.788  59.825 0.0000000000
42413  12.839  -20.151  59.979 0.0000000000
42415  12.185  -20.156  59.653 0.0000000000
42416  18.290  -19.678  58.578 0.0000000000
42417  17.646  -19.410  58.857 0.0000000000
42420  18.533  -19.495  58.196 0.0000000000
42421  11.505  -20.634  58.759 0.0000000000
42422  10.975  -21.044  58.883 0.0000000000
42572  2.252  -19.030  39.676 0.0000000000
43273  16.381  -18.789  59.267 0.0000000000
43276  14.197  -19.320  59.717 0.0000000000
43278  12.851  -19.886  60.100 0.0000000000
43279  12.770  -19.925  60.029 0.0000000000
43285  12.928  -19.280  59.564 0.0000000000
43289  12.576  -19.460  59.285 0.0000000000
43290  12.057  -19.936  59.017 0.0000000000
43324  21.167  -16.988  55.852 0.0000000000
43325  20.056  -17.199  56.194 0.0000000000
43326  19.317  -18.062  56.630 0.0000000000
43460  1.514  -17.883  38.821 0.0000000000
43464  2.054  -18.585  38.895 0.0000000000
44091  15.231  -18.685  59.415 0.0000000000
44093  13.831  -19.186  59.750 0.0000000000
44102  13.470  -18.883  59.658 0.0000000000
44125  21.784  -16.649  56.905 0.0000000000
44289  1.755  -17.023  37.990 0.0000000000
45164  2.427  -16.182  36.579 0.0000000000
46003  3.865  -14.915  43.384 0.0000000000
46062  2.501  -15.234  35.446 0.0000000000
46858  3.769  -14.580  43.125 0.0000000000
46897  1.934  -14.388  38.887 0.0000000000
115141  10.774  -22.970  57.805 0.0000000000
117446  11.286  -22.807  59.313 0.0000000000
119923  17.907  -20.764  57.986 0.0000000000
119926  8.928  -28.167  57.168 0.0000000000
119937  11.160  -21.239  59.211 0.0000000000
120124  13.096  -20.009  60.082 0.0000000000
121039  9.760  -28.313  55.472 0.0000000000
121179  12.500  -20.807  59.899 0.0000000000
122097  12.842  -22.468  59.097 0.0000000000
123270  9.868  -28.421  52.736 0.0000000000
123673  10.939  -23.105  59.162 0.0000000000
125165  3.533  -13.720  41.631 0.0000000000
125571  7.087  -29.213  51.813 0.0000000000
126044  21.552  -23.730  56.942 0.0000000000
126179  8.656  -26.945  54.895 0.0000000000
127322  2.676  -16.149  41.974 0.0000000000
127416  11.478  -25.877  58.378 0.0000000000
128150  16.881  -18.907  59.141 0.0000000000
133471  8.098  -29.003  53.649 0.0000000000
135326  7.926  -28.055  55.008 0.0000000000
135923  20.577  -22.993  58.271 0.0000000000
136150  10.474  -27.744  48.197 0.0000000000
136295  7.218  -29.036  52.751 0.0000000000
137278  10.883  -28.109  49.219 0.0000000000
137990  20.983  -23.122  58.023 0.0000000000
138853  10.654  -24.871  59.014 0.0000000000
