#!ascii label  , from subject sub-1009 vox2ras=TkReg
1772
77509  20.813  27.406  -54.174 0.2500000000
77523  20.607  26.518  -54.417 0.2500000000
76815  19.791  25.345  -55.140 0.7500000000
82434  25.293  33.345  -52.996 0.2500000000
80347  23.985  31.586  -53.427 0.1250000000
81067  24.094  32.176  -53.174 0.3750000000
80360  23.481  30.991  -53.420 0.2500000000
78889  22.082  29.002  -53.930 0.2500000000
78205  21.236  27.279  -54.157 0.7500000000
78195  21.768  28.006  -54.019 0.3750000000
76113  19.376  24.158  -55.850 0.8750000000
76827  19.678  24.824  -55.286 0.8750000000
125266  19.575  22.398  -57.120 0.8750000000
120790  23.949  31.067  -53.597 0.3750000000
78888  22.855  29.437  -53.576 0.3750000000
120377  22.238  28.256  -54.051 0.8750000000
78194  22.270  28.853  -53.847 0.7500000000
122933  19.813  23.779  -55.839 1.0000000000
76825  20.017  24.755  -55.029 1.0000000000
77522  21.023  26.738  -54.285 0.8750000000
75436  19.627  22.823  -56.979 1.0000000000
76826  20.234  25.071  -55.015 0.8750000000
74100  20.172  21.363  -57.253 1.0000000000
81779  24.915  32.788  -53.137 0.2500000000
79609  24.189  30.970  -53.823 0.7500000000
78203  23.282  29.305  -53.713 0.8750000000
77520  22.127  27.755  -53.914 0.8750000000
134322  22.964  28.570  -53.775 0.7500000000
76122  20.078  22.941  -57.030 1.0000000000
76099  20.319  24.818  -54.801 1.0000000000
76098  21.084  25.792  -54.132 1.0000000000
74099  21.006  20.958  -57.235 1.0000000000
74752  20.659  21.658  -57.426 1.0000000000
73454  20.842  20.766  -57.202 1.0000000000
74753  19.940  22.414  -57.184 1.0000000000
83019  26.004  34.023  -53.041 0.1250000000
80346  24.590  31.915  -53.513 0.6250000000
76797  22.784  26.962  -53.163 1.0000000000
78898  23.856  29.943  -53.678 0.8750000000
76810  21.823  26.941  -53.833 1.0000000000
75422  21.240  22.895  -58.043 1.0000000000
117275  20.081  23.199  -55.905 1.0000000000
76086  20.637  24.000  -54.847 1.0000000000
76085  21.455  25.900  -53.850 1.0000000000
73453  21.994  20.686  -57.295 1.0000000000
75434  20.836  22.882  -58.066 1.0000000000
71334  23.900  16.292  -57.658 1.0000000000
72066  22.260  18.921  -57.133 1.0000000000
86870  31.980  39.665  -48.616 0.2500000000
83018  26.548  34.314  -53.220 0.2500000000
83598  26.968  35.071  -53.058 0.3750000000
82433  26.071  33.933  -53.195 0.5000000000
79608  25.141  31.183  -53.780 1.0000000000
82446  25.971  33.662  -53.129 0.6250000000
78897  24.453  30.182  -53.685 1.0000000000
76070  21.575  25.001  -53.503 1.0000000000
76796  23.335  27.873  -53.175 1.0000000000
76110  20.793  22.814  -57.721 1.0000000000
75404  20.268  22.633  -56.333 1.0000000000
75395  21.136  23.060  -54.326 1.0000000000
75413  20.935  22.479  -57.939 1.0000000000
72065  23.959  18.595  -57.041 1.0000000000
74097  22.865  21.224  -58.711 1.0000000000
127730  24.913  19.788  -58.158 1.0000000000
86878  31.668  39.219  -48.948 0.5000000000
86245  30.995  39.033  -49.625 0.3750000000
85607  29.538  38.241  -51.087 0.3750000000
84229  28.155  36.632  -52.118 0.5000000000
84237  28.303  36.431  -52.329 0.5000000000
119560  26.184  32.158  -53.542 0.8750000000
78192  25.167  30.162  -53.507 1.0000000000
80357  26.513  31.973  -53.508 1.0000000000
76069  22.529  25.825  -52.786 1.0000000000
77495  24.315  28.693  -53.096 1.0000000000
74716  21.765  21.599  -54.495 1.0000000000
75382  22.045  23.323  -53.037 1.0000000000
74074  23.128  21.194  -57.839 1.0000000000
74068  22.238  22.145  -57.913 1.0000000000
73451  24.868  20.108  -58.534 0.8750000000
86868  32.801  39.999  -47.836 0.5000000000
86290  30.000  38.397  -50.675 0.5000000000
86289  30.026  38.977  -51.196 0.6250000000
83595  28.522  35.919  -52.662 0.6250000000
82453  27.776  33.860  -53.322 1.0000000000
82444  27.232  33.925  -53.249 0.7500000000
77505  25.855  29.990  -53.157 1.0000000000
74704  24.653  22.145  -51.438 1.0000000000
75365  24.695  24.288  -51.354 1.0000000000
137366  23.876  23.482  -51.644 1.0000000000
76059  24.456  26.117  -51.850 1.0000000000
74715  22.902  20.513  -53.906 1.0000000000
74705  23.280  22.362  -52.168 1.0000000000
74052  23.711  19.268  -55.827 0.8750000000
74058  22.336  20.090  -55.724 1.0000000000
75420  23.325  22.840  -58.801 0.8750000000
86877  32.455  40.068  -48.886 0.5000000000
86299  30.094  38.333  -51.063 0.8750000000
79605  28.032  32.080  -53.176 1.0000000000
78191  26.869  30.879  -53.153 1.0000000000
75351  25.809  24.551  -51.013 1.0000000000
76764  26.626  27.057  -51.130 1.0000000000
76775  24.790  27.540  -52.335 1.0000000000
76049  27.636  25.596  -50.419 1.0000000000
74051  24.737  18.563  -54.932 1.0000000000
74044  24.435  19.979  -52.563 1.0000000000
75350  27.055  24.149  -50.702 1.0000000000
74050  26.648  18.336  -53.804 1.0000000000
87484  32.900  40.060  -47.908 0.5000000000
87503  32.667  40.069  -49.032 0.8750000000
86298  30.628  38.518  -51.041 1.0000000000
83022  30.216  35.085  -52.870 1.0000000000
81790  28.932  33.691  -53.324 1.0000000000
83023  29.285  35.063  -52.811 1.0000000000
77485  30.476  29.265  -51.584 1.0000000000
78171  29.470  30.194  -52.102 1.0000000000
76048  29.694  25.330  -50.243 1.0000000000
77479  29.961  28.398  -51.209 1.0000000000
76772  28.512  28.411  -51.290 1.0000000000
74703  29.163  21.135  -51.942 1.0000000000
74049  28.001  19.222  -53.208 0.8750000000
87447  37.677  40.053  -44.816 1.0000000000
87405  38.924  39.645  -43.179 0.3750000000
87458  37.015  40.382  -45.600 0.8750000000
85621  31.944  38.412  -51.033 1.0000000000
78873  30.715  31.629  -52.804 1.0000000000
80354  30.545  32.916  -53.436 1.0000000000
87403  39.819  39.973  -42.618 0.8750000000
131898  38.216  40.052  -44.280 1.0000000000
87469  36.967  40.540  -45.886 1.0000000000
87497  35.383  39.996  -47.989 1.0000000000
87488  36.146  40.096  -46.952 1.0000000000
119619  32.278  38.505  -50.843 1.0000000000
81086  31.017  33.284  -53.733 1.0000000000
82449  31.373  34.321  -53.838 1.0000000000
78881  31.972  31.854  -53.317 1.0000000000
87392  40.377  40.034  -41.500 0.7500000000
87477  37.061  40.232  -46.033 1.0000000000
135404  35.162  39.353  -48.541 1.0000000000
84911  32.569  36.860  -52.226 1.0000000000
85627  32.374  38.096  -51.070 1.0000000000
84242  31.829  36.434  -52.779 1.0000000000
87467  38.056  40.026  -45.149 1.0000000000
86882  35.972  39.839  -47.419 1.0000000000
85616  33.212  38.392  -50.314 1.0000000000
83423  46.774  36.099  -34.879 0.1250000000
82840  47.337  35.573  -34.623 0.1250000000
84746  45.581  36.606  -36.195 0.2500000000
84745  46.080  36.858  -35.940 0.1250000000
84772  44.989  36.952  -37.254 0.3750000000
84744  46.350  36.625  -35.929 0.2500000000
85485  44.974  37.210  -37.941 0.5000000000
84771  45.484  36.827  -37.175 0.2500000000
85512  44.636  37.367  -38.210 0.3750000000
84056  46.984  36.177  -34.769 0.2500000000
84756  46.649  36.569  -36.198 0.2500000000
84783  45.322  37.013  -37.681 0.2500000000
123458  45.157  37.121  -38.201 0.2500000000
84795  44.520  37.383  -38.775 0.3750000000
121642  46.104  36.631  -36.737 0.2500000000
84801  44.230  37.433  -39.253 0.3750000000
135464  45.145  37.006  -38.794 0.2500000000
79612  22.236  29.937  -53.281 0.1250000000
120383  22.750  29.640  -53.672 0.2500000000
119166  23.418  31.537  -53.086 0.1250000000
71335  22.080  16.659  -57.953 1.0000000000
83606  29.000  35.548  -52.713 0.8750000000
77492  28.078  30.114  -52.372 1.0000000000
78196  21.013  27.546  -54.106 0.1250000000
76114  19.108  24.238  -55.904 0.6250000000
74102  19.104  21.340  -57.637 0.7500000000
81764  24.803  32.835  -53.078 0.1250000000
72820  19.223  19.393  -58.201 1.0000000000
72080  20.082  18.400  -58.086 1.0000000000
70633  21.407  15.925  -58.942 1.0000000000
69981  22.307  15.053  -59.739 1.0000000000
84230  27.679  36.261  -52.008 0.3750000000
86255  30.236  38.721  -49.816 0.2500000000
85608  29.059  37.592  -50.806 0.2500000000
72064  25.550  18.353  -57.319 0.8750000000
74073  24.133  20.928  -58.436 0.8750000000
124690  25.876  20.006  -58.700 0.8750000000
74057  25.437  19.366  -56.984 0.8750000000
86807  39.324  39.563  -42.360 0.1250000000
87415  37.968  39.796  -44.177 0.1250000000
87472  33.693  40.017  -47.011 0.3750000000
87491  33.358  40.038  -48.229 0.6250000000
74684  29.393  22.421  -51.231 1.0000000000
74056  26.925  19.266  -56.261 0.8750000000
117104  38.392  39.864  -43.907 0.5000000000
87414  38.951  39.922  -43.358 0.8750000000
87448  36.891  40.083  -44.915 0.3750000000
87972  36.141  40.811  -45.970 0.8750000000
78170  31.158  30.021  -52.009 1.0000000000
78177  31.785  30.730  -52.557 1.0000000000
87431  38.845  40.115  -43.304 1.0000000000
83613  31.904  34.952  -53.842 1.0000000000
87401  40.746  40.017  -41.842 0.8750000000
86856  38.289  39.975  -45.139 1.0000000000
115410  35.029  39.459  -48.445 1.0000000000
84896  32.830  37.843  -51.094 1.0000000000
130117  47.860  34.889  -34.678 0.1250000000
84058  45.901  36.274  -35.386 0.1250000000
85487  43.818  37.558  -38.049 0.6250000000
85486  44.414  37.289  -37.757 0.6250000000
85531  42.742  38.477  -40.298 0.5000000000
85530  43.269  38.090  -39.905 0.5000000000
137942  47.564  36.102  -34.819 0.2500000000
84086  46.970  36.520  -35.781 0.2500000000
85536  43.124  38.071  -40.368 0.5000000000
84085  47.299  36.446  -35.727 0.1250000000
123519  45.974  36.717  -37.182 0.2500000000
84800  44.342  37.229  -39.507 0.2500000000
119601  43.408  37.688  -40.468 0.3750000000
84137  44.040  37.245  -40.004 0.2500000000
84770  46.769  36.504  -36.818 0.1250000000
121886  21.349  27.882  -54.155 0.1250000000
77524  20.218  26.281  -54.552 0.3750000000
76828  19.358  24.814  -55.428 0.5000000000
79611  23.041  30.313  -53.489 0.1250000000
75425  19.135  22.990  -56.998 0.7500000000
76124  19.366  23.384  -56.486 0.8750000000
74088  19.101  21.948  -57.422 1.0000000000
73455  19.659  20.708  -57.571 1.0000000000
76811  21.166  26.476  -54.196 1.0000000000
75424  19.828  22.840  -57.028 1.0000000000
72067  20.798  19.171  -57.489 1.0000000000
72079  21.341  18.000  -57.616 1.0000000000
137468  25.016  31.729  -53.829 0.8750000000
74098  21.773  21.428  -58.205 1.0000000000
126926  21.064  24.168  -54.145 1.0000000000
127933  22.764  19.784  -57.039 1.0000000000
71321  22.964  17.581  -57.129 1.0000000000
84238  27.783  36.051  -52.275 0.3750000000
83017  27.013  34.905  -52.975 0.5000000000
81077  25.930  32.393  -53.500 0.8750000000
125654  24.061  28.978  -53.356 1.0000000000
126794  23.069  27.180  -53.022 1.0000000000
74770  22.565  21.564  -58.502 1.0000000000
75396  20.537  22.800  -55.340 1.0000000000
74722  21.154  21.319  -55.836 1.0000000000
132414  24.020  22.729  -59.456 1.0000000000
83026  27.082  34.648  -53.102 0.6250000000
84248  28.363  36.001  -52.613 0.6250000000
122657  25.288  29.097  -52.927 1.0000000000
79606  26.810  31.774  -53.421 1.0000000000
76060  23.345  24.760  -52.025 1.0000000000
76068  23.679  26.910  -52.547 1.0000000000
76785  24.299  28.054  -52.817 1.0000000000
117009  22.173  20.309  -57.059 1.0000000000
74066  23.645  20.665  -58.176 0.8750000000
72078  26.030  18.312  -58.849 0.8750000000
81791  27.867  33.536  -53.386 1.0000000000
77494  26.055  29.594  -52.855 1.0000000000
74043  26.448  20.156  -51.709 1.0000000000
76051  25.259  25.591  -51.375 1.0000000000
76050  26.211  25.713  -50.964 1.0000000000
74730  25.040  21.081  -59.046 0.8750000000
78190  27.866  31.114  -52.903 1.0000000000
125732  27.991  32.853  -53.358 1.0000000000
120726  27.593  29.290  -52.054 1.0000000000
77493  26.949  29.914  -52.647 1.0000000000
76774  25.874  28.012  -52.019 1.0000000000
76763  28.122  27.159  -50.628 1.0000000000
74685  28.034  22.450  -50.861 1.0000000000
74025  27.614  21.143  -51.255 1.0000000000
134839  33.254  40.043  -47.871 0.6250000000
86888  32.358  40.033  -49.118 0.7500000000
85631  30.420  37.879  -51.557 1.0000000000
83605  29.653  35.586  -52.607 1.0000000000
84906  30.682  37.479  -51.812 1.0000000000
125580  29.495  33.458  -53.429 1.0000000000
84914  31.075  37.029  -52.106 1.0000000000
82450  30.478  34.218  -53.389 1.0000000000
81073  29.930  33.241  -53.421 1.0000000000
77478  31.256  28.214  -51.277 1.0000000000
78178  30.049  30.919  -52.410 1.0000000000
78874  28.981  31.425  -52.739 1.0000000000
87433  37.809  39.980  -44.503 0.7500000000
116079  36.684  40.788  -45.978 1.0000000000
116094  36.722  40.448  -45.461 0.7500000000
86296  31.646  38.860  -50.691 1.0000000000
87500  34.055  40.094  -48.197 1.0000000000
86897  33.582  39.513  -49.073 1.0000000000
83021  30.965  35.110  -53.139 1.0000000000
87412  39.740  40.034  -42.818 0.8750000000
87498  34.983  40.092  -48.046 1.0000000000
86884  35.284  39.930  -48.178 1.0000000000
84243  31.504  36.567  -52.601 1.0000000000
86267  33.556  39.221  -49.414 1.0000000000
80366  31.840  32.905  -53.986 1.0000000000
86874  36.792  39.927  -46.544 1.0000000000
121985  33.274  38.883  -49.908 1.0000000000
85606  34.432  39.070  -49.060 1.0000000000
86866  37.205  40.011  -46.097 1.0000000000
131234  38.789  40.051  -43.495 1.0000000000
111624  47.073  35.137  -34.689 0.1250000000
84072  46.032  36.488  -35.622 0.1250000000
83407  46.430  35.981  -34.848 0.1250000000
83422  47.307  36.039  -34.754 0.2500000000
84757  45.786  36.686  -36.491 0.2500000000
125403  45.036  36.822  -36.833 0.5000000000
85524  43.721  37.831  -39.251 0.5000000000
85513  44.013  37.707  -38.777 0.7500000000
84782  45.920  36.801  -37.687 0.2500000000
77525  20.055  25.989  -55.106 0.2500000000
78197  20.341  27.050  -54.018 0.1250000000
77526  19.739  25.742  -54.839 0.1250000000
76115  19.053  24.037  -56.142 0.6250000000
75426  18.913  23.275  -56.723 0.7500000000
72081  19.316  18.559  -58.458 1.0000000000
119752  36.870  40.029  -44.923 0.5000000000
87471  34.145  40.064  -47.045 0.6250000000
86287  31.626  39.188  -50.325 0.8750000000
87980  34.721  40.149  -46.856 0.7500000000
87490  33.947  40.063  -48.116 0.8750000000
87459  36.162  40.473  -45.798 0.7500000000
87973  35.702  40.441  -46.230 0.8750000000
87985  34.896  40.548  -47.164 1.0000000000
87480  35.058  40.423  -47.231 1.0000000000
87445  39.436  40.044  -43.738 1.0000000000
86243  36.917  39.693  -46.531 1.0000000000
85615  33.850  38.489  -49.741 1.0000000000
84073  45.520  36.473  -35.946 0.3750000000
138065  43.733  37.926  -38.993 0.7500000000
85497  44.185  37.614  -38.232 0.7500000000
85525  42.999  38.309  -39.778 0.7500000000
84814  42.993  37.824  -41.142 0.2500000000
84819  42.260  38.226  -42.252 0.3750000000
66924  19.185  13.624  -59.691 0.7500000000
64324  21.341  10.138  -60.245 0.7500000000
67527  18.036  14.985  -59.558 0.7500000000
68705  17.932  15.975  -60.110 0.7500000000
64932  21.142  10.825  -60.434 0.7500000000
132673  20.046  12.899  -60.056 0.7500000000
67533  18.909  14.509  -60.210 0.7500000000
68704  18.229  15.609  -60.111 0.7500000000
63717  22.066  9.907  -60.837 0.7500000000
66244  20.671  12.675  -60.712 0.7500000000
66931  19.914  13.674  -60.503 0.7500000000
72822  18.076  19.913  -58.363 0.7500000000
74756  18.251  22.098  -57.548 0.6250000000
67541  19.662  14.500  -60.724 0.7500000000
69994  18.990  16.251  -60.109 0.8750000000
139647  18.204  18.483  -59.031 0.8750000000
64336  22.140  10.341  -61.154 0.7500000000
120023  21.562  11.611  -61.167 0.7500000000
66941  20.725  13.505  -61.260 0.7500000000
69993  19.980  15.925  -59.976 0.8750000000
71337  19.320  17.651  -58.894 0.8750000000
64954  22.440  11.319  -61.759 0.7500000000
66263  21.500  12.717  -61.714 0.7500000000
68140  20.902  14.226  -61.668 0.8750000000
136826  19.664  17.988  -58.519 0.8750000000
66268  22.570  12.459  -62.264 0.7500000000
68724  21.338  14.151  -61.924 0.8750000000
69982  21.123  15.398  -59.739 0.8750000000
66267  23.542  12.553  -62.672 0.8750000000
69359  22.359  14.114  -62.001 0.8750000000
70017  22.819  14.244  -61.869 0.8750000000
70646  23.823  15.050  -59.982 0.8750000000
64357  26.000  12.299  -61.834 0.3750000000
65604  25.208  12.782  -62.861 0.6250000000
123861  23.946  14.669  -63.042 0.7500000000
70664  24.307  15.068  -61.283 0.7500000000
64356  26.238  12.330  -62.298 0.5000000000
66274  25.483  12.845  -63.227 0.5000000000
70023  24.710  15.610  -63.234 0.7500000000
71360  25.055  16.335  -61.428 0.7500000000
64965  26.879  12.499  -62.967 0.1250000000
66966  26.556  13.212  -64.120 0.3750000000
126683  25.115  15.212  -63.607 0.6250000000
71365  24.803  16.312  -62.171 0.6250000000
72843  25.938  19.554  -59.333 0.6250000000
64348  27.509  11.838  -63.295 0.1250000000
65600  27.803  12.760  -64.018 0.1250000000
126549  26.160  15.366  -63.729 0.1250000000
127082  26.706  15.296  -63.745 0.1250000000
73463  25.832  20.778  -60.023 0.6250000000
74768  25.199  22.033  -59.537 0.6250000000
74737  25.099  21.400  -59.014 0.7500000000
68153  27.631  14.219  -64.355 0.1250000000
70019  26.953  16.034  -63.453 0.1250000000
74104  25.912  22.083  -60.075 0.1250000000
76133  25.770  22.631  -59.032 0.5000000000
74736  25.796  21.412  -58.935 0.6250000000
74721  26.904  20.473  -57.532 0.7500000000
65607  28.814  12.922  -64.344 0.1250000000
75430  26.073  22.965  -59.140 0.5000000000
74728  27.472  21.774  -57.899 0.5000000000
74714  28.344  19.697  -55.198 0.7500000000
86786  40.864  39.895  -40.818 0.6250000000
86162  41.959  38.667  -39.695 0.5000000000
86794  41.049  39.997  -40.799 0.7500000000
126185  29.569  21.458  -55.754 0.6250000000
75364  31.169  22.391  -53.306 0.6250000000
75348  30.518  23.260  -51.375 0.8750000000
75381  29.936  22.889  -56.627 0.5000000000
75380  30.714  22.386  -55.230 0.6250000000
75363  31.738  23.611  -52.711 0.6250000000
76057  32.102  24.907  -52.021 0.7500000000
125304  41.754  39.071  -40.188 0.7500000000
76047  31.156  25.906  -50.837 0.8750000000
82457  32.001  34.140  -54.380 0.8750000000
83028  32.260  34.848  -54.357 0.8750000000
76760  32.337  27.082  -51.618 0.7500000000
78176  33.601  30.174  -53.228 0.8750000000
79618  32.743  32.642  -54.514 0.8750000000
81084  32.752  33.420  -54.954 0.8750000000
83618  32.735  34.863  -54.847 0.8750000000
76067  30.973  23.368  -56.305 0.3750000000
75379  31.766  23.086  -54.693 0.5000000000
76066  32.675  24.084  -53.932 0.5000000000
76771  33.569  26.606  -52.884 0.6250000000
76081  31.211  24.195  -56.870 0.2500000000
124794  31.962  23.963  -55.732 0.3750000000
76065  33.494  24.976  -53.980 0.5000000000
86161  42.358  38.598  -39.791 0.6250000000
86793  41.735  39.632  -40.924 0.7500000000
87400  40.922  39.972  -42.079 0.8750000000
134214  41.349  39.869  -41.230 0.7500000000
86842  39.681  40.076  -44.022 0.8750000000
85619  33.445  37.951  -50.363 0.7500000000
84240  32.887  36.316  -52.939 0.8750000000
133419  33.634  28.040  -52.781 0.6250000000
78880  33.254  31.268  -53.727 0.7500000000
76080  32.664  24.473  -55.837 0.3750000000
76783  33.908  25.450  -54.898 0.5000000000
80365  33.676  32.543  -55.368 0.7500000000
85488  43.214  37.773  -38.335 0.6250000000
86828  40.477  39.863  -43.044 0.8750000000
86864  38.499  39.784  -45.237 0.8750000000
86251  36.771  39.081  -47.035 0.8750000000
86234  38.334  39.528  -45.471 0.7500000000
85614  34.420  38.530  -49.311 0.8750000000
137977  33.201  36.352  -53.188 0.7500000000
79601  34.135  31.232  -54.668 0.5000000000
77502  34.890  27.328  -56.014 0.2500000000
78188  35.328  28.694  -55.552 0.5000000000
78189  34.915  28.649  -54.436 0.5000000000
76805  32.210  25.385  -57.777 0.2500000000
85498  43.397  37.882  -38.634 0.5000000000
86154  42.981  38.170  -39.264 0.5000000000
86160  42.654  38.477  -39.849 0.6250000000
86826  41.351  39.700  -42.340 0.7500000000
86228  39.110  39.526  -45.070 0.7500000000
86222  40.159  39.730  -44.123 0.7500000000
85587  37.686  39.133  -46.054 0.7500000000
84868  36.210  38.711  -47.460 0.7500000000
85593  36.635  38.905  -47.024 0.7500000000
125565  39.111  39.112  -45.286 0.7500000000
84217  35.102  38.283  -48.764 0.7500000000
84893  33.794  37.280  -50.311 0.7500000000
84889  34.467  37.987  -49.456 0.7500000000
83042  33.637  34.226  -56.120 0.5000000000
84256  33.132  35.391  -54.218 0.3750000000
84239  33.086  36.015  -53.166 0.6250000000
78200  35.359  28.568  -56.642 0.2500000000
80371  34.613  32.151  -56.362 0.3750000000
131673  34.204  32.831  -56.568 0.3750000000
86171  42.128  38.968  -40.153 0.6250000000
86187  42.025  39.207  -41.438 0.7500000000
131340  40.367  39.389  -44.288 0.7500000000
119873  35.607  38.405  -48.165 0.7500000000
84224  34.320  37.300  -49.783 0.6250000000
83600  33.327  35.000  -54.244 0.3750000000
84227  33.355  36.569  -51.314 0.3750000000
78903  35.581  29.760  -56.592 0.1250000000
80376  35.017  31.745  -57.020 0.1250000000
82459  34.011  33.956  -56.818 0.2500000000
120415  41.612  39.418  -42.495 0.6250000000
137563  41.462  39.228  -43.176 0.7500000000
85578  39.227  38.855  -45.275 0.6250000000
84862  36.931  38.185  -46.713 0.7500000000
83581  33.747  36.532  -50.687 0.3750000000
84216  35.303  37.899  -48.577 0.3750000000
83599  33.369  34.927  -54.186 0.2500000000
136285  33.238  35.321  -53.090 0.3750000000
79632  35.583  31.030  -57.716 0.1250000000
81102  34.862  32.388  -57.561 0.1250000000
78908  35.550  29.415  -57.632 0.1250000000
86186  42.136  39.007  -41.415 0.6250000000
85542  42.050  38.924  -42.003 0.6250000000
85577  39.908  38.893  -44.896 0.3750000000
85571  40.190  39.011  -44.655 0.3750000000
83580  34.316  36.632  -49.937 0.2500000000
134641  34.856  37.329  -49.196 0.3750000000
84204  35.973  38.095  -47.746 0.3750000000
125661  33.730  34.443  -54.792 0.1250000000
83592  33.242  35.282  -52.886 0.3750000000
139622  33.603  35.961  -51.230 0.3750000000
79631  35.720  29.874  -58.039 0.1250000000
83607  33.634  34.678  -54.933 0.1250000000
85557  41.983  38.644  -42.606 0.3750000000
85537  42.583  38.547  -40.857 0.3750000000
86213  41.396  39.204  -43.236 0.3750000000
84855  39.112  38.583  -45.378 0.3750000000
120077  40.429  38.800  -44.524 0.3750000000
83565  36.013  37.471  -47.698 0.3750000000
84195  36.541  37.959  -47.127 0.3750000000
137408  37.633  38.419  -46.217 0.3750000000
83577  34.896  36.694  -49.203 0.3750000000
83576  35.416  37.419  -48.470 0.3750000000
132627  34.148  33.849  -55.240 0.1250000000
83010  33.343  35.142  -52.460 0.1250000000
81815  35.141  32.442  -58.248 0.1250000000
84854  40.323  38.387  -44.629 0.2500000000
133339  38.005  37.803  -46.030 0.2500000000
84187  39.067  37.845  -45.417 0.3750000000
84847  39.828  38.680  -44.974 0.3750000000
82992  35.477  36.759  -48.401 0.1250000000
84194  37.233  38.026  -46.530 0.3750000000
83000  34.361  35.816  -50.007 0.1250000000
82422  33.560  34.184  -52.875 0.1250000000
83005  33.835  35.803  -50.795 0.1250000000
84828  41.551  38.537  -43.405 0.3750000000
84840  40.914  38.794  -44.074 0.3750000000
125020  36.099  36.804  -47.571 0.1250000000
83553  37.598  37.447  -46.230 0.1250000000
82993  34.947  35.869  -49.178 0.1250000000
123234  36.833  36.809  -46.811 0.1250000000
82431  33.848  33.560  -53.841 0.1250000000
82405  34.446  34.738  -50.051 0.1250000000
82959  38.242  36.974  -45.672 0.1250000000
82396  35.040  34.843  -49.119 0.1250000000
82388  36.185  35.997  -47.400 0.1250000000
81756  34.036  32.941  -53.283 0.1250000000
69992  20.699  15.412  -59.919 0.8750000000
66276  23.961  12.878  -62.921 0.6250000000
74720  28.261  21.107  -57.014 0.6250000000
78169  32.947  29.498  -52.401 0.8750000000
76770  34.225  28.427  -53.495 0.5000000000
76793  33.073  25.279  -56.535 0.3750000000
86172  42.031  39.032  -40.429 0.6250000000
86815  41.046  40.027  -42.173 0.8750000000
86848  40.198  39.998  -44.010 0.8750000000
86201  40.704  39.734  -43.218 0.7500000000
85588  37.060  39.314  -46.507 0.8750000000
84894  33.315  37.278  -50.903 0.7500000000
80364  34.528  31.900  -55.780 0.5000000000
81805  33.432  33.383  -55.838 0.5000000000
82455  33.100  33.904  -55.627 0.7500000000
78894  35.251  30.011  -55.484 0.5000000000
83554  36.705  37.474  -46.968 0.2500000000
82983  35.549  35.937  -48.299 0.1250000000
82414  33.800  33.713  -52.120 0.1250000000
72102  25.706  17.734  -61.595 0.5000000000
133905  25.862  20.385  -59.557 0.6250000000
119623  23.740  21.801  -59.053 0.7500000000
76097  27.801  23.545  -58.674 0.3750000000
75393  29.255  22.908  -57.325 0.3750000000
76095  29.531  24.468  -57.977 0.2500000000
82456  32.691  33.889  -55.085 0.7500000000
76807  29.947  24.918  -58.105 0.1250000000
65546  19.709  12.568  -59.062 0.7500000000
118872  18.637  14.075  -58.959 0.7500000000
68114  17.733  15.552  -59.360 0.7500000000
68688  17.600  16.082  -59.281 0.7500000000
64317  20.853  10.317  -59.342 0.7500000000
65556  20.156  12.399  -59.765 0.7500000000
63703  22.114  9.106  -59.909 0.7500000000
72802  17.908  20.862  -58.046 0.6250000000
127226  18.245  16.384  -60.092 0.7500000000
63116  22.579  9.169  -60.689 0.6250000000
63728  23.078  9.658  -61.299 0.7500000000
63141  23.923  9.104  -61.145 0.6250000000
64355  23.943  10.484  -61.718 0.6250000000
64354  24.502  11.060  -61.508 0.5000000000
63137  26.318  9.020  -60.354 0.3750000000
64353  24.920  11.336  -61.244 0.5000000000
63739  26.495  9.559  -60.817 0.1250000000
64344  26.956  11.127  -62.088 0.1250000000
64343  26.821  10.642  -62.874 0.1250000000
64334  27.733  10.192  -62.127 0.1250000000
116784  27.940  12.238  -63.179 0.1250000000
66280  29.010  12.973  -64.870 0.1250000000
68727  28.595  14.677  -64.403 0.1250000000
116489  41.464  39.049  -39.976 0.3750000000
70013  27.473  15.841  -63.408 0.1250000000
122910  26.222  17.422  -62.456 0.1250000000
75441  26.906  23.690  -60.013 0.1250000000
76096  28.277  23.756  -58.368 0.2500000000
76083  29.027  23.813  -57.913 0.2500000000
77518  31.041  25.338  -58.357 0.1250000000
76806  30.996  24.971  -57.959 0.2500000000
77530  33.273  26.524  -58.262 0.1250000000
78208  35.066  28.306  -57.630 0.1250000000
78913  35.047  28.536  -58.572 0.1250000000
78912  35.326  28.942  -58.699 0.1250000000
79637  35.995  30.119  -58.516 0.1250000000
135828  35.018  28.611  -58.916 0.1250000000
82448  34.548  33.525  -55.827 0.1250000000
81803  35.729  32.561  -56.860 0.1250000000
120805  47.779  35.208  -34.512 0.1250000000
84181  40.727  37.968  -44.243 0.2500000000
83544  40.005  37.792  -44.770 0.1250000000
83538  40.474  37.626  -44.347 0.1250000000
82965  37.473  36.731  -46.181 0.1250000000
81763  34.448  32.415  -54.283 0.1250000000
81743  34.208  33.220  -51.196 0.1250000000
71333  25.588  16.871  -58.069 0.7500000000
74702  30.176  22.023  -52.263 0.7500000000
74713  29.190  20.213  -53.707 0.7500000000
87393  39.917  40.168  -41.936 0.3750000000
84241  32.455  36.408  -52.846 0.8750000000
69991  21.670  14.776  -60.432 0.8750000000
72821  18.405  19.612  -58.432 0.7500000000
71338  18.617  18.048  -59.047 0.8750000000
71336  20.439  17.251  -58.454 0.8750000000
139136  24.926  15.678  -60.418 0.7500000000
74779  25.043  21.731  -59.766 0.6250000000
77484  32.380  28.547  -51.707 0.8750000000
86252  36.150  39.488  -47.347 0.8750000000
85605  34.950  38.959  -48.714 0.8750000000
84901  32.879  37.176  -51.727 0.8750000000
84811  42.426  38.515  -41.434 0.3750000000
125139  43.050  37.860  -40.992 0.3750000000
84146  42.742  37.693  -41.736 0.1250000000
84827  41.956  38.343  -42.812 0.2500000000
67534  18.322  14.915  -59.909 0.7500000000
67521  18.280  14.546  -59.291 0.7500000000
66225  19.422  13.093  -59.308 0.7500000000
65555  20.583  11.862  -60.062 0.7500000000
64325  20.931  10.539  -59.888 0.7500000000
64316  21.145  10.020  -59.789 0.7500000000
63712  21.825  9.778  -60.486 0.7500000000
70624  17.692  17.568  -59.159 0.7500000000
69975  17.875  17.154  -59.560 0.7500000000
65570  20.419  12.502  -60.258 0.7500000000
68711  18.812  15.415  -60.460 0.7500000000
66942  20.176  13.938  -60.921 0.7500000000
71322  18.055  18.502  -59.064 0.7500000000
74090  18.109  21.896  -57.691 0.6250000000
69995  18.622  16.139  -60.248 0.7500000000
68133  19.811  14.728  -60.855 0.8750000000
64942  22.011  11.071  -61.404 0.7500000000
68141  20.428  14.424  -61.197 0.8750000000
70647  19.826  16.031  -59.902 0.8750000000
131860  22.010  12.577  -62.028 0.7500000000
64953  23.066  10.970  -61.855 0.7500000000
66951  22.897  12.842  -62.655 0.7500000000
69360  21.592  14.158  -61.822 0.8750000000
63752  24.237  10.451  -61.506 0.6250000000
70016  23.675  14.615  -62.107 0.7500000000
63740  26.015  9.685  -60.946 0.2500000000
64358  25.476  12.161  -61.568 0.5000000000
66275  24.700  12.837  -63.001 0.6250000000
70024  24.345  15.120  -63.103 0.7500000000
131455  25.945  13.106  -63.817 0.5000000000
119551  26.515  12.653  -62.764 0.2500000000
63738  28.074  9.487  -62.293 0.1250000000
67571  27.058  13.485  -64.217 0.2500000000
68731  25.767  15.038  -63.753 0.3750000000
71364  25.190  16.758  -62.404 0.6250000000
65608  28.278  12.928  -64.482 0.1250000000
116776  28.212  12.124  -63.935 0.1250000000
67561  27.031  13.986  -64.252 0.1250000000
71362  25.829  17.348  -62.683 0.5000000000
71358  25.944  17.650  -62.698 0.1250000000
69363  26.852  15.721  -63.605 0.1250000000
74108  25.718  21.506  -60.099 0.5000000000
68728  27.954  14.512  -64.350 0.1250000000
71347  26.020  18.155  -62.505 0.1250000000
73461  25.794  20.742  -60.500 0.1250000000
75403  27.253  22.066  -58.497 0.6250000000
76132  26.796  23.235  -58.976 0.1250000000
74712  30.266  21.347  -53.740 0.6250000000
76056  32.863  25.563  -52.525 0.6250000000
79617  33.800  32.030  -54.988 0.7500000000
83611  32.736  35.222  -54.525 0.7500000000
76782  34.318  26.862  -54.015 0.5000000000
86180  42.052  39.168  -40.942 0.6250000000
84900  33.046  36.893  -51.812 0.7500000000
77503  34.734  27.079  -55.019 0.3750000000
134111  34.883  38.554  -48.910 0.7500000000
83610  32.994  35.035  -54.853 0.6250000000
78879  34.597  30.141  -54.395 0.5000000000
133163  34.493  27.440  -57.570 0.1250000000
77516  34.004  26.768  -57.299 0.1250000000
77504  33.763  26.178  -56.714 0.2500000000
77517  33.036  26.082  -57.829 0.1250000000
86214  41.090  39.425  -43.371 0.7500000000
122022  37.020  38.915  -46.633 0.7500000000
84228  33.140  36.667  -51.771 0.6250000000
83034  33.471  34.573  -55.764 0.3750000000
84249  33.165  35.471  -53.811 0.3750000000
79624  35.353  31.020  -56.535 0.1250000000
84861  37.674  38.757  -46.156 0.3750000000
83615  33.713  34.672  -55.700 0.3750000000
116797  35.495  30.907  -57.207 0.1250000000
83041  33.991  34.124  -56.526 0.1250000000
115493  33.406  34.767  -53.941 0.2500000000
81816  34.961  32.789  -57.709 0.1250000000
80381  35.650  31.098  -57.928 0.1250000000
78907  35.673  29.862  -57.861 0.1250000000
83044  34.595  34.004  -57.060 0.1250000000
85550  41.835  38.963  -42.699 0.3750000000
115499  33.491  35.782  -51.506 0.2500000000
122606  34.458  34.102  -55.981 0.1250000000
83027  34.094  34.189  -55.448 0.1250000000
85566  41.297  38.990  -43.569 0.3750000000
83038  35.111  33.963  -56.610 0.1250000000
83014  33.490  34.447  -53.593 0.1250000000
133208  33.821  33.835  -54.191 0.1250000000
119129  34.171  33.194  -54.641 0.1250000000
118982  33.560  34.956  -51.786 0.1250000000
80387  35.958  31.055  -58.391 0.1250000000
82463  35.021  33.458  -57.327 0.1250000000
84185  40.263  37.927  -44.617 0.2500000000
84845  41.192  38.475  -43.838 0.2500000000
82406  33.924  34.763  -50.960 0.1250000000
83546  38.588  37.632  -45.614 0.1250000000
82958  39.108  37.170  -45.146 0.1250000000
83545  39.418  37.734  -45.122 0.1250000000
66212  19.379  13.101  -58.789 0.7500000000
65545  20.040  12.116  -59.308 0.7500000000
64318  20.591  10.931  -59.016 0.7500000000
67514  18.288  14.547  -58.828 0.7500000000
124084  18.633  14.133  -58.583 0.7500000000
72803  17.810  20.564  -58.054 0.5000000000
71323  17.891  18.512  -59.002 0.6250000000
63140  24.177  9.267  -61.153 0.6250000000
63743  24.940  9.934  -60.770 0.5000000000
72091  26.115  18.889  -61.308 0.1250000000
70662  27.226  16.233  -62.869 0.1250000000
73458  26.073  21.710  -60.021 0.1250000000
78209  34.013  27.227  -58.366 0.1250000000
81807  35.670  33.220  -57.302 0.1250000000
82440  34.553  33.067  -55.452 0.1250000000
68100  17.897  15.474  -58.263 0.7500000000
70614  17.567  18.109  -58.591 0.5000000000
64309  20.887  11.136  -58.503 0.6250000000
64308  20.955  10.471  -58.768 0.6250000000
62453  22.789  8.284  -58.933 0.3750000000
63098  21.856  9.203  -59.334 0.6250000000
61741  24.255  7.179  -59.141 0.2500000000
63096  22.972  8.189  -59.550 0.3750000000
63742  25.540  10.095  -60.323 0.3750000000
85499  42.674  38.195  -39.120 0.3750000000
84758  43.958  37.057  -37.055 0.2500000000
64915  20.404  11.543  -58.731 0.6250000000
62479  23.549  8.184  -60.337 0.5000000000
62494  24.172  8.347  -60.718 0.5000000000
62493  24.616  8.298  -60.620 0.3750000000
61729  23.891  7.799  -58.366 0.5000000000
63091  22.048  9.245  -58.641 0.6250000000
63139  24.665  9.229  -60.920 0.5000000000
64908  20.626  12.188  -57.626 0.6250000000
70606  17.473  18.087  -57.790 0.3750000000
123654  17.628  16.406  -58.188 0.3750000000
65533  20.171  12.451  -58.046 0.6250000000
66201  19.651  12.887  -58.326 0.6250000000
67508  18.301  15.011  -58.006 0.6250000000
62428  23.870  8.980  -57.423 0.3750000000
63083  22.689  9.674  -58.053 0.5000000000
64907  20.679  11.810  -58.088 0.6250000000
132106  17.620  19.625  -57.820 0.2500000000
60991  25.684  7.607  -57.272 0.3750000000
61014  26.005  6.711  -58.844 0.2500000000
61727  24.792  7.047  -58.698 0.2500000000
75427  18.476  22.958  -56.819 0.3750000000
120485  24.974  7.029  -59.884 0.2500000000
61768  25.465  7.159  -60.187 0.3750000000
61754  26.492  6.997  -59.877 0.2500000000
118654  26.482  7.531  -60.191 0.2500000000
62491  26.950  7.512  -60.158 0.2500000000
86256  30.282  38.509  -49.872 0.1250000000
87473  33.152  40.072  -47.343 0.2500000000
62489  27.840  7.718  -60.189 0.2500000000
87449  36.256  40.087  -44.859 0.3750000000
87461  34.795  40.077  -46.464 0.2500000000
87404  39.444  39.887  -42.653 0.2500000000
84087  44.929  36.691  -36.560 0.2500000000
133985  31.561  39.108  -48.946 0.1250000000
84891  28.747  37.194  -51.467 0.2500000000
87460  35.647  40.094  -45.769 0.3750000000
63114  23.717  8.448  -60.747 0.5000000000
68681  17.603  15.975  -58.487 0.5000000000
134981  17.492  17.229  -58.538 0.5000000000
63697  21.121  9.998  -58.975 0.6250000000
63097  22.484  8.657  -59.585 0.5000000000
63105  22.999  8.391  -60.065 0.5000000000
62490  27.237  7.577  -60.099 0.2500000000
72047  17.681  19.779  -58.029 0.3750000000
71312  17.988  19.001  -58.977 0.3750000000
74746  18.036  22.319  -57.289 0.2500000000
66202  19.301  13.313  -58.342 0.6250000000
72804  17.626  20.465  -57.847 0.3750000000
62492  25.468  8.190  -60.380 0.2500000000
64301  21.393  10.767  -58.192 0.6250000000
63691  21.404  10.140  -58.491 0.5000000000
62439  23.780  7.557  -58.904 0.2500000000
61728  24.292  7.436  -58.493 0.2500000000
60998  26.072  6.899  -58.276 0.2500000000
61757  24.358  7.242  -59.741 0.3750000000
61769  24.970  7.350  -60.243 0.3750000000
62441  23.242  8.538  -58.192 0.5000000000
61725  24.460  8.045  -57.667 0.3750000000
69311  17.575  17.029  -57.971 0.3750000000
66193  19.703  13.033  -57.962 0.6250000000
63082  23.357  9.324  -57.750 0.3750000000
117501  21.975  10.516  -57.809 0.5000000000
61027  25.882  6.646  -59.422 0.2500000000
117960  26.894  7.039  -59.834 0.2500000000
85597  29.298  37.610  -50.830 0.1250000000
66187  20.814  13.392  -55.346 0.5000000000
63071  23.243  10.014  -57.171 0.2500000000
63684  22.108  11.183  -54.954 0.3750000000
64900  20.991  11.841  -57.612 0.5000000000
66194  19.941  13.518  -56.580 0.5000000000
126605  20.979  13.891  -53.793 0.3750000000
67493  19.976  15.049  -55.940 0.5000000000
126455  19.532  14.050  -56.870 0.5000000000
67492  19.748  14.536  -56.439 0.5000000000
67502  18.569  15.136  -57.632 0.3750000000
67501  18.622  14.586  -57.903 0.5000000000
66175  18.492  12.682  -52.423 0.1250000000
68675  18.170  15.910  -57.612 0.2500000000
64880  17.310  10.787  -52.457 0.1250000000
65509  20.127  12.198  -52.900 0.3750000000
63072  22.968  10.560  -56.799 0.2500000000
64896  21.275  11.895  -54.039 0.3750000000
65515  20.988  12.442  -55.047 0.5000000000
117685  17.203  11.908  -52.234 0.1250000000
66180  19.954  13.188  -52.992 0.3750000000
65508  20.825  12.048  -53.322 0.3750000000
68084  20.515  15.418  -53.553 0.1250000000
68672  19.235  16.204  -55.941 0.1250000000
134438  29.050  24.174  -58.039 0.1250000000
68094  18.243  15.489  -57.723 0.3750000000
64294  21.848  11.002  -57.560 0.3750000000
65524  20.309  12.596  -57.630 0.5000000000
121808  17.771  16.511  -57.779 0.2500000000
69964  17.587  17.848  -57.477 0.2500000000
62416  24.238  9.229  -56.652 0.2500000000
65516  21.047  12.803  -54.336 0.5000000000
66186  20.555  12.987  -55.988 0.5000000000
66865  20.816  14.550  -54.921 0.5000000000
63683  22.445  10.774  -57.090 0.3750000000
64901  21.097  12.078  -55.775 0.3750000000
64895  21.605  11.723  -54.869 0.3750000000
66179  20.969  13.212  -53.667 0.3750000000
68088  18.526  15.540  -57.473 0.1250000000
66855  18.363  13.424  -52.382 0.1250000000
66866  20.106  13.887  -53.007 0.2500000000
67477  19.622  14.354  -52.730 0.1250000000
65494  16.769  11.152  -52.221 0.1250000000
65501  17.804  11.664  -52.434 0.1250000000
66174  19.289  12.361  -52.635 0.3750000000
64287  21.782  11.314  -53.815 0.2500000000
67484  20.880  14.908  -54.162 0.1250000000
68087  20.225  15.621  -55.362 0.1250000000
65500  18.506  11.402  -52.583 0.2500000000
64888  20.132  11.087  -52.854 0.2500000000
74080  17.621  21.981  -57.368 0.2500000000
63062  22.450  10.915  -54.146 0.2500000000
64889  19.289  11.208  -52.729 0.2500000000
64282  18.637  10.230  -52.651 0.1250000000
74741  17.846  22.710  -56.655 0.1250000000
85515  41.454  38.827  -39.650 0.1250000000
86796  40.551  39.979  -40.942 0.1250000000
85500  41.959  38.334  -39.177 0.1250000000
137644  42.511  37.850  -38.403 0.1250000000
84775  42.919  37.648  -37.949 0.1250000000
84088  44.103  36.865  -36.863 0.1250000000
85489  42.639  38.032  -38.757 0.1250000000
83434  44.704  36.159  -35.968 0.1250000000
84759  43.556  37.221  -37.366 0.1250000000
84059  45.236  36.113  -35.557 0.1250000000
86163  40.963  39.165  -39.838 0.1250000000
83433  44.940  36.099  -35.710 0.1250000000
113142  46.491  35.291  -34.794 0.1250000000
123461  39.812  39.972  -41.515 0.1250000000
137058  40.386  39.934  -40.847 0.1250000000
114725  34.086  40.043  -46.608 0.1250000000
70601  17.546  18.422  -57.614 0.1250000000
73431  17.034  21.478  -56.850 0.1250000000
87434  36.504  39.999  -44.938 0.1250000000
86787  40.139  39.793  -40.694 0.1250000000
85501  41.422  38.531  -39.274 0.1250000000
84784  42.019  38.046  -38.754 0.1250000000
83426  44.432  35.989  -36.101 0.1250000000
113001  46.298  34.828  -34.990 0.1250000000
114455  46.949  34.512  -34.854 0.1250000000
76829  18.843  25.181  -55.494 0.1250000000
76100  18.953  24.584  -55.604 0.1250000000
74079  17.922  21.994  -57.575 0.1250000000
84074  44.782  36.443  -36.178 0.1250000000
72791  17.374  20.998  -57.434 0.1250000000
121299  17.479  20.368  -57.520 0.1250000000
87450  35.942  40.113  -45.620 0.1250000000
75405  18.808  23.961  -56.187 0.1250000000
74740  18.104  22.813  -56.749 0.1250000000
74081  17.181  21.915  -56.886 0.1250000000
75406  18.241  23.668  -55.845 0.1250000000
74076  17.195  21.908  -56.747 0.1250000000
84760  42.890  37.347  -37.685 0.1250000000
83425  44.977  35.978  -35.675 0.1250000000
82850  44.871  35.737  -35.708 0.1250000000
129505  46.136  35.757  -34.928 0.1250000000
113800  45.925  35.371  -35.033 0.1250000000
113254  45.365  35.288  -35.400 0.1250000000
128559  47.579  33.847  -34.952 0.1250000000
60992  25.263  8.143  -56.978 0.1250000000
60291  27.187  7.297  -56.503 0.1250000000
60990  26.242  7.247  -57.462 0.1250000000
60989  26.929  6.970  -57.490 0.1250000000
60997  26.782  6.756  -58.241 0.1250000000
61013  26.677  6.657  -58.869 0.1250000000
61012  27.707  6.551  -58.473 0.1250000000
61026  26.627  6.750  -59.423 0.1250000000
59542  31.944  3.851  -56.401 0.1250000000
60312  30.805  5.505  -56.886 0.1250000000
61011  28.081  6.501  -58.527 0.1250000000
60309  32.213  4.005  -56.911 0.1250000000
61753  28.479  6.670  -59.142 0.1250000000
116015  32.948  2.850  -57.187 0.1250000000
61021  31.766  5.229  -57.629 0.1250000000
61750  30.929  5.860  -58.109 0.1250000000
63061  22.639  10.391  -53.335 0.1250000000
64288  21.019  11.177  -53.127 0.1250000000
62402  23.254  9.741  -53.402 0.1250000000
62401  23.856  9.427  -54.224 0.1250000000
60983  25.514  8.570  -55.881 0.1250000000
60281  27.516  7.607  -55.268 0.1250000000
60982  25.997  8.136  -56.124 0.1250000000
59527  30.882  5.188  -55.190 0.1250000000
59525  31.386  4.456  -55.803 0.1250000000
60299  30.355  5.805  -56.657 0.1250000000
58805  32.045  1.985  -55.987 0.1250000000
59540  32.784  2.031  -57.186 0.1250000000
118976  30.692  6.046  -58.429 0.1250000000
61747  32.088  5.167  -58.064 0.1250000000
60307  32.841  3.257  -57.433 0.1250000000
63122  27.587  7.819  -60.454 0.1250000000
61718  24.937  8.657  -56.488 0.1250000000
60981  26.522  7.684  -56.380 0.1250000000
61752  28.979  6.610  -59.062 0.1250000000
60302  27.725  6.738  -57.331 0.1250000000
61024  28.695  6.448  -58.577 0.1250000000
63070  23.812  9.554  -56.927 0.1250000000
61719  24.720  9.110  -56.160 0.1250000000
136313  21.690  10.223  -52.742 0.1250000000
60290  27.970  6.926  -56.444 0.1250000000
60315  28.424  6.448  -57.658 0.1250000000
60301  28.517  6.533  -56.889 0.1250000000
60313  29.891  5.988  -57.201 0.1250000000
60310  31.882  4.427  -56.819 0.1250000000
60298  31.063  5.130  -56.425 0.1250000000
59541  32.657  2.914  -56.907 0.1250000000
61022  29.856  6.257  -58.397 0.1250000000
61006  32.267  4.157  -57.202 0.1250000000
59532  33.833  1.858  -57.151 0.1250000000
62387  22.066  8.824  -51.991 0.1250000000
61709  23.924  8.995  -52.649 0.1250000000
60279  29.128  6.537  -55.200 0.1250000000
60988  33.476  4.018  -57.134 0.1250000000
58803  33.399  1.472  -57.053 0.1250000000
58814  33.037  1.813  -57.076 0.1250000000
58815  32.889  1.878  -56.956 0.1250000000
59533  32.388  2.848  -56.523 0.1250000000
59538  33.364  2.715  -57.204 0.1250000000
59539  33.062  2.161  -57.119 0.1250000000
60287  30.692  5.518  -55.973 0.1250000000
60288  29.756  6.062  -56.082 0.1250000000
60289  28.846  6.535  -56.256 0.1250000000
60296  33.723  3.182  -57.124 0.1250000000
60297  31.558  4.460  -56.319 0.1250000000
60300  29.453  6.175  -56.858 0.1250000000
60308  32.750  3.379  -57.315 0.1250000000
60311  31.436  4.877  -56.684 0.1250000000
60314  28.973  6.306  -57.680 0.1250000000
60995  33.712  3.201  -57.007 0.1250000000
60996  27.601  6.618  -58.012 0.1250000000
60999  25.455  7.129  -58.174 0.2500000000
61004  33.205  3.810  -57.372 0.1250000000
61005  32.962  4.055  -57.386 0.1250000000
61007  31.865  4.133  -56.881 0.1250000000
61008  31.795  4.874  -57.157 0.1250000000
61009  30.313  5.963  -57.723 0.1250000000
61010  28.880  6.307  -57.926 0.1250000000
61015  25.378  6.814  -58.850 0.2500000000
61023  29.145  6.330  -58.364 0.1250000000
61025  27.739  6.687  -59.128 0.2500000000
61028  25.947  6.681  -59.383 0.2500000000
61035  26.915  6.795  -59.458 0.2500000000
61708  25.074  8.971  -55.737 0.1250000000
61724  24.934  7.502  -57.956 0.3750000000
61736  32.836  4.866  -57.982 0.1250000000
61737  32.501  4.762  -57.586 0.1250000000
61738  30.972  5.746  -57.870 0.1250000000
61739  25.418  6.712  -59.412 0.2500000000
61740  24.809  6.873  -59.340 0.2500000000
61748  31.903  5.313  -58.071 0.1250000000
61749  31.459  5.786  -58.102 0.1250000000
61751  29.933  6.414  -58.764 0.1250000000
61755  25.983  6.958  -59.907 0.3750000000
61756  25.566  6.832  -59.813 0.2500000000
61766  29.275  6.727  -59.205 0.1250000000
61767  25.993  7.182  -60.204 0.2500000000
61778  27.718  7.021  -59.699 0.1250000000
61779  26.993  7.190  -59.998 0.2500000000
61780  26.497  7.210  -60.114 0.2500000000
61781  26.058  7.650  -60.256 0.2500000000
62403  22.413  9.716  -52.554 0.1250000000
62415  24.397  8.772  -57.058 0.1250000000
62427  23.818  8.292  -57.932 0.3750000000
62440  23.392  7.965  -58.601 0.3750000000
62451  23.852  7.576  -59.497 0.3750000000
62452  23.333  7.880  -59.232 0.2500000000
62463  30.066  6.697  -59.088 0.1250000000
62464  30.139  6.506  -58.913 0.1250000000
62465  24.503  7.531  -60.178 0.3750000000
62466  23.956  7.722  -60.047 0.5000000000
62467  23.419  7.951  -59.825 0.3750000000
62472  29.369  6.943  -59.367 0.1250000000
62473  28.393  6.759  -59.564 0.2500000000
62474  28.322  6.950  -59.595 0.1250000000
62475  25.508  7.604  -60.340 0.3750000000
62476  25.010  7.692  -60.381 0.3750000000
62477  24.572  7.867  -60.448 0.5000000000
62478  23.969  7.866  -60.337 0.3750000000
62499  25.918  8.219  -60.295 0.2500000000
62500  25.152  8.743  -60.624 0.2500000000
63060  23.168  10.054  -54.454 0.2500000000
63090  22.665  8.903  -58.448 0.5000000000
63106  22.553  8.860  -60.243 0.5000000000
63113  28.306  7.496  -60.006 0.1250000000
63115  23.119  8.689  -60.619 0.6250000000
63123  26.985  8.448  -60.312 0.2500000000
63124  26.755  8.263  -60.270 0.2500000000
63125  26.054  8.839  -60.241 0.3750000000
63126  24.573  9.028  -60.930 0.6250000000
63127  24.184  8.762  -60.922 0.3750000000
63128  23.851  8.784  -60.978 0.5000000000
63129  22.925  9.051  -60.852 0.5000000000
63136  26.441  9.188  -60.365 0.2500000000
63138  25.214  9.235  -60.573 0.5000000000
63677  21.527  10.573  -52.881 0.2500000000
63682  22.625  10.339  -57.442 0.2500000000
63690  21.963  9.867  -58.225 0.5000000000
63696  21.509  9.617  -58.843 0.6250000000
63704  21.626  9.576  -59.952 0.7500000000
63711  22.135  9.316  -60.360 0.7500000000
63716  22.540  9.669  -61.017 0.7500000000
63726  27.143  9.104  -61.013 0.1250000000
63727  23.554  9.233  -61.206 0.7500000000
63729  22.691  10.087  -61.343 0.7500000000
63741  25.856  9.905  -60.339 0.3750000000
63744  24.399  9.817  -61.195 0.5000000000
63745  23.857  9.513  -61.406 0.6250000000
63746  23.532  9.811  -61.508 0.6250000000
63747  26.693  10.953  -62.025 0.1250000000
63748  25.378  11.448  -61.324 0.2500000000
63749  25.712  11.120  -60.391 0.3750000000
63750  25.222  10.885  -60.544 0.3750000000
63751  24.822  10.634  -60.966 0.5000000000
64280  20.578  10.320  -52.558 0.1250000000
64295  21.679  11.408  -55.811 0.3750000000
64302  21.230  11.357  -57.872 0.3750000000
64329  21.647  10.287  -60.723 0.7500000000
64335  22.565  10.639  -61.554 0.7500000000
64345  24.045  9.867  -61.481 0.6250000000
64346  23.563  10.412  -61.729 0.7500000000
64347  23.096  10.231  -61.568 0.6250000000
64349  26.987  11.381  -63.214 0.1250000000
64350  26.022  11.776  -62.317 0.5000000000
64351  25.797  12.110  -61.535 0.3750000000
64352  25.629  11.933  -61.025 0.5000000000
64921  20.605  10.981  -59.492 0.7500000000
64922  20.282  11.495  -59.180 0.7500000000
64926  20.736  11.149  -59.926 0.7500000000
64927  20.415  11.658  -59.604 0.7500000000
64943  21.581  10.914  -60.968 0.7500000000
64944  21.176  11.493  -60.733 0.7500000000
64952  28.184  11.867  -63.062 0.1250000000
64957  27.339  11.949  -63.829 0.1250000000
64958  26.428  11.978  -62.977 0.1250000000
64959  24.819  11.755  -61.790 0.5000000000
64960  24.259  11.271  -61.878 0.5000000000
64961  23.728  11.206  -61.986 0.6250000000
64963  28.936  12.761  -64.279 0.1250000000
64964  28.089  11.974  -64.148 0.1250000000
64966  25.968  12.762  -62.302 0.3750000000
64967  25.307  12.445  -62.189 0.5000000000
64968  24.739  12.208  -62.314 0.5000000000
65532  20.190  12.042  -58.500 0.6250000000
65537  20.037  12.020  -58.912 0.7500000000
65538  19.830  12.505  -58.627 0.6250000000
65557  19.782  12.642  -59.420 0.7500000000
65569  20.820  12.031  -60.504 0.7500000000
65580  21.933  11.753  -61.602 0.7500000000
65581  21.504  12.257  -61.405 0.7500000000
65582  21.119  12.174  -60.955 0.7500000000
65590  22.783  11.581  -61.988 0.7500000000
65593  24.197  11.921  -62.266 0.5000000000
65594  23.689  11.995  -62.329 0.6250000000
65595  23.226  11.658  -62.115 0.6250000000
65596  22.818  11.999  -62.155 0.7500000000
65598  29.262  12.958  -64.121 0.1250000000
65599  28.402  12.801  -64.126 0.1250000000
65601  26.887  12.999  -63.699 0.1250000000
65602  26.732  12.915  -62.909 0.5000000000
65603  25.845  12.834  -62.771 0.5000000000
65605  24.597  12.433  -62.617 0.6250000000
65606  24.136  12.418  -62.638 0.6250000000
65609  27.627  12.928  -64.213 0.1250000000
65610  26.870  12.972  -63.795 0.3750000000
65611  26.243  13.146  -63.607 0.5000000000
66236  19.710  13.022  -59.718 0.7500000000
66245  20.202  13.091  -60.428 0.7500000000
66246  19.653  13.252  -59.868 0.7500000000
66255  21.008  12.867  -61.240 0.7500000000
66256  20.439  13.309  -60.873 0.7500000000
66262  22.333  12.003  -61.965 0.7500000000
66264  21.109  13.041  -61.536 0.7500000000
66269  22.218  12.881  -62.322 0.7500000000
66273  25.850  12.806  -63.288 0.5000000000
66277  23.412  12.977  -62.904 0.8750000000
66279  29.329  12.967  -64.395 0.1250000000
66281  28.772  12.897  -64.875 0.1250000000
66282  28.110  12.809  -64.810 0.1250000000
66283  27.549  12.812  -64.285 0.2500000000
66878  20.697  13.973  -55.567 0.5000000000
66898  18.937  13.851  -58.193 0.6250000000
66908  19.012  13.623  -59.147 0.7500000000
66909  18.940  13.674  -58.656 0.7500000000
66918  18.678  14.121  -59.441 0.7500000000
66925  18.762  14.270  -59.841 0.7500000000
66932  19.138  13.966  -59.945 0.7500000000
66943  19.457  14.016  -60.358 0.7500000000
66948  21.146  13.538  -61.818 0.8750000000
66949  20.746  13.845  -61.481 0.8750000000
66952  22.608  13.046  -62.760 0.7500000000
66953  21.799  13.314  -62.247 0.8750000000
66957  25.040  13.262  -63.361 0.6250000000
66958  24.325  13.258  -63.162 0.6250000000
66959  23.659  13.307  -63.079 0.6250000000
66960  23.098  13.294  -62.949 0.8750000000
66962  29.178  13.011  -64.984 0.1250000000
66963  28.414  13.142  -64.839 0.1250000000
66964  27.889  13.087  -64.577 0.1250000000
66965  27.272  13.164  -64.272 0.2500000000
67507  18.469  14.521  -58.319 0.6250000000
67515  18.054  15.010  -58.574 0.7500000000
67542  18.896  14.716  -60.354 0.7500000000
67548  21.004  13.914  -61.812 0.8750000000
67549  20.665  13.836  -61.512 0.8750000000
67550  20.151  14.010  -61.110 0.8750000000
67553  21.973  13.775  -62.467 0.8750000000
67554  21.449  13.845  -62.149 0.8750000000
67555  20.884  14.270  -62.012 0.8750000000
67559  28.804  14.026  -64.898 0.1250000000
67560  27.967  14.014  -64.708 0.1250000000
67562  26.536  14.278  -64.006 0.2500000000
67563  25.700  14.189  -63.865 0.3750000000
67564  24.552  13.866  -63.551 0.7500000000
67565  23.313  13.665  -63.108 0.6250000000
67566  23.018  13.566  -63.104 0.8750000000
67567  22.458  13.796  -62.741 0.8750000000
67568  28.916  13.487  -65.079 0.1250000000
67569  28.230  13.720  -64.879 0.1250000000
67570  27.777  13.386  -64.593 0.1250000000
67572  26.064  13.559  -64.024 0.3750000000
67573  25.055  13.727  -63.715 0.5000000000
68106  17.939  14.815  -58.913 0.7500000000
68107  17.701  15.491  -58.817 0.5000000000
68119  17.956  15.400  -59.766 0.7500000000
68127  18.614  15.096  -60.295 0.7500000000
68128  18.161  15.259  -59.991 0.7500000000
68134  19.241  14.963  -60.635 0.7500000000
68146  22.144  13.880  -62.514 0.8750000000
68147  21.854  14.019  -62.278 0.8750000000
68148  21.257  14.075  -61.996 0.8750000000
68152  28.320  14.141  -64.688 0.1250000000
68154  26.893  14.291  -64.035 0.1250000000
68155  26.095  14.422  -63.854 0.3750000000
68156  25.240  14.552  -63.732 0.6250000000
68157  24.547  14.361  -63.592 0.7500000000
68158  22.968  13.880  -62.984 0.8750000000
68677  17.867  15.966  -57.996 0.3750000000
68689  17.545  16.040  -58.935 0.5000000000
68696  17.762  15.848  -59.663 0.7500000000
68710  19.367  14.858  -60.801 0.7500000000
68719  20.646  14.536  -61.331 0.8750000000
68720  20.174  14.959  -61.030 0.8750000000
68725  21.025  14.312  -61.708 0.8750000000
68729  27.282  14.732  -64.006 0.1250000000
68730  26.480  14.849  -63.833 0.1250000000
68732  24.460  14.848  -63.429 0.7500000000
68733  22.020  14.159  -62.364 0.8750000000
68734  21.865  14.055  -62.174 0.8750000000
69314  17.509  16.561  -58.570 0.5000000000
69318  17.760  16.310  -59.670 0.7500000000
69319  17.520  16.687  -58.925 0.7500000000
69327  17.686  16.902  -59.360 0.7500000000
69335  18.488  15.922  -60.251 0.7500000000
69336  17.969  16.149  -59.970 0.7500000000
69341  19.500  15.265  -60.701 0.8750000000
69342  18.979  15.607  -60.491 0.7500000000
69352  21.008  14.760  -60.914 0.8750000000
69353  21.069  14.629  -61.404 0.8750000000
69354  20.134  15.149  -61.190 0.8750000000
69362  27.571  15.560  -63.703 0.1250000000
69364  26.260  15.773  -63.630 0.1250000000
69365  25.727  15.641  -63.648 0.1250000000
69366  25.356  15.846  -63.481 0.3750000000
69367  24.804  15.490  -63.373 0.7500000000
69368  24.350  15.076  -63.262 0.7500000000
69369  22.630  14.076  -62.521 0.8750000000
69370  22.099  14.041  -62.255 0.8750000000
69967  17.474  17.699  -57.777 0.3750000000
69969  17.483  17.755  -58.458 0.3750000000
69972  17.554  17.474  -58.885 0.5000000000
69983  20.132  16.306  -59.365 0.8750000000
69984  18.211  16.734  -59.935 0.7500000000
69985  18.097  16.781  -59.911 0.7500000000
69990  22.997  14.592  -60.727 1.0000000000
70007  23.403  14.488  -61.634 0.7500000000
70008  22.315  14.357  -61.216 0.8750000000
70009  21.111  14.724  -60.874 0.8750000000
70010  20.414  15.147  -60.893 0.8750000000
70011  19.644  15.446  -60.595 0.8750000000
70014  27.008  16.166  -63.196 0.1250000000
70015  24.341  15.194  -62.712 0.7500000000
70018  22.020  14.230  -61.523 0.8750000000
70020  25.921  16.208  -63.471 0.1250000000
70021  25.543  16.388  -63.259 0.5000000000
70022  25.096  16.030  -63.250 0.6250000000
70025  23.811  14.628  -62.768 0.7500000000
70026  23.120  14.262  -62.395 0.8750000000
70623  17.864  17.742  -59.309 0.3750000000
70632  23.043  15.583  -58.789 1.0000000000
70634  19.124  16.911  -59.485 0.8750000000
70635  18.514  17.179  -59.601 0.8750000000
70636  18.166  17.239  -59.658 0.7500000000
70637  18.058  17.191  -59.663 0.7500000000
70648  19.086  16.410  -59.899 0.8750000000
70649  18.618  16.664  -59.904 0.7500000000
70663  24.629  15.686  -62.210 0.7500000000
70666  27.794  15.992  -62.953 0.1250000000
70667  26.457  16.747  -62.881 0.1250000000
70668  26.127  16.821  -63.047 0.1250000000
70669  25.888  16.932  -63.174 0.5000000000
70670  25.101  16.489  -62.765 0.6250000000
70671  24.814  15.966  -62.809 0.7500000000
70672  26.452  16.440  -63.240 0.1250000000
70673  26.087  16.583  -63.240 0.1250000000
70674  25.890  16.627  -63.190 0.5000000000
70675  25.309  16.475  -63.029 0.3750000000
70676  24.957  16.082  -63.099 0.6250000000
70677  24.670  15.626  -63.084 0.7500000000
71305  17.666  18.906  -58.228 0.2500000000
71320  24.529  17.428  -57.089 1.0000000000
71324  17.788  18.214  -59.128 0.3750000000
71339  18.187  17.874  -59.315 0.8750000000
71340  18.036  17.835  -59.357 0.6250000000
71346  26.116  18.128  -61.957 0.1250000000
71348  25.696  16.876  -60.014 0.7500000000
71349  24.793  15.679  -59.044 0.7500000000
71357  26.761  16.825  -62.405 0.1250000000
71359  25.305  16.939  -61.911 0.6250000000
71361  26.006  17.282  -62.797 0.1250000000
71363  25.382  16.889  -62.594 0.5000000000
72055  17.895  19.216  -58.640 0.5000000000
72056  17.800  19.853  -58.235 0.3750000000
72068  19.699  19.294  -57.977 1.0000000000
72069  18.131  19.075  -58.760 0.7500000000
72070  18.018  19.101  -58.760 0.6250000000
72077  26.005  19.567  -60.975 0.1250000000
72082  18.436  18.861  -58.763 0.7500000000
72092  25.956  18.642  -61.780 0.1250000000
72093  25.967  18.402  -60.449 0.6250000000
72100  25.933  18.277  -62.030 0.1250000000
72101  25.876  18.366  -61.683 0.5000000000
72103  25.612  17.289  -61.212 0.6250000000
72104  25.870  17.888  -62.304 0.5000000000
72105  25.470  17.263  -61.852 0.5000000000
72106  25.261  16.956  -61.926 0.5000000000
72790  17.634  21.104  -57.787 0.2500000000
72816  26.073  21.102  -60.141 0.1250000000
72817  24.995  19.252  -57.203 1.0000000000
72818  21.563  20.021  -57.147 1.0000000000
72819  19.409  19.940  -57.899 1.0000000000
72823  17.942  19.887  -58.349 0.5000000000
72832  26.034  20.179  -60.641 0.1250000000
72833  25.845  19.469  -58.013 0.8750000000
72839  25.869  19.684  -61.008 0.1250000000
72840  25.807  19.891  -60.933 0.1250000000
72841  25.876  19.910  -60.737 0.5000000000
72842  25.916  19.752  -60.147 0.6250000000
72845  25.936  19.007  -61.368 0.1250000000
72846  25.883  19.153  -61.210 0.1250000000
72847  25.895  18.891  -60.764 0.6250000000
73435  18.129  21.627  -57.937 0.1250000000
73436  17.836  21.678  -57.774 0.1250000000
73437  17.424  21.571  -57.457 0.1250000000
73442  18.430  21.086  -57.930 0.6250000000
73443  18.062  21.324  -57.923 0.6250000000
73444  17.854  21.220  -57.952 0.1250000000
73452  23.057  20.139  -57.915 1.0000000000
73456  18.994  20.831  -57.812 0.7500000000
73457  18.395  20.372  -58.135 0.7500000000
73459  25.876  21.521  -60.075 0.1250000000
73460  25.597  20.898  -59.337 0.7500000000
73462  25.839  20.792  -60.446 0.1250000000
74042  28.213  20.065  -52.133 0.8750000000
74059  21.194  20.932  -56.998 1.0000000000
74060  21.665  21.922  -57.760 1.0000000000
74065  24.026  19.755  -57.305 0.8750000000
74067  22.221  20.862  -57.433 1.0000000000
74075  17.538  22.233  -56.927 0.1250000000
74085  21.845  21.841  -58.170 1.0000000000
74086  20.492  21.761  -57.122 1.0000000000
74087  19.866  21.847  -57.253 1.0000000000
74089  18.623  21.757  -57.656 0.6250000000
74101  19.411  21.421  -57.498 1.0000000000
74103  26.051  22.011  -60.044 0.1250000000
74105  25.622  21.844  -60.058 0.5000000000
74106  24.899  21.780  -60.047 0.6250000000
74107  23.992  21.170  -59.214 0.7500000000
74109  25.649  21.490  -59.853 0.6250000000
74686  26.233  22.679  -50.970 1.0000000000
74723  20.704  21.599  -56.512 1.0000000000
74729  26.064  20.775  -58.235 0.8750000000
74731  21.099  22.277  -57.370 1.0000000000
74738  24.033  22.211  -58.855 0.8750000000
74739  22.102  22.647  -58.031 1.0000000000
74745  18.781  22.794  -57.030 0.7500000000
74747  17.867  22.352  -57.124 0.1250000000
74751  21.851  21.808  -58.358 1.0000000000
74754  19.136  22.593  -57.137 0.7500000000
74755  18.698  22.285  -57.374 0.7500000000
74766  26.238  22.985  -59.972 0.1250000000
74767  25.534  22.281  -60.080 0.1250000000
74769  22.937  21.955  -58.465 1.0000000000
74776  26.241  22.901  -60.105 0.1250000000
74777  25.851  22.495  -60.140 0.1250000000
74778  25.306  22.096  -60.072 0.5000000000
75347  31.227  24.505  -51.243 0.8750000000
75349  28.747  23.776  -50.452 1.0000000000
75394  28.354  22.902  -57.947 0.3750000000
75402  27.841  23.130  -58.110 0.3750000000
75410  26.011  21.787  -58.822 0.6250000000
75411  25.154  21.881  -59.076 0.7500000000
75412  23.121  22.731  -58.845 0.8750000000
75414  18.738  23.575  -56.365 0.3750000000
75415  18.089  23.345  -56.180 0.1250000000
75419  24.799  22.635  -59.061 0.6250000000
75421  22.069  22.934  -58.678 1.0000000000
75423  20.530  23.065  -57.274 1.0000000000
75431  24.599  22.884  -59.171 0.6250000000
75432  23.172  22.703  -58.948 1.0000000000
75433  22.252  23.039  -58.905 1.0000000000
75435  19.981  22.797  -57.104 1.0000000000
75442  26.085  23.040  -59.744 0.5000000000
75443  25.173  22.262  -59.552 0.5000000000
75444  24.442  22.359  -59.497 0.6250000000
76046  32.003  26.147  -51.510 0.7500000000
76058  25.468  26.783  -51.638 1.0000000000
76082  29.990  23.875  -57.352 0.2500000000
76084  22.359  26.674  -53.315 1.0000000000
76107  27.507  23.803  -58.934 0.1250000000
76108  26.909  22.896  -58.868 0.5000000000
76109  26.011  22.455  -58.958 0.5000000000
76111  20.001  23.574  -55.843 1.0000000000
76112  19.667  24.006  -55.746 1.0000000000
76120  27.625  24.027  -59.080 0.1250000000
76121  26.983  23.211  -58.884 0.1250000000
76123  19.877  23.105  -56.728 1.0000000000
76125  19.119  23.723  -56.343 0.7500000000
76126  19.071  24.151  -56.121 0.7500000000
76140  27.124  23.854  -59.204 0.1250000000
76761  31.127  27.245  -51.011 1.0000000000
76762  29.763  27.226  -50.620 1.0000000000
76773  27.106  28.288  -51.586 1.0000000000
76784  25.238  28.688  -52.720 1.0000000000
76786  23.695  27.862  -53.003 1.0000000000
76792  34.159  26.011  -55.578 0.3750000000
76794  31.698  24.771  -57.285 0.2500000000
76795  30.481  24.580  -57.710 0.1250000000
76809  28.294  24.314  -58.644 0.1250000000
76812  20.677  25.942  -54.466 0.8750000000
76813  20.301  25.613  -54.529 0.8750000000
76814  20.059  25.665  -54.820 0.8750000000
76816  19.187  25.413  -55.085 0.2500000000
76822  29.225  24.848  -58.357 0.1250000000
76824  28.172  24.607  -58.968 0.1250000000
76836  28.326  24.884  -58.922 0.1250000000
77486  28.944  29.374  -51.784 1.0000000000
77487  26.403  29.071  -52.376 1.0000000000
77506  24.834  29.364  -53.254 1.0000000000
77507  23.240  28.453  -53.486 1.0000000000
77508  22.716  27.758  -53.538 0.8750000000
77510  20.342  26.727  -54.265 0.2500000000
77511  19.954  26.338  -54.384 0.1250000000
77519  23.141  28.790  -53.671 0.8750000000
77521  21.689  26.857  -54.080 0.8750000000
78179  28.561  30.811  -52.570 1.0000000000
78180  27.406  30.592  -52.833 1.0000000000
78181  26.572  30.269  -53.001 1.0000000000
78193  24.146  29.455  -53.530 1.0000000000
78201  25.083  30.016  -53.506 1.0000000000
78202  24.234  29.692  -53.595 0.8750000000
78204  21.960  27.858  -54.013 0.7500000000
78872  32.266  31.251  -53.067 1.0000000000
78882  29.271  32.003  -52.946 1.0000000000
78883  27.907  31.542  -53.047 1.0000000000
78884  26.904  31.435  -53.328 1.0000000000
78885  26.033  30.814  -53.459 1.0000000000
78886  25.526  30.865  -53.649 1.0000000000
78887  23.836  30.209  -53.697 0.7500000000
78895  26.090  31.448  -53.603 0.8750000000
78896  25.117  30.735  -53.732 1.0000000000
78899  23.314  29.633  -53.703 0.7500000000
78920  35.588  29.186  -58.875 0.1250000000
79602  32.687  32.145  -53.999 0.8750000000
79603  30.918  32.374  -53.241 1.0000000000
79604  29.477  32.494  -53.135 1.0000000000
79607  25.740  30.958  -53.643 1.0000000000
79610  23.466  30.390  -53.605 0.3750000000
79616  34.919  31.124  -55.617 0.5000000000
79619  24.432  30.645  -53.753 0.8750000000
80353  31.764  32.710  -53.811 1.0000000000
80355  28.868  32.755  -53.255 1.0000000000
80356  27.482  32.338  -53.332 1.0000000000
80358  25.783  31.604  -53.676 1.0000000000
80359  24.527  31.482  -53.708 0.6250000000
80372  33.576  32.962  -55.688 0.7500000000
80380  35.523  31.709  -58.069 0.1250000000
80382  35.241  31.811  -57.728 0.1250000000
81066  25.024  32.403  -53.364 0.6250000000
81068  23.788  31.951  -53.113 0.1250000000
81072  30.780  33.574  -53.769 1.0000000000
81074  28.419  33.280  -53.379 1.0000000000
81075  27.514  32.905  -53.425 1.0000000000
81076  26.684  32.717  -53.451 1.0000000000
81078  25.176  32.041  -53.598 0.8750000000
81085  31.850  33.378  -54.280 1.0000000000
81094  34.639  32.823  -57.510 0.1250000000
81095  34.441  32.806  -57.180 0.1250000000
81100  35.293  32.031  -58.159 0.1250000000
81101  35.097  31.987  -57.794 0.1250000000
81106  35.828  31.745  -58.372 0.1250000000
81776  27.137  33.453  -53.385 0.6250000000
81777  26.168  33.324  -53.269 0.8750000000
81778  25.489  32.961  -53.242 0.8750000000
81780  24.272  32.418  -53.094 0.1250000000
81788  30.992  33.782  -53.805 1.0000000000
81789  30.053  33.798  -53.429 1.0000000000
81792  27.167  33.590  -53.365 0.7500000000
81793  26.563  32.944  -53.422 0.8750000000
81794  25.718  32.680  -53.387 0.6250000000
81799  32.767  33.821  -55.085 0.7500000000
81800  31.927  33.743  -54.356 0.8750000000
81804  33.797  33.619  -56.534 0.3750000000
81808  35.162  33.003  -57.549 0.1250000000
81809  34.807  33.068  -57.545 0.1250000000
81810  34.188  33.138  -57.292 0.1250000000
81811  33.936  32.893  -57.048 0.2500000000
81812  33.981  33.034  -56.683 0.3750000000
82432  26.456  34.295  -53.044 0.5000000000
82441  29.865  34.594  -53.033 1.0000000000
82442  28.893  34.540  -53.040 1.0000000000
82443  28.147  34.364  -53.168 0.6250000000
82445  26.626  33.970  -53.185 0.6250000000
82447  25.485  33.350  -53.073 0.5000000000
82451  29.436  34.125  -53.191 1.0000000000
82452  28.459  34.042  -53.248 1.0000000000
82454  35.086  33.204  -56.603 0.1250000000
82458  35.153  33.423  -57.054 0.1250000000
82460  33.718  33.930  -56.382 0.3750000000
82461  33.327  33.875  -55.819 0.7500000000
82462  35.655  33.085  -56.835 0.1250000000
82464  35.065  33.709  -57.258 0.1250000000
82465  34.252  33.610  -57.106 0.1250000000
82466  33.779  33.507  -56.979 0.2500000000
83011  26.346  34.609  -52.701 0.1250000000
83015  28.159  35.401  -52.908 0.6250000000
83016  27.578  35.036  -53.133 0.5000000000
83020  33.882  33.966  -54.623 0.1250000000
83024  28.541  34.845  -53.007 0.8750000000
83025  28.018  34.658  -53.086 0.6250000000
83029  31.644  34.788  -53.816 1.0000000000
83030  30.832  34.668  -53.306 1.0000000000
83031  34.488  33.874  -55.970 0.1250000000
83032  34.160  34.417  -55.978 0.1250000000
83033  33.882  34.466  -55.976 0.3750000000
83035  32.871  34.425  -55.231 0.7500000000
83036  32.735  34.497  -54.997 0.7500000000
83037  32.183  34.477  -54.440 0.8750000000
83039  34.750  34.022  -56.881 0.1250000000
83040  34.273  34.123  -56.631 0.1250000000
83043  34.691  33.965  -57.082 0.1250000000
83405  47.580  35.808  -34.635 0.1250000000
83406  46.912  35.884  -34.675 0.1250000000
83409  45.504  35.756  -35.287 0.1250000000
83424  46.260  36.051  -34.979 0.1250000000
83584  27.222  35.702  -52.138 0.3750000000
83587  33.310  35.849  -51.958 0.3750000000
83588  27.885  35.789  -52.696 0.5000000000
83589  27.386  35.527  -52.614 0.3750000000
83593  30.189  35.959  -52.478 1.0000000000
83594  29.220  36.078  -52.441 1.0000000000
83596  28.035  35.695  -52.775 0.5000000000
83597  27.430  35.340  -52.888 0.5000000000
83601  32.275  35.576  -53.909 0.8750000000
83602  31.857  35.661  -53.512 1.0000000000
83603  31.148  35.587  -52.974 1.0000000000
83604  30.521  35.575  -52.705 1.0000000000
83608  33.502  34.835  -54.943 0.3750000000
83609  33.295  35.049  -54.946 0.3750000000
83612  32.207  35.135  -54.145 0.8750000000
83614  34.062  34.357  -55.673 0.1250000000
83616  33.620  34.939  -55.390 0.3750000000
83617  33.038  35.055  -55.059 0.6250000000
84057  46.478  36.289  -35.180 0.1250000000
84071  46.636  36.462  -35.483 0.2500000000
84075  44.066  36.644  -36.618 0.1250000000
84180  41.113  37.980  -43.884 0.2500000000
84186  39.724  38.090  -45.029 0.2500000000
84193  38.323  38.516  -45.794 0.3750000000
84232  33.221  35.909  -51.915 0.3750000000
84233  33.067  36.306  -52.503 0.6250000000
84234  32.960  36.478  -52.514 0.7500000000
84235  29.353  36.962  -52.102 0.8750000000
84236  29.178  36.847  -52.251 0.6250000000
84244  30.940  36.541  -52.389 1.0000000000
84245  30.355  36.469  -52.288 1.0000000000
84246  29.716  36.654  -52.222 1.0000000000
84247  29.016  36.435  -52.331 0.6250000000
84250  33.064  36.140  -53.899 0.7500000000
84251  32.796  35.977  -53.527 0.8750000000
84252  31.846  36.203  -53.500 0.8750000000
84253  31.891  36.099  -53.222 1.0000000000
84254  31.416  36.116  -52.891 1.0000000000
84255  30.783  36.059  -52.562 1.0000000000
84257  33.047  35.486  -54.149 0.6250000000
84258  32.742  35.600  -54.050 0.8750000000
84773  44.367  37.159  -37.436 0.3750000000
84774  43.704  37.396  -37.694 0.2500000000
84806  43.749  37.538  -40.057 0.3750000000
84815  42.478  38.226  -41.738 0.3750000000
84839  41.166  38.809  -43.810 0.3750000000
84846  40.800  38.455  -44.223 0.2500000000
84880  35.459  38.795  -48.250 0.7500000000
84890  33.890  37.900  -49.963 0.7500000000
84895  33.078  37.600  -51.021 0.8750000000
84897  30.229  37.673  -51.862 0.8750000000
84898  29.467  37.272  -52.139 0.6250000000
84899  28.716  37.131  -51.784 0.5000000000
84902  32.642  37.342  -51.663 1.0000000000
84903  32.107  37.530  -51.640 1.0000000000
84904  32.005  37.388  -51.897 1.0000000000
84905  31.286  37.528  -51.745 1.0000000000
84907  30.034  37.285  -51.976 1.0000000000
84908  29.211  37.112  -52.024 0.6250000000
84909  28.879  37.004  -52.027 0.6250000000
84910  32.883  36.861  -52.140 0.8750000000
84912  32.009  37.000  -52.145 1.0000000000
84913  31.631  36.993  -52.141 1.0000000000
84915  30.432  36.938  -52.101 1.0000000000
85514  43.307  38.085  -39.276 0.7500000000
85549  42.150  38.642  -42.131 0.3750000000
85558  41.702  38.846  -43.044 0.3750000000
85567  40.857  38.995  -44.053 0.3750000000
85572  39.608  39.043  -45.064 0.7500000000
85579  38.297  39.013  -45.982 0.7500000000
85586  38.423  38.869  -45.688 0.3750000000
85594  36.032  38.760  -47.690 0.8750000000
85595  35.678  38.787  -47.996 0.8750000000
85596  29.906  37.948  -50.136 0.1250000000
85617  29.627  38.067  -51.113 0.5000000000
85618  28.957  37.617  -50.973 0.3750000000
85620  32.710  38.444  -50.673 1.0000000000
85622  31.299  38.447  -51.076 1.0000000000
85623  30.941  38.102  -50.951 1.0000000000
85624  30.221  38.196  -51.296 1.0000000000
85625  29.897  38.077  -51.549 0.6250000000
85626  29.207  37.564  -51.434 0.6250000000
85628  32.016  38.024  -51.272 1.0000000000
85629  31.533  38.027  -51.362 1.0000000000
85630  31.043  37.958  -51.465 1.0000000000
86173  41.104  39.467  -40.335 0.6250000000
86174  40.684  39.766  -40.543 0.1250000000
86179  42.247  38.941  -40.839 0.6250000000
86193  41.802  39.319  -42.229 0.6250000000
86220  41.059  39.266  -43.658 0.7500000000
86221  40.698  39.334  -43.997 0.7500000000
86227  39.997  39.210  -44.768 0.7500000000
86235  37.604  39.535  -45.977 0.7500000000
86236  37.251  39.840  -46.160 1.0000000000
86244  36.389  39.806  -47.008 0.8750000000
86253  35.522  39.726  -47.914 1.0000000000
86254  30.817  39.011  -50.054 0.5000000000
86265  35.064  39.777  -48.268 1.0000000000
86266  34.165  39.374  -49.023 1.0000000000
86268  33.004  39.394  -49.522 1.0000000000
86269  31.502  39.274  -50.086 0.8750000000
86270  31.067  39.035  -50.086 0.6250000000
86271  30.424  38.735  -50.193 0.5000000000
86272  29.794  38.283  -50.082 0.2500000000
86283  33.748  38.915  -49.567 1.0000000000
86284  33.116  38.917  -50.039 1.0000000000
86285  32.470  39.163  -50.140 1.0000000000
86286  32.011  39.146  -50.355 1.0000000000
86288  31.057  38.904  -50.561 1.0000000000
86294  32.579  38.867  -50.411 1.0000000000
86295  32.122  38.908  -50.581 1.0000000000
86297  31.126  38.752  -50.806 0.8750000000
86785  41.456  39.522  -40.662 0.7500000000
86795  40.799  40.034  -41.195 0.8750000000
86797  40.093  40.008  -41.141 0.1250000000
86804  41.783  39.517  -41.368 0.8750000000
86805  41.292  39.894  -41.684 0.7500000000
86806  41.047  40.016  -41.467 0.7500000000
86814  41.590  39.630  -41.954 0.6250000000
86827  41.187  39.743  -42.678 0.8750000000
86841  40.241  39.889  -43.576 0.8750000000
86847  40.495  39.675  -43.828 0.7500000000
86849  39.400  39.966  -44.361 0.8750000000
86850  38.874  40.012  -45.046 1.0000000000
86854  39.615  39.817  -44.522 0.7500000000
86855  39.123  39.776  -45.082 0.8750000000
86857  37.753  39.940  -45.621 1.0000000000
86865  37.818  39.808  -45.652 1.0000000000
86867  36.718  39.957  -46.621 1.0000000000
86869  32.544  40.197  -48.220 0.5000000000
86875  36.261  39.978  -46.993 1.0000000000
86876  36.015  39.991  -47.291 1.0000000000
86883  35.538  39.934  -47.782 1.0000000000
86885  34.514  39.897  -48.472 1.0000000000
86886  33.971  39.758  -48.756 1.0000000000
86887  32.867  39.803  -49.063 0.8750000000
86889  31.668  39.432  -49.778 0.5000000000
86895  34.699  39.560  -48.827 1.0000000000
86896  34.149  39.534  -48.905 1.0000000000
86898  32.760  39.690  -49.301 0.8750000000
86899  31.935  39.763  -49.807 0.7500000000
86909  32.236  39.297  -50.083 1.0000000000
87394  39.887  40.163  -41.741 0.1250000000
87402  40.008  40.002  -42.051 0.7500000000
87410  40.699  39.912  -42.541 0.8750000000
87411  40.441  39.956  -42.401 0.8750000000
87413  39.284  40.026  -42.881 0.8750000000
87429  40.174  39.946  -42.916 1.0000000000
87430  39.358  40.013  -42.952 0.8750000000
87432  38.457  40.191  -43.812 0.8750000000
87444  39.846  40.004  -43.359 0.8750000000
87446  38.810  40.039  -43.789 1.0000000000
87455  38.956  40.084  -44.102 1.0000000000
87456  38.497  39.967  -44.814 1.0000000000
87457  37.634  40.111  -45.155 1.0000000000
87462  34.191  40.042  -46.804 0.3750000000
87468  37.530  40.153  -45.688 1.0000000000
87470  36.300  40.689  -46.007 1.0000000000
87478  36.421  40.459  -46.279 1.0000000000
87479  36.081  40.471  -46.400 1.0000000000
87481  34.870  40.336  -47.365 1.0000000000
87482  34.074  40.068  -47.970 0.6250000000
87483  33.693  40.045  -47.327 0.6250000000
87489  35.075  40.099  -48.003 1.0000000000
87492  32.799  40.204  -48.292 0.7500000000
87493  32.644  40.087  -48.130 0.8750000000
87499  34.582  40.032  -48.321 1.0000000000
87501  33.413  39.971  -48.490 0.8750000000
87502  32.791  40.026  -49.012 0.7500000000
87509  33.357  39.748  -48.877 1.0000000000
87974  35.054  40.326  -46.733 0.7500000000
87977  35.809  40.478  -46.332 0.8750000000
87978  35.281  40.450  -46.713 1.0000000000
87979  35.092  40.940  -47.022 1.0000000000
87984  35.260  40.472  -47.183 1.0000000000
113695  46.725  35.687  -34.697 0.1250000000
115255  31.062  5.287  -56.899 0.1250000000
117110  32.284  3.586  -56.728 0.1250000000
117462  21.721  22.818  -58.507 1.0000000000
117744  32.723  3.420  -57.085 0.1250000000
117750  21.632  12.982  -61.990 0.7500000000
118204  22.304  8.796  -58.994 0.3750000000
118775  24.615  13.533  -63.410 0.6250000000
118981  19.031  19.998  -58.038 1.0000000000
118995  17.797  19.197  -58.470 0.3750000000
119050  24.901  31.231  -53.882 0.8750000000
119051  27.312  6.634  -58.981 0.1250000000
119163  19.227  23.182  -56.793 0.8750000000
119443  20.887  11.458  -60.336 0.7500000000
119618  31.357  5.942  -58.251 0.1250000000
119625  35.604  40.152  -47.248 1.0000000000
120039  32.054  2.882  -56.014 0.1250000000
120145  18.436  22.523  -57.207 0.6250000000
120323  27.209  12.334  -64.137 0.1250000000
120822  33.084  35.849  -53.486 0.6250000000
120978  29.664  6.148  -57.828 0.1250000000
120999  34.511  40.144  -47.740 1.0000000000
121159  18.854  18.512  -58.714 1.0000000000
121220  27.019  32.512  -53.439 1.0000000000
121406  28.425  11.382  -63.070 0.1250000000
121680  23.132  12.255  -62.390 0.7500000000
122059  21.625  13.957  -62.247 0.8750000000
122179  34.989  40.225  -47.982 1.0000000000
122205  23.814  10.099  -61.729 0.6250000000
122505  29.676  37.119  -52.197 0.8750000000
122579  32.751  33.039  -54.774 0.8750000000
122618  17.882  16.717  -59.769 0.7500000000
122981  34.095  2.436  -57.070 0.1250000000
123334  32.022  39.841  -49.534 0.8750000000
123510  17.705  18.526  -58.710 0.3750000000
123599  23.996  13.675  -63.297 0.6250000000
124016  32.089  39.933  -49.141 0.8750000000
124292  25.008  14.051  -63.707 0.7500000000
124513  22.598  13.905  -62.748 0.8750000000
124522  21.305  9.761  -59.378 0.7500000000
125011  25.935  17.025  -62.937 0.1250000000
125333  20.248  15.359  -60.461 0.8750000000
125392  23.574  13.909  -63.238 0.7500000000
125490  24.120  14.027  -63.449 0.7500000000
125543  34.717  40.257  -47.180 0.7500000000
125656  23.350  14.294  -62.761 0.7500000000
125822  22.224  9.551  -60.703 0.6250000000
125954  27.112  33.189  -53.432 1.0000000000
125986  31.103  39.075  -50.447 0.8750000000
126086  26.401  16.197  -63.451 0.1250000000
126170  22.815  28.918  -53.913 0.7500000000
126191  23.324  14.132  -63.044 0.7500000000
126355  25.400  31.742  -53.706 1.0000000000
126397  25.757  9.173  -60.308 0.5000000000
126415  25.071  8.143  -60.485 0.3750000000
126596  23.914  14.567  -63.198 0.7500000000
126674  42.413  37.711  -38.213 0.1250000000
126684  23.996  14.314  -63.362 0.7500000000
126775  22.904  14.053  -62.781 0.8750000000
127700  26.613  17.474  -61.866 0.1250000000
127866  27.938  15.170  -64.022 0.1250000000
128040  29.613  37.976  -50.699 0.1250000000
128091  25.802  13.212  -63.687 0.5000000000
128462  30.875  38.634  -51.219 0.8750000000
131371  24.102  14.954  -62.111 0.7500000000
131795  32.941  38.782  -50.270 1.0000000000
132010  27.572  7.147  -59.930 0.2500000000
132506  17.637  17.983  -59.072 0.7500000000
132828  18.576  14.924  -60.208 0.7500000000
133237  23.461  8.833  -60.947 0.5000000000
133420  26.737  12.807  -64.090 0.3750000000
133625  20.258  20.059  -57.439 1.0000000000
133862  28.020  36.798  -52.024 0.2500000000
133897  18.358  14.554  -59.639 0.7500000000
134222  39.830  39.936  -42.073 0.8750000000
134483  41.160  39.630  -42.854 0.7500000000
135397  25.436  8.631  -60.423 0.5000000000
135424  23.471  14.218  -63.140 0.7500000000
135722  34.002  40.267  -48.228 1.0000000000
136196  19.078  15.672  -60.489 0.8750000000
136780  25.226  12.590  -62.560 0.6250000000
137014  17.572  16.458  -59.267 0.7500000000
137348  27.921  7.231  -59.926 0.2500000000
137353  28.786  6.815  -59.413 0.1250000000
137371  27.070  6.626  -58.938 0.1250000000
137666  27.064  15.231  -63.868 0.1250000000
137892  32.469  26.220  -58.707 0.1250000000
138000  34.913  27.687  -56.692 0.2500000000
138034  22.961  22.149  -58.615 1.0000000000
138093  34.823  37.795  -49.164 0.6250000000
138101  25.223  7.027  -60.004 0.3750000000
138102  24.788  14.760  -63.610 0.7500000000
138389  33.943  3.575  -57.176 0.1250000000
138512  28.911  33.143  -53.341 1.0000000000
138626  21.842  12.280  -61.768 0.7500000000
138708  26.211  31.298  -53.542 1.0000000000
138936  36.643  40.614  -46.045 1.0000000000
138941  29.201  12.923  -63.940 0.1250000000
139354  18.093  20.703  -58.105 0.7500000000
139439  26.443  7.889  -60.220 0.2500000000
