#!ascii label  , from subject sub-1009 vox2ras=TkReg
1090
16544  32.884  -55.764  -68.037 0.5000000000
34906  29.877  -31.273  -66.478 0.6000000238
35630  29.751  -30.643  -66.210 0.6000000238
35631  28.325  -30.539  -66.110 0.6000000238
36472  28.916  -30.181  -66.009 0.6999999881
37359  30.125  -30.233  -65.620 0.6999999881
115099  29.256  -29.931  -65.970 0.6000000238
26628  30.850  -42.111  -69.717 0.5000000000
25030  32.649  -44.297  -69.918 0.6000000238
25803  32.506  -43.327  -70.004 0.6000000238
117664  30.674  -42.827  -69.661 0.5000000000
23707  33.315  -45.745  -69.988 0.5000000000
24335  33.276  -45.201  -70.056 0.4000000060
127534  31.833  -44.421  -69.587 0.5000000000
137550  31.210  -43.616  -69.676 0.6000000238
31384  27.258  -35.008  -68.196 0.5000000000
20493  34.892  -50.571  -70.044 0.4000000060
131816  28.571  -34.939  -67.685 0.5000000000
32069  26.959  -34.524  -68.427 0.5000000000
32060  28.410  -34.378  -67.670 0.6000000238
34199  29.916  -32.940  -67.282 0.6000000238
34175  30.912  -31.429  -67.133 0.6000000238
35629  30.947  -30.606  -66.651 0.6999999881
34176  29.935  -31.859  -66.733 0.6000000238
36471  30.220  -30.259  -66.218 0.6999999881
37371  31.491  -30.350  -66.331 0.6000000238
36463  30.992  -30.123  -66.321 0.6999999881
37338  31.694  -31.003  -64.827 0.6000000238
37358  31.101  -30.521  -65.768 0.6000000238
37372  30.361  -29.882  -66.238 0.6999999881
116454  28.270  -29.906  -66.025 0.6000000238
125794  30.809  -40.721  -69.312 0.5000000000
116921  31.581  -41.596  -69.981 0.6000000238
27356  31.055  -41.550  -69.751 0.5000000000
126169  33.643  -44.371  -70.289 0.6000000238
25808  32.961  -42.514  -70.212 0.6999999881
138236  31.810  -41.957  -70.001 0.6000000238
23706  33.918  -46.234  -70.142 0.4000000060
139422  30.028  -35.250  -67.653 0.5000000000
18490  32.612  -53.127  -68.147 0.5000000000
31371  29.801  -34.826  -67.635 0.5000000000
34198  31.036  -32.603  -67.791 0.6999999881
32740  29.744  -33.922  -67.577 0.6000000238
34185  31.436  -31.873  -67.794 0.6999999881
33447  30.499  -33.307  -67.711 0.6000000238
34186  30.509  -32.217  -67.246 0.6000000238
34905  31.515  -30.835  -67.241 0.6999999881
37370  31.772  -30.160  -66.759 0.6000000238
120940  31.800  -30.315  -66.845 0.6000000238
37357  31.859  -30.869  -65.933 0.6000000238
37388  31.654  -30.210  -66.659 0.6000000238
37337  31.927  -31.002  -64.315 0.6000000238
38249  32.313  -30.581  -63.265 0.6999999881
37321  29.981  -30.461  -64.646 0.6999999881
38252  28.025  -29.859  -65.949 0.5000000000
38251  31.198  -30.804  -64.791 0.6999999881
37360  28.608  -29.887  -65.977 0.6000000238
136823  32.158  -40.134  -70.372 0.5000000000
134354  31.582  -40.466  -70.018 0.5000000000
29209  31.395  -39.981  -69.408 0.5000000000
27350  32.961  -41.066  -70.555 0.6999999881
28054  32.172  -40.447  -70.378 0.6000000238
25029  34.372  -43.895  -70.601 0.5000000000
25807  33.864  -42.544  -70.532 0.6999999881
26622  33.355  -41.800  -70.462 0.6999999881
26626  32.406  -41.713  -70.180 0.6000000238
27351  32.230  -40.982  -70.312 0.6000000238
23705  34.168  -46.052  -70.123 0.4000000060
127127  33.934  -45.768  -70.276 0.4000000060
131707  33.835  -44.992  -70.312 0.5000000000
31383  31.130  -35.790  -67.845 0.5000000000
32739  31.162  -33.770  -67.983 0.5000000000
31370  31.330  -35.067  -68.009 0.5000000000
32059  30.470  -34.398  -67.718 0.5000000000
34197  31.950  -32.308  -68.241 0.6000000238
128511  32.121  -31.675  -68.209 0.6999999881
34897  32.868  -30.711  -67.618 0.6000000238
34904  31.996  -31.141  -68.171 0.6999999881
34174  31.857  -31.248  -67.801 0.6999999881
35623  33.029  -30.659  -67.275 0.6000000238
35624  32.589  -30.540  -67.301 0.6000000238
35628  31.972  -30.491  -67.230 0.6999999881
36452  32.698  -31.453  -65.891 0.6999999881
36461  32.625  -30.508  -66.805 0.6000000238
36462  32.201  -30.386  -66.934 0.6000000238
37335  33.194  -30.944  -63.313 0.6000000238
37355  32.623  -31.442  -64.900 0.6999999881
37356  32.222  -31.264  -65.469 0.6999999881
38234  33.215  -29.699  -62.445 0.6000000238
37336  32.795  -30.997  -63.635 0.6999999881
36427  28.169  -30.052  -64.410 0.6000000238
38248  32.677  -30.490  -63.095 0.6999999881
37339  30.631  -30.604  -64.734 0.6999999881
36440  28.641  -30.100  -65.442 0.6000000238
39106  33.537  -28.156  -61.885 0.6999999881
38250  31.801  -30.621  -63.470 0.6999999881
38237  31.441  -30.656  -63.773 0.6999999881
29208  31.969  -39.197  -70.062 0.6000000238
27349  33.756  -41.184  -70.722 0.6999999881
28679  33.120  -39.963  -70.832 0.6999999881
28053  32.739  -40.431  -70.639 0.6000000238
132020  34.513  -42.494  -70.806 0.5000000000
116414  34.169  -41.898  -70.727 0.6999999881
132301  34.419  -45.372  -70.256 0.4000000060
132005  34.820  -43.978  -70.694 0.5000000000
30767  32.098  -36.491  -68.775 0.5000000000
30253  31.738  -37.233  -68.586 0.5000000000
31382  32.376  -35.722  -68.861 0.5000000000
32738  32.311  -33.660  -68.541 0.6000000238
33439  33.151  -32.393  -68.742 0.6000000238
32731  32.655  -32.849  -68.632 0.6999999881
33446  31.645  -33.064  -68.175 0.6999999881
34172  33.355  -31.320  -68.226 0.6999999881
34184  32.654  -32.004  -68.503 0.6999999881
34896  33.298  -30.942  -67.592 0.6000000238
34902  33.362  -31.061  -68.028 0.6000000238
34173  32.659  -31.297  -68.244 0.6999999881
36451  33.063  -31.735  -64.858 0.6999999881
36459  32.917  -31.257  -66.735 0.6999999881
35622  33.193  -30.947  -67.379 0.6999999881
36395  28.588  -29.313  -62.522 0.6000000238
36425  33.774  -30.817  -63.022 0.6000000238
37354  32.998  -31.505  -64.346 0.6999999881
36460  32.880  -30.794  -66.880 0.6999999881
39104  34.124  -27.905  -62.010 0.6000000238
38233  33.927  -28.764  -62.068 0.6000000238
37318  34.095  -29.825  -62.406 0.6000000238
36410  28.940  -29.922  -63.446 0.6000000238
39105  33.963  -27.697  -61.886 0.6000000238
37319  33.409  -30.081  -62.634 0.6000000238
37302  31.208  -29.647  -62.601 0.6999999881
37303  30.453  -30.184  -63.506 0.6000000238
36426  29.151  -30.269  -64.431 0.6000000238
123232  34.072  -26.985  -61.948 0.5000000000
39088  33.670  -27.056  -61.680 0.6000000238
39107  32.957  -27.908  -61.684 0.8000000119
136089  32.864  -28.616  -62.003 0.8000000119
38218  32.615  -27.935  -61.697 0.8000000119
38236  32.018  -29.665  -62.568 0.8000000119
37320  31.174  -30.319  -63.430 0.6999999881
38235  32.826  -29.248  -62.259 0.8000000119
123485  32.493  -29.556  -62.446 0.8000000119
28684  33.204  -39.398  -70.883 0.6999999881
29207  32.699  -39.139  -70.621 0.6999999881
29202  32.433  -38.606  -70.384 0.6999999881
29738  31.922  -38.522  -69.505 0.6000000238
28051  34.232  -40.536  -70.830 0.6999999881
122151  32.103  -37.768  -69.452 0.6000000238
26621  34.942  -41.928  -70.878 0.6000000238
39862  25.591  -24.294  -59.429 0.6000000238
39055  26.328  -24.962  -59.605 0.5000000000
31369  32.620  -35.009  -68.970 0.5000000000
137562  27.646  -25.520  -59.795 0.6000000238
32737  33.129  -33.654  -69.082 0.6999999881
32057  32.878  -34.317  -69.081 0.6000000238
34182  33.758  -31.932  -68.371 0.6999999881
37270  27.756  -27.426  -60.796 0.6000000238
34901  33.878  -31.427  -67.891 0.6999999881
34171  33.824  -31.517  -68.053 0.6000000238
36450  33.472  -31.962  -64.635 0.6999999881
34886  33.886  -32.006  -66.970 0.6999999881
35619  33.336  -31.372  -66.966 0.6999999881
36383  29.126  -28.621  -61.690 0.6000000238
37269  28.940  -27.724  -60.935 0.6000000238
36439  34.007  -31.150  -63.220 0.6000000238
35618  33.149  -31.741  -66.288 0.6999999881
37268  29.879  -28.103  -61.216 0.6000000238
37317  34.584  -29.401  -62.207 0.6000000238
37284  30.584  -28.540  -61.563 0.6999999881
36393  30.675  -29.445  -62.399 0.6000000238
36394  29.750  -29.230  -62.264 0.6000000238
38232  34.508  -28.572  -62.028 0.6000000238
138907  32.180  -26.832  -61.336 0.6000000238
38219  32.090  -28.131  -61.661 0.6999999881
38201  31.341  -28.228  -61.550 0.6000000238
36409  29.880  -29.966  -63.237 0.6000000238
39090  32.841  -26.732  -61.417 0.6000000238
28683  33.743  -38.954  -71.052 0.6999999881
29206  33.323  -38.773  -70.899 0.6999999881
29201  33.047  -38.318  -70.734 0.6999999881
28677  34.848  -39.341  -70.921 0.6999999881
120607  34.378  -39.812  -70.936 0.6999999881
29737  32.536  -37.926  -70.295 0.6000000238
30252  32.582  -37.099  -69.881 0.6000000238
40771  26.042  -23.105  -59.082 0.6000000238
40772  25.008  -22.903  -59.048 0.6000000238
30766  32.831  -36.238  -69.836 0.6000000238
39861  26.840  -23.854  -59.321 0.5000000000
32049  33.718  -33.781  -69.392 0.6999999881
32056  33.449  -34.309  -69.634 0.6999999881
39054  27.575  -24.724  -59.621 0.4000000060
38179  26.892  -25.807  -59.895 0.5000000000
33437  34.214  -32.637  -68.540 0.6999999881
32729  33.975  -33.241  -68.985 0.8000000119
39064  28.318  -25.422  -59.985 0.5000000000
34181  34.132  -32.020  -68.192 0.6000000238
32730  33.403  -33.033  -68.990 0.6999999881
38188  28.689  -26.542  -60.289 0.6000000238
34895  33.623  -31.266  -67.496 0.6999999881
34160  34.088  -31.666  -67.713 0.6999999881
38187  29.676  -26.800  -60.698 0.6999999881
35617  34.084  -32.265  -64.572 0.6999999881
138915  33.449  -32.110  -65.921 0.6999999881
39062  30.169  -25.856  -60.753 0.5000000000
36423  35.108  -30.110  -62.490 0.6000000238
38202  30.539  -27.245  -61.119 0.6999999881
37316  35.222  -29.120  -62.183 0.6000000238
36424  34.553  -30.078  -62.485 0.6000000238
38200  31.650  -26.635  -61.196 0.5000000000
117658  30.945  -26.290  -61.008 0.6000000238
39091  32.326  -26.198  -61.197 0.6000000238
39092  31.702  -25.641  -61.034 0.5000000000
39896  32.519  -25.595  -61.068 0.6000000238
29735  34.306  -37.815  -71.231 0.6999999881
30250  33.996  -37.307  -71.140 0.6999999881
29736  33.236  -37.393  -70.819 0.6000000238
30251  33.147  -36.620  -70.519 0.6000000238
116362  25.749  -22.196  -58.945 0.4000000060
30765  33.356  -35.958  -70.462 0.6000000238
41507  26.832  -22.082  -59.188 0.5000000000
40773  23.947  -23.227  -59.432 0.6000000238
31379  33.982  -35.109  -70.289 0.6999999881
32055  34.002  -34.541  -69.865 0.6999999881
31381  33.039  -35.514  -69.807 0.6000000238
32728  34.568  -33.472  -68.928 0.6999999881
39870  28.789  -24.302  -60.023 0.4000000060
34158  34.663  -32.589  -67.108 0.6999999881
34159  34.420  -32.112  -67.582 0.6999999881
33427  34.858  -32.822  -68.146 0.6999999881
39063  29.296  -25.531  -60.327 0.6000000238
34873  35.133  -32.230  -64.001 0.6999999881
34884  34.333  -32.731  -65.352 0.6999999881
34894  34.086  -31.927  -67.299 0.6999999881
34169  34.473  -32.164  -67.897 0.6999999881
39073  29.754  -24.690  -60.437 0.5000000000
35613  35.241  -31.461  -63.289 0.6000000238
34885  33.800  -32.333  -66.300 0.6999999881
37315  35.890  -29.013  -62.165 0.5000000000
132230  35.425  -30.617  -62.727 0.6000000238
36438  34.488  -31.335  -63.331 0.6000000238
133173  34.346  -36.781  -71.061 0.6999999881
125221  33.789  -36.553  -70.852 0.6999999881
41508  25.543  -21.469  -58.751 0.4000000060
30764  34.443  -36.162  -70.853 0.6999999881
41509  24.497  -22.230  -58.885 0.4000000060
118135  33.933  -35.725  -70.610 0.6999999881
31367  34.670  -34.726  -69.904 0.8000000119
134186  34.294  -34.938  -70.173 0.6999999881
32719  35.101  -33.378  -68.510 0.6000000238
41502  22.446  -21.617  -59.237 0.6000000238
34167  34.996  -32.829  -67.352 0.6999999881
33426  35.139  -33.026  -67.798 0.6999999881
33436  34.744  -33.066  -68.507 0.6000000238
34149  34.683  -32.962  -65.973 0.6000000238
34872  35.998  -32.171  -63.845 0.6000000238
41517  20.513  -22.151  -61.130 0.5000000000
35605  36.206  -30.580  -62.692 0.5000000000
31366  35.241  -35.326  -70.163 0.6999999881
42356  24.558  -21.248  -58.578 0.4000000060
31358  35.319  -34.759  -69.663 0.8000000119
42357  23.613  -21.774  -58.873 0.5000000000
32038  35.447  -33.866  -68.727 0.8000000119
42346  23.581  -21.035  -58.619 0.4000000060
32046  35.420  -34.292  -69.179 0.6999999881
41510  22.912  -22.655  -59.471 0.5000000000
34148  35.536  -33.415  -65.062 0.6000000238
34157  35.020  -33.156  -66.548 0.6000000238
42358  21.786  -20.787  -59.284 0.4000000060
34142  36.356  -32.637  -64.083 0.6000000238
34883  35.224  -32.841  -64.550 0.6000000238
42367  20.225  -21.455  -60.893 0.4000000060
41516  21.540  -22.412  -60.174 0.6000000238
35612  36.294  -31.461  -63.256 0.6000000238
36422  36.916  -29.699  -62.338 0.5000000000
135612  24.435  -20.442  -58.391 0.4000000060
31365  35.702  -35.248  -69.829 0.8000000119
43214  23.528  -20.292  -58.428 0.4000000060
31357  35.774  -34.846  -69.429 0.6999999881
42347  22.808  -20.795  -58.801 0.4000000060
32717  35.546  -33.613  -67.707 0.6000000238
32718  35.318  -33.434  -68.262 0.6999999881
33412  35.581  -33.724  -66.110 0.6000000238
33419  35.357  -33.307  -67.139 0.6000000238
43225  20.861  -20.273  -59.622 0.4000000060
42359  20.729  -21.031  -60.065 0.4000000060
31356  36.031  -35.026  -69.130 0.6999999881
44040  23.216  -19.635  -58.408 0.4000000060
32036  36.066  -34.742  -67.698 0.6999999881
32037  35.759  -34.121  -68.272 0.6000000238
43216  22.090  -19.860  -58.854 0.4000000060
33411  36.404  -33.908  -64.942 0.6000000238
43235  20.046  -20.838  -60.585 0.3000000119
34871  36.925  -31.866  -63.579 0.4000000060
120430  37.257  -31.260  -63.148 0.4000000060
34133  37.921  -31.600  -63.344 0.4000000060
44042  21.426  -19.381  -59.012 0.4000000060
34147  36.939  -33.170  -64.285 0.6000000238
33410  37.696  -33.656  -64.497 0.6000000238
34140  38.503  -32.220  -63.736 0.4000000060
34858  38.366  -31.218  -62.912 0.4000000060
44062  18.380  -19.304  -61.272 0.3000000119
34132  38.780  -31.688  -63.266 0.4000000060
45733  22.119  -18.111  -58.353 0.4000000060
122025  19.139  -18.542  -59.858 0.3000000119
44063  16.853  -18.606  -61.796 0.4000000060
46617  23.132  -17.452  -58.133 0.4000000060
46609  21.365  -17.816  -58.054 0.4000000060
45748  19.276  -17.958  -59.299 0.3000000119
45735  20.288  -18.023  -58.546 0.3000000119
44896  17.918  -18.699  -61.186 0.3000000119
44887  18.483  -18.595  -60.637 0.3000000119
44897  17.310  -18.321  -61.385 0.3000000119
125262  18.588  -17.942  -60.053 0.3000000119
44888  17.880  -17.909  -60.763 0.3000000119
44900  14.291  -16.785  -62.347 0.4000000060
45762  13.444  -16.523  -62.462 0.3000000119
46627  13.181  -15.846  -62.143 0.3000000119
44889  17.178  -17.582  -61.112 0.3000000119
120807  20.226  -17.531  -58.172 0.4000000060
45736  19.389  -17.469  -58.821 0.3000000119
45749  18.675  -17.379  -59.525 0.3000000119
45750  18.122  -17.379  -60.145 0.3000000119
119416  15.710  -17.613  -62.010 0.3000000119
45751  17.430  -17.026  -60.538 0.3000000119
45753  14.712  -15.971  -61.723 0.4000000060
45754  13.895  -16.060  -62.104 0.3000000119
119509  14.655  -15.081  -61.139 0.3000000119
46622  13.822  -15.301  -61.677 0.3000000119
47458  19.923  -17.058  -57.955 0.4000000060
46610  19.393  -17.090  -58.499 0.4000000060
46618  18.732  -16.927  -59.054 0.3000000119
45761  15.195  -16.841  -61.967 0.4000000060
46619  17.997  -16.782  -59.739 0.3000000119
45760  15.975  -16.948  -61.595 0.3000000119
46626  15.514  -16.319  -61.510 0.4000000060
47473  14.021  -14.653  -61.144 0.3000000119
47459  18.752  -16.623  -58.487 0.4000000060
46611  18.151  -16.489  -59.148 0.4000000060
47469  17.497  -16.165  -59.530 0.4000000060
46620  16.766  -16.363  -60.606 0.3000000119
46621  16.125  -16.324  -61.102 0.3000000119
116219  15.522  -15.628  -61.015 0.3000000119
47472  15.274  -14.819  -60.486 0.5000000000
47464  13.770  -14.115  -60.862 0.3000000119
47450  18.100  -16.123  -58.130 0.4000000060
47460  17.763  -16.101  -58.858 0.4000000060
47462  16.378  -15.113  -59.611 0.3000000119
138159  16.107  -14.571  -59.283 0.3000000119
48351  16.194  -14.280  -58.734 0.3000000119
126650  17.287  -16.402  -60.091 0.3000000119
47470  16.754  -15.790  -60.016 0.3000000119
47471  16.009  -15.269  -60.285 0.3000000119
48352  15.768  -14.618  -59.833 0.3000000119
49196  15.633  -13.945  -59.298 0.3000000119
119646  16.249  -15.843  -60.628 0.3000000119
47463  14.508  -14.296  -60.597 0.3000000119
48354  13.597  -13.583  -60.520 0.3000000119
48343  20.829  -16.751  -56.588 0.3000000119
48344  19.681  -16.511  -56.964 0.3000000119
48345  18.431  -16.123  -57.347 0.3000000119
48346  17.368  -15.520  -57.797 0.3000000119
49190  16.778  -14.694  -57.557 0.3000000119
49191  16.310  -14.020  -58.039 0.3000000119
133480  16.576  -14.980  -58.950 0.3000000119
49192  15.830  -13.518  -58.534 0.3000000119
49197  15.040  -13.591  -59.587 0.3000000119
48359  15.154  -14.123  -59.997 0.3000000119
124394  14.572  -13.686  -60.026 0.3000000119
49198  14.058  -13.263  -60.010 0.3000000119
48332  21.056  -16.472  -55.954 0.3000000119
48334  18.809  -16.117  -56.555 0.3000000119
48335  17.526  -15.450  -56.953 0.3000000119
131940  16.415  -13.843  -57.303 0.3000000119
49969  15.484  -12.779  -58.224 0.3000000119
49975  15.180  -13.151  -59.008 0.3000000119
49976  14.664  -12.801  -59.120 0.3000000119
49199  13.582  -13.115  -60.141 0.3000000119
49186  15.997  -13.204  -57.769 0.3000000119
49970  14.867  -12.478  -58.607 0.3000000119
50783  14.509  -12.549  -59.000 0.3000000119
49202  13.866  -12.985  -59.884 0.3000000119
49978  13.702  -12.693  -59.701 0.3000000119
49962  16.075  -12.955  -56.906 0.3000000119
49963  15.677  -12.446  -57.457 0.3000000119
49961  16.551  -13.986  -56.454 0.3000000119
50775  15.964  -12.393  -56.288 0.3000000119
49964  15.201  -12.123  -57.830 0.3000000119
49965  14.632  -11.882  -58.117 0.3000000119
49971  14.359  -12.271  -58.810 0.3000000119
49972  13.900  -12.227  -59.083 0.3000000119
17872  32.984  -53.882  -68.227 0.5000000000
19147  33.004  -51.978  -68.989 0.5000000000
19152  33.235  -51.395  -69.107 0.4000000060
36464  30.165  -29.976  -66.060 0.6999999881
37340  29.492  -30.240  -65.363 0.6999999881
123214  33.904  -47.795  -70.044 0.4000000060
19142  33.014  -51.975  -68.735 0.5000000000
121319  32.179  -30.639  -66.745 0.6000000238
32058  31.928  -34.374  -68.312 0.5000000000
37369  32.487  -31.059  -66.441 0.6000000238
32048  34.308  -34.007  -69.400 0.8000000119
32068  33.639  -34.810  -70.049 0.6999999881
33428  34.468  -32.392  -68.173 0.6000000238
118831  36.066  -29.739  -62.381 0.5000000000
34150  34.220  -32.440  -66.779 0.6999999881
42366  21.111  -21.629  -60.078 0.4000000060
37314  36.572  -28.956  -62.188 0.5000000000
35604  37.074  -30.659  -62.712 0.4000000060
32713  35.787  -33.907  -66.874 0.6000000238
32708  36.175  -34.276  -65.797 0.6000000238
44049  20.361  -19.668  -59.596 0.3000000119
34141  37.500  -32.354  -63.846 0.4000000060
34146  38.139  -32.922  -64.117 0.4000000060
45747  22.345  -17.782  -58.137 0.4000000060
47449  19.256  -16.599  -57.699 0.3000000119
48333  19.980  -16.455  -56.230 0.3000000119
30741  36.402  -35.878  -67.768 0.5000000000
31355  36.256  -35.641  -68.852 0.5000000000
137306  36.256  -35.981  -69.582 0.6999999881
30759  35.132  -35.992  -70.649 0.6000000238
31348  36.219  -35.318  -68.020 0.5000000000
31349  36.043  -34.867  -68.557 0.6000000238
30757  36.058  -35.424  -69.556 0.6000000238
28671  35.140  -38.596  -70.965 0.6000000238
29199  34.390  -38.554  -71.122 0.6000000238
30237  36.373  -37.041  -69.515 0.6999999881
126638  35.872  -38.077  -70.397 0.6000000238
126501  35.467  -37.979  -70.826 0.6000000238
30239  36.081  -36.856  -70.273 0.6999999881
30244  35.550  -36.674  -70.671 0.6000000238
29734  34.870  -37.905  -71.128 0.6000000238
31345  36.396  -35.449  -66.836 0.5000000000
29191  36.099  -38.955  -69.919 0.6999999881
29192  35.919  -38.826  -70.208 0.6999999881
28670  35.724  -39.408  -70.440 0.6000000238
28676  35.431  -39.842  -70.702 0.6000000238
29719  36.286  -37.599  -69.303 0.6000000238
29721  36.144  -37.515  -70.173 0.6999999881
29193  35.636  -38.669  -70.611 0.6000000238
29714  36.137  -37.659  -68.552 0.6000000238
31344  37.413  -35.848  -65.543 0.5000000000
32033  36.198  -34.649  -66.581 0.5000000000
29190  36.069  -39.039  -69.653 0.6999999881
28669  35.996  -39.681  -70.112 0.6000000238
122676  34.839  -40.884  -70.803 0.6000000238
32032  36.989  -35.227  -65.557 0.5000000000
31339  39.611  -35.182  -65.271 0.5000000000
32023  39.497  -34.038  -64.771 0.4000000060
119100  27.755  -31.037  -66.427 0.4000000060
124358  28.931  -31.077  -66.238 0.4000000060
34912  28.661  -31.746  -66.444 0.5000000000
34187  29.275  -32.488  -66.813 0.5000000000
34188  27.742  -32.481  -66.931 0.5000000000
32028  37.850  -34.735  -65.024 0.5000000000
34200  28.464  -33.146  -67.086 0.5000000000
32071  25.910  -34.129  -70.657 0.6000000238
32027  39.057  -34.635  -65.009 0.4000000060
33448  29.174  -33.537  -67.363 0.5000000000
125270  28.420  -33.952  -67.513 0.5000000000
32061  26.570  -34.051  -68.773 0.5000000000
34913  27.139  -31.654  -66.957 0.5000000000
34189  26.591  -32.196  -67.820 0.5000000000
34201  27.064  -32.985  -67.731 0.5000000000
34202  26.252  -32.702  -68.771 0.5000000000
33449  27.697  -33.579  -67.572 0.5000000000
33450  26.630  -33.335  -68.557 0.5000000000
32742  26.306  -33.569  -69.290 0.5000000000
32706  38.420  -34.128  -64.743 0.5000000000
32741  27.160  -33.889  -68.122 0.5000000000
32022  40.490  -34.081  -64.770 0.4000000060
121683  38.824  -33.469  -64.437 0.4000000060
32705  39.770  -33.405  -64.423 0.4000000060
132472  27.531  -29.747  -65.837 0.5000000000
34190  25.924  -31.890  -68.734 0.5000000000
32707  37.192  -34.312  -64.917 0.5000000000
36428  27.151  -29.715  -64.603 0.5000000000
117378  26.534  -29.380  -65.481 0.5000000000
37322  27.707  -29.879  -65.339 0.5000000000
33407  39.118  -32.803  -64.080 0.4000000060
36411  27.835  -29.799  -63.548 0.5000000000
36412  26.770  -29.448  -63.535 0.5000000000
36396  27.506  -29.175  -62.594 0.5000000000
36397  26.646  -28.909  -62.628 0.5000000000
122086  25.966  -29.199  -64.512 0.5000000000
122785  25.580  -29.032  -65.630 0.4000000060
36385  27.117  -28.358  -61.781 0.5000000000
37304  25.912  -28.861  -63.172 0.6000000238
37323  24.933  -29.005  -64.800 0.6000000238
36384  28.190  -28.490  -61.686 0.5000000000
37271  26.583  -27.546  -61.076 0.5000000000
37285  26.122  -28.293  -62.057 0.5000000000
37286  25.221  -28.223  -62.448 0.6000000238
37305  25.055  -28.800  -63.612 0.6000000238
132239  24.541  -28.910  -66.492 0.5000000000
38256  23.835  -29.066  -66.438 0.5000000000
39123  22.885  -28.957  -66.937 0.5000000000
37257  27.004  -26.758  -60.375 0.5000000000
38189  26.140  -26.652  -60.523 0.5000000000
37272  25.569  -27.482  -61.371 0.5000000000
38203  24.660  -27.425  -61.719 0.6000000238
37287  24.378  -28.254  -62.664 0.6000000238
37324  24.149  -29.096  -64.856 0.6000000238
37344  24.026  -29.119  -65.781 0.6000000238
37345  23.306  -29.364  -65.721 0.5000000000
37328  20.605  -28.700  -63.781 0.5000000000
38258  22.506  -29.300  -66.842 0.5000000000
38178  27.733  -26.250  -60.067 0.5000000000
38180  25.917  -25.812  -60.112 0.6000000238
38190  25.103  -26.427  -60.789 0.6000000238
38191  24.231  -26.634  -61.295 0.6000000238
38204  23.834  -27.365  -61.912 0.6000000238
37307  23.480  -28.881  -63.720 0.6000000238
38220  23.571  -28.229  -62.716 0.6000000238
37325  23.397  -29.216  -64.714 0.6000000238
37346  22.526  -29.530  -65.714 0.5000000000
37326  22.431  -29.187  -64.225 0.5000000000
37347  21.759  -29.614  -65.823 0.5000000000
138054  21.220  -29.428  -64.736 0.5000000000
39065  25.250  -25.308  -60.053 0.6000000238
39066  24.283  -25.725  -60.722 0.6000000238
39074  23.511  -26.295  -61.385 0.6000000238
39075  22.630  -25.901  -61.585 0.6000000238
38205  23.015  -27.124  -62.015 0.6000000238
39093  22.150  -26.768  -62.139 0.6000000238
37308  22.767  -28.823  -63.587 0.5000000000
38222  21.880  -27.893  -62.807 0.5000000000
39094  21.261  -26.188  -62.276 0.6000000238
37327  21.541  -29.211  -64.267 0.5000000000
38238  21.466  -28.338  -63.265 0.5000000000
38223  20.961  -26.980  -62.695 0.5000000000
38240  19.897  -26.786  -62.925 0.5000000000
39067  23.340  -25.123  -60.812 0.6000000238
39885  22.283  -24.827  -61.282 0.6000000238
38224  20.319  -26.393  -62.722 0.5000000000
126521  22.799  -24.337  -60.660 0.6000000238
39076  21.735  -25.424  -61.870 0.6000000238
39077  20.893  -24.793  -62.156 0.6000000238
39095  20.418  -25.361  -62.503 0.5000000000
40781  22.827  -23.626  -60.138 0.6000000238
39874  22.000  -23.976  -60.944 0.6000000238
39886  21.393  -24.316  -61.651 0.6000000238
127718  20.249  -24.173  -62.395 0.5000000000
40782  21.835  -23.208  -60.489 0.6000000238
40792  21.148  -23.449  -61.346 0.6000000238
40783  21.030  -22.818  -61.007 0.6000000238
40793  20.484  -22.785  -61.689 0.6000000238
40799  20.021  -22.691  -62.189 0.5000000000
29727  35.222  -37.300  -70.955 0.6000000238
30758  35.893  -35.964  -70.160 0.6999999881
32029  36.742  -34.736  -65.446 0.5000000000
31343  39.006  -35.870  -65.379 0.5000000000
31340  38.397  -35.270  -65.133 0.5000000000
33451  26.077  -33.165  -69.596 0.6000000238
39887  20.529  -23.596  -62.040 0.6000000238
15295  31.394  -55.795  -67.896 0.4000000060
16529  27.842  -53.656  -64.694 0.5000000000
16528  29.599  -53.287  -66.679 0.5000000000
15908  29.014  -54.548  -67.268 0.4000000060
16527  31.875  -54.371  -67.793 0.4000000060
17191  33.240  -54.685  -67.263 0.4000000060
16538  32.103  -55.039  -67.251 0.4000000060
17187  29.874  -52.458  -65.779 0.5000000000
16523  28.828  -52.342  -63.985 0.5000000000
135671  32.220  -53.744  -67.479 0.5000000000
18481  32.409  -53.468  -67.301 0.5000000000
17870  33.024  -54.092  -67.967 0.4000000060
17182  30.571  -52.198  -65.375 0.5000000000
18476  31.879  -53.365  -67.344 0.5000000000
18485  32.182  -52.540  -67.993 0.5000000000
18487  32.694  -53.197  -68.072 0.4000000060
19141  33.310  -51.752  -68.875 0.4000000060
18471  30.330  -52.319  -66.130 0.5000000000
19131  31.721  -52.090  -67.323 0.5000000000
119628  32.326  -50.805  -67.537 0.5000000000
19136  32.319  -51.626  -68.213 0.5000000000
19140  33.107  -51.513  -68.679 0.5000000000
19833  34.456  -50.771  -69.271 0.4000000060
139094  35.026  -42.438  -70.971 0.5000000000
25028  34.929  -43.477  -70.810 0.4000000060
25027  34.918  -44.098  -70.646 0.4000000060
24329  34.932  -44.864  -69.952 0.4000000060
23697  34.633  -45.727  -69.685 0.4000000060
137971  34.132  -47.093  -70.082 0.4000000060
19135  33.128  -50.734  -68.757 0.5000000000
22479  34.973  -48.091  -69.998 0.4000000060
21847  34.906  -49.012  -69.999 0.4000000060
21183  34.946  -49.797  -69.922 0.4000000060
19821  33.887  -50.072  -69.001 0.4000000060
20492  35.093  -51.066  -69.692 0.4000000060
19831  35.497  -51.068  -69.126 0.4000000060
25800  35.063  -43.528  -70.815 0.4000000060
23696  34.738  -45.791  -69.299 0.4000000060
133916  35.255  -46.733  -69.774 0.4000000060
20484  33.392  -49.709  -68.562 0.4000000060
21846  35.574  -48.722  -69.797 0.4000000060
21182  35.273  -49.778  -69.801 0.4000000060
114422  34.442  -49.120  -68.551 0.4000000060
21172  35.657  -49.710  -68.949 0.4000000060
21841  35.942  -49.302  -69.066 0.4000000060
136821  36.177  -50.675  -69.032 0.4000000060
27347  35.389  -41.578  -71.008 0.5000000000
26620  35.663  -42.277  -70.676 0.4000000060
25793  36.033  -42.849  -70.093 0.4000000060
25018  35.293  -43.930  -69.782 0.4000000060
23694  34.981  -45.878  -69.411 0.4000000060
23071  35.521  -46.612  -69.351 0.4000000060
118916  36.066  -47.706  -68.429 0.4000000060
22477  35.758  -47.463  -69.623 0.4000000060
110910  33.767  -47.781  -68.935 0.4000000060
114564  35.980  -47.874  -68.102 0.4000000060
22470  36.640  -48.275  -68.082 0.4000000060
28049  35.500  -40.664  -70.690 0.5000000000
26614  35.793  -41.764  -70.681 0.5000000000
28043  36.064  -40.532  -70.189 0.6000000238
26612  36.061  -41.913  -70.361 0.5000000000
24323  34.886  -44.792  -68.705 0.4000000060
24319  34.783  -44.946  -68.580 0.4000000060
23688  34.877  -45.975  -68.223 0.4000000060
23680  33.835  -45.714  -68.132 0.4000000060
26611  36.008  -42.075  -70.198 0.4000000060
28042  36.098  -40.596  -70.116 0.5000000000
125170  35.511  -42.664  -69.794 0.4000000060
25014  34.821  -43.797  -68.966 0.4000000060
26607  35.248  -40.642  -69.365 0.5000000000
25785  34.878  -41.616  -69.235 0.4000000060
25009  34.355  -42.466  -68.445 0.4000000060
25010  33.944  -42.764  -67.229 0.4000000060
28039  36.073  -40.271  -69.903 0.6000000238
25779  34.260  -40.878  -67.425 0.4000000060
30751  36.384  -36.396  -69.185 0.5000000000
39872  24.454  -24.720  -60.019 0.5000000000
39873  23.674  -24.129  -60.053 0.5000000000
39863  24.764  -23.752  -59.377 0.5000000000
121900  31.699  -53.262  -66.791 0.5000000000
17186  30.755  -53.313  -67.598 0.5000000000
25022  35.364  -43.940  -69.764 0.4000000060
24327  34.883  -44.987  -69.263 0.4000000060
113729  36.655  -48.898  -68.110 0.4000000060
133224  35.647  -42.955  -69.958 0.4000000060
25017  35.264  -43.625  -69.573 0.4000000060
23063  34.985  -46.017  -68.445 0.4000000060
23065  35.394  -47.046  -68.357 0.4000000060
138838  36.081  -41.663  -70.447 0.5000000000
24316  34.201  -44.347  -67.709 0.4000000060
27337  36.156  -41.128  -69.992 0.5000000000
27336  35.591  -40.214  -69.379 0.6000000238
28038  35.690  -39.627  -68.939 0.5000000000
29702  42.562  -38.214  -65.962 0.3000000119
29703  41.794  -38.004  -66.032 0.3000000119
30225  41.476  -37.320  -65.942 0.3000000119
30224  42.293  -37.534  -65.902 0.3000000119
30220  42.587  -37.153  -65.539 0.3000000119
29697  43.333  -38.265  -65.411 0.3000000119
30219  43.084  -37.494  -65.294 0.3000000119
125731  41.261  -38.949  -65.984 0.3000000119
124990  40.289  -38.745  -65.776 0.4000000060
29173  39.936  -38.191  -65.845 0.4000000060
29169  42.047  -38.762  -66.023 0.3000000119
29707  39.706  -37.606  -65.837 0.4000000060
127952  40.579  -37.254  -65.890 0.4000000060
30739  37.814  -36.395  -65.578 0.4000000060
30740  36.714  -36.135  -66.516 0.4000000060
28647  42.844  -38.857  -65.919 0.3000000119
122488  40.927  -36.583  -65.743 0.3000000119
30738  39.976  -36.185  -65.642 0.4000000060
30731  42.300  -36.397  -65.297 0.3000000119
30735  40.777  -35.770  -65.600 0.3000000119
28026  38.168  -39.219  -65.192 0.4000000060
28656  37.526  -38.661  -65.545 0.4000000060
29183  35.712  -38.408  -67.864 0.4000000060
29713  36.315  -37.365  -67.134 0.4000000060
28650  40.794  -39.286  -65.730 0.4000000060
28655  38.811  -38.455  -65.557 0.4000000060
29712  37.112  -37.688  -66.090 0.4000000060
28649  41.759  -39.398  -65.945 0.3000000119
29175  38.515  -37.936  -65.703 0.4000000060
29709  37.186  -37.284  -66.058 0.4000000060
122614  36.404  -36.254  -68.414 0.4000000060
28648  42.539  -39.459  -65.914 0.3000000119
30229  37.962  -36.934  -65.769 0.4000000060
30745  36.464  -36.441  -67.407 0.4000000060
28644  43.157  -39.480  -65.802 0.3000000119
132012  40.064  -35.618  -65.495 0.4000000060
27327  36.651  -39.346  -65.524 0.4000000060
28030  35.415  -39.274  -67.534 0.4000000060
27321  37.765  -40.097  -64.950 0.4000000060
28029  36.088  -38.839  -65.868 0.4000000060
28664  35.681  -39.068  -68.497 0.4000000060
124088  41.516  -40.390  -65.486 0.3000000119
28025  40.211  -39.742  -65.296 0.4000000060
27315  42.914  -41.065  -65.404 0.3000000119
28017  42.898  -40.209  -65.704 0.3000000119
30233  36.274  -36.946  -68.381 0.4000000060
28016  43.445  -40.018  -65.547 0.3000000119
27330  35.271  -39.459  -67.535 0.4000000060
32026  40.078  -34.636  -65.106 0.3000000119
31335  40.896  -34.797  -65.177 0.3000000119
31338  40.504  -35.200  -65.400 0.3000000119
29184  36.005  -38.275  -68.962 0.4000000060
122695  35.900  -38.952  -69.119 0.4000000060
26603  34.717  -40.014  -67.432 0.4000000060
29704  40.833  -37.807  -65.986 0.3000000119
30221  41.948  -36.795  -65.729 0.3000000119
30217  42.802  -36.800  -65.098 0.3000000119
28653  39.382  -39.015  -65.414 0.4000000060
30228  39.586  -36.940  -65.716 0.4000000060
29708  38.409  -37.424  -65.819 0.4000000060
126979  38.976  -36.487  -65.577 0.4000000060
121556  36.948  -36.610  -66.251 0.4000000060
28657  35.938  -38.533  -66.748 0.4000000060
29176  36.925  -38.177  -66.094 0.4000000060
133990  41.370  -39.779  -65.713 0.3000000119
28021  42.144  -40.024  -65.820 0.3000000119
27326  38.873  -39.956  -64.871 0.4000000060
27320  40.595  -40.719  -65.085 0.3000000119
28020  42.369  -40.776  -65.555 0.3000000119
13033  30.412  -59.722  -59.239 0.3000000119
120908  29.074  -58.320  -60.400 0.3000000119
133374  30.868  -59.541  -59.495 0.3000000119
13034  29.050  -59.203  -59.145 0.3000000119
13576  29.680  -59.259  -60.599 0.3000000119
13043  29.306  -58.731  -60.303 0.3000000119
123242  31.708  -60.055  -59.176 0.3000000119
12450  31.772  -60.734  -58.856 0.3000000119
13574  31.681  -59.619  -59.539 0.3000000119
13575  30.179  -59.258  -60.019 0.3000000119
13579  29.829  -59.030  -61.440 0.3000000119
12433  33.471  -63.209  -58.668 0.3000000119
11878  32.247  -63.015  -58.205 0.3000000119
13042  32.776  -60.656  -59.088 0.3000000119
12449  32.748  -61.352  -58.841 0.3000000119
12442  31.628  -61.612  -58.393 0.3000000119
14706  28.722  -58.029  -60.624 0.3000000119
15903  27.265  -55.041  -61.589 0.3000000119
15909  26.992  -55.258  -65.251 0.3000000119
14145  32.422  -59.534  -59.591 0.3000000119
14146  30.211  -58.953  -59.924 0.3000000119
126988  30.583  -58.298  -59.639 0.3000000119
15282  29.451  -57.035  -59.617 0.3000000119
15285  26.970  -56.777  -62.430 0.3000000119
16524  28.414  -53.353  -61.110 0.3000000119
19129  31.090  -50.632  -64.301 0.4000000060
17183  29.889  -51.799  -63.273 0.4000000060
10233  28.712  -66.822  -55.986 0.3000000119
127349  28.134  -67.024  -55.841 0.3000000119
12443  30.445  -61.075  -58.324 0.3000000119
12444  29.172  -60.783  -58.212 0.3000000119
10799  31.989  -65.823  -57.218 0.3000000119
10800  31.058  -65.700  -56.901 0.3000000119
10801  30.293  -66.106  -56.459 0.3000000119
10812  29.620  -65.487  -56.351 0.3000000119
10234  28.090  -65.991  -55.821 0.3000000119
11338  32.941  -65.003  -57.895 0.3000000119
11365  31.754  -63.919  -57.763 0.3000000119
10811  30.415  -65.182  -56.795 0.3000000119
11353  28.500  -63.509  -56.976 0.3000000119
10813  28.650  -64.560  -56.424 0.3000000119
128340  32.015  -63.485  -58.020 0.3000000119
11879  31.430  -62.789  -57.967 0.3000000119
134334  29.482  -63.686  -57.084 0.3000000119
11870  28.645  -62.575  -57.345 0.3000000119
11880  30.255  -62.285  -57.792 0.3000000119
12434  28.927  -61.752  -57.755 0.3000000119
14150  28.213  -58.434  -61.884 0.3000000119
11349  32.805  -64.450  -58.088 0.3000000119
9658  28.914  -67.893  -56.089 0.3000000119
12435  27.377  -61.061  -57.784 0.3000000119
11339  32.390  -65.201  -57.625 0.3000000119
10231  30.845  -66.476  -56.519 0.3000000119
11868  30.925  -63.570  -57.497 0.3000000119
126079  29.579  -64.501  -56.732 0.3000000119
11871  27.053  -61.937  -57.551 0.3000000119
17175  30.197  -52.729  -60.683 0.3000000119
110902  35.402  -49.222  -62.609 0.3000000119
21160  36.475  -49.983  -62.461 0.3000000119
114748  35.479  -50.036  -62.856 0.3000000119
21161  34.738  -50.181  -64.250 0.4000000060
20481  34.216  -50.262  -65.722 0.4000000060
21166  33.352  -49.981  -67.113 0.3000000119
19822  32.861  -50.118  -67.992 0.3000000119
113765  35.266  -48.079  -62.671 0.3000000119
21824  33.920  -48.825  -63.154 0.4000000060
115420  32.209  -48.197  -65.139 0.4000000060
110909  32.586  -46.852  -66.388 0.4000000060
114959  33.559  -48.711  -68.963 0.3000000119
132302  33.583  -44.946  -66.720 0.4000000060
114034  33.287  -46.432  -68.442 0.4000000060
23060  34.856  -46.801  -68.373 0.3000000119
23679  34.251  -45.252  -67.792 0.3000000119
135796  39.118  -51.786  -62.578 0.3000000119
21159  38.250  -50.063  -62.457 0.3000000119
20477  35.409  -50.148  -63.235 0.4000000060
19818  33.673  -50.118  -64.200 0.3000000119
19132  31.986  -50.541  -65.585 0.3000000119
21823  38.155  -49.631  -62.323 0.3000000119
110901  37.392  -49.163  -62.162 0.3000000119
110900  37.007  -48.155  -62.465 0.3000000119
110903  36.553  -47.060  -62.945 0.3000000119
110906  34.907  -46.882  -63.134 0.3000000119
110912  32.470  -47.108  -64.582 0.4000000060
23653  37.599  -46.237  -63.465 0.3000000119
24282  36.799  -45.107  -63.821 0.3000000119
114156  35.922  -45.930  -63.488 0.3000000119
110907  34.306  -45.827  -63.934 0.4000000060
113981  33.055  -46.062  -64.997 0.4000000060
24979  35.866  -44.121  -64.339 0.3000000119
24295  34.292  -44.259  -65.127 0.4000000060
24305  33.709  -44.103  -66.474 0.4000000060
25772  35.858  -41.470  -65.113 0.3000000119
25000  34.995  -42.117  -65.556 0.4000000060
24317  34.140  -43.036  -66.044 0.4000000060
26595  35.607  -40.558  -65.467 0.3000000119
25780  34.413  -41.425  -66.316 0.4000000060
15883  38.593  -57.795  -60.321 0.3000000119
16513  37.976  -56.729  -61.400 0.3000000119
16520  37.797  -56.339  -61.524 0.3000000119
17180  37.396  -55.845  -61.564 0.3000000119
18469  39.159  -52.819  -62.652 0.3000000119
18460  38.841  -53.872  -62.239 0.3000000119
18461  37.916  -53.892  -61.871 0.3000000119
119528  36.919  -54.107  -61.402 0.3000000119
127440  40.156  -50.877  -63.237 0.3000000119
19810  39.729  -51.599  -62.903 0.3000000119
19128  38.823  -52.373  -62.392 0.3000000119
19121  37.757  -52.147  -61.950 0.3000000119
19122  36.278  -51.727  -61.480 0.3000000119
19123  34.070  -50.727  -61.652 0.3000000119
19124  32.165  -50.231  -62.238 0.3000000119
18472  30.953  -50.995  -62.860 0.3000000119
18455  32.032  -52.294  -60.566 0.3000000119
133763  39.991  -50.236  -63.295 0.3000000119
24988  36.464  -43.341  -64.427 0.3000000119
25762  35.442  -42.730  -65.037 0.3000000119
25761  36.780  -42.432  -64.589 0.3000000119
25771  37.688  -41.657  -64.592 0.3000000119
26594  37.615  -40.682  -64.804 0.3000000119
27322  36.048  -39.680  -65.476 0.3000000119
15266  39.019  -58.893  -59.552 0.3000000119
16507  38.519  -56.772  -60.995 0.3000000119
16519  38.327  -55.951  -61.633 0.3000000119
17179  38.123  -55.537  -61.748 0.3000000119
17857  39.392  -53.708  -62.406 0.3000000119
17851  38.452  -54.692  -61.974 0.3000000119
14684  39.286  -59.635  -58.739 0.3000000119
15269  39.074  -58.119  -59.816 0.3000000119
132602  38.920  -56.512  -60.530 0.3000000119
16511  38.738  -55.999  -61.150 0.3000000119
136066  39.005  -54.777  -61.983 0.3000000119
18468  39.793  -53.052  -62.707 0.3000000119
15263  39.636  -58.477  -59.230 0.3000000119
15879  39.554  -57.609  -59.543 0.3000000119
16506  39.174  -55.854  -60.146 0.3000000119
128478  39.168  -54.664  -61.840 0.3000000119
17858  30.328  -51.658  -64.230 0.3000000119
19817  32.964  -50.421  -66.283 0.3000000119
133633  32.459  -48.066  -67.645 0.4000000060
20476  37.550  -50.228  -62.474 0.3000000119
113832  33.957  -49.439  -63.825 0.4000000060
114356  33.451  -49.919  -65.480 0.4000000060
131411  32.727  -49.312  -67.341 0.4000000060
24284  33.716  -45.109  -65.163 0.4000000060
126318  39.210  -50.409  -62.751 0.3000000119
19811  37.868  -51.281  -62.233 0.3000000119
19805  34.876  -50.570  -61.935 0.3000000119
19812  36.067  -50.288  -62.381 0.3000000119
19813  34.508  -49.547  -62.771 0.4000000060
134844  32.948  -49.496  -62.799 0.3000000119
129979  39.044  -48.877  -62.871 0.3000000119
110911  38.801  -48.105  -63.090 0.3000000119
117202  38.166  -47.284  -63.197 0.3000000119
24283  35.121  -44.915  -64.154 0.4000000060
17852  37.641  -54.938  -61.720 0.3000000119
18462  36.811  -53.050  -61.370 0.3000000119
119258  35.270  -52.011  -60.995 0.3000000119
9667  29.653  -67.503  -56.063 0.3000000119
9668  28.994  -67.351  -56.025 0.3000000119
10243  28.812  -65.742  -56.038 0.3000000119
10786  32.111  -66.211  -57.039 0.3000000119
11331  33.172  -65.437  -57.533 0.3000000119
11340  31.752  -65.395  -57.305 0.3000000119
11350  32.092  -64.663  -57.728 0.3000000119
11351  31.255  -64.718  -57.289 0.3000000119
11352  30.338  -64.192  -57.084 0.3000000119
11364  32.344  -63.915  -58.069 0.3000000119
11869  29.877  -63.115  -57.387 0.3000000119
11877  32.861  -63.547  -58.363 0.3000000119
12441  32.672  -62.316  -58.554 0.3000000119
13570  31.272  -59.575  -59.509 0.3000000119
13571  30.163  -59.249  -59.966 0.3000000119
14683  39.793  -59.067  -58.697 0.3000000119
15882  39.046  -57.323  -60.115 0.3000000119
15887  38.257  -57.455  -60.772 0.3000000119
15891  38.083  -57.091  -61.160 0.3000000119
15901  37.436  -57.079  -61.251 0.3000000119
15906  31.683  -55.026  -67.920 0.4000000060
15907  30.862  -54.288  -67.958 0.4000000060
15918  31.899  -55.509  -67.839 0.4000000060
16510  38.994  -55.743  -60.797 0.3000000119
16512  38.397  -56.335  -61.378 0.3000000119
16534  31.939  -54.981  -67.439 0.4000000060
16539  31.864  -55.076  -67.786 0.4000000060
16540  32.504  -55.218  -67.773 0.5000000000
17169  39.315  -55.162  -60.685 0.3000000119
17171  39.043  -55.227  -61.304 0.3000000119
17172  38.735  -55.428  -61.627 0.3000000119
17178  38.669  -55.162  -61.879 0.3000000119
17185  32.173  -54.395  -66.997 0.4000000060
17192  33.104  -54.842  -66.965 0.4000000060
17194  33.485  -54.924  -67.022 0.4000000060
17195  33.061  -54.802  -67.936 0.4000000060
17200  33.040  -54.948  -68.096 0.5000000000
17201  32.951  -55.085  -68.231 0.5000000000
17202  32.943  -55.976  -68.048 0.5000000000
17849  39.327  -54.193  -62.217 0.3000000119
17850  39.023  -54.428  -62.128 0.3000000119
17854  30.775  -51.423  -62.373 0.4000000060
17855  31.071  -52.270  -60.808 0.3000000119
17861  32.986  -54.180  -66.811 0.5000000000
17862  33.144  -54.350  -66.726 0.5000000000
17864  33.012  -54.496  -67.021 0.4000000060
17865  33.346  -54.625  -67.418 0.4000000060
17869  32.878  -53.761  -67.893 0.4000000060
18459  39.687  -53.510  -62.492 0.3000000119
18467  39.932  -52.985  -62.768 0.3000000119
18470  38.476  -53.121  -62.183 0.3000000119
18477  30.660  -51.659  -66.509 0.5000000000
18486  32.493  -53.065  -67.877 0.4000000060
19127  39.681  -52.358  -62.824 0.3000000119
19145  33.943  -51.015  -69.150 0.4000000060
19146  33.747  -51.256  -69.157 0.4000000060
19804  36.626  -51.195  -62.053 0.3000000119
19825  34.644  -50.485  -69.086 0.5000000000
19826  34.032  -50.702  -69.046 0.4000000060
19830  35.923  -50.990  -69.144 0.4000000060
19832  34.900  -50.981  -69.286 0.4000000060
19836  34.109  -51.363  -69.653 0.4000000060
20483  34.778  -49.773  -68.644 0.4000000060
20487  35.923  -50.368  -69.069 0.4000000060
20491  35.998  -50.891  -69.188 0.4000000060
20497  34.977  -50.578  -69.935 0.4000000060
20498  34.195  -50.607  -70.243 0.4000000060
21165  39.524  -49.929  -62.977 0.3000000119
21168  35.972  -49.330  -68.730 0.4000000060
21169  33.995  -49.489  -68.728 0.4000000060
21173  36.025  -49.795  -68.900 0.4000000060
21176  35.906  -50.577  -69.207 0.4000000060
21177  34.799  -50.038  -69.534 0.4000000060
21181  35.931  -49.901  -69.147 0.4000000060
21837  35.956  -49.198  -68.770 0.4000000060
21840  36.170  -48.826  -68.342 0.4000000060
21845  35.890  -48.847  -69.170 0.4000000060
21848  34.570  -49.439  -70.036 0.4000000060
22471  36.158  -47.915  -68.276 0.4000000060
22474  35.999  -48.121  -69.002 0.4000000060
22478  35.782  -48.066  -69.667 0.4000000060
22483  34.444  -47.742  -70.075 0.4000000060
23064  35.167  -47.454  -68.570 0.4000000060
23068  35.657  -46.725  -68.867 0.4000000060
23072  35.385  -46.678  -69.624 0.4000000060
23073  34.940  -47.224  -70.084 0.4000000060
23077  34.864  -46.501  -69.797 0.4000000060
23078  34.286  -46.930  -69.958 0.4000000060
23079  34.029  -47.374  -70.111 0.4000000060
23084  34.128  -47.186  -70.161 0.4000000060
23085  33.955  -46.893  -70.041 0.4000000060
23666  33.218  -45.729  -66.781 0.4000000060
23693  35.135  -45.844  -68.726 0.4000000060
23704  34.476  -45.768  -70.069 0.4000000060
24315  34.606  -44.904  -68.249 0.4000000060
24328  34.984  -44.935  -69.592 0.4000000060
24333  34.602  -44.788  -70.445 0.5000000000
24334  34.255  -44.761  -70.422 0.5000000000
24989  34.940  -43.466  -65.124 0.3000000119
25023  35.100  -44.032  -70.421 0.4000000060
25031  31.769  -43.801  -69.747 0.5000000000
25792  36.102  -42.528  -70.070 0.5000000000
25794  35.485  -43.062  -70.424 0.4000000060
25801  34.930  -42.797  -70.876 0.5000000000
25802  33.591  -43.387  -70.345 0.6000000238
25804  31.432  -43.090  -69.805 0.6000000238
25809  32.051  -42.445  -69.999 0.6000000238
26608  35.858  -41.238  -69.982 0.5000000000
26613  36.037  -42.121  -70.530 0.5000000000
26619  36.055  -42.358  -70.302 0.5000000000
26627  31.354  -42.289  -69.868 0.6000000238
27319  41.802  -41.291  -65.257 0.3000000119
27340  35.984  -41.244  -70.383 0.5000000000
27341  35.801  -41.079  -70.536 0.5000000000
27348  34.449  -41.330  -70.772 0.6999999881
28044  35.780  -40.234  -70.422 0.5000000000
28050  34.928  -40.204  -70.812 0.6999999881
28052  33.399  -40.470  -70.807 0.6999999881
28665  36.033  -39.640  -69.617 0.4000000060
28668  36.141  -39.881  -69.925 0.6000000238
28678  33.728  -39.750  -70.943 0.6999999881
28680  32.610  -39.890  -70.647 0.5000000000
29170  41.093  -38.426  -66.012 0.3000000119
29177  36.032  -37.852  -67.390 0.4000000060
29185  36.185  -38.221  -69.617 0.6999999881
29200  33.704  -38.137  -71.145 0.6999999881
29720  36.332  -37.602  -69.817 0.6999999881
29725  36.097  -38.175  -69.984 0.6999999881
29726  35.779  -37.389  -70.592 0.6000000238
29728  34.607  -37.277  -71.163 0.6999999881
30230  36.618  -36.906  -66.710 0.4000000060
30238  36.371  -36.890  -70.160 0.6999999881
30245  34.896  -36.676  -70.967 0.6000000238
30752  36.344  -36.542  -69.854 0.6999999881
30769  27.407  -35.576  -68.008 0.5000000000
31333  42.102  -35.604  -65.001 0.3000000119
31368  33.247  -34.875  -69.725 0.6000000238
31380  33.516  -35.296  -70.287 0.6000000238
32045  35.799  -34.464  -68.949 0.8000000119
32047  34.919  -34.164  -69.328 0.8000000119
32062  26.064  -33.779  -70.012 0.5000000000
32070  26.178  -34.193  -69.614 0.5000000000
32727  35.066  -33.708  -68.860 0.6000000238
32743  26.022  -33.460  -70.146 0.6000000238
33438  33.644  -32.469  -68.740 0.6999999881
34168  34.777  -32.497  -67.733 0.6999999881
34170  34.161  -31.818  -67.920 0.6999999881
34183  33.241  -31.820  -68.569 0.6999999881
34903  32.921  -30.930  -68.024 0.6000000238
35627  32.380  -30.534  -67.698 0.6000000238
36470  31.025  -30.199  -66.449 0.6000000238
37301  31.687  -29.350  -62.278 0.6999999881
37306  24.241  -28.858  -63.755 0.6000000238
37373  29.153  -29.931  -65.975 0.6999999881
37389  28.061  -30.055  -66.088 0.6000000238
38221  22.759  -28.067  -62.721 0.5000000000
38239  20.728  -27.813  -63.079 0.5000000000
38257  23.224  -29.148  -66.759 0.5000000000
38264  22.091  -29.350  -66.833 0.5000000000
39893  33.815  -26.745  -61.531 0.5000000000
43215  22.675  -20.263  -58.679 0.4000000060
45734  21.421  -18.099  -58.295 0.4000000060
48347  16.690  -14.831  -58.272 0.3000000119
48353  14.084  -13.771  -60.402 0.3000000119
49977  14.184  -12.729  -59.408 0.3000000119
110904  32.688  -49.274  -65.418 0.4000000060
110905  36.236  -48.790  -68.270 0.4000000060
114072  32.992  -49.325  -68.414 0.4000000060
114148  33.993  -47.809  -63.059 0.4000000060
114944  38.825  -50.938  -62.524 0.3000000119
114992  32.757  -48.055  -63.506 0.4000000060
115524  14.622  -13.170  -59.548 0.3000000119
116237  35.322  -41.976  -71.023 0.5000000000
118555  33.708  -47.025  -70.037 0.4000000060
118663  35.751  -41.932  -69.967 0.4000000060
118666  34.464  -50.018  -70.043 0.4000000060
118686  31.580  -40.996  -70.022 0.6000000238
120874  34.430  -43.134  -70.704 0.5000000000
121795  34.196  -39.263  -71.027 0.6000000238
122021  35.286  -47.592  -69.918 0.4000000060
122067  30.615  -31.127  -66.765 0.6000000238
122159  33.907  -45.511  -70.242 0.5000000000
122203  34.483  -43.942  -68.401 0.4000000060
122485  37.149  -50.381  -62.476 0.3000000119
123474  33.384  -46.809  -63.557 0.4000000060
123523  35.226  -47.803  -68.869 0.4000000060
124376  35.207  -48.005  -69.945 0.4000000060
127137  43.308  -40.621  -65.438 0.3000000119
127176  36.084  -53.174  -60.930 0.3000000119
127557  31.453  -65.816  -57.015 0.3000000119
127760  35.924  -50.452  -69.106 0.4000000060
127769  34.745  -44.824  -70.294 0.4000000060
128033  32.555  -49.078  -63.853 0.4000000060
131544  36.145  -40.108  -69.972 0.5000000000
131845  35.591  -39.020  -67.614 0.4000000060
132598  35.341  -42.997  -70.790 0.4000000060
132990  32.791  -55.043  -68.172 0.5000000000
133007  34.881  -42.901  -69.218 0.4000000060
133440  35.408  -39.168  -70.759 0.6000000238
134302  33.831  -47.197  -70.072 0.4000000060
134391  34.535  -35.400  -70.447 0.6999999881
134740  37.590  -52.874  -61.758 0.3000000119
134985  35.865  -34.171  -67.490 0.6000000238
135755  32.063  -39.793  -70.332 0.6000000238
135819  38.676  -57.179  -60.595 0.3000000119
136463  35.090  -44.299  -69.432 0.4000000060
136578  33.453  -27.285  -61.698 0.8000000119
136757  31.560  -30.717  -65.885 0.6000000238
136928  39.374  -59.169  -59.114 0.3000000119
137442  32.127  -30.325  -67.227 0.6000000238
137516  34.802  -46.141  -68.260 0.4000000060
138344  33.117  -43.851  -70.132 0.6000000238
138509  34.968  -45.048  -70.103 0.4000000060
138690  36.031  -41.691  -70.179 0.4000000060
139478  34.997  -43.601  -71.012 0.4000000060
139710  36.198  -38.160  -69.064 0.6000000238
