#!ascii label  , from subject sub-1009 vox2ras=TkReg
284
133442  50.821  -56.957  -34.026 0.0000000000
110854  40.955  -53.585  -41.893 0.0000000000
13458  47.741  -60.492  -36.599 0.0000000000
18382  48.797  -56.758  -36.065 0.0000000000
15190  43.328  -58.730  -39.436 0.0000000000
121762  45.396  -60.870  -38.358 0.0000000000
134360  43.301  -62.462  -39.795 0.0000000000
19064  44.091  -55.580  -37.866 0.0000000000
19736  46.810  -53.648  -33.086 0.0000000000
14586  50.091  -58.589  -36.092 0.0000000000
15177  49.321  -58.625  -38.779 0.0000000000
134275  45.405  -58.270  -37.989 0.0000000000
16437  42.736  -55.499  -40.232 0.0000000000
15816  40.749  -55.117  -40.768 0.0000000000
15773  51.203  -56.355  -30.993 0.0000000000
14579  50.664  -59.005  -32.875 0.0000000000
13446  48.983  -60.795  -33.732 0.0000000000
19732  49.545  -52.924  -36.099 0.0000000000
12341  44.312  -63.148  -39.102 0.0000000000
19746  43.179  -53.779  -39.914 0.0000000000
110863  43.323  -53.866  -38.573 0.0000000000
14034  48.941  -59.809  -36.671 0.0000000000
14041  48.872  -59.596  -37.884 0.0000000000
14614  44.194  -60.146  -39.295 0.0000000000
15183  46.106  -59.508  -37.850 0.0000000000
118086  43.901  -58.638  -39.315 0.0000000000
16434  43.797  -56.840  -39.289 0.0000000000
15808  43.220  -57.431  -39.521 0.0000000000
16442  40.707  -54.212  -42.959 0.0000000000
13431  49.674  -60.010  -31.933 0.0000000000
14020  49.895  -59.969  -32.989 0.0000000000
12883  48.985  -61.110  -32.239 0.0000000000
17753  49.986  -56.145  -38.025 0.0000000000
19060  49.534  -55.296  -36.822 0.0000000000
130155  45.077  -50.916  -31.773 0.0000000000
20404  48.372  -50.320  -34.616 0.0000000000
127663  45.522  -61.862  -37.278 0.0000000000
13464  46.355  -60.432  -37.852 0.0000000000
12928  45.063  -61.912  -38.318 0.0000000000
13480  44.491  -61.505  -39.078 0.0000000000
14059  43.526  -60.812  -39.623 0.0000000000
18383  46.448  -57.009  -35.908 0.0000000000
19058  46.778  -55.935  -34.460 0.0000000000
19739  44.936  -55.513  -34.889 0.0000000000
110866  43.385  -52.849  -34.994 0.0000000000
113867  40.745  -53.581  -43.869 0.0000000000
15783  50.867  -57.518  -35.078 0.0000000000
16422  50.148  -57.422  -38.167 0.0000000000
17096  49.403  -57.789  -37.636 0.0000000000
14049  47.174  -59.728  -37.964 0.0000000000
15800  47.968  -58.946  -37.436 0.0000000000
17091  46.873  -57.819  -36.565 0.0000000000
17758  44.355  -56.308  -38.314 0.0000000000
17762  43.633  -55.634  -39.426 0.0000000000
18390  42.319  -54.250  -40.860 0.0000000000
15200  41.721  -56.633  -39.994 0.0000000000
16439  41.479  -55.137  -41.078 0.0000000000
16441  41.068  -55.171  -42.104 0.0000000000
17768  41.190  -54.057  -43.780 0.0000000000
119900  51.492  -55.300  -30.885 0.0000000000
131183  51.130  -56.585  -32.007 0.0000000000
15160  50.936  -57.607  -31.832 0.0000000000
14581  50.854  -58.075  -33.794 0.0000000000
14025  50.112  -59.129  -34.333 0.0000000000
14026  49.625  -59.629  -34.644 0.0000000000
13451  48.166  -60.894  -34.942 0.0000000000
12894  47.188  -61.979  -33.947 0.0000000000
12911  46.441  -61.544  -35.653 0.0000000000
19737  48.738  -53.773  -35.321 0.0000000000
16408  50.714  -56.395  -33.200 0.0000000000
17076  50.438  -55.893  -33.644 0.0000000000
16410  50.719  -56.598  -34.390 0.0000000000
19068  42.275  -53.863  -40.885 0.0000000000
110859  42.802  -53.055  -40.487 0.0000000000
14031  48.451  -60.216  -36.257 0.0000000000
14038  48.904  -59.744  -37.382 0.0000000000
121866  47.698  -60.442  -36.998 0.0000000000
14615  43.721  -59.993  -39.499 0.0000000000
15185  44.392  -59.457  -39.097 0.0000000000
16448  39.502  -53.653  -46.024 0.0000000000
13432  49.327  -60.564  -32.047 0.0000000000
17755  49.673  -56.940  -37.059 0.0000000000
18379  49.907  -55.413  -37.626 0.0000000000
19061  49.087  -55.826  -36.219 0.0000000000
21073  47.869  -48.724  -34.117 0.0000000000
12925  45.414  -61.663  -37.761 0.0000000000
12335  44.952  -62.516  -38.176 0.0000000000
12937  44.078  -62.902  -39.404 0.0000000000
12936  44.447  -62.467  -39.076 0.0000000000
13482  43.667  -62.242  -39.644 0.0000000000
120375  43.828  -61.420  -39.545 0.0000000000
117730  43.394  -61.717  -39.731 0.0000000000
18384  44.915  -56.247  -37.099 0.0000000000
19063  45.454  -56.099  -36.005 0.0000000000
19742  44.061  -55.141  -37.087 0.0000000000
114813  43.118  -52.814  -37.362 0.0000000000
110860  42.898  -51.043  -36.370 0.0000000000
129955  43.328  -51.011  -33.783 0.0000000000
15169  50.424  -58.245  -35.481 0.0000000000
15785  50.665  -57.605  -36.480 0.0000000000
15170  50.386  -58.095  -36.403 0.0000000000
16425  49.952  -57.227  -38.189 0.0000000000
15804  49.447  -57.812  -38.388 0.0000000000
13468  45.557  -60.986  -38.158 0.0000000000
14043  47.215  -59.996  -37.858 0.0000000000
14050  46.062  -60.166  -38.140 0.0000000000
15802  45.256  -58.851  -38.202 0.0000000000
16428  46.294  -58.470  -37.257 0.0000000000
16427  47.445  -58.451  -36.825 0.0000000000
17092  45.928  -57.785  -37.184 0.0000000000
17757  45.270  -57.076  -37.415 0.0000000000
17093  44.938  -57.190  -38.122 0.0000000000
17099  43.467  -56.187  -39.562 0.0000000000
136658  43.261  -55.469  -39.841 0.0000000000
17764  43.011  -55.026  -40.495 0.0000000000
17101  42.134  -54.829  -40.889 0.0000000000
132930  38.039  -55.383  -42.284 0.0000000000
15817  39.571  -54.826  -41.519 0.0000000000
15815  41.772  -55.515  -40.640 0.0000000000
15819  40.835  -54.405  -41.930 0.0000000000
16446  40.730  -54.037  -44.120 0.0000000000
17106  41.118  -54.070  -43.595 0.0000000000
17105  41.583  -54.163  -42.943 0.0000000000
17769  40.795  -54.007  -44.860 0.0000000000
15776  51.248  -56.193  -31.418 0.0000000000
16405  51.202  -55.933  -31.697 0.0000000000
14575  50.710  -58.559  -31.937 0.0000000000
14568  50.720  -57.947  -31.485 0.0000000000
121100  50.887  -58.619  -32.430 0.0000000000
15163  51.005  -58.115  -32.478 0.0000000000
14578  50.910  -58.442  -33.031 0.0000000000
14582  50.593  -58.757  -33.659 0.0000000000
13445  49.460  -60.395  -33.358 0.0000000000
14023  49.819  -59.801  -33.806 0.0000000000
13449  49.323  -60.193  -34.177 0.0000000000
13450  48.789  -60.555  -34.558 0.0000000000
13447  48.401  -61.131  -34.104 0.0000000000
12318  46.629  -62.516  -33.281 0.0000000000
12895  46.243  -62.293  -34.230 0.0000000000
12903  46.831  -61.754  -34.787 0.0000000000
116937  46.223  -55.447  -33.212 0.0000000000
19738  47.761  -54.621  -34.067 0.0000000000
128567  48.926  -51.722  -35.285 0.0000000000
19067  43.413  -54.978  -39.359 0.0000000000
19743  43.562  -54.758  -38.738 0.0000000000
14033  49.395  -59.424  -36.256 0.0000000000
15171  50.075  -58.536  -36.897 0.0000000000
14037  49.338  -59.448  -36.897 0.0000000000
14596  49.057  -59.446  -38.254 0.0000000000
14051  45.024  -60.742  -38.663 0.0000000000
14609  45.615  -59.976  -38.285 0.0000000000
14610  44.749  -60.138  -38.858 0.0000000000
15189  44.507  -58.715  -38.914 0.0000000000
15806  44.602  -57.996  -38.751 0.0000000000
16429  44.762  -57.479  -38.538 0.0000000000
15807  43.858  -57.708  -39.278 0.0000000000
15813  43.060  -56.348  -39.777 0.0000000000
16443  39.993  -53.955  -43.931 0.0000000000
16447  40.048  -53.691  -45.039 0.0000000000
14014  50.180  -59.542  -32.095 0.0000000000
14019  50.294  -59.536  -32.616 0.0000000000
13438  49.825  -60.030  -32.330 0.0000000000
13439  49.445  -60.517  -32.610 0.0000000000
13440  49.060  -60.993  -32.936 0.0000000000
18375  49.894  -54.899  -37.358 0.0000000000
19054  49.606  -54.126  -37.153 0.0000000000
19730  45.717  -52.819  -32.070 0.0000000000
19735  48.053  -52.632  -34.336 0.0000000000
20401  47.085  -51.180  -33.393 0.0000000000
13459  46.886  -60.734  -36.889 0.0000000000
134029  46.926  -60.638  -37.162 0.0000000000
12924  46.087  -61.087  -37.257 0.0000000000
13465  45.649  -61.100  -37.945 0.0000000000
13469  44.925  -61.720  -38.590 0.0000000000
13472  44.749  -61.605  -38.834 0.0000000000
14058  44.327  -60.955  -39.208 0.0000000000
131904  43.943  -60.701  -39.479 0.0000000000
19062  47.646  -56.470  -35.223 0.0000000000
116930  44.555  -54.346  -33.348 0.0000000000
113464  43.878  -54.190  -36.114 0.0000000000
114597  43.999  -52.617  -32.921 0.0000000000
113703  44.402  -49.178  -32.971 0.0000000000
15781  50.892  -57.117  -34.851 0.0000000000
16412  50.866  -56.778  -35.481 0.0000000000
16413  50.882  -57.330  -35.688 0.0000000000
17095  49.844  -57.034  -37.844 0.0000000000
17761  49.261  -57.455  -36.854 0.0000000000
14606  48.713  -59.042  -38.415 0.0000000000
14608  46.843  -59.711  -37.916 0.0000000000
15182  47.894  -59.122  -37.716 0.0000000000
15188  48.653  -58.840  -38.169 0.0000000000
16433  48.867  -58.357  -37.495 0.0000000000
17097  48.579  -58.138  -36.775 0.0000000000
17756  48.014  -57.757  -36.274 0.0000000000
120832  46.519  -57.372  -36.343 0.0000000000
127042  45.117  -56.640  -37.209 0.0000000000
18385  44.034  -55.795  -38.540 0.0000000000
17098  44.239  -56.780  -38.955 0.0000000000
124123  44.152  -56.350  -38.865 0.0000000000
18388  43.097  -54.807  -40.027 0.0000000000
134433  43.065  -54.441  -40.234 0.0000000000
14617  42.365  -59.488  -39.453 0.0000000000
15207  38.219  -54.660  -43.288 0.0000000000
15192  41.607  -57.869  -39.629 0.0000000000
15191  42.514  -58.306  -39.514 0.0000000000
15809  42.554  -57.065  -39.745 0.0000000000
15814  42.449  -55.988  -40.137 0.0000000000
16438  42.021  -54.976  -40.744 0.0000000000
17102  41.994  -54.809  -41.922 0.0000000000
17765  42.245  -54.115  -41.916 0.0000000000
110853  40.958  -53.848  -41.951 0.0000000000
129011  40.920  -53.794  -44.217 0.0000000000
17732  51.740  -53.823  -30.882 0.0000000000
17071  51.406  -54.882  -31.304 0.0000000000
17072  50.984  -55.743  -32.104 0.0000000000
16406  50.992  -56.536  -32.458 0.0000000000
116503  50.916  -57.042  -33.291 0.0000000000
14561  50.515  -57.551  -30.445 0.0000000000
118148  50.981  -56.888  -31.185 0.0000000000
15777  51.097  -56.918  -31.846 0.0000000000
15162  51.015  -57.544  -33.235 0.0000000000
15782  50.910  -57.454  -34.187 0.0000000000
15166  50.738  -57.915  -34.819 0.0000000000
15167  50.487  -58.465  -34.560 0.0000000000
14583  50.121  -58.758  -35.235 0.0000000000
14022  50.259  -59.377  -33.363 0.0000000000
14584  49.820  -59.195  -35.096 0.0000000000
14030  49.006  -59.865  -35.863 0.0000000000
13454  48.591  -60.349  -35.409 0.0000000000
13455  47.931  -60.679  -35.792 0.0000000000
12902  47.698  -61.447  -34.460 0.0000000000
13452  47.377  -61.185  -35.296 0.0000000000
13456  47.059  -60.933  -36.137 0.0000000000
19057  48.322  -55.325  -35.274 0.0000000000
19056  48.975  -55.074  -36.224 0.0000000000
19734  49.419  -52.928  -36.159 0.0000000000
12943  44.289  -62.213  -39.242 0.0000000000
12944  43.879  -62.659  -39.543 0.0000000000
13462  46.211  -60.741  -37.621 0.0000000000
13467  46.301  -60.080  -38.134 0.0000000000
13481  44.090  -61.877  -39.396 0.0000000000
14027  49.138  -59.997  -35.014 0.0000000000
14029  49.463  -59.505  -35.455 0.0000000000
14035  48.342  -60.104  -37.021 0.0000000000
14039  48.210  -59.947  -37.586 0.0000000000
14046  47.127  -59.881  -38.236 0.0000000000
14574  50.905  -58.227  -32.069 0.0000000000
14587  49.782  -59.057  -35.808 0.0000000000
14589  49.761  -58.987  -36.595 0.0000000000
14599  49.280  -59.035  -38.520 0.0000000000
14600  48.713  -59.188  -38.386 0.0000000000
14601  48.065  -59.386  -38.083 0.0000000000
14605  48.990  -59.165  -38.590 0.0000000000
14607  47.729  -59.273  -37.981 0.0000000000
15168  50.672  -57.769  -35.682 0.0000000000
15180  48.850  -58.492  -38.842 0.0000000000
15181  48.698  -58.974  -38.388 0.0000000000
15184  45.040  -59.470  -38.505 0.0000000000
15779  51.057  -57.077  -32.562 0.0000000000
15792  50.172  -57.500  -38.302 0.0000000000
15797  49.655  -57.861  -38.329 0.0000000000
15798  49.074  -58.107  -38.741 0.0000000000
15799  48.795  -58.463  -38.579 0.0000000000
15801  46.383  -59.030  -37.520 0.0000000000
15805  48.943  -58.351  -37.863 0.0000000000
16426  49.580  -57.402  -38.114 0.0000000000
16432  48.993  -57.948  -37.915 0.0000000000
17089  50.102  -56.432  -38.127 0.0000000000
17090  49.767  -57.026  -38.221 0.0000000000
17754  49.834  -56.556  -37.987 0.0000000000
18378  49.975  -55.224  -37.692 0.0000000000
18381  49.952  -55.804  -37.973 0.0000000000
18391  41.412  -54.075  -42.931 0.0000000000
19055  49.780  -54.671  -37.225 0.0000000000
20403  49.399  -50.797  -35.700 0.0000000000
116616  51.037  -57.572  -32.505 0.0000000000
119179  51.400  -55.823  -30.744 0.0000000000
119892  48.296  -57.385  -36.097 0.0000000000
124565  49.878  -56.080  -37.219 0.0000000000
132263  50.597  -59.087  -32.274 0.0000000000
132323  51.016  -57.965  -33.004 0.0000000000
135394  43.944  -59.445  -39.386 0.0000000000
137025  45.411  -57.815  -37.774 0.0000000000
137539  44.185  -63.023  -39.298 0.0000000000
