#!ascii label  , from subject sub-2002 vox2ras=TkReg
1292
37456  -37.235  0.581  47.067 0.0000000000
45426  -47.474  12.614  33.557 0.0000000000
43593  -37.659  9.396  40.975 0.0000000000
28519  -9.951  -12.661  45.302 0.0000000000
33196  -26.080  -3.837  48.003 0.0000000000
75635  -4.514  -1.910  46.157 0.0000000000
36188  -6.425  -0.565  52.416 0.0000000000
78759  -43.073  8.744  37.575 0.0000000000
35519  -4.953  -2.570  39.114 0.0000000000
29773  -4.695  -10.738  52.683 0.0000000000
38112  -37.712  1.952  43.078 0.0000000000
33936  -35.277  -4.363  46.402 0.0000000000
34695  -32.261  -2.491  47.882 0.0000000000
46626  -49.393  14.378  31.955 0.0000000000
42288  -40.846  8.818  39.535 0.0000000000
33210  -22.289  -4.513  47.561 0.0000000000
37484  -6.148  0.810  40.977 0.0000000000
32530  -9.204  -6.420  45.700 0.0000000000
31811  -4.163  -7.709  44.837 0.0000000000
29209  -5.616  -11.920  43.430 0.0000000000
32468  -13.617  -5.994  53.270 0.0000000000
71123  -9.155  -6.701  54.079 0.0000000000
43563  -35.217  9.625  42.881 0.0000000000
35449  -28.776  -2.003  49.568 0.0000000000
68080  -29.260  -3.966  46.747 0.0000000000
35456  -6.539  -0.967  48.739 0.0000000000
32496  -9.681  -6.406  49.084 0.0000000000
43613  -45.647  9.867  35.889 0.0000000000
33169  -16.173  -4.735  50.805 0.0000000000
32500  -19.595  -4.723  49.022 0.0000000000
75508  -3.521  -2.905  43.043 0.0000000000
32595  -5.032  -6.200  41.447 0.0000000000
35411  -8.614  -1.949  54.582 0.0000000000
33164  -6.020  -6.617  52.116 0.0000000000
29163  -5.491  -11.504  47.818 0.0000000000
38793  -37.451  2.221  45.738 0.0000000000
36223  -37.929  -1.706  45.605 0.0000000000
38104  -38.169  0.983  44.689 0.0000000000
35469  -36.795  -2.458  46.977 0.0000000000
33957  -36.997  -3.982  45.270 0.0000000000
74227  -35.472  -2.119  48.053 0.0000000000
45443  -48.334  13.301  32.501 0.0000000000
43626  -45.848  10.126  32.877 0.0000000000
44255  -46.814  11.782  31.794 0.0000000000
44857  -48.039  12.631  31.102 0.0000000000
42943  -39.646  8.897  40.419 0.0000000000
73253  -34.995  8.880  39.498 0.0000000000
42962  -36.946  8.751  38.909 0.0000000000
71457  -39.078  8.085  38.517 0.0000000000
30478  -10.685  -9.155  44.662 0.0000000000
30476  -8.729  -9.315  44.213 0.0000000000
74877  -9.033  -12.067  43.446 0.0000000000
74917  -5.590  -14.104  42.943 0.0000000000
26260  -8.325  -14.759  43.702 0.0000000000
77306  -13.509  -8.359  52.848 0.0000000000
30372  -11.362  -8.899  54.287 0.0000000000
42257  -35.156  8.079  43.180 0.0000000000
40947  -37.941  4.717  43.313 0.0000000000
39618  -37.059  2.802  42.119 0.0000000000
40961  -37.461  5.344  42.181 0.0000000000
41581  -36.270  6.779  41.827 0.0000000000
36832  -30.281  0.029  50.063 0.0000000000
33956  -32.493  -4.300  46.409 0.0000000000
78436  -31.014  -2.790  46.839 0.0000000000
46093  -50.722  13.739  29.325 0.0000000000
47202  -50.916  15.315  28.622 0.0000000000
81970  -5.923  -0.275  50.717 0.0000000000
34689  -9.496  -3.026  49.320 0.0000000000
34675  -9.437  -3.418  51.141 0.0000000000
42970  -44.600  9.221  36.552 0.0000000000
41607  -41.315  7.691  36.846 0.0000000000
67870  -42.461  7.711  35.658 0.0000000000
42344  -44.256  8.216  34.812 0.0000000000
33865  -16.141  -3.429  52.279 0.0000000000
33886  -17.971  -3.976  51.377 0.0000000000
37462  -4.440  0.519  45.321 0.0000000000
70795  -4.860  0.135  43.833 0.0000000000
80390  -3.852  -2.607  45.340 0.0000000000
77479  -4.287  -9.035  42.853 0.0000000000
31837  -3.898  -7.166  42.785 0.0000000000
31142  -4.634  -8.580  41.265 0.0000000000
35413  -10.348  -2.248  54.454 0.0000000000
31004  -6.919  -8.777  53.184 0.0000000000
32471  -6.855  -6.505  53.111 0.0000000000
31714  -4.482  -7.828  52.272 0.0000000000
31032  -5.598  -8.745  49.946 0.0000000000
29807  -4.061  -10.971  50.094 0.0000000000
38813  -38.023  2.663  43.984 0.0000000000
36834  -31.860  -0.758  50.043 0.0000000000
81308  -33.701  -1.968  49.057 0.0000000000
33916  -34.302  -3.320  47.264 0.0000000000
70307  -50.016  15.081  30.881 0.0000000000
45489  -49.852  13.116  30.257 0.0000000000
68560  -42.238  8.636  38.278 0.0000000000
41594  -40.245  7.830  37.746 0.0000000000
67970  -25.413  -4.694  46.700 0.0000000000
33212  -24.206  -4.712  47.743 0.0000000000
36883  -3.410  -0.811  40.173 0.0000000000
76256  -6.223  -4.326  46.902 0.0000000000
68933  -4.586  -5.136  46.061 0.0000000000
74860  -6.451  -7.722  45.819 0.0000000000
30473  -5.315  -9.806  44.380 0.0000000000
70330  -4.558  -11.131  42.154 0.0000000000
33858  -12.816  -4.538  53.862 0.0000000000
33856  -11.380  -4.625  53.985 0.0000000000
31704  -11.071  -7.046  54.042 0.0000000000
70442  -9.028  -9.118  54.130 0.0000000000
43583  -35.944  9.637  41.551 0.0000000000
42285  -34.570  7.913  40.534 0.0000000000
34683  -27.269  -2.624  48.568 0.0000000000
34686  -30.824  -2.214  48.795 0.0000000000
33902  -28.738  -2.632  47.794 0.0000000000
33911  -27.017  -4.155  47.674 0.0000000000
37454  -4.461  0.701  47.228 0.0000000000
37446  -4.047  1.276  48.754 0.0000000000
36220  -5.620  -1.463  47.123 0.0000000000
75945  -7.952  -3.352  47.451 0.0000000000
32513  -10.611  -5.975  47.104 0.0000000000
30451  -10.045  -9.567  46.768 0.0000000000
43621  -46.181  10.352  34.621 0.0000000000
42984  -45.470  8.996  34.107 0.0000000000
33859  -14.016  -4.226  53.292 0.0000000000
32475  -14.677  -5.972  52.184 0.0000000000
31721  -14.720  -7.154  51.503 0.0000000000
33193  -22.566  -4.266  48.719 0.0000000000
32492  -21.010  -4.445  49.725 0.0000000000
74884  -19.902  -4.390  50.729 0.0000000000
33182  -18.118  -4.585  50.039 0.0000000000
32489  -15.835  -6.005  49.710 0.0000000000
70055  -6.798  0.912  42.549 0.0000000000
36865  -4.628  -0.575  42.173 0.0000000000
35495  -3.334  -2.577  41.226 0.0000000000
80786  -3.419  -5.263  44.574 0.0000000000
80759  -3.462  -4.615  42.222 0.0000000000
34008  -5.041  -4.622  41.289 0.0000000000
35421  -7.252  -1.630  54.033 0.0000000000
33854  -9.039  -4.345  54.053 0.0000000000
34660  -8.588  -3.216  53.310 0.0000000000
34669  -8.650  -3.243  52.806 0.0000000000
32486  -7.956  -6.718  50.599 0.0000000000
30424  -7.564  -9.321  48.464 0.0000000000
29174  -7.882  -11.686  46.850 0.0000000000
77770  -4.135  -13.838  51.290 0.0000000000
74879  -3.872  -13.946  48.236 0.0000000000
26219  -8.237  -15.526  45.855 0.0000000000
38098  -37.800  0.956  46.700 0.0000000000
38096  -36.595  1.368  47.021 0.0000000000
36848  -37.710  -0.372  46.454 0.0000000000
37459  -37.931  0.589  46.046 0.0000000000
72150  -37.123  -1.314  47.071 0.0000000000
36221  -37.257  -1.870  46.758 0.0000000000
37455  -36.039  0.590  47.128 0.0000000000
36843  -36.069  -0.853  47.923 0.0000000000
45427  -48.014  13.230  33.273 0.0000000000
44249  -46.413  11.130  33.309 0.0000000000
44254  -46.400  11.276  32.531 0.0000000000
44250  -46.734  11.722  32.699 0.0000000000
44855  -47.354  12.347  32.016 0.0000000000
78498  -38.732  8.996  40.786 0.0000000000
42930  -39.838  9.543  41.352 0.0000000000
43576  -39.153  9.895  41.847 0.0000000000
42941  -36.224  9.195  39.464 0.0000000000
42942  -37.960  8.925  40.269 0.0000000000
80580  -38.255  8.582  39.748 0.0000000000
29193  -10.516  -11.461  44.842 0.0000000000
29213  -10.064  -11.380  43.788 0.0000000000
27746  -9.546  -13.128  43.759 0.0000000000
27745  -8.840  -13.424  43.478 0.0000000000
27004  -9.270  -13.867  43.944 0.0000000000
30382  -13.593  -8.790  52.523 0.0000000000
29765  -12.596  -9.289  53.253 0.0000000000
40936  -37.762  5.601  43.523 0.0000000000
40946  -37.787  5.250  42.838 0.0000000000
41555  -37.340  6.397  43.389 0.0000000000
41566  -36.934  6.618  42.626 0.0000000000
47200  -50.653  15.196  29.357 0.0000000000
46642  -51.004  14.544  29.001 0.0000000000
73715  -50.433  15.960  28.481 0.0000000000
36189  -6.822  -0.881  51.933 0.0000000000
35450  -7.504  -1.337  51.064 0.0000000000
35444  -7.396  -1.374  51.881 0.0000000000
42314  -43.600  8.832  37.077 0.0000000000
43606  -44.862  9.842  37.763 0.0000000000
42328  -42.522  8.361  37.145 0.0000000000
41623  -41.973  7.705  36.277 0.0000000000
42329  -43.033  8.286  36.459 0.0000000000
42337  -43.704  8.402  35.939 0.0000000000
33866  -17.776  -3.212  52.600 0.0000000000
33876  -18.728  -3.917  51.733 0.0000000000
33895  -25.516  -2.934  48.728 0.0000000000
72164  -24.715  -4.093  48.287 0.0000000000
36260  -4.397  -2.015  38.704 0.0000000000
80722  -4.503  -0.917  46.147 0.0000000000
36229  -4.077  -1.016  45.442 0.0000000000
35480  -4.191  -2.383  45.774 0.0000000000
80706  -4.708  -10.065  41.414 0.0000000000
31130  -4.284  -8.714  42.135 0.0000000000
30507  -4.925  -9.548  40.939 0.0000000000
36164  -11.461  -1.117  55.559 0.0000000000
35408  -11.735  -2.100  55.061 0.0000000000
30377  -5.047  -9.585  53.049 0.0000000000
31002  -4.851  -8.635  53.066 0.0000000000
30383  -4.239  -9.301  52.319 0.0000000000
30395  -3.952  -9.964  51.029 0.0000000000
29777  -4.160  -10.526  51.502 0.0000000000
38804  -37.842  2.215  44.768 0.0000000000
69061  -38.063  1.597  44.399 0.0000000000
39591  -37.807  3.016  44.550 0.0000000000
40301  -37.723  4.711  44.362 0.0000000000
33918  -35.415  -3.621  46.692 0.0000000000
34697  -34.309  -2.749  47.933 0.0000000000
33917  -34.842  -3.770  46.744 0.0000000000
33215  -34.371  -4.567  46.533 0.0000000000
46633  -49.918  14.348  31.343 0.0000000000
45465  -48.711  13.129  31.239 0.0000000000
44865  -48.945  12.681  30.302 0.0000000000
45481  -49.337  13.298  30.823 0.0000000000
46639  -50.102  14.375  30.465 0.0000000000
70069  -41.244  8.636  38.981 0.0000000000
42947  -42.321  9.384  39.594 0.0000000000
42946  -41.695  9.260  39.770 0.0000000000
42296  -40.089  8.441  39.036 0.0000000000
41593  -39.693  7.658  37.592 0.0000000000
42309  -40.482  8.229  38.383 0.0000000000
42310  -41.209  8.373  38.372 0.0000000000
38133  -5.629  1.317  40.221 0.0000000000
37501  -4.495  0.859  39.806 0.0000000000
37493  -5.165  0.606  40.590 0.0000000000
33224  -7.516  -5.396  46.512 0.0000000000
33223  -6.390  -5.691  46.621 0.0000000000
32529  -8.002  -6.712  45.871 0.0000000000
29874  -7.824  -11.061  43.877 0.0000000000
30474  -6.259  -9.816  44.699 0.0000000000
29865  -5.824  -10.479  44.213 0.0000000000
29871  -4.963  -10.390  43.323 0.0000000000
29208  -4.847  -11.337  42.895 0.0000000000
28544  -4.830  -12.361  42.729 0.0000000000
33149  -13.133  -5.338  53.592 0.0000000000
33148  -12.536  -5.463  53.789 0.0000000000
32462  -12.337  -7.009  53.869 0.0000000000
29757  -10.297  -9.890  54.666 0.0000000000
30370  -10.360  -9.392  54.666 0.0000000000
29756  -9.566  -10.123  54.891 0.0000000000
30373  -7.599  -9.816  53.998 0.0000000000
43573  -35.186  9.418  42.071 0.0000000000
42270  -34.851  8.141  42.365 0.0000000000
41580  -35.275  7.266  41.201 0.0000000000
42929  -34.674  8.822  41.820 0.0000000000
43582  -35.104  9.308  41.099 0.0000000000
81016  -28.016  -1.924  50.021 0.0000000000
34680  -27.886  -2.188  49.517 0.0000000000
34684  -28.506  -2.301  49.013 0.0000000000
76416  -31.877  -2.043  49.402 0.0000000000
35455  -31.318  -1.955  49.691 0.0000000000
34694  -31.366  -2.446  47.806 0.0000000000
77677  -29.827  -3.658  46.532 0.0000000000
33913  -30.240  -2.659  47.114 0.0000000000
33930  -29.026  -3.320  46.968 0.0000000000
33912  -28.305  -2.993  47.525 0.0000000000
68081  -28.381  -4.207  46.946 0.0000000000
68055  -26.937  -4.542  46.805 0.0000000000
36831  -5.053  0.174  50.113 0.0000000000
36836  -4.845  0.246  49.330 0.0000000000
36839  -4.950  0.064  48.442 0.0000000000
36214  -5.955  -0.927  47.980 0.0000000000
35472  -6.634  -2.410  47.517 0.0000000000
35464  -6.927  -1.804  48.324 0.0000000000
34691  -10.301  -4.182  49.065 0.0000000000
33909  -10.333  -4.395  48.335 0.0000000000
32505  -10.526  -6.136  47.648 0.0000000000
78978  -10.499  -7.631  47.053 0.0000000000
31759  -10.043  -7.447  47.768 0.0000000000
43618  -46.097  10.395  35.436 0.0000000000
44844  -46.687  11.491  35.362 0.0000000000
44241  -46.412  11.036  35.793 0.0000000000
42976  -44.942  8.786  35.464 0.0000000000
74365  -44.771  8.367  34.150 0.0000000000
42980  -45.487  9.064  34.985 0.0000000000
43620  -45.920  9.689  34.414 0.0000000000
33860  -14.712  -3.673  53.066 0.0000000000
33873  -15.802  -4.521  51.449 0.0000000000
33158  -15.105  -4.920  51.912 0.0000000000
80825  -15.053  -5.656  51.774 0.0000000000
32478  -14.615  -6.735  52.033 0.0000000000
82143  -15.294  -5.927  51.021 0.0000000000
33211  -23.238  -4.610  47.637 0.0000000000
33201  -23.443  -4.548  48.305 0.0000000000
33200  -22.475  -4.437  48.289 0.0000000000
32510  -20.024  -4.633  48.416 0.0000000000
32502  -21.244  -4.372  49.340 0.0000000000
32491  -20.523  -4.532  49.755 0.0000000000
32483  -20.764  -4.469  50.139 0.0000000000
33184  -19.619  -4.629  49.967 0.0000000000
76290  -18.703  -4.504  50.443 0.0000000000
33192  -19.254  -4.711  49.513 0.0000000000
32497  -16.466  -5.967  48.899 0.0000000000
38110  -6.438  1.156  43.625 0.0000000000
36858  -4.372  -0.958  43.647 0.0000000000
36859  -4.725  -0.445  43.204 0.0000000000
36864  -4.310  -1.044  42.652 0.0000000000
36873  -3.983  -1.023  41.673 0.0000000000
35488  -3.413  -2.762  42.102 0.0000000000
32528  -4.382  -6.766  45.727 0.0000000000
33220  -4.028  -5.506  45.546 0.0000000000
32543  -3.670  -6.556  44.712 0.0000000000
80592  -4.415  -6.550  41.812 0.0000000000
33267  -3.662  -5.730  42.621 0.0000000000
33268  -4.226  -5.867  41.963 0.0000000000
34007  -4.185  -4.439  41.314 0.0000000000
33284  -5.573  -5.429  41.387 0.0000000000
34009  -5.982  -4.719  41.332 0.0000000000
75643  -7.563  -1.656  54.354 0.0000000000
75990  -10.093  -5.751  54.098 0.0000000000
33145  -9.685  -5.032  54.060 0.0000000000
72983  -9.300  -5.884  54.114 0.0000000000
33150  -6.836  -6.017  52.645 0.0000000000
33151  -7.755  -5.286  53.048 0.0000000000
33861  -7.648  -5.423  52.640 0.0000000000
33862  -8.506  -4.302  52.924 0.0000000000
33157  -7.749  -5.416  52.438 0.0000000000
33883  -8.643  -4.854  52.150 0.0000000000
77752  -7.307  -6.471  51.294 0.0000000000
30422  -5.810  -9.859  48.923 0.0000000000
31044  -7.068  -8.924  49.101 0.0000000000
29824  -6.359  -10.248  48.279 0.0000000000
29837  -7.695  -10.448  47.566 0.0000000000
29173  -6.449  -11.364  47.509 0.0000000000
26937  -3.941  -14.840  50.372 0.0000000000
70776  -3.773  -14.242  49.785 0.0000000000
39574  -37.564  2.899  45.277 0.0000000000
35479  -38.516  -2.321  44.955 0.0000000000
36854  -38.952  -0.695  44.482 0.0000000000
37461  -38.347  -0.306  45.098 0.0000000000
38102  -37.950  1.101  45.311 0.0000000000
33919  -35.918  -3.470  46.606 0.0000000000
34710  -36.740  -3.056  46.349 0.0000000000
34711  -37.585  -2.819  45.572 0.0000000000
80698  -35.982  -2.272  47.913 0.0000000000
46076  -48.934  13.849  32.277 0.0000000000
43638  -46.097  10.915  32.389 0.0000000000
67949  -46.545  11.458  31.704 0.0000000000
44264  -47.034  11.823  30.854 0.0000000000
44256  -47.385  12.208  30.978 0.0000000000
44856  -48.127  12.916  31.901 0.0000000000
42287  -40.260  8.742  39.710 0.0000000000
77929  -40.698  9.424  40.703 0.0000000000
42937  -40.216  9.423  40.990 0.0000000000
43578  -40.571  10.064  41.701 0.0000000000
42284  -34.488  8.069  39.672 0.0000000000
42959  -34.671  7.909  38.437 0.0000000000
42305  -35.982  8.394  37.998 0.0000000000
42324  -36.466  7.879  37.260 0.0000000000
42325  -37.846  7.795  37.382 0.0000000000
42307  -38.367  8.045  38.187 0.0000000000
42295  -39.358  8.351  39.110 0.0000000000
31813  -10.199  -7.958  44.887 0.0000000000
31812  -9.441  -7.713  44.961 0.0000000000
30477  -9.683  -9.201  43.999 0.0000000000
29875  -8.695  -10.607  43.747 0.0000000000
75344  -7.520  -12.512  43.474 0.0000000000
71223  -6.043  -13.340  43.170 0.0000000000
27743  -7.163  -13.297  43.288 0.0000000000
27012  -6.336  -14.853  43.168 0.0000000000
31706  -13.387  -7.057  53.302 0.0000000000
31705  -12.675  -7.586  53.658 0.0000000000
31000  -12.627  -8.487  53.511 0.0000000000
42922  -34.756  8.928  42.768 0.0000000000
38825  -37.931  2.870  43.085 0.0000000000
38824  -37.529  2.620  42.674 0.0000000000
39619  -37.679  3.350  42.521 0.0000000000
39625  -37.289  3.740  41.884 0.0000000000
40960  -36.998  5.455  41.521 0.0000000000
41582  -37.056  6.080  42.032 0.0000000000
42271  -35.931  7.329  42.695 0.0000000000
36202  -29.657  -1.666  49.753 0.0000000000
78375  -32.681  -3.209  46.967 0.0000000000
76483  -31.657  -2.767  47.093 0.0000000000
69519  -31.204  -3.255  46.533 0.0000000000
33931  -30.600  -3.618  46.468 0.0000000000
46096  -50.916  13.037  29.035 0.0000000000
46645  -50.906  14.480  28.095 0.0000000000
46649  -50.863  14.329  27.424 0.0000000000
47209  -50.394  14.919  27.269 0.0000000000
36208  -6.632  -0.819  49.725 0.0000000000
35457  -7.228  -1.307  49.419 0.0000000000
71752  -7.579  -1.408  50.314 0.0000000000
34681  -9.533  -3.162  50.237 0.0000000000
33893  -9.928  -4.367  50.396 0.0000000000
42971  -45.128  9.469  36.274 0.0000000000
43610  -45.014  9.652  36.989 0.0000000000
67986  -41.680  7.199  35.423 0.0000000000
41634  -41.832  7.008  34.505 0.0000000000
41641  -42.359  7.156  34.073 0.0000000000
41635  -42.958  7.796  35.166 0.0000000000
42342  -44.396  8.504  35.482 0.0000000000
34661  -15.525  -3.201  52.848 0.0000000000
78665  -16.982  -3.093  52.581 0.0000000000
33874  -16.431  -3.941  51.656 0.0000000000
79602  -17.017  -4.167  51.081 0.0000000000
70466  -20.101  -4.710  47.615 0.0000000000
32499  -18.608  -4.965  48.798 0.0000000000
38106  -5.292  1.518  44.807 0.0000000000
38109  -5.597  1.042  44.079 0.0000000000
36856  -4.441  0.181  44.624 0.0000000000
36855  -4.147  -0.740  44.627 0.0000000000
35482  -3.514  -3.026  44.094 0.0000000000
78916  -4.082  -8.245  43.735 0.0000000000
31093  -3.928  -7.657  44.181 0.0000000000
31115  -4.117  -8.445  43.011 0.0000000000
31844  -4.553  -7.845  41.560 0.0000000000
72511  -4.778  -7.123  41.354 0.0000000000
72153  -11.227  -0.448  55.987 0.0000000000
36163  -10.539  -0.917  55.636 0.0000000000
35412  -9.534  -2.053  54.379 0.0000000000
31006  -8.154  -8.158  53.184 0.0000000000
32473  -8.499  -6.810  53.257 0.0000000000
31710  -6.485  -7.907  53.087 0.0000000000
32469  -5.224  -6.863  52.993 0.0000000000
32479  -5.006  -7.295  52.012 0.0000000000
32480  -5.811  -7.065  51.518 0.0000000000
31718  -4.851  -7.998  51.190 0.0000000000
30406  -4.779  -9.701  49.827 0.0000000000
29822  -4.637  -10.838  49.028 0.0000000000
37470  -38.330  0.522  43.338 0.0000000000
37465  -38.691  0.261  43.940 0.0000000000
38114  -38.395  0.795  43.720 0.0000000000
38818  -38.039  2.324  43.556 0.0000000000
39612  -38.051  3.203  43.642 0.0000000000
74730  -37.874  4.947  43.900 0.0000000000
34696  -33.048  -2.531  47.989 0.0000000000
35461  -34.206  -2.183  48.864 0.0000000000
71038  -33.718  -2.545  48.210 0.0000000000
33906  -32.927  -2.870  47.367 0.0000000000
33934  -33.562  -3.886  46.726 0.0000000000
80978  -49.269  12.286  29.578 0.0000000000
46092  -50.286  13.678  30.076 0.0000000000
47196  -50.287  15.107  30.123 0.0000000000
42312  -42.612  8.590  37.744 0.0000000000
42954  -43.312  9.405  38.605 0.0000000000
42953  -42.519  9.156  38.941 0.0000000000
41604  -38.478  7.342  36.770 0.0000000000
72432  -40.739  7.724  37.298 0.0000000000
42311  -41.954  8.397  37.845 0.0000000000
33910  -25.961  -4.614  47.512 0.0000000000
68513  -24.861  -4.522  48.018 0.0000000000
72162  -24.856  -4.765  47.189 0.0000000000
33925  -24.066  -4.658  47.012 0.0000000000
36892  -3.404  -0.650  39.191 0.0000000000
36259  -3.550  -1.705  39.267 0.0000000000
34705  -5.236  -3.535  46.626 0.0000000000
34713  -4.497  -3.503  46.059 0.0000000000
33942  -4.998  -4.733  46.463 0.0000000000
32517  -5.091  -6.805  46.107 0.0000000000
81498  -4.698  -7.277  45.674 0.0000000000
31097  -7.552  -8.804  45.041 0.0000000000
31076  -5.735  -8.427  45.418 0.0000000000
76811  -4.911  -8.698  44.998 0.0000000000
30472  -4.818  -9.702  43.816 0.0000000000
33848  -11.752  -3.920  54.197 0.0000000000
33857  -12.175  -4.633  53.911 0.0000000000
33146  -10.936  -5.460  54.005 0.0000000000
31703  -10.316  -7.195  54.066 0.0000000000
31699  -11.419  -7.702  54.097 0.0000000000
30998  -10.094  -7.989  54.113 0.0000000000
68705  -9.331  -8.234  54.095 0.0000000000
30996  -8.006  -8.963  54.066 0.0000000000
30379  -6.949  -9.641  53.291 0.0000000000
29120  -5.639  -10.988  53.084 0.0000000000
68901  -36.736  9.577  41.124 0.0000000000
71590  -38.109  10.097  42.223 0.0000000000
43575  -37.055  10.188  42.674 0.0000000000
38118  -36.455  1.542  42.417 0.0000000000
41584  -34.620  7.276  39.687 0.0000000000
72297  -35.994  9.560  40.850 0.0000000000
34679  -27.006  -2.415  49.196 0.0000000000
33900  -26.752  -3.133  48.191 0.0000000000
36833  -31.188  -0.325  50.022 0.0000000000
81883  -30.604  -1.631  49.895 0.0000000000
35453  -29.627  -2.019  49.491 0.0000000000
33904  -30.732  -2.544  47.393 0.0000000000
34693  -30.295  -2.391  48.098 0.0000000000
34692  -29.223  -2.399  48.375 0.0000000000
33896  -28.192  -2.528  48.460 0.0000000000
68350  -27.379  -3.356  47.903 0.0000000000
33197  -26.672  -3.909  47.963 0.0000000000
67933  -26.604  -4.510  47.393 0.0000000000
47208  -49.495  15.581  27.002 0.0000000000
47207  -48.825  15.918  26.445 0.0000000000
47800  -48.919  16.833  24.838 0.0000000000
37458  -4.482  0.793  46.268 0.0000000000
72198  -4.604  -0.001  46.573 0.0000000000
69828  -4.232  1.323  47.874 0.0000000000
36845  -4.744  0.021  47.440 0.0000000000
35470  -4.984  -2.159  46.505 0.0000000000
34706  -6.248  -3.384  47.010 0.0000000000
73220  -7.197  -3.922  47.064 0.0000000000
33225  -9.240  -5.207  46.330 0.0000000000
34700  -9.176  -3.035  48.414 0.0000000000
33945  -9.869  -4.811  46.797 0.0000000000
32531  -10.051  -6.243  45.977 0.0000000000
31064  -10.840  -8.252  45.765 0.0000000000
29851  -10.570  -9.942  45.961 0.0000000000
72091  -10.025  -10.888  46.145 0.0000000000
44246  -46.528  11.141  34.079 0.0000000000
41646  -43.139  7.491  33.979 0.0000000000
42348  -44.422  8.192  33.465 0.0000000000
42982  -44.644  8.469  32.938 0.0000000000
42989  -45.540  9.266  33.199 0.0000000000
43623  -46.213  10.430  33.871 0.0000000000
71289  -13.365  -4.384  53.637 0.0000000000
80429  -13.605  -5.032  53.301 0.0000000000
33864  -15.065  -4.068  52.446 0.0000000000
33154  -14.513  -5.107  52.496 0.0000000000
78717  -13.883  -6.694  52.961 0.0000000000
31716  -14.277  -7.346  52.193 0.0000000000
33194  -24.069  -4.315  48.362 0.0000000000
68699  -23.271  -3.982  48.918 0.0000000000
33185  -22.635  -3.846  49.376 0.0000000000
32512  -21.625  -4.331  48.716 0.0000000000
80811  -21.900  -4.105  49.359 0.0000000000
33174  -21.826  -4.158  50.342 0.0000000000
33173  -21.171  -4.336  50.516 0.0000000000
33161  -20.926  -4.181  51.244 0.0000000000
33160  -20.111  -4.098  51.435 0.0000000000
33170  -18.735  -4.282  51.022 0.0000000000
33885  -17.971  -4.290  50.687 0.0000000000
33894  -17.151  -4.543  50.314 0.0000000000
32498  -17.462  -5.351  48.862 0.0000000000
33190  -16.653  -5.406  49.372 0.0000000000
33180  -15.642  -5.586  50.558 0.0000000000
32481  -15.210  -6.505  50.705 0.0000000000
38115  -6.899  1.074  41.528 0.0000000000
37467  -5.318  0.381  43.521 0.0000000000
37473  -5.466  0.093  42.234 0.0000000000
37483  -5.599  0.380  41.323 0.0000000000
36874  -4.183  -0.456  41.138 0.0000000000
36248  -3.347  -1.679  40.228 0.0000000000
35505  -4.290  -2.989  39.724 0.0000000000
34712  -4.162  -4.050  45.619 0.0000000000
34716  -3.671  -3.921  45.103 0.0000000000
34727  -3.385  -3.647  43.314 0.0000000000
32556  -3.577  -6.471  43.990 0.0000000000
75295  -3.343  -4.995  42.866 0.0000000000
34737  -3.358  -3.543  42.276 0.0000000000
34749  -3.464  -3.406  41.325 0.0000000000
34750  -3.924  -3.816  40.851 0.0000000000
34771  -4.962  -3.432  40.276 0.0000000000
73626  -6.334  -4.043  41.205 0.0000000000
34644  -10.681  -3.123  54.378 0.0000000000
34643  -9.870  -2.841  54.181 0.0000000000
34642  -8.945  -2.643  54.104 0.0000000000
33143  -8.372  -5.288  53.343 0.0000000000
33853  -8.637  -4.393  53.903 0.0000000000
34650  -8.363  -2.659  53.680 0.0000000000
34649  -7.798  -2.289  53.856 0.0000000000
34659  -7.683  -1.997  53.305 0.0000000000
35437  -8.024  -2.078  52.593 0.0000000000
33872  -9.049  -3.579  52.116 0.0000000000
33884  -9.341  -4.343  51.566 0.0000000000
32487  -9.308  -6.138  49.837 0.0000000000
31730  -6.773  -7.770  50.158 0.0000000000
31731  -7.795  -7.463  49.938 0.0000000000
31742  -8.880  -7.632  48.904 0.0000000000
30437  -8.796  -9.490  47.647 0.0000000000
29849  -9.126  -10.750  46.760 0.0000000000
28514  -9.440  -12.451  45.946 0.0000000000
28456  -5.322  -12.117  52.538 0.0000000000
27669  -4.907  -13.577  52.427 0.0000000000
28461  -4.616  -12.122  51.759 0.0000000000
28480  -3.904  -12.419  50.594 0.0000000000
28499  -3.734  -12.806  49.084 0.0000000000
28507  -4.692  -12.804  47.585 0.0000000000
70864  -4.949  -14.258  47.092 0.0000000000
77668  -5.229  -12.957  47.060 0.0000000000
27717  -6.504  -13.381  46.674 0.0000000000
73508  -8.284  -13.883  46.143 0.0000000000
27718  -9.156  -13.920  45.486 0.0000000000
26228  -8.636  -15.328  45.107 0.0000000000
25577  -7.720  -16.024  44.155 0.0000000000
38097  -37.184  1.306  46.799 0.0000000000
37457  -37.790  0.344  46.805 0.0000000000
36847  -37.331  -0.487  47.025 0.0000000000
70760  -37.540  -1.060  46.602 0.0000000000
36846  -36.446  -0.233  47.178 0.0000000000
44247  -46.727  11.604  33.392 0.0000000000
44849  -47.122  12.182  33.024 0.0000000000
43586  -39.404  9.274  41.175 0.0000000000
43585  -38.472  9.564  41.469 0.0000000000
43592  -36.796  9.348  40.329 0.0000000000
28520  -10.324  -12.166  44.911 0.0000000000
28530  -10.275  -11.894  44.276 0.0000000000
28529  -10.055  -12.780  44.431 0.0000000000
27736  -9.664  -13.490  44.342 0.0000000000
27727  -9.709  -13.395  45.019 0.0000000000
30384  -13.383  -9.356  52.399 0.0000000000
42963  -44.219  9.295  37.214 0.0000000000
42313  -43.446  9.084  37.750 0.0000000000
68729  -43.095  8.587  37.094 0.0000000000
41609  -42.444  8.059  36.605 0.0000000000
42330  -43.671  8.615  36.503 0.0000000000
33868  -19.609  -3.504  52.527 0.0000000000
33867  -18.711  -3.460  52.445 0.0000000000
33899  -26.031  -3.237  48.326 0.0000000000
33188  -25.394  -3.714  48.216 0.0000000000
80542  -4.203  -1.650  45.797 0.0000000000
35478  -4.473  -2.753  46.126 0.0000000000
79368  -12.037  -3.094  54.832 0.0000000000
29767  -4.985  -10.477  52.997 0.0000000000
29766  -4.542  -9.949  52.672 0.0000000000
29772  -4.323  -10.200  52.222 0.0000000000
29124  -4.489  -11.108  52.017 0.0000000000
68441  -37.587  3.628  44.934 0.0000000000
40290  -37.452  4.399  44.902 0.0000000000
47189  -49.559  15.066  31.519 0.0000000000
46077  -49.384  13.746  31.549 0.0000000000
42289  -41.509  8.843  39.228 0.0000000000
42945  -41.010  9.137  39.959 0.0000000000
73343  -40.732  8.543  39.027 0.0000000000
38134  -6.705  1.505  40.762 0.0000000000
32520  -8.423  -5.819  46.127 0.0000000000
32519  -7.237  -6.221  46.299 0.0000000000
29873  -6.489  -11.294  43.952 0.0000000000
29872  -5.319  -11.011  43.704 0.0000000000
32467  -12.887  -6.415  53.675 0.0000000000
44212  -35.931  10.210  43.086 0.0000000000
37469  -37.811  0.967  43.057 0.0000000000
70754  -29.204  -0.889  50.020 0.0000000000
34687  -31.692  -2.237  48.820 0.0000000000
81944  -27.637  -4.417  46.683 0.0000000000
68562  -28.145  -4.263  46.110 0.0000000000
36206  -5.418  -0.174  49.300 0.0000000000
36213  -5.543  -0.406  48.399 0.0000000000
76397  -5.943  -0.573  48.790 0.0000000000
33189  -10.155  -5.474  49.135 0.0000000000
33898  -10.403  -4.752  48.817 0.0000000000
32504  -10.198  -6.213  48.420 0.0000000000
31743  -9.618  -7.077  48.551 0.0000000000
43617  -45.810  9.704  35.146 0.0000000000
42977  -45.293  9.235  35.605 0.0000000000
33168  -15.402  -5.361  51.283 0.0000000000
74501  -15.006  -6.231  51.547 0.0000000000
32501  -20.342  -4.572  49.288 0.0000000000
32490  -19.971  -4.621  49.662 0.0000000000
38815  -6.926  1.752  44.102 0.0000000000
36236  -4.060  -1.660  43.191 0.0000000000
76059  -3.727  -2.269  42.839 0.0000000000
36241  -3.721  -1.809  42.146 0.0000000000
31792  -4.281  -7.269  45.289 0.0000000000
31791  -3.964  -6.692  45.260 0.0000000000
31810  -3.947  -7.172  44.787 0.0000000000
33283  -4.616  -5.279  41.625 0.0000000000
35405  -9.181  -1.550  55.021 0.0000000000
35410  -8.160  -1.842  54.834 0.0000000000
32464  -9.785  -6.554  54.061 0.0000000000
33156  -6.838  -6.134  52.321 0.0000000000
81098  -7.988  -4.908  52.789 0.0000000000
33165  -6.991  -6.172  51.999 0.0000000000
29823  -5.428  -10.672  48.469 0.0000000000
29164  -6.082  -10.850  47.899 0.0000000000
29836  -6.852  -10.661  47.754 0.0000000000
81602  -6.041  -11.981  47.303 0.0000000000
25519  -4.215  -16.316  50.104 0.0000000000
26188  -4.295  -15.454  50.736 0.0000000000
26196  -3.985  -15.670  49.870 0.0000000000
76021  -38.355  -1.863  45.187 0.0000000000
36852  -38.613  -0.775  44.924 0.0000000000
36851  -38.216  -0.711  45.319 0.0000000000
38101  -37.746  1.370  45.940 0.0000000000
38794  -37.680  1.872  45.296 0.0000000000
34703  -36.316  -2.963  46.838 0.0000000000
33938  -36.287  -3.693  46.178 0.0000000000
36222  -37.598  -1.545  46.170 0.0000000000
35475  -37.521  -2.144  45.939 0.0000000000
35476  -38.004  -2.312  45.365 0.0000000000
71871  -38.113  -2.764  45.100 0.0000000000
36218  -36.860  -1.866  47.665 0.0000000000
36217  -36.270  -1.775  48.018 0.0000000000
35468  -36.321  -2.373  47.589 0.0000000000
34702  -35.782  -2.970  47.163 0.0000000000
46612  -48.812  14.414  32.526 0.0000000000
46058  -48.455  13.806  32.912 0.0000000000
43625  -45.367  9.727  32.556 0.0000000000
44850  -47.752  12.738  32.720 0.0000000000
74735  -48.685  13.407  31.891 0.0000000000
42944  -40.318  9.085  40.316 0.0000000000
42936  -39.888  9.215  40.887 0.0000000000
43577  -39.885  9.947  41.737 0.0000000000
43567  -39.915  10.331  41.957 0.0000000000
42961  -36.017  8.836  38.670 0.0000000000
42306  -37.124  8.310  38.137 0.0000000000
42293  -37.735  8.407  38.815 0.0000000000
42952  -38.903  8.592  39.936 0.0000000000
42286  -39.694  8.603  39.686 0.0000000000
31079  -10.697  -8.420  45.048 0.0000000000
31099  -10.271  -8.690  44.421 0.0000000000
81181  -10.297  -9.298  44.122 0.0000000000
78965  -9.454  -11.536  43.557 0.0000000000
29876  -9.516  -10.717  43.643 0.0000000000
29212  -8.792  -11.294  43.582 0.0000000000
29211  -8.193  -11.887  43.580 0.0000000000
27744  -8.099  -13.204  43.274 0.0000000000
27014  -8.769  -14.177  43.649 0.0000000000
72722  -8.015  -13.977  43.292 0.0000000000
27013  -7.435  -14.760  43.405 0.0000000000
26258  -7.028  -15.513  43.532 0.0000000000
75346  -13.251  -7.956  53.273 0.0000000000
31007  -13.059  -8.607  53.131 0.0000000000
40321  -37.995  3.777  43.158 0.0000000000
41567  -37.513  5.949  42.716 0.0000000000
40320  -37.745  4.426  42.472 0.0000000000
40333  -37.241  4.658  41.685 0.0000000000
42258  -36.082  7.429  43.575 0.0000000000
67837  -29.407  -0.062  50.139 0.0000000000
36203  -30.227  -0.884  50.028 0.0000000000
33933  -32.709  -3.801  46.679 0.0000000000
33914  -31.907  -3.196  46.745 0.0000000000
33932  -31.940  -3.736  46.611 0.0000000000
47205  -50.586  15.291  27.951 0.0000000000
36200  -6.322  -0.577  50.440 0.0000000000
73389  -7.014  -0.956  50.356 0.0000000000
35451  -8.225  -1.848  50.845 0.0000000000
35452  -8.999  -2.490  50.592 0.0000000000
34682  -9.775  -3.775  50.546 0.0000000000
42974  -44.695  8.941  35.989 0.0000000000
41622  -41.170  7.231  36.148 0.0000000000
70445  -42.332  7.440  35.047 0.0000000000
42338  -44.237  8.680  36.012 0.0000000000
78431  -44.587  8.722  35.740 0.0000000000
69591  -17.963  -3.602  52.009 0.0000000000
72725  -17.095  -3.458  52.103 0.0000000000
33875  -17.273  -3.814  51.657 0.0000000000
73574  -19.351  -5.108  47.380 0.0000000000
38105  -4.800  1.118  45.094 0.0000000000
80328  -4.601  0.677  44.854 0.0000000000
36227  -3.986  -1.926  45.395 0.0000000000
36228  -3.929  -1.506  44.953 0.0000000000
71628  -3.762  -2.310  44.719 0.0000000000
69652  -4.355  -8.947  43.645 0.0000000000
80635  -4.414  -8.280  41.811 0.0000000000
31845  -5.171  -7.889  40.752 0.0000000000
35407  -10.861  -1.708  54.899 0.0000000000
35406  -10.038  -1.531  54.800 0.0000000000
31005  -7.622  -8.603  53.226 0.0000000000
31711  -7.386  -7.865  53.161 0.0000000000
31707  -4.469  -8.038  52.663 0.0000000000
31708  -5.024  -7.723  53.037 0.0000000000
31715  -4.749  -7.389  52.602 0.0000000000
32477  -5.174  -7.027  52.359 0.0000000000
32476  -4.782  -7.399  52.227 0.0000000000
31719  -5.117  -7.415  51.649 0.0000000000
31011  -4.464  -8.342  51.391 0.0000000000
29792  -4.067  -10.338  50.455 0.0000000000
30396  -4.294  -9.572  50.467 0.0000000000
29808  -4.426  -10.370  49.796 0.0000000000
74849  -4.228  -11.040  49.495 0.0000000000
36860  -38.598  -0.247  43.143 0.0000000000
73293  -38.800  -0.128  44.268 0.0000000000
70033  -38.478  0.345  44.401 0.0000000000
38814  -37.973  2.248  44.271 0.0000000000
38819  -38.142  1.708  43.886 0.0000000000
38113  -38.119  1.399  43.513 0.0000000000
73665  -37.938  3.405  44.105 0.0000000000
33219  -36.549  -4.560  45.495 0.0000000000
79021  -33.214  -1.598  49.031 0.0000000000
35459  -32.489  -1.902  49.057 0.0000000000
35460  -33.276  -2.186  48.857 0.0000000000
36212  -34.742  -2.025  48.753 0.0000000000
33907  -33.669  -2.915  47.601 0.0000000000
33915  -33.606  -3.393  47.112 0.0000000000
33214  -33.385  -4.470  46.484 0.0000000000
47750  -50.037  15.730  30.487 0.0000000000
44265  -47.732  12.103  30.074 0.0000000000
44864  -48.104  12.381  30.372 0.0000000000
44874  -49.812  12.584  29.699 0.0000000000
42299  -42.709  8.849  38.214 0.0000000000
42298  -42.091  8.783  38.725 0.0000000000
75004  -42.763  9.731  40.061 0.0000000000
77614  -40.954  9.754  41.280 0.0000000000
69141  -41.349  9.527  40.550 0.0000000000
42326  -38.693  7.621  37.454 0.0000000000
41606  -40.097  7.336  36.991 0.0000000000
42297  -41.743  8.614  38.615 0.0000000000
41595  -41.330  8.066  37.579 0.0000000000
33926  -25.489  -4.744  47.362 0.0000000000
78846  -24.712  -4.573  46.438 0.0000000000
76078  -4.020  0.947  39.062 0.0000000000
37492  -4.001  0.117  40.217 0.0000000000
37500  -3.674  0.265  39.109 0.0000000000
33921  -5.459  -4.232  46.717 0.0000000000
33920  -4.949  -4.112  46.461 0.0000000000
33943  -5.684  -5.067  46.748 0.0000000000
32518  -6.111  -6.516  46.362 0.0000000000
33222  -5.390  -5.944  46.449 0.0000000000
31774  -5.936  -7.172  46.121 0.0000000000
31793  -5.360  -7.603  45.821 0.0000000000
75183  -8.308  -8.833  44.691 0.0000000000
31078  -8.312  -8.132  45.087 0.0000000000
31096  -6.593  -9.067  45.087 0.0000000000
31095  -5.526  -9.216  44.915 0.0000000000
74509  -4.773  -9.154  44.409 0.0000000000
29880  -4.694  -10.461  42.645 0.0000000000
71446  -4.986  -13.305  42.710 0.0000000000
27752  -4.939  -14.150  42.536 0.0000000000
33849  -12.511  -3.778  54.313 0.0000000000
32466  -11.434  -6.273  54.016 0.0000000000
33147  -11.802  -5.460  53.899 0.0000000000
32465  -10.626  -6.379  54.058 0.0000000000
31700  -11.955  -7.699  53.983 0.0000000000
30995  -11.416  -8.334  54.238 0.0000000000
30997  -9.881  -8.833  54.286 0.0000000000
30993  -10.617  -8.529  54.263 0.0000000000
78256  -8.692  -8.434  53.679 0.0000000000
29761  -7.655  -10.577  54.084 0.0000000000
29760  -6.949  -10.396  53.991 0.0000000000
29769  -6.462  -10.082  53.190 0.0000000000
43584  -37.171  9.809  41.801 0.0000000000
70451  -37.043  2.062  42.579 0.0000000000
38823  -36.354  2.173  42.249 0.0000000000
42281  -34.668  8.112  41.517 0.0000000000
41585  -35.092  6.900  40.356 0.0000000000
33891  -26.421  -2.767  48.602 0.0000000000
35454  -30.380  -1.969  49.578 0.0000000000
80598  -29.379  -2.756  47.242 0.0000000000
33903  -29.781  -2.514  47.734 0.0000000000
33929  -27.909  -3.878  47.470 0.0000000000
33951  -27.307  -4.343  46.054 0.0000000000
33950  -26.519  -4.471  46.153 0.0000000000
47204  -49.819  15.850  27.536 0.0000000000
47789  -48.692  16.463  25.787 0.0000000000
47790  -49.302  17.261  25.297 0.0000000000
38099  -4.705  1.752  46.354 0.0000000000
37450  -4.405  0.616  48.145 0.0000000000
36219  -5.326  -0.613  47.484 0.0000000000
36224  -4.996  -1.275  46.665 0.0000000000
35471  -5.717  -2.472  46.900 0.0000000000
34707  -7.254  -3.012  47.503 0.0000000000
33206  -7.840  -4.633  46.754 0.0000000000
33922  -8.381  -3.958  47.114 0.0000000000
35466  -8.738  -2.380  48.988 0.0000000000
35465  -7.761  -2.029  48.763 0.0000000000
33924  -10.262  -4.589  47.517 0.0000000000
33207  -10.429  -5.340  46.994 0.0000000000
33226  -10.032  -5.539  46.396 0.0000000000
32521  -10.406  -6.048  46.505 0.0000000000
32532  -10.418  -6.801  46.024 0.0000000000
72690  -10.530  -6.558  46.581 0.0000000000
30439  -10.200  -8.899  46.949 0.0000000000
72220  -10.712  -8.988  46.243 0.0000000000
29850  -9.839  -10.237  46.596 0.0000000000
44846  -46.829  11.666  34.659 0.0000000000
43565  -38.695  10.469  42.618 0.0000000000
41636  -43.446  7.876  34.652 0.0000000000
42343  -43.991  7.942  34.158 0.0000000000
42983  -45.067  8.630  33.401 0.0000000000
33851  -13.785  -3.588  53.895 0.0000000000
72979  -14.197  -6.001  52.770 0.0000000000
32474  -14.262  -6.741  52.515 0.0000000000
31720  -14.305  -7.785  51.769 0.0000000000
33213  -24.905  -4.712  47.808 0.0000000000
33202  -24.211  -4.585  48.137 0.0000000000
68718  -23.390  -4.337  48.487 0.0000000000
32494  -22.482  -4.048  49.040 0.0000000000
74121  -21.502  -4.276  49.569 0.0000000000
32493  -21.977  -4.082  49.655 0.0000000000
32484  -21.331  -4.350  50.022 0.0000000000
32482  -20.123  -4.550  50.152 0.0000000000
33172  -20.502  -4.384  50.625 0.0000000000
33159  -19.384  -4.210  51.247 0.0000000000
32508  -17.973  -5.552  48.039 0.0000000000
33181  -16.407  -5.120  50.002 0.0000000000
38111  -7.344  1.407  43.116 0.0000000000
38116  -7.528  1.424  42.105 0.0000000000
37464  -4.950  0.778  44.446 0.0000000000
37466  -5.058  -0.133  42.836 0.0000000000
37472  -4.935  -0.278  41.864 0.0000000000
37482  -4.896  0.071  41.185 0.0000000000
36247  -3.435  -1.718  41.126 0.0000000000
35504  -3.423  -2.471  40.340 0.0000000000
33941  -4.624  -4.275  46.107 0.0000000000
33940  -4.263  -4.754  45.699 0.0000000000
72182  -3.563  -5.357  44.962 0.0000000000
33959  -3.799  -4.725  45.241 0.0000000000
75414  -3.485  -4.693  44.613 0.0000000000
34718  -3.436  -3.803  44.354 0.0000000000
33983  -3.343  -4.436  43.631 0.0000000000
72538  -3.716  -7.118  43.619 0.0000000000
32574  -3.657  -6.446  43.130 0.0000000000
33993  -3.357  -4.257  42.599 0.0000000000
34006  -3.600  -4.199  41.691 0.0000000000
34751  -4.538  -3.938  40.752 0.0000000000
34770  -4.293  -3.449  40.364 0.0000000000
34752  -5.466  -3.982  40.918 0.0000000000
35420  -6.917  -1.104  53.733 0.0000000000
76430  -11.393  -3.332  54.571 0.0000000000
33847  -10.984  -3.903  54.138 0.0000000000
73283  -9.796  -4.215  54.056 0.0000000000
34652  -9.448  -3.503  54.059 0.0000000000
32472  -7.640  -6.849  53.048 0.0000000000
33152  -8.128  -6.040  53.128 0.0000000000
33852  -8.564  -4.311  53.208 0.0000000000
72574  -8.734  -3.540  53.374 0.0000000000
71268  -8.323  -2.776  53.323 0.0000000000
33178  -8.270  -5.989  51.037 0.0000000000
33167  -8.910  -5.278  51.445 0.0000000000
33179  -9.158  -5.612  50.705 0.0000000000
79205  -8.634  -6.270  50.460 0.0000000000
31722  -5.426  -7.706  51.021 0.0000000000
31723  -6.231  -7.442  50.828 0.0000000000
31020  -5.898  -8.084  50.388 0.0000000000
31034  -7.389  -8.228  49.498 0.0000000000
31045  -7.878  -8.651  48.843 0.0000000000
31035  -8.185  -7.971  49.209 0.0000000000
31046  -8.624  -8.349  48.575 0.0000000000
30425  -8.332  -9.060  48.225 0.0000000000
29175  -8.211  -10.956  47.098 0.0000000000
80229  -8.629  -11.437  46.696 0.0000000000
29183  -8.554  -12.247  46.453 0.0000000000
27660  -5.312  -13.087  52.630 0.0000000000
26929  -4.154  -14.556  51.124 0.0000000000
27668  -4.547  -14.151  51.838 0.0000000000
70105  -4.476  -13.168  51.685 0.0000000000
28470  -4.222  -12.531  51.226 0.0000000000
27680  -3.971  -13.215  50.969 0.0000000000
27704  -3.735  -13.667  49.069 0.0000000000
27710  -3.876  -13.242  48.459 0.0000000000
28500  -4.069  -12.563  48.287 0.0000000000
27711  -4.230  -13.362  47.835 0.0000000000
27713  -4.793  -13.501  47.262 0.0000000000
27716  -5.636  -13.581  46.867 0.0000000000
27714  -6.040  -12.716  46.913 0.0000000000
26977  -6.531  -14.128  46.617 0.0000000000
26978  -7.618  -14.693  46.297 0.0000000000
26979  -8.603  -14.721  45.698 0.0000000000
26990  -9.075  -14.614  45.070 0.0000000000
38100  -37.244  1.681  46.212 0.0000000000
78044  -36.922  2.326  46.110 0.0000000000
38784  -36.841  1.960  47.027 0.0000000000
36849  -37.863  -0.983  45.854 0.0000000000
36850  -38.002  -0.191  45.704 0.0000000000
81412  -37.839  0.076  46.257 0.0000000000
36844  -36.738  -1.240  47.690 0.0000000000
43627  -46.143  10.619  33.133 0.0000000000
43566  -39.385  10.420  42.256 0.0000000000
42951  -37.537  8.774  39.534 0.0000000000
72639  -10.833  -9.904  45.008 0.0000000000
73559  -10.510  -9.881  44.298 0.0000000000
29203  -10.393  -11.206  44.262 0.0000000000
72542  -9.196  -12.726  43.515 0.0000000000
30381  -13.206  -9.017  52.806 0.0000000000
29771  -12.870  -9.717  52.753 0.0000000000
41554  -36.786  6.983  43.230 0.0000000000
33955  -31.711  -4.139  46.358 0.0000000000
46640  -50.841  14.472  29.850 0.0000000000
47766  -49.831  16.687  28.171 0.0000000000
36194  -6.230  -0.416  51.367 0.0000000000
36195  -6.884  -0.868  51.179 0.0000000000
35445  -8.105  -1.907  51.685 0.0000000000
42331  -44.156  8.895  36.503 0.0000000000
41608  -41.946  8.055  37.063 0.0000000000
41624  -42.629  7.950  36.169 0.0000000000
42336  -43.091  8.037  35.798 0.0000000000
81314  -26.191  -2.599  49.178 0.0000000000
36274  -3.853  -1.313  38.596 0.0000000000
36275  -4.810  -1.379  38.082 0.0000000000
36853  -4.361  -0.151  45.747 0.0000000000
71355  -4.159  -0.217  45.163 0.0000000000
30492  -4.419  -9.461  42.337 0.0000000000
30499  -4.544  -9.326  41.531 0.0000000000
31152  -4.732  -9.011  40.997 0.0000000000
35414  -11.260  -2.654  54.757 0.0000000000
30378  -6.070  -9.395  53.119 0.0000000000
31003  -5.776  -8.389  53.105 0.0000000000
80977  -5.444  -8.994  53.050 0.0000000000
31001  -4.356  -8.726  52.593 0.0000000000
31008  -4.253  -8.464  52.282 0.0000000000
76056  -4.103  -8.923  51.925 0.0000000000
30386  -4.074  -9.642  51.738 0.0000000000
29791  -4.047  -10.824  50.767 0.0000000000
73202  -37.943  1.545  44.861 0.0000000000
68057  -37.769  3.903  44.447 0.0000000000
33958  -37.492  -3.632  44.992 0.0000000000
35467  -35.566  -2.565  47.712 0.0000000000
35462  -34.838  -2.386  48.268 0.0000000000
34698  -35.011  -3.068  47.434 0.0000000000
33935  -34.282  -3.887  46.743 0.0000000000
46085  -49.942  13.731  30.872 0.0000000000
42290  -41.988  9.017  39.197 0.0000000000
42938  -42.179  9.695  40.433 0.0000000000
42327  -39.175  7.768  37.852 0.0000000000
42308  -39.742  8.063  38.294 0.0000000000
73745  -40.796  8.046  37.890 0.0000000000
33949  -25.878  -4.570  46.246 0.0000000000
38141  -4.667  1.494  39.462 0.0000000000
33205  -6.730  -4.861  46.824 0.0000000000
31794  -6.907  -7.035  46.105 0.0000000000
29867  -8.159  -10.134  44.076 0.0000000000
30475  -7.512  -9.505  44.624 0.0000000000
29866  -6.989  -10.426  44.320 0.0000000000
29864  -5.179  -10.286  43.905 0.0000000000
29216  -4.540  -12.044  42.139 0.0000000000
28543  -4.443  -12.914  42.048 0.0000000000
74540  -12.168  -6.284  53.896 0.0000000000
79100  -11.779  -7.011  54.029 0.0000000000
74916  -10.826  -9.377  54.510 0.0000000000
30371  -10.992  -8.835  54.489 0.0000000000
30369  -9.657  -9.502  54.383 0.0000000000
30374  -8.483  -9.688  54.107 0.0000000000
30368  -9.031  -9.950  54.810 0.0000000000
29762  -8.406  -10.409  54.201 0.0000000000
43574  -35.992  9.861  42.353 0.0000000000
42282  -35.253  7.524  41.954 0.0000000000
42935  -34.642  8.682  40.947 0.0000000000
80701  -27.752  -2.407  48.930 0.0000000000
36205  -31.820  -1.650  49.778 0.0000000000
69520  -30.182  -2.986  46.672 0.0000000000
33928  -27.435  -4.380  47.253 0.0000000000
46100  -51.577  13.089  27.795 0.0000000000
37447  -4.387  0.565  48.985 0.0000000000
35463  -6.304  -1.642  47.689 0.0000000000
35473  -7.349  -2.386  47.996 0.0000000000
34701  -9.991  -3.629  48.673 0.0000000000
33198  -10.549  -5.307  47.956 0.0000000000
31760  -10.550  -6.791  47.141 0.0000000000
31054  -9.948  -8.335  47.470 0.0000000000
44244  -46.441  11.013  34.974 0.0000000000
42979  -44.984  8.562  34.915 0.0000000000
79352  -15.637  -4.091  51.911 0.0000000000
74742  -20.827  -4.487  48.938 0.0000000000
79169  -20.799  -4.487  49.470 0.0000000000
33171  -19.387  -4.512  50.490 0.0000000000
33183  -18.986  -4.669  49.986 0.0000000000
33191  -18.330  -4.826  49.431 0.0000000000
32507  -17.041  -6.053  48.221 0.0000000000
31734  -15.884  -6.806  49.065 0.0000000000
68486  -15.322  -7.221  49.888 0.0000000000
33221  -4.596  -6.006  46.002 0.0000000000
33237  -4.086  -6.249  45.568 0.0000000000
33236  -3.712  -6.054  45.138 0.0000000000
33249  -3.456  -5.804  44.473 0.0000000000
32575  -3.986  -6.469  42.387 0.0000000000
33994  -3.774  -5.021  41.977 0.0000000000
80973  -10.325  -5.196  54.037 0.0000000000
33855  -10.514  -4.553  54.069 0.0000000000
33144  -8.907  -5.165  54.071 0.0000000000
71853  -7.372  -6.124  53.081 0.0000000000
33871  -8.500  -4.443  52.705 0.0000000000
33166  -7.945  -5.755  51.785 0.0000000000
30407  -5.368  -9.453  49.589 0.0000000000
30408  -6.162  -9.174  49.340 0.0000000000
30423  -6.724  -9.586  48.692 0.0000000000
29825  -7.200  -9.963  48.048 0.0000000000
30436  -8.018  -9.734  47.860 0.0000000000
74222  -7.347  -11.187  47.306 0.0000000000
28509  -6.919  -12.013  47.001 0.0000000000
70953  -3.875  -14.003  50.681 0.0000000000
26949  -3.697  -14.666  48.795 0.0000000000
26217  -6.443  -15.123  46.650 0.0000000000
35481  -38.941  -2.238  44.547 0.0000000000
36230  -39.228  -1.342  44.198 0.0000000000
36226  -38.815  -1.518  44.817 0.0000000000
37463  -38.608  -0.204  44.664 0.0000000000
37460  -38.218  0.337  45.088 0.0000000000
33937  -35.748  -4.137  46.268 0.0000000000
33939  -36.809  -3.577  45.790 0.0000000000
35474  -37.135  -2.569  46.268 0.0000000000
77945  -37.103  -3.096  45.888 0.0000000000
34714  -37.290  -3.406  45.417 0.0000000000
34717  -38.441  -2.907  44.695 0.0000000000
36216  -35.349  -1.404  48.051 0.0000000000
43637  -45.703  10.555  32.188 0.0000000000
78640  -46.243  11.234  31.629 0.0000000000
42931  -40.331  9.721  41.406 0.0000000000
42960  -35.173  8.453  38.520 0.0000000000
42294  -38.489  8.362  39.143 0.0000000000
31797  -9.969  -7.090  45.409 0.0000000000
31796  -8.759  -7.211  45.349 0.0000000000
31098  -9.360  -8.481  44.494 0.0000000000
30488  -9.974  -9.871  43.794 0.0000000000
30487  -9.148  -9.934  43.819 0.0000000000
76146  -7.350  -11.760  43.743 0.0000000000
29210  -6.655  -12.028  43.641 0.0000000000
28536  -5.449  -12.677  43.103 0.0000000000
28537  -6.377  -12.618  43.384 0.0000000000
75513  -6.811  -14.069  43.163 0.0000000000
30999  -11.983  -8.353  53.935 0.0000000000
30375  -11.994  -9.088  53.814 0.0000000000
29759  -11.360  -9.529  54.123 0.0000000000
74670  -34.884  9.331  43.347 0.0000000000
76597  -36.897  4.056  41.242 0.0000000000
40332  -36.793  4.838  41.032 0.0000000000
73879  -36.639  6.099  41.449 0.0000000000
33905  -32.178  -2.747  47.320 0.0000000000
80368  -31.323  -3.716  46.487 0.0000000000
33952  -29.089  -4.218  46.300 0.0000000000
46646  -51.006  13.653  28.427 0.0000000000
46650  -51.210  13.727  27.611 0.0000000000
70837  -50.026  16.104  27.960 0.0000000000
76657  -5.680  -0.244  50.186 0.0000000000
36207  -6.076  -0.542  49.563 0.0000000000
35458  -8.221  -1.924  49.819 0.0000000000
78223  -9.062  -2.524  49.800 0.0000000000
34690  -10.027  -3.767  49.738 0.0000000000
33897  -10.202  -4.579  49.599 0.0000000000
40995  -41.057  6.610  34.809 0.0000000000
67809  -42.684  7.466  34.548 0.0000000000
42341  -43.655  8.171  35.313 0.0000000000
34662  -16.444  -2.869  52.900 0.0000000000
81089  -16.328  -4.349  51.262 0.0000000000
33209  -21.383  -4.623  47.162 0.0000000000
32516  -20.640  -4.677  47.406 0.0000000000
32511  -20.789  -4.490  48.259 0.0000000000
32509  -18.995  -5.048  48.102 0.0000000000
38107  -5.943  1.724  44.477 0.0000000000
79376  -4.528  -0.318  44.015 0.0000000000
36231  -4.049  -1.592  44.161 0.0000000000
75942  -3.797  -2.295  43.694 0.0000000000
31094  -4.345  -8.349  44.457 0.0000000000
31825  -3.941  -7.773  43.291 0.0000000000
31838  -4.203  -7.917  42.367 0.0000000000
32594  -4.278  -7.176  42.015 0.0000000000
32610  -5.575  -6.968  40.790 0.0000000000
79986  -10.494  -0.372  56.007 0.0000000000
36162  -9.642  -1.040  55.475 0.0000000000
31701  -8.775  -7.645  53.585 0.0000000000
31712  -8.191  -7.499  53.152 0.0000000000
75229  -6.692  -7.154  53.053 0.0000000000
31709  -5.786  -7.342  53.113 0.0000000000
32470  -6.086  -6.643  53.044 0.0000000000
33155  -5.864  -6.567  52.533 0.0000000000
31019  -5.145  -8.371  50.573 0.0000000000
31017  -4.155  -9.048  51.315 0.0000000000
31018  -4.618  -8.707  50.807 0.0000000000
31031  -4.872  -9.046  50.168 0.0000000000
29809  -5.042  -10.124  49.228 0.0000000000
29162  -4.684  -11.392  48.417 0.0000000000
37477  -38.023  0.158  42.795 0.0000000000
37471  -38.739  0.028  43.622 0.0000000000
38108  -38.349  0.937  44.133 0.0000000000
40309  -38.005  4.122  43.880 0.0000000000
36209  -32.480  -1.081  49.142 0.0000000000
34688  -32.379  -2.233  48.686 0.0000000000
36211  -34.044  -1.710  48.984 0.0000000000
44873  -48.787  12.316  29.862 0.0000000000
45490  -50.453  12.980  29.619 0.0000000000
47199  -50.103  15.791  29.644 0.0000000000
33204  -26.181  -4.306  47.788 0.0000000000
33195  -25.459  -4.264  47.969 0.0000000000
33203  -25.503  -4.571  47.791 0.0000000000
33947  -23.210  -4.483  46.809 0.0000000000
78944  -22.752  -4.544  47.230 0.0000000000
33229  -22.245  -4.490  46.724 0.0000000000
35518  -4.158  -2.454  39.155 0.0000000000
72950  -4.838  -3.073  46.386 0.0000000000
34704  -4.773  -3.713  46.328 0.0000000000
78701  -5.006  -5.404  46.395 0.0000000000
31075  -4.678  -7.949  45.295 0.0000000000
31795  -7.577  -7.544  45.633 0.0000000000
31077  -7.049  -8.325  45.415 0.0000000000
30486  -4.599  -9.679  43.046 0.0000000000
80636  -4.577  -9.941  42.510 0.0000000000
29883  -4.500  -10.182  42.014 0.0000000000
30994  -11.150  -8.323  54.371 0.0000000000
31698  -10.832  -7.807  54.144 0.0000000000
31702  -9.504  -7.405  54.092 0.0000000000
30380  -7.449  -9.192  53.305 0.0000000000
29768  -5.755  -10.226  53.091 0.0000000000
38119  -37.154  1.292  42.708 0.0000000000
42940  -34.842  9.039  40.406 0.0000000000
43591  -35.548  9.344  40.248 0.0000000000
77268  -27.256  -2.036  50.075 0.0000000000
34678  -26.395  -2.392  49.761 0.0000000000
36204  -31.255  -1.270  49.991 0.0000000000
34685  -29.924  -2.203  48.902 0.0000000000
79442  -29.222  -2.204  49.140 0.0000000000
33901  -27.714  -2.841  48.044 0.0000000000
33927  -26.105  -4.666  46.914 0.0000000000
46653  -50.242  14.595  26.664 0.0000000000
73710  -4.645  1.214  45.694 0.0000000000
76412  -4.847  -0.580  46.865 0.0000000000
73623  -8.389  -5.100  46.453 0.0000000000
33238  -9.448  -5.801  46.038 0.0000000000
34699  -8.178  -2.717  48.069 0.0000000000
34708  -8.835  -3.350  47.679 0.0000000000
34709  -9.583  -3.537  47.980 0.0000000000
33923  -9.530  -4.020  47.325 0.0000000000
33944  -8.894  -4.556  46.709 0.0000000000
31798  -10.552  -7.655  45.527 0.0000000000
31775  -10.645  -7.385  46.305 0.0000000000
73095  -10.901  -9.049  45.375 0.0000000000
29184  -10.564  -10.807  45.393 0.0000000000
29192  -10.108  -11.768  45.599 0.0000000000
44847  -47.007  11.923  33.850 0.0000000000
45411  -47.252  12.507  34.507 0.0000000000
42955  -44.096  9.553  38.106 0.0000000000
42346  -43.070  7.616  32.951 0.0000000000
42347  -43.737  7.878  33.485 0.0000000000
77233  -43.963  8.117  32.765 0.0000000000
42987  -44.390  8.706  32.417 0.0000000000
42988  -45.054  8.924  32.758 0.0000000000
43622  -45.938  9.822  33.611 0.0000000000
33863  -14.426  -4.435  52.841 0.0000000000
33153  -14.055  -5.160  53.001 0.0000000000
31713  -13.810  -7.500  52.829 0.0000000000
31009  -13.932  -8.186  52.325 0.0000000000
31012  -14.130  -8.429  51.583 0.0000000000
33186  -23.951  -3.826  48.867 0.0000000000
33175  -22.467  -3.860  50.056 0.0000000000
32503  -21.845  -4.189  49.167 0.0000000000
33162  -21.646  -4.089  51.061 0.0000000000
75331  -20.617  -3.862  52.015 0.0000000000
33877  -19.446  -3.820  52.002 0.0000000000
75091  -17.352  -4.926  49.612 0.0000000000
70663  -14.924  -7.382  50.750 0.0000000000
38124  -7.499  1.724  41.250 0.0000000000
37468  -6.007  0.551  43.024 0.0000000000
37474  -6.211  0.529  41.902 0.0000000000
36882  -3.548  -1.046  40.879 0.0000000000
73365  -3.683  -2.352  39.625 0.0000000000
35477  -4.042  -3.191  45.588 0.0000000000
71519  -3.578  -3.149  44.980 0.0000000000
81200  -3.749  -7.021  44.287 0.0000000000
33259  -3.455  -5.747  43.495 0.0000000000
76117  -3.353  -5.171  43.998 0.0000000000
35496  -3.714  -3.163  40.539 0.0000000000
34772  -6.135  -3.342  40.628 0.0000000000
35435  -6.841  -1.002  53.138 0.0000000000
34653  -10.247  -3.661  54.079 0.0000000000
32463  -8.684  -6.022  53.373 0.0000000000
34651  -8.839  -3.300  53.732 0.0000000000
34641  -8.202  -2.241  54.127 0.0000000000
80876  -7.757  -1.875  54.167 0.0000000000
35422  -7.684  -1.973  54.121 0.0000000000
35429  -7.257  -1.601  53.585 0.0000000000
35436  -7.197  -1.334  52.716 0.0000000000
35438  -8.617  -2.568  52.173 0.0000000000
35446  -8.853  -2.539  51.470 0.0000000000
78488  -9.692  -4.138  50.982 0.0000000000
33892  -9.551  -4.822  50.942 0.0000000000
32488  -9.834  -5.188  50.158 0.0000000000
31733  -9.072  -6.946  49.315 0.0000000000
32485  -6.569  -6.920  51.183 0.0000000000
31724  -7.082  -7.109  50.657 0.0000000000
31033  -6.467  -8.485  49.754 0.0000000000
32495  -8.536  -6.850  49.939 0.0000000000
31047  -9.363  -7.956  48.233 0.0000000000
31053  -9.086  -8.753  47.935 0.0000000000
30438  -9.544  -9.193  47.353 0.0000000000
29838  -8.527  -10.222  47.349 0.0000000000
29839  -9.304  -9.929  47.114 0.0000000000
72992  -9.376  -11.612  46.313 0.0000000000
29119  -5.087  -11.220  52.889 0.0000000000
74355  -4.907  -11.607  52.399 0.0000000000
26920  -4.970  -14.190  52.560 0.0000000000
28462  -4.953  -12.657  52.245 0.0000000000
29132  -4.216  -11.598  51.157 0.0000000000
29145  -3.907  -11.618  50.326 0.0000000000
27692  -3.731  -13.225  50.023 0.0000000000
28490  -3.691  -12.253  49.757 0.0000000000
29153  -3.885  -11.568  49.573 0.0000000000
28491  -3.777  -12.033  48.966 0.0000000000
74039  -4.169  -11.882  48.494 0.0000000000
28501  -4.661  -12.052  47.967 0.0000000000
26960  -3.928  -14.811  47.990 0.0000000000
26961  -4.333  -14.131  47.591 0.0000000000
28508  -5.351  -12.349  47.423 0.0000000000
28512  -7.065  -12.857  46.678 0.0000000000
78863  -7.313  -13.664  46.475 0.0000000000
76200  -7.965  -13.025  46.433 0.0000000000
74101  -8.836  -13.119  46.035 0.0000000000
27719  -9.438  -13.114  45.564 0.0000000000
26991  -9.413  -14.064  44.701 0.0000000000
27003  -8.965  -14.648  44.360 0.0000000000
28513  -7.675  -12.355  46.673 0.0000000000
28538  -8.543  -12.665  43.397 0.0000000000
28539  -9.767  -12.245  43.697 0.0000000000
29154  -4.137  -11.456  48.946 0.0000000000
29868  -10.612  -10.656  44.600 0.0000000000
29877  -10.283  -10.604  43.954 0.0000000000
30376  -4.481  -9.260  52.687 0.0000000000
31010  -4.289  -8.352  51.848 0.0000000000
31055  -10.623  -8.233  46.600 0.0000000000
31717  -4.678  -7.753  51.789 0.0000000000
31732  -8.509  -7.414  49.492 0.0000000000
31744  -10.217  -6.742  47.923 0.0000000000
33908  -10.076  -3.970  47.926 0.0000000000
36181  -6.415  -0.506  53.156 0.0000000000
36225  -38.309  -1.274  45.251 0.0000000000
43587  -41.656  9.893  41.172 0.0000000000
70345  -5.357  -7.013  52.044 0.0000000000
75202  -6.511  -6.649  51.660 0.0000000000
80798  -5.542  -6.800  52.262 0.0000000000
82192  -40.524  9.598  41.147 0.0000000000
