#!ascii label  , from subject sub-2002 vox2ras=TkReg
848
38961  -39.819  2.365  31.669 0.0000000000
41767  -53.372  6.714  23.262 0.0000000000
69700  -45.035  6.790  28.864 0.0000000000
29812  -17.146  -11.117  49.956 0.0000000000
38179  -36.090  1.251  36.903 0.0000000000
31786  -30.788  -7.463  46.447 0.0000000000
31139  -37.607  -8.402  42.694 0.0000000000
34792  -39.293  -3.214  39.739 0.0000000000
36902  -39.208  -0.330  39.958 0.0000000000
31802  -24.499  -7.063  45.861 0.0000000000
31752  -27.233  -7.636  48.367 0.0000000000
32549  -27.822  -6.551  44.097 0.0000000000
30516  -35.030  -9.296  40.711 0.0000000000
32621  -37.782  -6.951  39.952 0.0000000000
38911  -41.816  2.221  35.754 0.0000000000
38236  -44.310  1.724  33.706 0.0000000000
41741  -49.001  6.455  26.250 0.0000000000
40431  -42.405  4.447  30.464 0.0000000000
43711  -52.496  9.653  23.800 0.0000000000
26942  -13.712  -14.280  50.403 0.0000000000
38864  -39.145  2.638  38.732 0.0000000000
38214  -37.865  1.978  34.187 0.0000000000
31119  -30.734  -8.601  43.045 0.0000000000
31108  -34.162  -8.737  44.481 0.0000000000
41034  -46.762  5.883  32.788 0.0000000000
43744  -53.384  9.462  16.655 0.0000000000
34048  -38.202  -4.113  38.720 0.0000000000
35532  -37.859  -2.661  38.142 0.0000000000
32547  -25.768  -6.662  44.952 0.0000000000
31869  -36.590  -7.527  39.270 0.0000000000
33332  -37.390  -5.350  38.315 0.0000000000
33323  -38.460  -5.373  39.516 0.0000000000
38233  -41.217  1.598  33.664 0.0000000000
38199  -43.245  1.748  35.187 0.0000000000
38944  -41.950  2.099  32.447 0.0000000000
41758  -51.009  6.383  24.316 0.0000000000
41743  -51.216  5.814  26.345 0.0000000000
41769  -54.972  7.149  22.515 0.0000000000
29167  -15.628  -11.705  47.858 0.0000000000
80982  -15.255  -12.871  49.773 0.0000000000
37517  -37.461  0.537  38.386 0.0000000000
38144  -38.891  1.595  39.955 0.0000000000
38163  -37.648  1.709  37.600 0.0000000000
38182  -38.805  1.972  36.381 0.0000000000
68166  -36.697  1.786  35.335 0.0000000000
68564  -29.174  -7.429  47.810 0.0000000000
31727  -29.274  -8.324  49.733 0.0000000000
70743  -31.147  -7.970  48.671 0.0000000000
71481  -32.409  -7.977  47.931 0.0000000000
31143  -29.569  -8.400  41.170 0.0000000000
30500  -30.750  -9.251  40.789 0.0000000000
31138  -36.330  -8.687  42.445 0.0000000000
30489  -34.220  -9.131  42.844 0.0000000000
31109  -35.891  -8.690  44.037 0.0000000000
31072  -35.558  -8.718  45.944 0.0000000000
30444  -20.783  -10.149  46.637 0.0000000000
29830  -22.261  -10.528  48.566 0.0000000000
29800  -22.373  -11.145  49.846 0.0000000000
41072  -43.370  5.891  29.291 0.0000000000
40417  -44.394  4.873  31.711 0.0000000000
41680  -45.431  6.311  30.377 0.0000000000
44400  -53.825  10.172  14.641 0.0000000000
28474  -16.613  -12.158  51.767 0.0000000000
34784  -40.387  -3.324  41.157 0.0000000000
36244  -40.688  -1.588  41.359 0.0000000000
36270  -39.253  -1.909  39.700 0.0000000000
36918  -37.627  -0.592  38.223 0.0000000000
31780  -24.023  -7.784  46.985 0.0000000000
31750  -25.428  -8.105  48.773 0.0000000000
68208  -25.844  -7.391  47.163 0.0000000000
32526  -27.717  -6.978  45.993 0.0000000000
31805  -29.452  -7.051  45.310 0.0000000000
30514  -33.422  -9.531  40.159 0.0000000000
31171  -34.882  -9.016  39.135 0.0000000000
81513  -36.652  -8.386  40.471 0.0000000000
31848  -37.697  -7.943  41.113 0.0000000000
32605  -38.810  -6.942  41.150 0.0000000000
78887  -39.889  -5.148  41.079 0.0000000000
31083  -22.388  -8.154  45.097 0.0000000000
39657  -43.183  3.452  38.330 0.0000000000
39658  -45.588  3.455  38.226 0.0000000000
78702  -44.578  3.625  36.807 0.0000000000
38915  -45.567  1.868  35.338 0.0000000000
42405  -47.163  7.005  27.696 0.0000000000
42381  -47.584  6.974  29.627 0.0000000000
69832  -49.845  6.139  27.678 0.0000000000
74291  -10.495  -18.913  53.094 0.0000000000
39727  -40.522  3.022  30.849 0.0000000000
72697  -41.005  5.716  28.119 0.0000000000
42417  -45.141  7.360  26.250 0.0000000000
42426  -47.245  7.317  24.788 0.0000000000
79247  -49.180  6.982  23.931 0.0000000000
42439  -51.796  7.283  23.444 0.0000000000
81570  -53.067  8.475  22.843 0.0000000000
74679  -51.914  8.863  24.330 0.0000000000
27673  -15.247  -13.783  52.222 0.0000000000
26184  -13.597  -15.633  52.289 0.0000000000
77560  -11.805  -17.296  52.786 0.0000000000
38827  -42.674  2.151  42.016 0.0000000000
37488  -40.503  0.349  41.380 0.0000000000
38834  -40.566  2.238  41.412 0.0000000000
39645  -41.721  3.634  39.904 0.0000000000
38877  -41.070  2.698  37.278 0.0000000000
78908  -39.900  1.967  35.381 0.0000000000
38231  -38.519  2.018  32.969 0.0000000000
31026  -27.454  -8.759  50.672 0.0000000000
31831  -29.636  -7.690  43.457 0.0000000000
31821  -30.735  -7.877  44.575 0.0000000000
30494  -32.751  -9.445  41.866 0.0000000000
31121  -32.697  -8.976  43.452 0.0000000000
31069  -32.979  -8.338  46.007 0.0000000000
31790  -34.118  -8.453  46.995 0.0000000000
29842  -17.116  -10.895  47.167 0.0000000000
78864  -18.951  -9.920  47.813 0.0000000000
30411  -18.935  -10.023  49.366 0.0000000000
39716  -43.021  3.074  32.205 0.0000000000
39718  -45.193  4.142  32.827 0.0000000000
40392  -47.578  4.423  33.865 0.0000000000
42359  -47.916  6.758  31.357 0.0000000000
73848  -53.717  8.639  22.047 0.0000000000
43725  -54.738  9.528  20.425 0.0000000000
44364  -54.427  9.622  19.438 0.0000000000
44937  -53.473  10.617  19.223 0.0000000000
43746  -54.844  8.636  16.757 0.0000000000
34047  -37.594  -4.537  38.155 0.0000000000
69038  -37.195  -3.214  37.397 0.0000000000
70948  -36.410  -3.724  36.947 0.0000000000
77589  -36.643  -5.648  37.852 0.0000000000
33340  -36.850  -4.953  37.623 0.0000000000
33333  -38.071  -4.960  38.821 0.0000000000
38249  -39.767  2.085  32.359 0.0000000000
38251  -41.588  1.726  32.966 0.0000000000
38943  -41.118  2.095  32.290 0.0000000000
41759  -51.916  6.299  24.175 0.0000000000
41751  -52.443  5.827  25.061 0.0000000000
41760  -53.249  6.088  24.252 0.0000000000
41768  -54.061  6.851  22.922 0.0000000000
29157  -16.618  -11.628  48.955 0.0000000000
28496  -15.919  -12.204  49.080 0.0000000000
29148  -16.499  -11.846  50.104 0.0000000000
38162  -36.519  1.152  37.400 0.0000000000
38148  -37.529  1.396  38.260 0.0000000000
38180  -36.951  1.530  37.015 0.0000000000
38193  -37.332  1.771  36.021 0.0000000000
78398  -36.562  1.578  36.300 0.0000000000
30400  -24.274  -10.168  49.668 0.0000000000
31769  -29.890  -7.435  47.592 0.0000000000
31754  -29.701  -7.644  48.356 0.0000000000
31755  -30.560  -7.706  48.156 0.0000000000
31740  -31.941  -8.215  48.725 0.0000000000
68171  -31.557  -7.706  46.963 0.0000000000
80381  -36.956  -8.560  42.811 0.0000000000
31125  -36.460  -8.631  43.368 0.0000000000
31126  -37.250  -8.552  43.504 0.0000000000
31110  -36.711  -8.645  44.205 0.0000000000
30447  -23.076  -9.214  47.644 0.0000000000
30415  -23.099  -10.202  48.623 0.0000000000
30416  -23.595  -10.227  49.201 0.0000000000
38846  -44.143  2.383  40.792 0.0000000000
41692  -44.648  6.496  29.279 0.0000000000
41679  -44.848  6.297  29.902 0.0000000000
41693  -45.405  6.642  29.524 0.0000000000
34783  -39.813  -3.477  40.468 0.0000000000
35515  -39.665  -2.489  40.185 0.0000000000
77628  -39.188  -2.566  39.603 0.0000000000
36283  -37.750  -1.642  38.080 0.0000000000
36297  -37.043  -1.189  37.460 0.0000000000
36932  -36.972  0.021  37.824 0.0000000000
67910  -23.834  -7.504  46.261 0.0000000000
31781  -24.896  -7.576  47.297 0.0000000000
31803  -25.205  -7.220  46.494 0.0000000000
32548  -27.040  -6.500  44.535 0.0000000000
32537  -27.152  -6.751  45.332 0.0000000000
32538  -27.981  -6.782  45.358 0.0000000000
32527  -28.384  -6.916  45.877 0.0000000000
32539  -28.726  -6.877  45.343 0.0000000000
71208  -34.478  -8.381  38.413 0.0000000000
31870  -37.128  -6.914  39.232 0.0000000000
31856  -36.782  -8.054  40.027 0.0000000000
31857  -37.465  -7.677  40.407 0.0000000000
31160  -37.082  -8.216  40.723 0.0000000000
31858  -38.144  -7.326  40.763 0.0000000000
31849  -38.431  -7.654  41.591 0.0000000000
32622  -38.501  -6.569  40.436 0.0000000000
34041  -38.645  -4.535  39.367 0.0000000000
33324  -39.071  -4.968  40.010 0.0000000000
34031  -39.704  -4.536  40.592 0.0000000000
34032  -40.165  -3.978  40.985 0.0000000000
69371  -23.712  -7.250  45.620 0.0000000000
38878  -41.971  2.906  37.078 0.0000000000
39665  -43.460  3.468  37.476 0.0000000000
38896  -43.304  2.729  36.039 0.0000000000
38220  -43.640  1.499  34.230 0.0000000000
38200  -44.219  1.604  34.992 0.0000000000
38201  -44.997  1.664  34.789 0.0000000000
78807  -46.321  1.767  35.001 0.0000000000
38935  -45.647  2.333  33.714 0.0000000000
41740  -48.319  6.643  26.268 0.0000000000
80539  -48.557  6.600  27.733 0.0000000000
41726  -49.446  6.286  26.951 0.0000000000
41106  -52.939  5.442  26.731 0.0000000000
42418  -46.105  7.250  25.986 0.0000000000
42429  -46.053  7.907  24.409 0.0000000000
42435  -48.054  7.993  23.596 0.0000000000
43065  -49.747  8.117  23.464 0.0000000000
42437  -50.145  7.372  23.597 0.0000000000
43066  -50.515  7.862  23.510 0.0000000000
43068  -52.173  8.289  23.528 0.0000000000
27707  -13.782  -13.438  49.393 0.0000000000
26932  -12.851  -14.962  50.594 0.0000000000
28465  -16.440  -12.811  51.920 0.0000000000
28473  -15.968  -12.744  51.735 0.0000000000
27674  -15.793  -13.474  52.253 0.0000000000
26185  -14.351  -15.218  52.725 0.0000000000
26174  -13.879  -15.940  52.904 0.0000000000
25509  -13.154  -16.285  52.649 0.0000000000
25495  -13.389  -16.630  52.832 0.0000000000
81224  -12.111  -17.352  52.995 0.0000000000
78696  -39.615  -0.893  40.252 0.0000000000
36878  -40.792  -0.631  41.507 0.0000000000
36887  -39.716  -0.267  40.523 0.0000000000
38856  -38.898  2.333  39.431 0.0000000000
77352  -39.398  2.474  40.246 0.0000000000
80451  -39.839  3.129  40.196 0.0000000000
39637  -40.526  3.393  40.489 0.0000000000
39644  -40.352  3.344  39.672 0.0000000000
39654  -40.862  3.217  38.787 0.0000000000
73354  -39.794  2.737  38.206 0.0000000000
38194  -38.369  1.898  35.639 0.0000000000
71902  -39.458  2.020  35.884 0.0000000000
38215  -38.536  1.930  34.658 0.0000000000
38216  -39.381  1.846  34.206 0.0000000000
79297  -37.972  2.024  33.486 0.0000000000
31751  -26.388  -7.827  48.566 0.0000000000
31735  -26.284  -8.212  49.335 0.0000000000
68096  -27.216  -7.958  49.205 0.0000000000
31131  -29.884  -8.463  41.901 0.0000000000
31840  -29.344  -7.973  41.921 0.0000000000
31118  -29.891  -8.193  42.728 0.0000000000
31820  -29.800  -7.487  44.275 0.0000000000
31105  -31.167  -8.418  43.881 0.0000000000
30515  -34.284  -9.457  40.525 0.0000000000
70344  -32.882  -9.549  40.960 0.0000000000
30503  -33.611  -9.498  41.237 0.0000000000
31123  -34.224  -8.926  43.515 0.0000000000
79633  -33.526  -8.873  43.799 0.0000000000
31107  -32.984  -8.690  44.459 0.0000000000
31086  -32.777  -8.457  45.248 0.0000000000
31087  -33.543  -8.575  45.319 0.0000000000
31070  -33.875  -8.492  46.296 0.0000000000
31088  -34.532  -8.647  45.575 0.0000000000
32590  -39.819  -7.158  42.219 0.0000000000
79151  -20.425  -10.208  47.522 0.0000000000
30429  -20.083  -10.202  48.557 0.0000000000
30428  -19.293  -9.986  48.657 0.0000000000
29785  -21.930  -11.498  50.668 0.0000000000
39744  -40.982  3.645  30.418 0.0000000000
39729  -41.883  3.086  31.490 0.0000000000
40415  -42.825  4.180  31.165 0.0000000000
40418  -45.079  5.184  32.058 0.0000000000
40403  -44.777  4.547  32.333 0.0000000000
40405  -46.355  5.193  33.177 0.0000000000
68136  -46.951  4.612  33.704 0.0000000000
41020  -47.343  5.620  33.446 0.0000000000
42383  -48.976  6.600  29.448 0.0000000000
42370  -47.704  6.899  30.491 0.0000000000
41684  -49.108  6.092  30.579 0.0000000000
43060  -52.912  8.997  23.144 0.0000000000
74791  -53.195  8.950  22.564 0.0000000000
43714  -52.903  9.521  22.993 0.0000000000
44344  -53.858  10.403  21.213 0.0000000000
44913  -54.119  10.813  20.672 0.0000000000
44356  -54.720  10.212  19.990 0.0000000000
44923  -54.362  10.882  20.101 0.0000000000
44369  -52.213  9.801  17.378 0.0000000000
44360  -51.953  10.008  18.331 0.0000000000
44370  -52.985  9.524  17.601 0.0000000000
44371  -53.596  9.321  17.901 0.0000000000
78527  -53.919  9.187  17.221 0.0000000000
43757  -54.305  9.343  15.308 0.0000000000
44401  -54.533  10.305  13.897 0.0000000000
73817  -38.755  -3.680  39.270 0.0000000000
34791  -38.800  -2.923  39.209 0.0000000000
34800  -38.313  -3.271  38.672 0.0000000000
72070  -37.223  -2.261  37.405 0.0000000000
32535  -24.924  -6.753  45.064 0.0000000000
31883  -36.380  -6.947  38.548 0.0000000000
32645  -37.029  -6.198  38.552 0.0000000000
32634  -37.624  -6.394  39.297 0.0000000000
32635  -38.212  -6.155  39.715 0.0000000000
33322  -37.823  -5.742  39.036 0.0000000000
38197  -41.374  1.819  35.143 0.0000000000
38198  -42.224  1.742  35.103 0.0000000000
38218  -41.757  1.531  34.394 0.0000000000
38235  -42.885  1.516  33.701 0.0000000000
38932  -43.436  1.797  33.277 0.0000000000
41749  -50.011  6.292  25.229 0.0000000000
69252  -50.568  6.095  25.823 0.0000000000
41750  -51.385  5.985  25.210 0.0000000000
41745  -53.041  5.565  25.909 0.0000000000
42445  -55.076  7.449  21.969 0.0000000000
28495  -15.086  -12.674  49.041 0.0000000000
28483  -14.721  -13.228  49.713 0.0000000000
37506  -38.615  0.557  39.542 0.0000000000
37518  -37.885  1.038  38.945 0.0000000000
38855  -38.494  2.145  38.771 0.0000000000
38874  -38.664  2.282  38.255 0.0000000000
38875  -39.286  2.442  37.835 0.0000000000
38891  -38.534  2.079  37.448 0.0000000000
78493  -37.180  1.951  34.512 0.0000000000
31753  -28.748  -7.599  48.452 0.0000000000
31736  -28.657  -7.893  49.279 0.0000000000
31737  -29.470  -7.868  49.099 0.0000000000
31728  -29.987  -8.184  49.463 0.0000000000
31741  -32.652  -8.399  48.661 0.0000000000
31144  -30.213  -8.862  41.384 0.0000000000
31145  -30.921  -9.220  41.692 0.0000000000
30497  -35.255  -9.157  41.529 0.0000000000
30496  -34.674  -9.198  42.249 0.0000000000
31137  -35.469  -8.942  42.320 0.0000000000
68150  -35.020  -8.785  43.850 0.0000000000
31089  -35.350  -8.672  44.890 0.0000000000
68285  -36.188  -8.654  44.775 0.0000000000
30459  -22.160  -9.417  46.314 0.0000000000
30445  -21.547  -9.986  46.521 0.0000000000
30414  -21.173  -10.525  48.494 0.0000000000
29815  -21.822  -10.832  49.296 0.0000000000
29816  -22.768  -10.708  49.186 0.0000000000
40446  -42.957  5.234  29.877 0.0000000000
40432  -43.206  4.835  30.594 0.0000000000
41058  -43.751  5.491  30.148 0.0000000000
41060  -45.206  5.887  30.959 0.0000000000
41045  -46.239  6.002  31.905 0.0000000000
76127  -52.549  10.829  24.261 0.0000000000
44341  -53.011  10.122  22.603 0.0000000000
44898  -52.630  10.740  23.380 0.0000000000
44382  -51.874  10.251  16.449 0.0000000000
43756  -53.560  9.716  15.560 0.0000000000
74409  -52.704  10.746  15.315 0.0000000000
44978  -53.434  10.961  14.542 0.0000000000
29795  -17.651  -10.804  50.833 0.0000000000
29779  -17.071  -11.274  50.795 0.0000000000
35502  -41.253  -2.725  41.937 0.0000000000
35501  -40.675  -2.522  41.372 0.0000000000
36255  -39.688  -1.572  40.245 0.0000000000
71675  -39.232  -1.147  39.789 0.0000000000
35526  -38.792  -2.241  39.205 0.0000000000
36269  -38.761  -1.494  39.253 0.0000000000
36901  -38.700  -0.605  39.373 0.0000000000
37533  -36.433  0.612  37.464 0.0000000000
31060  -23.766  -8.696  48.076 0.0000000000
31038  -24.821  -8.752  49.264 0.0000000000
31749  -24.921  -7.898  48.074 0.0000000000
68799  -25.656  -7.694  47.955 0.0000000000
31766  -26.531  -7.529  47.788 0.0000000000
32524  -26.085  -7.138  46.310 0.0000000000
31782  -26.712  -7.300  46.988 0.0000000000
31767  -27.381  -7.407  47.617 0.0000000000
31784  -28.384  -7.086  46.567 0.0000000000
70068  -29.175  -7.215  47.095 0.0000000000
67880  -30.050  -7.206  45.891 0.0000000000
30526  -34.200  -9.379  39.587 0.0000000000
78695  -34.819  -9.347  39.961 0.0000000000
31173  -36.077  -8.176  39.370 0.0000000000
67932  -36.153  -8.629  40.155 0.0000000000
31158  -35.747  -8.961  40.832 0.0000000000
31159  -36.515  -8.599  40.976 0.0000000000
31148  -37.152  -8.365  41.402 0.0000000000
31149  -37.746  -8.211  41.864 0.0000000000
31140  -38.339  -8.102  42.441 0.0000000000
31850  -39.124  -7.224  41.737 0.0000000000
32606  -39.504  -6.598  41.553 0.0000000000
33309  -38.804  -5.783  40.200 0.0000000000
77227  -39.139  -6.197  40.871 0.0000000000
33295  -39.754  -5.820  41.312 0.0000000000
33296  -40.371  -5.337  41.653 0.0000000000
31067  -22.651  -8.603  46.010 0.0000000000
40350  -43.312  3.537  39.698 0.0000000000
40357  -44.447  3.762  38.596 0.0000000000
40366  -45.416  3.973  37.742 0.0000000000
39667  -45.686  3.809  37.282 0.0000000000
38913  -44.010  2.104  35.582 0.0000000000
38898  -45.372  2.535  36.097 0.0000000000
67883  -45.796  7.065  27.911 0.0000000000
41694  -46.214  6.901  29.361 0.0000000000
42393  -47.577  6.967  28.635 0.0000000000
41708  -48.536  6.665  28.429 0.0000000000
41695  -49.925  6.158  29.382 0.0000000000
41728  -51.115  5.705  27.315 0.0000000000
41711  -51.079  5.595  28.335 0.0000000000
38979  -38.711  2.716  30.586 0.0000000000
79345  -39.740  2.770  30.887 0.0000000000
39742  -39.230  3.146  30.104 0.0000000000
39760  -40.378  3.924  29.742 0.0000000000
40443  -40.652  4.529  29.279 0.0000000000
41070  -41.785  5.203  29.184 0.0000000000
41071  -42.466  5.510  29.205 0.0000000000
41705  -43.500  6.494  28.511 0.0000000000
41706  -44.348  6.768  28.477 0.0000000000
42403  -45.159  7.165  27.333 0.0000000000
42404  -45.905  7.201  27.038 0.0000000000
68786  -46.976  7.130  25.863 0.0000000000
41739  -47.774  6.876  25.631 0.0000000000
42430  -46.784  7.837  24.233 0.0000000000
42427  -48.045  7.054  24.602 0.0000000000
41755  -48.804  6.776  24.529 0.0000000000
41757  -50.264  6.496  24.383 0.0000000000
41765  -51.320  6.729  23.768 0.0000000000
42440  -52.648  7.557  23.138 0.0000000000
42441  -53.311  7.724  22.725 0.0000000000
43058  -52.311  9.156  24.202 0.0000000000
43059  -52.360  9.307  23.988 0.0000000000
44338  -52.425  10.328  24.432 0.0000000000
29135  -16.162  -12.255  51.032 0.0000000000
28484  -15.465  -12.911  50.686 0.0000000000
27683  -14.793  -13.826  51.459 0.0000000000
26926  -15.441  -14.187  52.615 0.0000000000
26925  -14.725  -14.414  52.287 0.0000000000
26933  -13.507  -14.747  50.865 0.0000000000
26194  -13.203  -15.317  51.367 0.0000000000
25516  -12.027  -16.190  51.420 0.0000000000
25507  -11.128  -17.153  51.979 0.0000000000
24889  -11.250  -17.613  52.671 0.0000000000
39629  -43.559  2.827  41.107 0.0000000000
37489  -41.250  0.215  41.910 0.0000000000
38137  -39.502  1.441  40.625 0.0000000000
38129  -40.135  1.299  41.211 0.0000000000
38835  -41.338  2.832  41.732 0.0000000000
40334  -41.898  3.666  41.005 0.0000000000
40343  -42.854  3.570  40.352 0.0000000000
39646  -42.075  3.470  39.297 0.0000000000
39655  -41.565  3.101  38.023 0.0000000000
38894  -41.464  2.515  36.479 0.0000000000
38892  -39.587  2.208  36.802 0.0000000000
38909  -40.192  2.137  35.952 0.0000000000
38196  -40.571  1.910  35.242 0.0000000000
69574  -40.273  1.705  33.834 0.0000000000
38232  -39.471  1.892  33.199 0.0000000000
38264  -39.093  2.259  31.866 0.0000000000
38191  -35.197  1.325  35.859 0.0000000000
68073  -35.816  1.683  35.130 0.0000000000
38213  -36.442  1.918  34.386 0.0000000000
38230  -36.193  1.976  33.445 0.0000000000
38246  -36.765  2.012  32.681 0.0000000000
38262  -37.282  2.057  31.972 0.0000000000
38959  -37.709  2.306  31.302 0.0000000000
38960  -38.500  2.401  31.294 0.0000000000
31726  -28.450  -8.315  49.887 0.0000000000
32565  -27.660  -6.447  43.193 0.0000000000
31830  -29.049  -7.429  42.794 0.0000000000
32550  -28.570  -6.816  44.140 0.0000000000
81446  -29.617  -7.190  44.805 0.0000000000
72424  -30.096  -7.344  45.072 0.0000000000
31806  -30.819  -7.566  45.565 0.0000000000
30513  -32.459  -9.533  40.229 0.0000000000
30502  -32.106  -9.515  41.100 0.0000000000
31134  -32.151  -9.221  42.634 0.0000000000
30495  -33.765  -9.340  42.246 0.0000000000
31120  -31.653  -8.867  43.277 0.0000000000
31822  -31.527  -8.293  44.529 0.0000000000
31807  -31.510  -8.005  45.210 0.0000000000
31787  -31.545  -7.756  46.065 0.0000000000
31788  -32.317  -7.993  46.522 0.0000000000
31773  -33.847  -8.436  47.461 0.0000000000
29168  -16.283  -11.638  48.115 0.0000000000
29828  -17.397  -10.908  49.090 0.0000000000
30456  -19.226  -9.888  46.140 0.0000000000
30442  -18.585  -10.022  46.814 0.0000000000
29843  -18.109  -10.333  47.481 0.0000000000
29829  -18.548  -10.115  48.495 0.0000000000
74248  -17.850  -10.529  50.045 0.0000000000
29796  -18.652  -10.251  50.212 0.0000000000
29799  -21.404  -11.047  50.182 0.0000000000
38963  -41.504  2.542  31.821 0.0000000000
38964  -42.267  2.721  32.014 0.0000000000
38946  -43.628  2.544  32.709 0.0000000000
40416  -43.647  4.538  31.398 0.0000000000
39717  -44.574  3.761  32.596 0.0000000000
39707  -45.272  3.261  33.160 0.0000000000
39708  -46.230  3.323  33.584 0.0000000000
42369  -46.826  6.862  30.053 0.0000000000
41682  -47.123  6.736  30.940 0.0000000000
41655  -47.696  6.452  32.220 0.0000000000
43070  -53.437  8.284  22.473 0.0000000000
43072  -54.279  7.883  22.215 0.0000000000
43073  -54.584  8.319  21.688 0.0000000000
74508  -53.537  9.915  21.786 0.0000000000
43718  -53.896  9.225  21.521 0.0000000000
73959  -55.009  8.753  20.635 0.0000000000
73241  -54.998  8.862  20.089 0.0000000000
43088  -55.989  8.205  18.834 0.0000000000
44929  -53.352  11.206  19.685 0.0000000000
44938  -53.909  10.417  19.278 0.0000000000
76050  -54.620  8.739  18.071 0.0000000000
43767  -54.580  9.546  14.495 0.0000000000
34057  -37.080  -4.120  37.463 0.0000000000
38942  -40.406  2.155  32.136 0.0000000000
41766  -52.427  6.696  23.550 0.0000000000
41761  -53.973  6.038  23.888 0.0000000000
81799  -37.071  1.367  37.681 0.0000000000
30417  -24.216  -9.491  49.283 0.0000000000
31770  -30.723  -7.531  47.325 0.0000000000
31756  -31.583  -7.827  47.979 0.0000000000
72133  -23.666  -9.686  48.829 0.0000000000
78350  -36.641  -1.989  36.925 0.0000000000
77801  -24.483  -7.394  46.591 0.0000000000
78905  -27.654  -6.637  44.824 0.0000000000
68015  -28.309  -6.748  44.737 0.0000000000
78745  -37.184  -7.449  39.790 0.0000000000
34042  -39.276  -4.083  39.857 0.0000000000
38895  -42.319  2.652  36.288 0.0000000000
39676  -42.883  3.110  36.832 0.0000000000
38221  -44.470  1.605  34.343 0.0000000000
38923  -45.054  1.758  34.005 0.0000000000
41725  -48.588  6.539  27.062 0.0000000000
41099  -53.093  5.022  27.169 0.0000000000
78122  -45.471  7.680  25.057 0.0000000000
43056  -50.538  8.400  23.806 0.0000000000
27694  -13.513  -13.944  49.825 0.0000000000
26941  -12.990  -14.385  50.004 0.0000000000
27675  -16.388  -13.590  52.120 0.0000000000
72642  -13.074  -17.236  53.003 0.0000000000
38857  -39.497  2.961  39.538 0.0000000000
38865  -39.948  3.070  38.845 0.0000000000
69787  -38.627  1.948  33.785 0.0000000000
31132  -30.441  -8.779  42.223 0.0000000000
31832  -30.303  -8.079  43.663 0.0000000000
30504  -34.459  -9.376  41.431 0.0000000000
30413  -20.327  -10.409  49.203 0.0000000000
40430  -41.658  4.272  30.163 0.0000000000
39745  -41.930  3.732  30.912 0.0000000000
41033  -45.859  5.484  32.434 0.0000000000
70432  -49.388  6.389  30.021 0.0000000000
41683  -48.826  6.677  30.378 0.0000000000
44922  -53.818  11.169  20.577 0.0000000000
70874  -53.696  11.275  20.075 0.0000000000
44383  -52.600  9.837  16.530 0.0000000000
43745  -54.165  9.154  16.375 0.0000000000
34799  -37.725  -3.655  38.088 0.0000000000
32644  -35.986  -6.293  37.798 0.0000000000
38217  -40.878  1.677  34.486 0.0000000000
38234  -42.107  1.505  33.651 0.0000000000
38252  -42.458  1.719  33.077 0.0000000000
69537  -50.643  6.198  25.007 0.0000000000
41752  -53.570  5.666  25.168 0.0000000000
41110  -54.016  5.430  25.783 0.0000000000
28485  -15.771  -12.520  49.914 0.0000000000
77379  -38.053  1.638  38.704 0.0000000000
73011  -38.078  1.929  38.252 0.0000000000
69333  -37.673  1.901  35.040 0.0000000000
31738  -30.363  -7.941  48.970 0.0000000000
31146  -36.004  -8.853  41.631 0.0000000000
31124  -35.664  -8.746  43.154 0.0000000000
68724  -36.879  -8.710  45.111 0.0000000000
30446  -22.299  -9.858  47.197 0.0000000000
78045  -22.723  -10.029  48.001 0.0000000000
29817  -23.430  -10.902  49.738 0.0000000000
41059  -44.613  5.809  30.477 0.0000000000
41666  -45.824  6.164  31.122 0.0000000000
44392  -51.747  10.759  15.869 0.0000000000
68590  -52.321  10.442  15.787 0.0000000000
28467  -17.800  -12.181  52.058 0.0000000000
77197  -40.141  -2.746  40.790 0.0000000000
35533  -38.422  -2.608  38.753 0.0000000000
36284  -38.256  -1.067  38.716 0.0000000000
36919  -38.094  -0.012  38.880 0.0000000000
31050  -24.506  -8.359  48.472 0.0000000000
31765  -24.241  -8.057  47.746 0.0000000000
32536  -25.478  -6.926  45.697 0.0000000000
68876  -26.318  -6.854  45.549 0.0000000000
32525  -26.917  -7.073  46.131 0.0000000000
31783  -27.562  -7.197  46.773 0.0000000000
31768  -28.341  -7.331  47.518 0.0000000000
31785  -29.168  -7.012  46.138 0.0000000000
67804  -29.980  -7.254  46.775 0.0000000000
31183  -34.020  -9.030  38.707 0.0000000000
30527  -35.419  -9.084  40.010 0.0000000000
31185  -35.833  -7.607  38.650 0.0000000000
33310  -39.405  -5.422  40.655 0.0000000000
34019  -40.666  -3.978  41.519 0.0000000000
31059  -23.525  -8.422  47.344 0.0000000000
40355  -42.888  3.467  39.162 0.0000000000
40356  -43.713  3.592  38.900 0.0000000000
39677  -43.830  3.389  36.694 0.0000000000
73322  -44.313  3.762  37.328 0.0000000000
39666  -45.067  3.939  37.294 0.0000000000
39678  -45.209  3.520  36.746 0.0000000000
38912  -42.566  2.222  35.679 0.0000000000
38914  -44.787  1.973  35.539 0.0000000000
38899  -46.108  2.119  36.042 0.0000000000
76151  -46.436  7.077  27.616 0.0000000000
67834  -46.536  7.037  28.467 0.0000000000
71671  -49.081  6.415  27.717 0.0000000000
41709  -49.441  6.318  28.520 0.0000000000
41727  -50.350  6.035  26.847 0.0000000000
41097  -51.964  5.460  28.011 0.0000000000
24178  -10.110  -18.455  52.757 0.0000000000
40442  -39.812  4.277  29.077 0.0000000000
40461  -41.027  5.182  28.790 0.0000000000
41086  -41.772  5.755  28.484 0.0000000000
41087  -42.686  6.134  28.550 0.0000000000
68383  -42.885  6.723  27.839 0.0000000000
41723  -43.714  6.974  27.798 0.0000000000
41724  -44.455  7.103  27.642 0.0000000000
42425  -46.393  7.477  24.926 0.0000000000
42432  -48.529  7.458  23.835 0.0000000000
41756  -49.543  6.592  24.505 0.0000000000
41763  -49.816  6.884  23.837 0.0000000000
42438  -50.928  7.301  23.556 0.0000000000
41764  -50.561  6.795  23.802 0.0000000000
80403  -51.845  6.695  23.686 0.0000000000
26198  -11.553  -15.196  50.283 0.0000000000
29136  -16.792  -11.684  51.300 0.0000000000
27684  -15.376  -13.314  51.629 0.0000000000
27696  -14.932  -13.436  50.732 0.0000000000
26917  -15.609  -14.645  52.782 0.0000000000
26924  -13.930  -14.941  51.876 0.0000000000
79503  -12.498  -16.473  52.136 0.0000000000
25508  -11.867  -16.785  52.025 0.0000000000
24876  -12.468  -17.706  53.031 0.0000000000
38828  -43.392  1.984  42.026 0.0000000000
38837  -43.764  2.092  41.521 0.0000000000
38836  -43.117  2.536  41.636 0.0000000000
36245  -41.225  -2.038  41.858 0.0000000000
36888  -40.187  -0.249  41.018 0.0000000000
37496  -39.276  0.581  40.263 0.0000000000
38128  -39.844  2.152  40.911 0.0000000000
38130  -40.887  1.164  41.740 0.0000000000
76475  -41.365  1.898  41.943 0.0000000000
70449  -41.103  3.610  40.194 0.0000000000
39638  -41.252  3.582  40.826 0.0000000000
40348  -41.765  3.687  40.502 0.0000000000
40342  -42.294  3.673  40.663 0.0000000000
40349  -42.441  3.634  40.013 0.0000000000
38866  -40.555  2.926  38.087 0.0000000000
38195  -39.242  1.922  35.157 0.0000000000
75106  -40.048  1.808  34.701 0.0000000000
38248  -39.030  2.092  32.492 0.0000000000
38212  -35.032  1.583  34.955 0.0000000000
71843  -35.305  1.957  33.311 0.0000000000
38247  -37.665  2.050  32.816 0.0000000000
38261  -36.426  2.052  31.841 0.0000000000
80329  -25.272  -8.883  49.778 0.0000000000
31039  -25.603  -8.563  49.592 0.0000000000
31040  -26.913  -8.419  49.952 0.0000000000
31819  -29.113  -7.194  43.786 0.0000000000
31804  -29.097  -6.999  44.625 0.0000000000
30493  -31.728  -9.373  41.859 0.0000000000
31106  -32.034  -8.643  44.088 0.0000000000
31085  -32.171  -8.408  44.868 0.0000000000
31808  -32.217  -8.145  45.662 0.0000000000
31789  -33.275  -8.226  46.975 0.0000000000
77402  -38.896  -8.100  42.995 0.0000000000
29158  -16.900  -11.292  48.081 0.0000000000
69197  -17.724  -10.670  48.248 0.0000000000
30458  -20.938  -9.907  45.841 0.0000000000
30443  -19.462  -9.972  47.176 0.0000000000
81670  -20.051  -10.028  46.677 0.0000000000
29813  -18.188  -10.326  49.268 0.0000000000
39649  -45.937  3.055  39.037 0.0000000000
38962  -40.621  2.534  31.545 0.0000000000
39728  -41.239  3.068  31.161 0.0000000000
73597  -42.528  3.448  31.599 0.0000000000
40433  -44.068  5.172  30.945 0.0000000000
38947  -44.390  2.890  32.897 0.0000000000
39696  -46.944  3.445  33.828 0.0000000000
42380  -46.946  7.018  29.249 0.0000000000
78606  -48.297  6.826  30.731 0.0000000000
75218  -47.393  6.602  31.672 0.0000000000
75996  -53.302  10.406  21.891 0.0000000000
43722  -54.315  9.778  20.969 0.0000000000
44345  -53.885  9.849  21.342 0.0000000000
72938  -54.578  8.959  21.107 0.0000000000
43728  -54.728  9.270  19.712 0.0000000000
43731  -54.928  8.755  18.891 0.0000000000
44936  -52.771  10.691  19.190 0.0000000000
44930  -53.889  10.910  19.606 0.0000000000
43734  -54.376  8.890  17.304 0.0000000000
43730  -54.059  9.110  18.030 0.0000000000
78623  -54.986  8.550  17.478 0.0000000000
44399  -53.186  10.522  15.053 0.0000000000
38250  -40.576  1.830  32.880 0.0000000000
41115  -54.082  5.870  23.261 0.0000000000
41772  -54.295  6.423  22.530 0.0000000000
79140  -54.208  7.470  22.517 0.0000000000
29156  -15.990  -11.946  48.439 0.0000000000
37534  -36.887  0.962  37.957 0.0000000000
31771  -32.422  -7.962  47.448 0.0000000000
31111  -37.597  -8.586  44.398 0.0000000000
80097  -44.013  6.367  29.079 0.0000000000
41073  -44.218  6.048  29.701 0.0000000000
71529  -38.332  -1.956  38.651 0.0000000000
77707  -26.483  -6.621  44.917 0.0000000000
31084  -23.168  -7.759  45.782 0.0000000000
39664  -42.568  3.231  37.725 0.0000000000
38924  -45.705  1.855  34.479 0.0000000000
38925  -46.121  2.510  34.118 0.0000000000
42419  -47.643  6.840  26.750 0.0000000000
42406  -48.011  6.783  27.733 0.0000000000
41729  -51.962  5.546  26.975 0.0000000000
41098  -52.798  5.186  27.636 0.0000000000
42452  -55.383  7.798  19.548 0.0000000000
41721  -41.302  6.191  27.773 0.0000000000
43064  -48.769  8.026  23.423 0.0000000000
42436  -49.340  7.479  23.638 0.0000000000
43067  -51.272  8.084  23.631 0.0000000000
26940  -12.151  -14.735  50.058 0.0000000000
26193  -12.302  -15.493  50.833 0.0000000000
28466  -17.079  -12.108  51.914 0.0000000000
26916  -15.051  -14.779  52.930 0.0000000000
25494  -12.525  -16.952  52.921 0.0000000000
36256  -40.139  -1.040  40.786 0.0000000000
37497  -39.848  0.508  40.869 0.0000000000
39636  -40.053  2.880  40.773 0.0000000000
38845  -40.803  3.196  41.160 0.0000000000
72619  -41.274  3.452  39.426 0.0000000000
38876  -40.166  2.537  37.472 0.0000000000
81028  -38.978  1.934  35.741 0.0000000000
31725  -27.713  -8.331  49.945 0.0000000000
81416  -28.750  -8.638  50.241 0.0000000000
31071  -34.720  -8.604  46.551 0.0000000000
79772  -21.382  -10.312  47.366 0.0000000000
81930  -19.644  -10.014  47.951 0.0000000000
75526  -19.277  -10.205  49.914 0.0000000000
74767  -22.859  -11.463  50.227 0.0000000000
40404  -45.487  4.857  32.742 0.0000000000
40391  -45.909  4.286  33.260 0.0000000000
41021  -47.701  5.158  33.736 0.0000000000
42382  -48.198  6.874  29.235 0.0000000000
42371  -48.301  6.873  30.045 0.0000000000
41668  -48.547  6.517  31.080 0.0000000000
43717  -53.321  9.383  22.226 0.0000000000
44350  -54.414  10.333  20.497 0.0000000000
44355  -54.270  10.410  19.637 0.0000000000
44368  -51.289  10.242  17.222 0.0000000000
44361  -52.770  9.878  18.490 0.0000000000
44362  -53.410  9.800  18.677 0.0000000000
68563  -26.163  -6.382  44.201 0.0000000000
77434  -35.635  -6.988  38.173 0.0000000000
38219  -42.666  1.480  34.372 0.0000000000
41742  -49.783  6.258  26.117 0.0000000000
41744  -52.091  5.662  25.991 0.0000000000
41107  -53.353  5.160  26.217 0.0000000000
43078  -55.039  8.014  21.136 0.0000000000
28504  -15.288  -12.170  48.322 0.0000000000
28494  -14.140  -12.858  48.857 0.0000000000
27695  -14.251  -13.838  50.309 0.0000000000
38143  -38.417  1.604  39.251 0.0000000000
38181  -37.928  1.816  36.689 0.0000000000
68565  -27.931  -7.501  48.176 0.0000000000
68561  -27.965  -7.701  48.842 0.0000000000
31029  -30.117  -8.603  49.777 0.0000000000
31133  -31.239  -9.082  42.479 0.0000000000
31136  -34.875  -8.946  42.985 0.0000000000
69231  -36.105  -8.698  45.400 0.0000000000
80463  -21.570  -9.636  45.847 0.0000000000
29814  -20.887  -10.700  49.612 0.0000000000
40445  -42.200  4.865  29.793 0.0000000000
79316  -42.679  4.832  30.181 0.0000000000
41043  -44.785  5.443  31.296 0.0000000000
41044  -45.464  5.689  31.603 0.0000000000
44339  -52.622  10.201  23.573 0.0000000000
44901  -52.894  10.743  22.448 0.0000000000
44393  -52.927  10.067  15.732 0.0000000000
29780  -17.516  -11.159  51.620 0.0000000000
35516  -40.198  -1.984  40.757 0.0000000000
30431  -24.013  -8.992  48.763 0.0000000000
30525  -33.557  -9.357  39.206 0.0000000000
31184  -35.306  -8.312  38.743 0.0000000000
31172  -35.584  -8.681  39.475 0.0000000000
31147  -36.634  -8.610  41.704 0.0000000000
71765  -37.094  -8.501  42.129 0.0000000000
31127  -38.203  -8.385  43.516 0.0000000000
31841  -39.054  -7.683  42.310 0.0000000000
33311  -40.262  -4.598  41.272 0.0000000000
30468  -21.947  -9.062  45.501 0.0000000000
31058  -22.847  -8.936  46.863 0.0000000000
31068  -23.312  -8.108  46.569 0.0000000000
40351  -44.014  3.564  39.259 0.0000000000
40364  -44.000  3.689  38.077 0.0000000000
40365  -44.795  3.942  37.913 0.0000000000
40358  -45.008  3.876  38.403 0.0000000000
40367  -45.875  3.752  37.576 0.0000000000
38897  -44.420  3.014  36.188 0.0000000000
39679  -45.923  3.160  36.777 0.0000000000
41707  -45.670  6.941  28.749 0.0000000000
72059  -50.501  5.860  27.681 0.0000000000
41710  -50.257  5.933  28.445 0.0000000000
24888  -10.514  -17.628  52.217 0.0000000000
81962  -39.176  2.503  31.252 0.0000000000
39743  -40.071  3.325  30.261 0.0000000000
39761  -41.036  4.213  29.832 0.0000000000
40444  -41.412  4.701  29.519 0.0000000000
42392  -45.068  7.014  28.180 0.0000000000
68263  -46.705  7.099  26.881 0.0000000000
41747  -48.525  6.637  25.480 0.0000000000
42431  -47.629  7.682  24.003 0.0000000000
41748  -49.274  6.447  25.399 0.0000000000
43069  -52.722  8.580  23.274 0.0000000000
43710  -52.235  9.835  24.596 0.0000000000
27666  -15.866  -14.112  52.546 0.0000000000
26934  -14.159  -14.359  51.171 0.0000000000
26183  -12.827  -15.921  51.857 0.0000000000
24166  -11.010  -18.284  53.042 0.0000000000
24875  -11.752  -17.774  52.985 0.0000000000
38838  -44.235  1.866  41.103 0.0000000000
80400  -41.216  -1.311  41.853 0.0000000000
38120  -41.692  1.045  42.198 0.0000000000
38826  -41.946  2.429  42.032 0.0000000000
39621  -42.388  2.937  41.955 0.0000000000
39626  -41.501  3.376  41.369 0.0000000000
39628  -42.810  3.144  41.330 0.0000000000
39639  -43.177  3.294  40.622 0.0000000000
39656  -42.337  3.335  38.549 0.0000000000
72058  -41.622  3.309  38.789 0.0000000000
38893  -40.598  2.377  36.633 0.0000000000
38910  -41.003  2.186  35.860 0.0000000000
38178  -35.364  1.029  36.600 0.0000000000
38192  -35.921  1.471  36.077 0.0000000000
68621  -35.608  1.851  34.216 0.0000000000
72566  -37.160  2.017  33.647 0.0000000000
38263  -38.260  2.144  32.098 0.0000000000
69158  -26.194  -8.577  50.004 0.0000000000
68902  -28.006  -7.962  49.445 0.0000000000
30512  -31.527  -9.440  40.304 0.0000000000
30501  -31.378  -9.411  41.185 0.0000000000
31135  -32.989  -9.258  42.701 0.0000000000
31122  -33.573  -9.120  43.119 0.0000000000
31772  -33.132  -8.221  47.731 0.0000000000
81265  -18.244  -10.481  50.831 0.0000000000
38945  -42.787  2.234  32.591 0.0000000000
38933  -44.144  2.173  33.183 0.0000000000
39730  -43.304  3.857  31.823 0.0000000000
39731  -44.054  4.228  32.072 0.0000000000
69889  -43.823  3.429  32.365 0.0000000000
38934  -44.839  2.263  33.404 0.0000000000
79780  -46.002  6.690  30.002 0.0000000000
41681  -46.264  6.543  30.632 0.0000000000
41667  -46.633  6.426  31.400 0.0000000000
41654  -47.108  6.329  32.212 0.0000000000
41647  -47.573  6.163  32.960 0.0000000000
41648  -47.693  5.726  33.337 0.0000000000
43084  -55.214  8.387  19.435 0.0000000000
44363  -53.973  9.675  18.863 0.0000000000
73851  -54.338  9.150  18.707 0.0000000000
39620  -41.906  3.106  41.885 0.0000000000
39627  -42.111  3.345  41.418 0.0000000000
40335  -42.496  3.594  40.937 0.0000000000
