#!ascii label  , from subject sub-2002 vox2ras=TkReg
2259
490  -12.369  -62.315  0.493 0.8999999762
491  -13.033  -62.026  0.720 0.8000000119
480  -13.481  -62.297  1.429 0.8000000119
481  -14.163  -62.558  1.938 0.8000000119
482  -15.017  -62.548  2.267 0.8000000119
721  -14.503  -61.025  0.644 0.8000000119
710  -15.210  -60.960  1.275 0.8000000119
68856  -14.666  -61.676  1.832 0.8000000119
78568  -6.900  -61.487  -2.298 0.6999999881
509  -7.071  -63.013  -3.304 0.8000000119
510  -7.790  -63.173  -3.529 0.6999999881
298  -8.103  -64.142  -0.752 0.6000000238
282  -16.212  -64.113  1.904 0.5000000000
272  -16.248  -62.900  2.460 0.6999999881
78304  -17.537  -62.995  2.505 0.6000000238
703  -16.333  -61.496  2.553 0.8000000119
704  -17.280  -61.484  2.673 0.6999999881
75167  -16.923  -60.865  2.068 0.8000000119
741  -6.958  -61.786  -3.589 0.8000000119
515  -7.053  -62.623  -4.046 0.8000000119
1337  -6.554  -60.040  -5.414 0.8000000119
517  -8.315  -62.538  -4.077 1.0000000000
512  -9.973  -62.302  -2.614 0.8999999762
502  -10.385  -62.490  -1.753 0.8999999762
503  -11.258  -62.076  -1.546 0.8999999762
300  -10.638  -62.724  -0.876 0.8999999762
727  -12.635  -61.356  -0.989 0.8999999762
283  -16.750  -63.497  2.243 0.5000000000
273  -17.094  -62.804  2.600 0.6999999881
274  -17.965  -62.700  2.643 0.6000000238
483  -18.616  -62.583  2.625 0.6000000238
719  -12.997  -61.491  -0.247 0.8999999762
472  -16.713  -62.180  2.742 0.6999999881
728  -13.674  -60.769  -0.486 0.8999999762
729  -14.087  -60.644  -0.076 0.8999999762
982  -14.974  -60.215  0.229 1.0000000000
981  -14.416  -60.246  -0.023 0.8999999762
972  -17.575  -60.361  1.535 0.8000000119
705  -18.169  -61.512  2.762 0.6999999881
984  -17.283  -59.898  0.293 1.0000000000
973  -18.660  -60.447  1.909 0.8000000119
2027  -7.351  -57.535  -0.601 0.6999999881
1004  -7.302  -60.980  -2.911 0.6999999881
516  -7.306  -62.888  -4.136 0.8000000119
1345  -6.531  -59.068  -5.677 0.8999999762
734  -10.898  -61.805  -2.335 1.0000000000
726  -12.032  -61.656  -1.285 0.8999999762
73887  -19.133  -62.587  2.428 0.6000000238
285  -19.953  -62.825  1.848 0.6000000238
971  -16.488  -60.229  0.755 1.0000000000
712  -17.888  -60.896  2.410 0.8000000119
484  -19.126  -61.954  2.553 0.6000000238
475  -18.962  -61.567  2.655 0.6999999881
78219  -19.852  -62.333  2.003 0.6000000238
970  -15.652  -60.352  0.698 1.0000000000
986  -20.098  -59.641  1.119 0.6999999881
1330  -6.472  -60.021  -4.901 0.8000000119
1014  -6.953  -61.169  -4.154 0.8000000119
1670  -7.833  -58.253  -2.179 0.8000000119
306  -7.372  -63.367  -1.232 0.6000000238
71045  -7.182  -62.658  -4.262 0.8000000119
751  -7.919  -61.947  -4.704 0.8999999762
1045  -6.864  -60.215  -5.662 0.8999999762
752  -9.310  -61.640  -3.970 1.0000000000
501  -9.392  -62.944  -2.044 0.8999999762
310  -9.747  -63.151  -1.085 0.8000000119
75256  -10.073  -63.334  -0.355 0.8000000119
495  -11.427  -62.334  -0.660 0.8999999762
735  -11.757  -61.364  -2.020 1.0000000000
69819  -13.140  -60.822  -0.953 0.8999999762
711  -15.967  -60.845  1.770 0.8000000119
473  -17.615  -62.090  2.804 0.6999999881
713  -18.636  -61.038  2.582 0.6999999881
70615  -15.576  -59.634  0.055 1.0000000000
974  -19.712  -60.256  1.748 0.6999999881
714  -19.382  -60.937  2.371 0.8000000119
2442  -14.769  -55.524  -4.344 0.8000000119
70998  -18.166  -59.974  1.080 1.0000000000
715  -20.211  -61.036  1.849 0.6999999881
70928  -20.490  -61.926  1.655 0.6000000238
983  -16.449  -59.532  -0.393 1.0000000000
987  -21.034  -59.762  0.872 0.8000000119
1303  -19.924  -58.715  -0.372 0.8999999762
1311  -21.676  -58.629  -0.738 0.8999999762
78117  -21.358  -59.335  0.366 0.8000000119
1319  -8.403  -59.639  -2.668 0.6000000238
1038  -7.482  -60.514  -5.406 1.0000000000
1039  -8.720  -60.485  -4.718 1.0000000000
2429  -5.390  -55.961  -2.355 0.8999999762
2430  -5.683  -56.608  -4.124 0.8999999762
72335  -9.618  -59.571  -4.152 0.8999999762
2045  -10.541  -57.553  -2.894 1.0000000000
79106  -10.987  -57.953  -2.400 1.0000000000
762  -8.715  -61.220  -4.524 1.0000000000
1030  -9.621  -60.665  -4.044 1.0000000000
1321  -10.997  -59.543  -2.809 1.0000000000
1692  -11.270  -58.707  -2.251 1.0000000000
1654  -11.825  -57.842  -1.128 1.0000000000
2063  -7.543  -58.002  -5.400 0.8999999762
1017  -10.935  -60.427  -3.005 1.0000000000
2029  -11.877  -57.228  -0.706 1.0000000000
2448  -6.382  -56.746  -5.189 0.8999999762
744  -11.198  -61.065  -2.703 1.0000000000
1673  -11.750  -58.657  -1.563 1.0000000000
80066  -12.148  -58.525  -1.010 1.0000000000
1007  -11.949  -60.692  -2.129 1.0000000000
1008  -12.523  -60.327  -1.634 1.0000000000
736  -12.574  -60.951  -1.577 1.0000000000
1655  -12.591  -58.980  -0.646 1.0000000000
1299  -13.569  -60.218  -0.746 1.0000000000
3357  -10.146  -54.767  -6.200 0.5000000000
994  -13.581  -60.388  -0.664 1.0000000000
995  -14.035  -60.210  -0.303 1.0000000000
3348  -11.359  -54.710  -5.222 0.6999999881
996  -14.668  -59.887  -0.073 1.0000000000
2895  -13.701  -55.651  -4.369 0.8000000119
68431  -19.707  -61.695  2.233 0.6000000238
2450  -13.241  -55.748  -4.959 0.8000000119
2441  -14.590  -55.467  -4.171 0.8000000119
71617  -18.119  -59.461  0.054 1.0000000000
722  -20.999  -61.395  1.067 0.6999999881
2471  -14.610  -55.921  -5.672 0.8000000119
1292  -19.416  -59.233  0.369 1.0000000000
79203  -21.268  -60.563  0.823 0.8000000119
723  -21.650  -61.258  0.342 0.6999999881
71062  -21.984  -61.973  -0.425 0.6999999881
69048  -22.419  -59.491  -1.325 0.8000000119
1019  -22.526  -60.114  -2.519 0.8000000119
68845  -22.474  -59.140  -2.241 0.8000000119
2007  -6.076  -57.020  2.041 0.6000000238
2422  -5.513  -56.260  -1.254 0.8999999762
760  -6.979  -60.734  -5.276 0.8000000119
1711  -9.119  -58.572  -4.492 0.8999999762
2036  -10.954  -57.178  -2.169 1.0000000000
3298  -5.059  -54.477  -0.722 0.8999999762
1701  -6.052  -58.605  -5.106 0.8999999762
1710  -8.081  -58.860  -5.262 0.8999999762
2037  -11.397  -56.942  -1.333 1.0000000000
2416  -11.637  -56.471  -0.553 1.0000000000
2437  -5.599  -55.773  -3.510 0.8999999762
2053  -5.825  -57.470  -4.647 0.8999999762
68048  -5.799  -56.711  -4.834 0.8999999762
2030  -12.337  -57.927  -0.455 1.0000000000
2868  -5.732  -55.085  -3.410 0.8999999762
3329  -6.262  -54.778  -3.529 0.8999999762
1308  -11.759  -59.684  -2.085 1.0000000000
1298  -12.937  -59.921  -1.065 1.0000000000
1635  -12.982  -58.575  0.052 1.0000000000
3346  -9.633  -54.151  -5.806 0.5000000000
1288  -13.908  -59.925  -0.362 1.0000000000
3356  -9.340  -54.556  -6.546 0.5000000000
3347  -10.530  -54.331  -5.351 0.5000000000
1300  -14.068  -60.160  -0.348 1.0000000000
1290  -15.387  -59.617  0.011 1.0000000000
2907  -9.817  -55.160  -6.996 0.5000000000
1638  -16.456  -58.756  -0.538 1.0000000000
1657  -17.003  -58.582  -1.109 0.8999999762
77277  -16.675  -59.064  -0.895 1.0000000000
2031  -17.221  -57.978  -1.297 0.8999999762
1301  -17.344  -58.957  -1.176 1.0000000000
2908  -10.644  -55.474  -6.679 0.5000000000
2901  -11.768  -55.368  -5.662 0.6999999881
997  -17.020  -59.401  -0.687 1.0000000000
2487  -10.269  -56.011  -7.502 0.5000000000
2458  -12.213  -56.205  -6.033 0.8000000119
2452  -14.292  -55.626  -4.775 0.8000000119
493  -21.503  -62.156  0.445 0.6000000238
2076  -11.334  -57.244  -7.069 0.4000000060
2459  -12.878  -56.405  -5.751 0.8000000119
2461  -14.013  -56.037  -5.438 0.8000000119
2904  -16.023  -54.896  -5.677 0.8000000119
1302  -18.537  -58.990  -0.798 0.8999999762
1658  -20.730  -58.444  -0.690 0.8999999762
999  -21.759  -60.200  0.238 0.8000000119
1009  -22.304  -60.346  -0.679 0.8000000119
737  -22.361  -61.335  -1.102 0.6000000238
69690  -22.547  -60.748  -1.750 0.6999999881
1312  -22.087  -58.493  -1.590 0.8999999762
74168  -21.928  -58.938  -4.050 0.8000000119
1333  -22.354  -59.303  -3.246 0.8000000119
753  -21.258  -61.365  -3.837 0.5000000000
79114  -5.771  -56.226  0.851 0.8000000119
72501  -5.554  -55.967  0.176 0.8999999762
1689  -7.468  -58.603  -3.138 0.8000000119
2423  -5.798  -56.851  -1.699 0.8999999762
2439  -8.559  -56.554  -4.326 0.8999999762
71411  -9.352  -56.996  -3.970 0.8999999762
2432  -10.413  -56.603  -2.608 1.0000000000
2417  -12.176  -56.992  -0.100 1.0000000000
2407  -12.591  -56.618  0.529 1.0000000000
2408  -13.295  -57.075  0.973 1.0000000000
2869  -7.360  -54.759  -3.314 0.8999999762
2022  -12.807  -57.544  0.317 1.0000000000
1309  -12.260  -59.355  -1.336 1.0000000000
2023  -13.585  -58.178  0.825 1.0000000000
1656  -13.255  -59.508  -0.394 1.0000000000
1275  -15.031  -59.280  0.547 1.0000000000
1619  -15.435  -58.828  1.135 1.0000000000
1289  -14.556  -59.796  -0.067 1.0000000000
1639  -16.934  -58.160  -0.622 0.8999999762
3367  -8.931  -54.893  -7.262 0.5000000000
1291  -16.158  -59.202  -0.314 1.0000000000
2039  -17.969  -57.285  -1.933 0.8999999762
79791  -17.378  -58.409  -1.440 0.8999999762
1674  -17.880  -58.532  -1.553 0.8999999762
2038  -17.624  -57.963  -1.745 0.8999999762
2903  -15.049  -55.585  -5.228 0.8000000119
1676  -19.800  -58.184  -1.350 0.8999999762
2462  -14.441  -55.689  -4.883 0.8000000119
2077  -11.954  -57.143  -6.746 0.4000000060
2071  -13.423  -56.293  -5.798 0.8000000119
1722  -11.970  -57.309  -6.861 0.5000000000
2910  -15.563  -55.529  -6.201 0.6999999881
2911  -16.566  -55.267  -6.474 0.8999999762
998  -21.892  -59.385  -0.282 0.8999999762
745  -22.373  -61.535  -2.139 0.5000000000
70101  -22.003  -61.281  -2.944 0.6000000238
764  -20.558  -61.438  -4.478 0.5000000000
70643  -6.167  -56.972  1.052 0.6999999881
1671  -8.728  -58.630  -1.712 0.6000000238
2042  -6.090  -57.227  -2.489 0.8999999762
2871  -9.421  -55.351  -2.578 1.0000000000
2424  -10.161  -55.790  -2.243 1.0000000000
2853  -11.300  -55.743  -0.213 1.0000000000
2406  -11.935  -56.159  0.166 1.0000000000
3307  -5.492  -54.268  -2.138 0.8999999762
2870  -8.515  -54.964  -2.943 1.0000000000
2843  -12.328  -55.857  0.820 1.0000000000
81031  -14.173  -58.314  1.272 1.0000000000
1618  -14.777  -58.528  1.474 1.0000000000
1621  -16.676  -58.293  0.308 0.8999999762
3330  -11.929  -54.217  -3.797 0.8000000119
1637  -15.804  -59.104  -0.028 1.0000000000
2032  -17.713  -57.352  -1.274 0.8999999762
2872  -14.368  -55.278  -2.841 0.8000000119
2885  -14.599  -55.419  -3.530 0.8000000119
74671  -15.410  -55.093  -4.872 0.8000000119
1675  -18.382  -58.008  -1.942 0.8999999762
1677  -21.108  -58.105  -1.268 0.8999999762
2470  -14.200  -56.356  -6.109 0.6999999881
2094  -13.133  -57.301  -6.818 0.5000000000
76130  -15.080  -56.096  -6.555 0.6000000238
2472  -16.094  -55.877  -6.953 0.6999999881
76582  -17.210  -55.871  -7.078 0.6999999881
1322  -22.241  -58.400  -2.547 0.8000000119
2490  -16.574  -56.413  -7.526 0.6000000238
2473  -18.130  -55.644  -6.820 0.6999999881
2488  -14.724  -56.451  -6.982 0.6000000238
1032  -21.921  -60.524  -3.526 0.6999999881
2852  -10.629  -55.465  -0.607 1.0000000000
2842  -11.651  -55.493  0.589 1.0000000000
71026  -12.747  -55.575  1.295 1.0000000000
2844  -13.008  -56.193  1.090 1.0000000000
2400  -13.696  -56.515  1.498 1.0000000000
2401  -14.335  -56.713  1.882 1.0000000000
1606  -14.893  -57.200  2.117 1.0000000000
2012  -14.186  -57.556  1.562 1.0000000000
79641  -14.972  -57.929  1.977 1.0000000000
1607  -15.515  -58.284  1.779 1.0000000000
2014  -17.275  -57.784  0.758 0.8999999762
2024  -17.652  -57.482  -0.170 0.8999999762
3339  -12.363  -54.787  -4.191 0.8000000119
2883  -13.189  -55.272  -3.842 0.8000000119
2884  -14.064  -55.525  -3.605 0.8000000119
2886  -14.912  -55.420  -3.539 0.8000000119
2897  -15.428  -55.097  -3.994 0.8000000119
2896  -14.297  -55.573  -4.227 0.8000000119
2047  -18.624  -57.264  -2.118 0.8999999762
1693  -19.123  -57.680  -2.030 0.8999999762
1694  -20.323  -57.622  -1.875 0.8999999762
1695  -21.570  -57.807  -2.024 0.8999999762
2822  -5.739  -56.043  2.367 0.8000000119
2388  -5.751  -56.830  3.163 0.6999999881
78487  -5.758  -56.129  1.522 0.8000000119
4654  -7.999  -51.778  3.518 1.0000000000
3280  -5.009  -54.238  0.854 0.8999999762
2840  -5.398  -55.361  0.737 0.8000000119
4166  -8.092  -52.576  4.068 1.0000000000
3287  -4.968  -54.350  0.027 0.8999999762
68342  -5.241  -55.181  -0.058 0.8999999762
3744  -5.131  -53.470  -0.745 0.8999999762
3745  -5.850  -53.033  -1.298 0.8999999762
3757  -5.391  -53.768  -1.420 0.8999999762
3746  -6.690  -53.340  -1.421 1.0000000000
3291  -11.476  -55.013  1.276 1.0000000000
68132  -12.223  -54.842  1.733 1.0000000000
3283  -12.922  -55.033  1.768 1.0000000000
3758  -5.991  -53.500  -1.884 0.8999999762
3309  -6.998  -53.833  -1.959 0.8999999762
76797  -8.478  -54.544  -0.683 1.0000000000
3301  -9.189  -54.906  -0.210 1.0000000000
3302  -10.106  -55.160  -0.204 1.0000000000
3290  -9.839  -55.049  0.526 1.0000000000
2823  -13.790  -55.110  2.018 1.0000000000
3310  -8.167  -54.448  -1.479 1.0000000000
3311  -9.069  -54.839  -1.164 1.0000000000
2835  -14.076  -55.954  1.939 1.0000000000
2817  -15.988  -55.156  3.183 1.0000000000
2393  -14.836  -56.351  2.277 1.0000000000
2825  -15.538  -55.886  2.703 1.0000000000
2827  -17.437  -55.767  2.934 1.0000000000
4211  -11.495  -52.782  -2.015 0.6999999881
3759  -12.272  -53.086  -1.698 0.6999999881
4226  -9.308  -52.955  -4.689 0.6999999881
4227  -10.152  -53.172  -4.268 0.6999999881
2394  -15.554  -56.809  2.428 1.0000000000
2396  -17.955  -56.278  2.494 1.0000000000
4233  -6.711  -52.965  -5.808 0.4000000060
77365  -7.593  -52.727  -5.147 0.6000000238
3799  -7.931  -53.160  -5.739 0.5000000000
3800  -8.966  -53.430  -5.583 0.6000000238
3790  -9.893  -53.593  -5.038 0.6000000238
3770  -11.894  -53.397  -2.536 0.8000000119
3771  -12.640  -53.695  -2.206 0.8999999762
3773  -14.141  -54.357  -1.768 0.8999999762
3750  -16.794  -53.742  -0.166 0.8999999762
67859  -17.532  -53.669  -0.104 0.8999999762
73334  -16.888  -57.402  2.116 0.8999999762
2015  -18.079  -57.152  1.334 0.8999999762
3337  -10.637  -53.759  -4.556 0.6000000238
3782  -11.555  -53.659  -3.412 0.6999999881
3772  -13.420  -54.004  -1.934 0.8999999762
79950  -17.343  -57.465  1.651 0.8999999762
4232  -6.257  -52.383  -5.086 0.6000000238
3783  -12.256  -53.966  -3.047 0.8000000119
3763  -16.038  -54.086  -0.885 0.8999999762
2013  -16.773  -57.944  1.485 0.8999999762
2409  -18.521  -56.894  0.739 0.8999999762
2418  -18.430  -56.818  -0.175 0.8999999762
3791  -11.292  -53.929  -4.156 0.6000000238
3321  -12.997  -54.330  -2.656 0.8000000119
3322  -13.830  -54.723  -2.311 0.8000000119
3313  -15.646  -54.443  -1.384 0.8999999762
3314  -16.349  -54.293  -1.478 0.8999999762
3775  -17.166  -53.994  -0.963 0.8999999762
3331  -12.656  -54.562  -3.444 0.8000000119
3332  -13.495  -54.946  -3.088 0.8000000119
3323  -14.614  -54.936  -2.072 0.8000000119
72056  -15.728  -54.782  -2.032 0.8999999762
3774  -17.160  -53.710  -2.504 0.8999999762
75754  -18.352  -56.739  -1.220 0.8999999762
2873  -14.944  -55.289  -2.658 0.8000000119
80939  -15.334  -55.057  -2.314 0.8000000119
3785  -17.820  -53.165  -3.458 0.8999999762
76029  -20.248  -53.372  -2.481 0.8999999762
3315  -20.631  -53.840  -1.730 0.8999999762
2426  -18.547  -56.696  -1.898 0.8999999762
2874  -15.524  -55.002  -2.931 0.8000000119
3784  -17.072  -53.681  -3.609 0.8999999762
3786  -18.647  -52.884  -3.339 0.8999999762
3334  -20.051  -53.738  -3.235 0.8999999762
3333  -16.253  -54.332  -3.835 0.8999999762
3792  -17.050  -53.776  -4.538 0.8999999762
3787  -19.608  -53.528  -4.012 0.8999999762
77411  -19.524  -55.690  -2.762 0.8999999762
2433  -18.896  -56.675  -2.275 0.8999999762
3340  -16.210  -54.391  -4.917 0.8999999762
3793  -17.886  -53.516  -5.000 0.8999999762
72841  -19.759  -55.716  -3.250 0.8999999762
2048  -19.377  -57.037  -2.352 0.8999999762
80589  -16.595  -54.412  -5.503 0.8999999762
3801  -18.732  -53.517  -4.928 0.8999999762
3342  -19.671  -54.229  -4.542 0.8999999762
3351  -18.384  -53.918  -5.523 0.8999999762
3352  -18.997  -53.976  -5.352 0.8999999762
2898  -19.850  -54.930  -4.768 0.8999999762
2055  -19.976  -56.464  -2.868 0.8999999762
2049  -20.913  -57.142  -2.505 0.8000000119
3358  -17.996  -54.403  -6.080 0.8999999762
70150  -19.503  -54.583  -5.322 0.8999999762
2443  -20.245  -55.461  -4.307 0.8000000119
2110  -13.912  -57.364  -7.736 0.5000000000
77610  -18.285  -55.023  -6.434 0.8000000119
2913  -18.885  -55.390  -6.487 0.8000000119
70481  -19.484  -55.816  -6.492 0.8000000119
2465  -21.271  -56.823  -5.119 0.8000000119
1705  -22.108  -58.305  -3.459 0.8000000119
1750  -12.842  -57.760  -7.438 0.5000000000
2489  -15.570  -56.389  -7.353 0.5000000000
2475  -20.377  -56.645  -6.219 0.6999999881
2057  -21.838  -57.481  -3.833 0.8000000119
1041  -21.139  -60.781  -4.298 0.6999999881
2491  -18.058  -56.344  -7.251 0.6999999881
2474  -19.648  -56.564  -6.701 0.6999999881
1348  -21.437  -59.067  -4.852 0.8000000119
2097  -16.088  -56.871  -8.026 0.5000000000
2492  -18.766  -56.818  -7.246 0.6999999881
2081  -19.324  -57.451  -7.037 0.6999999881
1719  -20.735  -58.019  -5.852 0.8000000119
1341  -21.711  -59.776  -4.179 0.8000000119
79060  -20.468  -60.798  -4.775 0.4000000060
80246  -17.393  -56.536  -7.557 0.6000000238
2098  -18.666  -57.525  -7.610 0.5000000000
1738  -19.033  -58.073  -7.313 0.5000000000
1725  -19.614  -58.309  -6.732 0.6999999881
1355  -20.110  -58.832  -5.982 0.6999999881
1347  -20.550  -59.486  -5.386 0.6000000238
1340  -20.875  -60.051  -4.794 0.6000000238
72312  -19.672  -59.811  -5.759 0.6000000238
1053  -19.045  -60.057  -6.014 0.4000000060
2813  -5.707  -55.408  4.251 0.6000000238
2816  -5.712  -55.838  3.279 0.8000000119
3268  -5.511  -54.915  2.532 0.8000000119
5129  -7.579  -51.011  2.502 1.0000000000
79475  -7.416  -51.919  2.443 1.0000000000
4655  -8.479  -51.945  4.578 1.0000000000
3725  -4.698  -53.198  0.886 0.8999999762
4191  -7.062  -52.403  0.740 1.0000000000
4181  -7.235  -52.235  1.603 1.0000000000
74204  -7.452  -53.208  1.824 1.0000000000
3705  -7.785  -53.120  3.603 1.0000000000
3733  -4.818  -53.282  0.021 0.8999999762
4190  -6.139  -52.082  0.108 1.0000000000
71600  -6.997  -52.707  -0.028 1.0000000000
3734  -5.734  -52.618  -0.537 0.8999999762
78073  -7.674  -53.954  2.394 1.0000000000
3269  -8.043  -54.568  1.952 1.0000000000
3735  -6.889  -53.022  -0.789 0.8999999762
73861  -7.663  -53.762  0.158 1.0000000000
3288  -8.116  -54.508  1.011 1.0000000000
3289  -8.849  -54.925  0.767 1.0000000000
73364  -9.449  -55.015  1.421 1.0000000000
69312  -10.957  -54.737  1.774 1.0000000000
3272  -11.738  -54.494  2.165 1.0000000000
3273  -12.668  -54.450  2.232 1.0000000000
3275  -14.268  -54.662  2.530 1.0000000000
2818  -16.917  -55.165  3.343 1.0000000000
3299  -7.662  -53.829  -0.888 1.0000000000
3276  -15.121  -54.897  2.800 1.0000000000
4202  -13.506  -52.790  -1.236 1.0000000000
76710  -16.183  -56.500  2.630 1.0000000000
4700  -9.378  -51.546  -1.183 0.8999999762
4224  -7.213  -52.453  -4.528 0.6999999881
4217  -8.863  -52.390  -3.649 0.6999999881
4225  -8.431  -52.579  -4.492 0.6999999881
3760  -13.073  -53.320  -1.495 0.8999999762
3761  -14.841  -53.526  -1.077 1.0000000000
3751  -18.052  -53.220  0.354 0.8999999762
2397  -19.199  -56.047  1.943 0.8999999762
3312  -14.875  -54.304  -1.426 0.8999999762
2005  -17.675  -56.949  2.089 0.8999999762
2402  -18.888  -56.508  1.383 0.8999999762
2410  -19.187  -56.409  0.659 0.8999999762
3765  -19.729  -53.283  -1.099 0.8999999762
74914  -19.237  -56.296  -0.245 0.8999999762
3324  -15.206  -54.899  -1.942 0.8000000119
4204  -20.020  -53.047  -2.053 0.8999999762
3325  -16.396  -54.289  -2.738 0.8999999762
3776  -18.879  -52.885  -2.515 0.8999999762
2864  -20.665  -54.423  -1.519 0.8999999762
2854  -19.861  -55.675  -1.267 0.8999999762
2427  -19.228  -55.986  -2.122 0.8999999762
77332  -19.305  -52.842  -3.172 0.8999999762
3326  -20.418  -54.075  -2.451 0.8999999762
4220  -19.257  -53.005  -3.800 0.8999999762
2875  -19.811  -54.821  -3.255 0.8999999762
2434  -19.417  -56.327  -2.494 0.8999999762
3350  -17.726  -53.999  -5.602 0.8999999762
2887  -19.803  -54.960  -4.025 0.8999999762
3359  -18.864  -54.591  -5.965 0.8999999762
2056  -21.337  -56.808  -3.318 0.8000000119
2914  -19.604  -55.252  -6.034 0.8000000119
2463  -20.143  -55.934  -6.160 0.8000000119
2453  -20.877  -56.144  -4.797 0.8000000119
2444  -21.431  -56.746  -4.270 0.8000000119
2050  -21.833  -57.600  -2.904 0.8000000119
2464  -20.736  -56.312  -5.634 0.8000000119
2072  -20.805  -57.142  -5.822 0.8000000119
2064  -21.614  -57.475  -4.713 0.8000000119
80319  -20.194  -58.158  -6.295 0.8000000119
2114  -17.612  -57.564  -8.408 0.4000000060
1048  -20.080  -60.363  -5.213 0.5000000000
1040  -19.869  -61.134  -4.992 0.5000000000
5132  -10.057  -50.253  3.722 1.0000000000
3719  -4.635  -53.220  1.735 0.8999999762
5130  -8.277  -50.786  3.272 1.0000000000
5131  -9.090  -50.582  3.841 1.0000000000
5123  -10.372  -50.855  4.535 1.0000000000
4641  -8.977  -51.934  5.107 1.0000000000
4642  -9.715  -51.503  5.144 1.0000000000
4150  -10.244  -51.909  5.479 1.0000000000
4643  -10.683  -51.415  5.163 1.0000000000
4189  -5.140  -52.500  0.286 0.8999999762
3693  -9.667  -53.017  4.953 1.0000000000
4159  -10.336  -52.460  5.337 1.0000000000
3694  -10.586  -53.172  4.861 1.0000000000
3695  -11.470  -53.213  4.884 1.0000000000
4152  -12.627  -52.517  5.361 1.0000000000
3721  -7.949  -53.853  3.319 1.0000000000
3256  -9.470  -54.157  3.671 1.0000000000
3257  -10.445  -54.113  3.342 1.0000000000
3709  -12.042  -53.656  3.999 1.0000000000
3259  -12.320  -54.041  2.879 1.0000000000
3726  -7.600  -53.729  1.248 1.0000000000
3281  -8.923  -54.887  2.303 1.0000000000
3282  -10.044  -54.909  2.024 1.0000000000
3271  -10.749  -54.453  2.486 1.0000000000
3258  -11.408  -54.008  3.057 1.0000000000
3260  -13.154  -54.097  2.843 1.0000000000
3710  -13.602  -53.846  3.744 1.0000000000
76062  -15.237  -53.982  3.699 1.0000000000
3712  -15.921  -53.918  3.936 1.0000000000
3747  -14.955  -52.646  -1.142 1.0000000000
2826  -16.515  -55.869  2.926 1.0000000000
2819  -17.831  -55.017  3.317 1.0000000000
2828  -18.336  -55.560  2.843 1.0000000000
71127  -7.608  -52.286  -3.839 0.6999999881
82039  -9.126  -52.637  -4.207 0.6999999881
79420  -8.540  -52.908  -5.147 0.6000000238
68843  -14.010  -53.590  -1.386 1.0000000000
78682  -18.657  -55.993  2.375 0.8999999762
2836  -19.957  -55.481  1.865 0.8999999762
3749  -16.166  -53.618  -0.530 0.8999999762
3764  -18.555  -53.503  -0.306 0.8999999762
3767  -20.836  -53.821  -0.961 0.8999999762
2420  -20.061  -55.802  -0.437 0.8999999762
2411  -20.033  -55.918  0.480 0.8999999762
68164  -18.212  -53.506  -1.148 0.8999999762
80988  -20.858  -54.064  -1.237 0.8999999762
69307  -20.729  -55.097  -0.759 0.8999999762
2863  -20.174  -55.213  -1.585 0.8999999762
73385  -17.995  -53.183  -2.451 0.8999999762
2419  -19.100  -56.193  -1.247 0.8999999762
3777  -19.798  -53.114  -3.269 0.8999999762
2876  -19.903  -55.008  -2.413 0.8999999762
3794  -19.123  -53.305  -4.390 0.8999999762
3795  -19.284  -53.770  -4.781 0.8999999762
2115  -18.235  -57.702  -8.119 0.4000000060
1354  -19.269  -59.299  -6.441 0.6000000238
1353  -18.581  -59.737  -6.837 0.4000000060
68736  -5.367  -54.006  3.770 0.8000000119
5628  -11.388  -49.420  2.150 1.0000000000
5150  -8.746  -49.928  2.932 1.0000000000
5621  -10.786  -49.872  2.711 1.0000000000
5151  -11.644  -50.241  2.586 1.0000000000
68035  -4.467  -52.714  2.320 0.8000000119
68872  -4.842  -53.132  3.443 0.8000000119
80952  -11.584  -50.781  3.673 1.0000000000
5124  -11.151  -50.991  4.490 1.0000000000
5134  -12.347  -50.953  3.146 1.0000000000
4179  -5.392  -51.864  0.512 1.0000000000
4681  -6.057  -51.093  1.252 1.0000000000
71099  -6.895  -51.450  1.418 1.0000000000
4644  -11.382  -51.487  5.105 1.0000000000
4645  -12.700  -51.478  4.514 1.0000000000
69451  -14.088  -51.407  3.927 1.0000000000
4180  -6.375  -51.622  0.779 1.0000000000
79615  -11.064  -52.659  5.302 1.0000000000
4634  -12.088  -51.839  5.266 1.0000000000
3255  -8.675  -53.981  3.820 1.0000000000
79008  -14.205  -51.822  4.862 1.0000000000
4154  -14.484  -52.391  5.135 1.0000000000
3707  -10.064  -53.646  4.201 1.0000000000
3708  -11.015  -53.618  3.986 1.0000000000
3686  -13.023  -53.131  5.211 1.0000000000
3687  -13.654  -53.185  5.132 1.0000000000
4161  -15.412  -52.602  4.879 1.0000000000
3711  -14.521  -53.848  3.965 1.0000000000
3262  -15.544  -54.425  3.340 1.0000000000
3264  -17.265  -54.388  3.626 1.0000000000
4210  -10.617  -52.531  -2.466 0.6999999881
4704  -13.142  -52.007  -1.096 1.0000000000
68652  -14.701  -51.474  -1.323 1.0000000000
4692  -15.588  -51.845  -1.222 1.0000000000
4200  -11.874  -52.448  -1.346 0.8999999762
72719  -14.018  -52.162  -1.246 1.0000000000
2820  -18.747  -54.742  3.127 1.0000000000
4201  -12.677  -52.649  -1.242 1.0000000000
4693  -16.387  -52.210  -0.794 1.0000000000
2829  -19.279  -55.342  2.535 1.0000000000
4216  -8.004  -52.143  -3.108 0.6999999881
4209  -9.737  -52.420  -3.019 0.6999999881
69633  -9.637  -52.705  -3.910 0.6999999881
81660  -14.264  -52.939  -1.190 1.0000000000
3748  -15.507  -53.360  -0.847 1.0000000000
68326  -16.545  -53.272  -0.110 1.0000000000
2830  -20.036  -54.870  2.283 0.8999999762
2837  -20.512  -54.852  1.751 0.8999999762
4215  -6.668  -51.845  -3.163 0.6999999881
4196  -17.267  -53.307  0.153 1.0000000000
2845  -20.566  -55.401  1.100 0.8999999762
3753  -20.517  -53.565  0.117 0.8999999762
72319  -20.789  -55.369  0.167 0.8999999762
4715  -5.699  -51.450  -3.744 0.4000000060
4203  -19.294  -53.067  -1.730 0.8999999762
3754  -21.142  -53.985  -0.182 0.8999999762
67763  -4.958  -52.521  4.146 0.6999999881
3691  -5.422  -53.439  4.344 0.6000000238
78141  -8.797  -49.176  2.579 1.0000000000
5619  -9.415  -49.343  2.697 1.0000000000
5627  -10.788  -48.933  2.211 1.0000000000
73944  -12.087  -49.482  1.976 1.0000000000
5149  -7.848  -50.169  2.436 1.0000000000
5152  -12.516  -50.317  2.190 1.0000000000
5153  -13.294  -50.366  2.078 1.0000000000
70286  -4.663  -52.330  1.172 1.0000000000
4671  -6.861  -50.998  1.709 1.0000000000
73686  -13.024  -50.836  2.531 1.0000000000
72377  -5.185  -51.469  1.047 1.0000000000
4657  -13.236  -51.219  3.469 1.0000000000
5135  -13.820  -50.992  2.557 1.0000000000
4658  -14.699  -51.164  3.131 1.0000000000
70800  -15.321  -53.454  4.458 1.0000000000
3713  -16.741  -53.797  4.021 1.0000000000
4162  -16.445  -52.371  4.601 1.0000000000
3700  -17.000  -53.048  4.368 1.0000000000
5184  -8.927  -51.013  -0.736 1.0000000000
4199  -10.939  -52.140  -1.445 0.8999999762
67831  -16.294  -51.143  -1.366 1.0000000000
4705  -17.160  -51.446  -0.961 1.0000000000
4171  -19.808  -52.274  2.867 1.0000000000
3715  -18.323  -53.353  3.726 1.0000000000
3265  -18.125  -54.179  3.535 1.0000000000
4694  -17.580  -52.432  0.012 1.0000000000
3716  -19.609  -53.229  3.010 1.0000000000
3277  -19.693  -54.300  2.790 1.0000000000
68163  -7.870  -51.699  -2.292 0.6999999881
4208  -8.921  -52.082  -2.664 0.6999999881
4711  -9.831  -52.040  -1.891 0.8000000119
4195  -15.840  -52.932  -0.663 1.0000000000
4197  -18.038  -53.003  0.523 1.0000000000
3278  -20.376  -54.285  2.210 1.0000000000
3736  -18.694  -53.080  0.777 1.0000000000
3752  -19.115  -53.376  0.263 0.8999999762
3738  -21.016  -53.925  0.570 0.8999999762
3285  -21.071  -54.256  0.916 0.8999999762
2846  -21.093  -54.840  0.605 0.8999999762
80754  -21.181  -54.380  -0.208 0.8999999762
2855  -21.163  -54.770  -0.115 0.8999999762
6153  -9.202  -48.588  2.457 1.0000000000
6156  -12.516  -48.729  2.096 1.0000000000
4164  -4.436  -52.190  3.164 0.8999999762
5626  -8.101  -49.380  2.377 1.0000000000
4670  -5.037  -50.992  1.618 1.0000000000
4653  -4.407  -51.348  3.013 0.8999999762
5148  -6.937  -50.283  1.853 1.0000000000
5625  -7.122  -49.515  2.069 1.0000000000
5629  -12.860  -49.597  1.982 1.0000000000
5147  -5.839  -50.432  1.611 1.0000000000
4672  -15.201  -50.990  2.535 1.0000000000
4647  -14.945  -51.702  4.545 1.0000000000
4648  -15.962  -51.751  4.493 1.0000000000
4649  -16.939  -51.622  4.286 1.0000000000
6182  -12.208  -48.363  -0.596 1.0000000000
3701  -17.750  -52.792  4.113 1.0000000000
68289  -10.413  -50.518  -0.467 1.0000000000
81700  -13.149  -48.543  -0.763 1.0000000000
6183  -14.067  -48.269  -0.759 1.0000000000
5185  -13.757  -51.086  -1.137 1.0000000000
75136  -15.421  -50.845  -1.396 1.0000000000
5187  -16.953  -50.446  -1.372 1.0000000000
4660  -16.899  -51.089  3.389 1.0000000000
4661  -17.780  -51.280  3.721 1.0000000000
4163  -17.206  -52.301  4.397 1.0000000000
5173  -9.501  -50.414  -0.410 1.0000000000
4702  -11.483  -51.902  -1.037 0.8999999762
4691  -12.801  -51.184  -0.961 1.0000000000
5179  -18.937  -50.402  -0.589 1.0000000000
4168  -19.266  -52.357  3.322 1.0000000000
78139  -18.971  -53.069  3.472 1.0000000000
4703  -12.306  -51.976  -1.034 0.8999999762
5178  -18.132  -51.037  -0.841 1.0000000000
4695  -18.544  -51.741  -0.024 1.0000000000
3722  -20.102  -53.743  2.530 1.0000000000
72513  -8.911  -51.756  -1.858 0.8000000119
4685  -19.391  -52.333  1.127 1.0000000000
4183  -20.091  -53.113  1.986 1.0000000000
3723  -20.465  -53.763  2.038 1.0000000000
4699  -8.414  -51.343  -1.375 0.8000000119
3737  -19.290  -53.202  0.858 1.0000000000
3727  -20.741  -53.887  1.381 0.8999999762
3284  -20.764  -54.252  1.581 0.8999999762
5192  -7.289  -51.119  -1.603 0.8000000119
4709  -5.799  -51.215  -3.041 0.6999999881
76679  -6.293  -50.695  -1.870 0.8000000119
5195  -5.522  -50.707  -3.476 0.5000000000
4156  -5.700  -52.854  4.924 0.5000000000
4640  -4.569  -51.622  3.928 0.6000000238
71993  -8.792  -47.905  2.350 1.0000000000
73914  -9.992  -48.665  2.389 1.0000000000
6154  -10.791  -47.804  2.300 1.0000000000
6152  -8.360  -48.638  2.378 1.0000000000
4669  -4.558  -51.026  2.314 1.0000000000
74338  -6.015  -49.665  1.917 1.0000000000
6155  -11.691  -48.492  2.111 1.0000000000
6652  -12.302  -48.005  2.404 1.0000000000
5146  -4.796  -50.417  2.071 1.0000000000
5630  -13.686  -49.703  2.051 1.0000000000
6158  -14.262  -49.059  2.558 1.0000000000
5631  -14.605  -49.987  2.076 1.0000000000
6159  -15.289  -49.268  2.383 1.0000000000
5154  -14.577  -50.743  2.231 1.0000000000
5155  -15.296  -50.528  2.175 1.0000000000
5632  -15.610  -49.881  2.084 1.0000000000
5156  -16.115  -50.386  2.045 1.0000000000
6679  -12.696  -47.749  -0.512 1.0000000000
74782  -13.487  -47.715  -0.550 1.0000000000
5136  -16.630  -50.708  2.425 1.0000000000
74976  -16.323  -51.302  3.972 1.0000000000
5638  -17.377  -48.760  1.632 1.0000000000
6682  -16.094  -47.520  -0.440 1.0000000000
6165  -18.297  -47.844  1.009 1.0000000000
5634  -17.383  -49.522  1.640 1.0000000000
5157  -17.074  -50.215  1.971 1.0000000000
4167  -18.495  -52.515  3.771 1.0000000000
5652  -10.157  -49.633  -0.310 1.0000000000
6191  -14.886  -48.737  -0.901 1.0000000000
5186  -14.623  -50.478  -1.256 1.0000000000
69410  -16.063  -50.250  -1.382 1.0000000000
6166  -18.671  -48.747  0.338 1.0000000000
5165  -17.951  -49.838  1.602 1.0000000000
5138  -18.510  -50.865  3.104 1.0000000000
4650  -17.837  -51.910  4.124 1.0000000000
5640  -19.533  -50.096  0.619 1.0000000000
4662  -18.717  -51.595  3.539 1.0000000000
4674  -19.928  -51.616  2.622 1.0000000000
5176  -12.410  -50.280  -0.802 1.0000000000
5177  -13.226  -50.419  -0.956 1.0000000000
5662  -13.921  -50.009  -1.094 1.0000000000
4696  -19.479  -50.902  0.234 1.0000000000
71612  -19.939  -53.059  2.463 1.0000000000
5172  -8.532  -50.253  -0.446 1.0000000000
5174  -9.825  -51.184  -0.698 0.8999999762
81755  -18.737  -52.555  0.679 1.0000000000
74998  -20.086  -52.029  2.033 1.0000000000
4701  -10.234  -51.765  -1.029 0.8999999762
70967  -10.860  -51.774  -0.990 0.8999999762
4182  -19.799  -52.555  1.698 1.0000000000
5183  -7.918  -50.773  -0.912 0.8000000119
4192  -19.262  -53.070  1.167 1.0000000000
5182  -6.802  -50.384  -1.229 0.8000000119
5191  -5.684  -50.467  -2.593 0.6000000238
5672  -5.616  -49.835  -3.157 0.5000000000
77390  -5.626  -49.614  -2.415 0.6999999881
4149  -6.188  -52.318  5.470 0.5000000000
5120  -4.802  -50.938  4.374 0.6000000238
72008  -7.736  -47.993  2.279 1.0000000000
68258  -9.742  -47.807  2.344 1.0000000000
77167  -4.508  -50.120  3.752 0.8999999762
6150  -6.237  -48.889  2.169 1.0000000000
5618  -4.614  -49.834  2.717 1.0000000000
69508  -5.186  -49.863  2.048 1.0000000000
6157  -13.282  -48.921  2.341 1.0000000000
6637  -12.470  -47.698  3.284 1.0000000000
6145  -13.727  -48.475  3.346 1.0000000000
6147  -16.037  -48.300  2.802 1.0000000000
6146  -14.460  -48.413  3.737 1.0000000000
69309  -16.244  -49.065  2.025 1.0000000000
6680  -14.268  -47.561  -0.496 1.0000000000
6160  -16.956  -48.074  2.117 1.0000000000
5137  -17.506  -50.771  2.792 1.0000000000
6683  -17.133  -47.693  -0.436 1.0000000000
6669  -18.267  -47.850  0.309 1.0000000000
5139  -19.299  -51.018  3.044 1.0000000000
5663  -14.715  -49.615  -1.126 1.0000000000
6194  -17.326  -49.088  -1.126 1.0000000000
5656  -18.274  -48.915  -0.824 1.0000000000
5657  -19.043  -49.054  -0.294 1.0000000000
5643  -19.251  -49.438  0.194 1.0000000000
5159  -19.850  -50.985  2.478 1.0000000000
5653  -11.045  -49.707  -0.444 1.0000000000
69278  -13.201  -49.567  -0.885 1.0000000000
79983  -15.285  -50.088  -1.295 1.0000000000
5665  -16.697  -49.624  -1.276 1.0000000000
81641  -18.320  -49.553  -1.078 1.0000000000
5644  -19.392  -49.775  -0.208 1.0000000000
4675  -20.078  -51.434  2.166 1.0000000000
5167  -19.833  -50.897  1.192 1.0000000000
5651  -9.199  -49.526  -0.236 1.0000000000
5661  -7.441  -49.943  -0.603 0.8999999762
5181  -5.816  -49.937  -1.803 0.8000000119
5660  -6.223  -49.354  -1.022 0.8000000119
4622  -7.347  -50.990  6.360 0.5000000000
5110  -7.487  -50.256  6.658 0.5000000000
5115  -7.383  -50.189  5.969 0.5000000000
5117  -5.795  -51.035  5.148 0.6000000238
6648  -8.258  -47.219  2.339 1.0000000000
5121  -5.153  -50.150  4.623 0.6999999881
71282  -10.217  -47.016  2.441 1.0000000000
6651  -11.696  -47.463  2.644 1.0000000000
5614  -4.552  -49.153  3.386 0.8999999762
6149  -5.410  -48.221  2.505 1.0000000000
5624  -5.066  -49.083  2.441 1.0000000000
6140  -13.205  -48.099  4.208 1.0000000000
6144  -12.998  -48.223  2.865 1.0000000000
6653  -16.727  -47.287  2.734 1.0000000000
7220  -16.832  -46.935  -0.067 1.0000000000
7190  -17.942  -46.547  1.110 1.0000000000
75437  -18.283  -49.065  1.095 1.0000000000
74839  -14.729  -48.022  -0.689 1.0000000000
80125  -18.574  -49.627  1.309 1.0000000000
73119  -19.185  -50.568  2.492 1.0000000000
71425  -10.796  -48.824  -0.402 1.0000000000
70553  -11.639  -48.965  -0.549 1.0000000000
6185  -16.384  -48.204  -0.759 1.0000000000
75843  -17.968  -48.080  -0.336 1.0000000000
6187  -18.563  -48.465  -0.202 1.0000000000
5639  -19.120  -49.620  0.949 1.0000000000
5654  -12.421  -49.208  -0.718 1.0000000000
5655  -13.982  -49.103  -0.958 1.0000000000
5664  -15.676  -49.400  -1.156 1.0000000000
70629  -11.803  -49.727  -0.619 1.0000000000
6179  -8.856  -48.689  -0.138 1.0000000000
5650  -8.126  -49.341  -0.258 1.0000000000
5649  -7.038  -49.132  -0.380 1.0000000000
5669  -5.614  -49.073  -1.878 0.6999999881
5673  -6.586  -49.294  -3.599 0.4000000060
6201  -5.939  -48.939  -2.672 0.5000000000
5118  -6.300  -50.141  5.320 0.6000000238
6649  -9.308  -47.087  2.364 1.0000000000
77722  -10.409  -46.455  2.773 1.0000000000
7168  -10.722  -46.338  3.334 1.0000000000
6636  -11.368  -46.856  3.491 1.0000000000
6143  -4.729  -48.307  3.051 1.0000000000
69558  -11.986  -47.343  3.819 1.0000000000
6141  -13.900  -48.129  4.552 1.0000000000
79912  -15.498  -47.967  3.659 1.0000000000
6640  -16.028  -47.375  3.416 1.0000000000
7748  -16.859  -45.751  0.747 1.0000000000
6654  -17.543  -47.128  2.102 1.0000000000
7219  -15.657  -46.760  -0.055 1.0000000000
7205  -16.452  -46.234  0.291 1.0000000000
7170  -16.402  -46.502  3.050 1.0000000000
7203  -14.052  -46.237  0.082 1.0000000000
6681  -15.105  -47.479  -0.439 1.0000000000
7221  -17.775  -47.282  0.118 1.0000000000
6668  -18.150  -47.063  0.763 1.0000000000
6678  -11.898  -47.664  -0.385 1.0000000000
6192  -15.753  -48.668  -0.915 1.0000000000
74272  -9.874  -48.767  -0.238 1.0000000000
6677  -10.474  -47.966  -0.310 1.0000000000
78843  -11.168  -47.581  -0.298 1.0000000000
6180  -9.480  -48.049  -0.164 1.0000000000
6178  -7.511  -48.412  -0.161 0.8999999762
6197  -5.889  -48.454  -2.054 0.8000000119
6190  -5.927  -48.475  -1.387 0.8000000119
6129  -7.528  -48.787  6.483 0.5000000000
5609  -7.665  -49.433  6.246 0.5000000000
6133  -7.575  -48.638  5.898 0.6000000238
80431  -7.205  -48.544  5.549 0.6000000238
5615  -5.675  -49.309  4.753 0.6000000238
5612  -7.109  -49.221  5.541 0.6000000238
80744  -4.766  -49.413  4.101 0.8000000119
7179  -8.865  -46.391  2.441 1.0000000000
6646  -5.772  -47.485  2.461 1.0000000000
7157  -10.806  -46.608  4.322 1.0000000000
6647  -6.902  -47.222  2.280 1.0000000000
7726  -9.416  -45.531  2.812 1.0000000000
6630  -11.421  -47.440  5.129 1.0000000000
78309  -5.430  -47.022  2.714 1.0000000000
7177  -6.659  -46.271  2.372 1.0000000000
7725  -8.797  -45.043  2.643 1.0000000000
7156  -10.338  -45.826  3.919 1.0000000000
6631  -12.401  -47.851  4.964 1.0000000000
79980  -7.985  -45.101  2.393 1.0000000000
7701  -9.757  -45.402  4.444 1.0000000000
6134  -13.112  -48.014  5.072 1.0000000000
79325  -13.068  -47.209  -0.285 1.0000000000
6632  -14.301  -47.640  4.801 1.0000000000
6633  -14.904  -47.378  4.445 1.0000000000
7747  -15.950  -45.542  0.519 1.0000000000
7158  -14.617  -46.777  4.667 1.0000000000
7169  -15.738  -46.585  3.655 1.0000000000
7704  -14.801  -46.093  4.303 1.0000000000
8296  -16.269  -45.053  1.356 1.0000000000
7714  -15.965  -45.931  3.206 1.0000000000
7712  -14.564  -45.446  3.983 1.0000000000
7204  -15.045  -46.014  0.188 1.0000000000
8308  -15.811  -44.837  0.912 1.0000000000
7727  -15.683  -45.312  2.815 1.0000000000
8263  -13.930  -45.096  4.319 1.0000000000
7202  -13.065  -46.442  0.089 1.0000000000
79730  -14.411  -45.426  0.279 1.0000000000
79014  -15.131  -45.011  0.540 1.0000000000
8295  -15.635  -44.544  1.466 1.0000000000
8277  -14.883  -45.055  3.144 1.0000000000
8276  -14.237  -44.714  3.498 1.0000000000
7215  -11.507  -47.031  -0.069 1.0000000000
8288  -15.376  -44.555  2.278 1.0000000000
7745  -12.624  -45.546  0.404 1.0000000000
7746  -13.592  -45.466  0.270 1.0000000000
8294  -14.879  -43.956  1.654 1.0000000000
8287  -14.624  -44.254  2.619 1.0000000000
6676  -9.813  -47.470  -0.121 1.0000000000
81999  -8.518  -48.031  -0.080 1.0000000000
6675  -7.576  -47.508  -0.064 1.0000000000
6685  -6.184  -47.870  -1.753 0.6999999881
6176  -6.180  -47.891  -1.079 0.8999999762
6177  -6.431  -48.478  -0.648 0.8999999762
6202  -7.268  -48.527  -3.200 0.6000000238
6198  -6.508  -48.155  -2.442 0.6000000238
6128  -7.146  -48.260  6.758 0.5000000000
6139  -6.424  -48.453  4.961 0.6000000238
6138  -4.952  -48.504  3.964 0.8000000119
6629  -5.882  -47.503  4.449 0.8000000119
7167  -10.191  -45.854  3.142 1.0000000000
6645  -5.147  -47.576  2.883 1.0000000000
78250  -7.586  -45.836  2.377 1.0000000000
76497  -10.906  -45.254  7.364 1.0000000000
7724  -6.972  -45.307  2.312 1.0000000000
8286  -8.494  -44.409  2.700 1.0000000000
6620  -11.081  -47.444  5.900 1.0000000000
75521  -12.604  -47.580  5.558 1.0000000000
7671  -11.203  -45.822  7.031 1.0000000000
7147  -13.299  -46.979  5.605 1.0000000000
7138  -12.127  -46.466  6.371 1.0000000000
7681  -11.888  -45.724  6.574 1.0000000000
7148  -13.994  -46.994  5.202 1.0000000000
7693  -13.677  -46.255  5.310 1.0000000000
7702  -13.574  -45.454  5.075 1.0000000000
7703  -14.218  -45.973  4.759 1.0000000000
71291  -14.258  -44.512  0.550 1.0000000000
7200  -11.053  -46.323  0.333 1.0000000000
7201  -12.045  -46.350  0.246 1.0000000000
8275  -13.626  -44.349  3.834 1.0000000000
7214  -10.518  -47.075  -0.047 1.0000000000
71767  -15.106  -44.300  0.911 1.0000000000
8307  -14.481  -43.833  0.973 1.0000000000
8877  -13.913  -44.042  3.007 1.0000000000
7213  -9.365  -46.866  0.131 1.0000000000
76451  -8.839  -47.437  -0.014 1.0000000000
6674  -6.726  -46.831  -0.434 0.8999999762
72683  -6.624  -47.667  -0.543 1.0000000000
6199  -7.650  -47.859  -2.963 0.6000000238
6604  -6.695  -47.526  6.700 0.5000000000
6611  -7.384  -48.065  6.169 0.5000000000
6132  -7.089  -47.918  5.541 0.6000000238
8229  -8.647  -44.693  7.505 1.0000000000
8213  -8.949  -44.147  8.202 1.0000000000
7154  -5.243  -46.946  3.577 1.0000000000
7155  -5.848  -46.601  4.376 0.8000000119
7679  -8.698  -45.284  6.822 1.0000000000
8230  -9.509  -44.758  7.845 1.0000000000
7144  -10.035  -46.368  5.083 1.0000000000
7680  -9.288  -45.882  6.668 1.0000000000
7670  -10.453  -45.819  7.247 1.0000000000
70005  -10.296  -45.068  7.626 1.0000000000
7176  -5.650  -46.432  2.639 1.0000000000
7145  -10.572  -47.119  5.637 1.0000000000
7690  -9.295  -45.934  5.662 1.0000000000
7136  -10.600  -47.034  6.319 1.0000000000
6612  -11.330  -47.329  6.180 1.0000000000
10043  -8.422  -40.947  1.418 1.0000000000
8242  -12.209  -44.870  6.190 1.0000000000
9457  -8.699  -41.807  1.229 1.0000000000
7691  -12.524  -45.774  6.092 1.0000000000
8251  -12.865  -44.954  5.483 1.0000000000
8261  -12.774  -44.057  4.984 1.0000000000
8893  -9.066  -43.582  1.164 1.0000000000
8262  -13.340  -44.619  4.672 1.0000000000
8303  -9.811  -44.817  1.076 1.0000000000
8868  -13.017  -43.937  4.130 1.0000000000
7744  -11.648  -45.561  0.619 1.0000000000
8306  -13.200  -44.584  0.499 1.0000000000
8889  -14.275  -43.328  1.484 1.0000000000
8882  -14.324  -43.505  2.215 1.0000000000
7212  -7.851  -46.682  0.128 1.0000000000
6686  -6.280  -47.069  -1.263 0.8999999762
7123  -5.460  -46.770  7.743 0.5000000000
7124  -5.986  -46.820  7.041 0.5000000000
7134  -6.058  -45.915  6.151 0.6999999881
82179  -5.977  -46.390  6.697 0.6000000238
78948  -6.995  -47.304  5.947 0.6999999881
7678  -5.875  -45.405  5.386 0.8000000119
7143  -6.192  -46.120  5.181 0.8000000119
6619  -6.583  -47.000  5.309 0.8000000119
68246  -7.603  -42.662  6.076 1.0000000000
8228  -8.060  -43.970  7.153 1.0000000000
7709  -5.465  -45.431  3.553 0.8000000119
81326  -5.738  -45.934  4.322 0.8000000119
8239  -7.932  -43.654  6.124 1.0000000000
8240  -8.300  -44.665  6.552 1.0000000000
8214  -9.577  -44.016  8.329 1.0000000000
7722  -5.418  -45.851  2.993 1.0000000000
73889  -5.334  -46.269  3.466 0.8999999762
8231  -10.348  -44.178  8.089 1.0000000000
8283  -5.623  -45.067  2.862 1.0000000000
7711  -9.848  -45.224  3.602 1.0000000000
8250  -8.426  -44.443  5.560 1.0000000000
8232  -10.969  -44.552  7.533 1.0000000000
8284  -6.344  -44.708  2.499 1.0000000000
8285  -7.394  -44.286  2.398 1.0000000000
7710  -9.276  -44.715  3.201 1.0000000000
72550  -11.452  -44.064  7.062 1.0000000000
8831  -11.125  -43.708  7.596 1.0000000000
7125  -10.018  -46.398  6.772 1.0000000000
10044  -9.483  -41.073  1.427 1.0000000000
8846  -11.843  -44.060  6.416 1.0000000000
79027  -10.719  -40.682  1.743 1.0000000000
9467  -8.849  -42.722  1.179 1.0000000000
9458  -9.678  -41.969  1.231 1.0000000000
9459  -10.640  -42.059  1.233 1.0000000000
10045  -10.299  -41.256  1.412 1.0000000000
71464  -11.136  -41.249  1.528 1.0000000000
8885  -10.967  -42.975  1.134 1.0000000000
10046  -11.927  -41.106  1.840 1.0000000000
8894  -10.628  -44.609  1.121 1.0000000000
8895  -11.178  -43.940  1.109 1.0000000000
8886  -12.056  -43.110  1.037 1.0000000000
8876  -13.375  -43.635  3.353 1.0000000000
8881  -13.925  -42.905  2.025 1.0000000000
7743  -9.371  -45.516  0.727 1.0000000000
76574  -10.570  -45.458  0.818 1.0000000000
8304  -11.354  -44.780  1.005 1.0000000000
8896  -12.699  -43.835  0.774 1.0000000000
8897  -13.662  -43.669  0.835 1.0000000000
8888  -13.761  -42.924  1.333 1.0000000000
7198  -8.701  -46.121  0.435 1.0000000000
7223  -6.422  -46.182  -1.038 0.8999999762
73869  -5.251  -45.297  7.684 0.5000000000
7677  -5.485  -45.163  6.772 0.6999999881
71193  -6.454  -46.765  6.336 0.6000000238
10032  -6.890  -41.257  4.419 1.0000000000
69973  -6.557  -46.655  5.789 0.8000000119
8828  -7.741  -43.238  6.958 1.0000000000
8829  -8.143  -43.407  7.792 1.0000000000
8258  -5.500  -44.655  4.028 0.8999999762
9440  -7.472  -41.831  5.110 1.0000000000
8212  -8.473  -44.017  7.896 1.0000000000
78009  -5.419  -45.269  3.068 0.8999999762
8865  -7.852  -42.628  3.872 1.0000000000
8818  -10.075  -43.416  8.418 1.0000000000
8273  -8.059  -43.631  2.835 1.0000000000
8866  -8.372  -43.359  3.683 1.0000000000
8259  -8.896  -44.033  4.389 1.0000000000
7700  -9.081  -44.967  5.024 1.0000000000
9420  -11.254  -42.852  7.635 1.0000000000
10644  -6.978  -40.436  1.263 1.0000000000
10645  -9.320  -40.371  1.751 1.0000000000
78548  -9.815  -40.081  2.014 1.0000000000
9421  -11.785  -42.271  7.109 1.0000000000
10646  -10.069  -40.503  1.702 1.0000000000
10638  -10.444  -40.330  2.302 1.0000000000
8856  -11.933  -43.379  5.972 1.0000000000
10639  -11.243  -40.712  2.131 1.0000000000
68352  -12.214  -42.883  4.027 1.0000000000
9442  -12.278  -43.456  5.253 1.0000000000
10047  -12.432  -41.615  1.728 1.0000000000
10041  -12.333  -41.463  2.492 1.0000000000
8867  -12.536  -43.413  4.482 1.0000000000
80603  -9.229  -44.283  1.112 1.0000000000
9460  -11.730  -41.995  1.306 1.0000000000
9455  -13.245  -42.800  2.703 1.0000000000
8875  -12.775  -43.172  3.665 1.0000000000
78710  -10.142  -43.911  1.209 1.0000000000
9461  -12.668  -42.246  1.345 1.0000000000
9454  -12.941  -41.946  2.183 1.0000000000
76484  -11.900  -44.096  0.951 1.0000000000
8887  -13.044  -42.986  1.037 1.0000000000
9462  -13.399  -42.454  1.709 1.0000000000
8302  -8.737  -44.839  0.848 1.0000000000
7742  -8.102  -45.405  0.532 1.0000000000
77310  -7.596  -45.922  0.276 1.0000000000
7211  -6.861  -46.046  -0.284 1.0000000000
7225  -6.785  -46.339  -1.835 0.8000000119
10031  -6.199  -41.097  4.170 1.0000000000
9435  -7.386  -41.884  6.010 1.0000000000
7688  -5.607  -44.889  5.869 0.6999999881
8249  -5.624  -44.676  4.974 0.8000000119
68203  -5.422  -43.875  4.353 0.8000000119
9446  -7.367  -41.933  4.163 1.0000000000
9404  -8.472  -42.787  8.374 1.0000000000
8272  -5.478  -44.757  3.178 0.8999999762
9450  -7.034  -42.257  3.339 1.0000000000
8855  -8.281  -43.412  4.756 1.0000000000
78437  -9.881  -42.779  8.595 1.0000000000
8872  -5.579  -43.850  3.344 1.0000000000
77290  -6.085  -43.484  2.839 1.0000000000
8874  -7.557  -42.916  3.010 1.0000000000
8830  -10.722  -43.367  8.080 1.0000000000
9405  -10.663  -42.616  8.284 1.0000000000
8879  -5.855  -44.243  2.791 1.0000000000
8880  -6.572  -43.768  2.578 1.0000000000
78082  -7.236  -43.409  2.602 1.0000000000
9406  -11.391  -41.969  7.816 1.0000000000
80449  -7.764  -40.735  1.407 1.0000000000
68024  -8.263  -40.360  1.765 1.0000000000
10042  -7.102  -41.106  0.786 1.0000000000
10637  -9.752  -40.125  2.646 1.0000000000
9436  -11.849  -42.542  6.090 1.0000000000
10049  -7.710  -41.708  1.041 1.0000000000
10625  -10.053  -40.553  3.642 1.0000000000
9466  -7.723  -42.476  0.889 1.0000000000
10025  -11.669  -41.789  5.472 1.0000000000
10038  -11.233  -41.258  3.637 1.0000000000
9447  -12.076  -42.915  4.754 1.0000000000
74806  -11.768  -42.354  5.087 1.0000000000
9441  -11.934  -42.936  5.452 1.0000000000
8892  -7.877  -43.346  0.855 1.0000000000
76415  -8.199  -44.142  0.885 1.0000000000
7741  -7.007  -45.273  -0.137 1.0000000000
7750  -6.550  -45.461  -0.876 1.0000000000
7752  -6.832  -45.590  -1.579 0.8000000119
8238  -5.295  -44.270  6.432 0.6000000238
10021  -5.438  -40.907  4.613 0.8999999762
10022  -6.323  -40.684  4.684 1.0000000000
8844  -5.120  -43.453  6.172 0.6000000238
8854  -5.292  -43.851  5.418 0.8000000119
9439  -5.252  -41.953  4.471 0.8999999762
10009  -6.557  -40.401  5.446 1.0000000000
69088  -7.461  -42.311  6.872 1.0000000000
9419  -7.794  -42.624  7.709 1.0000000000
9978  -8.002  -42.080  8.234 1.0000000000
73827  -5.280  -43.003  4.559 0.8999999762
9445  -5.644  -42.401  3.797 1.0000000000
10037  -6.571  -41.646  3.819 1.0000000000
8817  -9.227  -43.352  8.511 1.0000000000
72435  -5.923  -42.941  3.223 1.0000000000
9980  -9.517  -41.592  8.802 1.0000000000
9449  -6.274  -42.231  3.436 1.0000000000
70233  -9.292  -42.416  8.703 1.0000000000
68588  -10.120  -42.092  8.664 1.0000000000
9981  -10.402  -41.335  8.648 1.0000000000
8873  -6.653  -42.903  2.844 1.0000000000
10557  -10.624  -40.580  8.655 1.0000000000
10558  -11.440  -40.081  8.213 1.0000000000
10622  -7.914  -40.136  2.599 1.0000000000
10636  -9.102  -40.071  2.361 1.0000000000
9997  -11.915  -41.344  7.350 1.0000000000
10576  -12.002  -40.341  7.401 1.0000000000
10650  -6.474  -40.540  0.133 1.0000000000
10624  -9.178  -40.222  3.770 1.0000000000
10011  -11.953  -41.683  6.528 1.0000000000
82140  -12.134  -40.905  6.783 1.0000000000
9464  -6.516  -41.312  -0.361 1.0000000000
9465  -6.984  -41.979  0.232 1.0000000000
10592  -12.064  -40.250  6.484 1.0000000000
11246  -12.240  -39.430  7.006 1.0000000000
78195  -11.800  -41.074  5.950 1.0000000000
10626  -10.959  -40.712  3.028 1.0000000000
10603  -10.123  -40.523  5.049 1.0000000000
10033  -10.666  -41.170  4.263 1.0000000000
76442  -11.251  -41.665  4.182 1.0000000000
75210  -11.766  -42.268  4.216 1.0000000000
9451  -11.777  -41.651  3.505 1.0000000000
8301  -7.537  -44.671  0.376 1.0000000000
8827  -5.090  -43.677  6.980 0.6000000238
9434  -4.985  -42.651  5.456 0.8000000119
9438  -4.900  -41.601  5.080 0.8999999762
10010  -7.189  -41.337  6.387 1.0000000000
9996  -7.444  -41.633  7.542 1.0000000000
9979  -8.652  -41.864  8.652 1.0000000000
10575  -7.369  -40.626  7.770 1.0000000000
70687  -8.891  -40.925  8.818 1.0000000000
10556  -9.827  -40.924  8.838 1.0000000000
10623  -8.336  -40.023  3.504 1.0000000000
77641  -11.882  -38.654  7.383 1.0000000000
72647  -9.688  -39.138  5.316 1.0000000000
75434  -12.018  -38.715  6.667 1.0000000000
10604  -11.310  -40.389  5.569 1.0000000000
11257  -11.836  -39.479  6.162 1.0000000000
81057  -11.790  -38.256  6.379 1.0000000000
10024  -10.811  -41.145  4.990 1.0000000000
12529  -11.389  -37.567  5.885 1.0000000000
10034  -11.273  -41.733  4.654 1.0000000000
69372  -6.913  -42.919  -0.030 1.0000000000
8891  -7.218  -43.860  0.146 1.0000000000
8300  -6.882  -44.422  -0.482 1.0000000000
76204  -6.621  -44.875  -0.853 1.0000000000
7755  -7.657  -45.720  -2.455 0.6000000238
8826  -4.937  -42.982  7.529 0.6000000238
8843  -4.904  -42.803  6.507 0.6000000238
9433  -4.664  -41.770  5.936 0.8000000119
10590  -6.092  -39.636  5.694 1.0000000000
10602  -5.722  -40.190  5.149 1.0000000000
10591  -6.934  -40.565  6.685 1.0000000000
69429  -8.016  -41.297  8.375 1.0000000000
10555  -8.078  -40.401  8.459 1.0000000000
73956  -9.715  -40.179  8.894 1.0000000000
80613  -10.684  -39.880  8.681 1.0000000000
11209  -8.181  -39.500  8.455 1.0000000000
80354  -8.748  -40.111  8.792 1.0000000000
11212  -11.240  -39.165  8.330 1.0000000000
81216  -7.276  -40.150  2.010 1.0000000000
11282  -6.866  -39.839  2.656 1.0000000000
11270  -7.358  -39.680  3.597 1.0000000000
11254  -8.843  -38.939  5.202 1.0000000000
10612  -8.573  -39.896  4.374 1.0000000000
11892  -10.612  -38.526  5.454 1.0000000000
11255  -9.249  -39.916  4.973 1.0000000000
11256  -10.653  -39.581  5.499 1.0000000000
11893  -11.549  -38.675  6.043 1.0000000000
10613  -9.903  -40.636  4.644 1.0000000000
12528  -10.495  -37.677  5.201 1.0000000000
12539  -10.925  -36.866  5.083 1.0000000000
8898  -6.718  -43.529  -0.759 1.0000000000
8315  -6.800  -44.251  -1.124 1.0000000000
72822  -6.866  -44.892  -1.347 0.8000000119
7753  -7.683  -44.979  -2.167 0.6999999881
78364  -4.800  -42.385  7.583 0.6000000238
73867  -4.572  -41.456  6.624 0.6999999881
10008  -4.594  -40.820  5.903 0.6999999881
10601  -4.997  -40.348  5.352 0.8000000119
10589  -5.255  -39.552  5.813 0.8000000119
11243  -4.705  -39.183  6.407 0.8000000119
10574  -6.648  -39.710  6.893 1.0000000000
11228  -6.374  -38.595  6.956 1.0000000000
11229  -7.370  -39.635  7.822 1.0000000000
11846  -8.469  -38.560  8.399 1.0000000000
11211  -10.153  -39.316  8.801 1.0000000000
11848  -11.165  -38.208  8.039 1.0000000000
71465  -10.071  -37.649  8.397 1.0000000000
11290  -6.599  -39.791  1.721 1.0000000000
11264  -7.972  -39.551  4.379 1.0000000000
11891  -9.582  -38.333  5.271 1.0000000000
11882  -11.728  -37.863  6.679 1.0000000000
10656  -6.406  -40.644  -0.706 1.0000000000
77660  -8.475  -39.375  4.981 1.0000000000
12511  -11.389  -36.600  6.175 1.0000000000
13124  -11.258  -36.280  5.493 1.0000000000
10054  -6.602  -41.412  -0.998 1.0000000000
10062  -8.323  -41.659  -1.451 0.6999999881
9469  -6.554  -42.137  -0.672 1.0000000000
8316  -7.706  -44.228  -1.725 0.6999999881
68534  -4.619  -41.719  7.554 0.6000000238
9995  -4.460  -40.779  6.817 0.6999999881
67962  -4.527  -40.840  8.808 0.5000000000
9977  -4.441  -40.834  7.873 0.6000000238
10588  -4.633  -39.990  6.068 0.6999999881
11245  -5.742  -38.956  6.150 0.8999999762
10554  -4.390  -39.931  8.319 0.6000000238
11226  -4.480  -39.033  7.319 0.6999999881
11227  -4.866  -38.462  6.775 0.6999999881
11244  -5.481  -38.349  6.647 0.8000000119
80799  -6.582  -37.991  7.272 1.0000000000
11845  -7.395  -38.471  7.774 1.0000000000
11867  -7.752  -37.373  7.870 1.0000000000
11208  -4.438  -39.032  8.334 0.6000000238
11843  -4.621  -38.151  7.754 0.6000000238
12476  -5.381  -36.741  8.216 0.8000000119
11866  -6.627  -37.269  7.512 1.0000000000
11847  -9.521  -38.556  8.683 1.0000000000
11289  -6.253  -39.136  1.244 0.8999999762
80779  -10.798  -37.342  7.849 1.0000000000
11294  -6.346  -39.223  0.171 0.8999999762
77336  -11.468  -37.647  7.355 1.0000000000
10643  -6.430  -39.842  0.679 0.8999999762
11281  -6.297  -39.169  2.335 1.0000000000
11269  -6.541  -39.177  3.316 1.0000000000
11263  -7.423  -39.082  4.448 1.0000000000
11901  -8.005  -38.641  5.065 1.0000000000
11890  -8.673  -38.051  5.157 1.0000000000
12493  -11.199  -36.644  6.808 1.0000000000
12527  -9.427  -37.744  5.053 1.0000000000
13109  -11.297  -35.581  6.608 1.0000000000
13716  -12.225  -34.670  6.331 1.0000000000
74986  -6.601  -40.045  -0.801 0.8999999762
12538  -9.990  -37.401  4.792 1.0000000000
79108  -11.416  -35.701  5.905 1.0000000000
13733  -12.022  -34.820  5.503 1.0000000000
10657  -6.807  -40.597  -1.082 0.8999999762
13732  -11.612  -35.431  5.414 1.0000000000
10061  -7.053  -41.532  -1.230 1.0000000000
13738  -12.627  -34.829  4.756 1.0000000000
13739  -14.200  -35.535  4.669 1.0000000000
9474  -6.789  -42.198  -1.140 1.0000000000
10663  -7.723  -40.915  -1.314 0.6000000238
13131  -11.356  -36.111  4.735 1.0000000000
13133  -13.341  -35.184  4.247 1.0000000000
13134  -14.179  -36.227  3.843 1.0000000000
72687  -10.707  -37.108  4.496 1.0000000000
80670  -12.287  -35.131  4.484 1.0000000000
75621  -6.959  -42.903  -1.208 1.0000000000
9475  -7.693  -42.411  -1.510 0.6999999881
13132  -11.931  -35.761  4.122 1.0000000000
13745  -12.606  -35.274  4.075 1.0000000000
13145  -13.167  -36.026  3.402 1.0000000000
8900  -7.222  -43.594  -1.317 1.0000000000
79215  -5.180  -38.873  6.347 0.8000000119
75055  -5.915  -37.721  7.015 0.8000000119
74746  -8.849  -37.571  8.282 1.0000000000
11190  -4.545  -39.413  9.121 0.6000000238
11825  -4.574  -38.577  8.975 0.6000000238
11844  -4.942  -37.286  7.924 0.6000000238
12477  -6.127  -36.460  7.997 0.8000000119
12478  -7.078  -36.463  8.033 0.8999999762
12479  -8.073  -36.559  8.252 1.0000000000
12481  -10.132  -36.640  8.094 1.0000000000
13093  -11.063  -35.682  7.371 1.0000000000
11908  -6.882  -39.003  4.070 1.0000000000
12536  -7.882  -37.691  4.814 1.0000000000
13717  -13.333  -34.609  6.462 1.0000000000
13734  -12.876  -34.590  5.627 1.0000000000
11301  -7.003  -39.629  -1.092 0.8999999762
12537  -8.828  -37.479  4.762 1.0000000000
13125  -14.759  -36.275  5.321 1.0000000000
13130  -9.762  -37.206  4.013 1.0000000000
13737  -11.917  -35.158  4.815 1.0000000000
79128  -14.830  -36.554  4.530 1.0000000000
12540  -15.025  -36.893  3.968 1.0000000000
70288  -10.923  -36.947  3.840 1.0000000000
12548  -15.399  -37.277  3.435 1.0000000000
12554  -14.902  -37.008  2.781 1.0000000000
76359  -7.830  -43.178  -1.605 0.6000000238
13144  -12.272  -36.222  3.340 1.0000000000
72909  -4.728  -37.778  8.637 0.6000000238
13082  -7.492  -35.983  8.678 0.8999999762
12480  -9.139  -36.688  8.278 1.0000000000
12469  -4.985  -37.152  8.930 0.6000000238
12463  -6.984  -36.477  10.665 0.6999999881
13083  -8.424  -36.090  8.707 0.8999999762
13085  -10.587  -35.959  8.185 1.0000000000
13694  -11.417  -35.320  8.090 1.0000000000
13075  -7.929  -35.664  9.526 0.6999999881
72544  -6.301  -38.435  0.678 0.8999999762
11907  -6.543  -38.341  3.899 1.0000000000
74003  -13.886  -34.864  7.291 1.0000000000
11300  -6.676  -39.296  -0.637 0.8999999762
13695  -11.659  -34.955  7.095 1.0000000000
80527  -6.965  -39.075  -0.995 0.8999999762
13718  -14.231  -35.012  6.416 1.0000000000
13110  -14.661  -35.959  6.200 1.0000000000
69932  -14.297  -35.230  5.541 1.0000000000
12541  -15.317  -37.314  5.070 1.0000000000
13715  -11.649  -35.082  6.154 1.0000000000
81836  -15.198  -37.074  4.447 1.0000000000
11909  -15.963  -37.923  3.861 1.0000000000
13143  -11.273  -36.793  3.009 1.0000000000
12549  -16.055  -37.665  3.188 1.0000000000
13155  -14.053  -36.753  2.968 1.0000000000
70085  -12.623  -36.587  2.633 1.0000000000
12555  -15.693  -37.211  2.667 1.0000000000
12470  -5.694  -36.411  9.168 0.6000000238
13084  -9.539  -36.227  8.632 1.0000000000
79324  -6.242  -37.695  0.964 0.8999999762
12553  -6.082  -37.418  2.681 1.0000000000
11916  -6.127  -38.383  3.007 1.0000000000
11900  -7.197  -38.232  4.595 1.0000000000
68953  -12.288  -34.816  8.105 1.0000000000
11943  -6.625  -38.504  -0.196 0.8999999762
11899  -6.858  -37.581  4.246 1.0000000000
78427  -7.337  -37.629  4.514 1.0000000000
69893  -12.758  -34.580  7.267 1.0000000000
11944  -7.055  -38.496  -0.783 0.8999999762
12546  -6.710  -36.880  3.938 1.0000000000
13128  -8.006  -37.085  4.304 1.0000000000
13095  -14.574  -35.779  7.194 1.0000000000
12590  -7.389  -37.505  -0.695 0.8000000119
12535  -7.328  -37.187  4.314 1.0000000000
13129  -8.872  -37.124  3.986 1.0000000000
11894  -15.745  -38.236  5.470 1.0000000000
74356  -7.377  -36.676  -0.512 0.8000000119
75231  -16.185  -38.831  5.054 1.0000000000
72573  -16.672  -39.522  4.650 1.0000000000
13141  -9.362  -36.777  3.347 1.0000000000
71405  -15.456  -37.453  4.229 1.0000000000
11902  -15.816  -38.096  4.648 1.0000000000
11903  -16.375  -38.687  4.244 1.0000000000
13142  -10.256  -36.829  3.116 1.0000000000
11910  -16.668  -38.424  3.363 1.0000000000
13152  -11.270  -36.639  2.231 1.0000000000
12556  -16.593  -37.660  2.566 1.0000000000
13798  -8.708  -35.106  -1.412 0.4000000060
71375  -11.910  -36.653  2.434 1.0000000000
13154  -13.308  -36.770  2.300 1.0000000000
13166  -14.273  -36.889  2.159 1.0000000000
12566  -15.150  -36.913  2.034 1.0000000000
12567  -16.049  -36.972  1.992 1.0000000000
13189  -15.975  -35.956  0.788 1.0000000000
12471  -6.549  -36.017  9.773 0.6999999881
13074  -7.124  -35.813  9.381 0.6999999881
13061  -7.314  -35.763  10.184 0.6999999881
13076  -8.969  -35.768  9.261 0.8999999762
13671  -9.996  -35.763  9.052 1.0000000000
13682  -10.945  -35.425  8.940 1.0000000000
13683  -11.866  -34.933  8.942 1.0000000000
13649  -12.502  -34.976  10.718 0.8999999762
69572  -13.447  -34.850  8.272 1.0000000000
12584  -6.557  -37.737  0.221 0.8999999762
12545  -6.322  -37.542  3.629 1.0000000000
12494  -14.847  -36.971  7.505 1.0000000000
12513  -15.206  -37.654  6.789 1.0000000000
71629  -6.357  -36.975  0.701 0.8999999762
13162  -6.204  -36.169  1.387 0.8999999762
13094  -14.227  -35.365  7.977 1.0000000000
11884  -16.052  -39.040  5.853 1.0000000000
13185  -7.078  -36.077  -0.187 0.8999999762
68969  -8.256  -37.557  -0.912 0.6000000238
13749  -6.441  -35.425  2.798 1.0000000000
12530  -15.039  -36.971  6.002 1.0000000000
12591  -9.740  -37.797  -0.738 0.6000000238
13140  -8.357  -36.496  3.577 1.0000000000
11192  -15.439  -40.023  9.338 0.8000000119
11849  -14.353  -38.732  8.812 0.8999999762
11271  -17.000  -39.399  3.828 1.0000000000
11911  -17.603  -39.261  3.047 0.8999999762
11917  -17.277  -38.423  2.704 1.0000000000
73986  -10.607  -36.624  2.386 1.0000000000
76332  -17.613  -37.973  2.060 1.0000000000
81616  -17.557  -37.424  1.665 1.0000000000
69294  -11.763  -36.494  1.817 1.0000000000
13165  -13.039  -36.585  1.591 1.0000000000
12568  -16.934  -37.221  1.839 1.0000000000
80060  -17.621  -36.270  0.715 1.0000000000
13063  -8.745  -35.395  10.852 0.6999999881
77615  -11.296  -35.095  9.630 1.0000000000
13646  -9.543  -35.246  10.606 0.6999999881
81283  -11.081  -34.908  11.397 0.6999999881
13684  -12.772  -34.797  9.052 1.0000000000
13184  -6.572  -36.166  0.482 0.8999999762
13685  -13.426  -35.100  9.150 1.0000000000
13086  -14.049  -35.841  8.876 1.0000000000
13087  -14.505  -36.341  8.117 1.0000000000
13648  -11.807  -34.852  11.046 0.8000000119
78342  -14.241  -37.003  8.831 1.0000000000
11868  -14.944  -38.114  7.793 1.0000000000
13149  -6.176  -36.323  2.490 1.0000000000
13064  -13.065  -35.590  11.016 0.8000000119
12472  -14.036  -37.910  9.887 0.8999999762
12483  -14.546  -37.504  8.345 1.0000000000
13138  -6.615  -36.159  3.408 1.0000000000
13139  -7.279  -36.392  3.844 1.0000000000
11815  -14.504  -38.210  10.245 0.8999999762
11191  -14.825  -39.525  9.496 0.8999999762
80918  -16.417  -39.540  5.379 0.8999999762
11258  -16.845  -40.334  5.200 0.8000000119
11265  -17.417  -40.374  4.287 0.8999999762
13766  -6.782  -35.445  0.298 0.8999999762
13742  -6.984  -35.528  3.300 1.0000000000
14382  -7.385  -34.944  3.081 1.0000000000
13743  -7.705  -35.720  3.331 1.0000000000
78538  -16.079  -40.467  9.152 0.8000000119
11869  -15.337  -38.754  7.217 1.0000000000
81590  -17.685  -40.000  3.532 0.8999999762
13783  -7.223  -35.097  -0.310 0.8999999762
13150  -8.978  -36.176  2.969 1.0000000000
73477  -9.827  -36.468  2.606 1.0000000000
9983  -16.132  -41.601  8.046 0.8000000119
11912  -18.563  -39.550  2.628 0.8999999762
13750  -9.427  -35.630  2.426 1.0000000000
68852  -17.727  -40.816  8.760 0.6999999881
11918  -18.130  -38.842  2.394 0.8999999762
13163  -11.014  -36.341  1.840 1.0000000000
76566  -13.739  -36.612  1.534 1.0000000000
13758  -11.585  -35.947  1.362 1.0000000000
13164  -12.462  -36.252  1.351 1.0000000000
13186  -13.297  -36.228  1.107 1.0000000000
72974  -14.617  -36.570  1.451 1.0000000000
13167  -15.522  -36.517  1.396 1.0000000000
13062  -8.056  -35.575  10.546 0.6999999881
13670  -8.720  -35.480  10.110 0.6999999881
12464  -7.694  -35.998  11.048 0.6999999881
13040  -8.451  -35.707  11.289 0.6000000238
80845  -10.271  -35.112  10.577 0.8000000119
13672  -10.374  -35.344  9.844 1.0000000000
13647  -11.029  -34.978  10.527 0.8000000119
75589  -12.102  -34.891  9.960 1.0000000000
74200  -13.486  -36.107  10.431 1.0000000000
13765  -6.394  -35.328  1.120 0.8999999762
12473  -14.100  -38.007  9.227 0.8999999762
13755  -6.116  -35.322  2.006 0.8999999762
12450  -13.752  -36.417  11.185 0.8000000119
11850  -14.819  -39.510  8.349 0.8999999762
10577  -15.852  -41.338  7.625 0.8000000119
11248  -16.297  -40.142  6.095 0.8000000119
10627  -18.304  -40.666  3.664 0.8000000119
14388  -6.430  -34.802  2.341 0.8999999762
80655  -8.328  -35.895  3.196 1.0000000000
82007  -15.464  -38.671  10.311 0.8000000119
10560  -16.273  -41.143  8.630 0.8000000119
10628  -19.424  -40.511  3.478 0.8000000119
72634  -8.351  -35.943  -0.998 0.6999999881
14389  -7.050  -34.495  2.519 0.8999999762
13744  -8.352  -35.253  2.960 1.0000000000
11829  -15.652  -39.160  9.969 0.6000000238
11193  -16.404  -39.660  9.525 0.6999999881
10579  -19.411  -41.257  7.404 0.6000000238
10012  -16.988  -42.228  6.814 0.8000000119
81776  -7.509  -34.472  -0.735 0.8000000119
11919  -19.310  -39.288  2.272 0.8999999762
13151  -10.258  -36.130  2.027 1.0000000000
13187  -14.127  -36.195  0.948 1.0000000000
11249  -19.941  -40.181  6.305 0.5000000000
12557  -18.852  -38.553  1.818 0.8999999762
13757  -10.775  -35.623  1.550 1.0000000000
13188  -15.012  -36.067  0.873 1.0000000000
13168  -16.451  -36.599  1.359 1.0000000000
12569  -18.310  -37.647  1.440 0.8999999762
12570  -19.818  -38.187  1.353 0.8999999762
14424  -15.116  -34.281  -0.531 1.0000000000
13771  -15.372  -35.467  0.347 1.0000000000
13190  -16.882  -36.157  0.823 1.0000000000
13650  -13.024  -35.086  9.972 1.0000000000
13043  -12.478  -35.127  11.773 0.8000000119
69093  -13.798  -36.998  10.212 1.0000000000
13077  -13.614  -36.084  9.782 1.0000000000
14381  -6.756  -34.947  2.932 1.0000000000
14397  -6.382  -34.630  1.640 0.8999999762
10594  -17.278  -42.019  6.087 0.8000000119
10606  -18.647  -41.659  4.813 0.8000000119
76693  -6.636  -34.270  1.984 0.8999999762
10014  -18.804  -42.022  6.453 0.8000000119
10616  -19.623  -40.793  4.099 0.8000000119
11274  -20.101  -39.942  3.197 0.8000000119
14419  -7.111  -33.947  -0.203 0.8999999762
14391  -8.853  -34.640  2.460 1.0000000000
10596  -19.543  -41.268  6.367 0.6999999881
11273  -19.501  -39.928  2.794 0.8000000119
13784  -7.862  -35.169  -0.921 0.6999999881
14390  -7.877  -34.363  2.664 1.0000000000
80378  -9.462  -34.894  2.216 1.0000000000
13756  -10.005  -35.226  1.931 1.0000000000
10537  -18.087  -40.034  9.105 0.5000000000
14420  -7.979  -34.401  -1.175 0.6000000238
14399  -9.523  -34.221  2.032 1.0000000000
13769  -13.682  -35.674  0.628 1.0000000000
13767  -12.271  -35.471  0.851 1.0000000000
13768  -12.935  -35.785  0.824 1.0000000000
13169  -17.501  -36.869  1.241 1.0000000000
13191  -18.287  -36.704  0.823 1.0000000000
13170  -18.990  -37.313  0.987 1.0000000000
13773  -17.296  -35.712  0.351 1.0000000000
13774  -18.328  -35.952  0.326 1.0000000000
13788  -16.741  -35.118  -0.096 1.0000000000
13633  -11.617  -34.938  11.997 0.6999999881
12465  -14.203  -37.314  10.606 0.8000000119
14408  -6.743  -34.512  0.606 0.8999999762
14398  -6.813  -33.907  1.328 0.8999999762
70867  -16.173  -38.265  10.623 0.6000000238
67916  -19.633  -40.908  5.554 0.6999999881
11896  -19.578  -38.859  5.715 0.6999999881
11920  -20.429  -39.309  2.577 0.8000000119
14967  -7.462  -33.704  -0.777 0.8999999762
14941  -7.367  -33.742  2.024 1.0000000000
14410  -11.398  -34.928  0.990 1.0000000000
76418  -19.780  -38.312  6.173 0.6000000238
11929  -20.029  -38.965  1.890 0.8000000119
14942  -8.442  -33.749  2.245 1.0000000000
14400  -10.464  -34.632  1.466 1.0000000000
14411  -12.321  -34.549  0.564 1.0000000000
14421  -13.046  -34.079  0.214 1.0000000000
12571  -21.017  -37.960  1.406 0.8999999762
14437  -8.602  -34.133  -1.565 0.5000000000
14423  -14.353  -34.374  -0.238 1.0000000000
13786  -14.879  -34.922  0.014 1.0000000000
13171  -20.286  -37.392  0.884 0.8999999762
14439  -15.889  -34.094  -0.782 1.0000000000
13192  -19.286  -36.663  0.564 0.8999999762
13787  -15.786  -34.841  -0.219 1.0000000000
14425  -16.470  -34.512  -0.553 1.0000000000
77511  -17.771  -35.200  -0.153 1.0000000000
13789  -18.808  -35.280  -0.206 1.0000000000
14959  -6.968  -33.434  0.451 0.8999999762
11904  -19.856  -39.198  4.620 0.8000000119
12543  -20.293  -38.769  3.861 0.8000000119
12542  -19.519  -38.020  4.715 0.6999999881
12550  -20.719  -38.742  3.058 0.8000000119
12558  -20.952  -38.584  2.360 0.8000000119
14949  -8.013  -32.995  1.780 0.8999999762
10578  -18.739  -41.400  7.997 0.6000000238
10597  -20.020  -40.727  6.909 0.5000000000
11921  -20.785  -38.641  1.915 0.8000000119
14422  -13.681  -34.411  0.081 1.0000000000
15540  -7.135  -33.043  -0.282 0.8999999762
14978  -8.434  -33.136  -1.414 0.5000000000
14412  -13.143  -35.003  0.462 1.0000000000
14413  -14.053  -34.991  0.236 1.0000000000
14426  -17.314  -34.489  -0.639 1.0000000000
13775  -19.551  -35.910  0.132 1.0000000000
11895  -19.342  -38.196  5.384 0.6999999881
14951  -10.064  -33.623  1.515 1.0000000000
14950  -9.091  -33.263  1.783 1.0000000000
14409  -10.924  -33.865  1.112 1.0000000000
11885  -19.364  -37.821  5.820 0.6000000238
12559  -21.300  -38.130  1.976 0.8000000119
14977  -7.543  -32.905  -0.817 0.8999999762
13172  -21.130  -37.118  1.009 0.8000000119
15541  -7.416  -32.355  -0.365 0.8999999762
14970  -14.571  -33.823  -0.660 1.0000000000
13126  -19.088  -36.540  5.582 0.6000000238
13135  -19.193  -37.044  4.752 0.6000000238
13146  -19.377  -36.425  4.099 0.6000000238
14948  -7.320  -33.144  1.156 0.8999999762
15521  -7.814  -32.481  1.073 0.8999999762
14962  -11.217  -33.115  0.764 1.0000000000
74881  -20.125  -36.728  3.343 0.6000000238
82021  -12.388  -33.768  0.358 1.0000000000
13136  -20.048  -37.711  3.791 0.6000000238
13156  -21.105  -36.820  2.497 0.6000000238
80457  -21.388  -37.664  2.173 0.6999999881
15530  -7.233  -32.642  0.348 0.8999999762
15531  -7.747  -32.040  0.339 0.8999999762
82051  -8.675  -32.693  1.423 0.8999999762
14960  -9.615  -32.641  1.332 0.8999999762
76270  -11.712  -33.898  0.673 1.0000000000
13157  -21.492  -37.307  1.719 0.8000000119
79524  -21.536  -36.573  1.304 0.8000000119
15522  -8.627  -32.124  1.014 0.8999999762
14969  -13.769  -33.725  -0.378 1.0000000000
14971  -15.208  -33.505  -1.090 1.0000000000
13193  -20.498  -36.548  0.523 0.8999999762
13194  -21.259  -36.229  0.785 0.8999999762
15548  -7.845  -32.192  -0.966 0.6999999881
15533  -10.497  -32.239  0.848 0.8999999762
14968  -12.831  -33.232  -0.090 1.0000000000
14980  -14.313  -33.212  -0.990 1.0000000000
70213  -16.123  -33.467  -1.331 1.0000000000
14440  -16.679  -33.950  -0.958 1.0000000000
13776  -20.712  -35.583  0.185 0.8999999762
78439  -14.446  -32.154  -1.786 1.0000000000
15562  -15.154  -32.154  -1.983 1.0000000000
73221  -16.493  -32.858  -1.790 1.0000000000
14981  -16.918  -33.403  -1.450 1.0000000000
14441  -17.419  -33.822  -1.131 1.0000000000
81424  -17.953  -34.126  -0.933 1.0000000000
14427  -18.275  -34.630  -0.579 1.0000000000
13790  -19.757  -35.240  -0.237 0.8999999762
15563  -16.150  -32.088  -2.239 1.0000000000
14982  -17.582  -33.336  -1.512 1.0000000000
14972  -18.702  -34.047  -0.963 1.0000000000
14428  -19.251  -34.618  -0.565 0.8999999762
76296  -16.952  -32.355  -2.156 1.0000000000
14973  -19.762  -33.854  -0.867 1.0000000000
13719  -18.736  -35.123  6.236 0.3000000119
74149  -18.952  -36.061  4.847 0.4000000060
13747  -19.384  -35.735  3.563 0.5000000000
13751  -20.033  -35.819  3.024 0.6000000238
14961  -10.502  -33.067  1.167 1.0000000000
14963  -11.985  -33.165  0.336 1.0000000000
13158  -21.484  -36.243  1.900 0.6000000238
16189  -8.085  -31.762  -0.428 0.8999999762
15534  -11.463  -32.474  0.345 1.0000000000
15544  -13.485  -32.895  -0.755 1.0000000000
16197  -8.379  -31.514  -1.043 0.8000000119
15532  -9.432  -31.818  0.845 0.8999999762
15535  -12.203  -32.545  -0.052 1.0000000000
69711  -8.880  -31.338  -1.530 0.6000000238
16204  -9.057  -30.742  -2.096 0.6000000238
72920  -12.974  -31.386  -1.527 1.0000000000
13791  -20.395  -34.583  -0.345 0.8999999762
16208  -15.411  -31.419  -2.470 1.0000000000
14442  -18.127  -33.613  -1.305 1.0000000000
16900  -14.667  -30.772  -2.698 0.8999999762
15554  -17.306  -32.850  -1.850 1.0000000000
14983  -18.977  -33.372  -1.407 1.0000000000
13740  -18.678  -35.301  4.948 0.3000000119
13746  -18.910  -35.403  4.151 0.4000000060
76211  -21.402  -35.364  1.932 0.5000000000
16174  -8.578  -31.731  0.440 0.8999999762
15543  -12.796  -32.550  -0.488 1.0000000000
13777  -21.428  -35.413  0.711 0.8000000119
77942  -21.603  -35.623  1.348 0.6999999881
16183  -9.014  -31.369  0.124 0.8999999762
16184  -9.991  -31.320  0.488 0.8999999762
16185  -10.982  -31.695  0.220 0.8999999762
71862  -11.717  -31.991  -0.066 1.0000000000
15542  -12.296  -31.967  -0.488 1.0000000000
15551  -13.982  -32.491  -1.358 1.0000000000
77591  -21.305  -34.656  0.329 0.8999999762
16198  -8.884  -30.802  -1.267 0.6000000238
16206  -13.982  -31.168  -2.336 1.0000000000
14429  -21.125  -33.950  -0.227 0.8000000119
15555  -18.207  -32.891  -1.810 1.0000000000
14401  -21.695  -34.753  1.031 0.6999999881
16191  -10.454  -30.870  -0.054 0.8999999762
15550  -13.086  -32.085  -1.094 1.0000000000
14964  -21.600  -33.849  0.386 0.6999999881
16880  -9.179  -30.351  -0.864 0.8000000119
16881  -9.870  -30.193  -0.523 0.8999999762
16199  -11.745  -30.790  -0.954 0.8999999762
14974  -20.709  -33.311  -0.715 0.8000000119
80312  -20.507  -33.939  -0.556 0.8999999762
16911  -8.890  -29.728  -3.135 0.6000000238
17561  -9.121  -28.872  -3.368 0.5000000000
16901  -15.650  -30.665  -2.901 0.8999999762
16209  -16.300  -31.205  -2.689 1.0000000000
16210  -17.146  -31.656  -2.515 1.0000000000
16915  -15.126  -30.012  -3.181 0.8000000119
16190  -8.746  -31.084  -0.707 0.8999999762
16192  -11.523  -31.289  -0.386 1.0000000000
16200  -12.350  -31.378  -1.001 1.0000000000
16201  -13.758  -31.720  -1.804 1.0000000000
14985  -20.616  -32.560  -1.052 0.6999999881
16885  -9.021  -30.018  -1.541 0.6000000238
16888  -12.411  -30.690  -1.572 0.8999999762
16889  -13.294  -30.985  -2.079 1.0000000000
16899  -13.732  -30.507  -2.599 0.8999999762
15565  -18.573  -32.120  -2.200 0.8999999762
14984  -19.901  -32.976  -1.306 0.8000000119
18828  -9.451  -27.695  -3.243 0.6000000238
16898  -12.893  -30.248  -2.303 0.8000000119
16914  -14.227  -29.951  -3.061 0.8000000119
17564  -14.671  -29.310  -3.459 0.8000000119
15556  -20.147  -32.059  -1.581 0.6999999881
18175  -11.492  -27.915  -3.012 0.6999999881
18187  -12.483  -28.232  -3.309 0.6999999881
72842  -17.088  -30.785  -2.902 0.8999999762
75486  -19.206  -32.573  -1.811 0.8999999762
16870  -9.500  -30.798  -0.182 0.8999999762
16882  -10.857  -30.422  -0.597 0.8999999762
17532  -9.512  -29.689  -1.150 0.8000000119
16886  -10.318  -29.679  -0.957 0.8000000119
16887  -11.434  -30.117  -1.224 0.8999999762
17550  -13.361  -29.753  -2.857 0.8000000119
17565  -15.543  -29.274  -3.524 0.8000000119
16902  -16.408  -30.528  -3.029 0.8999999762
16916  -16.039  -29.945  -3.262 0.8000000119
17551  -16.987  -29.913  -3.237 0.8999999762
78967  -19.341  -31.873  -2.070 0.8999999762
17535  -9.106  -29.247  -1.843 0.6000000238
17536  -9.917  -28.960  -1.545 0.8000000119
18173  -9.116  -28.142  -2.875 0.6999999881
16212  -18.840  -31.276  -2.413 0.8999999762
75752  -11.094  -28.352  -2.398 0.6999999881
17562  -12.966  -28.978  -3.085 0.8000000119
18188  -13.399  -28.377  -3.637 0.8000000119
16903  -17.789  -30.221  -2.976 0.8000000119
17537  -11.048  -29.344  -1.511 0.8000000119
16897  -12.024  -29.843  -1.889 0.8000000119
17547  -10.734  -28.729  -1.851 0.8000000119
17548  -11.631  -29.093  -2.154 0.8000000119
17549  -12.510  -29.467  -2.524 0.8000000119
68116  -15.061  -28.667  -3.770 0.8000000119
17566  -16.537  -29.129  -3.524 0.8000000119
18176  -12.082  -28.705  -2.750 0.6999999881
18201  -14.741  -28.000  -4.081 0.8000000119
17552  -17.759  -29.368  -3.165 0.5000000000
80700  -17.176  -29.274  -3.376 0.6000000238
78423  -15.295  -28.220  -3.954 0.6999999881
70913  -15.510  -27.689  -4.107 0.6000000238
18191  -16.695  -28.284  -3.676 0.6000000238
72240  -18.351  -29.728  -2.850 0.6000000238
18192  -17.360  -28.624  -3.412 0.5000000000
17553  -18.485  -29.040  -2.809 0.5000000000
18833  -16.369  -27.464  -3.878 0.5000000000
72053  -16.938  -26.850  -3.598 0.4000000060
18834  -17.198  -27.668  -3.512 0.5000000000
18820  -18.350  -27.329  -2.611 0.4000000060
18819  -17.567  -26.747  -3.119 0.3000000119
315  -7.553  -63.293  -2.704 0.6999999881
1339  -8.498  -59.650  -5.000 0.8999999762
1636  -13.685  -59.245  0.286 1.0000000000
504  -22.352  -61.745  -1.564 0.5000000000
2851  -9.867  -55.149  -0.912 1.0000000000
2834  -13.370  -55.702  1.577 1.0000000000
70822  -16.263  -57.204  2.367 1.0000000000
2395  -17.009  -56.612  2.562 1.0000000000
2824  -14.591  -55.415  2.343 1.0000000000
5122  -9.648  -50.861  4.459 1.0000000000
74847  -20.614  -56.083  -3.761 0.8000000119
5133  -10.931  -50.449  3.655 1.0000000000
5620  -10.067  -49.596  2.784 1.0000000000
4170  -4.480  -51.695  2.008 1.0000000000
71303  -13.979  -50.420  2.045 1.0000000000
4659  -15.544  -51.288  3.677 1.0000000000
5175  -11.359  -50.626  -0.628 1.0000000000
4682  -19.996  -51.546  1.688 1.0000000000
5633  -16.544  -49.660  1.892 1.0000000000
6650  -10.925  -46.905  2.670 1.0000000000
7218  -14.609  -46.871  -0.133 1.0000000000
6181  -11.378  -48.193  -0.474 1.0000000000
7216  -12.380  -47.085  -0.159 1.0000000000
6638  -14.836  -48.015  4.211 1.0000000000
7217  -13.743  -47.016  -0.210 1.0000000000
76137  -16.668  -45.331  1.755 1.0000000000
8241  -11.559  -44.883  6.913 1.0000000000
7669  -9.746  -45.617  7.303 1.0000000000
8274  -8.919  -44.017  3.497 1.0000000000
70855  -13.787  -43.317  2.629 1.0000000000
81464  -7.878  -43.641  6.736 1.0000000000
7226  -7.810  -46.521  -2.744 0.6000000238
9982  -11.379  -41.060  8.140 1.0000000000
11230  -11.856  -39.513  7.680 1.0000000000
72068  -6.659  -42.749  -0.855 1.0000000000
11865  -5.207  -37.763  7.153 0.8000000119
11247  -15.751  -39.383  6.662 0.8000000119
10605  -16.842  -41.142  5.807 0.8000000119
13770  -14.525  -35.581  0.485 1.0000000000
13631  -10.234  -35.006  11.325 0.6999999881
11266  -20.056  -40.160  3.851 0.8000000119
10562  -18.503  -40.798  8.569 0.6000000238
13111  -19.379  -36.514  6.016 0.4000000060
12551  -21.082  -37.926  2.651 0.8000000119
15553  -15.640  -32.830  -1.682 1.0000000000
13735  -18.816  -35.608  5.581 0.5000000000
15552  -14.787  -32.747  -1.515 1.0000000000
14394  -21.463  -34.652  1.601 0.4000000060
77160  -21.633  -34.294  0.704 0.6000000238
18200  -13.977  -28.039  -4.025 0.6999999881
14975  -21.527  -33.185  -0.062 0.6000000238
16211  -17.895  -31.027  -2.679 0.8999999762
18816  -9.486  -27.628  -2.949 0.6999999881
18189  -14.281  -28.620  -3.728 0.8000000119
16202  -19.846  -31.194  -1.916 0.6999999881
16905  -19.471  -30.391  -2.203 0.6999999881
308  -7.843  -63.622  -1.806 0.6999999881
317  -8.280  -63.360  -2.509 0.8000000119
299  -9.038  -63.888  -0.355 0.8000000119
489  -11.580  -62.643  0.253 0.8000000119
479  -12.752  -62.923  1.452 0.8000000119
2018  -5.975  -56.877  0.015 0.8000000119
6687  -6.897  -47.261  -2.257 0.6999999881
8901  -8.457  -43.694  -1.848 0.6000000238
80550  -7.498  -40.173  -1.207 0.8000000119
10658  -8.799  -40.360  -1.141 0.5000000000
11945  -7.367  -38.879  -1.079 0.8000000119
68316  -7.582  -38.181  -0.973 0.8000000119
13203  -7.926  -36.727  -0.822 0.8000000119
13202  -7.599  -35.956  -0.652 0.8000000119
13785  -9.314  -36.013  -1.238 0.5000000000
78855  -14.532  -39.476  9.097 0.8999999762
13041  -9.301  -35.375  11.537 0.6999999881
10535  -15.551  -40.626  8.763 0.8000000119
10000  -18.357  -42.009  7.342 0.6999999881
15564  -17.696  -32.276  -2.206 1.0000000000
16895  -8.872  -29.847  -2.427 0.6000000238
18829  -9.832  -27.275  -3.511 0.6000000238
18830  -11.892  -27.426  -3.548 0.6999999881
17546  -8.914  -29.018  -2.650 0.6000000238
15545  -21.273  -32.521  -0.505 0.6000000238
18165  -9.342  -28.520  -2.228 0.6999999881
18817  -9.545  -27.925  -2.544 0.6999999881
18818  -10.170  -27.615  -2.775 0.6999999881
16890  -20.398  -30.278  -1.450 0.6000000238
15557  -21.058  -31.867  -0.881 0.6000000238
18174  -10.083  -28.261  -2.138 0.6999999881
18843  -14.893  -27.095  -4.397 0.5000000000
17554  -19.097  -29.535  -2.431 0.6000000238
18178  -18.488  -28.246  -2.729 0.5000000000
19478  -14.062  -26.378  -4.637 0.5000000000
496  -12.210  -61.953  -0.459 0.8999999762
280  -13.595  -63.695  1.762 0.8000000119
270  -14.721  -64.209  1.810 0.6999999881
720  -13.683  -61.371  0.478 0.8000000119
709  -14.031  -61.715  1.420 0.8000000119
702  -15.466  -61.599  2.278 0.8000000119
471  -15.864  -62.308  2.570 0.6999999881
75868  -6.905  -62.534  -2.252 0.6999999881
314  -7.258  -63.137  -2.147 0.6000000238
511  -8.934  -62.794  -3.065 1.0000000000
309  -8.661  -63.547  -1.375 0.8000000119
284  -18.228  -62.909  2.531 0.5000000000
750  -7.228  -61.838  -4.551 0.8999999762
1702  -6.692  -58.984  -4.325 0.8000000119
742  -9.451  -62.194  -3.396 1.0000000000
743  -10.296  -61.664  -3.087 1.0000000000
271  -15.644  -63.539  2.080 0.6000000238
474  -18.521  -61.950  2.744 0.6999999881
2026  -6.301  -57.137  -0.695 0.8000000119
2019  -6.748  -57.282  0.320 0.6000000238
2035  -8.072  -57.988  -1.270 0.6999999881
2034  -6.855  -57.521  -1.642 0.8999999762
1029  -7.456  -60.067  -3.730 0.6999999881
2061  -6.114  -57.729  -5.262 0.8999999762
985  -19.079  -59.763  1.187 0.8000000119
2043  -6.656  -57.775  -2.814 0.8999999762
761  -7.627  -61.236  -5.050 1.0000000000
1031  -10.368  -60.953  -3.385 1.0000000000
301  -10.765  -63.028  -0.022 0.8000000119
975  -20.650  -60.339  1.400 0.6999999881
1293  -20.514  -59.157  0.472 0.8999999762
1304  -21.070  -58.805  -0.088 0.8999999762
75887  -5.666  -56.565  -2.967 0.8999999762
2414  -5.766  -56.790  -0.777 0.8999999762
2438  -5.763  -56.059  -4.342 0.8999999762
73556  -5.868  -57.290  -3.543 0.8999999762
69484  -10.356  -59.046  -3.410 1.0000000000
1703  -9.881  -58.604  -3.840 1.0000000000
1691  -10.751  -58.484  -2.858 1.0000000000
68476  -9.715  -57.761  -3.853 1.0000000000
2044  -9.965  -56.950  -3.360 1.0000000000
1332  -10.391  -60.040  -3.488 1.0000000000
2054  -8.723  -57.546  -4.575 0.8999999762
1018  -11.426  -60.342  -2.593 1.0000000000
2892  -7.424  -55.944  -4.595 0.8999999762
2447  -6.103  -55.924  -4.678 0.8999999762
993  -13.073  -60.503  -1.089 1.0000000000
2900  -10.991  -55.023  -5.932 0.6000000238
78266  -11.072  -54.264  -4.761 0.6999999881
2893  -12.098  -55.034  -4.969 0.6999999881
2902  -12.525  -55.712  -5.362 0.8000000119
2894  -12.844  -55.460  -4.607 0.8000000119
2451  -13.893  -55.799  -4.899 0.8000000119
2460  -13.381  -56.134  -5.557 0.8000000119
730  -22.005  -61.063  -0.321 0.6999999881
2399  -5.941  -56.658  1.374 0.6999999881
2413  -5.687  -56.451  -0.341 0.8999999762
74319  -5.172  -54.611  -1.388 0.8999999762
2850  -5.310  -55.541  -0.722 0.8999999762
1688  -6.179  -58.114  -4.016 0.8999999762
3318  -5.849  -54.517  -2.875 0.8999999762
3319  -6.698  -54.339  -2.763 0.8999999762
2909  -11.461  -55.793  -6.378 0.6000000238
2469  -11.810  -56.750  -6.599 0.8000000119
72591  -10.598  -57.070  -7.529 0.5000000000
2468  -11.043  -56.387  -6.976 0.5000000000
2069  -12.439  -56.803  -6.313 0.5000000000
2070  -12.913  -56.641  -6.039 0.6000000238
3349  -17.078  -54.535  -5.947 0.8999999762
1310  -18.878  -58.516  -1.261 0.8999999762
2392  -5.884  -56.755  2.256 0.8000000119
2405  -5.861  -56.586  0.506 0.8000000119
2440  -9.275  -56.302  -3.649 0.8999999762
2431  -9.815  -56.004  -3.028 1.0000000000
2415  -11.112  -55.990  -1.055 1.0000000000
3320  -7.803  -54.560  -2.379 1.0000000000
1274  -14.242  -58.982  0.901 1.0000000000
2078  -12.436  -56.959  -6.481 0.5000000000
1736  -12.099  -57.645  -7.062 0.5000000000
2079  -13.035  -56.906  -6.228 0.5000000000
2080  -13.649  -56.583  -6.154 0.6000000238
2912  -17.545  -55.119  -6.521 0.6999999881
2860  -8.864  -54.861  -2.067 1.0000000000
2861  -9.704  -55.202  -1.759 1.0000000000
2862  -10.417  -55.610  -1.434 1.0000000000
2095  -13.822  -56.849  -6.690 0.5000000000
2096  -14.900  -56.886  -7.708 0.5000000000
2841  -10.806  -55.275  0.322 1.0000000000
2833  -12.217  -55.249  1.235 1.0000000000
2004  -16.220  -57.923  1.994 1.0000000000
2832  -5.461  -55.136  1.640 0.8000000119
80810  -8.540  -51.281  4.038 1.0000000000
4157  -8.761  -52.637  4.823 1.0000000000
3720  -7.540  -53.076  2.757 1.0000000000
3274  -13.469  -54.529  2.328 1.0000000000
3300  -8.312  -54.471  0.068 1.0000000000
4218  -10.382  -52.858  -3.443 0.6999999881
4219  -11.160  -53.069  -2.973 0.6999999881
3781  -10.868  -53.393  -3.820 0.6999999881
76746  -16.494  -54.004  -0.678 0.8999999762
4223  -6.299  -52.105  -4.115 0.6999999881
70700  -18.479  -53.149  -4.223 0.8999999762
80885  -19.847  -54.194  -3.887 0.8999999762
2905  -20.243  -55.474  -5.362 0.8000000119
72726  -18.832  -56.095  -6.870 0.6999999881
2073  -21.218  -57.541  -5.381 0.8000000119
1712  -21.824  -58.241  -4.377 0.8000000119
2082  -20.159  -57.471  -6.447 0.8000000119
1720  -21.373  -58.190  -5.167 0.8000000119
80561  -17.080  -56.956  -8.045 0.5000000000
70494  -20.886  -58.708  -5.467 0.8000000119
75438  -17.998  -57.057  -7.806 0.5000000000
1047  -19.375  -60.641  -5.516 0.4000000060
3254  -5.559  -54.730  3.432 0.8000000119
70028  -5.060  -54.090  1.745 0.8000000119
4158  -9.533  -52.229  5.299 1.0000000000
81743  -8.154  -54.438  2.685 1.0000000000
3261  -13.974  -54.142  2.950 1.0000000000
3263  -16.391  -54.468  3.561 1.0000000000
2006  -18.468  -56.563  1.997 0.8999999762
2403  -19.716  -56.005  1.284 0.8999999762
74125  -20.291  -53.460  -0.756 0.8999999762
3704  -5.073  -53.808  2.720 0.8000000119
78787  -9.498  -49.962  3.197 1.0000000000
4151  -11.092  -51.972  5.528 1.0000000000
5125  -11.885  -51.223  4.447 1.0000000000
4153  -13.373  -52.637  5.342 1.0000000000
4635  -13.052  -52.021  5.189 1.0000000000
3270  -9.742  -54.593  2.851 1.0000000000
3697  -13.071  -53.505  4.553 1.0000000000
3714  -17.546  -53.614  3.916 1.0000000000
4646  -13.535  -51.648  4.676 1.0000000000
77253  -13.882  -53.536  4.577 1.0000000000
3266  -18.967  -53.828  3.330 1.0000000000
81567  -16.925  -52.721  -0.100 1.0000000000
4710  -6.474  -51.277  -2.366 0.6999999881
5188  -17.684  -50.514  -1.201 1.0000000000
4631  -5.372  -51.854  4.772 0.6000000238
4689  -11.229  -51.443  -0.845 1.0000000000
4193  -20.136  -53.389  1.221 1.0000000000
4140  -6.699  -52.441  6.189 0.5000000000
5128  -4.416  -50.606  2.924 1.0000000000
6151  -7.371  -48.761  2.227 1.0000000000
73440  -15.129  -48.503  3.312 1.0000000000
6161  -17.756  -47.745  1.630 1.0000000000
6184  -15.462  -48.101  -0.712 1.0000000000
6661  -18.080  -47.035  1.396 1.0000000000
5166  -18.813  -50.081  1.710 1.0000000000
70520  -19.621  -50.438  1.633 1.0000000000
4688  -10.624  -51.302  -0.739 1.0000000000
4632  -6.783  -51.636  5.840 0.6000000238
72290  -6.536  -48.100  2.261 1.0000000000
6186  -17.306  -48.440  -0.817 1.0000000000
4633  -6.886  -50.843  5.738 0.6000000238
7181  -17.093  -46.425  2.393 1.0000000000
7206  -17.492  -46.481  0.581 1.0000000000
7737  -17.472  -45.988  1.154 1.0000000000
7180  -9.791  -46.349  2.615 1.0000000000
6639  -15.395  -47.419  4.019 1.0000000000
7729  -17.175  -45.787  1.795 1.0000000000
7736  -16.856  -45.497  1.248 1.0000000000
7178  -7.802  -46.489  2.369 1.0000000000
6628  -5.015  -47.622  3.328 1.0000000000
75363  -5.966  -46.896  2.439 1.0000000000
6621  -11.741  -47.537  5.758 1.0000000000
7166  -5.194  -46.827  3.013 1.0000000000
7723  -5.991  -45.608  2.569 1.0000000000
8260  -9.477  -44.586  4.019 1.0000000000
6135  -13.494  -47.742  5.209 1.0000000000
7159  -15.178  -46.672  4.197 1.0000000000
7713  -15.287  -45.839  3.668 1.0000000000
8289  -16.152  -44.925  2.025 1.0000000000
7146  -12.649  -46.758  6.027 1.0000000000
6613  -11.979  -47.243  6.190 1.0000000000
7137  -11.436  -46.635  6.597 1.0000000000
7126  -10.708  -46.405  6.885 1.0000000000
7692  -13.137  -46.021  5.656 1.0000000000
7199  -9.976  -46.261  0.405 1.0000000000
7668  -9.147  -45.321  7.310 1.0000000000
7135  -9.815  -46.665  6.076 1.0000000000
7689  -8.681  -45.364  6.148 1.0000000000
8857  -12.324  -44.101  5.699 1.0000000000
8305  -12.221  -44.750  0.705 1.0000000000
7133  -5.587  -46.063  7.169 0.5000000000
7699  -5.748  -45.383  4.639 0.8000000119
70712  -7.829  -42.651  5.020 1.0000000000
10023  -7.039  -41.108  5.234 1.0000000000
8845  -11.630  -43.257  6.863 1.0000000000
8884  -9.916  -42.896  1.202 1.0000000000
8227  -5.207  -44.509  7.326 0.5000000000
10040  -11.689  -40.991  2.697 1.0000000000
9452  -12.498  -42.253  3.256 1.0000000000
10030  -5.848  -41.576  3.913 1.0000000000
81717  -10.831  -41.803  8.350 1.0000000000
10020  -4.806  -41.012  5.294 0.8000000119
11210  -9.109  -39.409  8.794 1.0000000000
73415  -10.488  -38.607  8.580 1.0000000000
73608  -6.369  -39.954  -0.296 0.8999999762
10573  -4.409  -39.878  7.013 0.6999999881
12492  -10.831  -36.597  7.490 1.0000000000
74283  -13.618  -34.822  5.028 1.0000000000
81791  -13.756  -34.751  5.804 1.0000000000
12547  -14.715  -36.855  3.395 1.0000000000
12462  -6.086  -36.831  10.365 0.6000000238
11928  -6.095  -38.232  1.812 0.8999999762
72464  -6.148  -37.129  1.628 0.8999999762
12589  -6.928  -37.854  -0.374 0.8999999762
12512  -14.888  -36.659  6.737 1.0000000000
12531  -15.411  -37.733  5.932 1.0000000000
13153  -12.490  -36.703  1.956 1.0000000000
79808  -16.580  -35.654  0.423 1.0000000000
71008  -9.504  -35.531  9.765 0.8999999762
76095  -6.322  -36.813  3.354 1.0000000000
12585  -6.898  -37.006  -0.099 0.8999999762
11883  -15.612  -38.444  6.319 1.0000000000
13204  -9.034  -36.793  -0.983 0.6000000238
11213  -14.886  -40.104  8.948 0.8000000119
11272  -18.488  -40.115  3.069 0.8999999762
13042  -10.032  -35.231  12.078 0.5000000000
12482  -13.913  -37.137  9.534 1.0000000000
11828  -14.404  -38.813  9.559 0.8999999762
71735  -14.860  -38.924  10.083 0.8000000119
11259  -17.657  -41.381  5.123 0.8000000119
10536  -17.021  -40.393  9.085 0.8000000119
10561  -17.098  -41.247  8.620 0.8000000119
71144  -15.366  -39.740  7.491 1.0000000000
9998  -16.500  -41.949  7.440 0.8000000119
9984  -16.796  -41.791  8.107 0.8000000119
10559  -15.715  -41.157  8.258 0.8000000119
11231  -15.289  -40.555  8.140 0.8000000119
72293  -8.955  -36.140  11.870 0.5000000000
11232  -15.738  -40.511  7.113 0.8000000119
10593  -16.386  -41.544  6.685 0.8000000119
11816  -15.371  -38.143  10.644 0.6999999881
9985  -17.810  -41.618  8.182 0.8000000119
10615  -18.996  -41.198  4.059 0.8000000119
10580  -20.257  -40.417  7.501 0.5000000000
9999  -17.327  -42.189  7.400 0.8000000119
10013  -17.811  -42.276  6.598 0.8000000119
74029  -19.797  -39.203  6.075 0.6000000238
79797  -20.590  -39.282  6.579 0.5000000000
81176  -18.234  -37.130  1.128 1.0000000000
13772  -16.080  -35.407  0.232 1.0000000000
13044  -13.300  -35.690  12.159 0.6000000238
10026  -18.259  -42.131  5.699 0.8000000119
10614  -18.221  -41.159  4.311 0.8000000119
10607  -19.382  -41.247  4.713 0.8000000119
12466  -15.068  -37.416  11.225 0.6999999881
10595  -19.115  -41.734  5.535 0.8000000119
11913  -20.358  -39.443  3.438 0.8000000119
14436  -7.979  -33.694  -1.204 0.5000000000
81101  -19.688  -39.789  5.853 0.6999999881
11260  -19.732  -40.253  4.832 0.6999999881
11250  -20.567  -40.081  6.856 0.4000000060
12515  -19.555  -37.326  6.057 0.5000000000
12514  -19.293  -37.151  5.804 0.6000000238
12532  -19.170  -37.450  5.435 0.6000000238
76126  -19.093  -35.863  5.990 0.3000000119
16207  -14.554  -31.591  -2.201 1.0000000000
76051  -18.431  -34.774  5.512 0.3000000119
74122  -18.998  -35.171  3.604 0.3000000119
13752  -20.927  -35.657  2.446 0.6000000238
15559  -9.321  -31.732  -2.092 0.6000000238
14378  -18.427  -34.673  4.548 0.3000000119
14385  -19.235  -35.069  3.211 0.3000000119
14955  -21.610  -33.853  1.158 0.5000000000
80908  -18.022  -31.692  -2.445 1.0000000000
17563  -13.819  -29.198  -3.350 0.8000000119
16203  -20.808  -31.103  -1.176 0.6999999881
16904  -18.581  -30.386  -2.654 0.8000000119
18190  -15.866  -28.429  -3.833 0.6999999881
70525  -18.025  -28.645  -3.094 0.5000000000
18177  -17.884  -27.900  -3.135 0.5000000000
18841  -13.368  -27.633  -4.075 0.6000000238
1690  -8.502  -58.981  -2.411 0.6000000238
11302  -7.931  -39.473  -1.147 0.5000000000
69964  -21.535  -31.853  -0.243 0.5000000000
16891  -21.204  -30.180  -0.389 0.5000000000
17538  -19.939  -29.527  -1.729 0.5000000000
17539  -20.719  -29.328  -0.765 0.5000000000
18179  -19.084  -28.635  -2.344 0.4000000060
1331  -7.684  -59.318  -3.394 0.6999999881
15536  -21.688  -33.004  0.709 0.4000000060
15546  -21.682  -32.344  0.200 0.5000000000
77729  -19.631  -28.921  -1.952 0.5000000000
155  -9.855  -63.953  0.465 0.5000000000
137  -10.366  -64.013  1.077 0.5000000000
138  -11.506  -64.018  1.636 0.6000000238
124  -13.041  -64.400  2.102 0.5000000000
156  -10.723  -63.881  0.946 0.6000000238
278  -11.985  -63.942  1.376 0.6000000238
81929  -13.798  -64.517  1.757 0.5000000000
125  -14.387  -64.969  1.866 0.5000000000
291  -11.088  -63.504  0.751 0.6000000238
139  -13.079  -64.331  1.608 0.6000000238
140  -13.996  -64.727  1.730 0.5000000000
279  -12.537  -64.032  1.514 0.6000000238
76042  -13.106  -64.399  1.583 0.6999999881
16896  -8.931  -30.419  -2.908 0.5000000000
77603  -12.780  -27.777  -3.732 0.6000000238
8324  -8.310  -44.223  -2.696 0.5000000000
15549  -8.763  -32.224  -1.515 0.5000000000
16912  -9.624  -30.548  -3.344 0.5000000000
67930  -8.450  -38.534  -0.939 0.4000000060
154  -9.079  -64.147  0.091 0.5000000000
290  -10.018  -63.941  0.320 0.6999999881
292  -11.954  -63.286  1.058 0.6999999881
72584  -12.537  -64.085  1.671 0.6000000238
19464  -10.366  -26.664  -4.155 0.5000000000
19465  -11.246  -26.633  -4.017 0.5000000000
19476  -11.972  -26.115  -4.593 0.5000000000
19477  -13.227  -26.846  -4.418 0.5000000000
81058  -13.081  -26.076  -4.749 0.4000000060
18842  -14.076  -27.384  -4.323 0.5000000000
20147  -13.495  -25.463  -5.013 0.4000000060
20148  -14.352  -25.142  -4.889 0.4000000060
75012  -15.009  -25.987  -4.521 0.4000000060
18832  -15.673  -26.749  -4.215 0.3000000119
19467  -16.325  -26.274  -3.867 0.3000000119
19466  -15.724  -25.447  -4.212 0.3000000119
77327  -10.723  -27.156  -3.469 0.5000000000
18831  -12.484  -27.096  -4.067 0.5000000000
19475  -10.847  -26.074  -4.679 0.5000000000
20145  -11.398  -25.552  -5.345 0.5000000000
16922  -9.788  -29.784  -3.931 0.4000000060
17572  -9.811  -28.682  -4.217 0.4000000060
17580  -10.508  -28.912  -5.323 0.4000000060
17573  -10.533  -29.581  -4.714 0.4000000060
18186  -9.381  -28.206  -3.530 0.4000000060
18198  -9.659  -27.638  -3.868 0.4000000060
18209  -10.570  -28.156  -5.756 0.3000000119
77649  -10.144  -27.224  -5.117 0.4000000060
68696  -9.936  -26.895  -4.424 0.4000000060
19474  -10.332  -26.278  -4.741 0.4000000060
19483  -10.255  -26.506  -5.134 0.4000000060
18861  -10.967  -26.709  -6.188 0.3000000119
19484  -10.776  -25.839  -5.352 0.4000000060
20165  -11.706  -24.923  -6.297 0.3000000119
20156  -11.329  -25.294  -5.819 0.3000000119
20173  -12.243  -24.800  -6.961 0.3000000119
20146  -12.443  -25.345  -5.272 0.3000000119
20157  -11.773  -24.827  -5.863 0.3000000119
20815  -12.416  -24.526  -5.862 0.3000000119
20828  -13.270  -24.083  -6.445 0.3000000119
18199  -10.029  -27.882  -4.794 0.4000000060
18849  -10.595  -27.331  -5.777 0.3000000119
20164  -11.241  -25.544  -6.199 0.3000000119
19503  -11.777  -25.344  -6.805 0.3000000119
20827  -12.399  -24.420  -6.315 0.3000000119
20174  -13.021  -25.067  -7.597 0.3000000119
20816  -13.047  -24.125  -5.922 0.3000000119
20797  -13.766  -24.530  -5.429 0.3000000119
170  -8.056  -63.978  -0.972 0.6999999881
307  -7.780  -63.573  -1.584 0.6000000238
316  -7.595  -63.349  -2.929 0.8000000119
323  -7.340  -63.076  -3.585 0.6999999881
500  -6.761  -62.453  -1.191 0.6000000238
733  -6.697  -61.773  -1.684 0.6999999881
740  -6.867  -62.186  -2.871 0.6999999881
1028  -6.772  -60.828  -4.993 0.8000000119
1336  -6.383  -59.357  -5.457 0.8000000119
1338  -7.293  -59.811  -5.628 0.8999999762
1346  -6.632  -59.707  -5.745 0.8999999762
1620  -16.124  -58.550  1.055 1.0000000000
1704  -10.278  -58.165  -3.376 1.0000000000
1709  -6.235  -59.542  -5.145 0.8000000119
1717  -6.353  -58.682  -5.473 0.8999999762
1718  -7.121  -58.933  -5.694 0.8999999762
1723  -12.495  -57.269  -6.727 0.5000000000
2003  -15.582  -57.627  2.196 1.0000000000
2046  -11.366  -57.873  -1.795 1.0000000000
2062  -6.672  -57.529  -5.480 0.8999999762
2068  -6.551  -58.350  -5.646 0.8999999762
2425  -10.798  -56.296  -1.847 1.0000000000
2449  -7.509  -56.967  -5.134 0.8999999762
2838  -20.890  -54.726  1.214 0.8999999762
2859  -5.282  -55.280  -1.783 0.8999999762
2867  -5.492  -55.112  -2.724 0.8999999762
2879  -5.882  -55.396  -4.056 0.8999999762
2880  -6.745  -55.191  -4.143 0.8999999762
2881  -8.001  -55.239  -3.792 0.8999999762
2882  -8.994  -55.564  -3.331 0.8999999762
3292  -21.210  -54.344  0.255 0.8999999762
3303  -21.003  -54.343  -0.714 0.8999999762
3308  -6.118  -53.925  -2.407 0.8999999762
3338  -11.664  -54.468  -4.496 0.6999999881
3341  -17.093  -54.033  -5.313 0.8999999762
3692  -9.094  -53.550  4.384 1.0000000000
3696  -12.334  -53.199  5.041 1.0000000000
3698  -14.444  -53.201  4.972 1.0000000000
3699  -16.165  -53.247  4.491 1.0000000000
3706  -8.304  -53.348  4.133 1.0000000000
3762  -15.549  -53.877  -0.965 0.8999999762
3766  -20.381  -53.460  -1.650 0.8999999762
4160  -11.795  -52.546  5.376 1.0000000000
4165  -7.708  -52.577  3.356 1.0000000000
4172  -20.020  -52.163  2.375 1.0000000000
4212  -19.672  -52.920  -2.607 0.8999999762
4636  -13.798  -52.215  5.178 1.0000000000
4639  -4.446  -50.924  3.661 0.8000000119
4656  -9.014  -51.359  4.647 1.0000000000
4663  -19.588  -51.560  3.049 1.0000000000
4673  -15.961  -51.002  2.611 1.0000000000
4690  -11.927  -51.272  -0.869 1.0000000000
5158  -18.149  -50.360  2.262 1.0000000000
5160  -20.033  -50.947  1.878 1.0000000000
5189  -18.343  -50.121  -1.103 1.0000000000
5666  -17.681  -49.722  -1.242 1.0000000000
6193  -16.521  -48.889  -1.047 1.0000000000
7182  -17.661  -46.437  1.685 1.0000000000
7728  -16.533  -45.659  2.470 1.0000000000
8309  -16.397  -45.275  0.922 1.0000000000
8816  -8.635  -43.589  8.241 1.0000000000
8864  -5.515  -43.209  3.843 0.8999999762
9418  -4.737  -42.202  6.959 0.6000000238
11827  -5.343  -37.405  9.902 0.6000000238
12491  -5.653  -37.128  7.543 0.8000000119
13073  -6.630  -36.020  8.751 0.6999999881
20796  -13.052  -24.829  -5.476 0.3000000119
20836  -12.813  -24.419  -6.951 0.3000000119
71661  -8.770  -54.489  3.202 1.0000000000
71928  -17.664  -53.372  -4.219 0.8999999762
72718  -8.444  -45.742  2.478 1.0000000000
73088  -10.467  -54.997  1.185 1.0000000000
74181  -12.820  -53.842  3.549 1.0000000000
75480  -18.853  -49.570  -0.772 1.0000000000
75946  -13.849  -55.896  -5.335 0.8000000119
76048  -14.778  -54.277  3.123 1.0000000000
76457  -9.421  -64.030  0.564 0.5000000000
77491  -7.177  -62.890  -4.029 0.8000000119
78188  -8.596  -54.877  1.540 1.0000000000
79575  -8.538  -55.841  -3.963 0.8999999762
79600  -7.361  -62.479  -4.400 0.8000000119
79776  -15.732  -46.154  0.223 1.0000000000
80795  -10.164  -57.604  -3.371 1.0000000000
80879  -6.022  -51.725  5.309 0.5000000000
81194  -8.502  -58.205  -4.889 0.8999999762
81427  -13.969  -52.820  5.313 1.0000000000
81894  -14.512  -55.523  -4.502 0.8000000119
