#!ascii label  , from subject sub-2002 vox2ras=TkReg
457
74507  -21.465  -14.418  -13.340 0.4285714328
28400  -22.087  -13.839  -13.367 0.2857142985
27618  -22.797  -14.471  -13.006 0.4285714328
27604  -23.388  -15.017  -12.567 0.4285714328
29069  -22.464  -12.863  -13.531 0.2857142985
28401  -23.058  -13.640  -13.257 0.4285714328
27619  -23.618  -14.255  -12.901 0.4285714328
72777  -23.003  -12.283  -13.485 0.4285714328
29070  -23.415  -12.889  -13.418 0.4285714328
73023  -23.713  -12.175  -13.465 0.4285714328
29071  -24.252  -12.796  -13.380 0.4285714328
29703  -24.024  -11.345  -13.497 0.5714285970
73544  -24.441  -12.122  -13.476 0.4285714328
29072  -25.123  -12.586  -13.388 0.2857142985
29704  -25.017  -11.677  -13.526 0.7142857313
67517  -25.795  -12.057  -13.493 0.7142857313
28405  -26.441  -13.148  -13.023 0.4285714328
67733  -25.904  -12.690  -13.310 0.5714285970
80282  -26.927  -12.758  -13.158 0.5714285970
67800  -25.843  -11.123  -13.558 0.5714285970
80526  -26.262  -11.804  -13.517 0.5714285970
67513  -26.823  -11.578  -13.518 0.5714285970
76973  -27.519  -12.368  -13.259 0.4285714328
67603  -27.444  -11.648  -13.474 0.5714285970
67511  -27.942  -11.609  -13.435 0.5714285970
77012  -26.636  -10.621  -13.538 0.7142857313
67508  -28.373  -12.049  -13.300 0.5714285970
67670  -25.809  -9.456  -13.575 0.5714285970
77226  -27.145  -10.035  -13.467 0.8571428657
80272  -28.423  -11.578  -13.404 0.7142857313
67681  -26.528  -9.706  -13.525 0.5714285970
30317  -28.399  -10.901  -13.465 0.7142857313
29705  -28.970  -11.603  -13.327 0.5714285970
30943  -27.879  -9.913  -13.424 0.7142857313
30318  -29.326  -10.729  -13.397 0.5714285970
30944  -28.789  -9.847  -13.369 0.7142857313
30945  -29.691  -9.813  -13.300 0.7142857313
68013  -28.278  -8.722  -13.432 0.7142857313
68061  -29.233  -8.856  -13.274 0.7142857313
67984  -30.129  -8.872  -13.107 0.7142857313
31655  -29.130  -7.909  -13.406 0.8571428657
69534  -30.027  -7.857  -13.125 0.7142857313
80685  -29.604  -8.328  -13.222 0.8571428657
33096  -31.498  -6.614  -13.158 0.8571428657
31656  -30.855  -8.087  -12.936 0.5714285970
32417  -30.736  -7.191  -13.106 0.8571428657
33095  -30.447  -6.598  -13.408 0.8571428657
32416  -29.835  -7.123  -13.377 0.8571428657
33803  -31.524  -5.437  -13.503 0.8571428657
33104  -32.184  -6.086  -13.166 0.8571428657
33804  -32.363  -5.167  -13.246 0.8571428657
34593  -31.882  -4.833  -13.562 1.0000000000
33103  -31.141  -6.161  -13.389 0.8571428657
34608  -32.184  -4.062  -13.830 1.0000000000
35355  -32.503  -3.199  -14.400 1.0000000000
36127  -32.675  -2.174  -15.467 0.7142857313
35374  -33.307  -2.234  -14.443 1.0000000000
68939  -35.352  -0.103  -14.990 1.0000000000
78931  -35.346  -0.387  -15.221 0.8571428657
38688  -35.626  1.624  -17.060 0.8571428657
38014  -35.575  0.996  -15.688 1.0000000000
39419  -35.967  2.974  -18.153 0.8571428657
39412  -35.787  2.507  -17.482 0.8571428657
80394  -35.688  5.438  -18.980 0.8571428657
40177  -36.014  3.940  -18.472 0.8571428657
42147  -35.557  6.038  -18.624 0.5714285970
70642  -35.619  7.059  -19.415 0.7142857313
44063  -34.690  9.182  -18.710 0.5714285970
79224  -35.640  6.874  -18.803 0.5714285970
44065  -34.254  10.027  -19.067 0.4285714328
68689  -34.353  10.266  -19.708 0.4285714328
43428  -34.741  9.525  -19.684 0.4285714328
45201  -32.890  11.964  -19.635 0.2857142985
45794  -32.341  12.570  -19.708 0.2857142985
45197  -33.259  11.217  -19.117 0.2857142985
46372  -31.155  13.506  -19.873 0.2857142985
36128  -33.092  -1.250  -15.052 0.8571428657
46977  -29.177  16.135  -20.618 0.1428571492
78817  -21.657  -13.100  -13.661 0.2857142985
27620  -24.410  -14.127  -12.817 0.4285714328
29081  -22.382  -11.951  -13.678 0.2857142985
28403  -24.768  -13.403  -13.143 0.4285714328
30314  -23.124  -10.725  -13.613 0.5714285970
30316  -24.787  -10.755  -13.540 0.2857142985
68109  -28.419  -12.631  -12.894 0.4285714328
81417  -26.034  -10.231  -13.566 0.7142857313
67514  -27.466  -10.917  -13.510 0.7142857313
29706  -29.837  -11.411  -13.236 0.5714285970
67521  -27.239  -9.008  -13.479 0.5714285970
29073  -29.506  -12.071  -12.999 0.5714285970
34594  -32.813  -4.191  -12.821 1.0000000000
74834  -31.489  -4.349  -14.317 1.0000000000
35373  -32.509  -2.751  -15.211 0.8571428657
36753  -33.212  -1.306  -15.310 0.7142857313
36767  -34.186  -0.828  -15.444 0.7142857313
36754  -34.303  -1.040  -15.165 1.0000000000
40173  -35.803  3.389  -17.738 0.8571428657
37387  -35.917  -0.066  -15.883 1.0000000000
42805  -35.537  7.722  -19.068 0.7142857313
42809  -35.500  7.903  -19.879 0.4285714328
45202  -33.655  11.432  -19.871 0.4285714328
30942  -24.483  -9.790  -13.569 0.4285714328
67520  -25.337  -10.099  -13.550 0.4285714328
44686  -33.875  10.711  -19.427 0.4285714328
43429  -35.211  8.589  -19.382 0.7142857313
27617  -22.030  -14.795  -13.076 0.4285714328
27603  -22.599  -15.266  -12.656 0.4285714328
72350  -20.933  -12.806  -14.036 0.2857142985
29068  -21.701  -12.382  -13.830 0.2857142985
29720  -22.394  -11.145  -13.863 0.2857142985
28402  -23.932  -13.521  -13.183 0.4285714328
29702  -23.088  -11.575  -13.520 0.4285714328
30315  -23.870  -10.313  -13.552 0.2857142985
40849  -35.874  4.586  -18.732 0.8571428657
42150  -35.637  6.311  -19.220 0.7142857313
45793  -31.672  12.786  -19.420 0.2857142985
46970  -29.629  15.283  -20.421 0.1428571492
44693  -34.289  10.645  -21.040 0.2857142985
45210  -33.560  11.883  -21.451 0.1428571492
44068  -34.555  10.074  -20.370 0.2857142985
44072  -34.736  9.811  -20.674 0.2857142985
45216  -33.372  12.275  -22.060 0.1428571492
45205  -33.324  12.031  -20.542 0.1428571492
44689  -34.156  10.803  -20.158 0.2857142985
42813  -35.272  8.377  -20.591 0.2857142985
40182  -36.578  3.914  -19.946 0.2857142985
42154  -36.010  6.792  -20.243 0.2857142985
45807  -32.423  13.147  -22.025 0.1428571492
69870  -36.007  5.332  -19.789 0.2857142985
43432  -34.736  9.344  -20.556 0.2857142985
39430  -36.458  3.228  -19.327 0.1428571492
45803  -32.914  12.528  -21.667 0.1428571492
42810  -35.868  7.639  -20.181 0.2857142985
38021  -36.303  0.415  -17.966 0.1428571492
38696  -36.452  1.838  -18.754 0.1428571492
40853  -36.235  4.653  -19.857 0.4285714328
42153  -35.772  6.980  -19.485 0.2857142985
38020  -35.997  0.993  -17.747 0.2857142985
72711  -36.204  3.326  -18.771 0.4285714328
36769  -35.904  -0.589  -16.720 0.1428571492
38689  -36.140  1.692  -18.200 0.2857142985
40850  -36.009  4.703  -19.145 0.4285714328
80586  -35.896  -0.663  -16.001 0.1428571492
37394  -35.886  0.213  -17.084 0.1428571492
78006  -35.880  1.499  -17.542 0.4285714328
35375  -36.101  -2.175  -14.033 0.2857142985
36755  -35.676  -0.987  -14.992 0.7142857313
72308  -35.982  -0.270  -15.617 0.8571428657
35357  -34.574  -2.938  -12.517 0.2857142985
38019  -35.640  0.900  -17.056 0.8571428657
36768  -35.480  -0.778  -14.999 0.7142857313
34607  -30.801  -4.258  -14.960 0.5714285970
35354  -31.666  -3.769  -14.718 0.8571428657
35356  -33.204  -3.005  -13.894 0.8571428657
34595  -33.474  -4.029  -12.112 0.2857142985
36129  -34.270  -1.133  -15.050 0.8571428657
33806  -34.034  -5.020  -11.329 0.4285714328
36117  -33.972  -2.000  -14.074 0.7142857313
81120  -33.087  -3.199  -13.039 0.8571428657
33805  -32.961  -4.875  -11.769 0.4285714328
32426  -27.968  -7.034  -14.060 0.7142857313
33101  -28.533  -6.525  -14.131 0.4285714328
32414  -28.206  -7.688  -13.688 0.7142857313
33094  -29.464  -6.533  -13.761 0.8571428657
33802  -29.967  -5.482  -14.324 0.5714285970
34606  -29.798  -4.852  -14.995 0.4285714328
33102  -30.157  -6.054  -13.743 0.8571428657
34592  -30.832  -4.972  -14.256 0.5714285970
73410  -30.735  -5.627  -13.775 0.7142857313
33105  -33.288  -5.657  -12.836 0.2857142985
32425  -27.412  -7.502  -13.926 0.4285714328
32415  -28.837  -7.121  -13.711 0.7142857313
33097  -32.634  -6.404  -13.175 0.2857142985
67528  -26.898  -8.116  -13.704 0.4285714328
31654  -27.611  -8.178  -13.621 0.5714285970
32418  -31.763  -7.396  -12.953 0.4285714328
30946  -30.429  -9.807  -13.266 0.4285714328
73958  -30.939  -10.165  -13.307 0.4285714328
28388  -25.225  -14.031  -12.731 0.1428571492
30319  -30.305  -10.635  -13.334 0.4285714328
28404  -25.592  -13.298  -13.080 0.1428571492
67649  -27.905  -13.194  -12.662 0.2857142985
78808  -29.363  -13.027  -12.010 0.2857142985
29058  -30.533  -12.149  -12.284 0.2857142985
29057  -29.822  -12.433  -12.436 0.2857142985
67509  -29.118  -12.611  -12.642 0.4285714328
29692  -30.199  -11.856  -12.833 0.2857142985
28389  -26.049  -13.896  -12.648 0.1428571492
28390  -26.832  -13.779  -12.515 0.2857142985
80575  -27.459  -13.651  -12.386 0.2857142985
27591  -28.827  -13.604  -11.626 0.2857142985
67664  -29.613  -13.385  -11.262 0.2857142985
67769  -28.628  -13.189  -12.322 0.2857142985
27607  -26.470  -14.408  -12.107 0.1428571492
80917  -28.352  -14.071  -11.310 0.2857142985
27608  -27.235  -14.182  -11.963 0.2857142985
28380  -28.026  -13.782  -11.938 0.2857142985
27606  -25.672  -14.575  -12.222 0.1428571492
27602  -21.946  -15.445  -12.751 0.2857142985
26870  -21.285  -15.199  -13.078 0.2857142985
75721  -20.854  -15.711  -12.829 0.1428571492
27590  -27.678  -14.363  -11.341 0.2857142985
67506  -28.942  -13.951  -10.949 0.2857142985
29049  -30.160  -12.739  -11.725 0.2857142985
80756  -28.902  -12.237  -13.088 0.4285714328
29693  -30.842  -11.614  -12.691 0.2857142985
29707  -30.631  -11.301  -13.107 0.4285714328
32419  -32.616  -7.106  -13.070 0.2857142985
34609  -33.107  -3.423  -13.155 0.7142857313
39413  -35.979  2.022  -18.114 0.8571428657
46382  -31.700  13.616  -21.928 0.1428571492
40181  -36.254  3.969  -19.285 0.2857142985
39420  -36.218  2.520  -18.629 0.1428571492
28399  -21.184  -13.702  -13.623 0.2857142985
26862  -24.068  -15.311  -12.104 0.1428571492
27589  -26.767  -14.702  -11.383 0.1428571492
27581  -27.362  -14.754  -10.726 0.1428571492
33100  -27.123  -6.831  -14.332 0.2857142985
81433  -31.351  -11.481  -12.624 0.2857142985
33801  -29.146  -5.938  -14.310 0.4285714328
74374  -31.192  -10.746  -13.296 0.1428571492
31657  -31.642  -8.461  -13.015 0.4285714328
73776  -31.082  -9.241  -13.114 0.4285714328
34610  -34.454  -4.115  -12.201 0.2857142985
35358  -35.797  -2.769  -13.142 0.1428571492
36144  -35.663  -0.994  -16.047 0.1428571492
45802  -32.336  13.232  -21.018 0.1428571492
38033  -36.410  1.177  -18.495 0.1428571492
39421  -36.736  2.491  -19.201 0.1428571492
69430  -26.040  -14.820  -11.706 0.1428571492
37407  -36.870  0.674  -18.599 0.1428571492
26861  -23.125  -15.631  -12.179 0.1428571492
70959  -24.069  -14.731  -12.541 0.1428571492
67510  -26.534  -12.357  -13.373 0.4285714328
40176  -35.785  4.238  -18.035 0.5714285970
81253  -35.845  6.075  -19.636 0.2857142985
43433  -35.046  8.781  -20.321 0.2857142985
45211  -33.933  11.266  -21.602 0.1428571492
44688  -33.806  11.352  -20.789 0.2857142985
43436  -34.962  9.072  -20.658 0.2857142985
69660  -31.919  -3.206  -15.245 0.4285714328
33816  -29.244  -5.384  -14.755 0.2857142985
28406  -27.198  -13.174  -12.851 0.2857142985
26860  -22.286  -15.812  -12.339 0.1428571492
46376  -31.609  13.705  -20.781 0.1428571492
38687  -35.596  1.928  -17.004 0.4285714328
37386  -34.140  -0.362  -15.533 0.4285714328
73360  -31.827  -12.347  -10.881 0.1428571492
29050  -31.029  -12.317  -11.605 0.1428571492
29059  -31.246  -11.782  -12.245 0.1428571492
30330  -23.146  -9.873  -13.909 0.2857142985
29025  -33.028  -12.716  -9.812 0.1428571492
29024  -31.935  -12.764  -9.960 0.1428571492
28381  -30.685  -13.035  -10.726 0.1428571492
28373  -31.131  -13.247  -9.868 0.1428571492
28358  -33.480  -13.325  -9.304 0.1428571492
27569  -34.926  -14.977  -9.616 0.1428571492
28359  -34.224  -13.666  -9.677 0.1428571492
75741  -34.482  -14.360  -9.429 0.1428571492
30329  -22.464  -10.334  -14.243 0.2857142985
67609  -29.699  -13.725  -10.468 0.1428571492
77005  -30.433  -13.600  -9.870 0.1428571492
28356  -31.708  -13.194  -9.357 0.1428571492
76938  -31.100  -13.489  -9.216 0.1428571492
28357  -32.523  -13.194  -9.108 0.1428571492
28336  -33.046  -13.795  -8.521 0.1428571492
26803  -34.331  -14.965  -8.858 0.1428571492
30347  -21.929  -10.104  -15.088 0.2857142985
30328  -21.777  -10.866  -14.530 0.2857142985
67504  -29.681  -14.070  -9.593 0.1428571492
67610  -30.404  -13.826  -9.066 0.1428571492
76939  -31.798  -13.485  -8.751 0.1428571492
28320  -32.891  -14.450  -7.947 0.1428571492
28337  -33.897  -14.058  -8.980 0.1428571492
26822  -35.395  -15.659  -9.984 0.1428571492
67507  -28.232  -14.439  -10.706 0.1428571492
67505  -28.971  -14.239  -10.263 0.1428571492
67744  -28.926  -14.484  -9.536 0.1428571492
77006  -30.381  -14.209  -8.203 0.1428571492
27554  -29.498  -14.428  -8.651 0.1428571492
76952  -31.888  -14.385  -7.479 0.1428571492
80214  -29.966  -14.093  -8.922 0.1428571492
27519  -32.381  -14.528  -7.579 0.1428571492
67598  -31.139  -13.802  -8.469 0.1428571492
76986  -32.442  -14.079  -7.962 0.1428571492
27555  -33.541  -14.563  -8.373 0.1428571492
74717  -34.913  -15.765  -9.267 0.1428571492
27568  -28.439  -14.577  -10.065 0.1428571492
27536  -29.822  -14.625  -7.512 0.1428571492
26768  -32.238  -15.473  -7.074 0.1428571492
67703  -31.964  -14.901  -7.109 0.1428571492
27537  -32.649  -14.962  -7.489 0.1428571492
74217  -33.185  -14.974  -7.887 0.1428571492
27517  -30.106  -14.922  -6.600 0.1428571492
80552  -28.754  -14.719  -8.806 0.1428571492
26767  -31.412  -15.406  -6.363 0.1428571492
26766  -30.884  -15.252  -5.868 0.1428571492
26802  -33.676  -15.394  -8.233 0.1428571492
26787  -32.997  -15.628  -7.623 0.1428571492
77007  -30.586  -14.617  -7.156 0.1428571492
67633  -31.216  -14.262  -7.672 0.1428571492
77020  -31.845  -13.870  -8.085 0.1428571492
26080  -34.279  -15.961  -8.600 0.1428571492
26097  -35.376  -16.509  -9.722 0.1428571492
26107  -35.707  -16.424  -10.624 0.1428571492
27570  -35.195  -14.985  -10.228 0.1428571492
29026  -33.837  -12.937  -10.045 0.1428571492
27582  -34.831  -14.248  -10.103 0.1428571492
29687  -31.981  -11.807  -11.666 0.1428571492
39431  -36.803  3.189  -19.796 0.1428571492
40854  -36.551  4.721  -20.156 0.1428571492
29042  -32.602  -12.422  -10.428 0.1428571492
29043  -33.409  -12.461  -10.557 0.1428571492
67656  -32.366  -13.653  -8.464 0.1428571492
27518  -30.632  -14.997  -6.347 0.1428571492
26079  -33.580  -16.234  -8.097 0.1428571492
76940  -31.250  -14.821  -6.740 0.1428571492
27615  -19.924  -14.570  -13.488 0.1428571492
27616  -20.755  -14.486  -13.454 0.1428571492
28412  -19.500  -13.185  -14.119 0.1428571492
28398  -20.233  -13.627  -13.848 0.1428571492
29718  -20.567  -12.040  -14.537 0.1428571492
29736  -21.116  -11.445  -14.669 0.1428571492
82159  -21.190  -12.059  -14.223 0.1428571492
29719  -21.727  -11.632  -14.105 0.1428571492
29734  -19.589  -11.208  -15.436 0.1428571492
30345  -20.264  -10.713  -15.760 0.1428571492
30346  -21.114  -10.700  -15.382 0.1428571492
30986  -20.892  -9.602  -16.589 0.1428571492
30969  -21.463  -9.917  -15.990 0.1428571492
30970  -22.276  -9.367  -15.766 0.1428571492
30951  -22.664  -9.603  -14.714 0.1428571492
67527  -25.597  -8.628  -13.717 0.4285714328
67615  -26.343  -8.825  -13.590 0.4285714328
38686  -35.508  1.731  -16.424 0.2857142985
39411  -35.670  2.767  -17.117 0.2857142985
31675  -22.721  -8.724  -15.909 0.1428571492
30971  -22.976  -8.950  -15.128 0.2857142985
30941  -23.777  -9.572  -13.770 0.1428571492
29717  -19.781  -11.926  -14.828 0.1428571492
29735  -20.400  -11.354  -15.156 0.1428571492
30360  -20.784  -10.242  -16.084 0.1428571492
30987  -21.753  -9.241  -16.558 0.1428571492
80691  -22.218  -8.922  -16.432 0.1428571492
30952  -23.374  -9.211  -14.338 0.2857142985
31663  -23.650  -8.561  -14.690 0.2857142985
30954  -25.021  -9.179  -13.596 0.4285714328
67715  -25.491  -7.974  -14.094 0.2857142985
36126  -31.767  -2.647  -15.978 0.2857142985
71666  -32.386  -1.304  -16.493 0.2857142985
68555  -33.276  -1.051  -16.011 0.2857142985
38013  -34.236  -0.031  -16.080 0.2857142985
38681  -35.385  0.902  -16.023 0.2857142985
30953  -24.164  -8.930  -13.902 0.2857142985
36143  -32.060  -1.790  -16.442 0.2857142985
37385  -33.164  -0.156  -16.369 0.2857142985
29080  -20.049  -12.700  -14.340 0.1428571492
30359  -20.180  -10.108  -16.269 0.1428571492
67722  -26.656  -7.436  -14.110 0.2857142985
77013  -26.148  -8.021  -13.911 0.2857142985
42160  -36.916  6.522  -21.015 0.1428571492
41488  -37.179  5.677  -20.759 0.1428571492
42159  -36.284  6.482  -20.914 0.1428571492
41487  -36.479  5.748  -20.787 0.1428571492
42814  -35.665  8.001  -20.795 0.1428571492
44078  -35.103  9.960  -22.030 0.1428571492
40190  -36.947  4.386  -20.375 0.1428571492
40862  -36.316  5.248  -20.438 0.1428571492
40863  -36.708  5.091  -20.662 0.1428571492
41481  -36.108  5.881  -20.458 0.1428571492
68440  -35.505  8.602  -21.042 0.1428571492
44073  -35.449  9.390  -21.187 0.1428571492
77990  -35.001  9.752  -21.089 0.1428571492
44694  -34.776  10.349  -21.243 0.1428571492
68232  -36.030  7.305  -20.939 0.1428571492
42815  -36.582  7.351  -21.012 0.1428571492
42816  -37.167  7.359  -21.087 0.1428571492
38012  -33.286  0.480  -16.245 0.1428571492
38680  -35.025  0.960  -15.867 0.1428571492
70524  -34.751  0.462  -16.128 0.1428571492
40170  -35.513  3.268  -17.069 0.1428571492
39410  -35.421  2.568  -16.953 0.1428571492
33815  -28.548  -5.555  -14.881 0.1428571492
34625  -30.026  -4.208  -15.606 0.1428571492
35372  -31.021  -3.534  -15.553 0.1428571492
33106  -34.133  -5.649  -12.592 0.1428571492
40172  -35.671  3.640  -17.409 0.1428571492
40838  -35.599  4.547  -17.303 0.2857142985
40837  -35.509  4.941  -17.967 0.2857142985
77243  -34.699  8.675  -18.255 0.2857142985
44058  -34.291  8.983  -17.978 0.2857142985
44062  -33.932  9.720  -18.320 0.2857142985
45798  -32.694  12.623  -20.386 0.1428571492
79394  -30.551  13.541  -19.346 0.1428571492
40843  -35.607  4.652  -17.896 0.2857142985
40846  -35.550  5.150  -17.945 0.2857142985
42148  -35.551  6.698  -18.002 0.2857142985
42801  -35.079  7.234  -17.536 0.2857142985
42803  -35.368  7.515  -18.249 0.2857142985
43422  -34.775  8.174  -17.807 0.2857142985
43425  -35.096  8.322  -18.542 0.2857142985
44061  -33.162  10.122  -17.942 0.2857142985
45797  -31.985  13.069  -20.175 0.1428571492
46380  -30.094  14.688  -20.748 0.1428571492
43421  -33.961  8.568  -17.316 0.1428571492
44683  -33.596  10.505  -18.671 0.1428571492
78020  -32.610  11.604  -18.877 0.1428571492
40833  -35.536  3.941  -16.723 0.2857142985
44681  -31.967  10.959  -17.807 0.1428571492
46371  -30.064  13.918  -19.258 0.1428571492
45196  -31.886  11.615  -18.319 0.1428571492
40165  -35.480  3.490  -16.229 0.1428571492
36142  -30.998  -1.993  -17.076 0.1428571492
36766  -31.266  -1.189  -17.121 0.1428571492
69552  -32.265  -0.920  -16.796 0.1428571492
40169  -35.406  2.273  -16.707 0.1428571492
41471  -35.545  5.301  -17.691 0.1428571492
41475  -35.537  6.017  -17.753 0.2857142985
44682  -32.714  10.938  -18.314 0.1428571492
45788  -31.387  12.356  -18.692 0.1428571492
45792  -30.885  12.935  -19.110 0.1428571492
73387  -33.398  -6.231  -12.974 0.1428571492
45200  -32.123  12.137  -19.111 0.1428571492
46375  -30.844  14.146  -20.697 0.1428571492
40848  -35.692  4.897  -18.311 0.2857142985
31658  -32.388  -8.233  -13.266 0.1428571492
40847  -35.506  4.995  -18.024 0.2857142985
39406  -35.340  1.598  -16.221 0.1428571492
44057  -33.571  9.387  -17.574 0.1428571492
41474  -35.609  5.432  -18.190 0.2857142985
41472  -35.308  5.650  -16.911 0.1428571492
41476  -35.249  6.406  -17.345 0.2857142985
31695  -22.949  -8.051  -16.068 0.1428571492
31676  -23.343  -8.314  -15.535 0.1428571492
78214  -22.937  -6.449  -15.326 0.1428571492
33111  -23.523  -6.854  -15.294 0.1428571492
67536  -24.171  -6.469  -15.114 0.1428571492
31677  -23.968  -7.941  -14.970 0.1428571492
77002  -24.790  -6.809  -15.080 0.1428571492
77714  -24.324  -8.283  -14.395 0.1428571492
67535  -24.919  -7.616  -14.554 0.1428571492
67708  -24.891  -8.418  -13.977 0.1428571492
67711  -25.660  -6.720  -15.055 0.1428571492
67534  -25.871  -7.414  -14.334 0.1428571492
32437  -26.402  -6.957  -14.504 0.1428571492
80185  -27.744  -6.490  -14.345 0.1428571492
40839  -35.417  4.813  -16.698 0.1428571492
32456  -22.287  -7.959  -16.417 0.1428571492
33133  -22.285  -6.314  -15.836 0.1428571492
32436  -23.490  -7.604  -15.426 0.1428571492
33134  -22.913  -7.249  -16.115 0.1428571492
67782  -23.413  -6.165  -15.164 0.1428571492
67709  -24.175  -7.204  -15.125 0.1428571492
67712  -25.042  -6.160  -15.205 0.1428571492
32455  -21.716  -7.130  -16.253 0.1428571492
40841  -35.513  5.092  -17.952 0.2857142985
40842  -35.405  5.002  -17.966 0.2857142985
