#!ascii label  , from subject sub-2002 vox2ras=TkReg
1178
37321  41.151  -1.571  28.512 0.0000000000
32750  33.771  -7.520  42.072 0.0000000000
25217  24.415  -17.647  42.491 0.0000000000
28122  20.161  -13.681  45.845 0.0000000000
28929  29.735  -11.988  45.927 0.0000000000
30564  26.845  -10.845  39.087 0.0000000000
33593  44.934  -6.604  28.801 0.0000000000
40300  44.047  2.971  24.139 0.0000000000
34978  42.949  -3.772  35.933 0.0000000000
32822  36.070  -8.005  35.298 0.0000000000
78059  30.616  -7.621  34.734 0.0000000000
25176  25.492  -16.984  46.399 0.0000000000
76370  22.202  -15.580  44.067 0.0000000000
72059  22.909  -15.279  48.256 0.0000000000
26686  28.878  -15.721  44.446 0.0000000000
37226  44.428  -1.777  36.152 0.0000000000
33412  33.685  -6.083  45.545 0.0000000000
32737  36.835  -7.036  43.298 0.0000000000
32784  38.253  -7.376  39.708 0.0000000000
32075  35.581  -8.383  39.015 0.0000000000
31352  34.084  -9.213  35.541 0.0000000000
33501  32.148  -6.512  38.396 0.0000000000
28254  24.824  -13.805  36.984 0.0000000000
29881  25.857  -11.809  34.683 0.0000000000
39578  40.916  1.506  25.770 0.0000000000
72816  43.776  -0.815  20.772 0.0000000000
26745  23.511  -15.945  39.146 0.0000000000
26734  21.232  -14.904  40.140 0.0000000000
31224  31.345  -8.792  44.699 0.0000000000
32048  29.928  -8.881  40.932 0.0000000000
29774  28.571  -11.929  42.425 0.0000000000
27484  26.658  -14.515  40.198 0.0000000000
35042  44.681  -4.711  28.921 0.0000000000
28880  20.719  -11.803  50.555 0.0000000000
29716  18.152  -11.093  48.020 0.0000000000
39530  44.780  2.001  29.842 0.0000000000
37989  42.343  -0.807  32.879 0.0000000000
36553  46.886  -3.179  32.245 0.0000000000
34257  44.039  -5.515  32.375 0.0000000000
83899  39.712  -4.796  32.023 0.0000000000
34959  40.789  -3.532  39.114 0.0000000000
34983  38.674  -4.284  36.019 0.0000000000
34264  35.259  -5.244  32.573 0.0000000000
32132  32.878  -8.715  32.195 0.0000000000
81652  27.675  -7.806  37.328 0.0000000000
26650  25.210  -15.366  48.022 0.0000000000
25913  24.311  -16.227  47.275 0.0000000000
26638  24.490  -14.849  49.000 0.0000000000
25912  27.114  -16.194  47.060 0.0000000000
81893  33.722  -7.267  43.781 0.0000000000
70427  35.034  -7.325  42.904 0.0000000000
31257  36.579  -7.912  40.771 0.0000000000
32759  34.974  -7.434  40.999 0.0000000000
33500  33.793  -6.789  39.175 0.0000000000
71952  32.639  -7.312  40.805 0.0000000000
27534  23.720  -14.850  36.364 0.0000000000
26787  25.223  -15.222  34.862 0.0000000000
38044  39.676  -0.134  27.111 0.0000000000
38089  41.082  -0.657  24.047 0.0000000000
73160  42.776  -1.566  25.783 0.0000000000
25984  24.153  -16.685  40.290 0.0000000000
26733  22.531  -15.970  39.922 0.0000000000
25975  22.892  -16.606  41.293 0.0000000000
26681  20.972  -14.694  45.631 0.0000000000
27438  21.255  -14.022  43.510 0.0000000000
28142  20.119  -13.069  43.807 0.0000000000
28943  19.014  -12.591  44.754 0.0000000000
31984  31.242  -8.554  46.351 0.0000000000
71259  30.321  -10.319  44.987 0.0000000000
30517  30.162  -10.200  43.533 0.0000000000
28952  29.389  -12.152  44.314 0.0000000000
25945  26.990  -17.093  42.950 0.0000000000
26704  27.845  -15.611  42.213 0.0000000000
25971  26.294  -16.475  41.546 0.0000000000
26743  25.194  -15.428  39.386 0.0000000000
34304  46.160  -5.986  29.237 0.0000000000
70931  45.347  -5.438  27.132 0.0000000000
33616  44.649  -6.005  27.152 0.0000000000
30480  16.644  -10.281  48.515 0.0000000000
37267  44.199  -1.689  32.581 0.0000000000
37987  44.037  -1.442  34.166 0.0000000000
35714  44.132  -3.286  36.176 0.0000000000
35004  45.616  -4.286  34.142 0.0000000000
34231  43.234  -4.647  33.900 0.0000000000
34259  41.711  -4.988  32.181 0.0000000000
35008  41.373  -4.474  34.358 0.0000000000
32081  37.241  -8.062  37.567 0.0000000000
33507  38.992  -5.952  38.119 0.0000000000
33527  37.183  -6.069  35.720 0.0000000000
35011  36.836  -4.636  34.029 0.0000000000
33541  35.666  -6.242  34.119 0.0000000000
78042  33.557  -7.054  32.173 0.0000000000
32838  35.032  -8.523  34.180 0.0000000000
31353  32.689  -9.551  34.503 0.0000000000
31275  27.985  -9.975  40.072 0.0000000000
32066  29.278  -8.220  39.521 0.0000000000
79017  27.330  -9.236  38.427 0.0000000000
74999  27.364  -10.830  34.474 0.0000000000
41026  44.411  3.398  19.459 0.0000000000
40320  43.269  2.388  20.415 0.0000000000
24488  25.418  -17.752  44.632 0.0000000000
25946  23.451  -16.805  43.750 0.0000000000
25187  23.856  -16.929  45.274 0.0000000000
25922  22.739  -16.127  46.492 0.0000000000
26664  21.240  -14.918  47.892 0.0000000000
28121  29.157  -13.276  46.623 0.0000000000
73049  29.391  -13.778  45.386 0.0000000000
26678  28.890  -15.268  45.579 0.0000000000
25185  27.451  -17.230  45.409 0.0000000000
38675  44.005  0.050  36.070 0.0000000000
36479  43.072  -2.572  37.333 0.0000000000
32758  38.013  -7.256  41.204 0.0000000000
31283  36.881  -8.515  39.263 0.0000000000
31312  36.076  -8.654  37.944 0.0000000000
32108  35.179  -9.027  35.554 0.0000000000
32083  34.836  -8.446  37.628 0.0000000000
33510  32.976  -6.775  37.207 0.0000000000
77839  31.545  -6.459  36.522 0.0000000000
29027  25.961  -12.827  37.888 0.0000000000
29837  25.735  -11.078  36.973 0.0000000000
77155  25.296  -12.389  36.336 0.0000000000
40302  42.369  2.321  24.674 0.0000000000
39596  42.231  1.305  21.448 0.0000000000
38833  41.427  0.631  22.739 0.0000000000
26706  22.220  -15.388  42.231 0.0000000000
31992  32.287  -7.604  45.089 0.0000000000
32016  32.570  -8.060  43.432 0.0000000000
32046  31.430  -8.261  41.642 0.0000000000
31244  31.005  -9.028  43.018 0.0000000000
30542  29.096  -10.180  41.666 0.0000000000
29792  27.968  -11.320  41.297 0.0000000000
28152  29.057  -13.718  43.531 0.0000000000
28183  27.644  -13.521  41.381 0.0000000000
28993  27.112  -13.071  40.299 0.0000000000
27512  26.089  -14.103  38.833 0.0000000000
83376  24.381  -14.892  37.992 0.0000000000
36566  43.000  -2.728  29.196 0.0000000000
36584  43.212  -2.750  27.179 0.0000000000
35057  44.660  -4.305  27.493 0.0000000000
28076  21.535  -13.067  50.008 0.0000000000
28101  20.323  -13.781  48.768 0.0000000000
29709  19.261  -11.607  49.220 0.0000000000
28921  18.762  -12.091  47.177 0.0000000000
40272  44.319  2.694  27.437 0.0000000000
39559  42.902  2.087  27.990 0.0000000000
38773  41.077  0.534  29.814 0.0000000000
37289  41.463  -1.193  31.248 0.0000000000
36557  43.725  -1.998  30.820 0.0000000000
35739  45.419  -3.958  30.514 0.0000000000
33570  46.400  -6.114  30.516 0.0000000000
36511  46.039  -2.686  34.539 0.0000000000
34240  46.439  -4.851  32.901 0.0000000000
73478  44.200  -6.338  30.728 0.0000000000
34305  42.045  -5.617  30.041 0.0000000000
34292  40.084  -4.979  30.482 0.0000000000
34962  41.529  -3.367  37.550 0.0000000000
34206  39.514  -5.532  39.605 0.0000000000
34969  39.643  -4.320  37.307 0.0000000000
82966  40.531  -3.969  35.605 0.0000000000
35010  38.978  -4.291  34.201 0.0000000000
35023  37.217  -4.715  32.455 0.0000000000
31386  34.067  -9.463  34.328 0.0000000000
32777  30.731  -7.677  40.031 0.0000000000
33503  30.441  -6.739  38.117 0.0000000000
32826  28.932  -6.887  35.442 0.0000000000
31336  26.031  -9.499  35.858 0.0000000000
32121  27.944  -8.484  34.682 0.0000000000
26637  24.903  -14.867  48.851 0.0000000000
27365  24.773  -14.401  48.892 0.0000000000
70768  34.023  -7.370  43.229 0.0000000000
32014  34.606  -7.140  43.689 0.0000000000
32027  34.304  -7.453  42.544 0.0000000000
70831  35.099  -7.438  42.201 0.0000000000
32760  34.123  -7.281  41.304 0.0000000000
32774  33.526  -7.092  40.675 0.0000000000
32761  33.248  -7.427  41.421 0.0000000000
37335  40.470  -1.183  27.958 0.0000000000
37349  41.349  -1.332  26.175 0.0000000000
73796  41.586  -1.546  26.872 0.0000000000
25973  24.390  -17.119  41.132 0.0000000000
25985  23.335  -16.819  40.701 0.0000000000
25218  23.701  -17.274  42.202 0.0000000000
79384  20.604  -14.162  45.541 0.0000000000
27414  20.895  -14.315  44.950 0.0000000000
28131  20.317  -13.481  44.854 0.0000000000
28143  19.621  -12.841  44.382 0.0000000000
28132  19.654  -12.950  45.265 0.0000000000
29722  29.974  -10.854  47.033 0.0000000000
30490  30.142  -10.224  46.485 0.0000000000
78254  30.651  -9.511  46.108 0.0000000000
29749  30.010  -11.149  45.377 0.0000000000
28951  29.741  -11.426  44.529 0.0000000000
28942  29.599  -11.983  45.098 0.0000000000
25215  26.114  -17.454  42.677 0.0000000000
25957  26.691  -16.827  42.185 0.0000000000
25958  25.806  -17.197  41.948 0.0000000000
25983  25.073  -16.602  40.729 0.0000000000
82251  45.207  -6.488  28.448 0.0000000000
33605  45.110  -6.325  27.846 0.0000000000
33606  44.035  -6.274  27.630 0.0000000000
82311  43.629  0.630  34.523 0.0000000000
37976  43.201  -0.260  34.330 0.0000000000
81774  43.474  -0.033  34.961 0.0000000000
35715  43.431  -3.389  36.478 0.0000000000
34993  44.207  -4.024  35.044 0.0000000000
34994  43.317  -4.076  35.207 0.0000000000
34232  42.294  -4.569  34.140 0.0000000000
70393  41.956  -4.316  34.927 0.0000000000
32091  36.989  -8.053  36.962 0.0000000000
33517  37.510  -6.677  36.427 0.0000000000
33518  36.912  -7.031  35.827 0.0000000000
33528  36.605  -6.501  35.253 0.0000000000
33529  36.038  -7.094  34.746 0.0000000000
32844  35.355  -7.380  33.937 0.0000000000
32837  35.612  -8.117  34.681 0.0000000000
30563  27.376  -10.391  39.514 0.0000000000
31287  27.660  -9.622  39.218 0.0000000000
30577  27.088  -10.078  38.745 0.0000000000
40310  44.091  3.067  21.814 0.0000000000
40311  43.474  2.676  22.450 0.0000000000
24478  25.656  -17.563  45.249 0.0000000000
25186  24.562  -17.334  45.080 0.0000000000
76619  24.761  -17.257  45.624 0.0000000000
25915  23.176  -15.878  47.470 0.0000000000
25921  23.447  -16.360  46.723 0.0000000000
26662  22.440  -15.627  47.592 0.0000000000
26663  21.775  -15.392  47.452 0.0000000000
72471  21.971  -15.161  48.120 0.0000000000
28108  28.961  -13.265  47.115 0.0000000000
27402  28.909  -14.474  46.081 0.0000000000
27391  28.337  -14.425  46.451 0.0000000000
25166  26.614  -16.707  46.849 0.0000000000
25174  27.465  -17.071  46.084 0.0000000000
24468  26.926  -17.356  45.747 0.0000000000
24487  26.111  -17.737  44.792 0.0000000000
32729  35.878  -6.760  44.002 0.0000000000
32728  36.675  -6.610  43.766 0.0000000000
32736  37.324  -6.693  43.031 0.0000000000
33457  38.013  -6.532  42.381 0.0000000000
32748  37.434  -7.118  42.271 0.0000000000
31272  36.113  -8.316  40.105 0.0000000000
81775  36.788  -8.128  40.373 0.0000000000
31284  36.414  -8.553  39.362 0.0000000000
31300  36.530  -8.594  38.740 0.0000000000
31301  36.029  -8.635  38.829 0.0000000000
71987  35.351  -8.671  37.272 0.0000000000
32076  34.937  -8.107  38.481 0.0000000000
72995  33.089  -6.571  38.628 0.0000000000
32804  33.411  -6.815  37.826 0.0000000000
75186  32.639  -6.555  37.747 0.0000000000
33511  32.360  -6.618  36.886 0.0000000000
78440  31.802  -6.453  37.492 0.0000000000
28253  25.452  -13.568  37.603 0.0000000000
78661  25.543  -12.815  37.199 0.0000000000
28270  25.091  -13.219  36.691 0.0000000000
75974  41.483  1.857  25.050 0.0000000000
39584  41.691  1.778  24.106 0.0000000000
38820  40.675  0.570  24.257 0.0000000000
37379  42.758  -1.349  23.169 0.0000000000
26757  23.065  -15.369  37.763 0.0000000000
26758  22.284  -15.663  38.196 0.0000000000
25947  22.758  -16.170  43.519 0.0000000000
25960  22.671  -16.174  42.606 0.0000000000
26695  22.190  -15.399  43.148 0.0000000000
28168  20.333  -13.472  42.191 0.0000000000
28167  21.029  -13.692  42.086 0.0000000000
82963  31.177  -8.986  45.550 0.0000000000
31993  31.924  -7.815  46.001 0.0000000000
73910  32.066  -8.029  44.540 0.0000000000
71444  32.572  -7.943  43.979 0.0000000000
32003  31.934  -8.368  43.986 0.0000000000
32017  31.819  -8.512  43.273 0.0000000000
31234  31.278  -8.959  43.865 0.0000000000
30518  29.579  -10.852  43.148 0.0000000000
30531  29.365  -10.454  42.360 0.0000000000
30532  28.974  -11.137  42.503 0.0000000000
30543  28.485  -10.666  41.430 0.0000000000
29781  28.087  -11.941  41.801 0.0000000000
27425  29.222  -14.497  44.813 0.0000000000
28141  29.241  -13.701  44.426 0.0000000000
27436  29.087  -14.480  43.926 0.0000000000
26718  27.393  -15.204  41.599 0.0000000000
27452  28.026  -14.752  42.035 0.0000000000
28199  27.220  -13.836  40.703 0.0000000000
28981  27.439  -12.926  40.963 0.0000000000
28200  26.815  -13.652  39.859 0.0000000000
28234  26.452  -13.528  39.101 0.0000000000
27500  26.347  -14.291  39.436 0.0000000000
26744  24.376  -15.692  39.131 0.0000000000
27502  24.892  -14.984  38.556 0.0000000000
26756  23.877  -15.331  38.374 0.0000000000
35745  43.919  -4.111  29.141 0.0000000000
35753  43.314  -3.442  28.528 0.0000000000
35752  44.109  -4.255  28.415 0.0000000000
35063  45.575  -4.513  26.421 0.0000000000
28889  21.058  -12.374  50.300 0.0000000000
28091  20.547  -13.424  49.366 0.0000000000
28078  20.165  -12.704  49.585 0.0000000000
71720  18.322  -10.257  49.515 0.0000000000
29710  18.620  -10.985  48.929 0.0000000000
28906  19.448  -12.573  48.480 0.0000000000
28907  18.852  -11.946  47.896 0.0000000000
29741  18.157  -11.801  46.568 0.0000000000
29742  17.400  -11.609  46.727 0.0000000000
40283  45.452  3.178  26.320 0.0000000000
40240  44.690  2.288  28.947 0.0000000000
39544  43.966  1.935  29.221 0.0000000000
39545  42.276  1.597  28.738 0.0000000000
39531  43.058  1.606  29.605 0.0000000000
38750  42.802  0.787  31.998 0.0000000000
38752  41.423  -0.218  31.379 0.0000000000
37270  41.730  -1.150  31.925 0.0000000000
37300  42.829  -1.790  30.707 0.0000000000
73534  42.861  -1.567  31.959 0.0000000000
37284  45.786  -2.252  32.293 0.0000000000
36555  45.553  -2.489  31.518 0.0000000000
35736  46.889  -3.638  31.660 0.0000000000
35033  46.512  -5.319  30.528 0.0000000000
35738  47.025  -4.275  31.511 0.0000000000
79918  44.533  -1.231  35.989 0.0000000000
84022  45.212  -1.665  34.996 0.0000000000
37225  45.041  -1.734  35.483 0.0000000000
34229  45.104  -4.756  33.544 0.0000000000
34228  45.878  -4.701  33.415 0.0000000000
34256  44.931  -5.625  32.432 0.0000000000
33554  46.065  -6.130  31.582 0.0000000000
33556  44.683  -5.950  31.884 0.0000000000
80524  43.581  -6.279  30.270 0.0000000000
33566  43.238  -5.850  31.008 0.0000000000
74626  40.872  -4.898  31.973 0.0000000000
34276  40.563  -4.978  31.232 0.0000000000
34277  39.614  -4.865  31.328 0.0000000000
34278  38.642  -4.885  31.253 0.0000000000
34963  40.974  -3.517  38.192 0.0000000000
32770  38.774  -6.677  40.058 0.0000000000
34203  39.401  -5.414  40.253 0.0000000000
33490  39.186  -6.156  39.483 0.0000000000
34215  38.425  -4.964  36.655 0.0000000000
34210  39.292  -5.113  37.807 0.0000000000
34982  39.228  -4.234  36.542 0.0000000000
34981  40.371  -3.839  36.815 0.0000000000
34998  39.374  -4.019  35.641 0.0000000000
70529  39.605  -4.149  34.763 0.0000000000
34999  38.607  -4.176  35.181 0.0000000000
34248  36.214  -4.890  33.657 0.0000000000
72828  36.984  -4.594  33.321 0.0000000000
35025  35.886  -4.892  32.450 0.0000000000
70309  36.053  -4.951  31.048 0.0000000000
77335  35.155  -5.102  31.053 0.0000000000
34282  34.251  -5.523  31.224 0.0000000000
32851  33.475  -7.948  32.352 0.0000000000
32857  32.760  -7.741  31.194 0.0000000000
31333  34.505  -8.989  36.072 0.0000000000
32109  34.744  -9.315  35.169 0.0000000000
31369  34.239  -9.442  34.980 0.0000000000
30655  31.867  -10.465  33.581 0.0000000000
32047  30.667  -8.537  41.286 0.0000000000
32763  31.216  -7.898  40.782 0.0000000000
32057  30.357  -8.254  40.526 0.0000000000
32799  28.197  -7.887  38.126 0.0000000000
32798  29.612  -7.198  38.328 0.0000000000
32805  28.711  -7.286  37.653 0.0000000000
33522  29.387  -6.605  36.540 0.0000000000
72274  28.218  -7.102  35.785 0.0000000000
29855  25.570  -10.960  36.089 0.0000000000
30611  25.978  -9.827  36.540 0.0000000000
30630  26.205  -10.199  34.913 0.0000000000
31374  27.544  -9.337  34.644 0.0000000000
79179  28.624  -8.315  34.677 0.0000000000
38120  42.570  0.200  20.752 0.0000000000
38853  42.452  1.042  20.684 0.0000000000
78999  44.754  -1.960  26.581 0.0000000000
25160  25.997  -16.398  47.094 0.0000000000
25168  24.836  -16.565  46.889 0.0000000000
25907  24.853  -15.993  47.616 0.0000000000
26651  24.452  -15.262  48.229 0.0000000000
26639  23.727  -15.024  48.869 0.0000000000
25905  26.399  -16.074  47.384 0.0000000000
32716  33.923  -6.551  44.614 0.0000000000
33426  34.116  -6.176  45.017 0.0000000000
79282  34.601  -6.773  44.121 0.0000000000
82048  35.344  -7.016  43.826 0.0000000000
32013  35.906  -7.299  42.832 0.0000000000
32024  36.907  -7.416  42.134 0.0000000000
32026  35.752  -7.458  42.155 0.0000000000
32043  35.604  -7.610  41.421 0.0000000000
32772  35.050  -7.554  40.156 0.0000000000
32065  35.049  -7.767  39.330 0.0000000000
32785  34.414  -7.131  39.669 0.0000000000
33481  33.720  -6.839  39.933 0.0000000000
33493  32.449  -6.655  39.310 0.0000000000
27521  24.303  -14.292  36.713 0.0000000000
28271  24.667  -13.763  36.177 0.0000000000
26788  24.605  -15.609  35.241 0.0000000000
39570  40.338  1.040  26.451 0.0000000000
74097  40.256  0.446  25.070 0.0000000000
38068  40.172  -0.265  25.411 0.0000000000
37367  41.454  -1.175  24.796 0.0000000000
26731  23.964  -16.240  39.620 0.0000000000
26746  22.626  -15.813  39.171 0.0000000000
26732  23.241  -16.383  39.912 0.0000000000
80974  22.729  -16.296  40.556 0.0000000000
26721  22.297  -15.676  41.282 0.0000000000
26680  21.426  -15.069  45.148 0.0000000000
26696  21.727  -14.825  43.696 0.0000000000
27426  21.324  -14.522  44.323 0.0000000000
27439  20.706  -13.474  43.436 0.0000000000
28144  18.330  -12.940  43.980 0.0000000000
81913  30.588  -9.919  44.709 0.0000000000
31235  30.698  -9.590  43.721 0.0000000000
30507  30.381  -10.181  44.288 0.0000000000
29767  29.909  -10.849  43.989 0.0000000000
78530  29.167  -12.278  43.536 0.0000000000
25944  27.781  -16.645  43.312 0.0000000000
26694  28.240  -15.938  42.940 0.0000000000
25956  27.492  -16.396  42.520 0.0000000000
26705  27.109  -16.058  41.839 0.0000000000
26719  26.666  -15.670  41.229 0.0000000000
27485  25.968  -15.076  39.772 0.0000000000
26730  25.355  -15.960  40.154 0.0000000000
82887  24.627  -16.030  39.705 0.0000000000
35041  45.639  -5.507  29.178 0.0000000000
35050  45.300  -5.175  28.149 0.0000000000
34328  45.522  -6.000  27.864 0.0000000000
33615  45.252  -5.930  27.413 0.0000000000
30471  17.225  -9.939  49.200 0.0000000000
29717  17.070  -10.669  47.892 0.0000000000
29730  17.295  -11.172  47.312 0.0000000000
29731  16.362  -11.262  47.497 0.0000000000
38728  42.550  -0.226  33.179 0.0000000000
37255  42.667  -1.171  33.060 0.0000000000
37254  43.404  -1.365  33.448 0.0000000000
37253  44.571  -1.710  33.306 0.0000000000
37266  45.482  -1.980  33.085 0.0000000000
36498  44.200  -2.541  36.342 0.0000000000
35721  45.197  -3.429  35.159 0.0000000000
35722  44.704  -3.536  35.656 0.0000000000
35005  44.633  -4.374  34.285 0.0000000000
34243  43.639  -5.008  33.118 0.0000000000
75458  43.256  -5.178  32.635 0.0000000000
34244  42.659  -4.810  33.233 0.0000000000
34245  41.675  -4.681  33.543 0.0000000000
34246  41.041  -4.773  32.843 0.0000000000
32793  38.226  -7.368  38.936 0.0000000000
33499  38.630  -6.674  38.517 0.0000000000
33508  38.351  -6.528  37.685 0.0000000000
33516  38.129  -6.050  36.899 0.0000000000
34216  37.765  -5.584  36.203 0.0000000000
83651  37.823  -4.490  35.180 0.0000000000
34223  36.796  -5.482  35.101 0.0000000000
34235  35.952  -5.459  34.131 0.0000000000
34249  35.509  -5.502  33.483 0.0000000000
34265  34.418  -5.710  32.268 0.0000000000
33548  35.131  -6.354  33.470 0.0000000000
32850  34.194  -7.318  32.752 0.0000000000
32846  34.131  -8.327  33.028 0.0000000000
32095  33.212  -8.863  35.283 0.0000000000
78975  33.628  -9.385  34.900 0.0000000000
30642  31.827  -10.005  34.307 0.0000000000
30643  31.573  -10.812  34.089 0.0000000000
31273  29.219  -9.214  40.567 0.0000000000
32058  29.616  -8.561  40.226 0.0000000000
31286  28.274  -9.218  39.593 0.0000000000
32068  27.928  -8.865  38.902 0.0000000000
32078  27.694  -8.444  38.172 0.0000000000
29879  27.047  -11.404  34.216 0.0000000000
29878  27.631  -11.719  34.526 0.0000000000
41019  44.673  3.477  21.319 0.0000000000
40319  43.828  2.940  19.944 0.0000000000
40323  43.394  2.235  19.563 0.0000000000
25205  25.410  -17.896  43.292 0.0000000000
73858  23.941  -17.351  43.061 0.0000000000
25196  24.664  -17.591  44.285 0.0000000000
25937  23.623  -16.849  44.576 0.0000000000
25929  23.231  -16.576  45.238 0.0000000000
25178  24.198  -16.585  46.725 0.0000000000
25179  23.329  -16.575  45.944 0.0000000000
25930  22.580  -16.106  45.614 0.0000000000
25931  21.869  -15.604  45.633 0.0000000000
26671  21.150  -15.080  47.054 0.0000000000
27393  20.525  -14.378  47.443 0.0000000000
28930  29.194  -12.490  46.421 0.0000000000
83392  29.593  -12.438  45.532 0.0000000000
28120  29.579  -12.994  45.953 0.0000000000
27413  29.211  -14.583  45.559 0.0000000000
25935  28.787  -15.855  45.160 0.0000000000
75417  27.987  -16.105  46.255 0.0000000000
25928  28.332  -16.402  45.356 0.0000000000
25936  28.498  -16.325  44.693 0.0000000000
25203  27.205  -17.264  43.805 0.0000000000
25204  26.381  -17.660  43.510 0.0000000000
33595  43.161  -6.284  28.822 0.0000000000
33607  42.926  -6.009  27.930 0.0000000000
38695  43.978  0.599  35.534 0.0000000000
75953  44.056  -1.795  36.989 0.0000000000
36478  43.769  -2.398  37.035 0.0000000000
35703  43.702  -2.976  36.868 0.0000000000
35704  42.914  -3.108  37.039 0.0000000000
32757  38.492  -6.657  40.863 0.0000000000
32771  38.152  -7.329  40.457 0.0000000000
77555  37.026  -7.887  40.833 0.0000000000
32055  37.175  -8.094  40.270 0.0000000000
32073  37.741  -7.926  39.342 0.0000000000
84831  37.041  -8.490  38.730 0.0000000000
32082  36.581  -8.457  37.346 0.0000000000
75194  35.886  -8.706  36.915 0.0000000000
32107  35.869  -8.639  35.970 0.0000000000
32093  35.120  -8.933  36.302 0.0000000000
32094  34.691  -8.704  36.758 0.0000000000
31334  33.963  -8.601  36.267 0.0000000000
32803  34.213  -7.614  37.910 0.0000000000
32809  33.565  -7.521  37.002 0.0000000000
32810  33.073  -7.770  36.036 0.0000000000
33520  32.194  -6.958  35.861 0.0000000000
33530  31.200  -6.692  35.544 0.0000000000
29818  26.513  -11.396  38.617 0.0000000000
30578  26.561  -10.596  38.281 0.0000000000
29047  25.767  -12.011  37.307 0.0000000000
83986  25.531  -11.615  36.490 0.0000000000
82409  25.467  -11.673  35.620 0.0000000000
79444  24.831  -13.968  35.272 0.0000000000
72310  25.328  -13.276  34.808 0.0000000000
40301  43.204  2.651  24.371 0.0000000000
40312  42.542  2.166  22.807 0.0000000000
40308  42.455  2.257  23.762 0.0000000000
76840  41.867  0.800  21.915 0.0000000000
38110  42.277  -0.082  21.322 0.0000000000
79313  41.194  -0.197  23.292 0.0000000000
38100  42.535  -1.131  22.477 0.0000000000
82482  23.035  -16.821  42.008 0.0000000000
84242  22.638  -16.192  41.888 0.0000000000
26722  21.609  -14.752  40.953 0.0000000000
27453  21.621  -14.383  42.598 0.0000000000
27469  21.295  -14.110  41.577 0.0000000000
32717  33.086  -7.003  44.937 0.0000000000
32002  32.946  -7.461  44.267 0.0000000000
32015  33.214  -7.648  43.604 0.0000000000
32029  32.413  -8.110  42.679 0.0000000000
32751  32.920  -7.770  42.080 0.0000000000
32030  31.626  -8.471  42.457 0.0000000000
32031  30.881  -8.805  42.104 0.0000000000
31259  30.182  -9.163  41.689 0.0000000000
70461  30.437  -9.647  43.127 0.0000000000
31246  29.719  -9.785  42.058 0.0000000000
31260  29.468  -9.524  41.299 0.0000000000
31261  28.674  -9.938  40.870 0.0000000000
30551  27.971  -10.636  40.760 0.0000000000
29793  27.478  -11.413  40.519 0.0000000000
28130  29.407  -12.837  44.961 0.0000000000
71961  29.217  -12.941  43.982 0.0000000000
28961  28.946  -12.974  43.184 0.0000000000
83830  28.459  -14.378  42.499 0.0000000000
28166  28.134  -13.758  42.032 0.0000000000
84674  28.254  -12.360  42.107 0.0000000000
29782  27.628  -12.093  41.159 0.0000000000
29009  27.245  -12.315  40.412 0.0000000000
84476  27.105  -11.814  39.916 0.0000000000
29026  26.368  -12.794  38.663 0.0000000000
28235  26.024  -13.541  38.397 0.0000000000
27501  25.718  -14.713  39.039 0.0000000000
27513  25.546  -14.240  38.345 0.0000000000
27520  24.777  -14.377  37.650 0.0000000000
37312  41.891  -1.849  28.969 0.0000000000
36585  42.565  -2.424  27.614 0.0000000000
83155  42.891  -3.084  27.847 0.0000000000
35056  45.370  -4.718  27.050 0.0000000000
35771  45.882  -3.666  26.514 0.0000000000
33617  43.810  -5.814  26.867 0.0000000000
28088  24.178  -13.600  48.994 0.0000000000
28089  23.460  -13.662  49.112 0.0000000000
27357  22.768  -13.725  49.655 0.0000000000
28075  22.449  -13.105  50.010 0.0000000000
27368  22.451  -14.289  49.085 0.0000000000
26652  21.446  -14.624  48.576 0.0000000000
27381  20.754  -14.364  48.371 0.0000000000
28112  19.802  -13.482  47.405 0.0000000000
28881  20.003  -11.329  50.318 0.0000000000
28897  19.613  -12.307  49.121 0.0000000000
28102  19.801  -13.338  48.309 0.0000000000
28123  19.584  -13.041  46.279 0.0000000000
28933  19.027  -12.395  46.218 0.0000000000
41005  44.775  3.172  24.910 0.0000000000
40292  44.146  2.930  25.554 0.0000000000
72271  43.628  2.747  26.040 0.0000000000
78286  42.838  2.513  26.127 0.0000000000
40271  45.392  2.898  28.022 0.0000000000
40273  43.443  2.419  27.487 0.0000000000
71681  41.659  1.918  26.954 0.0000000000
39561  40.895  1.404  27.350 0.0000000000
38790  40.010  0.059  28.688 0.0000000000
38027  40.183  -0.644  29.229 0.0000000000
39519  42.473  1.176  30.358 0.0000000000
38761  40.734  -0.218  30.203 0.0000000000
37313  41.031  -1.477  29.413 0.0000000000
37301  41.788  -1.718  29.845 0.0000000000
36563  43.233  -2.297  30.017 0.0000000000
35740  44.368  -3.609  30.033 0.0000000000
37286  43.881  -1.756  31.697 0.0000000000
36561  45.066  -2.933  30.817 0.0000000000
35744  44.848  -4.523  29.665 0.0000000000
35040  46.225  -5.726  29.832 0.0000000000
34303  46.343  -5.941  29.957 0.0000000000
33582  45.728  -6.507  29.644 0.0000000000
73540  44.075  -1.060  35.289 0.0000000000
75833  45.544  -1.863  34.499 0.0000000000
36536  46.175  -2.658  33.364 0.0000000000
35720  46.012  -3.311  34.808 0.0000000000
35002  46.973  -3.806  33.741 0.0000000000
79066  47.055  -4.322  32.356 0.0000000000
34271  46.701  -5.362  31.599 0.0000000000
33571  46.018  -6.453  30.398 0.0000000000
33583  45.001  -6.649  29.404 0.0000000000
33584  43.403  -6.348  29.591 0.0000000000
74044  42.458  -5.915  29.391 0.0000000000
34274  42.411  -5.351  31.624 0.0000000000
34291  41.186  -5.256  30.439 0.0000000000
35705  42.226  -3.184  37.305 0.0000000000
34966  41.781  -3.514  36.885 0.0000000000
34960  40.290  -4.172  39.487 0.0000000000
33498  39.130  -6.128  38.842 0.0000000000
34205  39.882  -4.966  39.038 0.0000000000
74876  40.321  -4.113  38.646 0.0000000000
76982  40.444  -3.985  37.983 0.0000000000
34980  41.302  -3.723  36.462 0.0000000000
34996  41.655  -3.995  35.662 0.0000000000
34997  41.033  -4.176  35.176 0.0000000000
70364  39.896  -4.452  33.944 0.0000000000
35016  39.284  -4.541  33.362 0.0000000000
77399  38.054  -4.326  34.482 0.0000000000
70363  37.848  -4.603  32.982 0.0000000000
34263  38.098  -4.786  32.039 0.0000000000
34279  37.779  -4.913  31.170 0.0000000000
34283  33.488  -6.133  31.094 0.0000000000
32862  32.818  -7.601  30.674 0.0000000000
32117  35.182  -8.891  34.895 0.0000000000
32127  34.284  -9.033  33.768 0.0000000000
32128  33.585  -8.958  32.973 0.0000000000
31370  33.499  -9.513  34.353 0.0000000000
31387  33.336  -9.500  33.650 0.0000000000
32762  31.996  -7.777  41.220 0.0000000000
32776  31.467  -7.344  40.090 0.0000000000
32786  31.744  -6.917  39.580 0.0000000000
32778  30.000  -7.968  39.841 0.0000000000
32797  30.351  -7.159  38.874 0.0000000000
33502  31.308  -6.543  38.143 0.0000000000
33512  30.794  -6.421  37.202 0.0000000000
33531  30.318  -6.561  35.627 0.0000000000
32119  29.917  -7.433  34.698 0.0000000000
31302  26.713  -9.721  37.937 0.0000000000
31314  26.373  -9.425  37.124 0.0000000000
72944  26.942  -8.242  36.572 0.0000000000
31375  26.864  -9.605  34.673 0.0000000000
32113  26.858  -8.812  35.061 0.0000000000
32827  27.711  -7.650  35.337 0.0000000000
82590  28.368  -7.394  35.087 0.0000000000
32120  29.236  -7.952  34.599 0.0000000000
39595  42.690  1.830  20.902 0.0000000000
39599  42.879  1.545  19.973 0.0000000000
39601  43.623  1.270  18.825 0.0000000000
37332  42.946  -2.102  26.905 0.0000000000
32028  33.330  -7.732  42.833 0.0000000000
37334  41.325  -1.562  27.608 0.0000000000
25229  24.858  -17.432  41.827 0.0000000000
25230  24.101  -17.457  41.790 0.0000000000
29736  30.024  -11.066  46.323 0.0000000000
25216  25.214  -17.687  42.487 0.0000000000
76525  44.568  -6.528  28.339 0.0000000000
34995  42.479  -4.073  35.428 0.0000000000
35007  42.842  -4.366  34.700 0.0000000000
32821  36.529  -7.904  35.883 0.0000000000
32808  37.013  -7.601  36.425 0.0000000000
84112  36.457  -7.325  35.386 0.0000000000
40306  44.183  3.046  23.275 0.0000000000
79582  44.319  3.150  22.572 0.0000000000
24469  25.903  -17.350  45.877 0.0000000000
24470  25.260  -17.332  45.742 0.0000000000
70936  28.558  -13.968  47.008 0.0000000000
25175  26.246  -17.086  46.358 0.0000000000
78936  26.912  -17.122  46.352 0.0000000000
82562  26.468  -17.299  45.962 0.0000000000
24477  26.319  -17.505  45.437 0.0000000000
32749  37.031  -7.186  42.741 0.0000000000
32064  35.644  -8.139  39.787 0.0000000000
84653  36.332  -8.437  39.815 0.0000000000
31285  36.042  -8.539  39.510 0.0000000000
78850  35.500  -8.536  38.182 0.0000000000
39585  41.051  1.321  24.373 0.0000000000
39586  40.608  1.158  24.952 0.0000000000
70840  23.062  -15.665  38.561 0.0000000000
25938  22.837  -16.252  44.551 0.0000000000
28184  19.903  -13.700  41.760 0.0000000000
31217  31.658  -8.290  45.371 0.0000000000
28969  29.127  -11.692  43.047 0.0000000000
76033  28.479  -11.281  41.912 0.0000000000
26692  29.077  -15.082  44.343 0.0000000000
26693  28.812  -15.336  43.552 0.0000000000
27468  26.970  -14.787  40.970 0.0000000000
27467  27.586  -14.314  41.446 0.0000000000
28879  21.337  -11.772  50.788 0.0000000000
28077  20.815  -12.940  49.890 0.0000000000
28890  20.426  -12.212  50.110 0.0000000000
29729  18.141  -11.514  47.253 0.0000000000
70477  46.125  3.297  26.905 0.0000000000
40269  46.870  3.433  27.377 0.0000000000
39529  45.578  2.291  30.021 0.0000000000
40239  45.307  2.365  29.432 0.0000000000
72595  43.958  1.723  29.980 0.0000000000
38740  42.142  -0.167  32.538 0.0000000000
38004  41.694  -0.457  31.988 0.0000000000
37999  41.840  -0.887  32.285 0.0000000000
37269  42.255  -1.225  32.414 0.0000000000
81922  46.454  -2.681  32.457 0.0000000000
36554  46.374  -2.860  31.891 0.0000000000
77902  47.203  -3.911  31.967 0.0000000000
77693  44.330  -5.224  32.919 0.0000000000
34242  44.812  -5.141  33.050 0.0000000000
80459  44.072  -5.939  31.547 0.0000000000
34260  40.236  -4.757  32.395 0.0000000000
80368  40.189  -4.849  31.791 0.0000000000
33491  38.748  -6.765  39.269 0.0000000000
34214  39.003  -4.802  37.191 0.0000000000
35018  35.805  -4.963  33.029 0.0000000000
34281  35.616  -4.979  31.799 0.0000000000
71089  34.904  -5.238  31.782 0.0000000000
32852  32.912  -8.038  31.747 0.0000000000
32811  28.273  -7.133  36.683 0.0000000000
29868  25.772  -10.938  35.177 0.0000000000
30646  26.192  -11.024  34.636 0.0000000000
38119  43.273  -0.256  20.382 0.0000000000
25906  25.718  -15.982  47.678 0.0000000000
25167  25.478  -16.442  47.056 0.0000000000
26649  26.139  -15.402  47.847 0.0000000000
32001  33.815  -6.980  44.188 0.0000000000
32739  35.442  -7.190  43.405 0.0000000000
32738  36.148  -7.105  43.484 0.0000000000
32025  36.382  -7.444  42.107 0.0000000000
32056  35.650  -7.868  40.548 0.0000000000
32773  34.318  -7.142  40.477 0.0000000000
33482  32.978  -6.835  40.062 0.0000000000
27533  24.292  -14.437  35.875 0.0000000000
27549  23.967  -15.163  35.608 0.0000000000
38806  39.793  0.285  26.836 0.0000000000
38814  39.969  0.358  25.925 0.0000000000
38053  39.930  -0.395  26.463 0.0000000000
37359  41.149  -1.163  25.443 0.0000000000
37358  41.934  -1.425  25.582 0.0000000000
37357  43.558  -1.578  25.632 0.0000000000
74233  22.058  -15.478  40.392 0.0000000000
27427  20.832  -13.763  44.160 0.0000000000
28155  20.140  -13.202  42.913 0.0000000000
28156  19.339  -13.110  43.327 0.0000000000
83885  19.488  -12.851  43.817 0.0000000000
28953  18.938  -12.783  43.968 0.0000000000
28954  18.405  -12.736  44.476 0.0000000000
31210  30.813  -9.094  46.992 0.0000000000
30498  30.377  -10.351  45.773 0.0000000000
30497  30.740  -9.621  45.170 0.0000000000
29768  29.470  -11.540  43.765 0.0000000000
26729  26.284  -15.377  40.537 0.0000000000
26720  25.870  -16.150  40.924 0.0000000000
34316  45.817  -5.931  28.509 0.0000000000
34342  45.042  -5.567  26.734 0.0000000000
29711  17.709  -10.450  48.630 0.0000000000
37988  42.813  -0.716  33.608 0.0000000000
76904  43.285  -0.994  34.157 0.0000000000
37252  45.092  -1.804  33.976 0.0000000000
36497  45.006  -2.965  36.022 0.0000000000
35006  43.741  -4.396  34.477 0.0000000000
34230  44.199  -4.787  33.606 0.0000000000
35015  40.768  -4.587  33.740 0.0000000000
32802  37.777  -7.347  37.664 0.0000000000
32801  38.116  -7.189  38.256 0.0000000000
34222  37.408  -5.059  35.513 0.0000000000
33540  36.233  -5.938  34.659 0.0000000000
77655  34.827  -7.098  33.269 0.0000000000
32845  34.715  -7.988  33.443 0.0000000000
32823  32.402  -7.894  35.352 0.0000000000
32110  32.066  -8.577  34.851 0.0000000000
70866  31.462  -10.612  34.929 0.0000000000
31274  28.609  -9.444  40.207 0.0000000000
31313  26.967  -8.763  37.514 0.0000000000
40314  43.924  3.017  20.879 0.0000000000
24495  25.121  -17.883  44.078 0.0000000000
25206  24.640  -17.734  43.414 0.0000000000
81951  24.195  -17.222  44.632 0.0000000000
82733  22.780  -15.990  47.091 0.0000000000
25923  22.065  -15.779  46.320 0.0000000000
78644  21.699  -15.488  46.816 0.0000000000
27403  20.681  -14.488  46.353 0.0000000000
28914  29.009  -12.259  47.065 0.0000000000
29737  29.301  -11.624  46.472 0.0000000000
26685  29.087  -15.224  45.037 0.0000000000
26660  27.683  -15.762  46.892 0.0000000000
25911  27.574  -16.490  46.657 0.0000000000
25184  27.914  -16.836  45.724 0.0000000000
25193  27.968  -16.867  45.056 0.0000000000
25202  27.923  -16.792  44.201 0.0000000000
25194  27.365  -17.338  44.684 0.0000000000
25195  26.634  -17.688  44.332 0.0000000000
24494  25.789  -17.906  44.123 0.0000000000
32715  34.662  -6.358  44.517 0.0000000000
79588  37.903  -7.100  41.841 0.0000000000
32747  38.283  -6.602  41.605 0.0000000000
32041  36.759  -7.653  41.418 0.0000000000
31270  36.755  -8.373  39.864 0.0000000000
32063  37.262  -8.259  39.678 0.0000000000
32062  37.694  -7.846  40.054 0.0000000000
32074  37.305  -8.317  39.100 0.0000000000
31299  36.848  -8.506  38.126 0.0000000000
32084  34.302  -8.263  37.121 0.0000000000
32795  34.410  -7.281  38.844 0.0000000000
33519  32.853  -6.999  36.576 0.0000000000
29046  26.224  -12.061  38.209 0.0000000000
29071  25.355  -12.465  35.189 0.0000000000
27548  24.595  -14.805  35.222 0.0000000000
27547  25.102  -14.577  34.835 0.0000000000
28295  25.476  -14.087  34.582 0.0000000000
28294  26.102  -13.439  34.229 0.0000000000
29083  25.756  -12.684  34.531 0.0000000000
39590  41.798  1.616  23.189 0.0000000000
38832  41.812  0.045  21.937 0.0000000000
38078  40.476  -0.143  24.541 0.0000000000
38826  40.752  -0.041  23.881 0.0000000000
71959  21.674  -15.652  38.876 0.0000000000
25959  23.270  -16.811  42.824 0.0000000000
26707  21.831  -14.771  41.721 0.0000000000
27470  20.564  -13.787  41.577 0.0000000000
31976  31.748  -7.877  46.997 0.0000000000
32705  32.141  -7.212  46.242 0.0000000000
32718  32.421  -7.286  45.581 0.0000000000
31245  30.361  -9.408  42.473 0.0000000000
30530  29.914  -10.037  42.809 0.0000000000
30552  27.565  -10.693  40.147 0.0000000000
26703  28.444  -15.120  42.670 0.0000000000
28970  28.494  -12.839  42.450 0.0000000000
28980  27.926  -12.767  41.717 0.0000000000
28994  26.826  -12.614  39.551 0.0000000000
27514  23.797  -14.814  37.334 0.0000000000
36574  42.613  -2.521  28.455 0.0000000000
35763  43.626  -3.599  27.660 0.0000000000
76856  45.427  -5.662  27.796 0.0000000000
34329  43.063  -5.749  27.007 0.0000000000
28896  24.062  -13.037  49.023 0.0000000000
28073  23.669  -13.025  49.620 0.0000000000
28074  23.125  -13.205  49.749 0.0000000000
27367  23.207  -14.367  49.034 0.0000000000
27358  22.067  -13.683  49.722 0.0000000000
27369  21.693  -14.212  49.144 0.0000000000
27370  20.955  -14.090  49.054 0.0000000000
27382  20.200  -13.940  48.114 0.0000000000
29704  19.226  -11.051  49.664 0.0000000000
30463  19.216  -10.366  50.288 0.0000000000
28891  19.792  -11.903  49.710 0.0000000000
74496  19.327  -12.725  47.750 0.0000000000
28920  19.216  -12.658  46.936 0.0000000000
28934  18.386  -12.143  45.903 0.0000000000
29743  16.571  -11.675  46.966 0.0000000000
40997  45.635  3.345  25.514 0.0000000000
72013  43.870  2.896  24.859 0.0000000000
40291  44.904  3.111  25.745 0.0000000000
40284  44.465  2.907  26.438 0.0000000000
40285  43.536  2.619  26.757 0.0000000000
40252  46.049  3.021  28.567 0.0000000000
40254  43.912  2.279  28.280 0.0000000000
40286  42.573  2.293  27.029 0.0000000000
39560  41.932  1.797  27.729 0.0000000000
39533  41.441  1.093  29.104 0.0000000000
38789  40.664  0.608  28.947 0.0000000000
38774  40.390  -0.081  29.522 0.0000000000
39518  43.386  1.475  30.535 0.0000000000
39504  42.682  1.043  31.164 0.0000000000
38013  41.045  -0.699  30.826 0.0000000000
38760  41.177  0.123  30.648 0.0000000000
38014  40.551  -0.743  29.971 0.0000000000
37302  41.037  -1.264  30.298 0.0000000000
74969  41.879  -1.587  30.677 0.0000000000
81351  42.511  -1.888  30.117 0.0000000000
36565  43.558  -3.197  29.523 0.0000000000
36562  44.101  -2.640  30.429 0.0000000000
37268  43.104  -1.493  32.615 0.0000000000
36560  46.079  -3.310  31.245 0.0000000000
36556  44.640  -2.187  31.136 0.0000000000
35034  45.846  -4.952  30.181 0.0000000000
34289  46.588  -5.600  30.772 0.0000000000
71736  46.147  -6.267  29.910 0.0000000000
37962  43.771  -0.395  35.500 0.0000000000
37235  45.648  -1.979  34.785 0.0000000000
37244  45.911  -2.297  34.154 0.0000000000
37251  45.749  -2.111  33.663 0.0000000000
36523  46.359  -2.898  33.827 0.0000000000
84763  45.718  -3.762  34.715 0.0000000000
35003  46.468  -4.321  33.620 0.0000000000
35014  46.978  -4.370  33.077 0.0000000000
34239  46.852  -4.906  32.302 0.0000000000
34254  46.335  -5.530  32.110 0.0000000000
33565  44.889  -6.341  31.254 0.0000000000
33564  45.735  -6.454  31.074 0.0000000000
33572  45.164  -6.605  30.336 0.0000000000
33573  44.264  -6.566  29.878 0.0000000000
33574  42.825  -5.966  30.175 0.0000000000
34306  41.449  -5.490  29.450 0.0000000000
34258  42.536  -5.104  32.422 0.0000000000
71209  40.478  -5.139  29.681 0.0000000000
35697  41.812  -2.975  38.104 0.0000000000
34202  39.818  -4.813  39.869 0.0000000000
34964  39.903  -4.580  38.152 0.0000000000
34968  40.232  -4.049  37.574 0.0000000000
70530  40.025  -3.891  36.078 0.0000000000
70889  40.834  -3.864  35.956 0.0000000000
35009  40.499  -4.334  34.527 0.0000000000
34233  37.216  -4.659  34.702 0.0000000000
70528  37.529  -4.449  33.869 0.0000000000
35022  38.712  -4.655  32.750 0.0000000000
35028  37.327  -4.836  31.728 0.0000000000
34296  35.627  -5.131  30.228 0.0000000000
33557  33.925  -6.438  32.265 0.0000000000
34266  33.810  -5.968  31.698 0.0000000000
33558  33.408  -6.574  31.661 0.0000000000
73769  35.592  -8.572  35.273 0.0000000000
32118  34.612  -9.250  34.587 0.0000000000
31371  32.540  -9.836  33.813 0.0000000000
31388  32.310  -10.034  32.968 0.0000000000
32045  32.178  -8.038  41.934 0.0000000000
81509  32.599  -7.672  41.495 0.0000000000
72589  31.902  -7.464  40.609 0.0000000000
32787  31.024  -7.110  39.402 0.0000000000
33495  30.949  -6.793  38.709 0.0000000000
33504  29.677  -6.679  37.336 0.0000000000
33532  29.524  -6.586  35.847 0.0000000000
33521  30.067  -6.437  36.450 0.0000000000
32825  29.747  -6.857  35.150 0.0000000000
29836  26.166  -11.243  37.809 0.0000000000
30592  26.148  -10.321  37.357 0.0000000000
78413  26.222  -9.253  36.437 0.0000000000
32085  26.510  -8.848  36.732 0.0000000000
32097  26.425  -8.799  35.874 0.0000000000
71523  26.755  -10.676  34.445 0.0000000000
80446  27.306  -8.894  34.758 0.0000000000
32096  27.050  -8.138  35.608 0.0000000000
32112  27.442  -8.282  34.931 0.0000000000
32841  27.959  -7.885  34.801 0.0000000000
31372  29.089  -8.530  34.818 0.0000000000
41021  45.079  3.920  19.784 0.0000000000
40316  42.619  2.035  21.834 0.0000000000
38862  43.254  0.940  19.421 0.0000000000
39602  43.316  1.628  19.313 0.0000000000
27380  25.369  -14.571  48.091 0.0000000000
32044  34.686  -7.450  41.833 0.0000000000
38043  39.924  -0.610  27.400 0.0000000000
37350  40.628  -1.142  26.895 0.0000000000
37348  42.373  -1.662  26.419 0.0000000000
84839  23.792  -17.024  40.836 0.0000000000
25974  23.520  -17.098  41.414 0.0000000000
31211  30.260  -9.552  46.617 0.0000000000
25972  25.425  -16.882  41.307 0.0000000000
33592  45.582  -6.251  28.437 0.0000000000
30472  16.150  -9.946  49.118 0.0000000000
37975  43.611  -0.820  34.843 0.0000000000
34977  43.740  -3.728  35.695 0.0000000000
32807  37.440  -7.451  36.998 0.0000000000
78469  44.868  3.449  22.200 0.0000000000
40315  43.324  2.525  21.379 0.0000000000
24489  24.984  -17.680  44.611 0.0000000000
24479  25.089  -17.539  45.142 0.0000000000
25908  23.852  -15.708  47.866 0.0000000000
25914  23.793  -16.186  47.226 0.0000000000
25916  22.222  -15.797  47.003 0.0000000000
82986  29.046  -12.832  47.040 0.0000000000
27390  29.069  -13.882  46.949 0.0000000000
26669  28.229  -15.182  46.193 0.0000000000
25165  27.395  -16.800  46.662 0.0000000000
24486  26.844  -17.575  45.074 0.0000000000
33433  36.017  -6.120  44.080 0.0000000000
79834  36.595  -5.844  43.939 0.0000000000
33443  37.836  -6.076  42.926 0.0000000000
32040  37.350  -7.501  41.478 0.0000000000
31258  36.169  -7.959  40.698 0.0000000000
31271  36.430  -8.211  40.230 0.0000000000
32796  33.809  -6.886  38.479 0.0000000000
28283  24.978  -13.125  35.716 0.0000000000
39591  41.154  1.055  23.643 0.0000000000
84707  41.007  0.383  23.563 0.0000000000
37374  41.808  -1.206  24.106 0.0000000000
71093  21.836  -15.509  39.616 0.0000000000
28154  20.917  -13.577  42.769 0.0000000000
82706  28.862  -10.729  41.985 0.0000000000
27437  28.830  -14.481  43.105 0.0000000000
34357  45.359  -4.997  26.247 0.0000000000
28090  21.257  -13.616  49.608 0.0000000000
28898  19.010  -11.765  48.620 0.0000000000
72079  18.702  -12.157  46.542 0.0000000000
70522  45.245  2.995  27.215 0.0000000000
40253  45.369  2.649  28.767 0.0000000000
77587  43.243  1.905  28.754 0.0000000000
39532  42.005  1.201  29.659 0.0000000000
38751  42.016  0.330  31.723 0.0000000000
38005  41.477  -0.876  31.686 0.0000000000
37288  42.195  -1.489  31.535 0.0000000000
37287  43.135  -1.708  31.308 0.0000000000
85028  45.079  -1.861  32.578 0.0000000000
37285  44.953  -1.946  31.897 0.0000000000
77250  46.592  -4.330  30.991 0.0000000000
35032  46.887  -4.894  31.109 0.0000000000
34288  46.772  -5.257  31.227 0.0000000000
37940  44.114  -0.656  36.098 0.0000000000
37961  44.491  -1.222  35.507 0.0000000000
34241  45.617  -5.252  32.819 0.0000000000
34255  45.702  -5.815  32.142 0.0000000000
33555  45.368  -6.129  31.743 0.0000000000
34293  39.109  -4.914  30.482 0.0000000000
35698  41.327  -3.087  38.798 0.0000000000
33480  39.020  -6.038  40.574 0.0000000000
78885  39.206  -5.993  39.991 0.0000000000
34211  38.716  -5.579  37.395 0.0000000000
83553  39.803  -3.993  36.687 0.0000000000
80391  40.182  -4.044  35.285 0.0000000000
35024  36.414  -4.744  32.823 0.0000000000
35029  36.500  -4.825  31.908 0.0000000000
34297  33.943  -5.935  30.391 0.0000000000
32856  33.097  -7.314  31.678 0.0000000000
31332  34.623  -9.216  35.597 0.0000000000
32789  28.868  -7.821  38.700 0.0000000000
33513  28.939  -6.806  36.890 0.0000000000
33523  28.832  -6.740  36.175 0.0000000000
30593  25.775  -10.457  36.566 0.0000000000
30612  25.792  -10.194  35.756 0.0000000000
31337  26.027  -9.805  35.436 0.0000000000
72660  27.930  -10.905  34.795 0.0000000000
30645  27.238  -10.077  34.502 0.0000000000
31373  28.288  -8.969  34.728 0.0000000000
36583  44.437  -2.572  26.773 0.0000000000
37331  43.867  -2.119  26.656 0.0000000000
37330  45.569  -1.929  26.708 0.0000000000
74788  25.951  -16.746  46.709 0.0000000000
26640  22.965  -14.797  48.838 0.0000000000
83755  27.154  -15.654  47.150 0.0000000000
25904  26.735  -15.586  47.599 0.0000000000
32703  33.469  -6.446  45.315 0.0000000000
84875  35.144  -6.627  44.050 0.0000000000
32012  36.557  -7.249  42.779 0.0000000000
32042  36.260  -7.673  41.387 0.0000000000
33492  33.218  -6.679  39.430 0.0000000000
39579  40.320  0.929  25.590 0.0000000000
38077  40.740  -0.736  24.972 0.0000000000
38052  40.596  -0.847  25.863 0.0000000000
37366  42.542  -1.435  24.935 0.0000000000
26679  22.058  -15.669  44.917 0.0000000000
26687  21.725  -15.159  44.437 0.0000000000
28157  18.592  -13.221  43.547 0.0000000000
31225  30.843  -9.518  44.412 0.0000000000
83345  30.075  -10.797  44.639 0.0000000000
25943  28.467  -16.175  43.813 0.0000000000
71301  17.632  -9.608  49.913 0.0000000000
29718  16.046  -10.877  48.048 0.0000000000
37265  46.102  -2.398  32.891 0.0000000000
75663  45.014  -2.477  36.008 0.0000000000
34992  45.009  -3.947  34.854 0.0000000000
80045  41.922  -4.841  32.847 0.0000000000
34956  40.767  -3.478  40.052 0.0000000000
33509  37.890  -6.827  37.098 0.0000000000
34221  38.050  -4.675  35.846 0.0000000000
34234  36.477  -5.068  34.428 0.0000000000
34250  34.912  -5.794  33.006 0.0000000000
33549  34.541  -6.417  32.859 0.0000000000
32059  28.931  -8.865  39.896 0.0000000000
32067  28.571  -8.530  39.224 0.0000000000
32077  28.232  -8.289  38.637 0.0000000000
29880  26.545  -11.583  34.307 0.0000000000
29081  27.039  -12.160  34.110 0.0000000000
29070  28.230  -12.388  35.111 0.0000000000
41022  44.519  3.490  20.371 0.0000000000
40322  43.871  2.760  19.102 0.0000000000
40329  43.585  2.052  18.842 0.0000000000
38118  44.132  -0.589  20.223 0.0000000000
83236  24.857  -17.829  42.899 0.0000000000
25197  24.098  -17.311  43.945 0.0000000000
25177  24.751  -17.000  46.221 0.0000000000
72788  24.119  -16.938  45.976 0.0000000000
26670  21.383  -15.211  46.144 0.0000000000
28111  20.110  -13.882  46.693 0.0000000000
81498  29.255  -13.860  46.147 0.0000000000
72951  27.959  -14.834  47.011 0.0000000000
25164  27.781  -16.738  46.304 0.0000000000
78431  28.062  -16.458  45.812 0.0000000000
25920  28.471  -15.944  45.676 0.0000000000
33594  43.775  -6.430  28.338 0.0000000000
34330  42.131  -5.522  27.082 0.0000000000
72506  44.054  -0.997  36.628 0.0000000000
34965  42.592  -3.472  36.629 0.0000000000
33469  38.791  -5.987  41.323 0.0000000000
32054  37.542  -7.699  40.723 0.0000000000
32794  37.576  -7.990  38.456 0.0000000000
32092  36.492  -8.309  36.577 0.0000000000
79257  31.440  -7.479  35.031 0.0000000000
29082  26.361  -12.460  34.214 0.0000000000
40307  43.310  2.650  23.468 0.0000000000
39593  42.010  1.446  22.284 0.0000000000
38841  42.154  0.585  21.321 0.0000000000
38088  41.805  -0.996  23.153 0.0000000000
38101  41.559  -0.280  22.636 0.0000000000
70418  42.380  -0.683  21.783 0.0000000000
26735  20.443  -14.960  40.015 0.0000000000
33413  33.147  -6.187  46.055 0.0000000000
29806  27.168  -11.120  39.767 0.0000000000
80741  28.878  -12.353  42.923 0.0000000000
28153  28.695  -13.699  42.775 0.0000000000
29807  26.818  -11.630  39.318 0.0000000000
84694  26.562  -12.096  38.873 0.0000000000
26774  23.346  -15.547  35.999 0.0000000000
37320  42.004  -1.929  28.093 0.0000000000
35762  45.427  -3.474  26.750 0.0000000000
28087  24.754  -13.883  48.800 0.0000000000
27366  23.977  -14.332  49.004 0.0000000000
26641  22.218  -14.760  48.684 0.0000000000
28092  19.920  -13.106  49.010 0.0000000000
75492  19.045  -12.494  45.562 0.0000000000
41010  44.954  3.273  23.929 0.0000000000
40293  43.192  2.665  25.303 0.0000000000
40294  42.328  2.347  25.459 0.0000000000
39568  41.819  2.104  26.136 0.0000000000
40270  46.078  3.179  27.725 0.0000000000
84335  44.923  2.810  27.709 0.0000000000
71948  44.762  2.620  28.187 0.0000000000
39569  41.122  1.644  26.529 0.0000000000
39562  40.111  0.733  27.286 0.0000000000
39546  41.213  1.279  28.345 0.0000000000
38801  40.315  0.721  28.079 0.0000000000
38802  39.709  0.100  27.706 0.0000000000
38038  39.950  -0.634  28.335 0.0000000000
37322  40.432  -1.206  28.888 0.0000000000
76819  45.192  2.053  30.480 0.0000000000
38772  41.720  0.773  30.290 0.0000000000
38759  41.881  0.597  30.945 0.0000000000
37303  40.543  -1.140  29.602 0.0000000000
36567  42.557  -2.159  29.427 0.0000000000
33591  46.005  -6.183  29.173 0.0000000000
72365  45.475  -6.495  28.938 0.0000000000
37974  44.708  -1.460  34.846 0.0000000000
36545  46.793  -2.846  32.902 0.0000000000
36512  45.372  -2.596  35.167 0.0000000000
34991  46.143  -3.899  34.176 0.0000000000
35727  46.357  -3.346  34.088 0.0000000000
35726  46.996  -3.271  33.656 0.0000000000
35731  47.049  -3.564  32.877 0.0000000000
35021  47.018  -4.674  31.671 0.0000000000
33562  46.600  -5.830  31.075 0.0000000000
33563  46.332  -6.254  31.002 0.0000000000
80516  44.149  -6.601  29.020 0.0000000000
34273  43.259  -5.515  31.953 0.0000000000
34290  42.209  -5.526  30.776 0.0000000000
34275  41.482  -5.166  31.375 0.0000000000
35696  42.636  -2.738  37.732 0.0000000000
34979  42.138  -3.768  36.148 0.0000000000
79385  39.485  -5.673  39.106 0.0000000000
34208  39.475  -5.424  38.538 0.0000000000
34967  40.920  -3.661  37.349 0.0000000000
34247  40.124  -4.632  33.149 0.0000000000
34261  39.519  -4.686  32.605 0.0000000000
35017  38.398  -4.448  33.607 0.0000000000
34262  39.048  -4.792  31.997 0.0000000000
34280  36.941  -4.916  31.091 0.0000000000
33567  32.955  -6.885  31.022 0.0000000000
32775  32.197  -7.049  40.091 0.0000000000
33494  31.601  -6.679  38.941 0.0000000000
73218  30.360  -7.509  39.474 0.0000000000
32788  29.723  -7.626  39.153 0.0000000000
77359  30.785  -6.409  36.244 0.0000000000
32824  30.570  -6.973  34.984 0.0000000000
31358  26.376  -9.440  35.229 0.0000000000
32812  27.556  -7.566  36.220 0.0000000000
32840  28.525  -7.882  34.684 0.0000000000
32839  29.109  -7.340  34.863 0.0000000000
39608  43.946  1.663  18.236 0.0000000000
37333  42.188  -1.858  27.249 0.0000000000
37347  43.351  -1.769  26.313 0.0000000000
34272  46.444  -5.878  31.418 0.0000000000
36535  46.954  -3.000  33.391 0.0000000000
78285  41.950  -0.661  22.349 0.0000000000
