#!ascii label  , from subject sub-2002 vox2ras=TkReg
1794
28857  8.706  -12.501  55.020 0.2222220004
28856  9.363  -12.495  55.002 0.2222220004
28849  8.865  -11.942  55.361 0.2222220004
28031  8.032  -12.566  55.139 0.2222220004
28855  10.245  -12.701  54.994 0.1111110002
73034  10.225  -12.211  54.948 0.2222220004
29679  9.544  -12.066  55.019 0.2222220004
28037  7.609  -12.861  55.000 0.2222220004
29677  10.464  -11.591  54.528 0.2222220004
30433  9.948  -10.524  54.621 0.1111110002
29678  9.732  -11.394  54.793 0.1111110002
29670  9.307  -10.612  55.043 0.2222220004
29671  9.057  -11.338  55.268 0.2222220004
29672  8.375  -11.421  55.634 0.2222220004
28850  8.183  -12.069  55.486 0.2222220004
29685  11.581  -11.083  53.441 0.1111110002
29686  11.050  -11.333  54.036 0.1111110002
30432  10.554  -10.714  54.150 0.1111110002
31157  9.723  -9.523  54.796 0.3333329856
31150  9.572  -10.062  54.876 0.2222220004
30428  8.654  -10.626  55.394 0.4444440007
30429  7.932  -10.965  55.734 0.4444440007
29673  7.722  -11.720  55.797 0.4444440007
28851  7.484  -12.349  55.506 0.2222220004
77048  7.260  -11.399  55.713 0.4444440007
28032  6.870  -12.761  55.024 0.2222220004
73150  7.210  -11.928  55.754 0.2222220004
31167  11.403  -9.474  54.139 0.1111110002
30440  11.078  -10.390  53.817 0.1111110002
31156  10.602  -9.799  54.353 0.1111110002
78507  10.026  -9.737  54.776 0.1111110002
72380  10.520  -9.013  54.951 0.3333329856
31925  9.936  -8.750  54.830 0.4444440007
31151  9.144  -10.026  55.054 0.3333329856
31152  8.722  -9.965  55.184 0.4444440007
82260  8.283  -10.378  55.386 0.4444440007
28852  6.722  -12.206  55.269 0.2222220004
28858  6.118  -12.652  55.028 0.2222220004
30439  11.609  -9.991  53.393 0.1111110002
32655  17.895  -7.414  53.004 0.4444440007
31944  17.111  -7.635  52.961 0.2222220004
31956  16.522  -8.142  52.590 0.2222220004
76867  11.222  -9.011  54.859 0.2222220004
31926  9.426  -8.862  54.627 0.6666669846
78679  8.756  -9.481  54.812 0.6666669846
77210  8.179  -9.929  55.090 0.6666669846
31153  7.642  -10.399  55.288 0.5555559993
29674  6.656  -11.647  55.552 0.4444440007
28853  6.005  -11.958  55.311 0.4444440007
28859  5.227  -12.513  54.987 0.2222220004
27332  4.562  -14.079  54.177 0.2222220004
32657  15.544  -7.336  52.957 0.3333329856
31945  16.053  -7.800  52.949 0.2222220004
31946  15.001  -8.054  52.995 0.2222220004
79251  12.158  -9.159  53.924 0.1111110002
31957  15.561  -8.333  52.581 0.2222220004
31935  11.909  -8.631  54.781 0.1111110002
33351  17.321  -7.026  53.041 0.4444440007
33350  18.167  -6.859  53.063 0.4444440007
31179  16.018  -8.661  51.949 0.2222220004
81697  11.209  -7.958  55.011 0.2222220004
32636  10.616  -8.155  55.057 0.5555559993
32637  10.003  -8.142  54.812 0.6666669846
31159  7.319  -9.893  54.811 0.5555559993
31154  6.742  -10.358  55.125 0.5555559993
30431  5.966  -10.605  55.221 0.4444440007
29680  5.279  -11.593  55.042 0.4444440007
83735  4.657  -11.953  55.012 0.3333329856
31172  12.565  -9.728  52.623 0.1111110002
31166  12.219  -9.611  53.202 0.1111110002
31171  12.972  -8.858  53.440 0.1111110002
31170  14.024  -8.450  53.146 0.1111110002
31934  12.615  -8.515  54.076 0.3333329856
32643  12.256  -8.175  54.361 0.4444440007
34075  17.549  -6.475  52.990 0.5555559993
34076  16.787  -6.614  53.006 0.4444440007
33352  15.959  -6.714  53.053 0.4444440007
79568  12.033  -7.747  54.298 0.3333329856
34079  18.357  -6.432  52.758 0.5555559993
80546  17.035  -6.233  52.818 0.4444440007
33362  16.349  -6.280  52.761 0.4444440007
32644  11.439  -7.607  54.399 0.5555559993
32645  10.588  -7.622  54.829 0.5555559993
33349  18.967  -6.986  52.988 0.5555559993
34092  17.354  -5.639  51.664 0.4444440007
34081  16.792  -5.906  52.309 0.5555559993
34093  16.443  -5.622  51.405 0.5555559993
33344  11.148  -7.143  54.071 0.5555559993
81716  18.807  -6.174  52.022 0.6666669846
34091  18.186  -5.858  51.906 0.6666669846
34103  16.031  -5.441  50.368 0.6666669846
32638  9.501  -8.473  54.452 0.5555559993
34102  17.030  -5.271  50.743 0.6666669846
72981  7.946  -9.548  54.505 0.5555559993
31928  6.881  -9.409  54.210 0.5555559993
29676  5.272  -10.830  55.202 0.5555559993
32658  14.564  -7.437  53.001 0.2222220004
76200  14.141  -8.060  53.262 0.2222220004
31947  13.472  -8.225  53.866 0.2222220004
32642  12.800  -7.589  54.054 0.4444440007
33353  15.099  -6.817  52.980 0.3333329856
32659  13.575  -7.529  53.231 0.4444440007
33343  12.190  -7.052  54.019 0.5555559993
33363  15.521  -6.410  52.784 0.5555559993
33361  19.156  -6.701  52.399 0.5555559993
34082  15.954  -5.968  52.143 0.5555559993
32646  9.845  -7.932  54.396 0.5555559993
34090  19.421  -6.343  51.617 0.6666669846
34094  15.540  -5.802  51.180 0.5555559993
72925  18.849  -5.750  51.161 0.5555559993
70539  17.966  -5.356  51.010 0.5555559993
31927  8.662  -9.016  54.210 0.5555559993
31160  6.396  -9.675  54.699 0.5555559993
31155  5.973  -10.024  55.062 0.6666669846
34083  15.072  -6.172  51.986 0.4444440007
33354  14.144  -6.911  53.030 0.4444440007
33355  13.244  -6.980  53.140 0.4444440007
33360  19.838  -6.956  52.019 0.5555559993
33364  14.665  -6.560  52.796 0.4444440007
32660  10.353  -7.507  53.899 0.5555559993
34101  18.527  -5.244  50.291 0.5555559993
34862  17.646  -4.972  50.146 0.6666669846
34084  14.045  -6.482  51.680 0.5555559993
34095  14.635  -6.134  50.873 0.6666669846
78162  20.891  -7.834  51.862 0.4444440007
33342  12.932  -6.920  53.928 0.5555559993
32666  20.066  -7.503  52.127 0.5555559993
32674  20.526  -7.278  51.652 0.5555559993
34099  19.667  -6.031  50.804 0.7777780294
33365  13.772  -6.703  52.747 0.4444440007
33356  12.520  -6.824  53.286 0.4444440007
33357  11.634  -6.925  53.439 0.4444440007
34100  19.220  -5.613  50.344 0.5555559993
76319  13.026  -6.774  52.696 0.4444440007
34863  16.719  -5.030  49.875 0.6666669846
31937  7.460  -9.089  53.753 0.5555559993
34875  17.335  -4.792  49.332 0.6666669846
82517  15.117  -5.827  50.176 0.6666669846
31950  21.661  -8.641  51.540 0.4444440007
32665  21.528  -8.170  51.527 0.4444440007
32673  21.219  -7.607  51.333 0.5555559993
33371  20.798  -6.988  50.899 0.5555559993
33372  20.114  -6.644  51.243 0.6666669846
34874  18.233  -4.864  49.464 0.6666669846
33366  12.426  -6.802  52.171 0.5555559993
34104  15.459  -5.583  49.629 0.6666669846
34876  16.412  -5.036  48.967 0.6666669846
74252  16.002  -5.303  49.544 0.6666669846
32680  21.429  -7.392  50.544 0.6666669846
33381  20.352  -6.361  50.434 0.6666669846
34116  19.858  -5.816  49.975 0.5555559993
33388  20.489  -6.220  49.612 0.5555559993
34117  19.162  -5.283  49.498 0.6666669846
33389  19.978  -5.749  49.110 0.5555559993
34128  19.399  -5.324  48.555 0.6666669846
71024  13.141  -6.670  51.907 0.5555559993
34129  18.652  -4.877  48.721 0.6666669846
34105  14.241  -6.169  49.803 0.6666669846
33373  13.736  -6.420  50.376 0.6666669846
84919  17.112  -4.760  48.678 0.6666669846
34119  14.712  -5.845  49.217 0.6666669846
34883  17.856  -4.695  48.726 0.6666669846
34118  15.409  -5.509  48.781 0.6666669846
33399  20.082  -6.007  48.176 0.6666669846
82313  18.902  -4.960  48.087 0.6666669846
34884  17.362  -4.744  48.073 0.6666669846
74458  15.844  -5.283  48.224 0.5555559993
32684  21.574  -7.358  49.600 0.7777780294
32685  20.997  -6.712  49.169 0.5555559993
74415  20.504  -6.255  48.853 0.5555559993
72957  19.395  -5.459  47.729 0.6666669846
34897  18.183  -4.738  47.940 0.5555559993
34885  16.530  -4.986  48.134 0.5555559993
32683  22.267  -8.036  49.617 0.7777780294
32691  21.880  -7.725  48.776 0.6666669846
31973  22.568  -8.414  48.781 0.7777780294
74526  21.358  -7.184  48.718 0.5555559993
32693  20.808  -6.745  48.227 0.6666669846
33408  19.837  -6.116  47.259 0.5555559993
34147  18.694  -5.024  47.378 0.6666669846
34898  17.489  -4.724  47.408 0.4444440007
34911  17.850  -4.760  46.809 0.4444440007
32692  21.416  -7.506  47.899 0.6666669846
32700  20.770  -7.104  47.291 0.7777780294
83945  20.359  -6.550  47.550 0.6666669846
34146  19.192  -5.605  46.885 0.4444440007
31981  22.465  -8.597  47.827 0.6666669846
31974  22.042  -8.037  48.110 0.6666669846
31982  21.833  -8.152  47.347 0.6666669846
32699  21.182  -7.746  46.894 0.7777780294
32708  20.538  -7.393  46.409 0.6666669846
33419  20.187  -6.760  46.812 0.5555559993
34160  18.460  -5.122  46.384 0.3333329856
33420  19.592  -6.331  46.407 0.5555559993
28931  26.134  -12.480  46.355 0.5555559993
70849  26.462  -11.633  46.349 0.7777780294
29738  25.543  -12.173  45.924 0.8888890147
30492  25.950  -11.298  45.798 0.7777780294
29750  25.186  -11.734  45.341 0.8888890147
29751  24.559  -12.056  45.767 0.7777780294
29739  24.622  -12.423  46.430 0.7777780294
29740  23.861  -11.849  46.408 0.7777780294
29752  23.901  -11.730  45.454 0.7777780294
72496  23.352  -10.949  46.787 0.7777780294
31213  23.122  -10.064  47.149 0.7777780294
31201  23.070  -9.062  48.351 0.7777780294
77594  23.325  -11.259  45.849 0.7777780294
31208  22.826  -9.298  47.494 0.7777780294
31987  22.240  -8.822  46.968 0.6666669846
31989  20.912  -8.037  45.980 0.7777780294
31206  27.201  -10.070  47.078 0.5555559993
30486  27.123  -10.970  46.962 0.5555559993
30491  26.602  -10.644  46.456 0.5555559993
30499  26.064  -10.320  45.795 0.8888890147
30500  25.477  -10.978  45.153 0.8888890147
31219  25.692  -10.034  45.033 0.8888890147
29759  24.788  -11.362  44.755 0.7777780294
81916  24.478  -11.778  45.175 0.7777780294
29760  24.044  -11.578  44.677 0.6666669846
31226  26.042  -9.223  44.848 0.7777780294
31227  25.483  -9.668  44.149 0.7777780294
30508  25.101  -10.598  44.429 0.7777780294
31214  22.549  -9.593  46.641 0.6666669846
30501  23.354  -11.341  44.959 0.6666669846
30493  22.897  -10.397  46.263 0.8888890147
30509  24.317  -11.028  43.984 0.7777780294
30502  22.760  -10.715  45.334 0.7777780294
32018  26.456  -8.287  43.490 0.7777780294
81420  25.585  -9.236  43.640 0.7777780294
31236  25.166  -9.491  43.331 0.7777780294
30519  24.773  -10.163  43.708 0.7777780294
30510  23.520  -11.155  44.160 0.7777780294
31215  21.929  -9.153  46.111 0.7777780294
32019  25.659  -8.869  43.035 0.6666669846
30521  23.579  -10.679  43.475 0.6666669846
31988  21.571  -8.417  46.479 0.7777780294
32032  26.058  -8.233  42.344 0.5555559993
31247  24.930  -9.233  42.453 0.5555559993
31237  24.453  -9.795  42.925 0.6666669846
81467  27.323  -9.390  47.105 0.4444440007
31212  26.738  -9.556  46.407 0.5555559993
31218  26.196  -9.562  45.570 0.7777780294
32005  26.535  -8.547  44.537 0.8888890147
32006  25.943  -8.936  43.986 0.7777780294
32741  26.664  -7.779  42.732 0.8888890147
30520  24.144  -10.405  43.344 0.6666669846
32740  27.119  -7.121  42.541 0.8888890147
32033  25.304  -8.635  41.973 0.5555559993
31248  24.092  -9.379  42.038 0.5555559993
33459  26.637  -6.855  41.343 0.5555559993
32752  26.338  -7.572  41.749 0.5555559993
32753  25.511  -7.945  41.384 0.5555559993
82440  24.670  -8.912  41.763 0.5555559993
31199  28.035  -9.646  47.634 0.2222220004
31205  27.705  -9.532  47.427 0.4444440007
31979  27.747  -8.842  47.293 0.4444440007
31980  27.231  -8.987  46.882 0.4444440007
77549  28.498  -7.419  46.809 0.5555559993
32706  27.942  -7.814  46.330 0.5555559993
32698  28.091  -8.090  47.093 0.4444440007
31985  27.543  -8.462  46.697 0.4444440007
32719  28.427  -7.049  45.880 0.5555559993
31994  27.326  -8.251  45.906 0.6666669846
31986  27.033  -8.782  46.347 0.6666669846
31995  26.662  -8.826  45.555 0.7777780294
32720  27.750  -7.590  45.413 0.7777780294
32004  27.156  -8.114  45.003 0.8888890147
73473  27.557  -7.436  44.409 0.7777780294
73713  26.989  -8.000  44.196 0.7777780294
70163  27.654  -6.973  43.559 0.7777780294
32730  27.113  -7.609  43.500 0.8888890147
33445  27.736  -6.419  42.888 0.8888890147
34181  27.692  -5.709  42.190 0.8888890147
79675  27.310  -5.304  41.325 0.4444440007
33458  27.258  -6.446  42.015 0.6666669846
70104  27.260  -4.600  41.155 0.3333329856
33470  26.883  -6.036  41.064 0.4444440007
32764  25.704  -7.148  40.745 0.4444440007
31971  28.120  -9.052  47.638 0.3333329856
31978  28.332  -8.394  47.383 0.3333329856
32697  28.662  -7.709  47.218 0.4444440007
33427  28.129  -6.950  44.931 0.7777780294
70202  28.437  -6.382  44.481 0.7777780294
69945  28.630  -5.803  44.009 0.7777780294
83536  28.008  -6.821  44.223 0.7777780294
80079  28.174  -6.382  43.721 0.7777780294
70100  28.338  -5.095  42.763 0.8888890147
70234  28.259  -5.780  43.190 0.7777780294
79695  28.410  -4.324  42.586 0.8888890147
79696  27.889  -3.843  41.848 0.8888890147
70109  27.883  -4.846  41.956 0.6666669846
32690  28.866  -7.943  47.442 0.2222220004
70213  28.896  -7.139  47.081 0.4444440007
70134  29.025  -6.228  45.863 0.7777780294
70128  28.896  -6.768  46.644 0.6666669846
70087  29.412  -5.510  45.552 0.6666669846
79645  29.733  -4.852  45.359 0.8888890147
70132  28.942  -5.831  44.882 0.7777780294
70175  28.589  -6.479  45.196 0.8888890147
34930  29.498  -4.617  44.646 0.8888890147
69946  29.354  -5.218  44.917 0.8888890147
70478  29.051  -5.180  44.296 0.8888890147
34941  29.160  -4.412  43.839 0.8888890147
70145  28.713  -5.156  43.542 0.8888890147
85122  28.726  -4.603  43.176 0.8888890147
35675  28.914  -3.896  43.163 0.8888890147
69949  28.544  -3.395  42.575 0.8888890147
35686  28.201  -2.867  42.080 0.6666669846
71803  30.023  -6.156  47.017 0.3333329856
73992  29.754  -7.059  47.392 0.4444440007
79718  29.256  -6.706  47.027 0.5555559993
82224  29.625  -6.311  46.929 0.4444440007
70223  29.894  -5.192  46.116 0.6666669846
69944  29.513  -5.781  46.196 0.7777780294
35662  29.703  -3.808  44.422 0.8888890147
36415  29.689  -2.689  43.496 0.8888890147
35674  29.414  -3.449  43.723 0.8888890147
36416  29.101  -3.006  43.096 0.8888890147
36429  29.384  -2.427  42.928 0.8888890147
37163  29.433  -2.011  42.453 0.8888890147
36430  28.826  -2.465  42.438 0.7777780294
37164  28.925  -1.889  42.044 0.7777780294
70226  30.361  -5.570  46.918 0.3333329856
84666  30.164  -5.367  46.619 0.5555559993
36396  29.967  -2.982  44.211 0.8888890147
36414  30.415  -2.497  43.762 0.8888890147
37156  30.046  -2.153  42.986 0.8888890147
37162  30.006  -1.887  42.328 0.8888890147
37171  29.538  -1.726  41.786 0.8888890147
34143  30.712  -6.030  47.046 0.3333329856
34918  30.276  -4.470  45.874 0.7777780294
35653  30.612  -3.711  45.577 0.7777780294
36395  30.710  -2.752  44.546 1.0000000000
35661  30.300  -3.339  44.899 0.8888890147
36428  30.639  -2.028  42.500 1.0000000000
83820  31.057  -2.051  42.081 0.8888890147
36438  30.546  -1.895  41.758 0.8888890147
70200  30.965  -5.238  46.999 0.3333329856
35633  31.003  -4.121  46.320 0.5555559993
79788  31.152  -4.669  46.916 0.3333329856
36380  30.974  -3.012  45.313 0.7777780294
74263  31.223  -2.418  44.007 0.7777780294
36413  31.751  -2.323  43.347 1.0000000000
76859  30.907  -2.225  43.218 1.0000000000
36451  30.973  -2.096  40.898 1.0000000000
36450  31.805  -2.393  40.658 1.0000000000
35632  31.608  -4.287  46.804 0.3333329856
35652  31.219  -3.449  45.856 0.5555559993
36427  31.471  -2.209  42.500 1.0000000000
36437  31.497  -2.220  41.579 1.0000000000
70325  31.201  -2.282  40.065 1.0000000000
34894  31.720  -4.889  46.966 0.3333329856
36379  31.669  -2.971  45.690 0.5555559993
35644  31.797  -3.635  46.333 0.4444440007
36394  31.587  -2.630  44.878 0.6666669846
73068  32.090  -2.411  44.118 0.6666669846
36426  32.325  -2.376  42.655 1.0000000000
76161  32.106  -2.343  41.998 1.0000000000
36436  32.373  -2.450  41.283 1.0000000000
36449  32.730  -2.528  40.403 1.0000000000
70527  31.988  -2.471  39.828 1.0000000000
35643  32.537  -3.783  46.250 0.3333329856
35631  32.249  -4.311  46.940 0.3333329856
36369  32.334  -3.064  45.896 0.4444440007
82524  32.171  -2.757  45.399 0.5555559993
36412  32.627  -2.429  43.405 0.8888890147
74679  32.820  -2.449  41.959 0.8888890147
81518  32.656  -2.540  39.591 1.0000000000
36471  33.094  -2.573  38.873 1.0000000000
36368  33.084  -3.241  45.844 0.4444440007
36377  33.566  -3.011  45.343 0.2222220004
36378  32.838  -2.827  45.411 0.3333329856
36392  33.310  -2.712  44.814 0.4444440007
36393  32.485  -2.578  44.814 0.5555559993
71377  32.969  -2.507  44.144 0.6666669846
74681  33.179  -2.496  42.680 0.8888890147
36411  33.487  -2.566  43.433 0.7777780294
71205  33.234  -2.546  41.206 0.8888890147
36462  33.350  -2.563  39.780 1.0000000000
70652  32.799  -2.578  37.961 0.8888890147
80441  34.198  -2.720  43.497 0.5555559993
36448  33.682  -2.583  40.526 0.8888890147
70653  33.619  -2.583  38.065 1.0000000000
36484  33.287  -2.581  37.306 1.0000000000
74682  34.119  -2.650  42.700 0.6666669846
36425  33.658  -2.554  41.923 0.8888890147
71206  34.095  -2.619  41.240 0.8888890147
36461  33.817  -2.558  39.332 0.8888890147
70656  34.034  -2.560  38.731 1.0000000000
36470  34.396  -2.566  38.096 1.0000000000
36483  34.098  -2.585  37.427 1.0000000000
70650  33.839  -2.589  36.560 0.8888890147
36424  34.980  -2.758  42.336 0.7777780294
70658  34.129  -2.585  39.922 0.8888890147
81050  34.730  -2.568  37.589 1.0000000000
70651  34.706  -2.593  36.943 1.0000000000
71203  33.230  -2.581  35.887 1.0000000000
74678  33.474  -2.569  35.180 0.7777780294
71207  35.015  -2.691  41.392 0.7777780294
36447  34.535  -2.625  40.596 0.8888890147
70659  34.896  -2.613  39.919 0.8888890147
36460  34.481  -2.571  39.319 0.8888890147
70657  34.794  -2.566  38.693 0.8888890147
36482  35.341  -2.567  37.409 1.0000000000
73006  35.690  -2.467  35.839 1.0000000000
36501  35.490  -2.553  36.642 1.0000000000
36514  34.728  -2.580  36.010 1.0000000000
74533  35.135  -2.438  35.144 1.0000000000
36525  35.451  -2.254  34.355 1.0000000000
71204  33.909  -2.579  35.767 1.0000000000
74281  34.280  -2.534  35.167 1.0000000000
36526  34.639  -2.424  34.424 0.8888890147
37259  35.744  -1.881  33.540 0.7777780294
36537  34.992  -2.237  33.799 0.7777780294
36446  35.377  -2.646  40.545 0.8888890147
36459  35.198  -2.586  39.268 0.8888890147
70654  35.111  -2.552  38.070 0.8888890147
36524  36.073  -2.237  35.008 1.0000000000
83836  36.124  -2.011  34.216 1.0000000000
37258  36.572  -1.664  33.730 1.0000000000
71357  35.653  -2.600  39.802 0.7777780294
81712  35.828  -2.571  39.178 0.7777780294
36469  36.380  -2.551  38.645 0.7777780294
71597  35.534  -2.563  38.643 0.8888890147
70967  35.870  -2.560  37.969 0.8888890147
36481  36.128  -2.536  37.207 1.0000000000
37239  36.948  -2.038  35.253 1.0000000000
36499  37.068  -2.249  36.092 1.0000000000
37238  37.752  -1.812  35.556 1.0000000000
36500  36.300  -2.449  36.426 1.0000000000
83368  38.317  -1.473  35.041 1.0000000000
36513  36.417  -2.328  35.736 1.0000000000
37246  37.619  -1.596  34.623 1.0000000000
37257  37.819  -1.242  33.806 1.0000000000
84598  37.206  -1.529  33.953 1.0000000000
37247  36.755  -1.841  34.468 1.0000000000
75991  36.387  -1.455  33.027 1.0000000000
37271  37.171  -1.244  33.232 1.0000000000
37272  36.739  -1.099  32.581 1.0000000000
36458  36.367  -2.559  39.489 0.7777780294
36468  36.707  -2.516  37.809 0.8888890147
37237  38.583  -1.530  35.741 0.8888890147
37213  37.947  -1.987  36.572 1.0000000000
36480  36.976  -2.394  36.974 1.0000000000
37245  39.030  -1.122  35.011 1.0000000000
37256  38.409  -1.190  34.368 1.0000000000
37992  37.866  -0.853  33.186 1.0000000000
38001  37.468  -0.688  32.484 1.0000000000
36444  37.025  -2.500  39.854 0.5555559993
36457  37.072  -2.515  39.068 0.5555559993
81004  37.128  -2.491  38.365 0.7777780294
37211  39.247  -1.509  37.579 0.8888890147
37212  38.466  -1.842  37.312 0.7777780294
37202  37.639  -2.292  37.687 1.0000000000
37227  39.020  -1.504  36.559 0.8888890147
37236  39.266  -1.241  35.764 0.8888890147
37942  39.742  -1.049  36.188 0.8888890147
37964  39.714  -0.805  35.423 0.8888890147
37978  39.009  -0.713  34.204 1.0000000000
37991  38.438  -0.778  33.637 1.0000000000
38000  38.417  -0.371  32.776 1.0000000000
82703  35.442  -0.350  30.379 0.5555559993
38028  34.272  -0.149  29.784 0.3333329856
80995  37.639  -2.396  40.158 0.5555559993
37192  37.722  -2.352  39.464 0.5555559993
37201  38.470  -1.934  38.126 0.6666669846
36456  37.756  -2.316  38.629 0.5555559993
74053  39.674  -1.224  36.897 0.7777780294
37941  40.278  -0.751  36.757 0.7777780294
37963  40.253  -0.515  35.888 0.7777780294
38677  40.780  -0.094  36.335 0.7777780294
74549  39.595  -0.553  34.664 0.8888890147
37977  40.245  -0.175  35.056 0.8888890147
72261  39.471  -0.318  34.038 1.0000000000
37990  39.064  -0.328  33.480 1.0000000000
38742  38.666  0.118  32.115 1.0000000000
38006  38.025  -0.188  31.898 1.0000000000
38015  36.946  -0.144  30.837 0.7777780294
38763  37.399  0.450  30.368 0.7777780294
38755  37.730  0.090  31.102 0.7777780294
38016  36.141  -0.291  30.596 0.5555559993
38764  36.623  0.238  30.138 0.5555559993
38765  35.863  0.082  29.963 0.4444440007
38778  34.756  0.390  29.373 0.3333329856
38779  33.963  0.348  29.229 0.1111110002
38794  32.699  1.003  28.632 0.1111110002
38795  31.612  1.272  28.742 0.1111110002
73734  30.847  1.246  29.305 0.1111110002
39537  31.000  2.047  29.112 0.1111110002
73742  38.376  -2.140  40.056 0.5555559993
37191  38.597  -1.942  39.115 0.5555559993
37190  39.553  -1.511  39.159 0.5555559993
37200  39.150  -1.621  38.449 0.5555559993
81319  41.531  0.230  37.437 0.4444440007
39430  42.261  1.374  37.635 0.3333329856
38666  41.411  0.427  36.740 0.4444440007
38697  40.658  0.076  35.663 0.6666669846
38696  40.930  0.608  35.071 0.6666669846
38715  39.958  -0.038  34.276 0.8888890147
38730  39.672  0.118  33.573 1.0000000000
38741  39.268  0.231  32.711 1.0000000000
38753  39.127  0.611  31.804 1.0000000000
38754  38.452  0.358  31.420 1.0000000000
39507  38.871  0.969  31.039 1.0000000000
39521  38.543  1.371  30.327 1.0000000000
38762  38.175  0.680  30.656 0.8888890147
40227  38.893  2.119  30.048 1.0000000000
39522  37.800  1.086  29.946 0.7777780294
39534  38.162  1.822  29.676 0.6666669846
39535  37.297  1.623  29.294 0.6666669846
38775  37.020  0.849  29.718 0.5555559993
38777  35.502  0.510  29.466 0.4444440007
74750  36.590  1.213  29.265 0.3333329856
38791  35.150  0.861  29.068 0.3333329856
38792  34.501  0.879  28.898 0.3333329856
38793  33.668  0.911  28.735 0.1111110002
39547  36.507  1.757  28.801 0.3333329856
39536  35.844  1.179  29.024 0.3333329856
39548  35.090  1.385  28.670 0.3333329856
37180  39.000  -1.905  40.764 0.4444440007
37179  39.943  -1.538  40.614 0.2222220004
77204  39.253  -1.698  39.968 0.4444440007
37911  39.961  -1.253  38.305 0.4444440007
37923  40.534  -0.772  37.673 0.4444440007
38655  41.253  -0.292  37.914 0.4444440007
74996  41.850  0.376  37.895 0.4444440007
38653  42.628  0.630  38.008 0.1111110002
37922  43.152  0.164  37.588 0.1111110002
40159  42.310  2.002  37.347 0.1111110002
39439  41.933  1.015  37.243 0.2222220004
38676  41.245  0.581  35.967 0.4444440007
39448  41.946  1.427  36.604 0.2222220004
39456  41.677  1.302  35.559 0.4444440007
83117  40.438  0.350  34.493 0.8888890147
39470  40.849  0.914  34.210 0.7777780294
38714  40.273  0.511  33.842 0.8888890147
39480  41.314  1.570  33.807 0.8888890147
39481  40.660  1.160  33.443 1.0000000000
38729  40.030  0.704  33.071 1.0000000000
39492  40.445  1.398  32.656 1.0000000000
39493  39.781  0.964  32.249 1.0000000000
39505  40.203  1.679  31.868 1.0000000000
40216  39.931  2.014  31.112 1.0000000000
39506  39.537  1.298  31.449 1.0000000000
40226  39.604  2.424  30.434 1.0000000000
39520  39.257  1.668  30.703 1.0000000000
40241  39.244  2.890  29.783 1.0000000000
40242  38.487  2.582  29.422 0.8888890147
40243  37.804  2.286  29.165 0.6666669846
40256  37.133  2.432  28.661 0.6666669846
40255  37.964  2.932  28.803 0.4444440007
70700  35.745  1.883  28.473 0.3333329856
78536  39.961  -1.399  39.834 0.5555559993
37884  40.524  -1.211  39.829 0.3333329856
37898  40.345  -1.180  39.211 0.5555559993
37910  40.814  -0.780  38.541 0.4444440007
38644  41.560  -0.352  38.515 0.4444440007
83870  41.896  0.056  38.196 0.3333329856
38642  42.395  -0.065  38.555 0.1111110002
38665  43.217  1.016  37.477 0.1111110002
39429  42.486  1.409  37.775 0.1111110002
37921  43.619  -0.282  37.171 0.1111110002
40153  42.565  2.130  37.707 0.1111110002
40158  42.611  2.320  37.220 0.2222220004
40165  42.425  2.201  36.937 0.2222220004
39455  42.342  2.003  36.074 0.3333329856
39469  41.474  1.378  34.648 0.5555559993
39468  42.206  1.895  35.101 0.5555559993
40182  41.952  2.036  34.221 0.6666669846
40195  41.703  2.277  33.422 0.7777780294
40925  41.758  3.344  32.304 0.7777780294
40205  42.062  2.970  33.041 0.7777780294
39491  41.107  1.816  33.029 0.8888890147
40932  42.209  4.116  32.285 0.8888890147
40206  41.466  2.543  32.657 0.8888890147
41662  42.034  4.720  31.729 0.8888890147
40933  41.671  3.978  31.738 0.8888890147
40214  41.177  2.801  31.943 1.0000000000
40215  40.553  2.414  31.557 1.0000000000
40207  40.827  2.117  32.290 1.0000000000
82856  41.341  3.396  31.695 0.8888890147
40934  40.855  3.112  31.323 1.0000000000
40225  40.271  2.757  30.862 1.0000000000
40942  39.928  3.198  30.251 1.0000000000
37897  41.043  -0.852  39.240 0.4444440007
38643  42.011  -0.151  38.552 0.3333329856
84860  42.735  -0.383  39.007 0.2222220004
39428  42.917  1.732  37.824 0.1111110002
79509  44.125  0.835  36.566 0.1111110002
38664  43.958  0.787  37.100 0.1111110002
40157  43.124  2.286  37.392 0.1111110002
79438  42.688  2.387  35.482 0.5555559993
40181  42.575  2.502  34.651 0.6666669846
40914  43.145  3.940  33.746 0.6666669846
40915  42.604  3.439  33.406 0.7777780294
40906  42.929  3.176  34.180 0.7777780294
40194  42.349  2.701  33.793 0.7777780294
41645  42.767  4.235  32.927 0.7777780294
40924  42.306  3.614  32.781 0.7777780294
41663  41.472  4.536  31.197 1.0000000000
40940  41.137  3.816  31.215 1.0000000000
40941  40.558  3.534  30.729 1.0000000000
41670  40.886  4.390  30.595 1.0000000000
40953  40.209  4.015  30.166 1.0000000000
40954  39.565  3.731  29.674 1.0000000000
40955  38.768  3.497  29.120 0.7777780294
41680  39.334  4.341  29.108 0.7777780294
37883  41.058  -1.096  39.890 0.3333329856
37896  41.681  -0.754  39.140 0.3333329856
37895  42.283  -0.532  39.037 0.2222220004
39454  44.142  1.683  35.997 0.1111110002
40163  44.055  2.182  36.602 0.1111110002
39447  44.151  1.706  36.963 0.1111110002
40156  43.904  2.090  37.085 0.1111110002
39438  43.540  1.670  37.252 0.1111110002
38695  43.978  0.599  35.534 0.1111110002
40891  43.240  2.568  36.060 0.3333329856
40164  43.421  2.366  36.611 0.3333329856
40882  42.880  2.492  36.884 0.1111110002
40898  43.830  3.467  35.226 0.5555559993
40899  43.024  2.788  34.929 0.5555559993
40172  42.764  2.402  36.397 0.4444440007
42371  44.824  4.989  32.479 0.3333329856
43068  44.214  5.655  32.947 0.3333329856
42365  44.210  5.113  33.706 0.5555559993
42366  43.931  4.822  34.078 0.5555559993
41637  43.636  4.464  34.103 0.5555559993
40905  43.557  3.754  34.588 0.6666669846
42370  45.285  5.698  32.228 0.2222220004
74734  44.693  6.494  32.801 0.3333329856
43077  43.846  6.097  32.987 0.5555559993
42372  43.616  5.436  33.183 0.5555559993
77305  43.721  5.012  33.738 0.5555559993
43838  45.630  7.211  32.289 0.4444440007
43832  45.075  7.273  32.806 0.4444440007
43834  43.990  6.943  32.887 0.5555559993
41654  43.096  5.124  32.734 0.6666669846
44547  44.770  8.386  32.482 0.5555559993
43841  43.727  7.462  32.363 0.5555559993
42378  43.379  6.205  32.556 0.6666669846
85197  42.825  5.565  32.271 0.6666669846
43090  43.045  6.959  31.859 0.7777780294
42381  42.379  5.593  31.730 0.8888890147
41655  42.576  4.871  32.266 0.8888890147
43091  42.545  6.474  31.561 0.8888890147
42382  41.774  5.335  31.158 1.0000000000
76760  41.317  5.044  30.702 1.0000000000
42389  40.909  5.214  30.184 1.0000000000
81896  40.470  4.695  30.021 1.0000000000
41679  39.955  4.533  29.585 1.0000000000
40966  38.053  3.764  28.492 0.4444440007
41696  38.703  4.406  28.602 0.6666669846
76762  37.491  3.957  28.087 0.3333329856
42420  38.017  4.723  28.026 0.3333329856
41704  37.193  4.496  27.693 0.3333329856
40171  44.173  2.359  35.676 0.2222220004
40890  43.901  2.793  36.012 0.2222220004
40897  44.256  3.340  35.173 0.2222220004
40904  44.748  3.619  34.012 0.2222220004
73354  44.592  3.692  34.694 0.4444440007
41630  44.148  4.013  34.783 0.4444440007
41643  44.961  4.317  32.305 0.2222220004
41636  44.556  4.290  33.159 0.3333329856
42358  44.245  4.650  33.748 0.3333329856
42359  43.945  4.443  34.200 0.4444440007
41631  43.934  4.283  34.599 0.5555559993
79309  45.768  5.615  31.773 0.2222220004
42380  47.026  5.023  30.845 0.2222220004
43081  45.854  6.393  32.090 0.4444440007
43088  47.040  5.866  31.016 0.3333329856
44546  46.020  8.031  32.007 0.4444440007
43839  45.234  7.828  32.396 0.4444440007
44552  45.317  8.237  31.883 0.4444440007
44548  44.165  8.246  32.122 0.6666669846
43847  43.387  7.875  31.582 0.7777780294
43099  42.563  7.392  31.031 0.8888890147
42387  42.044  6.331  31.064 0.8888890147
42388  41.439  5.948  30.419 1.0000000000
43109  41.317  6.740  29.641 1.0000000000
43128  41.247  7.049  28.771 1.0000000000
42396  40.913  5.986  29.806 1.0000000000
72348  40.852  6.985  28.070 0.8888890147
43129  40.472  6.734  28.322 1.0000000000
42417  40.057  6.075  28.729 1.0000000000
42398  39.738  5.153  29.009 1.0000000000
78397  40.946  6.881  27.492 0.8888890147
43148  40.180  6.718  27.579 0.8888890147
43130  39.731  6.438  28.063 1.0000000000
42418  39.410  5.765  28.423 0.7777780294
41695  39.213  4.963  28.665 0.8888890147
43149  39.446  6.454  27.489 0.7777780294
42436  39.063  6.124  27.840 0.5555559993
42419  38.783  5.344  28.195 0.5555559993
43163  39.442  6.509  26.755 0.7777780294
40939  48.050  4.002  29.899 0.3333329856
43097  47.010  6.155  30.781 0.4444440007
41669  47.285  4.441  30.315 0.3333329856
43844  46.998  6.632  31.053 0.4444440007
44558  45.273  8.200  31.318 0.5555559993
44559  44.355  8.255  31.017 0.6666669846
43846  46.031  7.908  31.601 0.4444440007
44554  43.894  8.228  31.349 0.6666669846
43854  43.139  8.018  30.775 0.7777780294
43869  42.507  7.514  29.350 1.0000000000
43887  41.869  7.286  28.894 1.0000000000
43856  41.866  7.316  29.502 1.0000000000
43100  41.882  7.068  30.302 1.0000000000
43886  42.324  7.229  28.552 1.0000000000
85061  42.245  6.942  27.906 1.0000000000
72314  41.830  6.721  27.380 1.0000000000
43161  41.379  6.482  26.642 0.8888890147
43162  40.415  6.613  26.701 0.7777780294
42457  41.962  5.992  25.877 0.8888890147
43174  40.892  6.200  25.677 0.6666669846
71840  39.875  6.361  25.831 0.6666669846
42473  40.798  5.817  24.637 0.5555559993
43175  40.203  6.065  25.061 0.5555559993
42386  47.100  5.257  30.257 0.4444440007
43098  46.998  6.560  30.760 0.4444440007
42395  46.944  5.422  29.468 0.5555559993
43105  47.048  5.837  30.211 0.4444440007
43852  45.939  7.706  30.865 0.4444440007
43853  44.897  7.772  30.512 0.5555559993
44560  43.652  8.105  30.692 0.7777780294
43855  42.473  7.664  30.143 0.8888890147
44569  43.952  7.916  30.215 0.7777780294
43868  43.117  7.881  30.022 0.7777780294
43126  43.700  6.650  28.326 1.0000000000
43885  43.122  7.310  28.841 1.0000000000
82269  43.038  7.608  29.414 1.0000000000
43146  43.461  6.271  27.591 1.0000000000
43127  42.925  6.878  28.065 1.0000000000
43160  42.329  6.257  26.688 1.0000000000
83767  42.673  6.508  27.388 1.0000000000
42472  41.636  5.728  24.966 0.5555559993
43187  40.035  5.867  24.266 0.4444440007
42481  40.656  5.713  23.849 0.3333329856
42414  47.680  5.021  28.919 0.3333329856
42431  47.694  5.112  27.914 0.7777780294
42415  46.846  5.256  28.582 0.6666669846
43123  46.217  5.663  29.163 0.5555559993
43865  46.447  6.930  30.419 0.4444440007
43866  45.469  7.108  30.036 0.5555559993
42416  45.977  5.474  28.307 0.7777780294
43124  45.407  5.986  28.886 0.7777780294
43108  45.111  6.564  29.364 0.6666669846
43867  44.458  7.213  29.597 0.7777780294
43144  45.088  5.714  28.116 1.0000000000
74711  43.544  7.530  29.504 0.8888890147
42434  44.901  5.605  27.251 1.0000000000
43125  44.542  6.417  28.724 1.0000000000
43884  43.870  7.051  28.969 1.0000000000
42454  44.743  5.585  26.319 0.8888890147
42435  44.006  5.745  27.069 1.0000000000
42455  43.777  5.659  26.204 1.0000000000
43159  43.180  5.999  26.846 1.0000000000
42456  42.894  5.801  26.055 0.8888890147
42470  43.491  5.634  25.497 0.6666669846
42471  42.686  5.621  25.083 0.5555559993
42479  42.105  5.556  24.239 0.5555559993
42480  41.353  5.610  24.139 0.5555559993
40985  47.967  4.065  26.507 0.3333329856
41717  47.990  4.526  26.858 0.3333329856
75828  48.012  5.036  27.339 0.3333329856
42451  47.781  5.362  26.788 0.7777780294
42432  46.840  5.303  27.627 0.6666669846
42452  46.696  5.470  26.710 0.7777780294
42433  45.843  5.459  27.425 1.0000000000
42453  45.694  5.540  26.532 0.7777780294
42468  45.617  5.646  25.563 0.7777780294
42469  44.439  5.628  25.354 0.7777780294
42478  43.651  5.597  24.717 0.5555559993
83608  41.709  5.559  23.761 0.4444440007
42489  41.255  5.659  23.351 0.4444440007
42496  41.613  5.877  22.581 0.2222220004
79203  47.876  4.178  25.826 0.2222220004
41723  48.084  4.577  26.004 0.4444440007
42450  48.060  5.205  26.386 0.5555559993
42467  46.437  5.626  25.997 0.8888890147
42476  45.223  5.727  24.747 0.7777780294
42477  44.483  5.656  24.410 0.6666669846
42488  42.140  5.563  23.310 0.4444440007
80775  42.939  5.543  24.016 0.5555559993
43210  43.823  5.942  21.945 0.4444440007
43211  42.807  6.075  21.862 0.3333329856
42494  43.108  5.652  22.875 0.3333329856
43223  44.206  6.493  20.953 0.4444440007
43224  43.335  6.547  21.154 0.2222220004
42495  42.312  5.803  22.466 0.3333329856
43232  43.789  7.004  20.468 0.2222220004
43225  42.466  6.803  21.249 0.2222220004
40994  47.997  4.512  25.143 0.3333329856
42466  48.008  5.646  25.817 0.6666669846
43158  47.383  5.703  25.984 0.8888890147
43172  46.826  5.889  25.255 0.6666669846
43173  46.006  5.819  24.819 0.7777780294
43186  45.759  5.935  24.183 0.7777780294
42487  43.833  5.595  23.786 0.6666669846
42493  44.026  5.699  22.982 0.5555559993
43231  44.445  6.908  20.298 0.3333329856
43931  43.597  7.633  20.457 0.2222220004
42465  48.020  5.250  25.413 0.5555559993
41726  48.027  4.571  24.280 0.2222220004
43170  48.024  5.966  25.070 0.5555559993
43171  47.785  6.038  25.381 0.5555559993
43184  47.696  6.286  24.635 0.6666669846
43185  46.641  6.153  24.392 0.6666669846
42485  45.081  5.774  24.105 0.6666669846
43197  45.339  5.955  23.478 0.6666669846
42486  44.595  5.738  23.607 0.6666669846
72270  44.847  6.174  21.683 0.6666669846
43198  44.708  5.901  22.722 0.6666669846
43930  44.273  7.594  20.062 0.2222220004
41725  48.157  4.942  24.667 0.3333329856
41729  47.993  4.762  23.529 0.2222220004
41728  48.164  5.107  23.994 0.2222220004
42475  48.154  5.568  24.543 0.4444440007
43183  48.053  6.148  24.241 0.5555559993
75638  47.230  6.420  23.839 0.6666669846
43196  46.299  6.250  23.489 0.6666669846
43209  45.589  6.175  22.619 0.6666669846
78287  45.164  6.598  20.688 0.4444440007
43929  45.029  7.262  19.971 0.3333329856
42484  48.057  5.883  23.723 0.3333329856
41732  48.030  4.868  22.683 0.2222220004
84669  47.857  6.453  23.914 0.6666669846
43194  48.047  6.320  23.323 0.4444440007
71801  47.043  6.492  23.168 0.6666669846
43208  46.489  6.421  22.553 0.5555559993
43222  45.835  6.375  21.689 0.5555559993
43230  46.110  6.600  20.946 0.4444440007
43928  45.917  7.040  20.073 0.4444440007
43942  45.565  7.630  19.630 0.4444440007
41731  48.070  5.330  23.228 0.2222220004
41736  47.976  4.896  21.774 0.2222220004
76107  48.127  5.472  22.654 0.2222220004
41735  48.609  5.353  22.038 0.2222220004
43195  47.702  6.554  23.253 0.6666669846
43207  47.340  6.606  22.498 0.6666669846
43221  46.732  6.579  21.692 0.5555559993
43922  46.826  6.831  20.759 0.5555559993
77380  46.718  7.251  19.918 0.4444440007
43941  46.219  7.661  19.473 0.4444440007
44672  45.783  7.959  19.397 0.4444440007
44648  45.119  8.619  20.578 0.1111110002
73861  48.167  5.924  22.943 0.3333329856
41740  48.466  5.199  21.137 0.2222220004
42506  48.996  5.445  20.558 0.3333329856
43909  48.079  6.700  22.389 0.6666669846
42513  48.784  5.504  19.585 0.3333329856
72702  47.616  6.808  21.611 0.5555559993
43927  47.733  7.167  20.446 0.5555559993
43940  47.102  7.656  19.422 0.4444440007
84484  45.410  8.768  22.398 0.1111110002
45323  45.926  8.894  20.358 0.1111110002
44659  45.404  8.275  19.806 0.1111110002
44671  46.549  7.986  19.225 0.4444440007
44658  46.184  8.406  19.524 0.4444440007
42492  49.044  5.790  22.052 0.3333329856
42502  49.100  5.682  21.375 0.2222220004
43206  48.394  6.284  22.266 0.3333329856
81883  49.487  5.826  20.763 0.3333329856
43205  49.138  6.545  21.621 0.5555559993
43913  48.668  6.950  21.878 0.5555559993
43921  48.424  7.071  21.490 0.5555559993
71500  48.793  7.330  20.759 0.5555559993
44657  48.368  7.624  19.616 0.5555559993
44625  46.032  8.912  22.846 0.1111110002
44635  45.946  9.018  21.598 0.1111110002
43939  47.472  8.120  19.086 0.4444440007
45332  46.936  8.712  19.329 0.3333329856
42501  49.532  6.230  21.158 0.3333329856
42505  49.553  5.744  20.137 0.3333329856
42504  50.044  6.153  19.865 0.3333329856
42500  50.060  6.161  20.686 0.3333329856
43220  49.636  6.857  21.152 0.5555559993
42516  49.414  6.161  18.324 0.2222220004
43920  49.186  7.166  21.202 0.4444440007
42515  50.242  6.513  18.086 0.2222220004
43926  49.591  7.569  20.595 0.5555559993
80083  49.892  8.158  19.236 0.5555559993
44656  49.389  7.908  19.511 0.5555559993
44670  48.525  8.307  18.936 0.4444440007
44669  49.330  8.537  18.764 0.4444440007
45330  48.574  9.164  18.507 0.4444440007
45329  49.168  9.137  18.238 0.4444440007
43219  50.109  6.735  20.898 0.4444440007
42511  50.248  6.301  18.975 0.3333329856
43919  50.028  7.342  20.944 0.4444440007
44655  50.035  7.669  20.035 0.5555559993
44668  49.787  8.505  18.576 0.5555559993
44667  50.243  8.329  18.483 0.5555559993
83529  49.451  9.105  17.948 0.5555559993
84858  50.122  6.532  20.350 0.3333329856
43239  50.468  6.688  19.452 0.3333329856
43242  50.967  6.659  18.648 0.3333329856
43229  50.233  7.116  20.334 0.4444440007
43245  50.805  6.736  17.917 0.3333329856
43238  50.974  7.279  18.877 0.4444440007
43938  50.499  7.373  19.445 0.4444440007
82929  50.949  7.624  18.999 0.4444440007
75433  50.396  7.971  19.087 0.4444440007
45333  49.886  8.776  17.803 0.4444440007
43241  51.013  7.001  18.159 0.3333329856
43244  50.956  6.848  17.097 0.3333329856
43937  51.038  7.881  18.819 0.4444440007
44675  50.592  8.180  18.222 0.4444440007
43946  51.030  7.638  18.336 0.4444440007
43948  50.992  7.451  17.453 0.3333329856
43950  51.005  7.320  16.519 0.2222220004
74330  50.962  7.835  16.059 0.2222220004
44678  50.874  8.110  17.603 0.4444440007
72135  50.284  8.598  17.578 0.4444440007
44681  51.027  8.047  16.792 0.4444440007
70510  50.517  8.827  16.939 0.4444440007
27333  3.863  -14.125  54.086 0.2222220004
30430  6.624  -11.021  55.502 0.4444440007
28040  4.732  -13.292  54.928 0.2222220004
29675  5.973  -11.268  55.300 0.4444440007
31158  9.269  -9.459  54.808 0.4444440007
80177  7.251  -10.844  55.525 0.4444440007
32656  16.470  -7.191  53.120 0.3333329856
31924  11.283  -8.376  55.012 0.3333329856
28860  4.343  -12.524  54.902 0.4444440007
27320  4.355  -13.711  54.670 0.2222220004
31923  11.769  -8.065  55.045 0.3333329856
31181  13.403  -9.198  52.496 0.1111110002
34080  17.566  -6.047  52.541 0.6666669846
32679  21.849  -7.955  50.943 0.6666669846
33380  20.985  -6.785  50.053 0.5555559993
34899  16.642  -4.825  47.301 0.4444440007
28932  25.366  -12.640  46.415 0.7777780294
31996  21.278  -8.741  45.567 0.7777780294
33395  29.211  -7.255  47.281 0.3333329856
70201  29.989  -4.115  45.148 0.8888890147
32689  29.475  -7.650  47.533 0.2222220004
33394  29.634  -6.671  47.143 0.3333329856
69943  29.852  -5.796  46.665 0.5555559993
79707  29.365  -6.254  46.606 0.5555559993
34907  30.529  -4.925  46.621 0.6666669846
37182  30.112  -1.720  41.063 0.8888890147
71208  33.795  -2.703  44.130 0.3333329856
74683  34.852  -2.842  43.167 0.5555559993
84017  34.389  -2.640  41.895 0.7777780294
38017  35.084  -0.061  29.884 0.3333329856
37924  39.950  -1.133  37.432 0.6666669846
38776  36.255  0.662  29.571 0.5555559993
38667  40.963  -0.256  37.114 0.5555559993
38654  42.220  0.478  37.956 0.3333329856
39549  34.281  1.496  28.461 0.2222220004
72862  42.792  -0.111  38.288 0.1111110002
74289  37.353  3.264  28.325 0.2222220004
72506  44.054  -0.997  36.628 0.1111110002
38675  44.005  0.050  36.070 0.1111110002
71163  44.077  -0.020  36.757 0.1111110002
41644  43.131  4.512  33.260 0.6666669846
42364  44.394  5.015  33.038 0.2222220004
43076  44.154  6.348  32.919 0.5555559993
43069  43.911  5.431  33.315 0.5555559993
43074  45.255  6.493  32.540 0.3333329856
43833  44.570  7.216  32.933 0.5555559993
43840  44.377  7.857  32.749 0.5555559993
44553  44.641  8.479  31.808 0.6666669846
43082  42.811  6.135  32.019 0.7777780294
42397  40.391  5.428  29.502 1.0000000000
75950  44.438  4.172  34.193 0.3333329856
78326  44.767  3.627  32.924 0.2222220004
41652  46.206  5.065  31.328 0.2222220004
43089  46.448  6.126  31.531 0.3333329856
41660  46.778  4.341  30.834 0.3333329856
43845  46.119  7.037  31.647 0.3333329856
43110  40.709  6.467  29.112 1.0000000000
43147  41.534  7.084  28.191 0.8888890147
42438  37.565  5.382  27.446 0.4444440007
41668  48.016  4.568  29.806 0.3333329856
43851  46.378  7.194  30.880 0.4444440007
43106  46.815  6.189  30.043 0.5555559993
42394  47.675  5.042  29.718 0.3333329856
43107  45.867  6.322  29.642 0.5555559993
43145  44.254  5.989  27.879 1.0000000000
43213  41.252  6.500  22.061 0.2222220004
43212  41.985  6.301  21.863 0.3333329856
43943  45.054  7.896  19.683 0.4444440007
41748  48.119  5.210  20.076 0.2222220004
29682  4.031  -11.782  54.951 0.2222220004
30436  3.870  -10.983  55.007 0.3333329856
30435  4.534  -10.475  55.035 0.1111110002
73732  3.744  -10.078  54.992 0.1111110002
29681  4.598  -11.240  55.023 0.4444440007
82707  4.482  -9.810  55.021 0.2222220004
31162  4.827  -9.261  55.003 0.2222220004
31931  4.403  -8.534  54.967 0.1111110002
30434  5.237  -10.069  55.148 0.2222220004
31161  5.553  -9.426  54.838 0.2222220004
31930  5.106  -8.549  54.892 0.2222220004
32639  5.336  -7.680  54.643 0.1111110002
31938  6.541  -8.641  53.763 0.2222220004
31929  5.863  -8.816  54.361 0.2222220004
32648  5.943  -7.953  54.006 0.1111110002
80617  6.396  -7.901  53.412 0.1111110002
84346  6.067  -7.493  53.766 0.1111110002
31948  7.070  -8.405  53.132 0.3333329856
32663  7.581  -8.075  52.482 0.2222220004
32670  7.347  -7.240  51.894 0.1111110002
71498  6.794  -7.607  52.695 0.1111110002
33345  6.168  -7.044  53.353 0.1111110002
32677  8.122  -7.041  51.269 0.1111110002
33378  7.602  -6.490  51.594 0.1111110002
33369  7.154  -6.352  52.032 0.1111110002
34097  8.142  -6.041  51.305 0.1111110002
32662  8.457  -8.297  52.735 0.5555559993
32669  8.270  -7.750  51.841 0.4444440007
32668  9.280  -7.782  52.053 0.4444440007
32676  8.988  -7.353  51.208 0.2222220004
33377  8.870  -6.572  50.885 0.1111110002
34108  9.556  -6.088  50.488 0.1111110002
32647  8.992  -8.475  53.748 0.4444440007
31936  7.965  -8.725  53.229 0.4444440007
75240  8.874  -8.018  52.403 0.5555559993
32675  9.928  -7.450  51.545 0.4444440007
77511  10.827  -6.691  50.396 0.4444440007
33376  9.811  -6.933  50.690 0.3333329856
33385  10.271  -6.292  50.297 0.1111110002
34107  10.212  -5.559  50.258 0.1111110002
32667  10.144  -7.546  52.684 0.5555559993
32661  9.448  -7.991  53.153 0.5555559993
33368  10.923  -7.186  52.250 0.5555559993
71191  11.504  -6.976  51.359 0.4444440007
82879  11.487  -6.359  49.837 0.4444440007
34106  10.894  -5.958  49.781 0.1111110002
34122  11.590  -5.998  49.394 0.1111110002
34134  12.632  -5.491  48.529 0.1111110002
33358  10.874  -7.164  53.359 0.4444440007
33375  12.340  -6.780  51.107 0.4444440007
33367  11.839  -6.889  52.547 0.5555559993
33384  12.229  -6.603  50.155 0.5555559993
33383  12.871  -6.476  49.754 0.4444440007
34120  13.755  -6.066  48.857 0.3333329856
81852  12.842  -6.115  48.910 0.4444440007
33390  12.128  -6.245  49.401 0.4444440007
34131  15.091  -5.381  47.756 0.4444440007
34132  14.289  -5.667  48.155 0.3333329856
34133  13.296  -5.591  48.161 0.2222220004
34150  13.788  -5.358  47.749 0.2222220004
34148  15.091  -5.016  47.067 0.3333329856
34149  14.272  -5.010  47.251 0.3333329856
34902  13.474  -4.885  47.662 0.1111110002
33374  13.072  -6.600  50.806 0.5555559993
33382  13.470  -6.314  49.486 0.5555559993
34130  15.802  -5.106  47.504 0.3333329856
34900  15.719  -4.595  46.721 0.3333329856
35639  13.839  -4.271  47.420 0.2222220004
34901  14.953  -4.450  46.799 0.2222220004
85044  16.352  -4.549  46.626 0.2222220004
34913  15.546  -4.065  46.392 0.2222220004
74819  17.002  -4.603  46.639 0.3333329856
34912  17.139  -4.414  45.970 0.2222220004
72631  16.284  -4.107  46.013 0.2222220004
31249  23.327  -9.484  42.081 0.3333329856
34921  17.710  -4.520  45.535 0.2222220004
34923  16.554  -3.400  45.575 0.1111110002
31262  23.463  -9.024  41.663 0.3333329856
32034  24.132  -8.737  41.492 0.3333329856
32051  22.944  -8.541  41.735 0.3333329856
32049  24.761  -8.328  41.344 0.3333329856
32050  23.662  -8.529  41.520 0.3333329856
32766  24.169  -8.055  41.293 0.3333329856
32767  23.524  -8.170  41.498 0.2222220004
81838  22.978  -10.724  43.735 0.5555559993
30511  22.814  -10.830  44.417 0.5555559993
30522  22.862  -10.328  43.091 0.4444440007
31238  22.265  -10.241  43.722 0.4444440007
30533  23.604  -10.039  42.717 0.4444440007
74878  22.177  -9.793  42.890 0.4444440007
31250  22.795  -9.752  42.425 0.3333329856
81122  22.223  -9.334  42.343 0.3333329856
31251  21.637  -9.198  42.684 0.2222220004
31263  22.751  -9.172  41.937 0.3333329856
32035  22.030  -8.710  42.154 0.2222220004
83664  21.649  -8.234  42.326 0.2222220004
32765  24.895  -7.599  40.946 0.3333329856
33474  23.770  -7.759  41.449 0.2222220004
76437  25.022  -6.913  40.694 0.3333329856
33473  24.421  -7.296  41.135 0.2222220004
31220  22.314  -9.911  45.731 0.5555559993
31228  22.189  -10.174  44.746 0.4444440007
31221  21.682  -9.467  45.152 0.4444440007
31229  21.560  -9.671  44.120 0.4444440007
32007  21.027  -9.008  44.540 0.4444440007
31239  21.685  -9.611  43.330 0.4444440007
32008  20.434  -8.435  43.987 0.3333329856
32020  21.066  -8.992  43.398 0.2222220004
32036  21.233  -8.410  42.613 0.2222220004
34168  18.421  -5.112  45.296 0.2222220004
74382  18.068  -4.391  44.683 0.2222220004
32021  20.548  -8.171  43.126 0.2222220004
31997  20.588  -8.340  45.025 0.3333329856
72763  20.261  -7.657  45.495 0.3333329856
32723  20.046  -7.815  44.515 0.3333329856
34159  18.981  -5.786  45.929 0.2222220004
32733  20.064  -7.749  43.581 0.2222220004
32734  19.613  -7.212  43.994 0.1111110002
34175  18.646  -4.872  44.185 0.2222220004
32745  19.917  -7.035  43.161 0.1111110002
32744  20.280  -7.544  42.974 0.2222220004
33451  20.448  -7.001  42.754 0.2222220004
82253  19.904  -7.025  45.958 0.3333329856
32709  19.670  -7.203  45.003 0.2222220004
33432  19.377  -6.507  45.478 0.3333329856
33440  19.296  -6.551  44.461 0.1111110002
34167  18.874  -5.844  44.870 0.1111110002
34174  19.117  -5.776  43.899 0.2222220004
33452  19.525  -6.424  43.534 0.1111110002
77012  20.115  -6.108  42.959 0.2222220004
37193  29.801  -1.716  40.356 0.5555559993
37183  29.255  -1.496  41.090 0.5555559993
37172  28.782  -1.671  41.475 0.3333329856
76733  28.952  -1.371  40.471 0.3333329856
85130  30.523  -2.013  40.362 0.6666669846
36464  30.445  -2.112  39.534 0.4444440007
37194  29.489  -1.689  39.599 0.4444440007
36465  29.878  -2.039  38.732 0.3333329856
37203  29.125  -1.625  38.924 0.3333329856
37195  28.597  -1.261  39.697 0.2222220004
37214  29.209  -1.913  38.078 0.3333329856
36463  31.369  -2.400  39.238 0.5555559993
36474  30.768  -2.343  38.559 0.5555559993
70362  30.129  -2.302  37.844 0.2222220004
36473  31.620  -2.497  38.459 0.4444440007
70655  32.167  -2.522  39.070 0.7777780294
36472  32.324  -2.552  38.440 0.6666669846
36486  32.003  -2.561  37.828 0.6666669846
36485  32.466  -2.572  37.242 0.6666669846
82830  31.764  -2.564  37.206 0.3333329856
70648  32.052  -2.593  36.579 0.4444440007
70649  32.888  -2.582  36.577 0.4444440007
71227  31.517  -2.618  35.846 0.3333329856
71228  32.440  -2.602  35.899 0.3333329856
38007  37.243  -0.409  31.627 0.7777780294
38002  36.812  -0.769  32.068 0.7777780294
38008  36.363  -0.661  31.441 0.6666669846
37291  35.600  -1.168  31.777 0.7777780294
72777  34.861  -1.599  32.181 0.4444440007
73008  33.967  -1.625  31.649 0.3333329856
37305  33.580  -1.175  30.755 0.2222220004
36515  32.819  -2.578  35.322 0.3333329856
36516  32.126  -2.592  35.172 0.3333329856
36538  34.192  -2.368  33.617 0.7777780294
36540  32.882  -2.492  33.574 0.5555559993
74367  32.120  -2.512  33.590 0.2222220004
36546  33.410  -2.361  33.131 0.5555559993
37290  36.263  -1.092  32.168 0.6666669846
82316  36.291  -1.297  32.579 0.6666669846
37260  34.933  -1.947  33.068 0.6666669846
37274  34.100  -2.057  32.647 0.5555559993
37275  33.223  -2.114  32.273 0.2222220004
36527  33.806  -2.534  34.446 0.7777780294
36528  32.807  -2.556  34.442 0.4444440007
43150  38.780  6.295  27.191 0.5555559993
81779  38.489  6.308  26.423 0.4444440007
43164  37.040  6.119  26.433 0.2222220004
77573  37.703  6.231  26.184 0.3333329856
85071  36.649  6.355  25.952 0.2222220004
43179  36.177  6.638  25.458 0.2222220004
43177  38.017  6.269  25.465 0.3333329856
43178  37.061  6.390  25.450 0.2222220004
43180  35.409  7.061  25.430 0.2222220004
43181  34.653  7.359  25.917 0.1111110002
45238  35.945  9.090  29.012 0.1111110002
43176  38.955  6.333  25.718 0.5555559993
45269  35.101  9.810  27.733 0.1111110002
43190  37.535  6.542  24.351 0.2222220004
43192  36.117  7.015  24.631 0.2222220004
44600  34.684  9.017  26.228 0.1111110002
45907  37.118  10.684  29.392 0.1111110002
45924  36.209  10.561  28.246 0.1111110002
45249  36.057  9.852  28.715 0.1111110002
45925  35.658  10.049  28.186 0.1111110002
45268  35.892  10.363  27.392 0.1111110002
45285  35.033  9.719  26.793 0.1111110002
45296  35.394  9.403  25.824 0.1111110002
77892  39.438  6.121  24.898 0.4444440007
77298  38.548  6.261  24.649 0.3333329856
81224  35.462  8.193  24.936 0.1111110002
45295  36.132  9.698  25.381 0.1111110002
43189  38.352  6.451  23.913 0.2222220004
43202  37.941  6.770  23.630 0.2222220004
43906  36.322  7.577  24.181 0.2222220004
76410  35.910  8.266  24.465 0.1111110002
45304  36.329  9.139  24.591 0.1111110002
43188  39.210  6.189  23.912 0.2222220004
43911  37.062  7.675  23.577 0.2222220004
44621  36.560  8.367  23.975 0.2222220004
43200  39.524  6.514  23.102 0.2222220004
43201  38.680  6.788  23.328 0.2222220004
43910  37.936  7.400  23.207 0.2222220004
37273  35.735  -1.504  32.606 0.6666669846
42482  40.038  6.001  23.549 0.2222220004
31163  4.023  -9.229  55.032 0.1111110002
32671  6.647  -6.565  52.568 0.1111110002
34087  6.953  -5.830  52.390 0.1111110002
80719  10.561  -7.162  51.125 0.4444440007
85101  11.653  -6.727  50.503 0.4444440007
34121  12.120  -5.763  48.984 0.1111110002
35637  15.122  -3.676  46.635 0.1111110002
34922  16.961  -3.814  45.355 0.2222220004
32037  20.747  -7.677  42.687 0.2222220004
76724  19.546  -5.672  43.266 0.2222220004
80289  31.401  -2.593  35.069 0.2222220004
37292  34.808  -1.228  31.341 0.4444440007
36539  33.426  -2.499  33.842 0.5555559993
36547  32.603  -2.395  32.875 0.2222220004
43151  37.879  6.073  26.923 0.3333329856
43165  36.262  6.220  26.331 0.2222220004
43166  35.515  6.471  26.205 0.1111110002
80696  36.675  6.715  24.675 0.2222220004
43907  35.699  7.567  24.756 0.2222220004
43903  35.131  7.784  25.352 0.1111110002
43900  33.934  7.720  26.378 0.1111110002
43904  34.531  8.179  25.945 0.1111110002
45237  36.672  9.610  29.328 0.1111110002
45251  34.647  9.305  28.018 0.1111110002
44610  35.122  8.576  25.496 0.1111110002
45236  37.414  9.641  29.924 0.1111110002
45250  35.300  9.399  28.441 0.1111110002
45286  34.312  9.171  26.859 0.1111110002
45284  35.964  10.072  26.308 0.1111110002
43203  37.378  7.012  23.656 0.2222220004
43191  36.778  7.015  24.070 0.2222220004
44622  35.657  8.905  25.034 0.1111110002
44620  37.219  8.522  23.595 0.1111110002
28895  24.550  -13.395  48.422 0.4444440007
28087  24.754  -13.883  48.800 0.4444440007
28110  25.996  -13.619  47.204 0.3333329856
28904  25.096  -13.433  47.547 0.4444440007
83545  25.025  -14.129  48.717 0.3333329856
28088  24.178  -13.600  48.994 0.2222220004
28919  24.756  -12.872  46.993 0.6666669846
27365  24.773  -14.401  48.892 0.2222220004
28896  24.062  -13.037  49.023 0.4444440007
81031  24.133  -12.714  48.619 0.4444440007
28905  24.344  -12.835  47.878 0.4444440007
29708  23.845  -12.190  49.081 0.3333329856
71400  23.983  -12.068  48.426 0.5555559993
29727  24.056  -12.177  47.387 0.5555559993
29715  23.769  -11.192  48.267 0.5555559993
29728  23.678  -11.429  47.317 0.5555559993
30453  22.337  -10.158  50.508 0.3333329856
78912  22.384  -9.392  50.738 0.3333329856
31183  21.817  -9.584  51.026 0.3333329856
31174  21.387  -9.042  51.669 0.3333329856
82817  20.004  -8.400  52.058 0.3333329856
31953  19.452  -8.362  52.157 0.3333329856
31942  19.118  -7.895  52.887 0.3333329856
32654  18.703  -7.420  52.981 0.3333329856
30460  23.415  -10.745  49.417 0.4444440007
30461  23.100  -10.353  49.978 0.3333329856
30452  22.873  -9.558  50.274 0.3333329856
30478  23.731  -11.345  48.956 0.4444440007
30470  23.318  -9.827  49.650 0.4444440007
31963  22.982  -9.103  50.089 0.4444440007
30479  23.618  -10.472  48.996 0.5555559993
31952  20.685  -8.804  52.013 0.3333329856
31941  19.674  -7.898  52.674 0.3333329856
31959  22.552  -8.978  50.683 0.4444440007
31182  22.026  -8.998  51.193 0.3333329856
31951  21.147  -8.441  51.859 0.3333329856
78077  20.258  -8.057  52.082 0.3333329856
32653  19.358  -7.495  52.929 0.3333329856
31960  22.045  -8.524  51.084 0.4444440007
33348  19.552  -7.246  52.765 0.4444440007
31970  28.639  -8.606  47.624 0.2222220004
31200  23.423  -9.638  48.917 0.6666669846
30487  23.490  -10.616  47.680 0.6666669846
77449  23.589  -10.324  48.438 0.6666669846
31967  22.857  -8.690  49.650 0.5555559993
31964  22.407  -8.441  50.384 0.6666669846
31966  23.229  -9.226  49.536 0.6666669846
31972  23.149  -8.965  49.087 0.6666669846
71956  21.973  -7.801  50.271 0.5555559993
31207  23.322  -9.792  48.012 0.6666669846
33401  32.172  -6.304  46.905 0.1111110002
33403  30.800  -6.813  47.069 0.2222220004
79786  30.208  -6.977  47.212 0.3333329856
33393  30.123  -6.594  47.147 0.2222220004
77860  31.877  -5.930  47.002 0.1111110002
73698  31.315  -6.236  47.030 0.1111110002
34157  33.040  -5.680  46.565 0.1111110002
34140  32.598  -5.605  47.059 0.1111110002
85090  32.059  -5.382  46.961 0.2222220004
34142  31.432  -5.581  47.034 0.2222220004
34906  32.819  -4.447  46.800 0.2222220004
36391  34.079  -2.938  44.696 0.3333329856
71373  35.927  -2.697  41.191 0.6666669846
36445  36.285  -2.601  40.364 0.5555559993
70647  31.228  -2.574  36.726 0.1111110002
38009  35.500  -0.757  30.992 0.5555559993
37304  34.591  -0.718  30.519 0.2222220004
40258  34.916  2.077  28.217 0.2222220004
84838  36.329  2.335  28.392 0.2222220004
40257  36.560  2.976  28.140 0.1111110002
40274  35.634  2.706  28.010 0.2222220004
40979  35.148  3.435  27.561 0.1111110002
42437  38.342  5.758  27.608 0.3333329856
40978  36.020  3.523  27.717 0.1111110002
31943  18.199  -7.858  52.818 0.2222220004
40977  36.840  3.715  27.894 0.2222220004
28918  25.664  -13.078  46.736 0.5555559993
28100  25.348  -13.960  48.134 0.3333329856
32652  19.666  -7.652  52.653 0.3333329856
40275  34.640  2.804  27.755 0.1111110002
28041  4.043  -13.058  54.729 0.2222220004
36439  28.289  -2.060  41.724 0.2222220004
35687  27.619  -2.870  41.435 0.2222220004
79722  27.183  -3.799  41.052 0.2222220004
81138  28.633  -1.424  40.978 0.2222220004
37173  28.122  -1.537  41.033 0.2222220004
36440  27.410  -1.976  40.984 0.2222220004
37184  28.129  -1.229  40.527 0.2222220004
29701  23.467  -11.616  49.374 0.3333329856
36529  31.725  -2.561  34.398 0.1111110002
45978  49.748  9.884  17.547 0.3333329856
45331  47.646  9.168  18.912 0.3333329856
81756  49.158  9.787  17.991 0.2222220004
78020  48.688  9.872  18.235 0.2222220004
45979  49.451  10.772  17.468 0.2222220004
45972  49.321  10.236  17.702 0.3333329856
74680  35.773  -2.800  42.027 0.6666669846
36530  30.827  -2.577  34.530 0.1111110002
32696  31.239  -7.547  47.065 0.1111110002
32688  30.267  -7.475  47.241 0.1111110002
73821  36.588  -2.754  41.784 0.5555559993
84585  36.640  -2.628  41.084 0.4444440007
70822  37.145  -2.523  40.623 0.4444440007
29726  26.993  -11.994  46.797 0.4444440007
31976  31.748  -7.877  46.997 0.1111110002
82976  30.608  -7.973  47.150 0.1111110002
31977  30.967  -8.490  47.096 0.1111110002
28034  10.332  -13.144  54.524 0.1111110002
27315  9.739  -13.237  54.482 0.1111110002
28048  9.040  -13.115  54.641 0.1111110002
27328  8.599  -13.209  54.163 0.1111110002
27327  9.675  -13.343  53.947 0.1111110002
28035  9.430  -13.017  54.885 0.1111110002
27316  8.174  -13.077  54.676 0.1111110002
80562  7.855  -13.173  54.231 0.1111110002
27339  7.398  -13.321  53.142 0.1111110002
28036  8.498  -12.926  54.881 0.1111110002
27317  7.354  -13.127  54.588 0.1111110002
80193  6.616  -13.296  54.446 0.1111110002
28042  3.365  -12.702  54.341 0.1111110002
28049  3.671  -13.440  54.145 0.1111110002
27318  5.876  -13.435  54.636 0.1111110002
27340  6.392  -13.618  53.315 0.1111110002
26614  3.439  -14.964  53.289 0.1111110002
26606  3.382  -14.575  53.665 0.1111110002
75285  3.196  -14.058  53.919 0.1111110002
28050  2.995  -13.310  53.839 0.1111110002
27341  5.479  -14.016  53.637 0.1111110002
27334  2.644  -13.710  53.406 0.1111110002
29683  3.399  -11.531  54.768 0.2222220004
71179  3.646  -12.283  54.719 0.1111110002
28861  3.061  -11.976  54.524 0.2222220004
27319  5.038  -13.708  54.738 0.1111110002
28051  2.600  -12.987  53.391 0.1111110002
84981  5.618  -14.004  52.988 0.1111110002
26620  4.394  -14.787  52.479 0.1111110002
26613  4.132  -14.751  53.252 0.1111110002
80686  5.114  -14.246  51.546 0.1111110002
72030  4.076  -15.193  51.051 0.1111110002
25890  3.073  -15.518  52.065 0.1111110002
29684  2.975  -11.260  54.449 0.1111110002
28866  2.754  -12.388  53.940 0.1111110002
28862  2.733  -11.683  54.157 0.1111110002
26612  4.924  -14.380  53.079 0.1111110002
74869  2.417  -12.349  53.438 0.1111110002
28867  2.431  -11.775  53.693 0.1111110002
27349  6.111  -13.706  52.523 0.1111110002
27355  5.270  -13.913  50.963 0.1111110002
29687  2.622  -10.996  53.864 0.1111110002
35638  14.364  -3.998  46.973 0.1111110002
33471  26.201  -6.492  40.616 0.2222220004
70147  26.528  -5.243  40.592 0.1111110002
33483  26.185  -5.945  40.422 0.1111110002
33472  25.489  -6.274  40.402 0.2222220004
28099  26.317  -14.184  47.570 0.2222220004
83569  25.770  -14.290  47.847 0.2222220004
71326  26.911  -13.654  47.154 0.2222220004
28917  26.673  -12.970  46.727 0.2222220004
34944  19.552  -4.278  43.345 0.1111110002
34183  19.883  -5.065  43.045 0.1111110002
35676  19.874  -3.653  43.674 0.1111110002
35691  26.568  -3.174  40.726 0.1111110002
82936  26.886  -1.101  40.436 0.1111110002
34199  24.722  -6.363  40.865 0.1111110002
80930  21.346  -7.789  42.464 0.1111110002
32755  22.121  -8.027  42.171 0.1111110002
81619  24.293  -6.878  41.522 0.1111110002
33461  23.739  -7.364  41.803 0.1111110002
33463  20.964  -7.232  42.571 0.1111110002
79732  25.024  -3.844  42.064 0.1111110002
69950  25.011  -4.735  41.859 0.1111110002
33460  24.584  -6.255  42.080 0.1111110002
32754  23.087  -7.809  41.889 0.1111110002
71168  22.480  -7.530  42.401 0.1111110002
33462  21.645  -7.289  42.551 0.1111110002
70172  25.145  -5.453  42.731 0.1111110002
33448  24.034  -6.976  42.618 0.1111110002
32742  23.269  -7.276  42.822 0.1111110002
37196  27.390  -0.796  39.727 0.1111110002
37204  28.245  -1.292  38.598 0.1111110002
37205  27.168  -0.652  38.491 0.1111110002
36410  34.670  -2.928  43.998 0.3333329856
36409  35.431  -3.077  43.572 0.1111110002
36423  35.630  -2.952  42.841 0.1111110002
36408  36.185  -3.237  43.268 0.2222220004
83071  34.241  -1.223  31.036 0.2222220004
36407  36.921  -3.273  42.851 0.2222220004
36422  36.439  -2.976  42.531 0.2222220004
73581  44.403  2.209  35.171 0.1111110002
36434  38.139  -2.508  41.683 0.2222220004
36435  37.330  -2.604  41.426 0.3333329856
37170  38.766  -2.171  41.357 0.1111110002
37181  38.069  -2.346  40.891 0.3333329856
37168  40.173  -1.800  41.106 0.1111110002
37169  39.438  -1.930  41.248 0.3333329856
80928  44.838  3.040  34.834 0.1111110002
40192  44.880  2.950  33.700 0.1111110002
42377  45.318  5.002  31.862 0.1111110002
41661  45.981  4.206  31.160 0.1111110002
42413  47.987  4.712  29.191 0.2222220004
40965  48.028  3.869  28.130 0.2222220004
40975  48.000  3.908  27.283 0.1111110002
41703  47.958  4.421  27.727 0.2222220004
42430  48.007  4.855  28.276 0.2222220004
28038  6.220  -13.120  54.872 0.1111110002
27342  4.700  -14.328  53.745 0.1111110002
26605  3.964  -14.565  53.788 0.1111110002
80751  48.004  3.740  29.666 0.2222220004
41678  48.018  4.124  29.493 0.2222220004
34934  17.580  -3.684  44.710 0.1111110002
34184  19.227  -4.996  43.425 0.1111110002
70526  31.120  -2.506  37.650 0.1111110002
27380  25.369  -14.571  48.091 0.2222220004
28039  5.516  -13.268  54.941 0.1111110002
79730  26.494  -4.351  40.637 0.1111110002
27329  7.113  -13.316  53.950 0.1111110002
72773  8.029  -13.224  53.640 0.1111110002
75547  6.738  -13.080  54.753 0.1111110002
27330  6.088  -13.598  54.099 0.1111110002
26621  3.590  -15.180  52.686 0.1111110002
27331  5.282  -13.929  54.265 0.1111110002
27348  6.867  -13.421  52.674 0.1111110002
26619  5.214  -14.231  52.291 0.1111110002
26627  3.853  -15.239  51.856 0.1111110002
26626  4.580  -14.747  51.694 0.1111110002
26625  4.706  -14.602  50.968 0.1111110002
27354  5.809  -13.665  51.697 0.1111110002
33484  25.764  -5.429  40.328 0.1111110002
34198  25.201  -5.466  40.679 0.1111110002
34943  20.226  -4.406  43.378 0.1111110002
36452  26.379  -2.057  40.588 0.1111110002
33450  20.951  -6.481  42.753 0.1111110002
34192  24.834  -5.451  41.252 0.1111110002
32743  22.532  -7.120  43.168 0.1111110002
83124  24.990  -6.045  43.063 0.1111110002
33447  24.634  -6.523  43.399 0.1111110002
37905  26.488  -0.314  39.069 0.1111110002
80884  27.641  -1.119  37.742 0.1111110002
41694  48.012  4.257  28.607 0.2222220004
40951  47.971  3.674  29.078 0.2222220004
40236  47.702  3.582  28.491 0.2222220004
42439  36.795  5.118  27.288 0.1111110002
42458  37.154  5.735  27.030 0.2222220004
72142  50.145  9.322  17.336 0.3333329856
42520  50.388  6.567  17.167 0.1111110002
42512  49.509  5.868  19.277 0.2222220004
37306  32.515  -1.242  30.664 0.1111110002
42440  35.960  5.011  27.157 0.1111110002
70936  28.558  -13.968  47.008 0.1111110002
27392  27.600  -14.380  47.043 0.1111110002
72951  27.959  -14.834  47.011 0.1111110002
26660  27.683  -15.762  46.892 0.1111110002
25165  27.395  -16.800  46.662 0.1111110002
26661  27.156  -15.137  47.192 0.1111110002
83755  27.154  -15.654  47.150 0.1111110002
25166  26.614  -16.707  46.849 0.1111110002
24478  25.656  -17.563  45.249 0.1111110002
24487  26.111  -17.737  44.792 0.1111110002
24488  25.418  -17.752  44.632 0.1111110002
26648  26.629  -15.171  47.783 0.1111110002
25176  25.492  -16.984  46.399 0.1111110002
25177  24.751  -17.000  46.221 0.1111110002
24479  25.089  -17.539  45.142 0.1111110002
76619  24.761  -17.257  45.624 0.1111110002
31204  29.400  -9.554  47.229 0.1111110002
30475  28.945  -10.096  47.651 0.1111110002
30485  28.708  -10.696  47.166 0.1111110002
29724  28.460  -11.607  47.065 0.1111110002
79955  29.206  -8.843  47.423 0.1111110002
29714  28.109  -10.809  47.402 0.1111110002
31969  29.159  -8.223  47.550 0.1111110002
31198  28.633  -9.411  47.839 0.1111110002
30476  28.296  -10.173  47.556 0.1111110002
27357  22.768  -13.725  49.655 0.1111110002
29725  27.661  -11.320  47.142 0.1111110002
27367  23.207  -14.367  49.034 0.1111110002
26640  22.965  -14.797  48.838 0.1111110002
30477  27.693  -10.309  47.378 0.1111110002
26639  23.727  -15.024  48.869 0.1111110002
84767  27.346  -13.159  47.030 0.1111110002
26637  24.903  -14.867  48.851 0.1111110002
25908  23.852  -15.708  47.866 0.1111110002
26650  25.210  -15.366  48.022 0.1111110002
25913  24.311  -16.227  47.275 0.1111110002
25915  23.176  -15.878  47.470 0.1111110002
25160  25.997  -16.398  47.094 0.1111110002
25168  24.836  -16.565  46.889 0.1111110002
25921  23.447  -16.360  46.723 0.1111110002
82733  22.780  -15.990  47.091 0.1111110002
25178  24.198  -16.585  46.725 0.1111110002
79823  29.915  -8.342  47.269 0.1111110002
27368  22.451  -14.289  49.085 0.1111110002
31186  16.551  -9.000  51.227 0.1111110002
28074  23.125  -13.205  49.749 0.2222220004
28075  22.449  -13.105  50.010 0.2222220004
31178  17.007  -8.528  51.946 0.1111110002
28073  23.669  -13.025  49.620 0.2222220004
83282  22.491  -12.542  49.997 0.1111110002
34141  32.481  -4.916  47.004 0.1111110002
31955  17.376  -8.076  52.593 0.1111110002
28887  23.141  -12.638  49.958 0.2222220004
31177  18.014  -8.459  51.996 0.1111110002
29703  22.467  -11.931  50.051 0.2222220004
30457  18.847  -9.645  50.751 0.1111110002
28879  21.337  -11.772  50.788 0.1111110002
28880  20.719  -11.803  50.555 0.1111110002
28881  20.003  -11.329  50.318 0.1111110002
30463  19.216  -10.366  50.288 0.1111110002
35642  33.246  -3.939  46.096 0.1111110002
79447  34.231  -3.480  45.051 0.1111110002
31954  18.811  -8.344  52.393 0.1111110002
28886  23.590  -12.462  49.613 0.2222220004
30447  19.227  -9.425  51.260 0.1111110002
31184  18.501  -9.073  51.361 0.1111110002
30456  19.571  -9.992  50.948 0.1111110002
29702  23.099  -11.829  49.743 0.2222220004
28878  21.944  -11.541  50.760 0.1111110002
29697  21.490  -11.138  51.015 0.2222220004
75811  20.946  -10.577  51.039 0.2222220004
82693  19.938  -10.638  50.728 0.1111110002
78564  23.186  -11.097  49.677 0.2222220004
30462  22.523  -11.079  50.062 0.2222220004
80187  22.006  -10.975  50.911 0.2222220004
30454  21.538  -10.314  51.021 0.2222220004
36367  33.649  -3.516  45.676 0.1111110002
31176  19.246  -8.928  51.821 0.1111110002
31175  20.123  -9.083  51.994 0.1111110002
30446  19.872  -9.543  51.516 0.1111110002
30445  20.434  -9.608  51.589 0.1111110002
30455  20.326  -10.216  51.101 0.1111110002
30444  20.781  -9.377  51.779 0.2222220004
77292  34.851  -3.282  44.529 0.1111110002
39550  33.373  1.613  28.353 0.1111110002
40261  31.994  2.606  28.170 0.1111110002
40259  34.007  2.233  28.045 0.1111110002
40260  33.022  2.395  28.022 0.1111110002
40276  33.653  3.080  27.617 0.1111110002
40277  32.573  3.164  27.780 0.1111110002
42490  40.601  5.878  23.257 0.1111110002
43916  38.744  7.506  22.863 0.1111110002
44632  37.763  8.236  23.171 0.1111110002
42497  40.891  6.062  22.690 0.1111110002
43199  40.232  6.301  22.853 0.1111110002
43216  39.224  7.050  22.800 0.1111110002
43214  40.577  6.690  22.286 0.1111110002
43215  39.904  6.974  22.440 0.1111110002
44644  38.339  8.018  22.880 0.1111110002
85174  40.413  7.187  22.131 0.1111110002
43226  41.685  7.030  21.452 0.1111110002
43227  40.958  7.303  21.850 0.1111110002
43915  39.454  7.641  22.523 0.1111110002
43914  40.291  7.724  22.161 0.1111110002
43924  41.567  7.667  21.511 0.1111110002
43233  43.063  7.313  20.809 0.1111110002
43923  42.295  7.642  21.139 0.1111110002
44662  43.096  7.961  20.783 0.1111110002
44652  41.849  8.195  21.548 0.1111110002
44684  50.766  8.644  16.007 0.2222220004
45321  47.043  9.667  19.723 0.1111110002
45322  46.545  9.277  20.008 0.1111110002
73855  47.981  9.928  18.631 0.1111110002
79934  50.414  9.623  16.925 0.2222220004
44687  51.016  8.616  14.990 0.2222220004
45339  50.510  9.436  16.270 0.2222220004
45340  50.740  9.361  15.425 0.2222220004
45973  48.856  10.545  17.883 0.1111110002
45974  48.204  10.619  18.254 0.1111110002
84524  47.314  10.050  19.270 0.1111110002
45986  50.473  10.161  16.602 0.2222220004
45982  50.243  10.128  17.152 0.2222220004
45975  47.431  10.605  18.899 0.1111110002
46623  50.324  10.806  16.895 0.1111110002
46618  49.581  11.626  17.568 0.1111110002
46612  49.219  11.365  17.685 0.1111110002
46613  48.582  11.450  18.005 0.1111110002
46614  47.795  11.455  18.435 0.1111110002
73661  50.718  10.039  14.839 0.2222220004
46625  50.474  10.801  16.158 0.1111110002
46620  50.035  11.638  17.183 0.1111110002
47210  49.552  12.396  17.984 0.1111110002
47211  49.318  12.399  18.209 0.1111110002
47222  49.963  12.108  16.149 0.1111110002
47219  49.969  12.339  16.946 0.1111110002
47217  49.937  12.623  17.771 0.1111110002
47212  48.429  12.388  18.390 0.1111110002
47821  50.036  12.658  16.518 0.1111110002
47813  50.007  13.086  17.303 0.1111110002
47218  49.747  12.974  18.323 0.1111110002
47794  49.218  12.987  18.545 0.1111110002
83995  49.933  12.422  15.877 0.1111110002
46637  49.209  11.659  12.368 0.1111110002
47814  49.648  13.579  17.520 0.1111110002
47803  49.880  13.441  18.008 0.1111110002
78332  49.675  12.317  14.738 0.1111110002
80131  49.646  12.567  16.043 0.1111110002
47804  49.218  13.590  18.241 0.1111110002
47795  48.267  13.335  18.560 0.1111110002
81650  50.107  11.608  14.136 0.1111110002
47829  49.599  12.336  15.392 0.1111110002
48387  49.189  13.468  16.957 0.1111110002
74916  49.573  13.961  18.017 0.1111110002
81408  48.465  13.994  18.420 0.1111110002
47837  49.595  12.561  14.080 0.1111110002
47830  49.256  12.498  15.653 0.1111110002
48381  49.115  13.948  17.641 0.1111110002
48374  48.907  14.175  18.128 0.1111110002
47838  49.109  12.448  14.581 0.1111110002
47236  49.108  12.751  13.306 0.1111110002
47246  48.990  12.107  11.777 0.1111110002
47213  47.319  12.226  18.694 0.1111110002
48394  48.804  12.712  16.082 0.1111110002
48388  48.323  13.448  16.773 0.1111110002
48382  48.458  14.090  17.746 0.1111110002
48375  48.095  14.166  18.194 0.1111110002
47805  47.693  13.872  18.453 0.1111110002
48401  48.527  12.475  14.824 0.1111110002
48411  48.534  13.159  13.879 0.1111110002
48402  47.931  12.820  14.518 0.1111110002
76226  47.648  12.747  15.859 0.1111110002
48422  48.696  13.603  13.305 0.1111110002
48412  48.280  13.887  13.409 0.1111110002
47238  49.052  12.524  12.511 0.1111110002
48423  48.340  14.116  13.020 0.1111110002
47857  48.994  12.858  11.972 0.1111110002
48376  47.184  14.172  18.174 0.1111110002
48389  47.466  13.329  16.544 0.1111110002
48383  47.562  14.019  17.442 0.1111110002
48396  47.434  12.555  15.098 0.1111110002
47823  46.951  12.687  15.719 0.1111110002
48403  47.322  13.430  14.118 0.1111110002
48997  47.912  14.258  13.211 0.1111110002
47847  48.825  13.482  12.625 0.1111110002
47848  47.996  13.807  12.457 0.1111110002
48384  46.589  14.091  17.600 0.1111110002
48390  46.778  13.624  16.780 0.1111110002
28109  27.942  -13.475  47.050 0.1111110002
28915  28.517  -12.632  47.106 0.1111110002
80608  27.072  -14.092  47.208 0.1111110002
28916  27.712  -12.465  47.028 0.1111110002
27378  26.820  -14.659  47.573 0.1111110002
27366  23.977  -14.332  49.004 0.1111110002
26651  24.452  -15.262  48.229 0.1111110002
26638  24.490  -14.849  49.000 0.1111110002
79893  21.222  -9.664  51.183 0.2222220004
28089  23.460  -13.662  49.112 0.2222220004
45983  49.881  10.808  17.312 0.1111110002
27379  26.250  -14.784  47.884 0.1111110002
42459  36.480  5.702  26.888 0.1111110002
25912  27.114  -16.194  47.060 0.1111110002
25911  27.574  -16.490  46.657 0.1111110002
78936  26.912  -17.122  46.352 0.1111110002
25174  27.465  -17.071  46.084 0.1111110002
25904  26.735  -15.586  47.599 0.1111110002
25175  26.246  -17.086  46.358 0.1111110002
24477  26.319  -17.505  45.437 0.1111110002
24469  25.903  -17.350  45.877 0.1111110002
24470  25.260  -17.332  45.742 0.1111110002
26649  26.139  -15.402  47.847 0.1111110002
82562  26.468  -17.299  45.962 0.1111110002
74788  25.951  -16.746  46.709 0.1111110002
25906  25.718  -15.982  47.678 0.1111110002
25167  25.478  -16.442  47.056 0.1111110002
25907  24.853  -15.993  47.616 0.1111110002
25914  23.793  -16.186  47.226 0.1111110002
25922  22.739  -16.127  46.492 0.1111110002
72788  24.119  -16.938  45.976 0.1111110002
28888  21.810  -12.376  50.130 0.1111110002
29698  20.650  -11.122  50.843 0.1111110002
81624  18.653  -8.692  51.884 0.1111110002
77764  20.859  -10.008  51.367 0.2222220004
39551  32.379  1.804  28.366 0.1111110002
45988  50.569  10.075  15.760 0.2222220004
46624  50.103  11.482  16.519 0.1111110002
46628  50.487  10.788  15.265 0.1111110002
46626  50.113  11.447  15.692 0.1111110002
47226  49.981  12.098  15.283 0.1111110002
47822  49.642  13.046  16.608 0.1111110002
47232  50.024  12.182  14.433 0.1111110002
46629  50.082  11.485  14.867 0.1111110002
45991  50.105  11.211  13.540 0.1111110002
47845  48.909  12.940  13.885 0.1111110002
48395  48.099  12.602  15.515 0.1111110002
79139  48.254  13.337  13.936 0.1111110002
48994  47.942  13.844  13.684 0.1111110002
25905  26.399  -16.074  47.384 0.1111110002
36541  30.989  -2.520  33.551 0.1111110002
36548  31.653  -2.381  32.735 0.1111110002
35659  36.842  -3.866  43.826 0.1111110002
81348  37.086  -4.166  43.358 0.1111110002
34928  36.903  -4.363  43.850 0.1111110002
36389  36.569  -3.554  43.575 0.1111110002
34940  37.100  -4.819  43.255 0.1111110002
40237  47.360  3.413  29.151 0.1111110002
76553  46.900  3.347  28.303 0.1111110002
35673  37.157  -3.653  43.073 0.1111110002
40930  47.105  3.701  30.272 0.1111110002
36406  37.767  -3.068  42.623 0.1111110002
35672  38.019  -3.528  42.713 0.1111110002
36421  37.402  -2.838  42.230 0.1111110002
40976  47.626  3.635  27.746 0.1111110002
40269  46.870  3.433  27.377 0.1111110002
36420  38.147  -2.723  42.056 0.1111110002
70869  47.249  3.762  26.109 0.1111110002
41757  46.105  4.561  18.397 0.1111110002
84847  46.515  3.538  16.436 0.1111110002
41040  45.922  3.584  16.866 0.1111110002
41034  45.931  4.190  17.527 0.1111110002
41030  45.420  4.041  18.263 0.1111110002
40995  47.396  3.967  25.291 0.1111110002
41008  46.544  3.987  23.264 0.1111110002
75165  45.360  3.757  21.740 0.1111110002
41018  45.363  3.959  20.824 0.1111110002
41742  46.625  4.650  20.277 0.1111110002
41033  46.547  4.217  16.880 0.1111110002
41002  47.314  4.267  23.779 0.1111110002
41012  46.557  4.166  22.549 0.1111110002
41013  45.748  3.771  22.593 0.1111110002
41738  46.147  4.334  20.802 0.1111110002
41741  47.544  4.898  20.696 0.1111110002
70463  47.361  4.843  16.841 0.1111110002
41759  47.415  5.266  17.840 0.1111110002
41017  46.149  4.151  21.704 0.1111110002
79037  48.075  5.599  18.023 0.1111110002
42522  48.667  5.875  17.697 0.1111110002
83685  51.023  7.138  14.997 0.1111110002
73213  51.013  7.043  14.492 0.1111110002
43955  50.977  7.786  14.791 0.1111110002
43979  50.379  7.599  13.807 0.1111110002
44702  50.246  8.411  13.552 0.1111110002
43980  49.794  8.362  13.323 0.1111110002
43953  51.010  7.297  15.570 0.1111110002
73164  51.014  8.022  15.465 0.1111110002
44695  50.988  8.548  14.263 0.1111110002
45343  51.002  9.279  14.481 0.1111110002
81887  50.629  8.562  13.749 0.1111110002
81463  50.711  9.127  13.755 0.1111110002
45352  50.339  8.899  13.103 0.1111110002
45359  49.945  9.370  12.350 0.1111110002
44703  49.903  8.887  12.709 0.1111110002
45990  50.111  10.712  14.365 0.1111110002
46000  50.093  10.401  13.625 0.1111110002
71770  46.619  3.145  29.069 0.1111110002
70494  46.724  3.102  29.724 0.1111110002
40952  47.699  3.553  29.742 0.1111110002
71412  48.045  5.463  17.239 0.1111110002
41733  47.150  4.519  22.172 0.1111110002
41007  47.344  4.435  23.023 0.1111110002
42517  48.682  5.727  18.621 0.1111110002
41755  47.858  5.331  18.902 0.1111110002
41760  46.655  4.759  17.618 0.1111110002
80950  47.369  4.122  24.547 0.1111110002
37276  32.281  -2.112  32.053 0.1111110002
30437  3.288  -10.733  54.706 0.1111110002
34171  36.755  -5.068  43.883 0.1111110002
41750  46.351  4.664  19.335 0.1111110002
41749  47.200  4.969  19.638 0.1111110002
41737  46.898  4.575  21.236 0.1111110002
41756  46.895  4.984  18.610 0.1111110002
45999  50.706  9.921  13.974 0.1111110002
43997  49.106  8.937  12.195 0.1111110002
43075  44.767  5.717  32.639 0.3333329856
44543  44.858  7.891  32.906 0.4444440007
82977  2.896  -13.872  53.703 0.1111110002
