#!ascii label  , from subject sub-2002 vox2ras=TkReg
609
34908  22.046  -4.826  47.067 0.0000000000
38571  28.202  0.982  47.577 0.0000000000
44573  34.673  8.171  28.765 0.0000000000
37970  30.392  -0.115  35.646 0.0000000000
38619  30.916  0.611  42.470 0.0000000000
44613  45.874  8.913  23.661 0.0000000000
42392  36.188  4.780  29.835 0.0000000000
40229  32.874  2.825  30.641 0.0000000000
36384  18.505  -2.188  45.240 0.0000000000
34880  25.860  -3.887  48.061 0.0000000000
35645  27.632  -3.062  46.280 0.0000000000
84214  24.194  -6.900  45.534 0.0000000000
45281  39.337  10.428  25.649 0.0000000000
35600  23.246  -2.739  48.690 0.0000000000
36336  20.337  -1.780  48.380 0.0000000000
45922  37.471  11.586  28.827 0.0000000000
84311  16.412  -2.291  49.368 0.0000000000
35606  12.535  -3.874  50.364 0.0000000000
38734  33.435  -0.176  33.312 0.0000000000
77318  30.260  0.279  38.810 0.0000000000
73672  26.608  1.470  41.133 0.0000000000
37856  26.818  -0.320  44.219 0.0000000000
40936  36.768  3.220  30.898 0.0000000000
40945  34.058  3.449  30.135 0.0000000000
40218  35.394  2.255  30.976 0.0000000000
42383  38.426  5.234  31.201 0.0000000000
34166  21.634  -5.055  45.086 0.0000000000
35676  19.874  -3.653  43.674 0.0000000000
80730  20.511  -3.122  45.579 0.0000000000
34125  23.636  -4.616  47.846 0.0000000000
33405  24.495  -5.480  47.037 0.0000000000
33418  22.718  -5.927  46.207 0.0000000000
33438  22.505  -6.624  44.127 0.0000000000
45270  34.452  9.335  27.418 0.0000000000
43870  36.822  7.731  29.533 0.0000000000
45249  36.057  9.852  28.715 0.0000000000
76638  36.519  10.953  27.628 0.0000000000
36317  18.119  -1.039  50.305 0.0000000000
36338  18.630  -1.780  49.024 0.0000000000
36318  17.012  -1.834  50.856 0.0000000000
35569  11.244  -2.031  53.161 0.0000000000
72444  12.742  -2.815  51.713 0.0000000000
35588  11.556  -2.856  52.095 0.0000000000
34843  9.438  -3.391  52.335 0.0000000000
34837  8.010  -3.471  53.253 0.0000000000
37889  32.684  -0.625  40.086 0.0000000000
75082  30.493  0.474  40.716 0.0000000000
39415  28.817  1.215  40.132 0.0000000000
39397  28.972  1.198  41.988 0.0000000000
70156  26.634  -3.923  44.496 0.0000000000
37146  27.552  -1.550  44.928 0.0000000000
70105  26.079  -2.815  43.587 0.0000000000
37157  25.980  -1.355  43.297 0.0000000000
37981  31.571  -0.400  34.722 0.0000000000
38746  31.194  0.487  32.924 0.0000000000
38737  29.750  0.380  33.192 0.0000000000
45963  47.028  11.029  22.435 0.0000000000
45315  46.591  9.397  22.469 0.0000000000
84372  35.559  5.953  29.527 0.0000000000
41682  33.321  5.052  29.688 0.0000000000
43101  38.339  6.733  30.500 0.0000000000
36345  27.259  -1.755  47.601 0.0000000000
36358  28.037  -1.872  46.766 0.0000000000
79737  26.751  -3.953  47.331 0.0000000000
79742  25.951  -5.582  46.286 0.0000000000
33435  25.325  -6.128  44.932 0.0000000000
78013  40.726  11.001  26.775 0.0000000000
45278  42.193  9.242  26.365 0.0000000000
44617  42.635  8.765  24.556 0.0000000000
70639  43.626  8.774  23.576 0.0000000000
34881  22.519  -4.137  48.106 0.0000000000
35612  21.665  -3.065  48.062 0.0000000000
35602  21.848  -1.975  48.310 0.0000000000
34858  24.114  -3.445  48.937 0.0000000000
45937  38.197  11.518  27.045 0.0000000000
36360  19.973  -2.236  47.693 0.0000000000
36362  17.605  -1.833  47.484 0.0000000000
75093  15.412  -2.631  47.630 0.0000000000
35584  14.930  -2.504  51.120 0.0000000000
74804  14.621  -3.086  49.468 0.0000000000
34063  4.691  -4.605  55.570 0.0000000000
39484  35.750  0.746  32.797 0.0000000000
78301  32.222  -0.648  36.045 0.0000000000
37916  32.351  -0.746  38.478 0.0000000000
38671  30.292  0.027  37.418 0.0000000000
39442  28.898  0.968  38.058 0.0000000000
39424  27.200  1.517  38.938 0.0000000000
38640  25.530  0.716  40.268 0.0000000000
37849  28.077  -0.561  45.819 0.0000000000
38594  28.020  1.170  44.842 0.0000000000
38608  28.242  1.600  43.895 0.0000000000
39389  26.817  1.030  43.273 0.0000000000
38624  25.218  0.295  41.522 0.0000000000
39497  32.811  0.891  31.906 0.0000000000
39512  31.132  1.412  31.462 0.0000000000
40928  37.015  2.753  31.505 0.0000000000
40217  36.275  2.502  31.224 0.0000000000
40209  36.623  2.021  31.895 0.0000000000
72487  37.864  3.836  31.296 0.0000000000
34158  21.915  -5.101  46.125 0.0000000000
34919  21.313  -4.317  45.526 0.0000000000
34909  21.465  -4.276  46.499 0.0000000000
34145  22.674  -5.202  47.585 0.0000000000
33407  23.166  -5.657  47.167 0.0000000000
72967  22.490  -5.418  46.864 0.0000000000
75608  22.156  -5.638  45.487 0.0000000000
44580  34.608  8.776  28.385 0.0000000000
44571  35.988  8.125  29.222 0.0000000000
79914  36.521  8.600  29.400 0.0000000000
44572  35.289  8.543  28.830 0.0000000000
45250  35.300  9.399  28.441 0.0000000000
35558  10.627  -2.082  53.471 0.0000000000
72389  11.504  -2.364  52.558 0.0000000000
35580  10.301  -2.801  52.594 0.0000000000
34841  10.793  -3.222  51.923 0.0000000000
35581  9.519  -2.792  52.949 0.0000000000
34844  8.725  -3.436  52.719 0.0000000000
38628  32.035  -0.212  41.253 0.0000000000
38630  30.591  0.528  41.462 0.0000000000
38631  29.781  0.811  41.223 0.0000000000
38620  29.995  0.861  42.135 0.0000000000
38570  28.722  1.472  47.220 0.0000000000
79697  26.110  -4.231  43.872 0.0000000000
70669  26.747  -3.116  44.357 0.0000000000
69948  25.718  -3.647  43.248 0.0000000000
37982  30.733  -0.146  34.910 0.0000000000
38720  31.080  -0.175  34.090 0.0000000000
81455  45.347  8.861  24.123 0.0000000000
44612  45.973  9.049  23.782 0.0000000000
44624  46.340  9.160  23.205 0.0000000000
72096  46.741  9.766  22.861 0.0000000000
44625  46.032  8.912  22.846 0.0000000000
42399  36.270  5.567  29.718 0.0000000000
42401  34.701  5.970  29.468 0.0000000000
41673  35.270  4.462  29.728 0.0000000000
40228  33.821  2.742  30.573 0.0000000000
81279  33.250  3.319  30.302 0.0000000000
80916  31.937  3.058  30.555 0.0000000000
42390  37.844  5.262  30.656 0.0000000000
43102  37.781  5.941  30.258 0.0000000000
43103  37.026  6.056  29.791 0.0000000000
35665  19.435  -2.973  44.173 0.0000000000
71401  17.834  -2.024  45.791 0.0000000000
35620  26.594  -2.941  47.881 0.0000000000
35619  27.097  -2.555  47.505 0.0000000000
70262  26.427  -3.619  47.738 0.0000000000
33416  24.295  -6.182  46.564 0.0000000000
79724  25.736  -5.368  46.725 0.0000000000
33428  25.180  -6.304  45.699 0.0000000000
79652  25.748  -5.854  45.673 0.0000000000
33429  24.721  -6.638  45.259 0.0000000000
79241  23.710  -7.097  44.681 0.0000000000
39451  27.671  0.982  36.958 0.0000000000
84996  40.446  10.560  26.348 0.0000000000
45266  41.895  9.851  26.676 0.0000000000
45280  40.449  9.872  25.820 0.0000000000
44618  41.852  8.838  24.708 0.0000000000
70986  41.958  8.922  23.784 0.0000000000
70638  42.787  8.828  23.693 0.0000000000
34860  23.121  -3.131  48.422 0.0000000000
34861  22.388  -3.006  48.125 0.0000000000
35601  22.623  -2.430  48.448 0.0000000000
35599  23.890  -2.962  49.141 0.0000000000
34871  23.210  -3.751  48.239 0.0000000000
46586  39.010  11.821  27.225 0.0000000000
46577  38.038  12.113  27.991 0.0000000000
45947  36.755  10.742  26.654 0.0000000000
35613  21.034  -2.360  48.032 0.0000000000
35622  20.972  -2.562  47.998 0.0000000000
36346  20.239  -2.045  48.376 0.0000000000
70696  17.013  -2.108  49.736 0.0000000000
36348  18.328  -1.851  48.197 0.0000000000
36340  16.755  -2.139  48.757 0.0000000000
70801  16.806  -2.055  47.799 0.0000000000
36341  15.847  -2.443  48.984 0.0000000000
35577  13.635  -2.163  51.715 0.0000000000
35595  13.197  -3.053  51.365 0.0000000000
35594  14.124  -2.911  51.151 0.0000000000
70975  13.661  -3.501  49.470 0.0000000000
35614  14.039  -3.392  48.527 0.0000000000
37967  32.878  -0.720  35.588 0.0000000000
38637  31.168  -0.075  39.560 0.0000000000
37903  32.514  -0.690  39.288 0.0000000000
38648  30.913  -0.136  38.729 0.0000000000
37930  31.439  -0.493  37.543 0.0000000000
38660  30.269  0.162  38.189 0.0000000000
70579  29.607  0.511  37.721 0.0000000000
38661  29.645  0.573  38.503 0.0000000000
39416  27.993  1.502  40.459 0.0000000000
39423  28.255  1.397  39.465 0.0000000000
39417  26.929  1.568  40.415 0.0000000000
39426  25.827  1.104  39.574 0.0000000000
39418  25.978  1.253  40.441 0.0000000000
36370  27.941  -2.403  46.595 0.0000000000
37846  28.171  -0.579  46.176 0.0000000000
37143  28.236  -1.441  46.029 0.0000000000
37855  27.311  -0.634  44.780 0.0000000000
37850  27.818  -0.926  45.312 0.0000000000
38595  27.206  0.374  44.612 0.0000000000
38609  27.371  1.093  44.018 0.0000000000
39388  27.623  1.444  43.224 0.0000000000
38596  26.713  0.408  43.866 0.0000000000
36431  24.909  -2.183  42.106 0.0000000000
37872  25.740  -0.163  42.808 0.0000000000
76778  34.196  -0.055  33.284 0.0000000000
39496  34.360  0.859  31.991 0.0000000000
38744  32.950  0.306  32.650 0.0000000000
38747  30.352  0.642  32.551 0.0000000000
39499  31.198  0.859  32.260 0.0000000000
46605  46.846  11.131  21.673 0.0000000000
41672  36.807  4.377  30.231 0.0000000000
40943  36.041  3.942  29.964 0.0000000000
73943  35.873  3.136  30.534 0.0000000000
40937  34.801  2.830  30.446 0.0000000000
40220  33.465  2.007  31.068 0.0000000000
42379  39.058  5.146  31.765 0.0000000000
41665  37.895  4.587  30.965 0.0000000000
34931  21.119  -4.361  44.500 0.0000000000
34920  20.732  -3.595  44.935 0.0000000000
36382  20.029  -2.625  45.722 0.0000000000
33387  24.163  -4.518  47.814 0.0000000000
33396  25.155  -4.694  47.434 0.0000000000
33398  23.999  -5.031  47.451 0.0000000000
72776  23.857  -5.727  47.120 0.0000000000
33430  23.316  -6.582  45.730 0.0000000000
33437  23.216  -6.939  44.913 0.0000000000
33431  22.678  -6.267  45.212 0.0000000000
34165  21.984  -5.797  44.633 0.0000000000
45302  38.814  9.716  24.376 0.0000000000
35590  22.898  -2.042  49.006 0.0000000000
45236  37.414  9.641  29.924 0.0000000000
45907  37.118  10.684  29.392 0.0000000000
45923  36.850  11.169  28.380 0.0000000000
45924  36.209  10.561  28.246 0.0000000000
45269  35.101  9.810  27.733 0.0000000000
36326  19.536  -1.195  49.038 0.0000000000
78380  18.714  -1.576  49.198 0.0000000000
36327  18.399  -1.395  49.687 0.0000000000
36328  17.366  -2.001  50.385 0.0000000000
36329  16.677  -2.114  50.534 0.0000000000
35578  12.712  -2.320  51.883 0.0000000000
81512  12.043  -2.241  52.328 0.0000000000
35579  12.104  -2.619  52.049 0.0000000000
35587  12.185  -3.140  51.628 0.0000000000
34848  11.456  -3.379  51.607 0.0000000000
38629  31.330  0.033  40.521 0.0000000000
38638  30.531  0.353  39.938 0.0000000000
38650  29.831  0.583  39.331 0.0000000000
38639  29.655  0.794  40.256 0.0000000000
39407  28.907  1.186  40.912 0.0000000000
39408  28.084  1.486  41.429 0.0000000000
70158  27.293  -3.776  45.855 0.0000000000
70184  27.506  -2.954  45.417 0.0000000000
84068  27.195  -3.068  44.832 0.0000000000
36397  27.233  -2.421  44.668 0.0000000000
37150  26.831  -1.413  44.080 0.0000000000
37863  26.253  -0.440  43.508 0.0000000000
85179  26.241  -2.024  43.609 0.0000000000
70216  25.309  -2.941  42.686 0.0000000000
37980  32.352  -0.501  34.385 0.0000000000
37993  32.456  -0.245  33.462 0.0000000000
38735  31.547  -0.059  33.418 0.0000000000
38736  30.690  0.305  33.421 0.0000000000
45959  46.890  10.730  22.873 0.0000000000
45314  47.106  9.974  22.237 0.0000000000
76849  35.201  6.750  29.293 0.0000000000
43874  33.448  7.433  28.852 0.0000000000
43112  34.034  6.783  29.272 0.0000000000
41674  34.219  4.275  29.794 0.0000000000
41675  33.073  4.105  29.946 0.0000000000
72531  38.925  6.620  31.163 0.0000000000
43849  38.910  7.311  30.887 0.0000000000
43857  38.393  7.707  30.362 0.0000000000
84800  37.287  7.219  29.705 0.0000000000
43871  36.080  7.218  29.336 0.0000000000
37839  27.404  -0.081  47.765 0.0000000000
37838  27.790  0.266  47.282 0.0000000000
37140  27.731  -1.303  47.072 0.0000000000
36359  27.663  -2.167  47.125 0.0000000000
79641  27.181  -3.799  46.765 0.0000000000
79686  25.869  -4.816  47.186 0.0000000000
70108  26.645  -4.486  47.001 0.0000000000
79692  26.883  -4.508  46.222 0.0000000000
70168  26.364  -5.125  45.634 0.0000000000
79736  25.912  -5.473  44.743 0.0000000000
33446  25.346  -5.926  43.878 0.0000000000
45277  42.906  9.096  26.493 0.0000000000
45290  41.020  9.219  25.541 0.0000000000
44609  41.778  8.944  25.629 0.0000000000
44598  43.114  8.775  25.907 0.0000000000
70525  44.039  8.800  24.926 0.0000000000
44615  44.251  8.789  24.204 0.0000000000
70640  44.467  8.721  23.433 0.0000000000
44626  44.654  8.697  22.543 0.0000000000
34895  22.311  -4.541  47.803 0.0000000000
34896  21.693  -4.098  47.378 0.0000000000
34882  21.975  -3.817  47.953 0.0000000000
73322  21.742  -2.721  47.980 0.0000000000
35603  21.189  -2.008  48.195 0.0000000000
35591  22.215  -1.652  48.840 0.0000000000
36325  20.800  -1.332  48.657 0.0000000000
36316  19.029  -0.791  49.831 0.0000000000
38572  27.741  0.554  47.880 0.0000000000
37128  27.058  -0.516  48.314 0.0000000000
37135  26.867  -1.351  48.118 0.0000000000
35610  25.894  -3.033  48.912 0.0000000000
35611  25.248  -3.238  49.048 0.0000000000
34869  24.705  -3.672  48.826 0.0000000000
34113  23.819  -4.218  48.133 0.0000000000
34115  22.931  -4.224  48.112 0.0000000000
46585  39.982  12.057  27.327 0.0000000000
45935  39.887  11.252  26.678 0.0000000000
45944  39.741  10.737  26.136 0.0000000000
45938  37.207  11.324  27.319 0.0000000000
45946  37.788  11.078  26.372 0.0000000000
45282  38.347  10.678  25.696 0.0000000000
35635  21.122  -3.544  46.865 0.0000000000
36371  19.985  -2.481  46.648 0.0000000000
36361  19.231  -2.024  46.912 0.0000000000
36347  19.339  -1.859  48.408 0.0000000000
72233  18.438  -1.783  47.197 0.0000000000
36373  18.531  -1.901  46.273 0.0000000000
36374  17.715  -1.826  46.585 0.0000000000
36375  16.347  -2.529  46.403 0.0000000000
36320  15.778  -2.177  51.035 0.0000000000
35593  15.478  -2.556  50.648 0.0000000000
83943  14.882  -2.807  50.721 0.0000000000
36331  15.343  -2.764  49.502 0.0000000000
36342  15.022  -2.883  48.827 0.0000000000
34831  6.165  -4.316  54.492 0.0000000000
39494  36.172  1.330  32.365 0.0000000000
80609  33.672  -0.535  34.636 0.0000000000
77850  32.947  -0.606  34.857 0.0000000000
37968  32.206  -0.575  35.223 0.0000000000
37969  31.304  -0.412  35.699 0.0000000000
37929  32.189  -0.735  37.581 0.0000000000
37947  31.584  -0.528  36.771 0.0000000000
81035  30.509  -0.168  36.522 0.0000000000
71043  29.640  0.411  36.902 0.0000000000
38672  28.911  0.867  37.265 0.0000000000
39443  28.089  1.239  37.570 0.0000000000
39432  28.991  0.998  38.900 0.0000000000
39433  28.131  1.375  38.477 0.0000000000
84716  26.736  1.323  38.414 0.0000000000
39425  26.277  1.283  38.923 0.0000000000
37907  25.725  0.692  39.606 0.0000000000
38607  30.680  1.105  43.336 0.0000000000
76117  28.167  0.212  46.398 0.0000000000
38578  28.569  0.876  46.365 0.0000000000
82460  28.635  1.037  46.079 0.0000000000
37145  28.017  -1.536  45.563 0.0000000000
38583  28.290  0.833  45.706 0.0000000000
71844  28.749  1.534  45.155 0.0000000000
75904  29.073  1.731  44.317 0.0000000000
79307  29.834  1.517  43.498 0.0000000000
38621  29.474  1.281  42.878 0.0000000000
38622  28.572  1.533  43.018 0.0000000000
39398  27.901  1.520  42.363 0.0000000000
77042  26.422  1.282  41.837 0.0000000000
38610  26.194  0.390  43.109 0.0000000000
38623  25.618  0.348  42.335 0.0000000000
39411  25.717  0.863  41.743 0.0000000000
39419  25.413  0.822  40.973 0.0000000000
39495  35.347  1.058  32.173 0.0000000000
39509  34.169  1.530  31.412 0.0000000000
75572  32.897  1.548  31.413 0.0000000000
83157  32.468  0.611  32.336 0.0000000000
39511  32.142  1.521  31.507 0.0000000000
40222  31.479  2.056  31.018 0.0000000000
84484  45.410  8.768  22.398 0.0000000000
40927  37.666  3.101  31.747 0.0000000000
43888  33.857  8.208  28.444 0.0000000000
43872  35.290  7.701  29.062 0.0000000000
35570  10.168  -2.398  53.241 0.0000000000
80536  10.840  -2.343  52.951 0.0000000000
35571  9.452  -2.460  53.487 0.0000000000
35582  8.862  -2.870  53.220 0.0000000000
74024  31.309  0.212  41.464 0.0000000000
70110  25.805  -5.064  43.837 0.0000000000
70066  25.486  -4.514  42.980 0.0000000000
78798  45.596  8.943  24.214 0.0000000000
42400  35.414  5.283  29.608 0.0000000000
83240  31.547  2.620  30.670 0.0000000000
42391  37.076  5.216  30.133 0.0000000000
36383  19.405  -2.450  45.016 0.0000000000
36399  18.796  -2.603  44.545 0.0000000000
36400  18.156  -2.653  44.574 0.0000000000
34867  26.121  -3.303  48.280 0.0000000000
78321  24.588  -6.509  45.958 0.0000000000
32721  24.170  -7.052  44.903 0.0000000000
32722  23.758  -7.017  45.341 0.0000000000
34859  23.537  -3.347  48.576 0.0000000000
45906  37.706  11.305  29.783 0.0000000000
46563  38.062  12.168  29.121 0.0000000000
35566  13.161  -1.795  52.180 0.0000000000
35596  12.641  -3.404  51.116 0.0000000000
35605  13.325  -3.394  50.517 0.0000000000
37904  31.734  -0.451  39.031 0.0000000000
74257  27.389  1.565  41.044 0.0000000000
80602  28.172  -1.908  46.362 0.0000000000
36381  28.038  -2.252  45.939 0.0000000000
38743  33.903  0.304  32.709 0.0000000000
40935  37.315  3.939  30.693 0.0000000000
84220  36.602  3.714  30.423 0.0000000000
40219  34.453  2.101  30.924 0.0000000000
34910  20.955  -3.640  45.971 0.0000000000
35654  20.108  -2.904  44.888 0.0000000000
33417  23.580  -6.188  46.508 0.0000000000
44562  37.940  8.598  30.107 0.0000000000
44570  37.178  8.604  29.721 0.0000000000
45237  36.672  9.610  29.328 0.0000000000
45908  36.572  10.444  28.860 0.0000000000
45251  34.647  9.305  28.018 0.0000000000
77126  17.629  -1.731  50.284 0.0000000000
35568  11.837  -1.981  52.839 0.0000000000
82386  11.044  -2.642  52.472 0.0000000000
34842  10.002  -3.415  51.980 0.0000000000
34838  7.147  -3.956  53.671 0.0000000000
84731  30.961  0.318  41.006 0.0000000000
69947  26.843  -4.310  45.301 0.0000000000
35663  27.104  -3.573  45.021 0.0000000000
36398  26.643  -2.375  44.046 0.0000000000
37994  31.788  -0.374  33.985 0.0000000000
38721  30.118  0.292  34.137 0.0000000000
45313  46.936  10.267  22.779 0.0000000000
71998  46.757  9.565  21.682 0.0000000000
41681  34.424  5.151  29.604 0.0000000000
42402  33.491  6.041  29.453 0.0000000000
40944  35.074  3.625  29.996 0.0000000000
40946  32.399  3.567  30.292 0.0000000000
41676  31.930  4.283  29.981 0.0000000000
43093  38.974  5.907  31.444 0.0000000000
80192  38.074  7.156  30.110 0.0000000000
72251  37.645  6.750  29.908 0.0000000000
43111  36.181  6.369  29.532 0.0000000000
43859  36.886  6.842  29.588 0.0000000000
37134  27.332  -0.929  47.684 0.0000000000
37133  27.595  -0.470  47.260 0.0000000000
70117  26.934  -3.322  47.381 0.0000000000
35634  27.433  -2.914  46.967 0.0000000000
33404  25.154  -5.164  47.034 0.0000000000
70138  26.290  -5.045  46.557 0.0000000000
46584  41.208  11.629  27.138 0.0000000000
45265  42.624  9.661  26.882 0.0000000000
45291  40.405  9.391  25.027 0.0000000000
44608  42.514  8.753  25.379 0.0000000000
44607  43.262  8.718  25.179 0.0000000000
44616  43.440  8.761  24.405 0.0000000000
35592  21.454  -1.234  48.926 0.0000000000
36315  20.168  -0.714  49.416 0.0000000000
35609  26.266  -2.604  48.398 0.0000000000
35598  24.638  -3.087  49.347 0.0000000000
34112  24.395  -4.137  48.294 0.0000000000
34870  23.830  -3.821  48.471 0.0000000000
34127  22.798  -4.770  48.020 0.0000000000
43113  33.172  6.838  29.180 0.0000000000
45936  39.163  11.308  26.576 0.0000000000
78258  36.662  10.214  25.841 0.0000000000
45283  37.424  10.561  25.822 0.0000000000
83238  37.893  10.284  25.299 0.0000000000
35621  21.440  -3.303  47.673 0.0000000000
35636  20.734  -2.816  47.220 0.0000000000
36349  17.455  -1.978  48.260 0.0000000000
36350  16.027  -2.283  48.123 0.0000000000
36363  16.124  -2.308  47.251 0.0000000000
35576  14.499  -1.972  51.665 0.0000000000
72424  16.059  -2.286  50.683 0.0000000000
35586  13.461  -2.736  51.504 0.0000000000
35604  14.333  -3.087  50.280 0.0000000000
80015  15.149  -2.831  50.138 0.0000000000
79844  6.249  -3.597  54.755 0.0000000000
34832  5.655  -4.232  55.025 0.0000000000
38733  34.768  -0.146  33.730 0.0000000000
37931  30.930  -0.337  37.234 0.0000000000
39422  29.127  1.019  39.617 0.0000000000
77115  27.361  1.557  39.780 0.0000000000
39434  27.379  1.362  38.104 0.0000000000
37843  27.904  -0.334  46.690 0.0000000000
38579  28.246  0.303  46.109 0.0000000000
78576  27.738  -2.186  45.292 0.0000000000
37854  27.653  0.100  45.369 0.0000000000
80962  29.064  1.606  43.545 0.0000000000
39399  27.003  1.386  42.532 0.0000000000
37864  25.681  -0.758  42.863 0.0000000000
37873  25.152  -0.489  42.104 0.0000000000
76589  33.525  0.674  32.162 0.0000000000
39510  33.555  1.204  31.624 0.0000000000
38745  32.008  0.373  32.725 0.0000000000
39498  32.000  0.914  32.023 0.0000000000
47200  46.639  11.640  21.835 0.0000000000
46606  46.496  11.268  20.649 0.0000000000
44636  44.885  8.723  21.569 0.0000000000
73588  37.331  3.379  31.212 0.0000000000
34144  23.069  -5.211  47.769 0.0000000000
33406  23.519  -5.224  47.618 0.0000000000
44581  34.064  8.875  27.894 0.0000000000
45238  35.945  9.090  29.012 0.0000000000
81216  17.467  -1.330  50.739 0.0000000000
35572  8.632  -2.700  53.680 0.0000000000
83084  26.356  -4.700  44.629 0.0000000000
80028  26.292  -3.535  43.920 0.0000000000
44606  45.082  8.949  24.668 0.0000000000
40947  31.546  3.684  30.124 0.0000000000
43094  38.414  5.929  30.845 0.0000000000
35664  20.194  -3.300  44.225 0.0000000000
36385  17.481  -2.572  45.099 0.0000000000
80329  26.700  -2.157  47.986 0.0000000000
33415  25.228  -5.967  46.471 0.0000000000
33436  24.749  -6.671  44.403 0.0000000000
38673  28.323  0.971  36.896 0.0000000000
45934  41.582  10.599  26.894 0.0000000000
45267  41.137  10.142  26.468 0.0000000000
45279  41.407  9.477  26.143 0.0000000000
44619  41.082  9.003  24.867 0.0000000000
70907  41.132  9.036  23.897 0.0000000000
71598  42.930  8.817  22.754 0.0000000000
34872  22.732  -3.683  48.128 0.0000000000
46576  38.834  12.493  28.182 0.0000000000
36339  17.730  -1.967  49.011 0.0000000000
83826  33.440  -0.673  35.255 0.0000000000
71431  33.598  -0.847  35.957 0.0000000000
81978  32.885  -0.835  36.216 0.0000000000
37946  32.503  -0.784  36.775 0.0000000000
37890  31.916  -0.399  39.841 0.0000000000
37917  31.582  -0.508  38.221 0.0000000000
38659  30.887  -0.275  37.900 0.0000000000
73632  26.518  1.430  39.650 0.0000000000
37142  28.112  -1.320  46.465 0.0000000000
37158  25.314  -1.374  42.554 0.0000000000
76931  24.987  -0.242  41.295 0.0000000000
37881  24.902  -0.946  41.392 0.0000000000
39485  34.883  0.395  32.879 0.0000000000
45964  47.044  10.523  21.783 0.0000000000
41664  38.473  4.442  31.541 0.0000000000
41671  37.403  4.696  30.533 0.0000000000
34932  20.566  -3.878  43.952 0.0000000000
34111  25.154  -4.062  48.314 0.0000000000
34123  25.524  -4.373  47.763 0.0000000000
34124  24.807  -4.427  47.844 0.0000000000
33397  24.578  -4.809  47.388 0.0000000000
32707  23.955  -6.722  46.010 0.0000000000
45292  39.617  9.863  25.097 0.0000000000
36312  23.273  -1.678  49.667 0.0000000000
45229  38.159  9.652  30.528 0.0000000000
45925  35.658  10.049  28.186 0.0000000000
45268  35.892  10.363  27.392 0.0000000000
36337  19.455  -1.667  48.756 0.0000000000
73712  18.008  -1.915  49.786 0.0000000000
35567  12.489  -1.870  52.492 0.0000000000
80055  12.723  -3.079  51.513 0.0000000000
34864  11.739  -3.931  50.759 0.0000000000
37880  32.134  -0.378  40.516 0.0000000000
38649  30.562  0.209  39.274 0.0000000000
36417  25.603  -2.114  43.005 0.0000000000
37979  33.140  -0.456  34.077 0.0000000000
45960  47.055  10.537  22.535 0.0000000000
43873  34.402  7.530  29.011 0.0000000000
41683  32.285  4.966  29.721 0.0000000000
43858  37.664  7.656  29.879 0.0000000000
79693  26.237  -4.235  47.542 0.0000000000
38680  29.596  0.320  35.966 0.0000000000
45276  43.696  9.056  26.410 0.0000000000
44599  42.497  8.881  26.001 0.0000000000
70328  43.836  8.824  25.643 0.0000000000
44614  44.769  8.842  24.558 0.0000000000
84616  44.910  8.780  23.982 0.0000000000
72111  45.328  8.728  23.338 0.0000000000
34873  22.228  -3.468  48.089 0.0000000000
36314  21.804  -1.074  49.589 0.0000000000
36305  18.628  -0.672  50.484 0.0000000000
39352  28.561  1.581  47.920 0.0000000000
34868  25.525  -3.580  48.620 0.0000000000
34114  23.371  -4.168  48.105 0.0000000000
34126  23.181  -4.726  47.962 0.0000000000
72937  37.475  11.669  27.910 0.0000000000
45945  38.806  11.063  26.132 0.0000000000
45293  38.687  10.166  25.129 0.0000000000
35646  20.596  -3.000  46.334 0.0000000000
36372  19.324  -2.166  45.947 0.0000000000
72112  19.076  -1.905  47.707 0.0000000000
74593  17.092  -2.187  45.997 0.0000000000
70419  16.892  -1.977  46.875 0.0000000000
36319  16.403  -2.016  50.963 0.0000000000
36330  15.997  -2.435  49.995 0.0000000000
35585  14.180  -2.609  51.354 0.0000000000
36351  15.404  -2.591  48.302 0.0000000000
35573  7.653  -3.095  54.001 0.0000000000
34830  6.773  -3.687  54.243 0.0000000000
83881  6.566  -4.358  53.981 0.0000000000
38719  33.948  -0.357  33.903 0.0000000000
38681  28.892  0.740  36.504 0.0000000000
39444  27.349  1.181  37.517 0.0000000000
39445  26.802  1.142  37.877 0.0000000000
39435  26.316  1.048  38.369 0.0000000000
38651  25.914  0.902  38.949 0.0000000000
80384  30.193  0.981  42.926 0.0000000000
38576  28.320  0.725  46.848 0.0000000000
38577  28.903  1.446  46.602 0.0000000000
38582  28.994  1.577  45.623 0.0000000000
39380  29.514  1.928  44.870 0.0000000000
70723  30.151  1.769  43.992 0.0000000000
39409  27.233  1.513  41.746 0.0000000000
39400  26.249  0.939  42.512 0.0000000000
39410  25.935  1.183  41.225 0.0000000000
38632  25.146  0.240  40.823 0.0000000000
40210  35.826  1.741  31.648 0.0000000000
39508  34.951  1.544  31.485 0.0000000000
40221  32.354  2.249  31.015 0.0000000000
44635  45.946  9.018  21.598 0.0000000000
