#!ascii label  , from subject sub-2002 vox2ras=TkReg
1724
27365  24.773  -14.401  48.892 0.5555559993
25167  25.478  -16.442  47.056 0.4444440007
26650  25.210  -15.366  48.022 0.4444440007
26651  24.452  -15.262  48.229 0.5555559993
26637  24.903  -14.867  48.851 0.5555559993
25176  25.492  -16.984  46.399 0.4444440007
26638  24.490  -14.849  49.000 0.5555559993
25908  23.852  -15.708  47.866 0.4444440007
28087  24.754  -13.883  48.800 0.4444440007
28896  24.062  -13.037  49.023 0.4444440007
83545  25.025  -14.129  48.717 0.4444440007
28088  24.178  -13.600  48.994 0.4444440007
27380  25.369  -14.571  48.091 0.5555559993
25160  25.997  -16.398  47.094 0.4444440007
26639  23.727  -15.024  48.869 0.5555559993
27366  23.977  -14.332  49.004 0.5555559993
25915  23.176  -15.878  47.470 0.4444440007
25921  23.447  -16.360  46.723 0.2222220004
82733  22.780  -15.990  47.091 0.1111110002
25922  22.739  -16.127  46.492 0.1111110002
28100  25.348  -13.960  48.134 0.4444440007
25905  26.399  -16.074  47.384 0.4444440007
27379  26.250  -14.784  47.884 0.4444440007
83569  25.770  -14.290  47.847 0.4444440007
26649  26.139  -15.402  47.847 0.4444440007
27367  23.207  -14.367  49.034 0.5555559993
72059  22.909  -15.279  48.256 0.4444440007
26660  27.683  -15.762  46.892 0.4444440007
26661  27.156  -15.137  47.192 0.4444440007
27378  26.820  -14.659  47.573 0.4444440007
28099  26.317  -14.184  47.570 0.4444440007
28895  24.550  -13.395  48.422 0.3333329856
81031  24.133  -12.714  48.619 0.3333329856
25911  27.574  -16.490  46.657 0.3333329856
25912  27.114  -16.194  47.060 0.4444440007
25904  26.735  -15.586  47.599 0.4444440007
25165  27.395  -16.800  46.662 0.3333329856
25166  26.614  -16.707  46.849 0.3333329856
28904  25.096  -13.433  47.547 0.3333329856
28905  24.344  -12.835  47.878 0.3333329856
78936  26.912  -17.122  46.352 0.2222220004
82562  26.468  -17.299  45.962 0.2222220004
26640  22.965  -14.797  48.838 0.5555559993
26662  22.440  -15.627  47.592 0.2222220004
70936  28.558  -13.968  47.008 0.4444440007
28109  27.942  -13.475  47.050 0.5555559993
27391  28.337  -14.425  46.451 0.3333329856
72951  27.959  -14.834  47.011 0.4444440007
27392  27.600  -14.380  47.043 0.4444440007
80608  27.072  -14.092  47.208 0.4444440007
84767  27.346  -13.159  47.030 0.4444440007
26669  28.229  -15.182  46.193 0.3333329856
71326  26.911  -13.654  47.154 0.5555559993
75417  27.987  -16.105  46.255 0.3333329856
25164  27.781  -16.738  46.304 0.3333329856
25185  27.451  -17.230  45.409 0.2222220004
25174  27.465  -17.071  46.084 0.2222220004
28110  25.996  -13.619  47.204 0.3333329856
71400  23.983  -12.068  48.426 0.2222220004
28108  28.961  -13.265  47.115 0.4444440007
27390  29.069  -13.882  46.949 0.3333329856
28916  27.712  -12.465  47.028 0.5555559993
27402  28.909  -14.474  46.081 0.3333329856
28917  26.673  -12.970  46.727 0.5555559993
26685  29.087  -15.224  45.037 0.2222220004
26678  28.890  -15.268  45.579 0.2222220004
78431  28.062  -16.458  45.812 0.2222220004
25935  28.787  -15.855  45.160 0.1111110002
25184  27.914  -16.836  45.724 0.2222220004
26686  28.878  -15.721  44.446 0.1111110002
28915  28.517  -12.632  47.106 0.5555559993
28121  29.157  -13.276  46.623 0.3333329856
82986  29.046  -12.832  47.040 0.3333329856
28120  29.579  -12.994  45.953 0.3333329856
30486  27.123  -10.970  46.962 0.4444440007
29726  26.993  -11.994  46.797 0.5555559993
73049  29.391  -13.778  45.386 0.1111110002
81498  29.255  -13.860  46.147 0.2222220004
27413  29.211  -14.583  45.559 0.2222220004
28130  29.407  -12.837  44.961 0.1111110002
27425  29.222  -14.497  44.813 0.1111110002
28141  29.241  -13.701  44.426 0.1111110002
26692  29.077  -15.082  44.343 0.1111110002
25943  28.467  -16.175  43.813 0.1111110002
27436  29.087  -14.480  43.926 0.1111110002
26693  28.812  -15.336  43.552 0.1111110002
25956  27.492  -16.396  42.520 0.1111110002
25957  26.691  -16.827  42.185 0.1111110002
29725  27.661  -11.320  47.142 0.6666669846
28914  29.009  -12.259  47.065 0.4444440007
29724  28.460  -11.607  47.065 0.5555559993
29714  28.109  -10.809  47.402 0.6666669846
28930  29.194  -12.490  46.421 0.4444440007
29737  29.301  -11.624  46.472 0.5555559993
29723  29.212  -11.238  47.061 0.4444440007
30477  27.693  -10.309  47.378 0.6666669846
28929  29.735  -11.988  45.927 0.4444440007
29722  29.974  -10.854  47.033 0.4444440007
29749  30.010  -11.149  45.377 0.3333329856
28942  29.599  -11.983  45.098 0.3333329856
26694  28.240  -15.938  42.940 0.1111110002
26704  27.845  -15.611  42.213 0.1111110002
30485  28.708  -10.696  47.166 0.6666669846
30484  29.426  -10.447  47.140 0.5555559993
30490  30.142  -10.224  46.485 0.3333329856
29736  30.024  -11.066  46.323 0.4444440007
71259  30.321  -10.319  44.987 0.3333329856
30475  28.945  -10.096  47.651 0.6666669846
30476  28.296  -10.173  47.556 0.6666669846
31199  28.035  -9.646  47.634 0.7777780294
31204  29.400  -9.554  47.229 0.5555559993
31198  28.633  -9.411  47.839 0.7777780294
30483  30.017  -10.101  47.087 0.5555559993
31203  30.224  -9.188  47.082 0.5555559993
31971  28.120  -9.052  47.638 0.6666669846
30498  30.377  -10.351  45.773 0.3333329856
31211  30.260  -9.552  46.617 0.4444440007
81913  30.588  -9.919  44.709 0.4444440007
30497  30.740  -9.621  45.170 0.4444440007
78254  30.651  -9.511  46.108 0.4444440007
82956  29.624  -8.962  47.175 0.6666669846
79955  29.206  -8.843  47.423 0.7777780294
31210  30.813  -9.094  46.992 0.6666669846
31970  28.639  -8.606  47.624 0.6666669846
82963  31.177  -8.986  45.550 0.5555559993
31224  31.345  -8.792  44.699 0.5555559993
31969  29.159  -8.223  47.550 0.7777780294
31977  30.967  -8.490  47.096 0.6666669846
79823  29.915  -8.342  47.269 0.6666669846
32689  29.475  -7.650  47.533 0.6666669846
32690  28.866  -7.943  47.442 0.7777780294
31984  31.242  -8.554  46.351 0.5555559993
31217  31.658  -8.290  45.371 0.5555559993
32696  31.239  -7.547  47.065 0.6666669846
33403  30.800  -6.813  47.069 0.6666669846
31976  31.748  -7.877  46.997 0.6666669846
32688  30.267  -7.475  47.241 0.6666669846
79786  30.208  -6.977  47.212 0.6666669846
33393  30.123  -6.594  47.147 0.5555559993
31993  31.924  -7.815  46.001 0.5555559993
73910  32.066  -8.029  44.540 0.5555559993
31992  32.287  -7.604  45.089 0.5555559993
32717  33.086  -7.003  44.937 0.5555559993
33402  31.589  -6.699  46.997 0.7777780294
32695  31.995  -7.125  47.059 0.6666669846
32705  32.141  -7.212  46.242 0.6666669846
32718  32.421  -7.286  45.581 0.6666669846
32002  32.946  -7.461  44.267 0.5555559993
77860  31.877  -5.930  47.002 0.7777780294
73698  31.315  -6.236  47.030 0.7777780294
34142  31.432  -5.581  47.034 0.6666669846
33401  32.172  -6.304  46.905 0.6666669846
34143  30.712  -6.030  47.046 0.6666669846
33414  32.358  -6.526  46.289 0.6666669846
32716  33.923  -6.551  44.614 0.6666669846
32704  32.791  -6.798  45.714 0.6666669846
32001  33.815  -6.980  44.188 0.6666669846
85090  32.059  -5.382  46.961 0.6666669846
34140  32.598  -5.605  47.059 0.6666669846
34894  31.720  -4.889  46.966 0.6666669846
81647  32.749  -6.059  46.722 0.7777780294
33434  35.313  -6.224  44.202 0.7777780294
33413  33.147  -6.187  46.055 0.7777780294
32715  34.662  -6.358  44.517 0.7777780294
32703  33.469  -6.446  45.315 0.6666669846
71896  33.237  -4.633  46.106 0.8888890147
34893  32.987  -5.049  46.918 0.8888890147
34141  32.481  -4.916  47.004 0.8888890147
84085  33.206  -5.211  46.103 0.8888890147
34164  34.036  -5.684  45.217 0.8888890147
34156  33.517  -5.716  45.889 0.8888890147
34157  33.040  -5.680  46.565 0.7777780294
32729  35.878  -6.760  44.002 0.7777780294
33426  34.116  -6.176  45.017 0.7777780294
33412  33.685  -6.083  45.545 0.7777780294
32738  36.148  -7.105  43.484 0.6666669846
35642  33.246  -3.939  46.096 0.7777780294
35643  32.537  -3.783  46.250 0.6666669846
34906  32.819  -4.447  46.800 0.8888890147
34917  34.336  -4.503  45.052 0.8888890147
35641  34.011  -4.044  45.767 0.8888890147
79834  36.595  -5.844  43.939 0.7777780294
33433  36.017  -6.120  44.080 0.8888890147
34162  35.537  -5.777  44.508 0.7777780294
34163  34.850  -5.873  44.812 0.8888890147
76526  34.558  -5.102  44.985 0.8888890147
34905  33.823  -4.974  45.574 0.8888890147
32728  36.675  -6.610  43.766 0.7777780294
32737  36.835  -7.036  43.298 0.6666669846
32012  36.557  -7.249  42.779 0.6666669846
36368  33.084  -3.241  45.844 0.7777780294
36367  33.649  -3.516  45.676 0.7777780294
34172  36.035  -5.283  44.241 0.8888890147
34915  35.777  -4.470  44.644 0.8888890147
34916  35.241  -4.288  44.933 0.8888890147
79447  34.231  -3.480  45.051 0.8888890147
35650  35.199  -3.724  44.880 0.8888890147
32736  37.324  -6.693  43.031 0.7777780294
36377  33.566  -3.011  45.343 0.6666669846
34171  36.755  -5.068  43.883 0.8888890147
34929  36.266  -4.412  44.095 0.8888890147
76833  35.309  -3.230  44.140 0.8888890147
77292  34.851  -3.282  44.529 0.7777780294
36391  34.079  -2.938  44.696 0.6666669846
33444  37.073  -5.733  43.310 0.8888890147
35649  35.788  -3.935  44.732 0.8888890147
34940  37.100  -4.819  43.255 0.8888890147
36410  34.670  -2.928  43.998 0.5555559993
35660  36.136  -3.726  44.065 0.8888890147
70462  35.851  -3.393  43.863 0.8888890147
36409  35.431  -3.077  43.572 0.7777780294
74683  34.852  -2.842  43.167 0.5555559993
34180  37.875  -5.229  42.912 0.8888890147
33443  37.836  -6.076  42.926 0.8888890147
74723  38.073  -5.794  42.357 0.8888890147
33457  38.013  -6.532  42.381 0.7777780294
34928  36.903  -4.363  43.850 0.7777780294
35659  36.842  -3.866  43.826 0.8888890147
74680  35.773  -2.800  42.027 0.5555559993
36424  34.980  -2.758  42.336 0.4444440007
34939  37.681  -4.267  43.032 0.8888890147
81348  37.086  -4.166  43.358 0.7777780294
36389  36.569  -3.554  43.575 0.8888890147
36423  35.630  -2.952  42.841 0.7777780294
84017  34.389  -2.640  41.895 0.2222220004
77811  38.512  -5.970  41.975 0.6666669846
32747  38.283  -6.602  41.605 0.6666669846
71207  35.015  -2.691  41.392 0.3333329856
35673  37.157  -3.653  43.073 0.7777780294
36408  36.185  -3.237  43.268 0.6666669846
34191  38.282  -5.189  42.136 0.8888890147
34190  39.010  -5.278  41.769 0.7777780294
33480  39.020  -6.038  40.574 0.6666669846
34197  39.236  -5.351  40.963 0.7777780294
34203  39.401  -5.414  40.253 0.6666669846
34206  39.514  -5.532  39.605 0.5555559993
71373  35.927  -2.697  41.191 0.2222220004
35672  38.019  -3.528  42.713 0.8888890147
36407  36.921  -3.273  42.851 0.7777780294
36422  36.439  -2.976  42.531 0.7777780294
36446  35.377  -2.646  40.545 0.1111110002
34950  38.147  -4.366  42.323 0.8888890147
36406  37.767  -3.068  42.623 0.8888890147
34949  39.018  -4.529  42.018 0.8888890147
34954  39.248  -4.521  41.166 0.7777780294
34196  39.655  -4.690  40.594 0.7777780294
78885  39.206  -5.993  39.991 0.5555559993
33490  39.186  -6.156  39.483 0.4444440007
34202  39.818  -4.813  39.869 0.6666669846
33498  39.130  -6.128  38.842 0.2222220004
33507  38.992  -5.952  38.119 0.2222220004
34208  39.475  -5.424  38.538 0.3333329856
34211  38.716  -5.579  37.395 0.2222220004
34214  39.003  -4.802  37.191 0.2222220004
34982  39.228  -4.234  36.542 0.2222220004
34983  38.674  -4.284  36.019 0.2222220004
35010  38.978  -4.291  34.201 0.2222220004
73821  36.588  -2.754  41.784 0.3333329856
71357  35.653  -2.600  39.802 0.2222220004
36445  36.285  -2.601  40.364 0.2222220004
35682  38.616  -3.639  42.072 0.8888890147
76612  38.508  -2.993  42.086 0.8888890147
36420  38.147  -2.723  42.056 0.7777780294
36421  37.402  -2.838  42.230 0.7777780294
35685  39.255  -3.635  41.430 0.8888890147
34960  40.290  -4.172  39.487 0.6666669846
74876  40.321  -4.113  38.646 0.5555559993
34205  39.882  -4.966  39.038 0.5555559993
34964  39.903  -4.580  38.152 0.3333329856
34969  39.643  -4.320  37.307 0.3333329856
34981  40.371  -3.839  36.815 0.3333329856
83553  39.803  -3.993  36.687 0.2222220004
34998  39.374  -4.019  35.641 0.2222220004
36444  37.025  -2.500  39.854 0.4444440007
84585  36.640  -2.628  41.084 0.4444440007
36435  37.330  -2.604  41.426 0.5555559993
35680  39.732  -2.756  41.943 0.8888890147
36419  39.265  -2.637  42.029 0.7777780294
37161  38.908  -2.359  41.828 0.7777780294
36434  38.139  -2.508  41.683 0.6666669846
36433  40.219  -2.356  41.265 0.8888890147
34953  40.034  -3.911  41.012 0.8888890147
35684  40.179  -3.083  41.236 0.8888890147
34957  40.232  -4.072  40.340 0.7777780294
35690  40.754  -3.324  40.897 0.8888890147
34968  40.232  -4.049  37.574 0.3333329856
70822  37.145  -2.523  40.623 0.4444440007
80995  37.639  -2.396  40.158 0.4444440007
37160  39.623  -2.224  41.670 0.8888890147
36432  41.004  -2.465  41.056 0.8888890147
35689  41.062  -2.907  40.501 0.8888890147
34956  40.767  -3.478  40.052 0.8888890147
34959  40.789  -3.532  39.114 0.6666669846
34963  40.974  -3.517  38.192 0.6666669846
34962  41.529  -3.367  37.550 0.5555559993
34966  41.781  -3.514  36.885 0.5555559993
34965  42.592  -3.472  36.629 0.5555559993
34967  40.920  -3.661  37.349 0.4444440007
37170  38.766  -2.171  41.357 0.7777780294
37181  38.069  -2.346  40.891 0.6666669846
37169  39.438  -1.930  41.248 0.8888890147
36443  41.252  -2.413  40.206 0.7777780294
35698  41.327  -3.087  38.798 0.7777780294
35697  41.812  -2.975  38.104 0.7777780294
80690  42.307  -2.369  38.355 0.7777780294
35705  42.226  -3.184  37.305 0.6666669846
35704  42.914  -3.108  37.039 0.5555559993
35714  44.132  -3.286  36.176 0.4444440007
73742  38.376  -2.140  40.056 0.5555559993
37180  39.000  -1.905  40.764 0.5555559993
37168  40.173  -1.800  41.106 0.8888890147
37167  40.893  -1.835  41.042 0.8888890147
77656  41.109  -2.150  40.652 0.8888890147
35694  41.351  -2.897  39.688 0.7777780294
36455  41.991  -2.289  39.674 0.7777780294
35693  41.871  -2.549  38.953 0.7777780294
35696  42.636  -2.738  37.732 0.7777780294
36479  43.072  -2.572  37.333 0.6666669846
35703  43.702  -2.976  36.868 0.5555559993
36498  44.200  -2.541  36.342 0.6666669846
37179  39.943  -1.538  40.614 0.7777780294
37178  40.669  -1.390  40.658 0.8888890147
36467  42.587  -2.036  39.008 0.7777780294
75500  42.997  -2.098  38.332 0.7777780294
37210  43.227  -1.857  37.404 0.6666669846
37199  43.148  -1.347  38.114 0.7777780294
36478  43.769  -2.398  37.035 0.7777780294
37209  43.683  -1.122  37.478 0.7777780294
75953  44.056  -1.795  36.989 0.8888890147
75663  45.014  -2.477  36.008 0.7777780294
37177  41.083  -1.474  40.348 0.8888890147
36442  41.630  -1.874  40.076 0.7777780294
37176  41.810  -1.025  39.728 0.8888890147
37189  42.191  -1.663  39.303 0.7777780294
37188  43.030  -1.574  38.903 0.8888890147
37894  43.065  -0.969  38.722 0.8888890147
82776  42.560  -0.978  39.082 0.8888890147
37883  41.058  -1.096  39.890 0.8888890147
37895  42.283  -0.532  39.037 0.7777780294
37896  41.681  -0.754  39.140 0.6666669846
28886  23.590  -12.462  49.613 0.4444440007
28089  23.460  -13.662  49.112 0.4444440007
29727  24.056  -12.177  47.387 0.2222220004
27357  22.768  -13.725  49.655 0.5555559993
30478  23.731  -11.345  48.956 0.2222220004
74788  25.951  -16.746  46.709 0.4444440007
25906  25.718  -15.982  47.678 0.4444440007
28073  23.669  -13.025  49.620 0.4444440007
25930  22.580  -16.106  45.614 0.1111110002
29708  23.845  -12.190  49.081 0.3333329856
26648  26.629  -15.171  47.783 0.4444440007
25175  26.246  -17.086  46.358 0.4444440007
83755  27.154  -15.654  47.150 0.4444440007
24468  26.926  -17.356  45.747 0.2222220004
24477  26.319  -17.505  45.437 0.2222220004
28918  25.664  -13.078  46.736 0.4444440007
29715  23.769  -11.192  48.267 0.2222220004
25920  28.471  -15.944  45.676 0.2222220004
83392  29.593  -12.438  45.532 0.2222220004
82976  30.608  -7.973  47.150 0.6666669846
73992  29.754  -7.059  47.392 0.6666669846
70200  30.965  -5.238  46.999 0.6666669846
35651  34.561  -3.980  45.044 0.8888890147
78981  35.277  -5.146  44.623 0.8888890147
36390  35.586  -3.566  44.508 0.8888890147
32749  37.031  -7.186  42.741 0.6666669846
79588  37.903  -7.100  41.841 0.6666669846
33469  38.791  -5.987  41.323 0.7777780294
79385  39.485  -5.673  39.106 0.3333329856
33499  38.630  -6.674  38.517 0.2222220004
34210  39.292  -5.113  37.807 0.3333329856
34215  38.425  -4.964  36.655 0.2222220004
34999  38.607  -4.176  35.181 0.2222220004
70529  39.605  -4.149  34.763 0.2222220004
77399  38.054  -4.326  34.482 0.2222220004
35681  39.111  -3.026  41.985 0.7777780294
76982  40.444  -3.985  37.983 0.4444440007
34980  41.302  -3.723  36.462 0.3333329856
34977  43.740  -3.728  35.695 0.4444440007
35715  43.431  -3.389  36.478 0.5555559993
37198  43.184  -0.604  37.914 0.7777780294
37921  43.619  -0.282  37.171 0.8888890147
72862  42.792  -0.111  38.288 0.8888890147
28074  23.125  -13.205  49.749 0.4444440007
27368  22.451  -14.289  49.085 0.4444440007
83735  4.657  -11.953  55.012 0.1111110002
28040  4.732  -13.292  54.928 0.1111110002
29680  5.279  -11.593  55.042 0.1111110002
28039  5.516  -13.268  54.941 0.1111110002
28859  5.227  -12.513  54.987 0.1111110002
29681  4.598  -11.240  55.023 0.1111110002
84981  5.618  -14.004  52.988 0.1111110002
28855  10.245  -12.701  54.994 0.1111110002
27318  5.876  -13.435  54.636 0.1111110002
28858  6.118  -12.652  55.028 0.1111110002
27340  6.392  -13.618  53.315 0.1111110002
27330  6.088  -13.598  54.099 0.1111110002
29675  5.973  -11.268  55.300 0.1111110002
27348  6.867  -13.421  52.674 0.1111110002
27331  5.282  -13.929  54.265 0.1111110002
28063  6.745  -13.372  52.026 0.1111110002
27349  6.111  -13.706  52.523 0.1111110002
27341  5.479  -14.016  53.637 0.1111110002
28069  7.449  -13.172  51.539 0.1111110002
28070  6.568  -13.206  51.251 0.1111110002
31205  27.705  -9.532  47.427 0.5555559993
31206  27.201  -10.070  47.078 0.4444440007
29677  10.464  -11.591  54.528 0.2222220004
73034  10.225  -12.211  54.948 0.1111110002
28856  9.363  -12.495  55.002 0.1111110002
75547  6.738  -13.080  54.753 0.1111110002
28038  6.220  -13.120  54.872 0.1111110002
28853  6.005  -11.958  55.311 0.1111110002
29674  6.656  -11.647  55.552 0.1111110002
80193  6.616  -13.296  54.446 0.1111110002
30432  10.554  -10.714  54.150 0.3333329856
27329  7.113  -13.316  53.950 0.1111110002
31154  6.742  -10.358  55.125 0.1111110002
30431  5.966  -10.605  55.221 0.1111110002
28068  8.317  -13.272  51.700 0.1111110002
27339  7.398  -13.321  53.142 0.1111110002
80838  8.094  -13.143  51.104 0.1111110002
81467  27.323  -9.390  47.105 0.4444440007
30491  26.602  -10.644  46.456 0.2222220004
30492  25.950  -11.298  45.798 0.2222220004
29678  9.732  -11.394  54.793 0.2222220004
28035  9.430  -13.017  54.885 0.1111110002
28037  7.609  -12.861  55.000 0.1111110002
28032  6.870  -12.761  55.024 0.1111110002
30430  6.624  -11.021  55.502 0.1111110002
27317  7.354  -13.127  54.588 0.1111110002
30440  11.078  -10.390  53.817 0.3333329856
80562  7.855  -13.173  54.231 0.1111110002
31167  11.403  -9.474  54.139 0.3333329856
27338  8.939  -13.280  53.420 0.1111110002
27328  8.599  -13.209  54.163 0.1111110002
72773  8.029  -13.224  53.640 0.1111110002
28061  8.528  -13.320  52.289 0.1111110002
28062  7.645  -13.279  52.333 0.1111110002
28067  9.213  -13.514  51.839 0.1111110002
28081  9.009  -13.502  51.010 0.1111110002
31979  27.747  -8.842  47.293 0.4444440007
32674  20.526  -7.278  51.652 0.2222220004
31212  26.738  -9.556  46.407 0.2222220004
33371  20.798  -6.988  50.899 0.2222220004
30499  26.064  -10.320  45.795 0.1111110002
28850  8.183  -12.069  55.486 0.1111110002
29673  7.722  -11.720  55.797 0.1111110002
30429  7.932  -10.965  55.734 0.1111110002
31156  10.602  -9.799  54.353 0.3333329856
30433  9.948  -10.524  54.621 0.3333329856
28031  8.032  -12.566  55.139 0.1111110002
28851  7.484  -12.349  55.506 0.1111110002
73150  7.210  -11.928  55.754 0.1111110002
77048  7.260  -11.399  55.713 0.1111110002
31153  7.642  -10.399  55.288 0.1111110002
28056  8.280  -13.265  52.913 0.1111110002
33348  19.552  -7.246  52.765 0.2222220004
33361  19.156  -6.701  52.399 0.2222220004
31978  28.332  -8.394  47.383 0.6666669846
33360  19.838  -6.956  52.019 0.3333329856
34090  19.421  -6.343  51.617 0.2222220004
33372  20.114  -6.644  51.243 0.2222220004
33380  20.985  -6.785  50.053 0.2222220004
30500  25.477  -10.978  45.153 0.1111110002
29670  9.307  -10.612  55.043 0.2222220004
30428  8.654  -10.626  55.394 0.1111110002
82260  8.283  -10.378  55.386 0.1111110002
31152  8.722  -9.965  55.184 0.1111110002
28849  8.865  -11.942  55.361 0.1111110002
29672  8.375  -11.421  55.634 0.1111110002
76867  11.222  -9.011  54.859 0.3333329856
31935  11.909  -8.631  54.781 0.3333329856
32643  12.256  -8.175  54.361 0.3333329856
33343  12.190  -7.052  54.019 0.1111110002
33342  12.932  -6.920  53.928 0.1111110002
33356  12.520  -6.824  53.286 0.1111110002
33365  13.772  -6.703  52.747 0.1111110002
31980  27.231  -8.987  46.882 0.4444440007
33364  14.665  -6.560  52.796 0.1111110002
34083  15.072  -6.172  51.986 0.1111110002
33395  29.211  -7.255  47.281 0.6666669846
34092  17.354  -5.639  51.664 0.1111110002
33381  20.352  -6.361  50.434 0.2222220004
81916  24.478  -11.778  45.175 0.1111110002
32684  21.574  -7.358  49.600 0.1111110002
29760  24.044  -11.578  44.677 0.1111110002
30501  23.354  -11.341  44.959 0.1111110002
30502  22.760  -10.715  45.334 0.1111110002
32691  21.880  -7.725  48.776 0.1111110002
31974  22.042  -8.037  48.110 0.1111110002
31150  9.572  -10.062  54.876 0.2222220004
31151  9.144  -10.026  55.054 0.1111110002
31157  9.723  -9.523  54.796 0.2222220004
31925  9.936  -8.750  54.830 0.2222220004
31158  9.269  -9.459  54.808 0.1111110002
32636  10.616  -8.155  55.057 0.1111110002
32645  10.588  -7.622  54.829 0.1111110002
32644  11.439  -7.607  54.399 0.1111110002
33344  11.148  -7.143  54.071 0.1111110002
76319  13.026  -6.774  52.696 0.1111110002
31218  26.196  -9.562  45.570 0.2222220004
29750  25.186  -11.734  45.341 0.1111110002
29752  23.901  -11.730  45.454 0.1111110002
34081  16.792  -5.906  52.309 0.1111110002
34091  18.186  -5.858  51.906 0.1111110002
77594  23.325  -11.259  45.849 0.1111110002
30493  22.897  -10.397  46.263 0.1111110002
31214  22.549  -9.593  46.641 0.1111110002
72925  18.849  -5.750  51.161 0.1111110002
34099  19.667  -6.031  50.804 0.1111110002
34100  19.220  -5.613  50.344 0.1111110002
31215  21.929  -9.153  46.111 0.1111110002
74526  21.358  -7.184  48.718 0.1111110002
31220  22.314  -9.911  45.731 0.1111110002
31982  21.833  -8.152  47.347 0.1111110002
31926  9.426  -8.862  54.627 0.1111110002
32637  10.003  -8.142  54.812 0.1111110002
33357  11.634  -6.925  53.439 0.1111110002
32697  28.662  -7.709  47.218 0.6666669846
34082  15.954  -5.968  52.143 0.1111110002
79718  29.256  -6.706  47.027 0.4444440007
31987  22.240  -8.822  46.968 0.1111110002
32685  20.997  -6.712  49.169 0.1111110002
32698  28.091  -8.090  47.093 0.4444440007
31986  27.033  -8.782  46.347 0.2222220004
34102  17.030  -5.271  50.743 0.1111110002
34093  16.443  -5.622  51.405 0.1111110002
69943  29.852  -5.796  46.665 0.4444440007
31995  26.662  -8.826  45.555 0.2222220004
70539  17.966  -5.356  51.010 0.1111110002
31985  27.543  -8.462  46.697 0.4444440007
34101  18.527  -5.244  50.291 0.1111110002
32706  27.942  -7.814  46.330 0.4444440007
31994  27.326  -8.251  45.906 0.2222220004
31226  26.042  -9.223  44.848 0.1111110002
32004  27.156  -8.114  45.003 0.2222220004
34116  19.858  -5.816  49.975 0.1111110002
32720  27.750  -7.590  45.413 0.2222220004
32005  26.535  -8.547  44.537 0.1111110002
31227  25.483  -9.668  44.149 0.1111110002
31208  22.826  -9.298  47.494 0.1111110002
32006  25.943  -8.936  43.986 0.1111110002
33388  20.489  -6.220  49.612 0.1111110002
73473  27.557  -7.436  44.409 0.1111110002
73713  26.989  -8.000  44.196 0.1111110002
70163  27.654  -6.973  43.559 0.1111110002
32660  10.353  -7.507  53.899 0.1111110002
34094  15.540  -5.802  51.180 0.1111110002
70213  28.896  -7.139  47.081 0.5555559993
84666  30.164  -5.367  46.619 0.4444440007
82224  29.625  -6.311  46.929 0.5555559993
31219  25.692  -10.034  45.033 0.1111110002
34918  30.276  -4.470  45.874 0.3333329856
77549  28.498  -7.419  46.809 0.3333329856
30508  25.101  -10.598  44.429 0.1111110002
32719  28.427  -7.049  45.880 0.4444440007
33427  28.129  -6.950  44.931 0.2222220004
31981  22.465  -8.597  47.827 0.1111110002
83536  28.008  -6.821  44.223 0.1111110002
70202  28.437  -6.382  44.481 0.1111110002
80079  28.174  -6.382  43.721 0.1111110002
33445  27.736  -6.419  42.888 0.1111110002
70223  29.894  -5.192  46.116 0.3333329856
79707  29.365  -6.254  46.606 0.4444440007
29759  24.788  -11.362  44.755 0.1111110002
70128  28.896  -6.768  46.644 0.3333329856
33389  19.978  -5.749  49.110 0.1111110002
35653  30.612  -3.711  45.577 0.2222220004
36380  30.974  -3.012  45.313 0.2222220004
70134  29.025  -6.228  45.863 0.3333329856
32692  21.416  -7.506  47.899 0.1111110002
74415  20.504  -6.255  48.853 0.1111110002
30509  24.317  -11.028  43.984 0.1111110002
70175  28.589  -6.479  45.196 0.2222220004
69945  28.630  -5.803  44.009 0.1111110002
70234  28.259  -5.780  43.190 0.1111110002
34117  19.162  -5.283  49.498 0.1111110002
36395  30.710  -2.752  44.546 0.2222220004
36394  31.587  -2.630  44.878 0.3333329856
69944  29.513  -5.781  46.196 0.2222220004
32693  20.808  -6.745  48.227 0.1111110002
70132  28.942  -5.831  44.882 0.1111110002
70478  29.051  -5.180  44.296 0.1111110002
74263  31.223  -2.418  44.007 0.3333329856
70087  29.412  -5.510  45.552 0.3333329856
73068  32.090  -2.411  44.118 0.2222220004
36413  31.751  -2.323  43.347 0.2222220004
69946  29.354  -5.218  44.917 0.1111110002
74681  33.179  -2.496  42.680 0.1111110002
36426  32.325  -2.376  42.655 0.1111110002
35661  30.300  -3.339  44.899 0.1111110002
71205  33.234  -2.546  41.206 0.1111110002
74679  32.820  -2.449  41.959 0.1111110002
70201  29.989  -4.115  45.148 0.1111110002
79645  29.733  -4.852  45.359 0.2222220004
36412  32.627  -2.429  43.405 0.1111110002
36425  33.658  -2.554  41.923 0.1111110002
36448  33.682  -2.583  40.526 0.1111110002
70658  34.129  -2.585  39.922 0.1111110002
76161  32.106  -2.343  41.998 0.1111110002
36460  34.481  -2.571  39.319 0.1111110002
36461  33.817  -2.558  39.332 0.1111110002
36436  32.373  -2.450  41.283 0.1111110002
36459  35.198  -2.586  39.268 0.1111110002
36449  32.730  -2.528  40.403 0.1111110002
70657  34.794  -2.566  38.693 0.1111110002
71597  35.534  -2.563  38.643 0.1111110002
36469  36.380  -2.551  38.645 0.1111110002
81004  37.128  -2.491  38.365 0.3333329856
37897  41.043  -0.852  39.240 0.5555559993
37911  39.961  -1.253  38.305 0.5555559993
37191  38.597  -1.942  39.115 0.4444440007
36456  37.756  -2.316  38.629 0.4444440007
37898  40.345  -1.180  39.211 0.5555559993
37200  39.150  -1.621  38.449 0.4444440007
70656  34.034  -2.560  38.731 0.1111110002
37201  38.470  -1.934  38.126 0.4444440007
37190  39.553  -1.511  39.159 0.4444440007
38644  41.560  -0.352  38.515 0.6666669846
84860  42.735  -0.383  39.007 0.7777780294
38643  42.011  -0.151  38.552 0.6666669846
37226  44.428  -1.777  36.152 0.7777780294
37225  45.041  -1.734  35.483 0.7777780294
36511  46.039  -2.686  34.539 0.6666669846
37202  37.639  -2.292  37.687 0.3333329856
37910  40.814  -0.780  38.541 0.5555559993
40904  44.748  3.619  34.012 0.6666669846
40180  44.673  2.317  34.443 0.6666669846
82311  43.629  0.630  34.523 0.6666669846
81774  43.474  -0.033  34.961 0.6666669846
37251  45.749  -2.111  33.663 0.5555559993
41636  44.556  4.290  33.159 0.5555559993
75833  45.544  -1.863  34.499 0.5555559993
42364  44.394  5.015  33.038 0.6666669846
43068  44.214  5.655  32.947 0.3333329856
41660  46.778  4.341  30.834 0.4444440007
41652  46.206  5.065  31.328 0.5555559993
79309  45.768  5.615  31.773 0.3333329856
42370  45.285  5.698  32.228 0.6666669846
43076  44.154  6.348  32.919 0.3333329856
43077  43.846  6.097  32.987 0.3333329856
43074  45.255  6.493  32.540 0.5555559993
43832  45.075  7.273  32.806 0.5555559993
43834  43.990  6.943  32.887 0.3333329856
42378  43.379  6.205  32.556 0.3333329856
36468  36.707  -2.516  37.809 0.1111110002
70967  35.870  -2.560  37.969 0.1111110002
70654  35.111  -2.552  38.070 0.1111110002
38642  42.395  -0.065  38.555 0.6666669846
72506  44.054  -0.997  36.628 0.7777780294
80928  44.838  3.040  34.834 0.6666669846
73581  44.403  2.209  35.171 0.6666669846
39467  44.309  1.515  34.984 0.6666669846
73540  44.075  -1.060  35.289 0.6666669846
37974  44.708  -1.460  34.846 0.5555559993
37962  43.771  -0.395  35.500 0.7777780294
37961  44.491  -1.222  35.507 0.6666669846
84022  45.212  -1.665  34.996 0.5555559993
37235  45.648  -1.979  34.785 0.6666669846
37244  45.911  -2.297  34.154 0.5555559993
42358  44.245  4.650  33.748 0.5555559993
42365  44.210  5.113  33.706 0.3333329856
43088  47.040  5.866  31.016 0.3333329856
43081  45.854  6.393  32.090 0.2222220004
43838  45.630  7.211  32.289 0.4444440007
43069  43.911  5.431  33.315 0.3333329856
41654  43.096  5.124  32.734 0.2222220004
41678  48.018  4.124  29.493 0.3333329856
43844  46.998  6.632  31.053 0.2222220004
43845  46.119  7.037  31.647 0.3333329856
43840  44.377  7.857  32.749 0.3333329856
43082  42.811  6.135  32.019 0.1111110002
41655  42.576  4.871  32.266 0.1111110002
41662  42.034  4.720  31.729 0.1111110002
82856  41.341  3.396  31.695 0.1111110002
42387  42.044  6.331  31.064 0.1111110002
42381  42.379  5.593  31.730 0.1111110002
42382  41.774  5.335  31.158 0.1111110002
83870  41.896  0.056  38.196 0.6666669846
37922  43.152  0.164  37.588 0.7777780294
40171  44.173  2.359  35.676 0.7777780294
39454  44.142  1.683  35.997 0.7777780294
38695  43.978  0.599  35.534 0.7777780294
73354  44.592  3.692  34.694 0.5555559993
40897  44.256  3.340  35.173 0.5555559993
41630  44.148  4.013  34.783 0.4444440007
41631  43.934  4.283  34.599 0.3333329856
75950  44.438  4.172  34.193 0.5555559993
42359  43.945  4.443  34.200 0.5555559993
41637  43.636  4.464  34.103 0.3333329856
42386  47.100  5.257  30.257 0.3333329856
43097  47.010  6.155  30.781 0.2222220004
77305  43.721  5.012  33.738 0.3333329856
41645  42.767  4.235  32.927 0.1111110002
40924  42.306  3.614  32.781 0.1111110002
40205  42.062  2.970  33.041 0.1111110002
41668  48.016  4.568  29.806 0.3333329856
44552  45.317  8.237  31.883 0.4444440007
44553  44.641  8.479  31.808 0.2222220004
43841  43.727  7.462  32.363 0.2222220004
43099  42.563  7.392  31.031 0.1111110002
40932  42.209  4.116  32.285 0.1111110002
40925  41.758  3.344  32.304 0.1111110002
40207  40.827  2.117  32.290 0.1111110002
43851  46.378  7.194  30.880 0.4444440007
43852  45.939  7.706  30.865 0.4444440007
44559  44.355  8.255  31.017 0.1111110002
44554  43.894  8.228  31.349 0.1111110002
43854  43.139  8.018  30.775 0.1111110002
40236  47.702  3.582  28.491 0.3333329856
43868  43.117  7.881  30.022 0.1111110002
43855  42.473  7.664  30.143 0.1111110002
74711  43.544  7.530  29.504 0.1111110002
38655  41.253  -0.292  37.914 0.4444440007
38654  42.220  0.478  37.956 0.6666669846
40890  43.901  2.793  36.012 0.7777780294
40163  44.055  2.182  36.602 0.7777780294
39447  44.151  1.706  36.963 0.7777780294
79509  44.125  0.835  36.566 0.7777780294
79918  44.533  -1.231  35.989 0.7777780294
40898  43.830  3.467  35.226 0.6666669846
38675  44.005  0.050  36.070 0.7777780294
37940  44.114  -0.656  36.098 0.7777780294
40905  43.557  3.754  34.588 0.3333329856
40914  43.145  3.940  33.746 0.2222220004
39470  40.849  0.914  34.210 0.2222220004
40906  42.929  3.176  34.180 0.1111110002
40194  42.349  2.701  33.793 0.1111110002
39480  41.314  1.570  33.807 0.2222220004
40195  41.703  2.277  33.422 0.1111110002
42413  47.987  4.712  29.191 0.3333329856
42394  47.675  5.042  29.718 0.2222220004
43105  47.048  5.837  30.211 0.3333329856
43853  44.897  7.772  30.512 0.2222220004
44560  43.652  8.105  30.692 0.1111110002
41694  48.012  4.257  28.607 0.3333329856
43866  45.469  7.108  30.036 0.3333329856
44569  43.952  7.916  30.215 0.2222220004
40965  48.028  3.869  28.130 0.3333329856
43867  44.458  7.213  29.597 0.2222220004
37923  40.534  -0.772  37.673 0.5555559993
36481  36.128  -2.536  37.207 0.1111110002
40164  43.421  2.366  36.611 0.7777780294
38664  43.958  0.787  37.100 0.7777780294
40891  43.240  2.568  36.060 0.5555559993
40899  43.024  2.788  34.929 0.4444440007
71163  44.077  -0.020  36.757 0.7777780294
40182  41.952  2.036  34.221 0.2222220004
42395  46.944  5.422  29.468 0.3333329856
43106  46.815  6.189  30.043 0.3333329856
43107  45.867  6.322  29.642 0.3333329856
43865  46.447  6.930  30.419 0.2222220004
43108  45.111  6.564  29.364 0.2222220004
40976  47.626  3.635  27.746 0.3333329856
40282  46.843  3.508  26.688 0.3333329856
40987  46.309  3.433  26.144 0.3333329856
43884  43.870  7.051  28.969 0.1111110002
40269  46.870  3.433  27.377 0.3333329856
40997  45.635  3.345  25.514 0.3333329856
43125  44.542  6.417  28.724 0.1111110002
40996  46.526  3.616  25.395 0.3333329856
74996  41.850  0.376  37.895 0.5555559993
40153  42.565  2.130  37.707 0.7777780294
39428  42.917  1.732  37.824 0.7777780294
38653  42.628  0.630  38.008 0.7777780294
40882  42.880  2.492  36.884 0.7777780294
40157  43.124  2.286  37.392 0.7777780294
38665  43.217  1.016  37.477 0.7777780294
39469  41.474  1.378  34.648 0.4444440007
38696  40.930  0.608  35.071 0.4444440007
79438  42.688  2.387  35.482 0.4444440007
40181  42.575  2.502  34.651 0.2222220004
42414  47.680  5.021  28.919 0.3333329856
43123  46.217  5.663  29.163 0.2222220004
42430  48.007  4.855  28.276 0.3333329856
42415  46.846  5.256  28.582 0.1111110002
43124  45.407  5.986  28.886 0.2222220004
42416  45.977  5.474  28.307 0.2222220004
40986  47.546  3.708  26.951 0.3333329856
43144  45.088  5.714  28.116 0.1111110002
37211  39.247  -1.509  37.579 0.4444440007
40159  42.310  2.002  37.347 0.7777780294
39430  42.261  1.374  37.635 0.7777780294
40158  42.611  2.320  37.220 0.7777780294
39448  41.946  1.427  36.604 0.6666669846
38676  41.245  0.581  35.967 0.5555559993
38677  40.780  -0.094  36.335 0.5555559993
40165  42.425  2.201  36.937 0.6666669846
39455  42.342  2.003  36.074 0.6666669846
39456  41.677  1.302  35.559 0.4444440007
38697  40.658  0.076  35.663 0.3333329856
40172  42.764  2.402  36.397 0.6666669846
39468  42.206  1.895  35.101 0.3333329856
42431  47.694  5.112  27.914 0.3333329856
41703  47.958  4.421  27.727 0.3333329856
42432  46.840  5.303  27.627 0.3333329856
37924  39.950  -1.133  37.432 0.5555559993
81319  41.531  0.230  37.437 0.5555559993
38666  41.411  0.427  36.740 0.4444440007
43183  48.053  6.148  24.241 0.2222220004
39439  41.933  1.015  37.243 0.5555559993
38667  40.963  -0.256  37.114 0.4444440007
43194  48.047  6.320  23.323 0.3333329856
29679  9.544  -12.066  55.019 0.1111110002
28048  9.040  -13.115  54.641 0.1111110002
27316  8.174  -13.077  54.676 0.1111110002
31924  11.283  -8.376  55.012 0.3333329856
28857  8.706  -12.501  55.020 0.1111110002
28036  8.498  -12.926  54.881 0.1111110002
72380  10.520  -9.013  54.951 0.2222220004
81697  11.209  -7.958  55.011 0.2222220004
34084  14.045  -6.482  51.680 0.1111110002
40995  47.396  3.967  25.291 0.3333329856
79203  47.876  4.178  25.826 0.3333329856
70869  47.249  3.762  26.109 0.3333329856
40985  47.967  4.065  26.507 0.3333329856
40975  48.000  3.908  27.283 0.3333329856
41717  47.990  4.526  26.858 0.3333329856
29676  5.272  -10.830  55.202 0.1111110002
28852  6.722  -12.206  55.269 0.1111110002
80177  7.251  -10.844  55.525 0.1111110002
30439  11.609  -9.991  53.393 0.3333329856
78507  10.026  -9.737  54.776 0.3333329856
79251  12.158  -9.159  53.924 0.3333329856
29671  9.057  -11.338  55.268 0.1111110002
31923  11.769  -8.065  55.045 0.3333329856
79568  12.033  -7.747  54.298 0.1111110002
37975  43.611  -0.820  34.843 0.5555559993
37987  44.037  -1.442  34.166 0.5555559993
78326  44.767  3.627  32.924 0.5555559993
41643  44.961  4.317  32.305 0.5555559993
42371  44.824  4.989  32.479 0.5555559993
42380  47.026  5.023  30.845 0.4444440007
43089  46.448  6.126  31.531 0.4444440007
74734  44.693  6.494  32.801 0.5555559993
43833  44.570  7.216  32.933 0.3333329856
42372  43.616  5.436  33.183 0.3333329856
85197  42.825  5.565  32.271 0.3333329856
44546  46.020  8.031  32.007 0.4444440007
43839  45.234  7.828  32.396 0.4444440007
41644  43.131  4.512  33.260 0.2222220004
43846  46.031  7.908  31.601 0.4444440007
44547  44.770  8.386  32.482 0.3333329856
43090  43.045  6.959  31.859 0.1111110002
43091  42.545  6.474  31.561 0.1111110002
40933  41.671  3.978  31.738 0.1111110002
42366  43.931  4.822  34.078 0.3333329856
43098  46.998  6.560  30.760 0.2222220004
40915  42.604  3.439  33.406 0.1111110002
40206  41.466  2.543  32.657 0.1111110002
44558  45.273  8.200  31.318 0.4444440007
44548  44.165  8.246  32.122 0.1111110002
43847  43.387  7.875  31.582 0.1111110002
40214  41.177  2.801  31.943 0.1111110002
43100  41.882  7.068  30.302 0.1111110002
40156  43.904  2.090  37.085 0.7777780294
39438  43.540  1.670  37.252 0.7777780294
84279  46.737  3.788  24.772 0.3333329856
39429  42.486  1.409  37.775 0.7777780294
75828  48.012  5.036  27.339 0.3333329856
37941  40.278  -0.751  36.757 0.5555559993
71961  29.217  -12.941  43.982 0.1111110002
28952  29.389  -12.152  44.314 0.2222220004
78530  29.167  -12.278  43.536 0.1111110002
28961  28.946  -12.974  43.184 0.1111110002
28970  28.494  -12.839  42.450 0.1111110002
28951  29.741  -11.426  44.529 0.2222220004
83345  30.075  -10.797  44.639 0.2222220004
29767  29.909  -10.849  43.989 0.2222220004
29768  29.470  -11.540  43.765 0.2222220004
30518  29.579  -10.852  43.148 0.1111110002
28969  29.127  -11.692  43.047 0.1111110002
29774  28.571  -11.929  42.425 0.1111110002
30507  30.381  -10.181  44.288 0.2222220004
30517  30.162  -10.200  43.533 0.1111110002
30532  28.974  -11.137  42.503 0.1111110002
31225  30.843  -9.518  44.412 0.3333329856
31235  30.698  -9.590  43.721 0.3333329856
70461  30.437  -9.647  43.127 0.2222220004
30530  29.914  -10.037  42.809 0.2222220004
31234  31.278  -8.959  43.865 0.3333329856
31244  31.005  -9.028  43.018 0.2222220004
32031  30.881  -8.805  42.104 0.2222220004
32003  31.934  -8.368  43.986 0.3333329856
32017  31.819  -8.512  43.273 0.3333329856
32030  31.626  -8.471  42.457 0.2222220004
71444  32.572  -7.943  43.979 0.4444440007
32016  32.570  -8.060  43.432 0.4444440007
82048  35.344  -7.016  43.826 0.6666669846
32029  32.413  -8.110  42.679 0.2222220004
70427  35.034  -7.325  42.904 0.4444440007
32751  32.920  -7.770  42.080 0.2222220004
70831  35.099  -7.438  42.201 0.3333329856
84875  35.144  -6.627  44.050 0.6666669846
32015  33.214  -7.648  43.604 0.4444440007
81893  33.722  -7.267  43.781 0.5555559993
79282  34.601  -6.773  44.121 0.5555559993
32014  34.606  -7.140  43.689 0.5555559993
32027  34.304  -7.453  42.544 0.4444440007
32770  38.774  -6.677  40.058 0.5555559993
71208  33.795  -2.703  44.130 0.5555559993
80441  34.198  -2.720  43.497 0.4444440007
37884  40.524  -1.211  39.829 0.6666669846
37192  37.722  -2.352  39.464 0.3333329856
36457  37.072  -2.515  39.068 0.3333329856
77204  39.253  -1.698  39.968 0.5555559993
78536  39.961  -1.399  39.834 0.3333329856
36512  45.372  -2.596  35.167 0.6666669846
35720  46.012  -3.311  34.808 0.4444440007
42433  45.843  5.459  27.425 0.1111110002
42452  46.696  5.470  26.710 0.1111110002
43158  47.383  5.703  25.984 0.1111110002
43171  47.785  6.038  25.381 0.1111110002
42466  48.008  5.646  25.817 0.1111110002
43170  48.024  5.966  25.070 0.1111110002
43184  47.696  6.286  24.635 0.1111110002
84669  47.857  6.453  23.914 0.1111110002
47806  46.702  13.774  18.395 0.1111110002
32739  35.442  -7.190  43.405 0.5555559993
32028  33.330  -7.732  42.833 0.2222220004
70768  34.023  -7.370  43.229 0.4444440007
36497  45.006  -2.965  36.022 0.5555559993
34978  42.949  -3.772  35.933 0.4444440007
37977  40.245  -0.175  35.056 0.2222220004
80741  28.878  -12.353  42.923 0.1111110002
30531  29.365  -10.454  42.360 0.1111110002
32750  33.771  -7.520  42.072 0.3333329856
74682  34.119  -2.650  42.700 0.1111110002
35721  45.197  -3.429  35.159 0.4444440007
31178  17.007  -8.528  51.946 0.2222220004
31186  16.551  -9.000  51.227 0.3333329856
31177  18.014  -8.459  51.996 0.2222220004
31194  16.066  -9.276  50.420 0.2222220004
31196  14.413  -9.845  50.439 0.2222220004
31954  18.811  -8.344  52.393 0.2222220004
81624  18.653  -8.692  51.884 0.2222220004
31176  19.246  -8.928  51.821 0.2222220004
31184  18.501  -9.073  51.361 0.2222220004
31193  17.064  -9.208  50.476 0.1111110002
30447  19.227  -9.425  51.260 0.2222220004
31192  17.998  -9.338  50.628 0.1111110002
30457  18.847  -9.645  50.751 0.2222220004
30464  18.424  -9.814  50.199 0.1111110002
30463  19.216  -10.366  50.288 0.1111110002
31956  16.522  -8.142  52.590 0.3333329856
31179  16.018  -8.661  51.949 0.3333329856
31955  17.376  -8.076  52.593 0.3333329856
31943  18.199  -7.858  52.818 0.2222220004
30446  19.872  -9.543  51.516 0.2222220004
30456  19.571  -9.992  50.948 0.2222220004
28881  20.003  -11.329  50.318 0.2222220004
82693  19.938  -10.638  50.728 0.2222220004
31944  17.111  -7.635  52.961 0.3333329856
31187  15.517  -9.109  51.168 0.3333329856
31953  19.452  -8.362  52.157 0.1111110002
31175  20.123  -9.083  51.994 0.2222220004
30444  20.781  -9.377  51.779 0.2222220004
75811  20.946  -10.577  51.039 0.1111110002
30455  20.326  -10.216  51.101 0.2222220004
28889  21.058  -12.374  50.300 0.2222220004
29698  20.650  -11.122  50.843 0.2222220004
28890  20.426  -12.212  50.110 0.2222220004
32655  17.895  -7.414  53.004 0.2222220004
32654  18.703  -7.420  52.981 0.2222220004
32653  19.358  -7.495  52.929 0.2222220004
33349  18.967  -6.986  52.988 0.2222220004
82817  20.004  -8.400  52.058 0.1111110002
78077  20.258  -8.057  52.082 0.2222220004
79893  21.222  -9.664  51.183 0.1111110002
31952  20.685  -8.804  52.013 0.1111110002
77764  20.859  -10.008  51.367 0.1111110002
29697  21.490  -11.138  51.015 0.1111110002
28879  21.337  -11.772  50.788 0.2222220004
28076  21.535  -13.067  50.008 0.2222220004
27369  21.693  -14.212  49.144 0.2222220004
25168  24.836  -16.565  46.889 0.3333329856
25178  24.198  -16.585  46.725 0.3333329856
31945  16.053  -7.800  52.949 0.3333329856
31957  15.561  -8.333  52.581 0.3333329856
33351  17.321  -7.026  53.041 0.2222220004
70508  14.921  -8.919  51.978 0.3333329856
30454  21.538  -10.314  51.021 0.1111110002
31183  21.817  -9.584  51.026 0.1111110002
31174  21.387  -9.042  51.669 0.1111110002
28878  21.944  -11.541  50.760 0.2222220004
28888  21.810  -12.376  50.130 0.2222220004
27358  22.067  -13.683  49.722 0.4444440007
26641  22.218  -14.760  48.684 0.4444440007
25907  24.853  -15.993  47.616 0.3333329856
25913  24.311  -16.227  47.275 0.3333329856
25914  23.793  -16.186  47.226 0.3333329856
32657  15.544  -7.336  52.957 0.3333329856
32656  16.470  -7.191  53.120 0.2222220004
80187  22.006  -10.975  50.911 0.2222220004
78912  22.384  -9.392  50.738 0.3333329856
83282  22.491  -12.542  49.997 0.3333329856
28075  22.449  -13.105  50.010 0.3333329856
70849  26.462  -11.633  46.349 0.2222220004
30462  22.523  -11.079  50.062 0.3333329856
30453  22.337  -10.158  50.508 0.3333329856
29703  22.467  -11.931  50.051 0.3333329856
31963  22.982  -9.103  50.089 0.2222220004
32759  34.974  -7.434  40.999 0.2222220004
78564  23.186  -11.097  49.677 0.3333329856
30461  23.100  -10.353  49.978 0.3333329856
28887  23.141  -12.638  49.958 0.3333329856
29702  23.099  -11.829  49.743 0.3333329856
30470  23.318  -9.827  49.650 0.3333329856
28931  26.134  -12.480  46.355 0.2222220004
28919  24.756  -12.872  46.993 0.1111110002
29738  25.543  -12.173  45.924 0.1111110002
28932  25.366  -12.640  46.415 0.1111110002
29739  24.622  -12.423  46.430 0.2222220004
32043  35.604  -7.610  41.421 0.1111110002
29701  23.467  -11.616  49.374 0.3333329856
32013  35.906  -7.299  42.832 0.3333329856
32025  36.382  -7.444  42.107 0.2222220004
32026  35.752  -7.458  42.155 0.2222220004
71803  30.023  -6.156  47.017 0.5555559993
70226  30.361  -5.570  46.918 0.5555559993
35633  31.003  -4.121  46.320 0.3333329856
34907  30.529  -4.925  46.621 0.2222220004
35652  31.219  -3.449  45.856 0.3333329856
35632  31.608  -4.287  46.804 0.5555559993
79788  31.152  -4.669  46.916 0.5555559993
36369  32.334  -3.064  45.896 0.5555559993
35644  31.797  -3.635  46.333 0.4444440007
82524  32.171  -2.757  45.399 0.3333329856
36379  31.669  -2.971  45.690 0.3333329856
36393  32.485  -2.578  44.814 0.3333329856
32748  37.434  -7.118  42.271 0.6666669846
32024  36.907  -7.416  42.134 0.4444440007
35631  32.249  -4.311  46.940 0.5555559993
71377  32.969  -2.507  44.144 0.3333329856
32757  38.492  -6.657  40.863 0.4444440007
84707  41.007  0.383  23.563 0.1111110002
39596  42.231  1.305  21.448 0.1111110002
39519  42.473  1.176  30.358 0.2222220004
38759  41.881  0.597  30.945 0.2222220004
38752  41.423  -0.218  31.379 0.2222220004
39532  42.005  1.201  29.659 0.2222220004
38773  41.077  0.534  29.814 0.2222220004
71681  41.659  1.918  26.954 0.1111110002
39546  41.213  1.279  28.345 0.2222220004
38789  40.664  0.608  28.947 0.2222220004
39568  41.819  2.104  26.136 0.1111110002
39569  41.122  1.644  26.529 0.1111110002
39590  41.798  1.616  23.189 0.1111110002
39591  41.154  1.055  23.643 0.1111110002
39579  40.320  0.929  25.590 0.1111110002
39593  42.010  1.446  22.284 0.1111110002
38853  42.452  1.042  20.684 0.1111110002
38727  43.086  0.313  33.681 0.4444440007
37976  43.201  -0.260  34.330 0.4444440007
76904  43.285  -0.994  34.157 0.4444440007
39479  43.593  1.165  33.087 0.4444440007
37988  42.813  -0.716  33.608 0.4444440007
39490  43.607  1.262  32.240 0.4444440007
38728  42.550  -0.226  33.179 0.4444440007
37254  43.404  -1.365  33.448 0.4444440007
85028  45.079  -1.861  32.578 0.4444440007
39503  43.583  1.388  31.388 0.4444440007
38739  42.877  0.557  32.844 0.3333329856
76819  45.192  2.053  30.480 0.3333329856
38750  42.802  0.787  31.998 0.3333329856
39530  44.780  2.001  29.842 0.2222220004
72595  43.958  1.723  29.980 0.2222220004
40272  44.319  2.694  27.437 0.1111110002
40254  43.912  2.279  28.280 0.2222220004
77587  43.243  1.905  28.754 0.2222220004
40285  43.536  2.619  26.757 0.1111110002
40286  42.573  2.293  27.029 0.1111110002
72013  43.870  2.896  24.859 0.1111110002
40293  43.192  2.665  25.303 0.1111110002
40307  43.310  2.650  23.468 0.2222220004
40308  42.455  2.257  23.762 0.1111110002
36458  36.367  -2.559  39.489 0.1111110002
40193  44.639  2.279  33.558 0.4444440007
39478  43.714  1.125  33.788 0.4444440007
72790  44.248  1.703  33.309 0.4444440007
37252  45.092  -1.804  33.976 0.4444440007
39488  44.958  2.029  31.853 0.4444440007
39489  44.304  1.709  32.486 0.4444440007
37253  44.571  -1.710  33.306 0.4444440007
37266  45.482  -1.980  33.085 0.4444440007
35726  46.996  -3.271  33.656 0.3333329856
81922  46.454  -2.681  32.457 0.3333329856
35731  47.049  -3.564  32.877 0.3333329856
71076  45.136  1.995  31.098 0.4444440007
40239  45.307  2.365  29.432 0.2222220004
71948  44.762  2.620  28.187 0.1111110002
84335  44.923  2.810  27.709 0.1111110002
40292  44.146  2.930  25.554 0.2222220004
40284  44.465  2.907  26.438 0.2222220004
40300  44.047  2.971  24.139 0.2222220004
34994  43.317  -4.076  35.207 0.3333329856
77188  44.241  1.627  34.137 0.4444440007
34992  45.009  -3.947  34.854 0.3333329856
34993  44.207  -4.024  35.044 0.3333329856
71407  44.809  2.622  32.902 0.4444440007
35004  45.616  -4.286  34.142 0.3333329856
36523  46.359  -2.898  33.827 0.4444440007
35727  46.357  -3.346  34.088 0.3333329856
40203  45.080  2.559  31.979 0.4444440007
40204  44.704  2.145  32.686 0.4444440007
39516  45.583  2.398  30.463 0.4444440007
40213  45.351  2.379  31.124 0.4444440007
39515  46.046  2.627  30.015 0.3333329856
71770  46.619  3.145  29.069 0.3333329856
40238  46.006  2.714  29.464 0.3333329856
40252  46.049  3.021  28.567 0.2222220004
40271  45.392  2.898  28.022 0.1111110002
40270  46.078  3.179  27.725 0.2222220004
35722  44.704  -3.536  35.656 0.3333329856
40192  44.880  2.950  33.700 0.4444440007
40923  45.115  3.686  32.049 0.4444440007
82422  45.777  2.737  30.571 0.4444440007
40202  45.654  3.007  31.075 0.4444440007
40922  45.577  3.677  31.351 0.4444440007
42377  45.318  5.002  31.862 0.4444440007
40212  46.267  3.193  30.399 0.4444440007
75433  50.396  7.971  19.087 0.1111110002
31195  15.104  -9.503  50.393 0.2222220004
31188  14.536  -9.407  51.042 0.3333329856
30467  14.760  -10.031  49.879 0.2222220004
33394  29.634  -6.671  47.143 0.5555559993
36392  33.310  -2.712  44.814 0.4444440007
36378  32.838  -2.827  45.411 0.5555559993
72471  21.971  -15.161  48.120 0.3333329856
32652  19.666  -7.652  52.653 0.2222220004
81712  35.828  -2.571  39.178 0.1111110002
36536  46.175  -2.658  33.364 0.4444440007
41661  45.981  4.206  31.160 0.4444440007
36411  33.487  -2.566  43.433 0.2222220004
31185  17.531  -8.977  51.276 0.1111110002
30465  16.639  -9.516  49.750 0.1111110002
31942  19.118  -7.895  52.887 0.2222220004
31941  19.674  -7.898  52.674 0.2222220004
30445  20.434  -9.608  51.589 0.2222220004
28880  20.719  -11.803  50.555 0.2222220004
33350  18.167  -6.859  53.063 0.2222220004
31951  21.147  -8.441  51.859 0.1111110002
31946  15.001  -8.054  52.995 0.3333329856
31950  21.661  -8.641  51.540 0.1111110002
30452  22.873  -9.558  50.274 0.3333329856
38820  40.675  0.570  24.257 0.1111110002
38833  41.427  0.631  22.739 0.1111110002
79313  41.194  -0.197  23.292 0.1111110002
38120  42.570  0.200  20.752 0.1111110002
38841  42.154  0.585  21.321 0.1111110002
39518  43.386  1.475  30.535 0.2222220004
38772  41.720  0.773  30.290 0.2222220004
39504  42.682  1.043  31.164 0.2222220004
38760  41.177  0.123  30.648 0.2222220004
38751  42.016  0.330  31.723 0.3333329856
39531  43.058  1.606  29.605 0.2222220004
39533  41.441  1.093  29.104 0.2222220004
38774  40.390  -0.081  29.522 0.2222220004
39560  41.932  1.797  27.729 0.2222220004
39561  40.895  1.404  27.350 0.1111110002
39545  42.276  1.597  28.738 0.2222220004
38790  40.010  0.059  28.688 0.2222220004
78286  42.838  2.513  26.127 0.1111110002
75974  41.483  1.857  25.050 0.1111110002
39578  40.916  1.506  25.770 0.1111110002
39570  40.338  1.040  26.451 0.1111110002
39584  41.691  1.778  24.106 0.1111110002
39585  41.051  1.321  24.373 0.1111110002
74097  40.256  0.446  25.070 0.1111110002
39586  40.608  1.158  24.952 0.1111110002
76840  41.867  0.800  21.915 0.1111110002
39502  44.428  1.726  31.658 0.4444440007
37255  42.667  -1.171  33.060 0.4444440007
37267  44.199  -1.689  32.581 0.4444440007
39517  44.424  1.761  30.731 0.4444440007
38740  42.142  -0.167  32.538 0.3333329856
39529  45.578  2.291  30.021 0.2222220004
39544  43.966  1.935  29.221 0.2222220004
40273  43.443  2.419  27.487 0.1111110002
39559  42.902  2.087  27.990 0.2222220004
40240  44.690  2.288  28.947 0.1111110002
72271  43.628  2.747  26.040 0.1111110002
40301  43.204  2.651  24.371 0.1111110002
40294  42.328  2.347  25.459 0.1111110002
40302  42.369  2.321  24.674 0.1111110002
40312  42.542  2.166  22.807 0.1111110002
36545  46.793  -2.846  32.902 0.4444440007
37265  46.102  -2.398  32.891 0.4444440007
35002  46.973  -3.806  33.741 0.3333329856
35014  46.978  -4.370  33.077 0.3333329856
36553  46.886  -3.179  32.245 0.2222220004
40253  45.369  2.649  28.767 0.1111110002
70522  45.245  2.995  27.215 0.2222220004
70543  44.983  3.069  32.575 0.4444440007
81569  45.258  3.149  31.784 0.4444440007
74477  46.183  2.846  30.135 0.4444440007
41653  45.464  4.338  31.616 0.4444440007
32040  37.350  -7.501  41.478 0.3333329856
32054  37.542  -7.699  40.723 0.3333329856
32758  38.013  -7.256  41.204 0.3333329856
34379  48.108  -5.250  21.715 0.1111110002
33647  48.357  -6.325  21.899 0.1111110002
35779  47.340  -2.869  25.499 0.1111110002
35788  46.767  -3.266  24.904 0.1111110002
35780  46.763  -3.268  25.797 0.1111110002
35801  47.696  -3.483  22.582 0.1111110002
35802  47.056  -3.450  22.854 0.1111110002
35794  46.711  -3.353  23.701 0.1111110002
35062  46.153  -3.776  26.031 0.1111110002
35092  47.908  -4.315  21.957 0.1111110002
82886  46.208  -3.569  24.390 0.1111110002
35079  46.220  -3.687  25.306 0.1111110002
32771  38.152  -7.329  40.457 0.3333329856
35770  46.594  -3.079  26.407 0.1111110002
35793  47.496  -3.073  23.492 0.1111110002
35771  45.882  -3.666  26.514 0.1111110002
35063  45.575  -4.513  26.421 0.1111110002
35761  46.293  -2.684  26.770 0.1111110002
79875  44.594  -3.369  26.998 0.1111110002
35763  43.626  -3.599  27.660 0.1111110002
36595  47.045  -2.385  26.817 0.1111110002
35762  45.427  -3.474  26.750 0.1111110002
35787  47.383  -2.920  24.503 0.1111110002
35057  44.660  -4.305  27.493 0.1111110002
35050  45.300  -5.175  28.149 0.1111110002
35042  44.681  -4.711  28.921 0.1111110002
36581  46.760  -2.093  26.960 0.1111110002
35056  45.370  -4.718  27.050 0.1111110002
35792  48.184  -2.949  23.163 0.1111110002
35753  43.314  -3.442  28.528 0.1111110002
36562  44.101  -2.640  30.429 0.1111110002
36582  45.759  -2.417  26.823 0.1111110002
35752  44.109  -4.255  28.415 0.1111110002
35740  44.368  -3.609  30.033 0.1111110002
35744  44.848  -4.523  29.665 0.1111110002
37330  45.569  -1.929  26.708 0.1111110002
35034  45.846  -4.952  30.181 0.1111110002
73534  42.861  -1.567  31.959 0.1111110002
37286  43.881  -1.756  31.697 0.1111110002
36574  42.613  -2.521  28.455 0.1111110002
36566  43.000  -2.728  29.196 0.1111110002
36563  43.233  -2.297  30.017 0.1111110002
36557  43.725  -1.998  30.820 0.1111110002
36556  44.640  -2.187  31.136 0.2222220004
83155  42.891  -3.084  27.847 0.1111110002
36583  44.437  -2.572  26.773 0.1111110002
37320  42.004  -1.929  28.093 0.1111110002
36561  45.066  -2.933  30.817 0.1111110002
36560  46.079  -3.310  31.245 0.2222220004
36585  42.565  -2.424  27.614 0.1111110002
35739  45.419  -3.958  30.514 0.1111110002
77250  46.592  -4.330  30.991 0.1111110002
37268  43.104  -1.493  32.615 0.2222220004
37300  42.829  -1.790  30.707 0.1111110002
36554  46.374  -2.860  31.891 0.2222220004
37301  41.788  -1.718  29.845 0.1111110002
37312  41.891  -1.849  28.969 0.1111110002
35736  46.889  -3.638  31.660 0.2222220004
37302  41.037  -1.264  30.298 0.1111110002
37303  40.543  -1.140  29.602 0.1111110002
37334  41.325  -1.562  27.608 0.1111110002
73796  41.586  -1.546  26.872 0.1111110002
37322  40.432  -1.206  28.888 0.1111110002
37335  40.470  -1.183  27.958 0.1111110002
38043  39.924  -0.610  27.400 0.1111110002
37989  42.343  -0.807  32.879 0.2222220004
37270  41.730  -1.150  31.925 0.1111110002
37289  41.463  -1.193  31.248 0.1111110002
34239  46.852  -4.906  32.302 0.2222220004
34240  46.439  -4.851  32.901 0.1111110002
38013  41.045  -0.699  30.826 0.1111110002
38014  40.551  -0.743  29.971 0.1111110002
38027  40.183  -0.644  29.229 0.1111110002
38802  39.709  0.100  27.706 0.1111110002
34228  45.878  -4.701  33.415 0.2222220004
34229  45.104  -4.756  33.544 0.1111110002
38004  41.694  -0.457  31.988 0.2222220004
34256  44.931  -5.625  32.432 0.1111110002
77693  44.330  -5.224  32.919 0.1111110002
34258  42.536  -5.104  32.422 0.1111110002
34246  41.041  -4.773  32.843 0.1111110002
34260  40.236  -4.757  32.395 0.1111110002
34259  41.711  -4.988  32.181 0.1111110002
74626  40.872  -4.898  31.973 0.1111110002
70530  40.025  -3.891  36.078 0.2222220004
80391  40.182  -4.044  35.285 0.2222220004
35009  40.499  -4.334  34.527 0.2222220004
34991  46.143  -3.899  34.176 0.2222220004
35005  44.633  -4.374  34.285 0.1111110002
34230  44.199  -4.787  33.606 0.1111110002
34243  43.639  -5.008  33.118 0.1111110002
34244  42.659  -4.810  33.233 0.1111110002
35015  40.768  -4.587  33.740 0.1111110002
34245  41.675  -4.681  33.543 0.1111110002
70889  40.834  -3.864  35.956 0.2222220004
82966  40.531  -3.969  35.605 0.2222220004
34997  41.033  -4.176  35.176 0.2222220004
70393  41.956  -4.316  34.927 0.1111110002
35008  41.373  -4.474  34.358 0.2222220004
84763  45.718  -3.762  34.715 0.2222220004
34231  43.234  -4.647  33.900 0.1111110002
34232  42.294  -4.569  34.140 0.1111110002
40224  46.818  3.262  29.986 0.3333329856
70494  46.724  3.102  29.724 0.2222220004
34979  42.138  -3.768  36.148 0.2222220004
34995  42.479  -4.073  35.428 0.1111110002
34996  41.655  -3.995  35.662 0.1111110002
40930  47.105  3.701  30.272 0.2222220004
80751  48.004  3.740  29.666 0.2222220004
40939  48.050  4.002  29.899 0.2222220004
40237  47.360  3.413  29.151 0.2222220004
76553  46.900  3.347  28.303 0.2222220004
41738  46.147  4.334  20.802 0.2222220004
42513  48.784  5.504  19.585 0.2222220004
41669  47.285  4.441  30.315 0.2222220004
41737  46.898  4.575  21.236 0.2222220004
41742  46.625  4.650  20.277 0.2222220004
41748  48.119  5.210  20.076 0.2222220004
42506  48.996  5.445  20.558 0.2222220004
42505  49.553  5.744  20.137 0.2222220004
42504  50.044  6.153  19.865 0.2222220004
42511  50.248  6.301  18.975 0.1111110002
43239  50.468  6.688  19.452 0.2222220004
40951  47.971  3.674  29.078 0.2222220004
70477  46.125  3.297  26.905 0.2222220004
40283  45.452  3.178  26.320 0.1111110002
40291  44.904  3.111  25.745 0.2222220004
40311  43.474  2.676  22.450 0.1111110002
41736  47.976  4.896  21.774 0.2222220004
41018  45.363  3.959  20.824 0.1111110002
40316  42.619  2.035  21.834 0.1111110002
75165  45.360  3.757  21.740 0.1111110002
40310  44.091  3.067  21.814 0.1111110002
40315  43.324  2.525  21.379 0.1111110002
41741  47.544  4.898  20.696 0.2222220004
41740  48.466  5.199  21.137 0.2222220004
81883  49.487  5.826  20.763 0.2222220004
42500  50.060  6.161  20.686 0.2222220004
84858  50.122  6.532  20.350 0.2222220004
43926  49.591  7.569  20.595 0.1111110002
41005  44.775  3.172  24.910 0.1111110002
41004  45.848  3.523  24.598 0.2222220004
41010  44.954  3.273  23.929 0.1111110002
40306  44.183  3.046  23.275 0.1111110002
41733  47.150  4.519  22.172 0.2222220004
41017  46.149  4.151  21.704 0.1111110002
41013  45.748  3.771  22.593 0.1111110002
79582  44.319  3.150  22.572 0.1111110002
78469  44.868  3.449  22.200 0.1111110002
43219  50.109  6.735  20.898 0.1111110002
43220  49.636  6.857  21.152 0.1111110002
43920  49.186  7.166  21.202 0.1111110002
43229  50.233  7.116  20.334 0.1111110002
43919  50.028  7.342  20.944 0.1111110002
44655  50.035  7.669  20.035 0.1111110002
41012  46.557  4.166  22.549 0.2222220004
41014  44.996  3.364  23.039 0.1111110002
41732  48.030  4.868  22.683 0.2222220004
76107  48.127  5.472  22.654 0.2222220004
42502  49.100  5.682  21.375 0.2222220004
42492  49.044  5.790  22.052 0.2222220004
41735  48.609  5.353  22.038 0.2222220004
72702  47.616  6.808  21.611 0.1111110002
43205  49.138  6.545  21.621 0.1111110002
43913  48.668  6.950  21.878 0.1111110002
80950  47.369  4.122  24.547 0.2222220004
41003  46.582  3.851  24.084 0.2222220004
41008  46.544  3.987  23.264 0.2222220004
41009  45.773  3.622  23.591 0.1111110002
43909  48.079  6.700  22.389 0.1111110002
43207  47.340  6.606  22.498 0.1111110002
43206  48.394  6.284  22.266 0.2222220004
42450  48.060  5.205  26.386 0.2222220004
42451  47.781  5.362  26.788 0.1111110002
40994  47.997  4.512  25.143 0.2222220004
41723  48.084  4.577  26.004 0.2222220004
41002  47.314  4.267  23.779 0.2222220004
41726  48.027  4.571  24.280 0.2222220004
42465  48.020  5.250  25.413 0.2222220004
41007  47.344  4.435  23.023 0.2222220004
41728  48.164  5.107  23.994 0.2222220004
41725  48.157  4.942  24.667 0.2222220004
41729  47.993  4.762  23.529 0.2222220004
42484  48.057  5.883  23.723 0.2222220004
41731  48.070  5.330  23.228 0.2222220004
73861  48.167  5.924  22.943 0.2222220004
43195  47.702  6.554  23.253 0.1111110002
42475  48.154  5.568  24.543 0.1111110002
33491  38.748  -6.765  39.269 0.2222220004
38005  41.477  -0.876  31.686 0.1111110002
38761  40.734  -0.218  30.203 0.1111110002
38801  40.315  0.721  28.079 0.1111110002
37284  45.786  -2.252  32.293 0.2222220004
79066  47.055  -4.322  32.356 0.2222220004
35006  43.741  -4.396  34.477 0.2222220004
35003  46.468  -4.321  33.620 0.2222220004
40931  46.223  3.667  30.795 0.3333329856
38038  39.950  -0.634  28.335 0.1111110002
37999  41.840  -0.887  32.285 0.1111110002
77902  47.203  -3.911  31.967 0.1111110002
35769  47.259  -2.717  26.266 0.1111110002
36605  47.858  -2.484  26.018 0.1111110002
35786  48.089  -2.668  24.204 0.1111110002
35778  48.024  -2.537  25.251 0.1111110002
36584  43.212  -2.750  27.179 0.1111110002
35745  43.919  -4.111  29.141 0.1111110002
36565  43.558  -3.197  29.523 0.1111110002
37269  42.255  -1.225  32.414 0.1111110002
37287  43.135  -1.708  31.308 0.1111110002
81351  42.511  -1.888  30.117 0.1111110002
36567  42.557  -2.159  29.427 0.1111110002
36555  45.553  -2.489  31.518 0.2222220004
37285  44.953  -1.946  31.897 0.2222220004
37332  42.946  -2.102  26.905 0.1111110002
37288  42.195  -1.489  31.535 0.1111110002
74969  41.879  -1.587  30.677 0.1111110002
37313  41.031  -1.477  29.413 0.1111110002
37321  41.151  -1.571  28.512 0.1111110002
37333  42.188  -1.858  27.249 0.1111110002
38044  39.676  -0.134  27.111 0.1111110002
34241  45.617  -5.252  32.819 0.2222220004
34242  44.812  -5.141  33.050 0.1111110002
75458  43.256  -5.178  32.635 0.1111110002
80045  41.922  -4.841  32.847 0.1111110002
34247  40.124  -4.632  33.149 0.1111110002
35007  42.842  -4.366  34.700 0.1111110002
40952  47.699  3.553  29.742 0.2222220004
42501  49.532  6.230  21.158 0.2222220004
81194  11.608  -13.679  54.000 0.1111110002
28044  13.749  -13.501  53.955 0.2222220004
70856  13.252  -12.862  53.910 0.2222220004
28046  11.883  -13.296  53.975 0.1111110002
28045  12.859  -13.549  53.998 0.1111110002
72737  11.349  -14.253  53.426 0.1111110002
28033  11.027  -13.019  54.622 0.1111110002
28864  12.368  -12.689  54.008 0.1111110002
28047  11.109  -13.629  53.991 0.1111110002
27326  10.491  -13.481  53.862 0.1111110002
28863  14.012  -13.058  53.716 0.2222220004
28034  10.332  -13.144  54.524 0.1111110002
28865  11.416  -12.598  54.170 0.1111110002
73996  11.109  -12.064  54.547 0.1111110002
28872  12.560  -12.238  53.714 0.1111110002
71507  11.728  -11.985  54.004 0.1111110002
29690  12.820  -11.855  52.839 0.2222220004
72646  14.106  -12.858  53.352 0.2222220004
29686  11.050  -11.333  54.036 0.1111110002
29691  12.262  -11.497  53.159 0.2222220004
83862  12.026  -11.732  53.633 0.2222220004
82182  12.743  -12.049  53.376 0.2222220004
29689  13.611  -12.339  52.628 0.2222220004
30448  12.985  -10.057  51.823 0.2222220004
29685  11.581  -11.083  53.441 0.2222220004
30449  12.418  -10.847  52.420 0.2222220004
30442  12.031  -10.446  52.935 0.2222220004
80828  13.306  -10.775  51.343 0.2222220004
31172  12.565  -9.728  52.623 0.2222220004
31189  13.825  -9.447  51.653 0.2222220004
83751  13.418  -10.044  51.367 0.2222220004
31166  12.219  -9.611  53.202 0.2222220004
31181  13.403  -9.198  52.496 0.2222220004
32642  12.800  -7.589  54.054 0.2222220004
31934  12.615  -8.515  54.076 0.2222220004
31947  13.472  -8.225  53.866 0.2222220004
31171  12.972  -8.858  53.440 0.2222220004
76200  14.141  -8.060  53.262 0.2222220004
31170  14.024  -8.450  53.146 0.2222220004
31180  14.751  -8.512  52.658 0.2222220004
74884  14.173  -8.897  52.394 0.2222220004
31182  22.026  -8.998  51.193 0.2222220004
32665  21.528  -8.170  51.527 0.1111110002
78162  20.891  -7.834  51.862 0.1111110002
32673  21.219  -7.607  51.333 0.1111110002
32659  13.575  -7.529  53.231 0.2222220004
32658  14.564  -7.437  53.001 0.2222220004
32666  20.066  -7.503  52.127 0.1111110002
32679  21.849  -7.955  50.943 0.1111110002
32680  21.429  -7.392  50.544 0.1111110002
34079  18.357  -6.432  52.758 0.1111110002
34075  17.549  -6.475  52.990 0.1111110002
34076  16.787  -6.614  53.006 0.1111110002
33352  15.959  -6.714  53.053 0.1111110002
31964  22.407  -8.441  50.384 0.1111110002
25936  28.498  -16.325  44.693 0.1111110002
25202  27.923  -16.792  44.201 0.1111110002
25203  27.205  -17.264  43.805 0.1111110002
30460  23.415  -10.745  49.417 0.2222220004
31967  22.857  -8.690  49.650 0.1111110002
25928  28.332  -16.402  45.356 0.1111110002
25194  27.365  -17.338  44.684 0.1111110002
25195  26.634  -17.688  44.332 0.1111110002
25179  23.329  -16.575  45.944 0.1111110002
25204  26.381  -17.660  43.510 0.1111110002
25187  23.856  -16.929  45.274 0.1111110002
25937  23.623  -16.849  44.576 0.1111110002
24486  26.844  -17.575  45.074 0.1111110002
24487  26.111  -17.737  44.792 0.1111110002
24494  25.789  -17.906  44.123 0.1111110002
24495  25.121  -17.883  44.078 0.1111110002
81951  24.195  -17.222  44.632 0.1111110002
25205  25.410  -17.896  43.292 0.1111110002
25206  24.640  -17.734  43.414 0.1111110002
25197  24.098  -17.311  43.945 0.1111110002
24470  25.260  -17.332  45.742 0.1111110002
24469  25.903  -17.350  45.877 0.1111110002
76619  24.761  -17.257  45.624 0.1111110002
24479  25.089  -17.539  45.142 0.1111110002
25186  24.562  -17.334  45.080 0.1111110002
24488  25.418  -17.752  44.632 0.1111110002
24489  24.984  -17.680  44.611 0.1111110002
25196  24.664  -17.591  44.285 0.1111110002
83236  24.857  -17.829  42.899 0.1111110002
32041  36.759  -7.653  41.418 0.2222220004
31257  36.579  -7.912  40.771 0.2222220004
81775  36.788  -8.128  40.373 0.1111110002
77555  37.026  -7.887  40.833 0.2222220004
32055  37.175  -8.094  40.270 0.1111110002
31270  36.755  -8.373  39.864 0.1111110002
31283  36.881  -8.515  39.263 0.1111110002
32062  37.694  -7.846  40.054 0.1111110002
32073  37.741  -7.926  39.342 0.1111110002
32063  37.262  -8.259  39.678 0.1111110002
32074  37.305  -8.317  39.100 0.1111110002
32794  37.576  -7.990  38.456 0.1111110002
84831  37.041  -8.490  38.730 0.1111110002
31299  36.848  -8.506  38.126 0.1111110002
32091  36.989  -8.053  36.962 0.1111110002
32793  38.226  -7.368  38.936 0.1111110002
32802  37.777  -7.347  37.664 0.1111110002
32081  37.241  -8.062  37.567 0.1111110002
32807  37.440  -7.451  36.998 0.1111110002
32808  37.013  -7.601  36.425 0.1111110002
33518  36.912  -7.031  35.827 0.1111110002
32821  36.529  -7.904  35.883 0.1111110002
32784  38.253  -7.376  39.708 0.1111110002
33509  37.890  -6.827  37.098 0.1111110002
33517  37.510  -6.677  36.427 0.1111110002
33528  36.605  -6.501  35.253 0.1111110002
33540  36.233  -5.938  34.659 0.1111110002
34234  36.477  -5.068  34.428 0.1111110002
35022  38.712  -4.655  32.750 0.1111110002
70363  37.848  -4.603  32.982 0.1111110002
34248  36.214  -4.890  33.657 0.1111110002
32801  38.116  -7.189  38.256 0.1111110002
33508  38.351  -6.528  37.685 0.1111110002
33527  37.183  -6.069  35.720 0.1111110002
34223  36.796  -5.482  35.101 0.1111110002
83651  37.823  -4.490  35.180 0.1111110002
34222  37.408  -5.059  35.513 0.1111110002
34233  37.216  -4.659  34.702 0.1111110002
70528  37.529  -4.449  33.869 0.1111110002
70364  39.896  -4.452  33.944 0.1111110002
35017  38.398  -4.448  33.607 0.1111110002
35011  36.836  -4.636  34.029 0.1111110002
35016  39.284  -4.541  33.362 0.1111110002
33516  38.129  -6.050  36.899 0.1111110002
34216  37.765  -5.584  36.203 0.1111110002
37942  39.742  -1.049  36.188 0.2222220004
37963  40.253  -0.515  35.888 0.2222220004
74053  39.674  -1.224  36.897 0.2222220004
31960  22.045  -8.524  51.084 0.1111110002
31959  22.552  -8.978  50.683 0.2222220004
71956  21.973  -7.801  50.271 0.1111110002
25177  24.751  -17.000  46.221 0.2222220004
24478  25.656  -17.563  45.249 0.1111110002
25193  27.968  -16.867  45.056 0.1111110002
28854  10.783  -12.547  54.943 0.1111110002
72788  24.119  -16.938  45.976 0.1111110002
28871  13.337  -12.527  53.478 0.2222220004
31284  36.414  -8.553  39.362 0.1111110002
34221  38.050  -4.675  35.846 0.1111110002
29728  23.678  -11.429  47.317 0.1111110002
30479  23.618  -10.472  48.996 0.1111110002
37213  37.947  -1.987  36.572 0.1111110002
37212  38.466  -1.842  37.312 0.1111110002
37227  39.020  -1.504  36.559 0.1111110002
37237  38.583  -1.530  35.741 0.1111110002
37236  39.266  -1.241  35.764 0.1111110002
37964  39.714  -0.805  35.423 0.1111110002
74549  39.595  -0.553  34.664 0.1111110002
38715  39.958  -0.038  34.276 0.1111110002
39491  41.107  1.816  33.029 0.1111110002
83117  40.438  0.350  34.493 0.1111110002
26652  21.446  -14.624  48.576 0.2222220004
38714  40.273  0.511  33.842 0.1111110002
41750  46.351  4.664  19.335 0.1111110002
41756  46.895  4.984  18.610 0.1111110002
41759  47.415  5.266  17.840 0.1111110002
70463  47.361  4.843  16.841 0.1111110002
41764  48.288  5.112  16.475 0.1111110002
41038  47.979  4.263  16.097 0.1111110002
41749  47.200  4.969  19.638 0.1111110002
71412  48.045  5.463  17.239 0.1111110002
41771  51.000  4.594  14.152 0.1111110002
41755  47.858  5.331  18.902 0.1111110002
79037  48.075  5.599  18.023 0.1111110002
42522  48.667  5.875  17.697 0.1111110002
42525  48.770  5.747  16.861 0.1111110002
74207  48.988  5.364  16.201 0.1111110002
42524  49.627  6.030  16.367 0.1111110002
41762  50.258  5.786  15.622 0.1111110002
41766  50.405  5.024  15.053 0.1111110002
42527  50.963  5.211  14.635 0.1111110002
70916  50.964  5.856  14.661 0.1111110002
42528  50.992  5.452  14.058 0.1111110002
42517  48.682  5.727  18.621 0.1111110002
42521  49.425  6.247  17.378 0.1111110002
42516  49.414  6.161  18.324 0.1111110002
42520  50.388  6.567  17.167 0.1111110002
42519  50.552  6.452  16.175 0.1111110002
75776  50.888  5.930  15.262 0.1111110002
43251  51.059  6.291  14.320 0.1111110002
76504  50.990  6.023  13.925 0.1111110002
43260  50.891  6.877  14.038 0.1111110002
42512  49.509  5.868  19.277 0.1111110002
42515  50.242  6.513  18.086 0.1111110002
43244  50.956  6.848  17.097 0.1111110002
43247  50.889  6.684  15.962 0.1111110002
43249  51.013  6.539  15.032 0.1111110002
43953  51.010  7.297  15.570 0.1111110002
83685  51.023  7.138  14.997 0.1111110002
73213  51.013  7.043  14.492 0.1111110002
84167  50.886  5.908  13.632 0.1111110002
43276  50.442  6.674  13.768 0.1111110002
43979  50.379  7.599  13.807 0.1111110002
77432  49.894  7.519  13.673 0.1111110002
43277  49.584  6.936  13.702 0.1111110002
81707  48.943  7.363  13.499 0.1111110002
43245  50.805  6.736  17.917 0.1111110002
43241  51.013  7.001  18.159 0.1111110002
43950  51.005  7.320  16.519 0.1111110002
43948  50.992  7.451  17.453 0.1111110002
74330  50.962  7.835  16.059 0.1111110002
73164  51.014  8.022  15.465 0.1111110002
43955  50.977  7.786  14.791 0.1111110002
43963  50.803  7.831  14.081 0.1111110002
43980  49.794  8.362  13.323 0.1111110002
43279  48.436  7.254  13.438 0.1111110002
44695  50.988  8.548  14.263 0.1111110002
43982  48.065  8.133  12.913 0.1111110002
44704  47.425  8.247  12.740 0.1111110002
44716  47.202  8.661  11.876 0.1111110002
81887  50.629  8.562  13.749 0.1111110002
44702  50.246  8.411  13.552 0.1111110002
43981  49.171  8.205  13.223 0.1111110002
74222  48.520  8.352  12.763 0.1111110002
44715  47.905  8.568  12.191 0.1111110002
81463  50.711  9.127  13.755 0.1111110002
45352  50.339  8.899  13.103 0.1111110002
44703  49.903  8.887  12.709 0.1111110002
44687  51.016  8.616  14.990 0.1111110002
45343  51.002  9.279  14.481 0.1111110002
43998  48.701  8.805  11.751 0.1111110002
43997  49.106  8.937  12.195 0.1111110002
45359  49.945  9.370  12.350 0.1111110002
45353  50.094  9.715  13.133 0.1111110002
73661  50.718  10.039  14.839 0.1111110002
46628  50.487  10.788  15.265 0.1111110002
45999  50.706  9.921  13.974 0.1111110002
45990  50.111  10.712  14.365 0.1111110002
46000  50.093  10.401  13.625 0.1111110002
44714  49.298  9.290  11.910 0.1111110002
47226  49.981  12.098  15.283 0.1111110002
45991  50.105  11.211  13.540 0.1111110002
47232  50.024  12.182  14.433 0.1111110002
75161  50.100  10.656  12.788 0.1111110002
45364  49.692  9.728  11.581 0.1111110002
46645  49.956  10.938  12.009 0.1111110002
46010  50.016  10.146  12.101 0.1111110002
46637  49.209  11.659  12.368 0.1111110002
47235  49.885  12.113  13.620 0.1111110002
47237  49.437  12.133  12.964 0.1111110002
47236  49.108  12.751  13.306 0.1111110002
43242  50.967  6.659  18.648 0.1111110002
41757  46.105  4.561  18.397 0.1111110002
41760  46.655  4.759  17.618 0.1111110002
41763  49.591  5.225  15.645 0.1111110002
43278  49.112  6.308  13.576 0.1111110002
43964  47.850  7.639  13.238 0.1111110002
44726  47.743  8.588  11.290 0.1111110002
43983  46.801  8.000  13.026 0.1111110002
46629  50.082  11.485  14.867 0.1111110002
46626  50.113  11.447  15.692 0.1111110002
81650  50.107  11.608  14.136 0.1111110002
46636  49.815  11.504  12.840 0.1111110002
27324  12.198  -14.102  54.006 0.1111110002
29694  12.998  -11.357  52.003 0.1111110002
29693  13.584  -11.812  51.650 0.1111110002
29706  14.311  -11.655  50.420 0.1111110002
28883  14.218  -12.206  51.291 0.1111110002
30468  14.171  -10.611  50.286 0.1111110002
29699  13.740  -11.263  50.867 0.1111110002
29705  14.605  -10.905  49.712 0.1111110002
28891  19.792  -11.903  49.710 0.1111110002
27381  20.754  -14.364  48.371 0.1111110002
29704  19.226  -11.051  49.664 0.1111110002
27370  20.955  -14.090  49.054 0.1111110002
28091  20.547  -13.424  49.366 0.1111110002
28897  19.613  -12.307  49.121 0.1111110002
33353  15.099  -6.817  52.980 0.1111110002
28077  20.815  -12.940  49.890 0.1111110002
28090  21.257  -13.616  49.608 0.1111110002
28078  20.165  -12.704  49.585 0.1111110002
31245  30.361  -9.408  42.473 0.1111110002
32047  30.667  -8.537  41.286 0.1111110002
31258  36.169  -7.959  40.698 0.1111110002
32046  31.430  -8.261  41.642 0.1111110002
32045  32.178  -8.038  41.934 0.1111110002
32761  33.248  -7.427  41.421 0.1111110002
81509  32.599  -7.672  41.495 0.1111110002
32042  36.260  -7.673  41.387 0.1111110002
32760  34.123  -7.281  41.304 0.1111110002
32774  33.526  -7.092  40.675 0.1111110002
71952  32.639  -7.312  40.805 0.1111110002
32044  34.686  -7.450  41.833 0.1111110002
30458  13.772  -10.099  50.880 0.1111110002
28054  14.689  -13.306  53.401 0.1111110002
28870  14.561  -12.882  52.890 0.1111110002
28875  14.145  -12.481  52.090 0.1111110002
30473  15.260  -10.315  49.290 0.1111110002
36535  46.954  -3.000  33.391 0.4444440007
43075  44.767  5.717  32.639 0.5555559993
44543  44.858  7.891  32.906 0.4444440007
