#!ascii label  , from subject sub-2002 vox2ras=TkReg
411
39250  14.453  0.441  -19.203 0.0000000000
40020  21.293  1.446  -23.227 0.0000000000
43623  26.179  7.087  -24.443 0.0000000000
45002  22.682  7.834  -24.179 0.0000000000
36227  16.242  -3.757  -16.423 0.0000000000
80194  18.851  -2.227  -17.093 0.0000000000
40696  17.179  2.365  -21.322 0.0000000000
44331  17.611  7.813  -24.360 0.0000000000
42176  22.881  4.523  -25.018 0.0000000000
41454  28.235  3.781  -23.613 0.0000000000
46309  28.979  9.755  -21.192 0.0000000000
37746  15.428  -1.258  -18.002 0.0000000000
36242  18.090  -2.264  -17.215 0.0000000000
38475  16.302  -0.400  -18.585 0.0000000000
44993  14.304  9.070  -23.264 0.0000000000
46954  16.997  10.513  -24.220 0.0000000000
44334  24.684  7.029  -25.063 0.0000000000
43632  22.309  6.931  -24.715 0.0000000000
83866  24.733  5.785  -25.063 0.0000000000
41466  25.465  4.169  -23.215 0.0000000000
42887  26.784  5.666  -24.372 0.0000000000
48668  26.985  14.441  -20.311 0.0000000000
77815  28.589  12.194  -21.001 0.0000000000
48112  27.972  13.654  -21.792 0.0000000000
40015  19.312  1.595  -22.362 0.0000000000
37785  19.819  -0.701  -20.603 0.0000000000
37787  20.947  -0.710  -21.629 0.0000000000
44989  26.247  7.907  -23.842 0.0000000000
39291  23.118  1.022  -22.964 0.0000000000
41433  13.751  4.049  -20.199 0.0000000000
39987  15.814  1.604  -20.424 0.0000000000
42147  14.515  5.210  -21.477 0.0000000000
42162  16.952  4.872  -23.076 0.0000000000
41459  19.548  4.202  -23.260 0.0000000000
45006  19.752  8.793  -24.595 0.0000000000
42895  20.655  5.625  -24.186 0.0000000000
40729  22.290  3.004  -24.333 0.0000000000
40722  24.102  3.115  -23.442 0.0000000000
45612  28.713  9.242  -20.869 0.0000000000
45646  27.339  8.208  -22.761 0.0000000000
46944  28.930  11.050  -21.584 0.0000000000
44318  28.109  7.519  -22.595 0.0000000000
71516  28.252  6.390  -23.718 0.0000000000
42884  29.088  5.247  -24.005 0.0000000000
38491  17.679  -0.093  -19.310 0.0000000000
39979  13.028  2.103  -18.978 0.0000000000
39251  13.566  0.635  -18.573 0.0000000000
38495  14.132  -0.232  -18.703 0.0000000000
38476  15.704  -0.495  -18.407 0.0000000000
38494  14.998  -0.094  -19.016 0.0000000000
43624  25.576  7.152  -24.526 0.0000000000
75444  24.620  6.539  -25.165 0.0000000000
43629  25.409  6.929  -25.136 0.0000000000
42172  25.934  5.456  -24.278 0.0000000000
42891  26.233  6.369  -24.659 0.0000000000
79795  27.238  14.887  -21.083 0.0000000000
48109  27.709  14.199  -21.052 0.0000000000
39295  19.926  1.137  -23.001 0.0000000000
39289  19.660  0.902  -22.144 0.0000000000
38526  20.977  -0.037  -22.993 0.0000000000
44978  26.108  7.198  -22.943 0.0000000000
44963  26.517  7.427  -22.464 0.0000000000
37021  15.052  -2.940  -16.343 0.0000000000
36228  15.375  -3.739  -16.255 0.0000000000
35501  16.946  -4.406  -16.461 0.0000000000
35518  18.140  -3.819  -16.293 0.0000000000
36255  18.504  -2.074  -16.437 0.0000000000
73627  18.596  -3.097  -16.480 0.0000000000
42148  13.689  4.699  -20.587 0.0000000000
43597  13.584  6.369  -21.398 0.0000000000
44333  16.147  7.966  -24.123 0.0000000000
43620  15.338  6.638  -23.031 0.0000000000
43618  17.234  6.296  -23.388 0.0000000000
42161  17.824  4.730  -23.083 0.0000000000
83925  18.562  5.813  -24.069 0.0000000000
46324  20.803  10.071  -24.472 0.0000000000
45004  21.713  8.690  -24.343 0.0000000000
76234  23.234  5.504  -25.040 0.0000000000
43633  21.543  6.592  -24.394 0.0000000000
42177  22.071  4.405  -24.439 0.0000000000
41475  21.407  4.208  -24.177 0.0000000000
41473  22.601  3.733  -24.561 0.0000000000
80275  23.184  2.671  -24.117 0.0000000000
40723  23.514  3.204  -24.088 0.0000000000
41465  26.420  4.420  -23.213 0.0000000000
41456  26.186  3.893  -22.779 0.0000000000
74303  28.746  11.167  -21.267 0.0000000000
46290  28.794  10.269  -20.875 0.0000000000
45626  28.415  8.906  -21.361 0.0000000000
45639  27.134  8.315  -22.790 0.0000000000
45638  28.041  8.309  -21.986 0.0000000000
80623  28.111  7.040  -23.283 0.0000000000
43617  28.435  6.536  -23.080 0.0000000000
42885  28.569  5.597  -24.056 0.0000000000
40003  16.302  2.033  -21.155 0.0000000000
39264  16.731  0.826  -19.920 0.0000000000
39985  17.315  1.172  -20.275 0.0000000000
37083  20.742  -1.604  -20.246 0.0000000000
37776  19.280  -1.120  -19.927 0.0000000000
37733  14.350  -1.774  -17.304 0.0000000000
72970  16.008  -2.385  -17.178 0.0000000000
36243  16.733  -2.905  -17.220 0.0000000000
37731  16.120  -1.603  -17.387 0.0000000000
37051  16.846  -1.943  -18.001 0.0000000000
84389  17.391  -1.568  -18.364 0.0000000000
46949  13.408  11.143  -23.182 0.0000000000
46323  15.000  10.362  -24.290 0.0000000000
77513  16.925  9.010  -24.272 0.0000000000
44335  23.692  7.152  -24.910 0.0000000000
75812  22.765  7.526  -24.646 0.0000000000
80423  24.037  6.993  -25.109 0.0000000000
43630  23.683  6.332  -25.092 0.0000000000
42174  24.450  4.975  -24.663 0.0000000000
41471  24.038  4.356  -24.441 0.0000000000
42173  25.167  5.224  -24.420 0.0000000000
42166  26.556  5.019  -23.674 0.0000000000
41464  27.475  4.482  -23.676 0.0000000000
48669  25.969  14.938  -19.940 0.0000000000
48102  27.740  13.674  -20.426 0.0000000000
47495  28.366  12.933  -21.435 0.0000000000
46945  28.847  11.073  -21.508 0.0000000000
40712  17.762  2.061  -21.610 0.0000000000
39279  18.481  0.890  -21.017 0.0000000000
39278  19.288  0.648  -21.360 0.0000000000
80238  20.309  -0.361  -21.283 0.0000000000
44329  23.412  7.220  -24.371 0.0000000000
44328  24.550  7.105  -24.751 0.0000000000
39296  22.011  1.107  -23.749 0.0000000000
38525  21.589  0.109  -22.982 0.0000000000
40681  13.620  2.324  -19.336 0.0000000000
39977  14.583  1.290  -19.637 0.0000000000
40690  14.548  2.756  -20.316 0.0000000000
40699  14.983  3.192  -21.150 0.0000000000
41442  15.654  3.809  -21.520 0.0000000000
44312  14.282  7.302  -22.321 0.0000000000
42157  15.785  4.527  -22.155 0.0000000000
41451  17.134  3.693  -22.150 0.0000000000
73044  18.105  3.623  -22.371 0.0000000000
40721  18.874  3.070  -22.771 0.0000000000
40719  20.315  2.445  -23.246 0.0000000000
46326  19.139  10.133  -24.803 0.0000000000
80048  18.510  8.413  -25.017 0.0000000000
83548  21.161  7.511  -24.269 0.0000000000
43634  20.155  6.776  -24.350 0.0000000000
43635  19.283  6.877  -24.453 0.0000000000
42169  20.382  4.906  -24.057 0.0000000000
41470  20.075  3.645  -23.997 0.0000000000
40027  21.732  1.753  -23.749 0.0000000000
40026  22.388  1.746  -23.980 0.0000000000
40017  23.817  2.281  -23.207 0.0000000000
41467  24.707  3.750  -23.345 0.0000000000
44977  26.891  8.047  -22.610 0.0000000000
44996  26.796  8.102  -23.461 0.0000000000
81411  27.009  7.096  -24.096 0.0000000000
78746  28.640  12.031  -21.872 0.0000000000
79862  28.960  9.842  -21.312 0.0000000000
45637  28.027  8.315  -22.004 0.0000000000
45645  27.771  8.084  -22.264 0.0000000000
43621  27.562  7.111  -23.982 0.0000000000
43622  26.907  6.707  -24.184 0.0000000000
76407  27.723  6.327  -24.156 0.0000000000
42165  28.078  4.954  -24.317 0.0000000000
41462  28.981  4.114  -24.114 0.0000000000
39248  16.365  0.517  -19.367 0.0000000000
38492  16.998  -0.402  -19.106 0.0000000000
37764  18.234  -1.522  -19.068 0.0000000000
38506  18.104  -0.114  -19.908 0.0000000000
37763  18.989  -1.490  -19.239 0.0000000000
39978  13.886  1.494  -19.203 0.0000000000
74165  13.048  1.346  -18.676 0.0000000000
40021  20.517  1.674  -23.155 0.0000000000
39294  20.733  0.847  -22.967 0.0000000000
37035  15.674  -3.102  -16.640 0.0000000000
35502  15.764  -4.706  -16.305 0.0000000000
35533  18.921  -3.048  -16.948 0.0000000000
36254  19.690  -3.109  -17.057 0.0000000000
74726  13.335  5.994  -20.957 0.0000000000
44299  12.894  7.412  -21.506 0.0000000000
44332  16.831  7.501  -24.157 0.0000000000
44322  16.312  7.390  -23.538 0.0000000000
43627  17.564  6.840  -24.139 0.0000000000
42889  17.907  6.036  -24.054 0.0000000000
45652  21.762  9.322  -24.197 0.0000000000
75163  22.260  8.027  -24.298 0.0000000000
75349  22.255  5.371  -24.702 0.0000000000
41472  23.370  3.889  -24.611 0.0000000000
40728  22.964  3.102  -24.472 0.0000000000
41455  27.190  3.916  -23.046 0.0000000000
46300  28.890  9.982  -21.167 0.0000000000
79969  28.233  7.157  -22.673 0.0000000000
40002  17.353  1.710  -20.846 0.0000000000
37077  21.072  -2.015  -20.036 0.0000000000
37078  20.373  -2.100  -19.847 0.0000000000
37747  14.620  -1.288  -17.828 0.0000000000
37748  14.087  -1.283  -17.740 0.0000000000
37732  15.231  -1.861  -17.287 0.0000000000
37745  16.148  -1.135  -18.176 0.0000000000
37744  16.809  -1.061  -18.631 0.0000000000
47523  16.476  11.097  -24.188 0.0000000000
47524  15.517  11.353  -24.157 0.0000000000
46955  16.132  10.563  -24.259 0.0000000000
73317  16.426  9.584  -24.210 0.0000000000
46321  16.627  10.059  -24.307 0.0000000000
42893  24.040  5.676  -25.023 0.0000000000
81243  27.209  5.104  -23.949 0.0000000000
49251  25.461  15.725  -20.320 0.0000000000
83707  28.045  13.531  -21.069 0.0000000000
77877  28.609  12.053  -21.743 0.0000000000
40016  18.504  1.885  -22.105 0.0000000000
39290  18.822  1.199  -21.719 0.0000000000
72485  20.664  -0.084  -22.070 0.0000000000
38523  19.899  0.139  -21.795 0.0000000000
37784  20.652  -1.156  -20.862 0.0000000000
44320  24.319  6.792  -23.932 0.0000000000
44319  25.608  7.298  -23.927 0.0000000000
35519  17.488  -3.389  -17.147 0.0000000000
36241  18.796  -2.828  -16.322 0.0000000000
34802  18.446  -4.827  -17.242 0.0000000000
41434  13.701  3.611  -19.613 0.0000000000
40691  13.466  2.965  -20.033 0.0000000000
41444  14.118  4.618  -21.167 0.0000000000
41443  14.588  3.899  -21.203 0.0000000000
40698  15.873  2.893  -21.297 0.0000000000
42146  15.030  4.576  -21.537 0.0000000000
81848  13.640  9.199  -22.914 0.0000000000
44313  13.396  7.391  -22.090 0.0000000000
44981  14.287  8.013  -22.294 0.0000000000
42883  15.943  6.047  -23.204 0.0000000000
43610  15.411  5.969  -22.417 0.0000000000
42875  16.161  5.359  -22.414 0.0000000000
41452  16.345  4.010  -22.182 0.0000000000
42156  17.126  4.416  -22.355 0.0000000000
41450  17.622  4.222  -22.484 0.0000000000
42160  18.844  4.678  -23.261 0.0000000000
41460  18.757  3.780  -23.099 0.0000000000
71164  19.497  3.468  -23.175 0.0000000000
40720  19.497  2.688  -23.141 0.0000000000
40727  19.950  3.078  -23.686 0.0000000000
78386  20.287  9.382  -24.584 0.0000000000
46325  19.922  10.190  -24.738 0.0000000000
45654  19.340  9.574  -25.026 0.0000000000
45655  18.524  9.496  -24.560 0.0000000000
75857  19.312  8.236  -24.769 0.0000000000
44336  22.132  7.509  -24.448 0.0000000000
42894  21.462  5.831  -24.362 0.0000000000
74056  20.786  6.338  -24.305 0.0000000000
42896  19.986  6.159  -24.337 0.0000000000
42888  19.841  5.469  -24.096 0.0000000000
41474  21.820  3.680  -24.209 0.0000000000
41468  21.017  3.631  -24.057 0.0000000000
40725  21.447  2.948  -24.059 0.0000000000
40726  20.595  2.932  -23.953 0.0000000000
70412  21.915  2.333  -24.042 0.0000000000
40024  23.529  2.659  -23.763 0.0000000000
40025  23.132  2.019  -23.856 0.0000000000
71663  24.328  2.192  -22.597 0.0000000000
40718  24.493  2.743  -22.842 0.0000000000
42168  24.769  4.453  -23.873 0.0000000000
47489  28.486  12.304  -20.243 0.0000000000
45613  27.935  8.319  -21.607 0.0000000000
44326  27.150  7.856  -23.999 0.0000000000
44987  28.176  7.762  -21.820 0.0000000000
44994  27.871  7.915  -22.493 0.0000000000
44325  27.638  7.512  -23.214 0.0000000000
42164  28.805  4.718  -24.135 0.0000000000
39988  14.894  1.778  -20.250 0.0000000000
39249  15.380  0.591  -19.499 0.0000000000
39265  15.964  0.902  -20.110 0.0000000000
39247  17.138  0.457  -19.312 0.0000000000
37765  17.618  -1.051  -18.999 0.0000000000
38515  18.806  0.407  -20.816 0.0000000000
39262  18.239  0.553  -20.314 0.0000000000
80214  18.898  -0.241  -20.207 0.0000000000
37079  19.710  -1.764  -19.455 0.0000000000
73440  19.238  -2.299  -19.096 0.0000000000
38478  13.967  -0.882  -18.239 0.0000000000
38477  14.842  -0.665  -18.324 0.0000000000
38493  15.805  -0.056  -19.167 0.0000000000
42892  25.222  6.090  -25.113 0.0000000000
42890  27.019  6.072  -24.400 0.0000000000
48677  26.452  15.440  -20.779 0.0000000000
39288  20.413  0.582  -22.349 0.0000000000
82416  21.053  -0.245  -22.176 0.0000000000
37036  14.877  -2.355  -16.706 0.0000000000
37022  14.663  -2.745  -16.339 0.0000000000
36229  14.558  -3.583  -16.276 0.0000000000
78847  16.338  -5.187  -16.298 0.0000000000
34783  17.262  -5.135  -16.323 0.0000000000
42138  13.712  4.820  -20.202 0.0000000000
42149  13.565  5.209  -20.399 0.0000000000
42865  13.521  5.431  -21.074 0.0000000000
42877  13.937  5.888  -22.048 0.0000000000
45641  14.996  8.974  -23.226 0.0000000000
44992  14.770  8.222  -23.185 0.0000000000
44323  15.573  7.576  -23.363 0.0000000000
77003  16.601  6.352  -23.301 0.0000000000
42882  16.751  5.714  -23.135 0.0000000000
42881  17.572  5.571  -23.250 0.0000000000
42880  18.367  5.389  -23.393 0.0000000000
45653  21.112  9.322  -24.392 0.0000000000
45005  20.741  8.577  -24.348 0.0000000000
75929  22.852  6.327  -25.103 0.0000000000
75827  22.078  6.196  -24.609 0.0000000000
74020  21.308  4.951  -24.245 0.0000000000
40724  22.675  2.484  -24.116 0.0000000000
46929  28.692  11.385  -20.602 0.0000000000
45627  27.826  8.277  -22.013 0.0000000000
42879  28.990  5.900  -23.824 0.0000000000
39986  16.804  1.481  -20.378 0.0000000000
39263  17.584  0.639  -19.846 0.0000000000
37775  20.087  -1.433  -20.185 0.0000000000
77899  15.338  -2.518  -16.663 0.0000000000
37034  16.902  -2.191  -17.619 0.0000000000
37033  18.170  -1.975  -16.642 0.0000000000
37050  17.889  -2.258  -18.081 0.0000000000
45643  13.931  9.819  -23.174 0.0000000000
46312  14.399  10.379  -23.460 0.0000000000
45642  14.655  9.694  -23.550 0.0000000000
83609  15.637  8.957  -23.702 0.0000000000
45001  16.165  8.583  -24.222 0.0000000000
44999  17.575  8.606  -24.442 0.0000000000
43631  23.293  6.964  -25.136 0.0000000000
42175  23.662  4.751  -25.004 0.0000000000
42167  25.683  4.800  -23.661 0.0000000000
80859  28.285  12.999  -20.678 0.0000000000
40001  18.103  1.449  -21.246 0.0000000000
79841  19.438  -0.096  -21.061 0.0000000000
44327  26.496  7.733  -24.105 0.0000000000
39293  21.494  0.670  -23.086 0.0000000000
39292  22.257  0.667  -23.061 0.0000000000
39989  13.966  2.058  -20.055 0.0000000000
41432  14.284  3.484  -20.419 0.0000000000
40689  15.414  2.390  -20.646 0.0000000000
40697  16.707  2.748  -21.437 0.0000000000
44314  13.040  7.694  -22.083 0.0000000000
43612  13.801  6.694  -22.101 0.0000000000
44324  14.836  7.350  -22.980 0.0000000000
42876  14.688  5.687  -22.203 0.0000000000
42158  15.210  5.113  -22.215 0.0000000000
41441  16.513  3.346  -21.635 0.0000000000
40713  17.343  2.832  -22.086 0.0000000000
40711  18.347  2.711  -22.195 0.0000000000
41461  18.205  4.155  -23.096 0.0000000000
40023  18.909  2.187  -22.854 0.0000000000
40022  19.654  1.892  -23.059 0.0000000000
46953  17.889  10.916  -24.121 0.0000000000
76821  17.949  10.354  -24.242 0.0000000000
45649  17.722  9.343  -24.371 0.0000000000
44341  18.288  8.207  -25.062 0.0000000000
44337  21.508  7.917  -24.302 0.0000000000
44338  20.696  7.796  -24.280 0.0000000000
76233  20.841  7.109  -24.268 0.0000000000
44339  19.868  7.521  -24.407 0.0000000000
44340  18.805  7.821  -24.909 0.0000000000
44330  18.385  7.357  -24.337 0.0000000000
43626  18.470  6.490  -24.151 0.0000000000
42171  19.014  5.225  -24.121 0.0000000000
42170  19.624  4.752  -23.777 0.0000000000
41469  20.709  4.298  -24.063 0.0000000000
71912  19.996  4.293  -24.007 0.0000000000
40028  21.015  2.109  -23.998 0.0000000000
40019  22.698  1.344  -23.534 0.0000000000
40018  23.330  1.628  -23.279 0.0000000000
72665  24.070  3.796  -23.959 0.0000000000
41457  25.328  3.603  -22.849 0.0000000000
44988  26.716  8.063  -23.132 0.0000000000
47501  28.327  12.939  -22.148 0.0000000000
44995  27.403  8.055  -23.071 0.0000000000
42886  27.582  5.643  -24.154 0.0000000000
41463  28.511  4.295  -24.067 0.0000000000
42163  29.108  4.494  -23.972 0.0000000000
77670  28.719  3.701  -23.473 0.0000000000
79118  16.518  0.020  -19.163 0.0000000000
37069  17.876  -1.864  -18.828 0.0000000000
37068  18.544  -2.251  -18.768 0.0000000000
39280  17.806  1.009  -20.679 0.0000000000
37777  18.486  -0.663  -19.316 0.0000000000
36269  19.211  -3.042  -18.987 0.0000000000
39266  15.356  1.067  -20.191 0.0000000000
43598  13.161  6.749  -21.091 0.0000000000
43611  14.701  6.560  -22.350 0.0000000000
43613  13.114  6.998  -22.054 0.0000000000
43619  16.165  6.876  -23.227 0.0000000000
43625  19.203  6.015  -24.135 0.0000000000
43628  16.801  6.869  -23.636 0.0000000000
44991  15.536  8.447  -23.563 0.0000000000
45000  16.854  8.232  -24.217 0.0000000000
45007  18.884  8.793  -24.980 0.0000000000
45008  18.297  8.603  -25.115 0.0000000000
45648  18.300  9.967  -24.273 0.0000000000
45650  16.024  9.219  -24.297 0.0000000000
45651  15.292  9.484  -23.819 0.0000000000
46313  13.575  10.448  -23.293 0.0000000000
46314  12.964  10.797  -23.119 0.0000000000
46320  17.416  9.995  -24.268 0.0000000000
46322  15.819  10.020  -24.333 0.0000000000
46948  14.217  10.948  -23.329 0.0000000000
46956  15.382  10.646  -24.333 0.0000000000
46957  14.849  10.991  -24.104 0.0000000000
47515  16.036  11.954  -24.107 0.0000000000
47516  14.872  11.903  -24.128 0.0000000000
47521  18.329  11.846  -24.125 0.0000000000
76182  13.551  8.386  -22.247 0.0000000000
76278  20.083  8.178  -24.371 0.0000000000
80900  21.613  7.256  -24.362 0.0000000000
83019  17.416  4.466  -22.525 0.0000000000
83078  17.012  9.579  -24.207 0.0000000000
83270  13.868  4.020  -21.012 0.0000000000
83398  14.129  8.555  -22.639 0.0000000000
84049  16.550  4.709  -22.331 0.0000000000
84656  13.447  1.948  -19.116 0.0000000000
