#!ascii label  , from subject sub-2002 vox2ras=TkReg
1147
15056  25.218  -33.249  -5.525 0.8999999762
15066  25.718  -33.884  -6.020 0.8000000119
15065  26.075  -33.269  -6.452 0.8000000119
14439  26.241  -34.659  -7.317 0.6999999881
15057  24.253  -33.349  -5.212 0.8999999762
76272  25.746  -33.110  -5.988 1.0000000000
15081  26.382  -32.820  -7.189 1.0000000000
14428  26.200  -33.875  -6.832 0.8999999762
15096  26.326  -33.796  -7.725 0.8000000119
15097  26.062  -33.755  -8.580 0.8000000119
14459  25.749  -34.473  -8.925 0.8000000119
15106  25.012  -33.916  -9.880 0.6999999881
14473  24.706  -34.438  -10.142 0.6999999881
77134  23.350  -33.106  -5.331 0.8000000119
15734  23.885  -32.456  -5.174 0.8999999762
78057  22.626  -33.010  -5.692 0.8999999762
15068  21.646  -33.554  -6.766 0.8999999762
15732  25.511  -32.511  -5.739 0.8999999762
83724  26.244  -32.037  -6.709 1.0000000000
15770  26.321  -32.991  -8.199 0.8999999762
15778  26.270  -32.282  -8.669 1.0000000000
15771  25.966  -32.985  -8.955 0.8999999762
15105  25.513  -33.668  -9.359 0.8000000119
78662  24.392  -31.867  -5.229 0.8999999762
16395  23.596  -31.540  -5.277 0.8999999762
15735  23.041  -32.323  -5.459 0.8999999762
15746  22.384  -32.282  -5.975 0.8999999762
77506  21.749  -32.869  -6.931 0.8999999762
15733  24.763  -32.524  -5.315 0.8999999762
78886  25.834  -31.860  -6.114 0.8999999762
16422  26.427  -31.622  -7.392 1.0000000000
76780  25.556  -32.901  -9.522 0.8000000119
15116  25.056  -33.191  -10.028 0.8000000119
74045  24.555  -33.266  -10.760 0.8000000119
74035  24.108  -33.357  -11.484 0.8000000119
15130  23.621  -33.427  -12.148 0.8000000119
15814  23.314  -32.718  -12.542 0.8000000119
16396  22.684  -31.534  -5.701 0.8999999762
15759  21.582  -32.450  -7.262 0.8999999762
15772  21.149  -32.312  -7.850 0.8999999762
16394  24.466  -31.125  -5.289 0.8999999762
76324  21.631  -31.677  -7.257 0.8999999762
16437  20.644  -31.795  -8.306 0.8000000119
15107  19.967  -33.016  -9.029 0.8000000119
16393  25.166  -31.688  -5.509 0.8999999762
16424  20.650  -31.092  -8.154 0.6999999881
15773  20.058  -32.057  -8.806 0.6999999881
15781  18.844  -32.750  -9.665 0.6999999881
16409  25.645  -31.069  -5.941 0.8999999762
77352  18.547  -32.111  -9.727 0.6999999881
77666  17.848  -32.016  -10.147 0.6999999881
17124  26.327  -30.676  -7.131 1.0000000000
77665  17.099  -31.859  -10.584 0.6000000238
75296  26.479  -30.743  -7.995 1.0000000000
16436  26.437  -31.550  -8.354 1.0000000000
16447  26.247  -31.595  -9.149 1.0000000000
15779  25.927  -32.309  -9.360 0.8999999762
16448  25.827  -31.679  -9.822 0.8999999762
16460  25.303  -31.721  -10.420 0.8000000119
15789  24.918  -32.472  -10.569 0.8000000119
15801  24.434  -32.549  -11.263 0.8000000119
15802  23.925  -32.632  -11.940 0.8000000119
16476  23.626  -31.903  -12.257 0.8000000119
16487  22.851  -31.909  -12.812 0.8000000119
15747  21.954  -32.310  -6.716 0.8999999762
78733  23.025  -30.865  -5.489 0.8999999762
16410  22.142  -31.541  -6.430 0.8999999762
85168  21.429  -30.914  -7.470 0.8999999762
78734  25.135  -30.859  -5.537 0.8999999762
16438  20.155  -31.231  -8.524 0.6999999881
17092  25.432  -30.264  -5.805 0.8999999762
16449  19.524  -31.352  -8.992 0.6000000238
16450  18.830  -31.399  -9.446 0.6000000238
17764  26.137  -29.994  -6.887 1.0000000000
16464  16.791  -31.116  -10.738 0.5000000000
17160  16.404  -30.420  -11.024 0.5000000000
17794  26.406  -29.867  -8.555 1.0000000000
17146  26.413  -30.792  -8.883 1.0000000000
17155  26.294  -30.080  -9.503 1.0000000000
17147  26.130  -30.929  -9.681 1.0000000000
17157  25.174  -30.937  -10.872 0.8999999762
16461  24.787  -31.768  -11.048 0.8000000119
76174  24.579  -31.167  -11.440 0.8000000119
16475  24.239  -31.828  -11.682 0.8000000119
17170  24.723  -30.371  -11.605 0.8999999762
17171  23.976  -31.006  -11.994 0.8000000119
17828  24.076  -30.092  -12.217 0.8999999762
79316  23.284  -31.255  -12.444 0.8000000119
73606  22.554  -30.968  -12.774 0.8000000119
76782  21.930  -30.438  -12.967 0.8000000119
17185  21.557  -31.158  -13.184 0.8000000119
16411  21.863  -30.800  -6.921 0.8999999762
78189  23.728  -30.601  -5.292 0.8999999762
17094  23.825  -29.860  -5.319 0.8999999762
17126  20.948  -30.502  -7.820 0.6999999881
17754  24.365  -29.299  -5.389 0.8999999762
17148  19.091  -30.582  -9.198 0.6999999881
17149  18.326  -30.622  -9.700 0.6000000238
16463  17.591  -31.108  -10.212 0.6000000238
78756  19.399  -29.771  -8.938 0.6999999881
17158  17.732  -30.301  -10.105 0.6000000238
17159  17.128  -30.384  -10.512 0.5000000000
17777  26.345  -29.958  -7.598 1.0000000000
78556  17.489  -29.662  -10.322 0.5000000000
78636  16.039  -29.674  -11.295 0.5000000000
84461  26.342  -29.195  -8.593 1.0000000000
17815  26.122  -29.416  -10.090 1.0000000000
17156  25.864  -30.302  -10.360 1.0000000000
17169  25.345  -30.135  -11.058 0.8999999762
18453  26.111  -28.753  -9.857 1.0000000000
17816  25.702  -29.478  -10.865 0.8999999762
17826  25.197  -29.568  -11.564 0.8999999762
17827  24.681  -29.669  -12.027 0.8999999762
17840  23.384  -29.688  -12.615 0.8999999762
17183  23.320  -30.506  -12.442 0.8999999762
17839  24.215  -29.284  -12.484 0.8999999762
17184  22.585  -30.083  -12.733 0.8999999762
18479  23.527  -28.904  -12.989 0.8999999762
17095  22.980  -30.007  -5.489 0.8999999762
78615  22.361  -30.625  -5.992 0.8999999762
17125  21.486  -30.199  -7.337 0.8999999762
17112  21.947  -29.833  -6.703 0.8999999762
17779  21.524  -29.491  -7.272 1.0000000000
17795  20.566  -29.759  -8.043 0.8000000119
17755  23.486  -29.201  -5.365 0.8999999762
17140  19.721  -30.539  -8.700 0.6999999881
17765  25.720  -29.578  -6.307 0.8999999762
17753  25.150  -29.451  -5.667 0.8999999762
77054  19.984  -29.763  -8.457 0.6999999881
17807  19.151  -28.986  -9.185 0.6999999881
78637  18.121  -29.714  -9.864 0.5000000000
17778  26.067  -29.308  -7.132 1.0000000000
17819  17.214  -28.929  -10.599 0.5000000000
18410  26.305  -29.202  -7.995 1.0000000000
18429  25.970  -27.968  -8.788 1.0000000000
18443  26.094  -28.362  -9.316 1.0000000000
78919  25.888  -28.729  -10.531 1.0000000000
18463  25.503  -28.693  -11.439 0.8999999762
18464  24.970  -28.982  -12.160 0.8999999762
17866  20.714  -29.529  -15.683 0.6999999881
78561  21.092  -28.806  -16.059 0.8000000119
17858  20.086  -29.262  -15.074 0.8000000119
17756  22.699  -29.130  -5.626 1.0000000000
17766  22.151  -29.051  -6.170 1.0000000000
17767  21.757  -28.951  -6.973 1.0000000000
18413  21.228  -28.842  -7.532 0.6999999881
78771  20.772  -29.127  -7.889 0.6999999881
82411  25.364  -28.875  -5.972 0.8999999762
18391  24.845  -28.647  -5.612 0.8999999762
17806  19.720  -29.002  -8.700 0.6999999881
17818  17.905  -28.939  -10.118 0.6000000238
18411  25.941  -28.478  -7.564 1.0000000000
18400  25.665  -28.721  -6.612 0.8999999762
17830  15.745  -28.912  -11.486 0.4000000060
18428  26.186  -28.600  -8.536 1.0000000000
18444  25.927  -28.093  -10.036 1.0000000000
74088  25.461  -27.860  -11.546 1.0000000000
19088  25.468  -27.169  -11.183 1.0000000000
18489  20.388  -28.586  -14.115 0.8999999762
17864  22.334  -29.405  -16.415 0.6000000238
17865  21.527  -29.277  -16.155 0.6000000238
18508  20.512  -28.612  -15.609 0.8000000119
72935  20.031  -28.838  -14.815 0.8999999762
73752  20.131  -28.885  -14.504 0.8999999762
18392  24.020  -28.503  -5.340 0.8999999762
73463  21.100  -28.128  -7.605 0.8000000119
17796  20.313  -29.039  -8.275 0.6999999881
18445  19.524  -28.240  -9.004 0.6999999881
18454  18.347  -28.165  -9.904 0.6000000238
18456  16.896  -28.182  -10.848 0.4000000060
19046  25.687  -27.624  -7.586 1.0000000000
19039  25.565  -28.032  -6.910 0.8999999762
73694  25.925  -27.983  -8.198 1.0000000000
76974  25.870  -27.612  -9.369 1.0000000000
19078  25.692  -27.166  -10.228 1.0000000000
18488  21.075  -28.339  -13.817 0.8999999762
19109  21.338  -27.553  -14.037 0.8999999762
70336  20.511  -27.822  -14.239 0.8999999762
19117  19.944  -27.455  -14.944 0.8999999762
18495  20.166  -28.183  -14.685 0.8999999762
17876  23.786  -28.909  -17.055 0.6000000238
17863  23.219  -29.530  -16.671 0.6000000238
18506  21.910  -28.554  -16.488 0.8000000119
18507  21.068  -28.097  -16.219 0.8000000119
18498  20.079  -28.243  -15.101 0.8999999762
18401  22.448  -28.341  -5.785 0.8999999762
18412  21.498  -28.213  -7.164 0.6999999881
19041  22.166  -27.550  -5.951 0.8999999762
18402  21.939  -28.273  -6.462 0.8999999762
18431  20.088  -28.255  -8.518 0.6000000238
84253  25.215  -28.062  -6.113 1.0000000000
19033  24.511  -27.815  -5.599 1.0000000000
19034  23.656  -27.701  -5.363 1.0000000000
19059  19.803  -27.406  -8.826 0.6000000238
83526  19.316  -27.644  -9.252 0.6000000238
19079  18.101  -27.386  -10.191 0.5000000000
73669  25.376  -27.308  -6.756 1.0000000000
19057  25.754  -27.295  -8.492 1.0000000000
76936  25.695  -26.796  -9.321 1.0000000000
19693  25.556  -26.261  -9.951 1.0000000000
19704  25.450  -26.367  -10.788 1.0000000000
19714  25.252  -26.394  -11.724 1.0000000000
80957  25.034  -26.807  -12.406 1.0000000000
73972  24.694  -26.797  -13.079 1.0000000000
76846  24.207  -26.785  -13.694 1.0000000000
19107  23.481  -27.253  -13.938 0.8999999762
19106  24.279  -27.509  -13.382 0.8999999762
70314  22.028  -28.120  -13.696 0.8999999762
19123  20.070  -27.503  -15.244 0.8999999762
18514  25.569  -28.328  -17.310 0.6000000238
73968  24.641  -28.627  -17.330 0.6000000238
18516  23.352  -28.253  -17.088 0.6000000238
18505  22.896  -28.762  -16.768 0.6000000238
19132  20.439  -27.793  -15.706 0.8000000119
19035  22.790  -27.628  -5.484 0.8999999762
19042  21.677  -27.512  -6.688 0.6999999881
19048  20.854  -27.684  -7.824 0.6000000238
19058  20.428  -27.535  -8.255 0.6000000238
19646  24.180  -26.961  -5.496 0.8999999762
19070  19.355  -27.073  -9.263 0.5000000000
19040  24.864  -27.085  -6.017 1.0000000000
19658  25.555  -26.665  -7.562 1.0000000000
19651  25.237  -26.376  -6.542 0.8999999762
19665  25.658  -26.378  -8.551 1.0000000000
19680  25.620  -26.094  -9.248 1.0000000000
20298  25.458  -25.633  -10.428 1.0000000000
20306  25.353  -25.623  -11.198 1.0000000000
19715  25.018  -26.110  -12.619 1.0000000000
19725  22.790  -26.597  -14.283 1.0000000000
71571  21.743  -26.744  -14.259 0.8999999762
19118  19.832  -26.641  -14.935 0.8999999762
79341  24.781  -27.761  -17.369 0.6000000238
18515  24.005  -28.073  -17.304 0.6000000238
18517  22.659  -27.965  -16.956 0.6999999881
19130  21.837  -27.616  -16.720 0.6999999881
19131  21.036  -27.179  -16.356 0.6999999881
19124  19.891  -26.893  -15.188 0.8999999762
76530  20.327  -27.063  -15.727 0.8999999762
19659  20.827  -26.862  -7.775 0.6999999881
19666  20.218  -26.666  -8.446 0.6000000238
19647  23.307  -26.908  -5.351 0.8999999762
19648  22.480  -26.822  -5.576 0.8000000119
19653  21.854  -26.756  -6.129 0.6999999881
73897  23.794  -26.270  -5.373 0.8000000119
72857  25.524  -25.722  -7.130 1.0000000000
20263  25.169  -25.433  -6.410 0.8000000119
77651  25.640  -25.886  -7.928 1.0000000000
77037  25.672  -25.494  -8.709 1.0000000000
20286  25.559  -25.540  -9.642 1.0000000000
75892  25.506  -24.956  -10.131 1.0000000000
82149  25.427  -25.078  -10.791 1.0000000000
20317  25.179  -25.490  -11.993 1.0000000000
20318  24.965  -25.351  -12.872 1.0000000000
82024  24.549  -26.002  -13.519 1.0000000000
19724  23.739  -26.327  -14.102 1.0000000000
74646  22.168  -25.974  -14.395 0.8999999762
19726  21.200  -26.077  -14.348 0.8999999762
19727  20.652  -26.838  -14.383 0.8999999762
19728  19.964  -26.233  -14.691 0.8999999762
19760  22.622  -27.041  -17.113 0.6999999881
19135  26.160  -27.808  -17.061 0.6000000238
74565  21.800  -26.858  -16.875 0.6999999881
19752  20.581  -26.469  -16.202 0.6999999881
19654  21.404  -26.749  -6.986 0.6999999881
78146  22.982  -26.098  -5.307 0.8000000119
20264  22.161  -25.993  -5.699 0.8000000119
20265  21.565  -25.920  -6.418 0.6999999881
20270  21.076  -25.947  -7.298 0.6999999881
20253  24.638  -25.016  -5.869 0.6999999881
20254  23.773  -25.360  -5.415 0.8000000119
76302  25.546  -24.873  -6.964 0.6999999881
20862  25.816  -24.588  -8.460 0.8000000119
20874  25.669  -24.809  -9.331 0.8000000119
21560  25.921  -23.934  -9.154 0.8000000119
82603  25.675  -24.348  -9.883 0.8999999762
21579  25.543  -24.353  -10.691 0.8999999762
76912  25.334  -24.860  -11.428 1.0000000000
20903  25.164  -24.708  -12.275 1.0000000000
20328  23.927  -25.468  -14.104 1.0000000000
84916  23.289  -25.334  -14.321 1.0000000000
20904  24.834  -24.650  -13.194 1.0000000000
20327  24.549  -25.229  -13.529 1.0000000000
81946  23.107  -25.815  -14.350 1.0000000000
20331  20.768  -25.468  -14.398 0.8999999762
77487  20.476  -26.035  -14.456 0.8999999762
19137  23.379  -27.576  -17.222 0.6000000238
19735  19.644  -25.806  -14.937 0.8999999762
19753  20.094  -26.498  -15.672 0.8999999762
19750  22.233  -26.188  -17.039 0.6999999881
19751  21.343  -26.339  -16.677 0.6999999881
71937  20.094  -25.943  -15.961 0.8999999762
20359  19.761  -25.492  -15.646 0.8999999762
20255  22.672  -25.238  -5.454 0.6999999881
74546  21.294  -24.980  -6.836 0.6000000238
20271  20.552  -25.928  -8.025 0.6000000238
20841  24.125  -24.424  -5.552 0.6999999881
20851  22.352  -24.410  -5.628 0.6000000238
20849  25.550  -24.058  -6.869 0.6999999881
76744  25.790  -24.334  -7.595 0.6999999881
73730  25.711  -23.589  -10.855 0.8000000119
21587  25.432  -23.973  -11.653 0.8000000119
20912  24.239  -24.722  -13.910 1.0000000000
20329  22.594  -25.209  -14.386 1.0000000000
21598  23.607  -24.151  -14.258 1.0000000000
20913  23.447  -24.904  -14.269 1.0000000000
20915  21.823  -24.570  -14.369 1.0000000000
79860  21.034  -24.887  -14.360 1.0000000000
77135  20.327  -24.857  -14.432 1.0000000000
20332  20.096  -25.523  -14.534 0.8999999762
72989  24.120  -27.304  -17.345 0.6000000238
20338  19.730  -25.522  -14.774 0.8999999762
19136  25.553  -27.291  -17.208 0.6000000238
19758  24.803  -26.973  -17.317 0.6000000238
19759  23.536  -26.809  -17.281 0.6999999881
20346  19.476  -25.305  -15.201 0.8999999762
20362  23.026  -26.321  -17.205 0.6999999881
20357  21.635  -25.621  -16.737 0.6999999881
20358  20.137  -25.242  -16.155 0.8999999762
20842  23.237  -24.492  -5.403 0.6000000238
20840  24.706  -24.272  -5.941 0.6999999881
73890  25.071  -23.670  -6.290 0.6999999881
21537  25.543  -23.351  -6.812 0.6999999881
22293  26.103  -22.991  -7.951 0.6999999881
77393  26.155  -23.249  -8.682 0.6999999881
22302  26.147  -23.080  -9.449 0.8000000119
21571  25.815  -23.687  -10.082 0.8000000119
22312  26.049  -22.860  -10.440 0.8000000119
22321  25.731  -23.059  -11.404 0.8000000119
21588  25.138  -23.983  -12.687 0.8999999762
21597  24.587  -23.914  -13.659 1.0000000000
22331  25.400  -23.237  -12.281 0.8000000119
22332  25.080  -23.343  -13.085 0.8999999762
20914  22.801  -24.567  -14.375 1.0000000000
20916  20.734  -24.137  -14.346 1.0000000000
78058  19.728  -24.911  -14.666 0.8999999762
76400  19.483  -25.059  -14.936 0.8999999762
20921  19.306  -24.242  -14.895 0.8999999762
20930  19.248  -24.508  -15.170 0.8999999762
83983  25.257  -26.706  -17.195 0.6000000238
83984  24.233  -26.640  -17.300 0.6000000238
20356  22.972  -25.695  -17.041 0.6999999881
20940  21.011  -24.890  -16.524 0.8000000119
72518  19.596  -24.835  -15.672 0.8999999762
19757  25.795  -26.413  -16.883 0.6000000238
79375  22.349  -25.515  -16.875 0.6999999881
20941  20.020  -24.429  -16.203 0.8000000119
20942  19.349  -24.010  -15.594 0.8999999762
20939  22.054  -24.964  -16.675 0.6999999881
21521  22.838  -23.862  -5.484 0.5000000000
21538  22.199  -23.592  -5.782 0.5000000000
21519  24.404  -23.694  -5.732 0.6999999881
77853  24.659  -23.050  -5.928 0.6999999881
22283  25.814  -22.782  -7.183 0.6999999881
22292  26.375  -22.441  -8.642 0.6999999881
22992  26.069  -22.239  -11.161 0.8000000119
73599  25.703  -22.424  -12.016 0.8000000119
84343  24.055  -23.461  -14.175 0.8999999762
71225  22.507  -23.954  -14.377 1.0000000000
71765  21.592  -23.817  -14.347 1.0000000000
22340  25.303  -22.629  -12.891 0.8000000119
22341  24.672  -22.901  -13.720 0.8000000119
21599  23.179  -23.343  -14.343 0.8999999762
21600  22.036  -23.142  -14.344 0.8999999762
21602  19.959  -23.386  -14.399 1.0000000000
20917  19.772  -24.151  -14.512 1.0000000000
21608  19.162  -23.345  -14.811 1.0000000000
21618  18.997  -23.647  -15.082 0.8999999762
20361  23.826  -25.991  -17.172 0.6999999881
75973  18.869  -22.928  -15.029 0.8999999762
19749  24.849  -26.197  -17.161 0.6000000238
20354  24.523  -25.329  -16.885 0.6000000238
20355  23.617  -25.153  -16.837 0.6999999881
77739  22.825  -25.044  -16.771 0.6999999881
21624  21.846  -24.216  -16.551 0.6999999881
21626  19.820  -23.567  -16.151 0.8000000119
81375  19.115  -23.042  -15.431 0.8999999762
21625  20.841  -23.927  -16.433 0.6999999881
21520  23.592  -23.759  -5.471 0.6000000238
22252  22.941  -23.158  -5.539 0.5000000000
22266  25.247  -22.697  -6.443 0.6999999881
22282  26.195  -22.140  -7.658 0.6999999881
22963  25.719  -21.963  -6.916 0.6999999881
22962  26.129  -21.126  -7.372 0.6999999881
79236  26.526  -21.527  -8.225 0.6999999881
22975  26.599  -21.744  -9.026 0.6999999881
22301  26.397  -22.273  -9.637 0.6999999881
22983  26.676  -21.411  -9.828 0.6999999881
22311  26.339  -22.046  -10.397 0.8000000119
22991  26.446  -21.435  -10.873 0.8000000119
23636  26.019  -20.967  -12.490 0.8000000119
23024  25.081  -22.003  -13.434 0.8000000119
22343  22.862  -22.584  -14.385 0.8999999762
84492  21.366  -22.788  -14.309 0.8999999762
21601  20.911  -23.204  -14.299 1.0000000000
76054  24.911  -21.380  -13.928 0.8000000119
23025  24.443  -22.090  -14.087 0.8000000119
77082  19.538  -22.806  -14.548 1.0000000000
76160  20.132  -22.780  -14.354 1.0000000000
20353  25.437  -25.530  -16.758 0.6000000238
22352  19.046  -22.533  -14.897 1.0000000000
20938  23.288  -24.433  -16.647 0.6999999881
79787  22.575  -24.473  -16.622 0.6999999881
78393  21.685  -23.354  -16.515 0.8000000119
77062  20.658  -23.087  -16.406 0.8000000119
74553  26.788  -21.026  -8.868 0.6999999881
79975  26.952  -20.642  -9.507 0.6999999881
23623  26.869  -20.592  -10.457 0.6999999881
23003  26.545  -20.672  -11.536 0.8000000119
23004  26.089  -21.599  -11.793 0.8000000119
23654  25.461  -21.208  -13.261 0.8000000119
23026  23.573  -21.999  -14.415 0.8999999762
23036  24.190  -21.367  -14.420 0.8000000119
23027  22.585  -21.827  -14.457 0.8999999762
22345  20.750  -22.488  -14.301 0.8999999762
23038  22.183  -21.103  -14.612 0.8999999762
23029  20.803  -21.787  -14.364 0.8999999762
22346  19.753  -22.143  -14.514 1.0000000000
20936  25.165  -24.694  -16.597 0.6000000238
78394  22.728  -23.687  -16.548 0.6999999881
22361  18.929  -22.308  -15.154 0.8999999762
80277  19.774  -22.823  -16.128 0.8999999762
22368  19.347  -22.198  -15.825 0.8000000119
23605  26.616  -20.662  -8.062 0.6999999881
84348  26.919  -20.188  -11.060 0.6999999881
24344  27.184  -19.691  -10.587 0.6999999881
23037  23.241  -21.224  -14.607 0.8000000119
23662  23.906  -20.572  -14.731 0.8000000119
20937  24.238  -24.397  -16.634 0.6000000238
23040  20.007  -21.205  -14.718 0.8999999762
23041  19.212  -21.772  -14.977 0.8999999762
23048  19.256  -21.568  -15.517 0.8000000119
22366  21.339  -22.618  -16.564 0.6999999881
22367  20.316  -22.215  -16.449 0.8000000119
23616  26.984  -20.114  -8.719 0.6999999881
24330  27.260  -19.328  -9.066 0.6999999881
75693  27.358  -19.336  -9.803 0.6999999881
81418  25.274  -20.760  -13.775 0.8000000119
23655  24.740  -20.714  -14.313 0.8000000119
23663  22.683  -20.354  -14.873 0.8000000119
23039  21.145  -21.106  -14.548 0.8999999762
23665  20.668  -20.624  -14.787 0.8999999762
83131  23.632  -23.779  -16.555 0.6999999881
22365  23.455  -22.955  -16.524 0.6999999881
23047  19.495  -21.011  -15.375 0.8999999762
85172  22.395  -22.570  -16.626 0.6999999881
78568  19.484  -20.836  -16.023 0.8000000119
23055  21.394  -21.881  -16.801 0.6999999881
23056  19.634  -21.442  -16.256 0.8000000119
82232  20.338  -21.464  -16.765 0.8000000119
24313  27.250  -18.552  -8.736 0.6999999881
74790  24.990  -23.930  -16.495 0.6000000238
24385  20.759  -20.111  -15.082 0.8999999762
23666  20.013  -20.475  -15.146 0.8999999762
21623  24.372  -23.339  -16.486 0.6000000238
23672  19.685  -20.370  -15.787 0.8999999762
23065  19.892  -20.736  -16.792 0.8000000119
24384  21.668  -19.885  -15.139 0.8000000119
80306  24.097  -22.511  -16.581 0.5000000000
23053  23.396  -22.019  -16.781 0.6000000238
23054  22.441  -21.818  -16.942 0.6999999881
23063  21.891  -21.309  -17.366 0.6000000238
23064  20.837  -21.130  -17.209 0.6999999881
23680  21.354  -20.783  -17.603 0.6000000238
24395  20.714  -19.562  -15.645 0.8000000119
76748  19.943  -19.838  -16.046 0.8999999762
23682  20.027  -20.002  -17.046 0.8000000119
23675  19.783  -20.244  -16.364 0.8000000119
23681  20.557  -20.435  -17.397 0.6000000238
74525  21.206  -18.915  -16.144 0.8000000119
25116  20.355  -19.243  -16.438 0.8000000119
23062  22.919  -21.346  -17.373 0.6000000238
24398  20.159  -19.684  -16.712 0.8000000119
24402  20.291  -19.302  -17.355 0.6999999881
24408  21.062  -19.520  -18.150 0.6000000238
23679  22.298  -20.671  -17.832 0.6000000238
23688  21.286  -20.208  -17.875 0.6000000238
25115  22.341  -18.686  -15.989 0.8000000119
23061  23.950  -21.388  -17.320 0.6000000238
25119  21.759  -18.293  -16.414 0.8000000119
25120  20.349  -18.738  -17.330 0.8000000119
23678  23.444  -20.772  -17.820 0.6000000238
23070  24.483  -20.797  -17.843 0.5000000000
23687  23.018  -20.249  -18.199 0.6000000238
24407  22.157  -19.862  -18.335 0.6000000238
24409  20.416  -19.162  -17.812 0.6000000238
25125  20.692  -18.748  -18.327 0.6000000238
82983  20.757  -18.371  -16.842 0.8000000119
72323  22.788  -17.806  -16.424 0.8000000119
26567  22.172  -17.118  -16.955 0.6999999881
25849  21.685  -17.785  -16.742 0.6999999881
23686  23.965  -20.177  -18.407 0.6000000238
25122  20.168  -18.489  -17.822 0.6000000238
25854  19.980  -17.656  -17.860 0.6000000238
83158  20.226  -17.857  -17.433 0.6999999881
24406  23.169  -19.696  -18.612 0.5000000000
24416  21.736  -19.128  -18.617 0.6000000238
24405  23.976  -19.465  -18.954 0.5000000000
75138  23.167  -16.896  -16.895 0.6999999881
25850  20.898  -17.329  -17.156 0.6000000238
25851  20.012  -17.083  -17.630 0.6000000238
25855  19.713  -16.794  -17.967 0.6000000238
24414  23.230  -19.085  -19.047 0.5000000000
25131  21.538  -18.425  -18.871 0.6000000238
25132  20.664  -18.013  -18.634 0.6000000238
82968  20.219  -18.258  -18.204 0.6000000238
24415  22.443  -18.740  -19.014 0.6000000238
71035  21.457  -17.776  -19.135 0.6000000238
25129  23.211  -18.410  -19.348 0.5000000000
25865  23.146  -17.713  -19.554 0.5000000000
26568  21.627  -16.454  -17.208 0.6000000238
25868  20.451  -17.377  -18.721 0.6000000238
25858  19.752  -17.130  -18.033 0.6000000238
26569  20.599  -16.409  -17.428 0.6000000238
82973  20.907  -17.598  -18.963 0.6000000238
26593  20.393  -16.601  -18.980 0.6000000238
25130  22.335  -18.069  -19.283 0.5000000000
25866  22.225  -17.336  -19.472 0.5000000000
26583  19.665  -16.494  -18.060 0.6000000238
78104  20.392  -15.551  -17.630 0.5000000000
27292  22.168  -15.745  -17.323 0.5000000000
26577  22.608  -16.365  -17.162 0.5000000000
25869  19.962  -16.945  -18.355 0.6000000238
27293  19.851  -15.401  -17.940 0.5000000000
25867  21.173  -17.119  -19.243 0.6000000238
26591  21.858  -16.706  -19.499 0.5000000000
26598  22.608  -16.658  -19.615 0.4000000060
81655  22.880  -15.751  -17.294 0.4000000060
27309  19.896  -16.133  -18.528 0.6000000238
27303  19.699  -15.698  -18.149 0.5000000000
26592  21.183  -16.105  -19.404 0.4000000060
27308  20.278  -15.621  -19.155 0.6000000238
84893  19.847  -15.332  -18.682 0.6000000238
28012  20.124  -14.688  -17.989 0.4000000060
26599  22.147  -16.042  -19.600 0.4000000060
27314  20.921  -15.088  -19.464 0.4000000060
28809  21.194  -14.029  -17.709 0.4000000060
77140  19.916  -14.768  -18.362 0.4000000060
27302  20.271  -14.551  -19.082 0.4000000060
27994  23.808  -14.563  -17.210 0.4000000060
27995  22.378  -14.416  -17.490 0.4000000060
28022  20.339  -14.220  -18.185 0.4000000060
28027  21.653  -14.545  -19.490 0.4000000060
82594  21.066  -14.403  -19.182 0.4000000060
28028  20.691  -13.945  -19.032 0.4000000060
28841  20.782  -13.923  -18.488 0.4000000060
28826  23.213  -14.118  -17.397 0.4000000060
28808  21.829  -13.854  -17.636 0.4000000060
28846  21.582  -13.852  -19.159 0.3000000119
28828  21.090  -13.889  -17.880 0.4000000060
29635  21.597  -13.650  -17.775 0.4000000060
28807  24.069  -13.806  -17.081 0.4000000060
84899  22.387  -14.001  -17.560 0.4000000060
84004  19.892  -29.814  -14.932 0.8000000119
17855  20.015  -29.516  -14.656 0.8999999762
17850  20.313  -29.266  -14.068 0.8999999762
17849  20.921  -29.556  -13.480 0.8999999762
19099  25.241  -27.310  -11.958 1.0000000000
17841  22.629  -29.314  -13.013 0.8999999762
18478  24.452  -28.367  -12.835 0.8999999762
19100  24.853  -27.499  -12.684 1.0000000000
17848  21.713  -28.928  -13.398 0.8999999762
18487  22.770  -28.551  -13.396 0.8999999762
85033  22.913  -27.920  -13.759 0.8999999762
27279  21.265  -15.661  -17.393 0.4000000060
27998  20.244  -14.863  -17.826 0.4000000060
27996  21.842  -15.014  -17.458 0.4000000060
27290  23.472  -15.315  -17.247 0.4000000060
80137  26.439  -32.254  -7.949 1.0000000000
15117  24.684  -33.807  -10.337 0.8000000119
16408  26.131  -31.287  -6.585 1.0000000000
17093  24.620  -30.201  -5.392 0.8999999762
77154  25.659  -31.114  -10.238 0.8999999762
17805  26.307  -29.170  -9.234 1.0000000000
17193  21.801  -29.751  -13.060 0.8999999762
17194  21.121  -30.307  -13.241 0.8000000119
17111  22.396  -29.731  -5.913 0.8999999762
17817  18.538  -28.965  -9.640 0.6000000238
18455  17.654  -28.174  -10.388 0.4000000060
72784  25.710  -27.947  -10.854 1.0000000000
18477  25.167  -28.151  -12.175 0.8999999762
17206  20.081  -30.171  -15.123 0.6999999881
18393  23.128  -28.419  -5.401 0.8999999762
76841  20.792  -28.934  -13.718 0.8999999762
19047  21.232  -27.530  -7.384 0.6999999881
18486  23.642  -28.116  -13.479 0.8999999762
19108  22.394  -27.373  -14.041 0.8999999762
19110  20.085  -27.226  -14.706 0.8999999762
19652  24.602  -26.063  -5.777 0.8000000119
20275  19.993  -25.772  -8.654 0.5000000000
76753  25.702  -25.150  -7.767 0.8999999762
19741  19.723  -26.093  -15.271 0.8999999762
76143  20.771  -25.757  -16.455 0.8000000119
78648  21.849  -25.122  -5.911 0.6000000238
20850  25.144  -24.557  -6.383 0.6999999881
21550  26.005  -23.782  -8.206 0.6999999881
20330  21.588  -25.364  -14.381 1.0000000000
20852  21.699  -24.251  -6.158 0.6000000238
78264  20.816  -25.252  -7.618 0.5000000000
21542  25.832  -23.547  -7.425 0.6999999881
20857  21.266  -24.074  -6.819 0.5000000000
22251  23.911  -23.010  -5.589 0.6000000238
22268  23.248  -22.288  -5.641 0.5000000000
22342  23.865  -22.757  -14.287 0.8999999762
23015  25.615  -21.805  -12.645 0.8000000119
75192  25.111  -21.855  -6.378 0.6999999881
22344  21.746  -22.326  -14.340 0.8999999762
73870  27.152  -19.973  -9.686 0.6999999881
24368  25.835  -20.324  -13.258 0.8000000119
23664  21.519  -20.495  -14.800 0.8999999762
24314  26.884  -19.181  -8.243 0.6000000238
83622  20.130  -20.016  -15.510 0.8999999762
24401  20.503  -19.776  -17.622 0.6000000238
25857  19.979  -17.735  -18.155 0.6000000238
85097  22.560  -19.308  -18.740 0.6000000238
26570  19.841  -16.249  -17.792 0.6000000238
28011  23.125  -14.699  -17.366 0.4000000060
72648  21.604  -14.355  -17.574 0.4000000060
28806  24.716  -13.770  -16.631 0.4000000060
28827  21.498  -13.576  -18.128 0.4000000060
11197  23.622  -39.321  -5.593 0.4000000060
11845  21.940  -38.469  -4.943 0.4000000060
11844  23.671  -38.637  -5.658 0.4000000060
12489  22.397  -37.816  -5.277 0.4000000060
11846  21.159  -38.324  -5.169 0.4000000060
12496  24.976  -37.905  -6.559 0.3000000119
12488  23.363  -37.980  -5.534 0.4000000060
84762  25.398  -38.044  -7.046 0.4000000060
12522  25.617  -37.614  -8.356 0.4000000060
82410  25.201  -36.658  -9.305 0.4000000060
13190  24.767  -36.172  -9.772 0.4000000060
12491  21.061  -37.749  -5.513 0.4000000060
12487  24.505  -37.455  -6.111 0.4000000060
77339  23.871  -37.356  -5.711 0.4000000060
13144  25.540  -37.384  -6.969 0.5000000000
13160  25.916  -36.905  -7.728 0.4000000060
71266  25.660  -36.771  -8.660 0.4000000060
74244  24.340  -35.697  -10.376 0.5000000000
13866  24.006  -35.213  -11.021 0.6000000238
13852  23.871  -36.069  -10.995 0.5000000000
13867  23.467  -35.576  -11.612 0.6000000238
13875  23.072  -35.040  -12.204 0.4000000060
71327  22.278  -37.056  -5.400 0.5000000000
13140  21.077  -37.083  -5.778 0.5000000000
12498  20.429  -37.633  -6.000 0.5000000000
12499  19.849  -37.619  -6.661 0.5000000000
13137  24.433  -36.800  -5.896 0.6000000238
71273  23.071  -37.185  -5.446 0.6000000238
12497  25.086  -37.043  -6.410 0.5000000000
13145  25.067  -36.238  -6.118 0.6000000238
73578  25.733  -36.384  -6.808 0.5000000000
13178  25.972  -36.066  -8.247 0.5000000000
13189  25.468  -35.901  -9.114 0.6000000238
13839  24.891  -35.245  -9.797 0.6000000238
78425  24.422  -34.966  -10.451 0.6000000238
81788  23.815  -34.003  -11.728 0.6000000238
15141  23.014  -33.565  -12.702 0.6000000238
14499  23.676  -34.722  -11.663 0.6000000238
14506  23.346  -34.214  -12.238 0.6000000238
14507  22.651  -34.410  -12.688 0.6000000238
15142  22.232  -33.704  -13.098 0.6000000238
13139  21.756  -36.641  -5.553 0.5000000000
13147  20.418  -36.811  -6.536 0.5000000000
12512  19.213  -37.734  -7.249 0.5000000000
13138  23.658  -36.577  -5.540 0.6000000238
13788  24.893  -35.490  -5.758 0.6000000238
13159  26.075  -36.063  -7.485 0.5000000000
13797  25.560  -35.522  -6.307 0.6000000238
13826  25.911  -35.260  -8.585 0.6000000238
13838  25.458  -35.075  -9.212 0.6000000238
15129  24.237  -34.225  -10.949 0.6000000238
15815  22.592  -32.842  -13.046 0.6000000238
78172  21.773  -32.998  -13.308 0.6999999881
13146  21.194  -36.293  -5.948 0.6000000238
13148  19.687  -36.973  -7.225 0.5000000000
70352  24.329  -36.068  -5.657 0.6000000238
71236  22.635  -36.282  -5.426 0.6000000238
13162  19.438  -36.454  -7.836 0.5000000000
13163  18.810  -36.742  -8.198 0.5000000000
76227  24.238  -35.440  -5.476 0.6000000238
14458  26.191  -34.574  -8.183 0.6000000238
15816  21.971  -32.104  -13.255 0.6999999881
13791  21.902  -35.795  -5.613 0.6000000238
13800  20.722  -35.892  -6.795 0.6000000238
13790  22.732  -35.190  -5.412 0.6000000238
13799  21.324  -35.486  -6.169 0.6000000238
13161  20.058  -36.199  -7.346 0.6000000238
13811  19.748  -35.724  -8.044 0.6000000238
13180  18.380  -36.307  -8.776 0.6000000238
13192  17.521  -36.570  -9.195 0.5000000000
13191  17.972  -35.783  -9.364 0.6000000238
16488  21.177  -31.802  -13.425 0.6999999881
13798  21.912  -34.990  -5.759 0.6000000238
13810  20.364  -35.408  -7.574 0.6000000238
14423  23.231  -34.364  -5.338 0.6000000238
13809  20.952  -35.094  -6.985 0.6000000238
13828  18.745  -35.595  -8.985 0.6000000238
74380  23.708  -34.931  -5.319 0.6000000238
71337  24.534  -34.800  -5.432 0.6000000238
75806  20.697  -30.819  -13.486 0.6999999881
14422  24.034  -34.213  -5.242 0.6000000238
14430  21.257  -34.351  -6.982 0.6999999881
14440  20.646  -34.542  -7.780 0.6999999881
14421  24.898  -34.060  -5.432 0.6000000238
70261  20.243  -30.212  -13.974 0.6999999881
14429  21.769  -34.284  -6.155 0.6999999881
15058  23.549  -33.757  -5.284 0.6999999881
15059  22.868  -33.708  -5.466 0.6999999881
14460  20.279  -34.365  -8.537 0.6999999881
78101  19.449  -35.322  -8.686 0.6000000238
14461  19.730  -34.546  -9.006 0.6999999881
15098  20.187  -33.850  -8.897 0.6000000238
13841  18.394  -35.082  -9.492 0.5000000000
15067  22.198  -33.642  -5.893 0.6999999881
15082  21.083  -33.753  -7.592 0.6999999881
15083  20.608  -33.847  -8.300 0.6999999881
14487  17.701  -34.237  -10.259 0.5000000000
84270  20.460  -33.326  -8.577 0.6999999881
15108  19.554  -33.756  -9.352 0.6000000238
14486  18.340  -34.050  -9.995 0.6000000238
23648  26.434  -20.109  -12.403 0.6999999881
24375  25.302  -20.121  -14.039 0.6999999881
24359  26.922  -19.712  -11.593 0.6000000238
74782  24.618  -19.932  -14.625 0.6999999881
24383  23.613  -19.698  -15.114 0.6999999881
81550  22.567  -19.690  -15.236 0.6999999881
76742  26.730  -19.377  -12.383 0.6000000238
24367  26.346  -19.490  -13.051 0.6999999881
24374  25.833  -19.524  -13.743 0.6999999881
24343  27.464  -18.894  -10.258 0.6000000238
24392  23.758  -18.979  -15.409 0.6999999881
24358  27.299  -18.961  -11.099 0.6000000238
25080  27.099  -18.855  -11.962 0.6000000238
25087  26.736  -18.657  -12.820 0.6000000238
24373  26.255  -18.839  -13.572 0.6999999881
24381  25.318  -19.383  -14.399 0.6999999881
24382  24.620  -19.066  -15.056 0.6999999881
25114  23.340  -18.505  -15.821 0.6999999881
74010  27.536  -18.376  -10.649 0.6000000238
25079  27.428  -18.115  -11.423 0.6000000238
25086  27.122  -18.153  -12.260 0.5000000000
25094  26.537  -18.174  -13.477 0.6000000238
25095  26.102  -18.201  -14.162 0.5000000000
25104  25.017  -18.196  -15.297 0.6999999881
25837  24.588  -17.831  -15.776 0.6999999881
25838  23.897  -17.896  -16.110 0.6999999881
27311  23.702  -15.812  -19.928 0.3000000119
27312  22.913  -15.930  -19.798 0.3000000119
27313  21.780  -15.319  -19.657 0.3000000119
11833  22.143  -39.233  -4.758 0.4000000060
11199  21.324  -38.968  -4.749 0.3000000119
11201  19.849  -39.463  -5.467 0.4000000060
11196  24.222  -39.042  -6.062 0.3000000119
11847  20.553  -38.789  -5.255 0.4000000060
11867  25.421  -38.537  -7.389 0.4000000060
11856  20.584  -38.183  -5.609 0.4000000060
12530  25.245  -37.371  -9.078 0.4000000060
12531  24.640  -37.056  -9.731 0.4000000060
11857  19.131  -38.590  -6.896 0.4000000060
72213  18.547  -38.294  -7.571 0.5000000000
12513  18.612  -37.490  -7.913 0.5000000000
12524  17.302  -37.409  -8.868 0.5000000000
15817  21.149  -32.461  -13.443 0.6000000238
12533  16.186  -37.002  -10.109 0.4000000060
17186  20.740  -31.348  -13.529 0.6999999881
13843  17.309  -35.946  -9.732 0.5000000000
17195  20.223  -31.134  -13.889 0.6999999881
13842  17.484  -35.127  -10.050 0.5000000000
17202  19.891  -30.240  -14.729 0.8000000119
13868  15.920  -35.154  -11.359 0.5000000000
14488  16.981  -34.434  -10.652 0.6000000238
24329  27.453  -18.716  -9.470 0.6000000238
71536  27.696  -17.670  -10.545 0.5000000000
25803  27.367  -17.453  -12.061 0.5000000000
25804  26.949  -17.629  -12.940 0.5000000000
25813  26.546  -17.497  -13.821 0.5000000000
25823  25.698  -17.810  -14.890 0.5000000000
25836  25.227  -17.296  -15.597 0.5000000000
71940  24.464  -17.259  -16.220 0.5000000000
28029  24.102  -15.090  -19.998 0.3000000119
77445  23.134  -15.007  -20.045 0.3000000119
28030  22.336  -14.636  -19.938 0.3000000119
13787  25.332  -34.776  -5.835 0.6000000238
13796  25.909  -34.716  -6.510 0.6000000238
13808  26.073  -35.485  -6.974 0.6000000238
80182  20.890  -33.166  -8.065 0.8000000119
24394  21.909  -19.321  -15.605 0.6999999881
25848  23.716  -17.301  -16.519 0.6000000238
82523  22.469  -15.398  -19.801 0.3000000119
17203  19.888  -30.890  -14.905 0.6999999881
70765  22.901  -38.716  -5.232 0.4000000060
11843  24.208  -38.154  -5.991 0.4000000060
11854  25.191  -38.465  -6.887 0.3000000119
80503  19.889  -38.462  -6.147 0.5000000000
71831  22.291  -35.252  -12.551 0.4000000060
14475  18.158  -34.564  -9.859 0.6000000238
24393  22.938  -19.164  -15.524 0.6999999881
72328  25.812  -18.919  -14.113 0.6999999881
25103  25.473  -18.611  -14.674 0.6999999881
25113  24.229  -18.436  -15.597 0.6999999881
25793  27.698  -17.205  -11.246 0.5000000000
26496  27.897  -16.705  -10.376 0.5000000000
26537  26.944  -16.646  -13.478 0.5000000000
26554  25.618  -16.356  -15.549 0.5000000000
17196  19.927  -30.936  -14.430 0.6000000238
17213  20.761  -30.536  -15.592 0.5000000000
17207  20.223  -31.068  -15.226 0.6000000238
17211  22.728  -30.214  -16.391 0.5000000000
17212  21.677  -30.129  -16.051 0.5000000000
74319  16.559  -32.412  -11.008 0.5000000000
17210  23.575  -30.241  -16.628 0.5000000000
17221  24.312  -30.180  -16.889 0.5000000000
82883  16.500  -31.712  -11.012 0.4000000060
77876  15.321  -32.189  -11.600 0.4000000060
16478  15.469  -31.333  -11.560 0.4000000060
81632  23.888  -29.658  -16.864 0.5000000000
17172  15.685  -30.479  -11.462 0.4000000060
17874  25.260  -29.252  -17.367 0.5000000000
17875  24.484  -29.445  -17.153 0.5000000000
17173  14.933  -30.604  -11.677 0.4000000060
19667  19.643  -26.503  -9.014 0.4000000060
19681  19.100  -26.503  -9.531 0.4000000060
19682  18.491  -26.586  -10.019 0.4000000060
19080  17.344  -27.429  -10.639 0.3000000119
21539  21.604  -23.417  -6.409 0.4000000060
21543  21.088  -23.427  -7.212 0.4000000060
20863  20.382  -25.057  -8.222 0.4000000060
22270  21.431  -22.644  -6.818 0.4000000060
20864  19.809  -24.863  -8.840 0.4000000060
20276  19.358  -25.614  -9.325 0.4000000060
78122  20.266  -24.169  -8.450 0.4000000060
20287  18.797  -25.915  -9.822 0.4000000060
19694  17.755  -26.642  -10.474 0.4000000060
20858  20.802  -24.340  -7.606 0.4000000060
22946  21.770  -21.808  -6.648 0.4000000060
22284  20.956  -22.653  -7.613 0.4000000060
21544  20.613  -23.411  -8.021 0.4000000060
21551  20.139  -23.329  -8.741 0.4000000060
74827  19.770  -23.987  -9.091 0.4000000060
20875  19.304  -24.600  -9.446 0.4000000060
21552  19.651  -23.204  -9.282 0.4000000060
21561  19.268  -23.763  -9.578 0.4000000060
74129  18.792  -25.146  -9.884 0.4000000060
22267  24.412  -22.199  -5.845 0.4000000060
73895  21.284  -22.043  -7.288 0.4000000060
22965  20.926  -21.884  -7.915 0.4000000060
22944  23.598  -21.417  -5.842 0.4000000060
23574  22.191  -20.915  -6.767 0.4000000060
83307  20.606  -21.711  -8.501 0.4000000060
22285  20.485  -22.504  -8.428 0.4000000060
22294  20.009  -22.665  -9.042 0.4000000060
22977  20.161  -21.856  -9.079 0.4000000060
78241  19.196  -23.085  -9.677 0.4000000060
22942  25.409  -21.139  -6.636 0.5000000000
22943  24.569  -21.252  -6.134 0.5000000000
23572  23.749  -20.526  -6.148 0.5000000000
23573  22.800  -20.287  -6.516 0.4000000060
22964  21.471  -21.268  -7.506 0.4000000060
23571  24.810  -20.422  -6.397 0.5000000000
23587  21.803  -20.557  -7.488 0.4000000060
23606  21.402  -20.538  -8.084 0.4000000060
24290  24.131  -19.759  -6.375 0.4000000060
24291  23.334  -19.861  -6.462 0.4000000060
24292  22.722  -19.623  -6.883 0.4000000060
23586  22.235  -20.144  -7.161 0.4000000060
24303  21.835  -19.976  -7.856 0.4000000060
25023  23.570  -18.448  -7.047 0.4000000060
25036  22.940  -18.063  -7.823 0.4000000060
25024  22.690  -18.926  -7.457 0.4000000060
25037  22.294  -18.526  -8.438 0.4000000060
23584  26.279  -20.283  -7.516 0.5000000000
75429  25.466  -19.054  -6.965 0.5000000000
25022  24.608  -18.228  -7.001 0.4000000060
25050  21.929  -18.129  -9.190 0.3000000119
76184  26.625  -19.869  -7.920 0.5000000000
24300  24.371  -19.013  -6.638 0.5000000000
24301  23.423  -19.216  -6.695 0.4000000060
24302  22.285  -19.592  -7.520 0.4000000060
24315  22.022  -19.293  -8.187 0.4000000060
25741  23.785  -17.674  -7.436 0.4000000060
25754  22.546  -17.764  -8.722 0.3000000119
25035  26.838  -18.226  -8.148 0.5000000000
73525  25.567  -18.054  -7.290 0.5000000000
25740  24.752  -17.421  -7.371 0.4000000060
25752  24.032  -16.941  -7.803 0.4000000060
25753  23.221  -17.341  -8.196 0.4000000060
25765  22.803  -17.071  -8.990 0.3000000119
25766  22.206  -17.409  -9.467 0.3000000119
25738  26.290  -17.721  -7.726 0.5000000000
26457  24.932  -16.674  -7.724 0.3000000119
26475  23.491  -16.649  -8.534 0.4000000060
26485  23.056  -16.494  -9.189 0.3000000119
26487  21.873  -16.950  -10.099 0.3000000119
25750  27.207  -17.839  -8.588 0.4000000060
25065  27.614  -18.176  -9.942 0.4000000060
26486  22.513  -16.722  -9.677 0.3000000119
26515  21.041  -16.303  -11.030 0.3000000119
25780  21.090  -17.039  -10.398 0.3000000119
82815  25.674  -16.509  -7.813 0.3000000119
26497  22.255  -16.167  -10.356 0.3000000119
26498  21.554  -16.485  -10.598 0.3000000119
26516  20.524  -16.040  -11.396 0.3000000119
26456  26.256  -16.831  -7.868 0.3000000119
25751  26.858  -17.287  -8.246 0.3000000119
25764  27.374  -17.132  -8.856 0.3000000119
25779  27.681  -17.363  -9.691 0.4000000060
26526  27.349  -16.771  -12.559 0.4000000060
83889  26.178  -17.475  -14.461 0.4000000060
26473  25.233  -15.984  -8.130 0.3000000119
26472  26.724  -16.466  -8.308 0.3000000119
26471  27.201  -16.204  -8.772 0.3000000119
26484  27.674  -16.470  -9.443 0.3000000119
27207  28.183  -15.300  -10.330 0.3000000119
26513  28.103  -15.875  -10.683 0.4000000060
26514  27.893  -16.415  -11.233 0.4000000060
26545  26.709  -15.983  -14.160 0.4000000060
25822  26.451  -16.805  -14.321 0.4000000060
74091  25.949  -17.002  -14.990 0.4000000060
82067  28.056  -15.777  -11.329 0.3000000119
26536  27.422  -15.982  -12.899 0.4000000060
76436  27.119  -15.789  -13.549 0.4000000060
27262  26.503  -15.287  -14.711 0.4000000060
26555  24.953  -16.509  -16.213 0.4000000060
26566  24.099  -16.552  -16.755 0.5000000000
27929  28.236  -14.549  -10.389 0.3000000119
27937  28.330  -14.600  -11.454 0.3000000119
27233  27.735  -15.418  -12.449 0.3000000119
27248  27.497  -15.111  -13.173 0.4000000060
27261  27.030  -15.186  -13.998 0.4000000060
27973  26.816  -14.462  -14.469 0.3000000119
27269  25.905  -15.445  -15.398 0.4000000060
27277  24.626  -15.775  -16.635 0.3000000119
27278  24.022  -15.796  -17.055 0.3000000119
79127  23.407  -16.131  -17.138 0.4000000060
77673  24.260  -15.131  -16.974 0.3000000119
71904  28.425  -14.027  -10.926 0.3000000119
27946  28.424  -13.856  -11.739 0.3000000119
27938  28.034  -14.625  -12.350 0.3000000119
27957  27.763  -14.309  -13.083 0.3000000119
27958  27.350  -14.412  -13.750 0.3000000119
27974  26.178  -14.452  -15.218 0.3000000119
78948  25.525  -14.760  -15.891 0.3000000119
77961  24.924  -14.977  -16.498 0.3000000119
28754  28.345  -13.143  -11.063 0.3000000119
77290  27.705  -13.646  -13.432 0.3000000119
28773  27.171  -13.700  -14.183 0.3000000119
28787  26.594  -13.709  -14.840 0.3000000119
28788  26.122  -13.619  -15.337 0.3000000119
27984  25.113  -14.189  -16.337 0.3000000119
27983  25.656  -13.893  -15.765 0.3000000119
28800  25.209  -13.439  -16.224 0.3000000119
23585  25.681  -20.182  -6.930 0.5000000000
16497  19.900  -31.724  -14.294 0.5000000000
16502  19.745  -31.542  -14.761 0.5000000000
16510  20.836  -31.418  -15.597 0.5000000000
17209  24.033  -30.895  -16.595 0.5000000000
75928  22.273  -30.988  -16.142 0.5000000000
75481  21.456  -30.981  -15.851 0.5000000000
73714  19.314  -33.073  -9.448 0.6000000238
15118  17.950  -33.519  -10.209 0.6000000238
15790  18.236  -32.785  -10.026 0.6000000238
15791  17.360  -32.789  -10.517 0.5000000000
15803  15.890  -32.876  -11.432 0.5000000000
15804  15.182  -32.919  -11.575 0.5000000000
15805  14.573  -32.491  -11.434 0.5000000000
16480  14.143  -31.667  -11.301 0.4000000060
78201  14.402  -31.020  -11.520 0.4000000060
17174  14.222  -30.346  -11.532 0.4000000060
18465  16.156  -28.196  -11.292 0.3000000119
19081  16.583  -27.463  -11.074 0.3000000119
20876  18.780  -24.262  -9.946 0.4000000060
20288  18.155  -25.741  -10.314 0.4000000060
21562  18.752  -23.436  -9.994 0.4000000060
22976  20.992  -21.180  -8.269 0.4000000060
22295  19.480  -22.377  -9.546 0.4000000060
22986  18.909  -21.751  -10.065 0.4000000060
75874  20.514  -21.135  -8.808 0.4000000060
24316  21.366  -19.770  -8.603 0.4000000060
22984  20.076  -21.075  -9.241 0.4000000060
25038  21.657  -18.908  -8.925 0.4000000060
25767  21.524  -17.628  -9.761 0.3000000119
25768  20.804  -17.835  -9.878 0.3000000119
84952  15.206  -28.820  -11.704 0.4000000060
22303  18.803  -22.623  -10.035 0.4000000060
23607  20.902  -20.497  -8.653 0.4000000060
23617  20.388  -20.488  -9.123 0.4000000060
78073  15.271  -29.629  -11.642 0.4000000060
22269  22.138  -22.594  -5.965 0.4000000060
25049  27.496  -17.971  -9.167 0.5000000000
22945  22.568  -21.595  -6.036 0.4000000060
85010  26.533  -19.354  -7.775 0.5000000000
72276  27.611  -16.787  -11.823 0.4000000060
26546  26.227  -16.159  -14.885 0.4000000060
73077  23.185  -30.966  -16.406 0.5000000000
76900  22.945  -20.903  -6.161 0.4000000060
81568  24.957  -19.677  -6.588 0.5000000000
24299  26.193  -19.584  -7.418 0.5000000000
25021  26.329  -18.745  -7.586 0.5000000000
25739  25.624  -17.189  -7.546 0.4000000060
83709  27.067  -16.778  -8.517 0.3000000119
26525  27.728  -16.067  -12.006 0.4000000060
27179  26.711  -15.743  -8.481 0.3000000119
85100  28.394  -14.590  -10.932 0.3000000119
27219  28.047  -15.286  -11.768 0.3000000119
27270  25.298  -15.650  -16.074 0.4000000060
28763  28.156  -13.706  -12.609 0.3000000119
29587  28.141  -12.768  -12.947 0.3000000119
22985  19.552  -21.399  -9.580 0.4000000060
13202  16.319  -36.294  -10.455 0.4000000060
13854  16.135  -35.769  -10.954 0.4000000060
13213  15.118  -36.361  -11.601 0.4000000060
13870  14.783  -35.735  -11.650 0.3000000119
75803  16.616  -35.128  -10.804 0.4000000060
73591  15.304  -35.203  -11.593 0.3000000119
15143  21.328  -33.724  -13.311 0.5000000000
14500  16.310  -34.489  -11.203 0.5000000000
14502  14.837  -34.822  -11.604 0.3000000119
79002  21.043  -33.104  -13.426 0.5000000000
15823  20.416  -32.805  -13.658 0.5000000000
15144  20.470  -33.523  -13.541 0.5000000000
15119  17.200  -33.691  -10.607 0.5000000000
15131  16.079  -33.776  -11.386 0.4000000060
16496  20.397  -31.962  -13.745 0.5000000000
15824  19.813  -32.604  -14.171 0.5000000000
77614  19.512  -32.888  -14.640 0.3000000119
15828  19.620  -32.260  -14.681 0.4000000060
73499  19.559  -32.807  -14.938 0.3000000119
15834  19.742  -32.098  -15.010 0.3000000119
15842  19.882  -32.661  -15.170 0.3000000119
82519  21.329  -32.438  -15.695 0.3000000119
15841  20.407  -32.578  -15.416 0.3000000119
16511  20.192  -31.920  -15.281 0.4000000060
16503  19.895  -31.484  -15.030 0.4000000060
15793  12.819  -32.293  -10.536 0.3000000119
16508  22.771  -31.747  -16.147 0.4000000060
16509  21.704  -31.870  -15.867 0.4000000060
75300  20.878  -32.189  -15.594 0.4000000060
16465  13.382  -31.609  -10.816 0.3000000119
77420  14.632  -29.824  -11.648 0.3000000119
19705  17.331  -25.987  -10.800 0.3000000119
20886  18.212  -24.755  -10.359 0.3000000119
20299  17.542  -25.162  -10.756 0.3000000119
21572  18.190  -23.872  -10.371 0.3000000119
20887  17.603  -24.322  -10.766 0.3000000119
22313  18.165  -22.985  -10.414 0.3000000119
23619  18.971  -20.838  -9.999 0.3000000119
76804  18.262  -21.142  -10.513 0.3000000119
22994  17.528  -21.407  -11.084 0.3000000119
24317  20.776  -19.946  -9.017 0.3000000119
23618  19.708  -20.463  -9.533 0.3000000119
23624  19.088  -20.026  -9.903 0.3000000119
24331  20.916  -19.236  -9.262 0.3000000119
74042  20.286  -19.214  -9.496 0.3000000119
24333  19.723  -19.607  -9.610 0.3000000119
25052  20.554  -18.597  -9.598 0.3000000119
25053  19.869  -18.867  -9.659 0.3000000119
25051  21.254  -18.396  -9.465 0.3000000119
25066  20.052  -18.074  -9.815 0.3000000119
77691  13.796  -30.948  -11.250 0.3000000119
24332  20.294  -19.806  -9.332 0.3000000119
78609  14.947  -34.106  -11.596 0.3000000119
15133  14.728  -33.432  -11.481 0.3000000119
73128  13.091  -33.115  -10.645 0.3000000119
11868  18.541  -39.059  -7.250 0.4000000060
11230  17.416  -39.549  -8.060 0.4000000060
11869  17.958  -38.893  -7.852 0.4000000060
11242  15.129  -39.598  -10.058 0.4000000060
11241  15.495  -38.841  -9.942 0.3000000119
11876  17.257  -38.743  -8.385 0.4000000060
11877  16.619  -38.550  -8.916 0.4000000060
11885  16.099  -38.393  -9.482 0.4000000060
11875  17.830  -37.995  -8.244 0.4000000060
11886  15.734  -37.880  -10.215 0.3000000119
76949  15.232  -37.699  -11.154 0.3000000119
12525  16.535  -37.750  -9.340 0.4000000060
12556  14.324  -37.475  -11.719 0.3000000119
11909  14.648  -37.909  -11.669 0.3000000119
13215  13.973  -36.965  -11.565 0.3000000119
12532  16.849  -37.026  -9.433 0.4000000060
12555  15.004  -37.115  -11.524 0.3000000119
13203  15.679  -36.498  -11.045 0.3000000119
11231  16.633  -39.410  -8.640 0.4000000060
74747  14.052  -36.058  -11.410 0.3000000119
78095  12.773  -36.826  -10.515 0.3000000119
11240  16.125  -38.974  -9.199 0.4000000060
11855  24.771  -38.703  -6.526 0.3000000119
11896  15.095  -38.337  -11.055 0.3000000119
11910  14.098  -38.262  -11.953 0.3000000119
12490  21.683  -37.378  -5.411 0.5000000000
12511  25.631  -37.849  -7.572 0.4000000060
12523  18.061  -37.075  -8.499 0.5000000000
12542  15.576  -37.229  -10.817 0.3000000119
13179  19.114  -36.030  -8.433 0.6000000238
13193  16.804  -36.430  -9.833 0.4000000060
13200  24.204  -36.525  -10.308 0.4000000060
13214  14.548  -36.629  -11.642 0.3000000119
13789  23.559  -35.765  -5.419 0.6000000238
13825  26.203  -35.377  -7.807 0.6000000238
13827  20.079  -35.001  -8.340 0.6000000238
13840  19.077  -34.995  -9.161 0.6999999881
13853  16.775  -35.777  -10.294 0.4000000060
13869  15.495  -35.794  -11.472 0.4000000060
14424  22.433  -34.362  -5.587 0.6999999881
14472  25.213  -34.472  -9.559 0.6999999881
14474  18.898  -34.370  -9.561 0.6000000238
14501  15.556  -34.459  -11.545 0.5000000000
14503  14.265  -34.201  -11.308 0.3000000119
15109  18.763  -33.491  -9.780 0.6000000238
15120  16.621  -33.925  -10.988 0.5000000000
15132  15.407  -33.598  -11.562 0.3000000119
15745  26.034  -32.598  -6.348 1.0000000000
15780  19.317  -32.257  -9.319 0.6999999881
15788  25.428  -32.379  -9.954 0.8000000119
15792  16.605  -33.245  -11.005 0.5000000000
15806  13.710  -32.409  -10.914 0.3000000119
16423  21.099  -31.387  -7.839 0.8999999762
16462  18.223  -31.452  -9.828 0.6000000238
16477  16.129  -31.176  -11.257 0.5000000000
16479  14.804  -31.553  -11.619 0.4000000060
17110  25.928  -30.478  -6.414 1.0000000000
17139  20.337  -30.485  -8.273 0.8000000119
17780  21.076  -29.652  -7.638 0.8000000119
17829  16.458  -28.923  -11.071 0.4000000060
18430  20.690  -28.366  -7.994 0.6000000238
18446  18.962  -28.213  -9.438 0.6000000238
19071  18.827  -27.355  -9.656 0.5000000000
23028  21.718  -21.630  -14.432 0.8999999762
26578  19.670  -16.137  -17.953 0.6000000238
27218  28.302  -15.163  -10.983 0.3000000119
27291  22.652  -15.154  -17.377 0.4000000060
27993  24.497  -14.392  -16.822 0.3000000119
27997  20.960  -14.766  -17.611 0.4000000060
28021  20.193  -14.077  -18.770 0.4000000060
28810  20.567  -14.338  -17.850 0.4000000060
72612  17.085  -38.075  -8.700 0.4000000060
74073  21.372  -33.027  -7.442 0.8999999762
76378  19.154  -37.071  -7.685 0.5000000000
78123  22.108  -32.958  -6.316 0.8999999762
78555  16.782  -29.668  -10.791 0.5000000000
78559  15.982  -31.955  -11.406 0.4000000060
78755  18.768  -29.774  -9.416 0.6999999881
80091  19.901  -33.239  -13.865 0.5000000000
82722  20.553  -32.624  -8.469 0.8000000119
82988  19.513  -38.104  -6.745 0.4000000060
83020  18.895  -39.164  -6.831 0.4000000060
84566  22.271  -31.533  -13.040 0.6999999881
84885  21.420  -34.846  -6.413 0.6000000238
85148  21.651  -37.940  -5.241 0.4000000060
