#!ascii label  , from subject sub-2002 vox2ras=TkReg
2231
680  11.298  -62.302  6.893 0.8999999762
427  10.913  -62.943  6.273 0.8999999762
682  9.692  -61.650  6.304 0.8999999762
426  11.638  -63.159  6.629 0.8999999762
242  11.017  -64.234  6.181 0.8999999762
72206  3.887  -63.659  5.950 0.5000000000
962  10.326  -61.445  7.039 0.8000000119
443  5.311  -62.961  5.734 0.6999999881
964  8.842  -61.431  6.618 0.8000000119
674  12.265  -62.125  7.812 0.8000000119
418  12.058  -62.525  7.244 0.8999999762
440  10.439  -63.766  5.668 0.8999999762
229  12.444  -63.356  6.961 0.8999999762
64  14.898  -64.441  6.738 0.6999999881
240  13.931  -64.369  6.515 0.8000000119
73  11.579  -64.726  6.138 0.8999999762
81  13.246  -65.565  5.257 0.6999999881
80  14.031  -65.307  5.316 0.8000000119
935  11.219  -61.056  8.831 0.8000000119
944  10.642  -61.002  8.318 0.8000000119
955  10.121  -61.081  7.695 0.8000000119
963  9.556  -61.277  7.110 0.8000000119
457  5.612  -63.068  4.837 0.6999999881
661  12.389  -61.825  9.161 0.6999999881
683  8.900  -61.729  5.955 0.8000000119
660  13.127  -62.484  9.061 0.8000000119
666  12.714  -62.232  8.337 0.6999999881
667  11.918  -61.600  8.416 0.8000000119
676  10.941  -61.723  7.126 0.8999999762
455  7.344  -62.578  4.503 0.8000000119
441  9.735  -63.076  5.105 0.8999999762
417  12.896  -62.817  7.646 0.8000000119
81511  15.425  -63.644  7.970 0.6999999881
416  13.812  -63.318  7.763 0.6999999881
78617  11.853  -63.931  6.506 0.8999999762
241  12.744  -64.274  6.394 0.8999999762
0  12.636  -66.050  4.899 0.6999999881
244  3.102  -64.231  6.544 0.6000000238
430  4.670  -63.242  6.480 0.8999999762
926  11.267  -61.061  10.656 0.8000000119
419  5.854  -62.659  7.341 1.0000000000
653  11.891  -61.527  10.065 0.8000000119
630  13.525  -62.780  12.231 0.5000000000
82162  11.287  -61.290  8.137 0.8000000119
75634  6.777  -62.282  5.733 0.8000000119
369  14.374  -63.013  11.761 0.5000000000
693  6.827  -62.407  5.139 0.8000000119
80320  14.343  -63.257  10.571 0.6000000238
690  9.371  -62.195  5.506 0.8999999762
699  9.078  -62.620  4.892 0.8999999762
208  15.620  -63.117  8.983 0.6000000238
254  9.752  -64.428  5.056 0.8999999762
52  16.502  -62.648  8.506 0.5000000000
53  16.022  -62.997  8.622 0.6000000238
63  15.523  -64.197  6.930 0.6999999881
253  10.144  -65.236  5.610 0.8999999762
72783  15.841  -63.701  7.460 0.6000000238
227  14.358  -63.895  7.282 0.8000000119
252  10.709  -65.155  5.884 0.8000000119
83  11.295  -65.525  5.537 0.8000000119
62  16.228  -63.321  7.281 0.4000000060
79378  15.084  -64.491  6.426 0.8000000119
610  6.338  -61.789  16.421 0.6999999881
1130  5.759  -61.295  16.172 0.6999999881
885  6.271  -61.312  15.553 0.8000000119
1134  5.653  -60.431  15.427 0.8000000119
1140  5.067  -59.974  13.470 0.8000000119
616  6.845  -61.734  15.695 0.8000000119
889  5.990  -60.876  14.697 0.8000000119
888  6.653  -61.582  14.810 0.8000000119
71763  5.704  -60.487  13.855 0.8000000119
1145  4.717  -60.483  12.800 0.8000000119
212  2.832  -64.382  9.110 0.8999999762
898  11.257  -61.436  12.252 0.6000000238
429  5.535  -62.747  6.456 0.8999999762
936  10.462  -60.679  9.101 0.8999999762
678  6.699  -62.185  7.323 1.0000000000
428  6.323  -62.362  6.425 0.8000000119
652  12.667  -62.326  9.990 0.8000000119
956  8.769  -61.246  7.446 0.8000000119
685  7.137  -62.087  6.287 0.8000000119
396  13.389  -62.979  9.869 0.6999999881
454  8.072  -63.373  3.776 0.8000000119
199  15.925  -62.708  9.331 0.6000000238
406  13.818  -63.044  8.998 0.6999999881
453  9.131  -63.549  4.352 0.8000000119
83340  9.410  -65.688  5.194 0.6999999881
56  16.610  -62.896  7.696 0.5000000000
57  16.178  -63.171  7.917 0.5000000000
226  15.228  -64.025  7.443 0.6999999881
77817  13.415  -64.960  5.888 0.8999999762
70  15.484  -64.122  6.566 0.5000000000
6  11.775  -66.188  4.703 0.6999999881
882  5.706  -61.691  16.828 0.6000000238
75749  7.009  -61.955  16.270 0.8000000119
622  7.037  -61.726  14.847 0.8000000119
72886  6.288  -61.207  14.038 0.8000000119
894  6.680  -61.624  13.692 0.8000000119
1144  5.411  -60.739  13.073 0.8000000119
243  3.864  -63.883  6.996 0.8999999762
81658  12.624  -62.555  12.851 0.6000000238
913  11.522  -61.503  11.376 0.8000000119
444  4.695  -63.273  5.410 0.8000000119
640  12.126  -62.324  11.003 0.6000000238
442  6.089  -62.573  5.543 0.8000000119
81388  9.426  -61.076  7.774 0.6999999881
387  12.867  -63.030  10.825 0.6999999881
84881  11.737  -61.294  9.237 0.8000000119
202  13.678  -63.206  10.643 0.6999999881
954  10.858  -61.328  7.627 0.8000000119
692  7.571  -62.187  5.362 0.8000000119
700  8.337  -62.573  4.571 0.8000000119
368  14.787  -62.831  11.541 0.5000000000
385  16.780  -61.951  9.589 0.3000000119
196  14.737  -63.201  10.914 0.5000000000
395  14.557  -63.271  8.807 0.6999999881
81168  14.050  -63.241  8.331 0.6999999881
217  15.241  -63.393  8.555 0.6000000238
405  14.698  -63.534  8.014 0.6999999881
228  13.390  -63.635  7.107 0.8999999762
85  9.384  -66.144  5.221 0.6000000238
216  17.117  -62.654  7.656 0.4000000060
225  17.533  -62.838  7.337 0.4000000060
69  16.191  -63.229  7.026 0.4000000060
71995  15.864  -63.743  7.010 0.4000000060
76072  14.807  -64.684  5.928 0.8000000119
615  7.315  -61.787  15.645 0.8000000119
83491  9.760  -61.364  15.126 0.5000000000
619  10.103  -61.281  14.695 0.5000000000
73012  9.251  -61.420  15.354 0.5000000000
895  5.996  -61.367  13.226 0.8000000119
625  10.873  -61.324  13.891 0.5000000000
620  9.353  -61.209  14.506 0.5000000000
85075  5.604  -61.302  12.749 0.8000000119
80358  9.945  -61.159  13.985 0.5000000000
617  11.683  -61.412  13.649 0.5000000000
421  4.447  -63.613  7.589 0.8999999762
367  12.135  -62.395  13.062 0.5000000000
641  11.837  -62.299  11.980 0.6000000238
71728  11.092  -60.847  9.748 0.8999999762
669  6.867  -62.363  8.447 1.0000000000
946  8.805  -61.100  8.250 0.8999999762
957  8.057  -61.462  7.073 0.8999999762
456  6.477  -62.712  4.656 0.6999999881
80699  14.818  -62.569  11.506 0.5000000000
466  6.961  -63.119  3.899 0.6999999881
374  15.983  -62.190  10.071 0.4000000060
386  14.272  -63.221  9.778 0.6999999881
200  15.445  -62.994  9.706 0.5000000000
201  14.893  -63.178  10.161 0.5000000000
78  15.784  -63.678  6.457 0.5000000000
867  5.314  -61.163  18.666 0.4000000060
596  6.004  -61.602  17.957 0.4000000060
868  4.888  -61.189  18.601 0.4000000060
71073  8.701  -61.971  16.234 0.4000000060
621  8.421  -61.325  14.757 0.6000000238
232  2.268  -64.844  7.277 0.8000000119
81736  11.224  -60.840  14.293 0.4000000060
245  2.206  -64.674  6.175 0.6000000238
891  12.351  -61.937  13.237 0.4000000060
890  13.030  -62.330  12.776 0.4000000060
420  5.140  -63.128  7.345 0.8999999762
937  9.561  -60.642  9.405 0.8999999762
79508  6.153  -62.773  8.350 1.0000000000
947  8.048  -61.430  7.963 0.8999999762
77358  7.407  -61.799  7.658 0.8999999762
668  8.016  -61.494  8.976 0.8999999762
266  8.153  -64.559  3.170 0.8000000119
375  15.379  -62.483  10.593 0.5000000000
195  15.320  -62.973  10.424 0.5000000000
650  16.832  -61.824  9.912 0.3000000119
638  15.539  -62.137  10.558 0.4000000060
238  16.971  -62.957  6.971 0.4000000060
81049  15.804  -63.776  5.741 0.6000000238
479  16.526  -63.085  2.598 0.6000000238
516  18.257  -63.216  -1.182 0.4000000060
521  18.257  -63.305  -2.221 0.5000000000
85117  5.313  -59.671  14.013 0.8000000119
74848  10.034  -61.447  15.576 0.4000000060
74404  8.390  -61.651  15.597 0.6999999881
1138  5.556  -60.002  14.576 0.8000000119
75  0.009  -65.582  7.054 0.6000000238
618  10.838  -61.180  14.639 0.4000000060
74  1.127  -65.280  6.910 0.6999999881
66  0.373  -65.569  7.909 0.8000000119
78306  11.090  -61.162  14.340 0.4000000060
65  1.390  -65.354  8.048 0.8000000119
59  1.355  -65.318  8.890 0.8000000119
74072  2.275  -64.986  8.385 0.8000000119
400  3.745  -63.864  9.426 1.0000000000
230  3.836  -64.122  7.936 0.8999999762
218  4.392  -63.996  8.673 0.8999999762
231  3.127  -64.421  7.644 0.8999999762
886  11.653  -61.233  13.760 0.4000000060
624  11.725  -61.781  13.317 0.5000000000
410  4.913  -63.552  8.169 1.0000000000
1371  12.886  -58.731  13.274 0.4000000060
78499  5.468  -63.180  8.224 1.0000000000
914  10.705  -60.859  11.545 0.6000000238
75048  10.234  -60.569  9.838 0.8999999762
927  10.447  -60.630  10.577 0.8000000119
662  7.111  -62.540  9.448 0.8999999762
651  16.057  -61.833  10.302 0.4000000060
76747  16.772  -61.820  10.004 0.3000000119
1164  16.596  -60.477  9.573 0.3000000119
478  17.337  -62.427  2.641 0.4000000060
83763  16.995  -62.964  6.166 0.4000000060
439  17.022  -63.075  5.551 0.5000000000
264  16.181  -63.323  3.611 0.6000000238
452  16.640  -63.092  4.552 0.6000000238
508  18.200  -62.851  0.093 0.4000000060
307  17.542  -62.881  -2.776 0.5000000000
601  6.751  -61.881  17.734 0.3000000119
82763  5.759  -61.405  18.276 0.3000000119
876  5.296  -61.471  18.207 0.4000000060
877  4.873  -61.499  17.973 0.4000000060
71459  6.582  -62.053  16.920 0.6000000238
879  5.948  -61.843  17.217 0.4000000060
883  5.156  -61.250  16.798 0.6000000238
403  1.252  -64.204  10.068 1.0000000000
412  0.849  -64.456  9.325 0.8999999762
613  9.250  -61.726  15.935 0.4000000060
1368  5.428  -59.548  15.106 0.8000000119
383  1.380  -63.189  10.926 0.8999999762
67  -0.432  -65.240  7.606 0.8000000119
83385  7.692  -61.755  15.616 0.8000000119
904  3.153  -61.253  12.195 0.8000000119
611  10.530  -61.191  15.270 0.3000000119
1141  4.320  -59.679  13.100 0.8000000119
54  1.161  -65.169  9.314 1.0000000000
77116  7.576  -61.603  14.934 0.6999999881
1146  3.784  -60.435  12.565 0.8000000119
646  1.924  -62.575  11.434 0.8999999762
401  2.272  -63.843  9.662 1.0000000000
220  2.037  -64.945  8.998 1.0000000000
902  5.187  -61.212  12.438 0.8000000119
645  3.264  -62.171  11.070 0.8999999762
657  2.674  -62.684  10.540 0.8999999762
1139  11.881  -60.476  13.670 0.4000000060
893  8.536  -61.156  13.835 0.6000000238
627  6.999  -61.566  13.789 0.8000000119
903  4.326  -61.132  12.194 0.8000000119
78758  5.789  -61.955  12.425 0.8000000119
211  4.057  -64.020  9.222 0.8999999762
76417  10.283  -61.063  13.322 0.5000000000
210  4.931  -63.961  9.537 1.0000000000
76398  12.223  -61.268  13.304 0.4000000060
203  5.855  -63.725  10.427 0.8999999762
409  5.173  -63.769  8.975 1.0000000000
899  10.489  -60.956  12.516 0.5000000000
1143  12.479  -60.532  13.003 0.4000000060
897  12.924  -61.665  12.855 0.4000000060
398  6.109  -63.567  10.000 0.8999999762
663  6.435  -63.037  9.315 0.8999999762
915  9.733  -60.599  11.345 0.8000000119
654  7.532  -62.034  10.091 0.8999999762
928  9.299  -60.652  10.401 0.8999999762
938  8.537  -61.040  9.720 0.8999999762
1397  16.440  -59.537  9.409 0.3000000119
477  21.166  -62.330  2.459 0.6000000238
438  17.442  -62.933  6.113 0.4000000060
755  18.697  -62.648  -0.501 0.4000000060
698  18.180  -62.123  3.968 0.6000000238
71942  17.708  -62.652  5.365 0.6000000238
734  18.604  -62.261  1.158 0.5000000000
78053  17.496  -62.464  4.478 0.6000000238
515  18.808  -62.852  -1.382 0.5000000000
747  18.996  -62.296  0.266 0.4000000060
520  18.774  -63.120  -2.367 0.6000000238
523  17.596  -62.634  -3.203 0.6000000238
312  16.889  -61.652  -3.306 0.6000000238
72122  16.632  -61.130  -3.941 0.6000000238
148  16.228  -61.488  -4.076 0.5000000000
73738  17.181  -61.887  -4.295 0.6000000238
160  16.787  -62.438  -4.867 0.5000000000
605  6.959  -62.147  17.207 0.3000000119
1124  4.679  -60.896  18.480 0.4000000060
78602  0.975  -63.448  7.178 0.6000000238
75436  5.389  -60.548  16.188 0.6999999881
70422  -0.018  -64.948  8.562 0.8999999762
77118  -0.156  -65.156  8.332 0.8000000119
74046  1.034  -62.954  11.712 1.0000000000
68  -0.800  -64.968  7.317 0.6000000238
60  0.132  -65.396  8.572 0.8000000119
221  0.285  -65.190  8.979 0.8999999762
214  0.918  -64.966  9.537 1.0000000000
919  2.462  -61.943  11.847 0.8000000119
79116  2.188  -63.243  10.203 1.0000000000
213  1.608  -64.626  9.411 1.0000000000
392  3.223  -63.190  9.889 0.8999999762
918  3.849  -61.652  11.569 0.8000000119
1136  11.375  -60.346  14.302 0.4000000060
626  7.546  -61.336  13.886 0.8000000119
644  4.515  -62.335  11.075 0.8999999762
656  3.944  -62.668  10.407 0.8999999762
204  4.862  -63.932  9.845 1.0000000000
1372  12.304  -59.588  13.405 0.4000000060
628  6.149  -61.877  12.722 0.8000000119
82426  5.369  -63.819  10.115 0.8999999762
635  6.243  -62.269  12.274 0.8000000119
389  6.009  -63.605  10.922 0.8999999762
78192  6.178  -63.555  10.587 0.8999999762
399  5.521  -63.738  9.758 1.0000000000
74148  6.935  -62.973  10.341 0.8999999762
397  6.535  -63.285  10.177 0.8999999762
929  8.074  -61.342  10.584 0.8999999762
259  20.576  -63.086  5.482 0.4000000060
437  18.905  -62.957  5.995 0.4000000060
709  18.581  -62.073  3.258 0.6999999881
78127  18.611  -62.105  2.011 0.6000000238
771  19.474  -62.628  -2.226 0.4000000060
522  18.344  -63.083  -3.256 0.6000000238
317  16.916  -61.411  -4.026 0.6000000238
324  16.954  -61.179  -4.034 0.6000000238
78682  3.903  -57.979  -10.219 0.6999999881
2282  2.685  -57.283  -8.533 0.6000000238
534  18.381  -62.307  -4.692 0.6000000238
168  17.189  -63.580  -5.811 0.6999999881
80208  18.438  -63.091  -5.620 0.6000000238
169  16.724  -64.104  -6.317 0.5000000000
170  16.127  -64.600  -6.209 0.5000000000
1128  4.748  -60.993  17.542 0.5000000000
1131  4.979  -60.268  16.691 0.6000000238
1135  5.274  -59.582  15.868 0.6999999881
1369  5.150  -58.911  15.223 0.6999999881
1370  5.236  -59.227  14.509 0.8000000119
1373  4.789  -59.079  13.775 0.8000000119
393  1.047  -63.627  10.530 1.0000000000
1147  2.661  -60.632  12.540 0.8000000119
402  1.073  -64.350  10.060 1.0000000000
917  5.073  -61.918  11.741 0.8000000119
892  9.465  -61.059  13.581 0.6000000238
643  5.832  -62.742  11.823 0.8000000119
78421  5.422  -62.788  11.332 0.8000000119
633  7.716  -61.294  12.963 0.8000000119
634  6.777  -61.708  12.789 0.8000000119
390  5.559  -63.670  10.531 0.8999999762
372  6.308  -62.542  11.858 0.8000000119
1380  12.909  -59.702  12.575 0.4000000060
78289  9.207  -60.786  12.111 0.6999999881
84604  9.996  -60.655  12.055 0.6000000238
379  6.653  -62.792  11.354 0.8999999762
655  7.099  -62.715  10.842 0.8999999762
916  8.589  -60.941  11.319 0.8999999762
83217  7.506  -61.997  10.730 0.8999999762
75851  19.414  -62.092  3.220 0.6000000238
78046  18.813  -62.102  3.902 0.5000000000
451  19.217  -62.584  5.246 0.5000000000
721  19.051  -62.057  2.547 0.6000000238
746  19.819  -62.105  0.272 0.5000000000
78583  19.357  -62.059  1.774 0.4000000060
733  19.573  -62.097  0.992 0.4000000060
754  19.276  -62.379  -0.508 0.5000000000
770  19.508  -62.742  -2.959 0.5000000000
762  19.401  -62.506  -1.373 0.4000000060
1895  1.743  -58.379  -7.841 0.5000000000
72649  19.227  -62.802  -4.650 0.6000000238
527  17.907  -62.584  -4.245 0.5000000000
545  18.971  -62.642  -5.285 0.6000000238
336  17.968  -63.572  -6.312 0.6999999881
331  17.622  -62.897  -5.183 0.6999999881
337  17.169  -63.913  -6.746 0.6000000238
75925  17.022  -63.927  -7.182 0.5000000000
176  15.898  -64.770  -6.915 0.5000000000
347  16.420  -64.074  -7.168 0.6000000238
671  0.945  -63.304  9.239 0.8999999762
84631  4.939  -58.798  15.917 0.6999999881
411  0.843  -63.856  8.361 0.8999999762
1699  4.220  -58.456  13.915 0.8000000119
905  1.902  -61.634  12.338 0.8999999762
1374  3.908  -58.850  13.336 0.8000000119
382  5.148  -63.183  10.772 0.8999999762
81549  6.589  -61.725  12.901 0.8000000119
391  4.588  -63.563  10.069 0.8999999762
373  5.847  -62.770  11.625 0.8000000119
381  5.803  -63.314  11.220 0.8999999762
901  8.784  -61.024  12.914 0.6999999881
900  9.735  -60.835  12.765 0.6000000238
380  6.056  -63.225  11.259 0.8999999762
388  6.424  -63.320  10.838 0.8999999762
642  7.510  -61.818  11.303 0.8999999762
1084  5.680  -61.190  -9.308 0.6000000238
1090  7.570  -60.905  -10.264 0.6999999881
836  6.810  -61.862  -8.277 0.5000000000
837  5.895  -61.748  -8.140 0.5000000000
1085  4.753  -61.234  -9.198 0.6000000238
852  7.457  -61.203  -9.511 0.6000000238
81275  4.195  -61.111  -9.226 0.6000000238
1094  4.374  -60.943  -9.877 0.6000000238
732  20.241  -62.075  1.519 0.6000000238
80749  3.848  -60.549  -9.219 0.6000000238
1516  2.572  -59.638  -8.223 0.6000000238
1522  3.149  -59.256  -8.863 0.6000000238
761  20.231  -62.276  -2.243 0.5000000000
1527  3.485  -58.909  -9.689 0.6999999881
76940  2.286  -57.788  -8.225 0.5000000000
532  20.323  -62.206  -4.992 0.4000000060
1304  14.711  -59.691  -11.091 0.5000000000
1298  14.261  -60.104  -10.346 0.6000000238
555  19.949  -61.907  -5.934 0.5000000000
533  19.354  -62.447  -5.126 0.6000000238
557  19.025  -63.045  -6.369 0.5000000000
1087  13.437  -60.375  -10.582 0.6999999881
556  19.541  -62.437  -6.123 0.5000000000
544  19.517  -62.368  -5.311 0.6000000238
345  18.448  -63.241  -6.972 0.5000000000
1525  15.226  -59.789  -10.050 0.5000000000
1081  13.726  -60.543  -9.620 0.6999999881
346  17.634  -63.550  -7.160 0.5000000000
1075  13.623  -61.374  -8.238 0.6999999881
568  17.292  -63.397  -7.484 0.5000000000
71406  15.648  -63.578  -7.221 0.6999999881
1125  4.263  -60.012  18.911 0.3000000119
1640  3.109  -58.732  18.676 0.3000000119
80372  0.893  -63.244  10.354 0.8999999762
422  1.397  -62.843  7.544 0.8000000119
73142  1.302  -62.431  12.033 0.8999999762
647  0.738  -63.022  11.307 1.0000000000
1381  3.338  -59.626  12.856 0.8000000119
71862  8.091  -61.216  12.131 0.8000000119
72423  7.211  -61.896  11.999 0.8999999762
1091  6.841  -60.823  -9.962 0.6000000238
1100  7.679  -60.591  -10.894 0.5000000000
844  7.192  -61.529  -8.819 0.6000000238
1301  4.879  -60.286  -10.103 0.6000000238
850  9.126  -61.419  -9.787 0.5000000000
71134  13.851  -57.836  -13.068 0.6000000238
1303  3.636  -59.717  -9.515 0.6000000238
1930  14.509  -58.078  -12.647 0.5000000000
1921  13.865  -58.357  -12.180 0.6000000238
1538  13.403  -59.324  -12.038 0.6000000238
595  10.152  -61.710  -10.109 0.6000000238
849  11.025  -62.054  -10.114 0.5000000000
1920  14.782  -58.566  -12.098 0.5000000000
1313  13.603  -59.797  -12.001 0.6999999881
1306  13.115  -60.217  -11.553 0.6999999881
853  11.477  -61.588  -10.623 0.6000000238
1904  3.166  -58.581  -9.074 0.6999999881
2300  2.981  -57.916  -8.924 0.6999999881
1305  13.929  -60.011  -11.433 0.6999999881
1088  12.971  -60.956  -9.933 0.6999999881
1089  12.194  -61.279  -10.274 0.6000000238
848  11.618  -61.836  -9.766 0.6000000238
589  11.256  -62.221  -9.321 0.5000000000
81344  10.919  -62.193  -9.489 0.4000000060
85161  18.928  -62.990  -6.987 0.5000000000
847  12.398  -61.533  -9.221 0.6000000238
583  11.639  -62.464  -8.614 0.5000000000
74915  14.056  -60.805  -8.756 0.6999999881
1082  13.264  -61.111  -9.006 0.6000000238
817  20.113  -61.497  -7.192 0.5000000000
565  19.763  -61.980  -6.775 0.5000000000
818  19.248  -61.981  -7.315 0.5000000000
1288  14.856  -60.550  -8.430 0.6000000238
835  12.375  -62.186  -8.339 0.4000000060
819  16.476  -62.214  -7.321 0.6000000238
1063  14.798  -61.779  -7.326 0.8000000119
833  13.992  -61.689  -7.675 0.5000000000
73615  14.787  -62.826  -7.141 0.6999999881
821  14.007  -62.300  -7.342 0.6000000238
570  13.999  -63.093  -7.151 0.5000000000
1113  4.190  -60.243  19.788 0.3000000119
1353  3.766  -59.377  18.829 0.3000000119
1632  3.192  -58.921  19.567 0.3000000119
1659  3.281  -58.218  16.711 0.5000000000
84528  0.514  -62.675  11.179 1.0000000000
70330  0.285  -62.242  10.757 0.8999999762
670  1.342  -62.698  8.231 0.8999999762
858  8.160  -60.976  -10.582 0.5000000000
1101  6.945  -60.487  -10.656 0.5000000000
1092  6.016  -60.848  -9.799 0.6000000238
857  8.787  -61.155  -10.520 0.5000000000
1299  6.296  -60.531  -10.272 0.6000000238
1300  5.642  -60.398  -10.179 0.6000000238
72128  9.474  -61.348  -10.575 0.6000000238
843  8.057  -61.619  -9.048 0.5000000000
856  9.701  -61.513  -10.121 0.4000000060
82370  8.688  -61.529  -9.179 0.5000000000
1302  4.080  -60.243  -10.001 0.6000000238
1314  12.725  -60.098  -12.015 0.6999999881
855  10.437  -61.701  -10.802 0.6000000238
3103  0.881  -55.891  -8.208 0.6000000238
1931  13.324  -57.817  -12.308 0.6000000238
1103  12.012  -60.619  -11.924 0.6999999881
1096  12.062  -61.047  -11.251 0.6999999881
594  10.650  -61.886  -10.393 0.6000000238
592  9.604  -61.522  -9.558 0.6000000238
1911  3.846  -58.511  -10.438 0.6999999881
854  10.923  -61.757  -10.816 0.6000000238
590  10.571  -61.944  -9.798 0.6000000238
1312  14.260  -59.648  -11.795 0.6999999881
1102  12.453  -60.518  -11.708 0.6999999881
71169  2.131  -56.959  -8.212 0.6000000238
2688  0.255  -56.380  -8.426 0.4000000060
75330  -0.015  -55.599  -8.889 0.4000000060
1095  12.710  -60.738  -10.895 0.6999999881
1903  3.505  -58.279  -9.667 0.6999999881
575  18.477  -62.384  -7.467 0.5000000000
1286  16.452  -60.226  -7.886 0.6000000238
1293  16.124  -59.915  -8.636 0.6000000238
576  17.838  -62.722  -7.640 0.5000000000
832  17.302  -61.840  -7.386 0.6000000238
1287  15.665  -60.397  -8.135 0.6000000238
1061  16.476  -61.408  -7.342 0.6000000238
1072  16.043  -60.822  -7.549 0.6000000238
1073  15.224  -60.959  -7.708 0.6000000238
1074  14.400  -61.138  -7.976 0.6999999881
834  13.282  -62.034  -7.810 0.5000000000
578  12.852  -62.608  -7.676 0.5000000000
577  17.191  -62.847  -7.635 0.4000000060
820  15.670  -62.537  -7.216 0.6999999881
1626  2.691  -57.824  21.187 0.3000000119
71446  2.535  -58.338  19.371 0.3000000119
1651  3.785  -58.581  17.204 0.5000000000
81188  2.525  -58.208  17.071 0.5000000000
1672  3.407  -58.018  15.603 0.6999999881
1700  3.399  -58.302  13.790 0.6999999881
949  1.633  -61.723  8.245 0.8999999762
1107  8.791  -60.401  -11.077 0.6000000238
1099  9.161  -61.035  -10.996 0.6000000238
1308  7.093  -60.044  -11.513 0.6000000238
1310  5.143  -60.044  -10.908 0.6999999881
1933  12.863  -57.903  -11.780 0.5000000000
1540  12.191  -58.995  -11.589 0.6000000238
1098  9.995  -61.251  -11.062 0.6000000238
851  8.311  -61.257  -9.832 0.6000000238
1315  12.028  -60.215  -12.045 0.6999999881
859  10.753  -61.275  -11.288 0.6999999881
1539  12.521  -59.244  -11.799 0.6999999881
1104  11.326  -60.579  -11.782 0.6000000238
1311  4.615  -59.537  -10.342 0.6999999881
1536  4.036  -58.905  -11.007 0.6999999881
84781  0.520  -54.585  -7.351 0.6000000238
1546  5.175  -59.084  -12.036 0.6999999881
1097  11.424  -61.174  -11.311 0.6000000238
3487  -0.258  -54.685  -9.115 0.4000000060
1514  17.758  -59.308  -8.103 0.5000000000
1297  15.880  -59.697  -9.405 0.6000000238
1294  15.377  -60.090  -8.977 0.6000000238
1515  16.859  -59.611  -8.331 0.6000000238
1295  14.565  -60.275  -9.339 0.6000000238
842  12.964  -61.640  -8.495 0.6999999881
1071  17.803  -60.963  -7.355 0.6000000238
1276  16.870  -60.828  -7.397 0.6000000238
1070  18.761  -61.029  -7.438 0.5000000000
1062  15.761  -61.560  -7.321 0.6000000238
1359  3.810  -58.936  17.972 0.4000000060
71059  2.979  -58.447  17.709 0.3000000119
1641  2.227  -58.351  18.588 0.3000000119
1673  2.179  -57.782  15.309 0.6999999881
1660  2.463  -58.008  16.279 0.6000000238
1687  2.859  -57.950  14.522 0.6999999881
1688  1.702  -58.044  14.401 0.6999999881
940  0.724  -62.395  9.785 0.8999999762
1383  1.062  -59.922  12.736 0.8000000119
959  1.890  -61.824  7.314 0.6000000238
648  0.233  -62.405  11.489 1.0000000000
950  1.062  -62.373  8.925 0.8999999762
1319  8.287  -59.704  -11.393 0.6999999881
1106  9.698  -60.721  -11.256 0.6999999881
1307  7.984  -60.171  -11.163 0.6000000238
1309  6.065  -60.117  -11.015 0.6999999881
1316  10.926  -60.382  -11.732 0.6999999881
72410  11.547  -59.909  -11.880 0.6999999881
84980  6.321  -59.382  -11.351 0.6000000238
1534  5.677  -59.361  -11.277 0.6999999881
74730  9.967  -61.573  -10.571 0.5000000000
3093  1.593  -55.597  -7.882 0.6000000238
1916  4.680  -58.490  -11.531 0.8000000119
2676  2.074  -56.204  -8.141 0.6000000238
1917  4.329  -58.112  -11.151 0.8000000119
2685  3.472  -56.594  -8.486 0.6999999881
2315  4.232  -57.964  -10.747 0.6000000238
2299  3.628  -57.707  -9.449 0.6999999881
1521  16.506  -59.402  -9.169 0.6000000238
1701  2.356  -58.302  13.723 0.8000000119
1376  1.823  -58.966  13.181 0.8000000119
907  0.077  -61.475  12.190 1.0000000000
1317  10.276  -60.388  -11.402 0.6999999881
1320  7.621  -59.697  -11.738 0.6999999881
77481  7.242  -59.325  -12.069 0.6999999881
3092  2.539  -55.746  -7.797 0.6000000238
1105  10.516  -60.791  -11.566 0.6999999881
2675  2.920  -56.157  -8.214 0.6999999881
3886  -0.587  -52.809  -7.292 0.6000000238
3476  -0.041  -54.237  -8.250 0.5000000000
2281  3.217  -57.212  -8.841 0.6999999881
958  2.318  -60.799  6.817 0.6000000238
921  -0.008  -61.947  11.940 1.0000000000
1168  0.282  -61.447  10.074 0.8999999762
948  2.332  -60.815  7.617 0.6999999881
1318  9.244  -60.065  -11.164 0.6000000238
1532  9.747  -59.691  -11.121 0.6000000238
1549  7.186  -58.871  -12.704 0.6000000238
74355  11.358  -59.676  -11.642 0.5000000000
1541  10.824  -60.039  -11.593 0.6999999881
1543  7.811  -58.895  -12.075 0.6000000238
1544  6.722  -58.904  -12.246 0.6999999881
3069  3.855  -55.842  -5.519 0.6000000238
1924  8.442  -58.425  -11.986 0.6000000238
3078  3.300  -55.731  -6.735 0.6000000238
3079  2.258  -55.428  -6.863 0.6000000238
3081  0.582  -54.455  -6.452 0.6000000238
1545  5.854  -58.932  -11.985 0.6999999881
3091  4.013  -55.966  -7.136 0.6000000238
1935  7.466  -58.352  -12.974 0.6000000238
1940  6.428  -58.056  -13.626 0.6999999881
80655  5.555  -58.301  -12.468 0.6999999881
2674  3.709  -56.148  -7.960 0.6000000238
1936  5.721  -58.002  -13.269 0.6999999881
1926  4.786  -58.291  -12.254 0.6999999881
2337  5.200  -57.347  -13.465 0.6999999881
1927  4.241  -58.066  -11.747 0.6999999881
2314  4.519  -57.787  -10.764 0.6999999881
2298  4.587  -57.647  -9.795 0.6999999881
2313  5.636  -57.546  -10.618 0.6999999881
2324  4.483  -57.763  -11.421 0.6999999881
2733  4.459  -57.565  -11.925 0.6999999881
2323  5.002  -57.568  -11.393 0.6999999881
2329  3.993  -57.571  -12.706 0.6999999881
1172  2.634  -60.147  7.995 0.6000000238
1404  2.501  -59.660  8.238 0.5000000000
3430  2.745  -54.929  -1.534 0.6999999881
1542  8.636  -59.204  -11.363 0.5000000000
3060  3.743  -55.728  -4.452 0.6000000238
3062  1.848  -55.457  -4.582 0.6000000238
82990  8.003  -58.220  -12.653 0.5000000000
3873  -0.509  -52.310  -6.224 0.6000000238
78251  5.215  -55.988  -6.646 0.6000000238
3071  1.982  -55.389  -5.686 0.6000000238
3449  0.487  -54.274  -5.511 0.6000000238
1925  6.407  -58.321  -12.623 0.6000000238
79270  4.521  -56.220  -7.508 0.6000000238
4298  -0.991  -52.099  -6.975 0.5000000000
2280  4.035  -57.128  -8.985 0.6999999881
2342  6.347  -57.318  -14.238 0.6999999881
2338  4.585  -57.417  -13.248 0.6999999881
2742  4.655  -57.204  -12.537 0.6999999881
2750  4.241  -57.189  -13.478 0.6999999881
4388  7.803  -52.923  -15.692 0.5000000000
1393  2.567  -58.989  9.991 0.8000000119
73460  2.185  -55.571  -3.648 0.6999999881
3058  5.443  -55.085  -4.721 0.6999999881
70983  4.779  -55.579  -4.819 0.6999999881
72625  -0.467  -51.547  -4.373 0.5000000000
3068  4.470  -55.900  -6.025 0.6999999881
3443  0.292  -53.875  -4.619 0.6000000238
3864  -0.158  -52.533  -5.074 0.6000000238
4272  -0.727  -51.547  -5.373 0.5000000000
2336  7.709  -57.727  -13.305 0.6000000238
1939  7.039  -58.015  -13.706 0.6000000238
2340  8.033  -56.917  -13.619 0.6000000238
2297  6.420  -57.158  -9.108 0.6999999881
2755  7.412  -56.594  -14.623 0.6000000238
2747  6.159  -56.935  -15.239 0.6999999881
2749  4.798  -57.184  -14.000 0.6999999881
78497  5.810  -57.485  -9.635 0.6999999881
2322  5.897  -57.281  -11.400 0.6999999881
1730  2.503  -58.640  9.691 0.6000000238
3031  1.971  -55.107  -1.683 0.6999999881
3411  1.269  -54.185  0.211 0.8000000119
3051  2.825  -55.497  -3.142 0.6000000238
3438  1.275  -55.123  -2.980 0.6000000238
3053  1.348  -55.190  -3.717 0.6000000238
3846  0.221  -53.454  -1.543 0.6999999881
3059  4.619  -55.133  -3.925 0.6999999881
83377  -0.584  -51.665  -1.601 0.6000000238
3858  0.083  -52.863  -3.185 0.6000000238
3857  0.307  -53.897  -3.697 0.6000000238
2672  6.280  -56.245  -7.811 0.6000000238
78522  0.027  -52.826  -4.112 0.6000000238
2683  6.198  -56.816  -8.471 0.6000000238
2730  6.547  -56.556  -11.288 0.6999999881
2321  6.456  -57.124  -10.950 0.6999999881
2756  5.130  -57.157  -14.804 0.6999999881
2748  4.561  -57.019  -15.527 0.6999999881
2741  3.879  -57.038  -13.454 0.6999999881
3536  7.310  -54.675  -16.037 0.5000000000
1731  2.197  -58.265  9.336 0.6000000238
72803  2.007  -56.861  10.852 0.6000000238
3678  0.680  -53.456  12.036 0.5000000000
4130  1.028  -52.729  12.323 0.6999999881
4612  1.222  -51.376  12.513 0.6000000238
75790  2.724  -54.508  -0.291 0.6999999881
77051  1.943  -54.535  -0.243 0.6999999881
81700  1.273  -54.938  -1.897 0.6000000238
3423  0.643  -54.400  -1.763 0.6000000238
72094  0.367  -54.033  -3.010 0.6000000238
3067  6.009  -55.067  -5.383 0.6999999881
3077  6.125  -55.468  -6.152 0.6999999881
4257  -0.794  -51.166  -2.324 0.5000000000
4718  -1.176  -51.215  -1.484 0.6000000238
2667  6.000  -55.905  -6.954 0.6999999881
74138  -1.533  -50.977  -2.205 0.5000000000
4731  -1.522  -50.909  -3.858 0.5000000000
3112  7.006  -55.851  -9.143 0.6999999881
2718  6.881  -56.737  -10.353 0.6999999881
78416  7.942  -56.256  -14.371 0.5000000000
2740  5.932  -56.235  -12.419 0.6999999881
3159  5.609  -56.237  -15.848 0.6999999881
70369  3.809  -57.137  -14.773 0.6999999881
3950  6.498  -53.723  -15.648 0.6000000238
3554  5.450  -55.474  -15.945 0.6000000238
2103  1.732  -57.588  9.721 0.5000000000
2491  2.243  -57.095  11.426 0.6999999881
2492  1.909  -56.411  11.565 0.6999999881
74697  1.265  -56.217  10.891 0.5000000000
81578  1.315  -55.600  11.632 0.6999999881
2857  1.372  -55.125  12.536 0.8000000119
3277  0.901  -54.838  11.773 0.6999999881
3265  1.136  -54.203  12.407 0.8000000119
3670  1.356  -53.404  12.773 0.8999999762
5147  0.323  -50.431  2.851 0.6000000238
4685  1.111  -51.194  3.505 0.8000000119
3403  2.662  -54.208  1.188 0.6999999881
3792  0.985  -52.827  3.298 0.8000000119
5140  -0.100  -51.042  3.648 0.6000000238
3816  1.342  -53.649  1.581 0.8000000119
73577  0.486  -52.375  3.843 0.6999999881
3825  0.891  -53.691  1.002 0.8000000119
3805  0.585  -52.955  2.700 0.6999999881
3793  -0.042  -52.633  3.368 0.6000000238
75887  0.158  -53.011  1.154 0.6000000238
3040  2.574  -55.247  -2.318 0.6999999881
3419  0.645  -54.188  -1.045 0.6999999881
76149  0.307  -53.370  0.277 0.6999999881
3836  0.247  -53.375  -0.698 0.6999999881
3826  -0.558  -52.238  0.810 0.6000000238
3818  -0.480  -52.562  1.739 0.6000000238
3049  3.891  -54.934  -3.037 0.6999999881
80787  5.686  -54.953  -4.940 0.6999999881
3837  -0.316  -52.405  -0.248 0.6000000238
4234  -2.049  -51.798  0.609 0.6000000238
3474  6.470  -54.770  -6.783 0.6000000238
3102  6.769  -55.619  -8.125 0.6000000238
3121  6.456  -55.270  -11.301 0.6999999881
4714  -2.140  -51.613  -0.588 0.6000000238
83679  -1.975  -51.227  -1.988 0.6000000238
72453  6.606  -54.962  -8.728 0.6999999881
3495  6.698  -55.343  -10.005 0.6999999881
3158  8.190  -55.724  -14.521 0.6000000238
3133  5.915  -55.492  -12.492 0.6999999881
3132  6.552  -55.966  -11.653 0.6999999881
3166  7.304  -55.993  -15.440 0.5000000000
3160  3.835  -56.473  -15.491 0.6999999881
3148  4.224  -55.982  -13.516 0.6999999881
3161  3.503  -56.810  -14.721 0.6999999881
82581  5.557  -54.670  -15.767 0.6000000238
73701  3.557  -55.570  -14.869 0.6000000238
84383  0.606  -55.200  11.338 0.5000000000
77915  1.751  -56.117  12.449 0.8000000119
3278  0.258  -54.146  11.666 0.6000000238
71466  1.365  -52.122  12.568 0.6999999881
3258  1.352  -54.205  12.973 0.8999999762
5063  1.151  -50.410  12.426 0.6999999881
5638  -0.862  -48.963  1.593 0.6999999881
6129  -1.261  -48.292  1.207 0.6000000238
5634  -1.384  -49.219  2.561 0.6000000238
4214  2.151  -52.542  3.805 0.6999999881
4670  1.561  -51.875  4.026 0.6999999881
4215  1.409  -52.505  3.776 0.6999999881
3409  3.210  -54.365  0.480 0.6000000238
3791  1.863  -53.023  3.363 0.8000000119
3416  3.583  -54.292  -0.300 0.6000000238
3437  3.503  -54.483  -2.352 0.6999999881
4221  -1.312  -52.480  2.240 0.6000000238
3442  5.126  -54.926  -4.356 0.6999999881
4233  -1.368  -51.734  0.831 0.6000000238
4241  -0.936  -51.672  0.076 0.6000000238
4229  -2.393  -52.273  0.940 0.5000000000
3486  5.654  -54.170  -8.879 0.6000000238
3510  5.822  -54.355  -12.110 0.6999999881
3537  3.922  -55.282  -15.403 0.6000000238
4389  6.288  -52.760  -14.945 0.5000000000
70766  4.620  -54.254  -15.105 0.6000000238
6131  -0.592  -48.856  0.507 0.8000000119
5629  -1.932  -49.665  3.465 0.6000000238
5148  -0.884  -50.160  2.996 0.6000000238
3402  3.691  -54.188  1.409 0.6999999881
3814  3.063  -53.869  2.095 0.6000000238
3422  3.098  -54.536  -0.970 0.6999999881
3429  3.520  -54.222  -1.693 0.6999999881
3436  4.102  -54.479  -3.471 0.6999999881
4222  -1.990  -52.997  2.528 0.5000000000
3663  0.938  -53.377  13.842 0.8999999762
4114  -0.334  -52.232  14.785 0.8000000119
4600  1.774  -51.934  13.472 0.8999999762
4611  1.777  -51.752  12.931 0.8999999762
4122  1.406  -52.638  13.627 0.8999999762
73072  1.893  -51.220  13.948 0.8999999762
5048  2.129  -50.546  13.435 0.8999999762
5560  1.965  -49.942  12.827 0.8000000119
6045  1.925  -49.036  12.880 0.8000000119
6565  1.029  -47.829  12.108 0.6999999881
5637  0.100  -49.532  0.937 0.8000000119
5145  2.077  -50.849  2.070 0.8000000119
6683  -1.179  -47.365  -1.846 0.6999999881
6143  -0.509  -48.694  -0.599 0.8000000119
4684  2.463  -51.569  3.521 0.6999999881
5653  0.032  -49.250  -0.244 0.8000000119
4212  3.516  -52.353  3.603 0.8000000119
5154  1.480  -50.471  1.400 0.8000000119
5164  0.965  -50.099  0.705 0.8000000119
4672  -0.814  -51.676  4.197 0.6000000238
71244  5.013  -53.609  2.358 0.6999999881
4700  2.875  -51.073  1.758 0.6999999881
80403  1.024  -52.136  4.017 0.6999999881
4671  0.551  -51.786  4.060 0.6000000238
4204  -1.833  -52.184  4.641 0.5000000000
3824  5.155  -54.050  0.225 0.6999999881
4699  3.726  -51.242  1.823 0.8000000119
5153  2.320  -50.699  0.889 0.6999999881
82835  1.853  -49.557  -0.530 0.8000000119
4203  -0.177  -52.109  4.123 0.5000000000
4216  -0.868  -52.348  4.033 0.5000000000
3845  4.368  -53.375  -1.359 0.6999999881
3408  4.329  -54.243  0.582 0.6000000238
5152  3.311  -50.882  0.887 0.8000000119
76430  3.834  -53.418  -1.835 0.6000000238
4697  5.935  -51.963  1.628 0.8000000119
5151  4.234  -51.103  1.185 0.8000000119
82227  3.657  -54.118  -2.792 0.8000000119
4704  7.282  -52.005  0.553 0.8000000119
70763  -1.429  -52.773  3.369 0.5000000000
4217  -2.180  -52.888  4.295 0.5000000000
3884  4.327  -53.432  -6.143 0.6999999881
3862  4.293  -54.055  -4.263 0.8000000119
3448  5.288  -54.478  -4.926 0.6999999881
3883  5.427  -54.071  -5.757 0.6000000238
76314  7.848  -50.906  -1.162 0.6000000238
3807  -2.308  -53.353  3.666 0.5000000000
3898  3.582  -52.975  -7.663 0.6999999881
3897  4.408  -53.353  -7.078 0.6999999881
3459  6.144  -54.449  -6.299 0.6000000238
4323  2.889  -52.633  -8.299 0.6000000238
76003  4.491  -53.419  -7.961 0.6999999881
85152  5.255  -53.683  -7.390 0.6999999881
3497  5.017  -53.894  -9.590 0.6000000238
76313  5.928  -54.357  -10.686 0.6999999881
5659  7.763  -49.220  -1.318 0.6000000238
4335  2.840  -52.787  -9.297 0.6000000238
3919  3.556  -53.241  -9.578 0.6999999881
3934  3.914  -52.699  -10.655 0.6999999881
3504  5.031  -53.839  -10.196 0.6999999881
4336  2.046  -52.330  -10.083 0.5000000000
3511  5.354  -53.588  -11.173 0.6999999881
74491  5.249  -53.506  -12.457 0.6000000238
3521  4.418  -53.895  -13.704 0.6000000238
4349  2.390  -52.119  -10.631 0.6000000238
4361  3.311  -52.105  -10.863 0.6000000238
4372  5.201  -52.343  -12.541 0.6000000238
4802  4.823  -51.540  -11.901 0.6000000238
4810  5.267  -51.692  -12.703 0.5000000000
4391  5.296  -52.430  -13.246 0.6000000238
3951  5.156  -53.387  -14.631 0.6000000238
3539  4.263  -53.979  -14.273 0.6000000238
3520  4.256  -54.609  -13.613 0.6000000238
4113  0.767  -52.589  14.275 0.8000000119
4585  1.430  -51.929  14.138 0.8000000119
4586  0.612  -51.817  14.625 0.8000000119
4587  -0.205  -51.438  15.206 0.6999999881
5035  2.180  -50.219  14.343 0.8000000119
5538  2.257  -49.215  14.640 0.8999999762
5550  2.207  -49.557  13.595 0.8000000119
83677  2.216  -49.702  14.927 0.8000000119
6022  1.923  -48.740  14.734 0.8999999762
77606  1.388  -48.299  13.044 0.8000000119
6037  0.510  -47.900  13.683 0.8000000119
6566  0.116  -47.167  12.351 0.6000000238
6150  -0.261  -48.466  -1.412 0.8000000119
6682  -0.570  -47.782  -1.877 0.6999999881
3787  5.000  -52.960  3.013 0.8000000119
4691  4.002  -51.613  2.707 0.8000000119
5651  1.076  -49.133  -0.996 0.8000000119
3812  5.579  -53.672  1.838 0.6999999881
4690  5.218  -52.100  2.355 0.8000000119
79201  2.808  -50.410  0.289 0.8999999762
71439  1.753  -48.743  -0.803 0.8999999762
4255  3.949  -52.686  -2.934 0.6999999881
3863  3.594  -53.326  -3.967 0.8000000119
3856  3.539  -53.348  -3.258 0.6999999881
4232  7.120  -52.861  0.837 0.8000000119
5159  5.434  -50.567  0.593 0.8000000119
4252  7.825  -52.540  -2.418 0.6999999881
83817  7.614  -50.231  -0.779 0.6000000238
3885  3.352  -52.784  -6.643 0.6000000238
5179  7.071  -51.248  -4.045 0.4000000060
5657  7.793  -49.581  -1.014 0.6000000238
3942  5.222  -52.941  -12.505 0.6000000238
4390  5.384  -52.616  -13.999 0.6000000238
3656  -0.325  -53.256  14.477 0.8000000119
3646  -1.174  -52.652  14.978 0.8999999762
4574  -1.003  -51.387  15.699 0.8000000119
5036  1.225  -51.064  14.699 0.8000000119
5025  -0.312  -50.864  15.796 0.6999999881
5024  0.590  -50.823  15.365 0.8000000119
5023  1.738  -50.177  15.283 0.8000000119
5014  0.926  -50.355  16.008 0.6999999881
6023  1.224  -48.324  14.195 0.8999999762
6558  -0.535  -47.529  13.576 0.8000000119
6149  0.104  -48.170  -1.652 0.8000000119
7184  -0.685  -46.884  -2.284 0.6000000238
5168  2.771  -49.918  -0.252 0.8000000119
5161  3.651  -50.269  0.228 0.8000000119
6680  0.620  -47.683  -1.457 0.8000000119
4226  5.838  -52.735  2.201 0.8000000119
5160  4.427  -50.642  0.672 0.8000000119
6673  1.555  -47.830  -0.851 0.8999999762
3823  6.067  -53.913  0.439 0.6999999881
6672  2.499  -47.949  -0.544 0.8000000119
76176  2.188  -47.000  -0.529 0.8000000119
3844  5.226  -53.103  -1.655 0.6999999881
4271  3.423  -52.696  -4.539 0.6999999881
3850  4.231  -52.963  -2.153 0.6999999881
5166  7.749  -50.991  -0.493 0.6999999881
6137  6.146  -48.656  -0.170 0.6999999881
77498  5.800  -47.089  -0.630 0.6999999881
4283  3.322  -52.540  -5.271 0.6000000238
4741  5.338  -51.469  -5.419 0.6000000238
77608  2.854  -52.409  -7.431 0.6000000238
4742  3.641  -52.032  -5.177 0.6999999881
4740  6.413  -51.310  -5.043 0.5000000000
5188  6.669  -51.108  -4.929 0.5000000000
6135  7.873  -48.928  -0.843 0.6999999881
5174  6.998  -50.384  -2.205 0.5000000000
4817  6.130  -52.020  -14.095 0.5000000000
5013  1.914  -49.536  16.121 0.8000000119
5517  1.269  -49.802  16.982 0.8000000119
5502  1.602  -49.125  17.752 0.6999999881
5516  1.999  -49.070  16.763 0.6999999881
6000  -0.124  -48.105  17.216 0.8000000119
6024  -0.188  -47.953  14.563 0.8000000119
7055  -1.271  -46.939  13.126 0.6999999881
7065  -0.936  -46.640  12.307 0.5000000000
7683  -0.095  -45.760  -2.784 0.6000000238
7182  0.633  -46.550  -1.500 0.6000000238
3822  6.805  -53.449  0.656 0.6999999881
6140  2.789  -48.980  -0.491 0.8000000119
75293  4.173  -49.708  0.010 0.8000000119
6671  3.435  -48.021  -0.399 0.8000000119
4246  6.473  -53.116  -1.986 0.6999999881
74365  4.276  -49.006  -0.081 0.8000000119
4261  4.745  -52.359  -3.676 0.6999999881
3831  7.686  -53.234  -0.717 0.6999999881
4240  8.108  -52.586  -0.594 0.8000000119
4712  8.266  -51.745  -0.920 0.8000000119
5661  6.150  -49.668  -2.390 0.5000000000
5479  1.115  -48.964  19.114 0.6999999881
5490  1.443  -48.946  18.265 0.6999999881
5999  1.208  -48.490  16.755 0.8000000119
6010  1.191  -48.388  15.499 0.8999999762
6559  -1.647  -47.156  14.091 0.8999999762
7675  0.354  -45.738  -2.260 0.6000000238
8211  0.190  -45.119  -2.922 0.6000000238
7174  1.736  -46.097  -0.677 0.6999999881
5649  4.896  -49.402  0.130 0.8000000119
74554  3.152  -47.141  -0.425 0.8000000119
4260  6.578  -52.271  -3.738 0.6999999881
5158  6.456  -50.405  0.307 0.6999999881
6138  5.118  -48.683  -0.073 0.8000000119
5648  5.675  -49.178  0.091 0.8000000119
6148  8.092  -48.609  -1.300 0.6999999881
5469  0.152  -49.500  21.249 0.6999999881
5480  0.617  -49.056  20.080 0.6999999881
5987  1.051  -48.530  17.795 0.6999999881
72387  0.092  -48.139  16.320 0.8999999762
7066  -1.673  -46.098  12.840 0.6999999881
7674  1.162  -45.504  -1.213 0.6000000238
7173  2.889  -46.188  -0.510 0.8000000119
7662  1.825  -45.302  -0.794 0.6999999881
75172  4.397  -48.133  -0.298 0.8000000119
8723  5.628  -43.686  -1.398 0.4000000060
75763  4.060  -47.295  -0.422 0.8000000119
80700  4.866  -47.408  -0.443 0.6999999881
78860  4.704  -46.689  -0.590 0.6999999881
6154  6.691  -48.952  -2.180 0.6000000238
5954  0.189  -48.125  20.967 0.6999999881
82077  -0.088  -47.905  20.629 0.6999999881
6470  0.312  -47.494  20.873 0.6999999881
5962  0.255  -48.478  19.965 0.6999999881
6524  -1.226  -47.811  16.566 0.8000000119
6542  -1.828  -47.466  15.783 0.8999999762
6551  -1.366  -47.740  15.028 0.8999999762
7551  -1.818  -45.304  12.492 0.6000000238
8210  0.675  -44.416  -2.834 0.5000000000
82479  1.330  -44.399  -1.818 0.6000000238
8198  5.150  -44.509  -1.255 0.5000000000
78706  4.421  -44.597  -1.141 0.6000000238
7673  3.911  -45.148  -0.875 0.5000000000
8189  3.225  -44.745  -0.902 0.6999999881
8190  2.401  -44.800  -0.868 0.8000000119
8201  1.986  -44.159  -1.386 0.6000000238
7672  4.825  -45.233  -1.008 0.5000000000
72014  3.638  -45.815  -0.633 0.6999999881
8196  6.886  -45.086  -1.310 0.5000000000
7671  5.728  -45.203  -1.189 0.6000000238
7659  4.376  -45.898  -0.729 0.6000000238
7670  6.374  -45.815  -1.114 0.6000000238
78320  6.446  -46.473  -0.886 0.6000000238
6147  8.368  -48.084  -1.781 0.6000000238
7170  8.010  -47.350  -1.017 0.6999999881
6480  -0.656  -47.056  19.836 0.6999999881
5975  -0.473  -47.857  19.198 0.6999999881
6492  -1.290  -47.325  18.500 0.8000000119
6552  -1.900  -47.358  14.909 0.8999999762
8734  0.710  -43.669  -3.461 0.5000000000
8199  3.727  -44.295  -1.143 0.6999999881
8200  2.843  -44.084  -1.162 0.6999999881
8727  1.452  -43.854  -2.317 0.5000000000
7658  5.433  -46.047  -0.886 0.6000000238
7181  7.531  -46.364  -1.130 0.6000000238
6974  -0.606  -46.769  19.533 0.6999999881
7014  -1.938  -46.589  17.198 0.8000000119
6508  -1.851  -46.981  17.833 0.8000000119
6525  -2.025  -47.201  16.938 0.8999999762
8725  3.395  -43.443  -1.416 0.6000000238
9298  2.436  -42.835  -2.409 0.5000000000
71604  4.934  -42.942  -1.425 0.4000000060
8726  2.402  -43.404  -1.768 0.5000000000
9296  5.820  -42.541  -1.402 0.4000000060
8724  4.468  -43.755  -1.336 0.5000000000
8722  6.611  -43.402  -1.403 0.4000000060
7669  7.992  -45.682  -1.366 0.5000000000
7000  -0.886  -46.043  18.004 0.6999999881
74459  3.874  -46.858  15.103 0.5000000000
7520  -2.062  -45.868  15.567 0.8999999762
7529  -1.941  -45.257  14.640 0.8999999762
7056  -1.899  -46.179  13.819 0.8000000119
83431  -1.918  -43.801  12.443 0.6000000238
77561  -1.876  -44.531  12.303 0.6000000238
9297  3.106  -42.711  -1.820 0.5000000000
75955  4.011  -42.766  -1.509 0.5000000000
76925  4.680  -42.019  -1.522 0.5000000000
9295  6.980  -42.540  -1.365 0.4000000060
7516  2.245  -45.749  15.121 0.5000000000
7502  0.500  -45.656  17.135 0.8000000119
84580  0.621  -45.419  16.178 0.8000000119
7053  3.786  -46.588  13.653 0.5000000000
7042  3.151  -46.328  15.129 0.5000000000
7517  1.136  -45.392  15.657 0.6999999881
7519  -1.240  -45.247  15.946 0.8999999762
10379  15.129  -39.821  9.864 0.6000000238
10985  13.041  -39.625  11.159 0.6000000238
10988  10.030  -39.552  11.161 0.8000000119
10987  11.063  -39.438  11.169 0.6999999881
10347  7.546  -40.338  11.415 0.8000000119
7540  -1.964  -45.065  13.549 0.8000000119
9882  4.246  -41.326  -2.123 0.5000000000
9304  2.818  -42.287  -2.639 0.6000000238
9897  2.331  -42.025  -4.016 0.6000000238
9883  3.649  -42.034  -1.909 0.5000000000
7512  -0.879  -45.493  16.630 0.8000000119
7064  4.111  -46.484  12.795 0.4000000060
8033  -0.652  -44.833  15.354 0.8999999762
11025  15.117  -39.783  9.431 0.5000000000
11007  13.867  -39.644  10.701 0.6000000238
71589  2.192  -45.502  14.234 0.6999999881
7528  -1.481  -45.016  15.318 0.8999999762
10346  8.296  -40.366  11.320 0.8000000119
7537  3.298  -45.993  13.143 0.6000000238
11026  13.720  -39.386  10.113 0.6999999881
10348  6.715  -40.292  11.483 0.8000000119
10351  3.431  -40.200  11.763 0.6000000238
7539  1.689  -45.025  13.793 0.8000000119
8061  -1.730  -43.930  13.672 0.8000000119
10349  5.060  -40.243  11.520 0.6999999881
78135  1.674  -40.808  12.138 0.6999999881
8633  -1.918  -43.184  12.072 0.6000000238
8078  -1.946  -43.976  12.932 0.6999999881
8620  -1.700  -43.234  13.110 0.8000000119
9910  2.703  -41.262  -4.394 0.5000000000
10366  14.687  -39.929  10.487 0.5000000000
83054  14.153  -39.956  10.961 0.5000000000
10343  11.695  -40.050  11.693 0.8000000119
7063  4.487  -46.157  12.146 0.5000000000
79944  3.705  -45.756  12.401 0.6000000238
7527  0.437  -44.964  15.118 0.8000000119
8046  -1.176  -44.495  14.832 0.8999999762
8044  0.815  -44.677  14.302 0.8000000119
8045  -0.199  -44.469  14.701 0.8999999762
10986  12.184  -39.497  11.233 0.6999999881
78375  6.283  -41.139  11.530 0.8000000119
7550  2.919  -45.281  12.656 0.8000000119
7538  2.536  -45.440  13.470 0.6000000238
80813  0.226  -44.179  14.076 0.8000000119
8060  -0.799  -43.891  14.263 0.8000000119
10390  15.609  -40.109  8.894 0.6000000238
11008  12.410  -39.160  10.515 0.6999999881
76718  5.458  -41.195  11.537 0.8000000119
10350  4.191  -40.214  11.611 0.6000000238
9726  2.033  -41.680  11.882 0.6999999881
8059  0.173  -43.680  13.705 0.8000000119
11027  13.103  -39.223  9.910 0.6999999881
11009  11.631  -39.147  10.784 0.6999999881
78368  3.535  -41.272  11.570 0.6999999881
9153  0.184  -41.801  12.786 0.6999999881
8619  -0.782  -42.662  13.350 0.8000000119
9171  1.070  -41.572  12.372 0.6999999881
9733  16.161  -40.324  9.864 0.3000000119
10344  10.734  -40.159  11.486 0.8000000119
80676  3.373  -45.005  12.012 0.6999999881
9723  7.096  -41.196  11.436 0.8000000119
80634  4.089  -42.167  11.538 0.8000000119
8075  2.579  -44.577  12.211 0.8000000119
8058  1.105  -44.283  13.418 0.8000000119
9764  16.547  -40.851  8.270 0.6000000238
10989  8.985  -39.750  11.218 0.8000000119
9169  2.416  -42.505  11.718 0.8000000119
9152  1.081  -43.102  12.613 0.8000000119
10411  15.744  -41.162  7.790 0.6000000238
11044  14.733  -39.712  9.136 0.6000000238
8618  0.168  -43.099  13.339 0.8000000119
8606  -0.832  -43.266  13.741 0.8000000119
79812  12.436  -39.133  9.707 0.6999999881
9154  -0.660  -42.022  13.027 0.6999999881
9735  15.102  -40.543  10.692 0.4000000060
10342  12.655  -40.107  11.663 0.6000000238
10345  9.797  -40.514  11.268 0.8000000119
73112  17.367  -41.062  8.277 0.3000000119
79857  6.675  -41.834  11.418 0.8000000119
8632  3.838  -43.656  11.626 0.6999999881
73175  5.991  -41.959  11.543 0.8000000119
75641  18.358  -41.386  6.627 0.3000000119
9777  17.906  -41.439  7.319 0.4000000060
9168  3.227  -42.336  11.551 0.8000000119
8616  2.440  -43.911  11.891 0.8000000119
9799  17.602  -41.496  6.239 0.5000000000
8077  0.905  -43.660  13.065 0.8000000119
10391  14.960  -40.366  8.499 0.6000000238
9725  2.766  -41.749  11.648 0.8000000119
9170  1.586  -42.445  12.130 0.8000000119
83221  0.845  -42.296  12.589 0.8000000119
77020  0.177  -42.475  13.044 0.6999999881
11181  4.565  -39.230  -4.437 0.6000000238
11812  5.564  -38.614  -3.458 0.5000000000
11191  2.974  -39.561  -5.348 0.6000000238
10551  2.518  -39.856  -5.226 0.5000000000
11169  5.286  -39.478  -2.963 0.6000000238
11170  4.571  -39.989  -3.458 0.6000000238
9763  17.493  -40.954  9.045 0.3000000119
9722  7.987  -41.271  11.212 0.8000000119
9724  5.100  -42.212  11.560 0.8000000119
80598  19.019  -41.260  6.542 0.3000000119
9167  4.480  -43.014  11.579 0.8000000119
82004  3.699  -42.898  11.545 0.8000000119
9798  18.333  -41.255  5.987 0.5000000000
8617  1.998  -43.284  11.956 0.8000000119
9813  17.698  -41.187  5.659 0.5000000000
11083  17.904  -39.815  5.432 0.5000000000
73641  16.356  -41.704  6.877 0.6000000238
11827  4.826  -38.448  -4.832 0.6000000238
12458  6.207  -37.835  -3.317 0.5000000000
11168  5.988  -39.233  -2.485 0.6000000238
11073  19.229  -39.926  6.116 0.3000000119
12354  18.067  -37.948  5.690 0.4000000060
12355  17.567  -37.200  5.397 0.4000000060
11718  17.631  -38.809  5.474 0.4000000060
13132  5.054  -36.270  -5.416 0.6000000238
11835  4.344  -37.846  -5.362 0.6000000238
83879  6.063  -37.308  -3.872 0.6000000238
12481  4.610  -36.989  -5.452 0.6000000238
13123  5.655  -36.749  -4.791 0.6000000238
11826  5.403  -37.719  -4.612 0.6000000238
13131  5.701  -35.928  -5.080 0.6000000238
13122  6.410  -36.273  -4.160 0.6000000238
13004  17.568  -36.366  5.326 0.3000000119
14415  5.664  -34.842  -5.193 0.5000000000
13783  5.195  -35.542  -5.258 0.6000000238
73467  6.356  -34.882  -4.915 0.6000000238
13768  6.625  -35.543  -4.345 0.6000000238
14413  7.804  -34.342  -4.351 0.6000000238
13781  7.228  -34.901  -4.302 0.6000000238
77922  8.452  -33.773  -4.523 0.6000000238
13121  7.178  -36.185  -3.645 0.6000000238
13766  8.149  -36.127  -3.570 0.5000000000
75957  8.525  -35.441  -3.868 0.5000000000
14412  8.813  -34.650  -4.219 0.4000000060
14411  9.901  -34.737  -4.369 0.5000000000
14321  17.286  -34.483  5.426 0.3000000119
79431  6.101  -34.374  -5.220 0.5000000000
13782  5.823  -35.337  -5.125 0.6000000238
74426  10.084  -33.185  -4.747 0.5000000000
15051  6.373  -33.651  -5.285 0.5000000000
14414  6.875  -34.300  -4.837 0.6000000238
13780  7.998  -34.921  -3.968 0.6000000238
14322  16.538  -34.467  5.105 0.3000000119
15610  15.442  -32.786  7.180 0.3000000119
15062  7.027  -32.964  -5.376 0.6000000238
73504  7.433  -33.667  -4.855 0.6000000238
79897  9.070  -33.128  -4.757 0.6000000238
15049  9.499  -33.923  -4.517 0.5000000000
15723  7.653  -32.167  -5.436 0.5000000000
15721  9.614  -32.445  -4.999 0.6000000238
75616  10.648  -34.032  -4.617 0.5000000000
15614  15.505  -32.819  6.243 0.3000000119
76558  7.820  -31.227  -5.611 0.5000000000
16399  8.729  -30.983  -5.515 0.6000000238
15740  8.430  -31.741  -5.385 0.6000000238
15739  9.189  -31.760  -5.260 0.6000000238
16386  10.043  -31.689  -5.193 0.6000000238
17099  9.413  -30.265  -5.509 0.6000000238
15720  10.568  -32.389  -4.962 0.4000000060
71593  13.625  -34.954  5.184 0.4000000060
15626  14.288  -32.641  5.925 0.4000000060
14964  14.638  -33.303  5.424 0.3000000119
15625  14.943  -32.795  5.877 0.3000000119
80807  9.560  -31.122  -5.376 0.6000000238
74662  11.071  -33.118  -4.770 0.4000000060
15627  13.414  -32.492  5.912 0.3000000119
14965  13.796  -33.262  5.465 0.3000000119
15616  13.793  -32.147  6.581 0.3000000119
14326  12.051  -34.438  5.400 0.4000000060
80440  13.184  -34.156  5.312 0.4000000060
17759  9.083  -29.092  -5.575 0.5000000000
17098  10.340  -30.693  -5.314 0.5000000000
16384  11.732  -31.250  -4.993 0.4000000060
15719  11.608  -32.231  -4.907 0.4000000060
17749  9.599  -28.127  -5.286 0.4000000060
17748  10.090  -29.421  -5.419 0.5000000000
17087  11.049  -29.804  -5.209 0.4000000060
77456  11.190  -30.746  -5.145 0.5000000000
16295  13.160  -31.453  7.231 0.3000000119
15628  12.401  -32.529  5.768 0.4000000060
15718  12.632  -32.439  -4.729 0.3000000119
15617  12.965  -31.795  6.422 0.3000000119
14966  11.617  -33.602  5.445 0.4000000060
17746  11.781  -29.205  -4.802 0.3000000119
17086  11.845  -30.290  -4.975 0.4000000060
81333  12.293  -31.678  -4.827 0.5000000000
14340  10.691  -34.386  4.484 0.3000000119
15670  13.012  -32.368  1.148 0.4000000060
15669  13.792  -32.325  0.659 0.4000000060
17076  13.201  -29.830  -3.820 0.3000000119
18383  11.558  -28.094  -4.220 0.4000000060
17728  11.324  -29.132  -1.743 0.4000000060
17085  12.523  -29.949  -4.513 0.4000000060
14988  11.140  -33.698  2.230 0.3000000119
14995  11.524  -33.176  1.632 0.4000000060
15660  12.072  -32.394  1.377 0.3000000119
18373  11.230  -27.167  -3.419 0.4000000060
14994  12.493  -33.140  1.335 0.4000000060
16348  14.115  -31.471  0.345 0.5000000000
77117  13.454  -31.727  0.881 0.5000000000
17041  14.325  -31.077  -0.053 0.4000000060
18372  12.032  -27.620  -3.342 0.4000000060
18358  11.121  -27.798  -1.935 0.3000000119
16341  12.732  -31.592  1.207 0.3000000119
73356  10.876  -26.891  -2.810 0.4000000060
17042  14.039  -30.595  0.198 0.3000000119
19006  11.382  -27.217  -2.462 0.4000000060
17716  13.569  -29.336  -0.231 0.3000000119
77535  12.955  -29.250  -0.986 0.4000000060
18998  12.206  -27.382  -2.219 0.4000000060
17740  13.198  -29.037  -3.220 0.3000000119
18357  12.386  -27.462  -2.583 0.3000000119
19018  11.646  -27.066  -2.786 0.4000000060
81415  12.455  -28.828  -3.918 0.3000000119
18349  12.139  -27.560  -1.757 0.3000000119
18371  12.804  -28.090  -2.996 0.3000000119
18997  12.979  -27.464  -1.467 0.3000000119
407  13.432  -62.805  8.285 0.8000000119
79  15.291  -64.254  5.915 0.6000000238
677  7.439  -61.780  6.860 0.8999999762
376  15.012  -63.041  11.171 0.5000000000
194  15.737  -62.489  9.971 0.4000000060
637  16.208  -61.957  10.083 0.4000000060
219  3.211  -64.409  8.673 0.8999999762
80397  7.466  -61.879  8.480 1.0000000000
639  15.109  -62.603  11.166 0.5000000000
75814  16.289  -63.385  5.420 0.4000000060
408  5.784  -63.363  9.155 1.0000000000
465  16.944  -62.656  3.561 0.6999999881
1142  13.035  -60.711  12.474 0.4000000060
153  16.547  -61.470  -4.159 0.6000000238
1685  4.753  -58.573  14.521 0.8000000119
311  17.049  -61.741  -3.669 0.6000000238
1083  6.600  -61.179  -9.338 0.5000000000
777  20.296  -62.425  -4.313 0.5000000000
72955  8.394  -60.789  -10.888 0.5000000000
3094  0.627  -55.146  -8.167 0.5000000000
1284  18.226  -60.105  -7.472 0.6000000238
939  1.062  -61.653  9.107 0.8999999762
1702  1.242  -58.460  13.639 0.8000000119
79284  0.888  -59.146  13.183 0.8000000119
73635  0.548  -60.919  12.424 1.0000000000
908  -0.267  -61.126  11.961 1.0000000000
930  -0.178  -61.559  11.096 0.8999999762
2341  7.224  -57.172  -14.150 0.6000000238
1941  5.696  -57.419  -13.905 0.6999999881
2076  2.354  -57.717  11.273 0.8000000119
2089  2.059  -57.360  10.339 0.6000000238
5633  -0.316  -49.686  2.145 0.6000000238
3404  1.730  -54.077  1.020 0.8000000119
78904  1.852  -51.538  3.652 0.6999999881
4200  2.796  -51.953  3.880 0.6999999881
3662  1.373  -53.352  13.217 0.8999999762
4129  1.673  -52.600  12.997 0.8999999762
5062  1.820  -50.909  12.860 0.8999999762
6132  -1.105  -48.281  0.074 0.6999999881
5146  1.278  -50.617  2.527 0.8000000119
5141  -1.433  -50.690  3.845 0.5000000000
3802  3.380  -53.429  3.025 0.6999999881
3908  4.528  -53.635  -8.975 0.6999999881
3923  4.399  -53.316  -10.439 0.6999999881
4360  4.637  -52.215  -11.393 0.6000000238
77045  1.119  -49.531  -0.558 0.8000000119
3833  5.462  -53.679  -0.613 0.6999999881
73251  3.363  -52.902  -5.585 0.6999999881
5528  2.172  -48.915  15.518 0.8000000119
5642  1.375  -50.000  -0.081 0.8000000119
5998  2.047  -48.906  16.354 0.8000000119
7183  -0.127  -46.409  -2.428 0.6000000238
5157  7.257  -51.105  0.211 0.8000000119
5986  1.746  -48.935  17.294 0.8000000119
8197  6.450  -44.159  -1.397 0.4000000060
80870  -1.071  -46.977  19.264 0.6999999881
6984  -0.985  -46.588  18.736 0.6999999881
7031  -2.147  -46.681  16.262 0.8999999762
7029  2.675  -46.172  15.954 0.5000000000
7054  2.965  -46.039  14.161 0.6000000238
73749  13.158  -39.369  10.602 0.6999999881
10539  3.969  -40.454  -3.778 0.6999999881
80449  16.968  -40.627  8.911 0.3000000119
81215  5.369  -43.224  11.466 0.6999999881
73725  2.932  -43.290  11.616 0.8000000119
72689  6.681  -37.055  -3.469 0.6000000238
72717  7.750  -36.872  -3.329 0.5000000000
13767  7.617  -35.489  -3.826 0.6000000238
14324  14.228  -33.991  5.132 0.4000000060
13655  14.691  -34.758  4.985 0.4000000060
15615  14.714  -32.552  6.586 0.3000000119
16385  10.920  -31.527  -5.100 0.4000000060
17718  12.096  -28.383  -1.451 0.4000000060
58  15.768  -63.347  8.246 0.6000000238
5155  0.656  -50.121  1.803 0.6999999881
81575  9.167  -65.193  4.549 0.6999999881
261  8.767  -64.439  3.791 0.6999999881
82  12.129  -65.924  5.090 0.6999999881
378  12.520  -62.963  11.738 0.6000000238
370  12.982  -63.026  12.188 0.6000000238
377  13.270  -63.224  11.482 0.6000000238
629  14.309  -62.664  11.881 0.5000000000
90  14.667  -64.899  5.123 0.6000000238
896  13.613  -62.245  12.293 0.5000000000
251  15.296  -64.250  5.165 0.6999999881
260  15.797  -63.717  4.652 0.6999999881
71320  15.607  -61.616  10.562 0.4000000060
614  7.774  -61.969  16.136 0.4000000060
604  7.879  -62.201  17.165 0.3000000119
606  6.284  -61.849  17.501 0.4000000060
77063  7.401  -62.178  16.802 0.4000000060
1364  4.871  -59.211  16.576 0.6000000238
247  20.199  -63.190  5.950 0.4000000060
1112  4.389  -60.250  19.871 0.3000000119
1120  4.614  -60.599  19.237 0.4000000060
80646  4.699  -59.792  17.244 0.6000000238
1671  4.516  -58.368  15.386 0.6999999881
887  11.103  -60.351  15.062 0.4000000060
80494  12.482  -58.875  14.075 0.4000000060
450  20.306  -62.830  4.931 0.4000000060
464  20.418  -62.262  3.205 0.5000000000
74123  20.846  -62.605  4.039 0.5000000000
708  19.599  -62.243  4.201 0.5000000000
79228  20.311  -62.063  0.885 0.6000000238
720  20.097  -62.100  2.357 0.6000000238
745  20.685  -62.046  0.347 0.6000000238
82554  20.045  -62.255  -1.396 0.5000000000
1352  4.427  -59.819  18.097 0.5000000000
1686  3.918  -58.145  14.586 0.6999999881
74172  20.389  -62.272  -2.961 0.5000000000
1358  4.415  -59.045  17.273 0.6000000238
1658  4.267  -58.501  16.404 0.6000000238
906  0.712  -61.913  12.276 1.0000000000
1375  2.885  -58.827  13.193 0.8000000119
920  0.605  -62.607  11.874 1.0000000000
1547  13.235  -58.241  -12.042 0.6000000238
922  -0.307  -61.219  11.581 0.8999999762
1167  1.452  -60.751  9.250 0.8000000119
1173  2.070  -60.810  8.421 0.8000000119
1166  2.525  -59.957  8.723 0.8000000119
1400  2.241  -59.759  9.568 0.8000000119
1399  2.595  -59.222  9.162 0.5000000000
2102  2.456  -57.924  10.080 0.8000000119
2067  2.197  -57.242  11.895 0.8000000119
85184  2.112  -56.717  11.987 0.8000000119
75000  1.225  -55.005  13.154 0.8999999762
73264  7.118  -52.083  -14.931 0.4000000060
3259  1.138  -54.162  13.397 0.8999999762
70288  -0.163  -50.433  17.232 0.8000000119
5491  1.106  -49.201  18.928 0.6999999881
6136  7.243  -48.800  -0.457 0.6999999881
6670  6.665  -47.967  -0.488 0.6999999881
7171  7.131  -47.211  -0.764 0.6999999881
6669  7.833  -48.142  -0.822 0.6999999881
6688  7.420  -48.135  -2.574 0.6000000238
6689  6.152  -48.183  -2.632 0.5000000000
6690  5.003  -48.186  -2.651 0.5000000000
8195  8.000  -44.895  -1.414 0.5000000000
77980  8.342  -47.867  -2.279 0.5000000000
6972  1.044  -46.437  19.544 0.6000000238
6983  0.503  -46.174  18.798 0.6999999881
6998  1.196  -45.856  17.376 0.6000000238
7028  3.509  -46.656  15.901 0.5000000000
7510  1.123  -45.635  16.538 0.6000000238
7518  -0.053  -45.195  15.949 0.8999999762
7526  1.445  -45.223  14.694 0.6999999881
83838  4.870  -41.425  -1.682 0.6000000238
9896  3.279  -41.655  -2.986 0.6000000238
9881  5.469  -41.589  -1.526 0.4000000060
9895  3.677  -40.991  -3.387 0.6999999881
10540  3.179  -40.571  -4.630 0.6000000238
10528  4.479  -40.617  -2.714 0.6999999881
11182  3.689  -39.933  -4.758 0.6999999881
10550  2.868  -40.100  -5.202 0.6000000238
10514  5.830  -40.408  -1.877 0.5000000000
10527  5.187  -40.180  -2.413 0.6000000238
8094  4.003  -44.552  11.727 0.6999999881
8057  2.095  -44.778  12.956 0.8000000119
8076  1.700  -44.021  12.453 0.8000000119
79858  14.276  -39.878  8.796 0.6999999881
8074  3.163  -44.186  11.777 0.8000000119
9800  16.705  -41.693  6.208 0.5000000000
11160  5.737  -39.817  -2.260 0.5000000000
9165  7.497  -42.238  11.002 0.6999999881
9166  6.604  -42.596  11.195 0.6999999881
75135  8.447  -42.182  10.816 0.6999999881
11811  6.390  -38.568  -2.708 0.5000000000
10429  19.578  -40.740  6.566 0.3000000119
79920  6.848  -37.939  -2.856 0.5000000000
71976  15.986  -33.801  5.207 0.3000000119
14323  15.133  -33.912  5.068 0.4000000060
14963  15.415  -33.212  5.557 0.3000000119
14327  11.247  -34.490  5.230 0.4000000060
14328  10.707  -34.149  5.036 0.4000000060
13658  11.199  -35.037  4.368 0.4000000060
15629  11.408  -32.657  5.596 0.4000000060
75399  10.853  -33.508  5.312 0.4000000060
78604  12.134  -29.478  -1.487 0.3000000119
14347  10.895  -34.535  3.687 0.3000000119
14352  10.786  -34.059  2.972 0.3000000119
17046  14.075  -30.557  -0.292 0.4000000060
17050  13.573  -30.340  -0.837 0.5000000000
14996  10.577  -33.114  1.857 0.3000000119
73454  14.365  -65.110  4.249 0.5000000000
912  13.563  -61.351  12.111 0.4000000060
1154  13.477  -60.313  11.919 0.4000000060
1382  2.240  -59.767  12.795 0.8000000119
1148  1.508  -60.877  12.517 0.8000000119
80285  1.546  -55.672  13.011 0.8999999762
77778  -0.607  -50.513  18.173 0.8000000119
6702  6.776  -47.418  -3.052 0.5000000000
6997  2.707  -46.508  17.501 0.5000000000
6996  3.417  -46.840  17.302 0.5000000000
6982  1.516  -46.296  18.642 0.5000000000
70573  1.869  -46.184  17.795 0.5000000000
10515  5.122  -40.893  -1.852 0.5000000000
78180  5.906  -41.060  -1.612 0.3000000119
83048  5.678  -44.023  11.192 0.6999999881
83642  11.012  -34.036  5.291 0.4000000060
14989  10.310  -33.532  2.580 0.3000000119
11159  6.342  -39.889  -1.986 0.4000000060
675  11.575  -61.750  7.571 0.8000000119
689  10.203  -62.475  5.786 0.8999999762
681  10.599  -61.973  6.518 0.8999999762
684  8.054  -61.748  6.173 0.8000000119
72  12.434  -65.208  5.662 0.8000000119
71  14.314  -64.926  5.954 0.8000000119
945  9.742  -60.772  8.477 0.8000000119
691  8.539  -62.131  5.383 0.8000000119
84443  11.718  -61.555  10.771 0.6999999881
76216  13.770  -63.175  11.816 0.6000000238
197  14.035  -63.266  11.204 0.5000000000
192  14.413  -63.173  11.443 0.5000000000
193  16.391  -62.294  9.366 0.3000000119
84  10.220  -65.842  5.481 0.6999999881
1  10.925  -66.141  5.055 0.6000000238
632  11.019  -61.371  12.997 0.5000000000
631  11.731  -62.105  12.798 0.6000000238
80442  15.835  -63.624  6.863 0.4000000060
880  5.230  -61.652  17.390 0.5000000000
371  12.307  -62.692  12.533 0.6000000238
209  15.036  -63.206  9.329 0.5000000000
61  16.754  -62.932  7.206 0.4000000060
239  16.239  -63.206  6.791 0.4000000060
3  13.910  -65.537  4.661 0.6999999881
623  12.173  -62.127  13.283 0.5000000000
74858  8.952  -60.902  8.946 0.8999999762
602  5.580  -61.651  17.743 0.4000000060
865  6.889  -61.252  18.379 0.3000000119
70757  16.251  -61.316  10.116 0.3000000119
722  18.216  -62.119  2.624 0.6999999881
735  17.840  -62.313  1.871 0.4000000060
79143  20.910  -62.201  1.871 0.6000000238
425  18.121  -63.038  6.221 0.4000000060
78479  18.263  -62.705  5.644 0.5000000000
710  17.746  -62.211  3.448 0.5000000000
1894  2.552  -58.683  -8.363 0.5000000000
318  16.739  -61.213  -3.860 0.6000000238
423  0.110  -64.470  7.615 0.6999999881
636  5.955  -62.458  12.139 0.8000000119
236  19.530  -63.145  6.362 0.4000000060
436  19.829  -63.051  5.665 0.4000000060
697  18.431  -62.306  4.710 0.6000000238
1296  3.229  -60.069  -8.691 0.6000000238
323  17.448  -61.918  -4.277 0.6999999881
322  18.574  -62.246  -4.761 0.6000000238
330  18.080  -62.415  -4.601 0.6999999881
84892  18.519  -63.293  -6.355 0.6000000238
338  16.505  -64.267  -6.859 0.6000000238
72929  19.975  -62.150  -0.509 0.5000000000
526  19.634  -62.884  -3.793 0.6000000238
569  16.550  -63.237  -7.458 0.4000000060
1348  3.774  -59.627  19.728 0.3000000119
543  20.079  -62.021  -5.460 0.5000000000
71944  19.251  -62.615  -6.943 0.5000000000
567  18.064  -63.057  -7.465 0.5000000000
566  18.720  -62.759  -7.243 0.5000000000
349  13.195  -63.274  -7.273 0.5000000000
1537  14.139  -59.291  -12.035 0.6000000238
591  10.053  -61.687  -9.422 0.5000000000
830  19.067  -61.653  -7.504 0.6000000238
822  13.434  -62.659  -7.400 0.5000000000
73318  2.658  -58.162  20.218 0.3000000119
2687  1.263  -56.675  -8.098 0.6000000238
2686  2.799  -56.674  -8.418 0.6000000238
831  18.322  -61.947  -7.560 0.6000000238
1285  17.286  -60.087  -7.638 0.6000000238
76362  1.746  -58.197  16.966 0.4000000060
1548  12.843  -58.350  -11.801 0.5000000000
1535  4.850  -59.219  -11.184 0.8000000119
2279  5.373  -57.213  -8.856 0.6999999881
1149  -0.180  -60.592  12.251 1.0000000000
2684  4.519  -56.590  -8.238 0.6000000238
3553  7.073  -55.266  -16.056 0.6999999881
3485  6.561  -54.826  -7.631 0.6000000238
3806  -0.288  -52.684  2.615 0.6000000238
3907  5.442  -53.853  -8.061 0.6000000238
6046  1.392  -48.554  12.149 0.8000000119
79489  2.003  -48.831  13.806 0.8000000119
4707  5.210  -51.156  1.081 0.8000000119
83868  7.301  -51.108  -3.066 0.5000000000
4717  8.248  -51.848  -1.710 0.5000000000
5660  7.197  -49.585  -1.788 0.6000000238
5515  2.240  -49.044  16.087 0.8000000119
4253  7.042  -52.665  -2.793 0.6999999881
5646  7.464  -49.526  -0.591 0.6000000238
5001  0.845  -49.853  18.113 0.8000000119
7043  -2.135  -46.584  14.734 0.8999999762
82943  -2.011  -44.546  13.009 0.8000000119
7180  8.498  -47.101  -1.505 0.6000000238
8047  -1.689  -44.377  14.282 0.8999999762
7030  1.881  -45.789  16.019 0.5000000000
10377  16.344  -40.273  9.184 0.4000000060
79190  5.896  -40.265  11.493 0.8000000119
11010  10.856  -39.024  10.516 0.6999999881
9778  17.148  -41.544  7.161 0.5000000000
9180  9.660  -41.506  11.144 0.6999999881
9776  18.768  -41.403  7.700 0.3000000119
10430  18.914  -40.861  5.925 0.3000000119
11074  18.581  -40.178  5.684 0.3000000119
10440  18.168  -40.776  5.567 0.4000000060
11713  18.465  -39.138  5.779 0.3000000119
15050  8.058  -33.007  -4.923 0.6000000238
13779  9.432  -35.405  -4.107 0.4000000060
77085  16.190  -33.139  5.897 0.3000000119
15722  8.679  -32.396  -5.109 0.6000000238
75382  11.976  -33.129  -4.783 0.3000000119
15611  14.024  -32.137  7.293 0.3000000119
74322  12.773  -33.332  5.496 0.4000000060
14984  10.223  -33.894  3.631 0.3000000119
77863  12.453  -30.895  -4.731 0.5000000000
17084  13.164  -30.700  -4.311 0.3000000119
16349  13.493  -30.950  0.802 0.3000000119
18348  12.972  -27.961  -0.839 0.4000000060
79079  2.107  -46.062  16.837 0.5000000000
96  15.029  -64.493  4.138 0.6999999881
265  15.566  -63.905  3.582 0.6000000238
11065  19.957  -39.977  6.783 0.3000000119
753  20.689  -62.076  -0.619 0.4000000060
4  13.264  -65.859  4.877 0.6000000238
514  21.376  -62.059  0.137 0.4000000060
760  20.711  -62.102  -1.471 0.4000000060
507  21.465  -62.094  0.788 0.5000000000
489  21.954  -62.187  1.280 0.4000000060
490  21.113  -62.137  1.239 0.5000000000
83887  20.565  -62.248  -3.569 0.3000000119
78324  21.671  -62.264  1.851 0.5000000000
554  20.442  -61.631  -5.818 0.4000000060
83550  22.342  -62.005  1.400 0.4000000060
476  21.932  -62.253  2.481 0.4000000060
1689  0.247  -58.274  14.229 0.6999999881
1703  -0.790  -58.652  13.658 0.6999999881
1377  0.040  -58.862  13.413 0.6999999881
1378  -0.924  -59.188  13.070 0.8999999762
1384  -0.006  -59.675  12.748 0.8999999762
1386  -1.143  -59.308  12.258 0.8999999762
1713  -1.301  -58.860  12.488 0.8999999762
1379  -1.245  -59.073  12.750 0.8999999762
1385  -0.807  -59.711  12.359 0.8999999762
1151  -0.935  -59.820  11.845 0.8999999762
1150  -0.658  -60.414  11.979 0.8999999762
1391  -0.704  -59.926  11.297 0.8000000119
1690  -1.093  -58.243  14.218 0.6999999881
1704  -1.276  -58.507  13.340 0.8999999762
1712  -1.151  -58.645  12.254 0.8000000119
1719  -0.796  -59.100  11.701 0.6999999881
1155  -0.587  -60.530  11.615 0.8999999762
1718  0.158  -58.771  11.668 0.6999999881
1390  0.007  -59.380  11.251 0.6999999881
1161  -0.406  -60.740  11.209 0.8000000119
1389  1.185  -59.324  10.879 0.6999999881
1395  0.211  -59.988  10.698 0.6999999881
1160  -0.190  -60.703  10.737 0.6999999881
1724  2.184  -58.786  10.706 0.6999999881
1394  1.795  -59.553  10.308 0.6999999881
1159  0.809  -60.501  10.066 0.6999999881
1710  1.012  -58.173  12.048 0.6999999881
1717  1.429  -58.665  11.387 0.6999999881
1723  2.473  -58.226  10.520 0.6999999881
1711  -0.359  -58.406  12.123 0.8000000119
2077  2.022  -57.901  11.724 0.6999999881
1705  -1.421  -58.563  12.907 0.8999999762
2070  -1.010  -57.963  12.571 0.8000000119
2071  -1.405  -58.280  12.760 0.8999999762
81629  -1.427  -57.526  14.119 0.8999999762
2056  -0.291  -57.273  13.143 0.8000000119
2057  -1.368  -57.688  13.179 0.8000000119
2058  -1.490  -58.006  13.381 0.8999999762
2069  0.370  -57.705  12.580 0.8000000119
2068  1.597  -57.451  12.342 0.6999999881
2468  -1.404  -57.310  13.854 0.8999999762
2055  1.164  -56.955  12.971 0.8000000119
2467  -0.969  -56.865  13.673 0.8000000119
2478  1.869  -56.753  12.471 0.6999999881
2461  -1.239  -56.443  14.248 0.8000000119
72538  -1.380  -55.916  14.716 0.8000000119
2462  -1.381  -56.841  14.562 0.6999999881
2466  0.610  -56.448  13.494 0.8000000119
82056  -1.084  -55.619  14.387 0.8000000119
2459  -1.466  -56.230  15.252 0.6999999881
2840  -1.320  -55.070  14.676 0.8000000119
2841  -1.573  -55.285  15.097 0.8000000119
3247  -1.653  -54.660  15.653 0.5000000000
2465  1.540  -56.239  13.039 0.8000000119
2848  1.105  -55.689  13.424 0.8000000119
2849  0.619  -54.964  13.741 0.8000000119
2839  -0.482  -54.955  14.254 0.8000000119
3241  -1.676  -54.683  16.717 0.5000000000
3253  -0.930  -54.230  14.539 0.8000000119
3254  -1.544  -54.443  14.981 0.8000000119
3252  0.226  -54.155  14.057 0.8000000119
71620  -1.748  -53.984  17.198 0.5000000000
80476  -1.346  -53.603  14.918 0.8000000119
81305  -1.653  -53.946  15.332 0.6999999881
3625  -1.652  -54.077  18.250 0.5000000000
3647  -1.603  -53.212  15.475 0.6000000238
71915  -1.753  -53.911  16.060 0.5000000000
4098  -0.986  -51.895  15.187 0.6999999881
70829  -1.636  -53.552  18.794 0.5000000000
4099  -1.446  -52.200  15.717 0.6999999881
3636  -1.726  -53.093  16.418 0.6000000238
70536  -1.723  -53.209  17.556 0.5000000000
4081  -1.644  -52.226  16.814 0.6000000238
4055  -1.586  -52.777  19.384 0.6000000238
4067  -1.671  -52.450  17.991 0.5000000000
5002  -1.068  -50.780  17.407 0.6999999881
4550  -1.480  -51.366  17.294 0.6999999881
4563  -0.963  -50.849  16.485 0.6999999881
76963  -1.606  -51.772  18.383 0.6999999881
4535  -1.546  -51.534  19.318 0.6999999881
74928  -1.159  -50.744  19.215 0.6999999881
4992  -1.374  -51.010  18.222 0.6999999881
4980  -1.381  -51.214  20.524 0.6999999881
4991  0.177  -50.063  19.188 0.6000000238
4978  0.186  -49.691  20.259 0.6000000238
4979  -0.757  -50.424  20.161 0.6000000238
84670  -1.260  -51.280  21.409 0.6000000238
4966  -0.779  -50.563  21.446 0.6000000238
5460  -0.094  -50.188  22.075 0.6000000238
5458  1.287  -49.792  21.930 0.5000000000
76210  0.853  -49.330  21.689 0.5000000000
6962  0.553  -46.814  20.400 0.6000000238
79014  8.469  -46.356  -1.539 0.5000000000
9719  13.118  -40.969  11.812 0.3000000119
10341  14.392  -40.417  11.098 0.4000000060
81095  11.227  -42.425  12.423 0.3000000119
71413  11.685  -41.876  12.203 0.4000000060
9720  12.187  -40.976  12.008 0.4000000060
72619  12.088  -39.377  9.084 0.6000000238
10412  14.809  -41.644  7.605 0.5000000000
75323  14.120  -40.805  8.257 0.5000000000
10392  13.506  -39.972  8.707 0.5000000000
11046  12.949  -39.397  9.211 0.6000000238
10413  13.176  -41.056  8.196 0.6000000238
9163  9.926  -42.102  11.476 0.4000000060
8626  9.134  -42.783  11.159 0.5000000000
8628  7.851  -43.679  10.710 0.5000000000
82115  9.158  -42.157  10.894 0.6000000238
8091  6.430  -44.526  10.963 0.5000000000
8092  5.517  -44.768  11.299 0.5000000000
9721  11.260  -41.010  11.823 0.5000000000
9814  16.979  -41.323  5.666 0.5000000000
9815  16.165  -41.616  5.786 0.5000000000
9801  16.005  -41.905  6.161 0.5000000000
10393  12.596  -40.111  8.605 0.6000000238
9780  14.324  -42.564  6.855 0.5000000000
79048  8.076  -42.938  10.598 0.6000000238
8630  6.343  -43.516  11.024 0.6000000238
72454  7.316  -43.261  10.720 0.6000000238
11028  11.626  -38.983  9.894 0.6000000238
10441  17.279  -40.571  5.346 0.4000000060
10442  16.343  -40.873  5.354 0.5000000000
10443  15.366  -41.209  5.483 0.6000000238
11086  15.486  -39.962  5.312 0.6000000238
11167  6.737  -39.285  -2.257 0.3000000119
10990  8.019  -39.561  11.209 0.6000000238
83796  17.127  -38.728  5.346 0.4000000060
84675  16.302  -38.238  5.230 0.4000000060
11720  15.562  -38.095  5.241 0.6000000238
11825  7.682  -38.188  -2.766 0.4000000060
11810  7.143  -38.681  -2.494 0.3000000119
11012  8.484  -39.054  10.795 0.6000000238
10991  6.363  -39.385  11.334 0.6000000238
10993  4.763  -39.123  11.569 0.5000000000
10992  5.572  -39.265  11.424 0.5000000000
77539  17.076  -37.992  5.320 0.3000000119
12356  16.919  -36.891  5.156 0.3000000119
13006  16.134  -36.561  5.020 0.3000000119
13007  15.316  -36.368  5.009 0.3000000119
13016  15.937  -35.668  4.919 0.3000000119
12474  7.441  -37.502  -3.030 0.4000000060
12473  8.411  -37.678  -3.181 0.4000000060
13005  16.808  -35.839  5.058 0.3000000119
13653  16.410  -35.119  4.960 0.3000000119
13654  15.713  -34.710  4.910 0.3000000119
13017  15.087  -35.561  4.949 0.3000000119
13120  8.764  -36.846  -3.522 0.4000000060
13640  12.906  -36.016  5.302 0.4000000060
13018  12.089  -36.654  4.917 0.4000000060
13043  12.964  -36.385  2.842 0.4000000060
13765  9.104  -36.101  -3.793 0.4000000060
13641  12.077  -36.117  5.193 0.4000000060
14325  12.460  -35.248  5.344 0.4000000060
13656  11.829  -35.983  5.006 0.4000000060
13029  12.170  -36.516  4.014 0.4000000060
13019  11.817  -36.091  4.621 0.4000000060
13657  11.518  -35.550  4.800 0.4000000060
13665  12.273  -35.881  3.307 0.4000000060
13666  11.650  -35.689  4.021 0.4000000060
13686  13.409  -35.243  1.693 0.5000000000
13697  14.620  -35.330  0.270 0.5000000000
14364  14.596  -34.557  -0.212 0.5000000000
13642  11.651  -35.342  5.162 0.4000000060
14346  11.403  -35.018  3.615 0.4000000060
13674  11.957  -35.263  3.062 0.5000000000
14350  12.456  -34.823  2.208 0.5000000000
14356  13.143  -34.431  1.449 0.5000000000
14355  14.075  -34.858  0.948 0.5000000000
14365  14.431  -34.503  0.335 0.5000000000
14998  14.524  -33.801  0.068 0.5000000000
15003  14.559  -33.784  -0.668 0.5000000000
15680  14.602  -32.820  -1.003 0.4000000060
15681  13.857  -31.975  -1.494 0.4000000060
14351  11.501  -34.504  2.781 0.3000000119
14357  12.131  -33.957  1.791 0.4000000060
76545  14.601  -33.011  -0.269 0.4000000060
83487  14.343  -32.400  -1.264 0.4000000060
16358  13.307  -31.122  -1.467 0.3000000119
17051  12.695  -30.298  -1.425 0.3000000119
17052  11.685  -30.242  -1.807 0.3000000119
75278  13.005  -33.719  1.267 0.4000000060
15000  13.411  -33.086  0.972 0.4000000060
14999  14.180  -33.068  0.379 0.4000000060
15673  14.572  -32.350  -0.460 0.4000000060
16357  14.094  -31.173  -0.964 0.4000000060
78723  9.397  -39.129  10.790 0.6000000238
5  12.534  -66.162  4.554 0.6000000238
4564  -1.374  -51.494  16.313 0.6999999881
81921  10.228  -39.159  10.822 0.6000000238
11084  17.177  -39.397  5.314 0.3000000119
15668  14.381  -32.301  0.123 0.4000000060
16347  14.444  -31.709  -0.203 0.4000000060
13639  14.087  -35.715  5.092 0.4000000060
14339  11.157  -34.862  4.932 0.3000000119
2850  -0.075  -55.858  14.030 0.8000000119
2835  -1.553  -55.487  15.826 0.5000000000
9779  15.300  -42.085  6.582 0.5000000000
79801  8.416  -43.116  10.758 0.6000000238
11085  16.477  -39.757  5.259 0.6000000238
78721  15.877  -38.934  5.279 0.6000000238
11719  16.667  -38.809  5.287 0.5000000000
12357  16.262  -37.482  5.134 0.4000000060
11721  14.688  -38.933  5.421 0.5000000000
74865  15.441  -37.227  5.100 0.4000000060
12358  14.615  -37.919  5.361 0.4000000060
13008  13.456  -36.821  5.301 0.5000000000
13673  12.769  -35.600  2.496 0.4000000060
13009  12.430  -36.886  5.191 0.4000000060
14993  13.878  -33.934  0.753 0.4000000060
15008  14.331  -33.574  -1.317 0.5000000000
16356  14.456  -31.937  -0.922 0.4000000060
16352  14.337  -31.269  -0.502 0.4000000060
449  21.067  -62.802  4.753 0.4000000060
4034  -1.269  -52.834  21.058 0.4000000060
4519  -1.484  -52.371  20.453 0.5000000000
82937  -1.090  -52.020  22.003 0.5000000000
9210  13.433  -42.906  7.051 0.4000000060
9781  12.802  -42.141  7.712 0.5000000000
10414  12.201  -41.153  8.107 0.5000000000
10394  11.689  -40.209  8.486 0.5000000000
9246  14.158  -42.701  5.820 0.4000000060
9229  13.842  -43.097  6.161 0.4000000060
9228  14.464  -42.572  6.235 0.5000000000
9247  13.634  -42.916  5.332 0.4000000060
11047  11.237  -39.356  8.929 0.5000000000
11029  10.678  -38.960  9.558 0.5000000000
10444  14.284  -41.376  5.389 0.4000000060
9816  15.031  -42.107  5.945 0.5000000000
78703  9.979  -39.011  9.201 0.5000000000
9817  13.998  -42.264  5.337 0.4000000060
11087  14.279  -40.120  5.424 0.4000000060
11658  8.881  -38.752  10.084 0.5000000000
11679  8.233  -38.708  9.254 0.5000000000
11088  13.548  -40.154  5.219 0.4000000060
11013  7.593  -38.913  10.818 0.5000000000
11659  7.973  -38.600  10.165 0.5000000000
11722  13.550  -39.204  5.442 0.4000000060
12359  13.584  -37.798  5.464 0.4000000060
75703  13.795  -38.477  5.524 0.4000000060
74161  14.526  -37.049  5.185 0.5000000000
11723  13.057  -38.508  5.398 0.4000000060
75645  14.120  -32.829  -1.556 0.4000000060
9782  11.755  -42.205  7.659 0.4000000060
10415  11.249  -41.258  7.997 0.5000000000
809  20.393  -61.595  -6.546 0.3000000119
609  8.332  -62.146  16.773 0.3000000119
911  14.107  -60.903  11.390 0.3000000119
1152  14.707  -60.428  10.815 0.3000000119
909  15.270  -62.146  11.046 0.3000000119
81027  14.302  -61.906  11.648 0.4000000060
910  14.956  -61.403  11.015 0.3000000119
2436  -1.106  -56.680  18.303 0.3000000119
2446  -1.275  -56.851  17.738 0.4000000060
79900  -1.256  -57.626  16.604 0.4000000060
1663  -1.020  -58.209  16.806 0.4000000060
73526  -1.120  -57.915  15.259 0.5000000000
1675  -0.776  -58.189  16.049 0.4000000060
1674  -0.392  -58.092  15.152 0.6000000238
2024  -1.163  -57.313  18.150 0.3000000119
79410  -0.505  -58.347  17.510 0.3000000119
1655  -0.938  -58.163  17.731 0.4000000060
1676  -1.176  -57.864  15.935 0.4000000060
76283  0.290  -58.147  16.013 0.5000000000
1662  -0.280  -58.376  16.790 0.4000000060
1691  -1.363  -57.974  14.134 0.6000000238
77110  0.962  -57.863  15.147 0.5000000000
2823  -1.292  -56.042  17.881 0.4000000060
1644  -0.502  -58.166  18.194 0.3000000119
2040  -1.338  -57.048  15.842 0.4000000060
1654  0.255  -58.351  17.933 0.3000000119
2044  -1.297  -57.472  14.969 0.4000000060
2817  -1.058  -55.852  18.524 0.4000000060
1653  1.168  -58.322  17.662 0.3000000119
78600  -1.350  -56.312  17.169 0.4000000060
1652  1.972  -58.314  17.773 0.3000000119
3616  -1.407  -54.423  19.107 0.4000000060
75947  -1.420  -56.244  16.287 0.4000000060
75496  -1.485  -54.993  18.132 0.4000000060
3611  -1.394  -53.875  19.743 0.3000000119
4045  -1.325  -53.290  20.418 0.3000000119
4490  -0.800  -51.557  22.148 0.4000000060
4488  0.635  -51.060  22.289 0.4000000060
4965  3.384  -50.707  21.022 0.3000000119
4952  2.037  -50.432  21.808 0.4000000060
4954  0.109  -50.688  22.379 0.4000000060
5468  3.817  -49.841  21.007 0.3000000119
4951  2.947  -50.183  21.405 0.4000000060
5456  3.048  -49.482  21.204 0.4000000060
6468  2.790  -48.055  20.381 0.4000000060
6476  4.120  -47.991  19.317 0.4000000060
5944  1.432  -48.814  21.421 0.4000000060
6456  0.978  -47.903  21.208 0.4000000060
5973  5.002  -48.145  19.218 0.4000000060
78838  4.698  -48.561  19.980 0.4000000060
5961  3.797  -48.398  20.080 0.4000000060
5477  5.890  -49.496  20.032 0.3000000119
80113  4.310  -49.103  20.554 0.4000000060
6469  1.116  -47.317  20.836 0.4000000060
5953  1.770  -47.954  21.021 0.4000000060
6478  2.435  -47.278  19.761 0.4000000060
6488  5.338  -47.799  18.392 0.4000000060
6491  2.833  -47.126  18.914 0.4000000060
6490  3.302  -47.062  18.077 0.4000000060
6503  6.919  -47.538  17.759 0.3000000119
6521  6.487  -47.352  16.697 0.3000000119
6504  5.744  -47.536  17.340 0.4000000060
6506  3.928  -47.220  17.545 0.4000000060
6539  6.968  -47.147  16.054 0.3000000119
6522  5.643  -47.402  16.298 0.3000000119
7012  3.971  -47.046  16.708 0.4000000060
7027  4.286  -47.126  15.773 0.4000000060
7038  6.633  -46.898  14.390 0.3000000119
6550  4.957  -47.305  14.669 0.3000000119
7049  7.164  -46.245  13.791 0.3000000119
7051  5.472  -47.092  13.139 0.3000000119
6548  6.524  -47.142  15.209 0.3000000119
7040  4.329  -47.052  14.291 0.4000000060
7525  7.853  -45.510  13.809 0.3000000119
7536  6.708  -46.337  12.839 0.3000000119
8073  8.348  -44.368  12.833 0.3000000119
7039  5.869  -47.168  13.869 0.3000000119
7050  6.326  -46.821  13.347 0.3000000119
7052  4.618  -47.026  13.306 0.3000000119
7535  7.333  -45.681  12.953 0.3000000119
7549  6.696  -45.912  11.965 0.3000000119
7061  5.926  -46.631  12.376 0.3000000119
7062  4.969  -46.789  12.496 0.3000000119
7548  7.536  -45.036  12.026 0.3000000119
7072  5.915  -46.095  11.723 0.4000000060
8627  8.615  -43.472  11.319 0.4000000060
8090  7.338  -44.510  10.985 0.4000000060
7559  6.154  -45.435  11.333 0.4000000060
9151  9.873  -42.746  12.183 0.3000000119
8089  8.102  -44.199  11.562 0.4000000060
11824  8.493  -38.587  -2.860 0.3000000119
13119  9.709  -36.757  -3.731 0.3000000119
7560  5.386  -45.582  11.549 0.4000000060
11179  9.957  -38.780  -3.376 0.3000000119
13130  9.984  -36.032  -4.064 0.4000000060
506  21.888  -62.133  0.719 0.3000000119
2032  -1.201  -57.713  17.523 0.4000000060
2031  -0.988  -57.856  18.241 0.3000000119
1661  0.687  -58.364  16.980 0.3000000119
76285  1.437  -58.005  16.078 0.5000000000
7547  7.955  -44.943  13.275 0.3000000119
8615  8.845  -43.765  12.535 0.3000000119
2830  -1.493  -55.538  16.920 0.4000000060
75364  13.819  -41.989  7.667 0.4000000060
11823  9.243  -38.293  -3.283 0.4000000060
81729  14.537  -36.281  5.078 0.4000000060
85076  -1.040  -58.091  15.996 0.4000000060
3610  -1.261  -53.786  19.942 0.3000000119
76359  3.581  -47.527  18.823 0.4000000060
6540  6.076  -47.321  15.703 0.3000000119
1137  11.366  -59.866  14.950 0.3000000119
1153  14.020  -59.903  11.319 0.3000000119
83107  10.185  -35.394  -4.264 0.3000000119
55  0.641  -65.327  9.146 1.0000000000
76  -0.511  -65.361  6.427 0.6000000238
233  -0.511  -65.138  7.709 0.6000000238
234  20.643  -63.157  5.967 0.3000000119
246  -0.908  -64.905  6.941 0.6000000238
845  6.297  -61.465  -8.713 0.5000000000
866  6.128  -61.111  18.634 0.3000000119
1093  5.026  -61.026  -9.921 0.6000000238
1526  3.914  -59.228  -10.144 0.6999999881
1533  6.680  -59.276  -11.788 0.6999999881
1716  2.320  -58.229  11.160 0.6999999881
1720  -1.111  -59.253  11.945 0.8999999762
1937  4.975  -58.129  -12.976 0.6999999881
1938  4.098  -57.943  -12.704 0.6999999881
2088  2.359  -57.551  10.766 0.6000000238
2283  1.500  -57.535  -7.906 0.5000000000
2296  6.574  -57.290  -10.008 0.6999999881
2330  4.011  -57.670  -12.205 0.6999999881
2455  -1.344  -56.846  16.979 0.4000000060
2673  5.443  -56.312  -7.505 0.6000000238
2682  6.712  -56.490  -8.646 0.6999999881
2689  -0.552  -56.056  -9.127 0.4000000060
2703  6.953  -56.693  -9.499 0.6999999881
2731  5.851  -56.938  -11.967 0.6999999881
2732  5.368  -57.284  -11.864 0.6999999881
2885  0.256  -55.601  10.835 0.5000000000
3041  1.661  -55.203  -2.376 0.6000000238
3050  3.383  -55.162  -2.638 0.6999999881
3052  1.995  -55.437  -2.996 0.6000000238
3061  2.848  -55.744  -3.982 0.6999999881
3063  0.927  -54.846  -4.655 0.6000000238
3066  6.446  -55.011  -6.041 0.6999999881
3070  2.926  -55.702  -5.708 0.6000000238
3072  1.191  -54.992  -5.554 0.6000000238
3080  1.259  -55.029  -6.832 0.6000000238
3090  6.475  -55.386  -7.001 0.6000000238
3104  -0.675  -55.191  -9.590 0.4000000060
3120  6.850  -56.048  -10.713 0.6999999881
3400  5.420  -54.087  1.030 0.6999999881
3401  4.735  -54.036  1.632 0.6999999881
3410  2.250  -54.374  0.382 0.8000000119
3412  0.685  -54.037  -0.369 0.6999999881
3417  2.186  -54.782  -0.922 0.6999999881
3418  1.309  -54.486  -0.609 0.8000000119
3431  0.783  -54.701  -2.516 0.6000000238
3439  0.735  -54.658  -3.309 0.6000000238
3447  6.008  -54.771  -5.496 0.6999999881
3460  0.025  -53.545  -6.389 0.6000000238
3461  0.011  -53.829  -7.329 0.6000000238
3475  6.094  -54.189  -7.242 0.6000000238
3477  -0.614  -53.380  -8.210 0.5000000000
3496  5.877  -54.447  -9.714 0.6999999881
3538  3.843  -54.638  -14.552 0.6000000238
3788  4.324  -52.832  3.308 0.8000000119
3789  3.532  -52.962  3.543 0.6999999881
3790  2.740  -53.053  3.534 0.6999999881
3800  5.447  -53.161  2.512 0.8000000119
3801  4.780  -53.228  2.936 0.6999999881
3803  2.420  -53.467  2.727 0.8000000119
3804  1.407  -53.320  2.452 0.8000000119
3811  6.107  -53.229  1.861 0.8000000119
3813  4.150  -53.736  2.447 0.6999999881
3815  2.091  -53.817  1.815 0.6999999881
3817  0.581  -53.164  1.843 0.6000000238
3821  7.516  -53.114  0.058 0.8000000119
3832  6.839  -53.599  -0.335 0.6999999881
3834  4.424  -53.940  -0.475 0.6000000238
3835  3.772  -53.917  -1.154 0.6000000238
3842  8.044  -52.941  -1.532 0.6999999881
3843  7.211  -53.352  -1.319 0.6999999881
3847  -0.187  -52.473  -1.192 0.6000000238
3851  3.681  -53.343  -2.546 0.6999999881
3852  0.260  -53.687  -2.362 0.6000000238
3853  -0.162  -52.248  -2.206 0.6000000238
3870  4.294  -53.636  -5.192 0.8000000119
3871  3.473  -53.134  -4.819 0.8000000119
3872  0.059  -53.356  -5.564 0.6000000238
3896  5.428  -53.802  -6.641 0.6000000238
3909  3.633  -53.160  -8.631 0.6999999881
3918  4.234  -53.557  -9.863 0.6000000238
3924  3.533  -53.129  -10.137 0.6999999881
3933  4.946  -52.909  -11.296 0.6000000238
3952  4.922  -53.228  -13.585 0.6000000238
4033  -1.073  -52.508  21.516 0.5000000000
4201  2.226  -52.102  4.003 0.6999999881
4202  1.712  -52.193  3.988 0.6999999881
4213  2.839  -52.468  3.780 0.6999999881
4219  5.304  -52.770  2.680 0.8000000119
4220  4.780  -52.464  2.936 0.8000000119
4225  6.476  -52.792  1.570 0.8000000119
4227  -1.202  -51.996  1.491 0.6000000238
4228  -1.866  -52.165  1.444 0.5000000000
4235  -2.406  -51.918  0.159 0.5000000000
4239  8.340  -52.313  -1.346 0.8000000119
4245  7.428  -53.051  -2.063 0.6999999881
4247  -0.740  -51.689  -0.820 0.6000000238
4251  8.228  -52.379  -1.991 0.6999999881
4254  5.390  -52.661  -2.714 0.6999999881
4256  3.512  -52.906  -3.110 0.6999999881
4259  7.487  -52.148  -3.284 0.6999999881
4262  3.550  -52.745  -3.657 0.6999999881
4263  -0.458  -51.434  -3.304 0.5000000000
4269  5.956  -51.878  -4.580 0.6000000238
4270  4.111  -52.184  -4.456 0.6999999881
4284  -0.927  -51.630  -6.087 0.5000000000
4285  -1.307  -51.746  -6.096 0.5000000000
4348  2.892  -52.576  -10.351 0.6000000238
4487  1.480  -50.853  21.954 0.4000000060
4489  -0.239  -51.294  22.310 0.4000000060
4491  -1.095  -51.425  21.948 0.4000000060
4503  -1.290  -52.029  21.428 0.5000000000
4669  2.199  -51.855  3.917 0.6999999881
4682  4.153  -52.082  3.235 0.8000000119
4683  3.322  -51.702  3.317 0.6999999881
4692  2.664  -51.235  2.749 0.6999999881
4693  1.912  -51.082  3.082 0.6999999881
4698  5.096  -51.519  1.714 0.8000000119
4705  6.718  -52.209  1.118 0.8000000119
4706  6.358  -51.335  0.793 0.8000000119
4708  -1.587  -51.582  0.206 0.6000000238
4709  -2.043  -51.631  0.000 0.6000000238
4713  -1.511  -51.410  -0.555 0.6000000238
4719  -1.833  -51.274  -1.375 0.6000000238
4720  -2.234  -51.570  -1.340 0.6000000238
4723  8.006  -52.074  -2.603 0.5000000000
4724  -1.188  -50.808  -3.136 0.5000000000
4725  -1.951  -50.997  -2.862 0.5000000000
4729  6.953  -51.619  -4.225 0.5000000000
4730  -0.954  -50.833  -4.082 0.5000000000
4743  -0.897  -50.999  -4.816 0.5000000000
4744  -1.188  -50.954  -4.684 0.5000000000
4754  6.193  -50.975  -5.600 0.5000000000
4758  -1.056  -51.218  -5.409 0.5000000000
4795  1.892  -51.641  -10.570 0.5000000000
4818  5.576  -51.934  -13.356 0.6000000238
4953  0.947  -50.543  22.176 0.4000000060
4955  -0.566  -50.937  22.260 0.4000000060
5162  2.124  -50.229  0.014 0.8999999762
5163  1.642  -50.320  0.543 0.8000000119
5167  7.226  -50.265  -0.203 0.6999999881
5173  7.502  -50.205  -1.409 0.6000000238
5175  6.567  -50.480  -3.052 0.5000000000
5178  7.493  -51.746  -3.369 0.4000000060
5457  2.247  -49.588  21.550 0.4000000060
5459  0.511  -49.292  21.392 0.5000000000
5478  5.100  -49.238  20.344 0.4000000060
5529  2.220  -49.287  15.452 0.8000000119
5640  5.622  -49.849  0.272 0.8000000119
5641  4.650  -50.092  0.298 0.8000000119
5643  0.691  -49.683  -0.073 0.8000000119
5647  6.604  -49.499  -0.040 0.8000000119
5650  3.536  -49.493  -0.206 0.8000000119
5652  0.545  -49.277  -0.785 0.8000000119
5945  0.653  -48.498  21.223 0.4000000060
5951  3.454  -48.905  20.805 0.4000000060
5952  2.504  -48.764  21.095 0.4000000060
5955  -0.158  -47.407  20.461 0.6999999881
5960  5.567  -48.691  19.856 0.4000000060
5963  -0.427  -47.539  19.996 0.6999999881
5972  5.985  -48.214  19.243 0.4000000060
5974  0.854  -48.615  18.847 0.6999999881
5988  -0.322  -48.029  18.227 0.8000000119
6139  3.674  -48.711  -0.284 0.8000000119
6141  0.842  -48.503  -1.229 0.8000000119
6142  0.387  -48.797  -1.271 0.8000000119
6153  7.929  -48.631  -1.873 0.6999999881
6477  3.290  -47.732  19.513 0.4000000060
6479  1.529  -46.867  20.116 0.4000000060
6481  -1.395  -46.943  18.612 0.6999999881
6487  6.403  -47.819  18.517 0.4000000060
6489  4.275  -47.603  18.365 0.4000000060
6505  4.671  -47.451  17.428 0.4000000060
6507  -1.408  -47.531  17.565 0.8000000119
6523  4.884  -47.364  16.461 0.4000000060
6541  5.126  -47.357  15.499 0.4000000060
6549  5.752  -47.279  14.724 0.3000000119
6557  5.154  -47.266  13.951 0.3000000119
6674  -1.085  -48.103  -1.207 0.6999999881
6678  8.662  -47.513  -1.900 0.6000000238
6679  8.397  -47.852  -1.396 0.6000000238
6681  -0.092  -47.361  -2.064 0.6000000238
6963  -0.220  -46.941  20.292 0.6999999881
6971  1.993  -46.655  19.248 0.4000000060
6973  0.114  -46.509  19.695 0.6999999881
6981  2.397  -46.591  18.358 0.4000000060
6999  0.252  -45.876  17.893 0.6000000238
7001  -1.554  -46.616  17.942 0.6999999881
7013  3.080  -46.514  16.700 0.5000000000
7041  3.601  -46.593  14.467 0.5000000000
7073  5.249  -46.288  11.913 0.4000000060
7172  3.811  -46.494  -0.521 0.8000000119
7503  -0.401  -45.667  17.285 0.8000000119
7504  -1.430  -45.985  17.320 0.8000000119
7511  0.173  -45.462  16.620 0.8000000119
7513  -1.754  -45.926  16.518 0.8999999762
7534  8.406  -45.103  13.891 0.3000000119
7558  6.894  -45.206  11.299 0.4000000060
7561  4.785  -45.719  11.760 0.5000000000
7562  4.172  -45.382  11.913 0.6999999881
7660  3.108  -45.367  -0.688 0.6999999881
7661  2.405  -45.534  -0.638 0.8000000119
8072  9.097  -44.124  13.300 0.3000000119
8093  4.755  -45.008  11.592 0.4000000060
8202  0.851  -44.940  -1.928 0.5000000000
8629  7.071  -43.945  10.655 0.5000000000
8631  4.800  -44.017  11.535 0.6999999881
9149  10.853  -41.851  12.074 0.4000000060
9164  8.641  -42.677  10.755 0.6000000238
10352  2.638  -40.797  11.809 0.6999999881
10365  15.501  -40.088  10.159 0.3000000119
10367  13.616  -40.173  11.353 0.5000000000
10378  15.693  -39.967  9.578 0.4000000060
11006  14.474  -39.583  9.829 0.6999999881
11011  9.882  -38.828  10.098 0.5000000000
11045  13.864  -39.463  9.377 0.6999999881
11048  10.412  -39.453  8.738 0.5000000000
18384  10.807  -27.462  -4.190 0.3000000119
70247  6.187  -53.665  1.251 0.6999999881
70445  1.941  -47.453  20.454 0.4000000060
70717  5.606  -56.695  -8.145 0.6000000238
70968  5.499  -55.535  -5.511 0.6999999881
71622  5.865  -42.695  11.441 0.8000000119
72577  4.550  -41.240  11.525 0.8000000119
72954  -0.684  -47.990  15.611 0.8999999762
72973  6.262  -53.443  -1.177 0.6999999881
73417  -1.286  -47.584  14.452 0.8999999762
73832  2.635  -55.696  -4.867 0.6000000238
73923  1.331  -54.734  -1.301 0.6999999881
73948  -0.566  -53.942  -8.957 0.5000000000
74066  3.678  -55.407  -3.427 0.6999999881
74249  7.901  -51.842  -0.134 0.8000000119
74774  0.520  -50.030  22.076 0.5000000000
74961  1.339  -46.989  -0.831 0.8999999762
74974  6.596  -53.211  1.305 0.8000000119
75095  5.475  -47.955  -0.343 0.6999999881
75096  7.685  -51.280  -2.197 0.5000000000
75644  4.104  -53.262  3.191 0.6999999881
76298  4.533  -51.536  2.111 0.8000000119
76462  2.874  -52.886  -9.983 0.6000000238
76573  7.085  -56.171  -9.905 0.6999999881
77000  17.953  -41.289  8.369 0.3000000119
77071  7.415  -46.484  14.687 0.3000000119
77074  10.392  -41.241  11.458 0.6999999881
77152  -1.047  -47.141  19.302 0.6999999881
77389  1.096  -46.027  18.097 0.5000000000
77476  0.664  -54.562  -3.984 0.6000000238
77568  -2.221  -46.928  15.419 0.8999999762
77757  7.994  -30.490  -5.669 0.6000000238
78082  4.495  -47.175  15.056 0.5000000000
78546  8.962  -41.172  11.108 0.8000000119
78553  1.587  -44.797  -1.196 0.6999999881
78745  0.340  -48.554  20.934 0.6999999881
78863  20.005  -39.240  7.214 0.3000000119
78947  7.178  -39.466  11.267 0.6000000238
79050  1.575  -63.685  10.330 1.0000000000
79291  3.342  -51.359  2.525 0.8000000119
80144  3.184  -54.903  -2.034 0.6999999881
80226  -2.281  -52.723  1.647 0.5000000000
80279  1.988  -51.299  13.293 0.8999999762
81447  11.776  -62.102  -9.040 0.5000000000
81918  5.953  -44.519  -1.345 0.4000000060
81920  0.730  -65.523  8.634 0.8000000119
82200  0.631  -47.669  12.949 0.8000000119
82271  6.196  -54.403  -8.071 0.6000000238
82716  -0.114  -52.099  -3.727 0.6000000238
82839  -0.285  -46.385  19.079 0.6999999881
83059  19.851  -62.565  -4.851 0.5000000000
83287  -1.394  -56.894  15.110 0.5000000000
83296  4.570  -51.908  2.714 0.8000000119
83684  0.029  -58.437  17.323 0.3000000119
83800  2.711  -50.621  21.374 0.3000000119
83961  4.591  -49.741  20.625 0.4000000060
84011  7.664  -52.566  0.139 0.8000000119
84177  3.859  -50.718  0.701 0.8000000119
84239  -0.302  -46.162  18.516 0.6999999881
84308  0.006  -48.998  -0.997 0.8000000119
84312  6.963  -58.334  -13.150 0.6000000238
84366  12.714  -39.375  10.937 0.6999999881
84373  3.242  -55.866  -7.672 0.6000000238
84382  0.327  -60.305  12.537 1.0000000000
84692  15.633  -62.734  9.857 0.4000000060
84908  18.852  -63.135  -3.626 0.5000000000
84950  0.033  -50.507  16.458 0.6999999881
85192  -1.608  -55.075  16.247 0.5000000000
