#!ascii label  , from subject sub-2002 vox2ras=TkReg
157
40020  21.293  1.446  -23.227 0.0000000000
80194  18.851  -2.227  -17.093 0.0000000000
42176  22.881  4.523  -25.018 0.0000000000
46309  28.979  9.755  -21.192 0.0000000000
36242  18.090  -2.264  -17.215 0.0000000000
41466  25.465  4.169  -23.215 0.0000000000
42887  26.784  5.666  -24.372 0.0000000000
40015  19.312  1.595  -22.362 0.0000000000
37785  19.819  -0.701  -20.603 0.0000000000
37787  20.947  -0.710  -21.629 0.0000000000
39291  23.118  1.022  -22.964 0.0000000000
38513  22.834  -0.205  -21.202 0.0000000000
40729  22.290  3.004  -24.333 0.0000000000
40722  24.102  3.115  -23.442 0.0000000000
45646  27.339  8.208  -22.761 0.0000000000
71516  28.252  6.390  -23.718 0.0000000000
37067  19.972  -2.479  -19.265 0.0000000000
42172  25.934  5.456  -24.278 0.0000000000
42891  26.233  6.369  -24.659 0.0000000000
39295  19.926  1.137  -23.001 0.0000000000
39289  19.660  0.902  -22.144 0.0000000000
38526  20.977  -0.037  -22.993 0.0000000000
36255  18.504  -2.074  -16.437 0.0000000000
41473  22.601  3.733  -24.561 0.0000000000
80275  23.184  2.671  -24.117 0.0000000000
40723  23.514  3.204  -24.088 0.0000000000
41465  26.420  4.420  -23.213 0.0000000000
41456  26.186  3.893  -22.779 0.0000000000
74303  28.746  11.167  -21.267 0.0000000000
45639  27.134  8.315  -22.790 0.0000000000
45638  28.041  8.309  -21.986 0.0000000000
44987  28.176  7.762  -21.820 0.0000000000
79969  28.233  7.157  -22.673 0.0000000000
80623  28.111  7.040  -23.283 0.0000000000
43617  28.435  6.536  -23.080 0.0000000000
42885  28.569  5.597  -24.056 0.0000000000
37083  20.742  -1.604  -20.246 0.0000000000
37776  19.280  -1.120  -19.927 0.0000000000
36243  16.733  -2.905  -17.220 0.0000000000
41471  24.038  4.356  -24.441 0.0000000000
42173  25.167  5.224  -24.420 0.0000000000
42166  26.556  5.019  -23.674 0.0000000000
41464  27.475  4.482  -23.676 0.0000000000
39279  18.481  0.890  -21.017 0.0000000000
39278  19.288  0.648  -21.360 0.0000000000
80238  20.309  -0.361  -21.283 0.0000000000
37082  21.065  -1.568  -20.682 0.0000000000
39296  22.011  1.107  -23.749 0.0000000000
38525  21.589  0.109  -22.982 0.0000000000
39287  22.777  0.538  -22.386 0.0000000000
40719  20.315  2.445  -23.246 0.0000000000
41470  20.075  3.645  -23.997 0.0000000000
40027  21.732  1.753  -23.749 0.0000000000
40026  22.388  1.746  -23.980 0.0000000000
40017  23.817  2.281  -23.207 0.0000000000
71663  24.328  2.192  -22.597 0.0000000000
41467  24.707  3.750  -23.345 0.0000000000
40717  25.150  3.066  -22.540 0.0000000000
81411  27.009  7.096  -24.096 0.0000000000
45637  28.027  8.315  -22.004 0.0000000000
45645  27.771  8.084  -22.264 0.0000000000
43621  27.562  7.111  -23.982 0.0000000000
43622  26.907  6.707  -24.184 0.0000000000
76407  27.723  6.327  -24.156 0.0000000000
42165  28.078  4.954  -24.317 0.0000000000
37764  18.234  -1.522  -19.068 0.0000000000
38506  18.104  -0.114  -19.908 0.0000000000
38514  21.914  -0.561  -21.445 0.0000000000
73989  21.899  -1.036  -20.845 0.0000000000
43623  26.179  7.087  -24.443 0.0000000000
40021  20.517  1.674  -23.155 0.0000000000
39294  20.733  0.847  -22.967 0.0000000000
36227  16.242  -3.757  -16.423 0.0000000000
41472  23.370  3.889  -24.611 0.0000000000
40728  22.964  3.102  -24.472 0.0000000000
41455  27.190  3.916  -23.046 0.0000000000
46300  28.890  9.982  -21.167 0.0000000000
37077  21.072  -2.015  -20.036 0.0000000000
37078  20.373  -2.100  -19.847 0.0000000000
37051  16.846  -1.943  -18.001 0.0000000000
42174  24.450  4.975  -24.663 0.0000000000
81243  27.209  5.104  -23.949 0.0000000000
77877  28.609  12.053  -21.743 0.0000000000
39290  18.822  1.199  -21.719 0.0000000000
72485  20.664  -0.084  -22.070 0.0000000000
38523  19.899  0.139  -21.795 0.0000000000
37784  20.652  -1.156  -20.862 0.0000000000
37783  21.273  -1.096  -21.167 0.0000000000
35519  17.488  -3.389  -17.147 0.0000000000
39292  22.257  0.667  -23.061 0.0000000000
40720  19.497  2.688  -23.141 0.0000000000
41474  21.820  3.680  -24.209 0.0000000000
40725  21.447  2.948  -24.059 0.0000000000
40726  20.595  2.932  -23.953 0.0000000000
70412  21.915  2.333  -24.042 0.0000000000
40024  23.529  2.659  -23.763 0.0000000000
40025  23.132  2.019  -23.856 0.0000000000
40718  24.493  2.743  -22.842 0.0000000000
42168  24.769  4.453  -23.873 0.0000000000
41457  25.328  3.603  -22.849 0.0000000000
82417  25.689  2.778  -22.041 0.0000000000
44996  26.796  8.102  -23.461 0.0000000000
44326  27.150  7.856  -23.999 0.0000000000
44994  27.871  7.915  -22.493 0.0000000000
44325  27.638  7.512  -23.214 0.0000000000
42884  29.088  5.247  -24.005 0.0000000000
42164  28.805  4.718  -24.135 0.0000000000
37765  17.618  -1.051  -18.999 0.0000000000
38515  18.806  0.407  -20.816 0.0000000000
39262  18.239  0.553  -20.314 0.0000000000
80214  18.898  -0.241  -20.207 0.0000000000
37079  19.710  -1.764  -19.455 0.0000000000
73440  19.238  -2.299  -19.096 0.0000000000
38521  22.408  0.003  -21.965 0.0000000000
38522  21.585  -0.122  -22.275 0.0000000000
42892  25.222  6.090  -25.113 0.0000000000
42890  27.019  6.072  -24.400 0.0000000000
39288  20.413  0.582  -22.349 0.0000000000
82416  21.053  -0.245  -22.176 0.0000000000
36241  18.796  -2.828  -16.322 0.0000000000
35533  18.921  -3.048  -16.948 0.0000000000
35517  19.377  -4.120  -16.677 0.0000000000
40014  23.838  1.586  -22.564 0.0000000000
39286  23.540  0.863  -22.141 0.0000000000
40724  22.675  2.484  -24.116 0.0000000000
44308  28.276  7.624  -21.810 0.0000000000
44318  28.109  7.519  -22.595 0.0000000000
42879  28.990  5.900  -23.824 0.0000000000
37775  20.087  -1.433  -20.185 0.0000000000
37034  16.902  -2.191  -17.619 0.0000000000
37033  18.170  -1.975  -16.642 0.0000000000
37050  17.889  -2.258  -18.081 0.0000000000
42175  23.662  4.751  -25.004 0.0000000000
42167  25.683  4.800  -23.661 0.0000000000
77815  28.589  12.194  -21.001 0.0000000000
46945  28.847  11.073  -21.508 0.0000000000
79841  19.438  -0.096  -21.061 0.0000000000
39293  21.494  0.670  -23.086 0.0000000000
38524  22.045  0.175  -22.713 0.0000000000
38520  23.142  0.339  -21.646 0.0000000000
38512  23.549  0.043  -20.960 0.0000000000
40022  19.654  1.892  -23.059 0.0000000000
40028  21.015  2.109  -23.998 0.0000000000
40019  22.698  1.344  -23.534 0.0000000000
40018  23.330  1.628  -23.279 0.0000000000
40013  24.644  1.828  -22.071 0.0000000000
72665  24.070  3.796  -23.959 0.0000000000
41458  24.738  3.262  -22.997 0.0000000000
44995  27.403  8.055  -23.071 0.0000000000
42886  27.582  5.643  -24.154 0.0000000000
41463  28.511  4.295  -24.067 0.0000000000
37069  17.876  -1.864  -18.828 0.0000000000
37068  18.544  -2.251  -18.768 0.0000000000
37777  18.486  -0.663  -19.316 0.0000000000
75130  21.254  -0.695  -21.808 0.0000000000
37782  22.606  -0.682  -20.694 0.0000000000
37774  21.499  -1.488  -20.515 0.0000000000
