#!ascii label  , from subject sub-1015 vox2ras=TkReg
1867
37118  -53.152  31.832  -3.082 0.6999999881
37120  -53.155  31.878  -3.888 0.6999999881
36773  -53.003  31.796  -3.562 0.8000000119
36776  -53.085  31.856  -4.374 0.6999999881
37447  -53.231  32.132  -2.980 0.6999999881
62656  -53.262  32.281  -3.460 0.6999999881
56865  -53.213  32.403  -2.433 0.6000000238
37449  -53.255  32.130  -3.912 0.6999999881
37123  -53.118  31.936  -4.628 0.8000000119
36780  -52.930  31.730  -5.169 0.8000000119
35715  -49.614  29.808  -8.329 0.8999999762
62592  -50.177  22.031  -12.446 0.8000000119
37760  -53.197  32.520  -2.972 0.6999999881
37451  -53.175  32.012  -4.987 0.6999999881
37453  -53.058  31.963  -5.639 0.6999999881
36775  -52.649  31.479  -4.978 0.6999999881
37125  -53.114  31.970  -5.425 0.8000000119
37124  -52.636  31.404  -5.902 0.8000000119
36779  -52.505  31.305  -5.730 0.6999999881
36782  -52.290  31.008  -6.458 0.6999999881
36784  -52.189  30.800  -7.275 0.8000000119
36442  -51.845  30.838  -6.753 0.6999999881
36093  -50.979  30.451  -7.807 0.8000000119
36444  -51.683  30.559  -7.829 0.8999999762
35716  -50.227  30.100  -8.163 0.8999999762
36095  -50.918  30.262  -8.288 0.8999999762
35719  -50.065  29.878  -8.781 0.8999999762
35718  -49.473  29.487  -8.631 0.8999999762
57691  -48.900  27.225  -9.112 0.8999999762
53387  -48.880  28.496  -8.745 0.8999999762
35713  -49.030  26.851  -8.782 0.8000000119
34754  -49.294  22.823  -7.104 0.8000000119
35274  -48.942  23.873  -7.928 0.8000000119
34762  -49.655  22.423  -6.889 0.8000000119
34770  -49.257  22.983  -7.572 0.8999999762
34771  -49.997  21.976  -7.510 0.8000000119
34778  -50.196  21.672  -7.925 0.8000000119
34786  -49.697  21.868  -9.678 0.8000000119
34798  -49.575  22.735  -12.903 0.8000000119
37762  -53.216  32.432  -3.843 0.6000000238
38115  -52.932  33.076  -2.990 0.5000000000
56869  -53.247  32.258  -4.541 0.6000000238
37127  -52.808  31.626  -6.294 0.6999999881
56171  -52.278  30.916  -7.518 0.8999999762
60745  -52.090  30.652  -7.931 1.0000000000
36445  -51.228  30.275  -8.223 1.0000000000
36097  -50.670  30.081  -8.826 0.8999999762
35724  -49.125  29.064  -9.166 0.8999999762
35725  -49.752  29.648  -9.326 0.8999999762
35717  -48.694  26.884  -9.808 0.8999999762
54065  -48.606  28.176  -9.038 0.8999999762
35277  -48.826  25.247  -8.383 0.8000000119
35722  -48.176  26.796  -9.066 0.8999999762
34777  -48.812  23.264  -8.167 0.8000000119
34785  -48.552  23.466  -9.026 0.8999999762
34788  -48.591  23.360  -10.172 0.8000000119
60162  -48.683  23.341  -11.139 0.8000000119
34792  -48.428  24.109  -11.598 0.8000000119
34793  -49.269  22.685  -11.995 0.8000000119
35288  -48.881  24.153  -13.261 0.8000000119
34797  -48.607  24.156  -12.376 0.8000000119
35334  -50.654  25.122  -19.760 0.1000000015
35292  -49.250  24.046  -14.167 0.6999999881
35325  -50.771  25.277  -19.349 0.1000000015
35777  -50.920  25.108  -18.980 0.2000000030
35322  -50.922  24.902  -18.854 0.2000000030
35319  -51.056  24.037  -17.875 0.2000000030
60795  -49.331  24.418  -14.779 0.6999999881
35289  -49.680  23.060  -13.780 0.8000000119
35762  -50.877  24.088  -17.291 0.4000000060
35756  -50.800  23.910  -16.856 0.5000000000
35297  -50.040  23.363  -14.882 0.6999999881
37767  -53.168  32.281  -5.269 0.6999999881
37770  -53.027  31.857  -6.077 0.6999999881
37128  -52.528  31.201  -6.997 0.6999999881
37773  -52.585  31.940  -7.250 0.6999999881
57850  -52.738  31.700  -7.139 0.6999999881
36786  -52.134  30.628  -8.009 1.0000000000
54094  -52.393  31.576  -7.723 0.6999999881
36447  -50.968  30.186  -9.064 1.0000000000
36100  -50.293  29.920  -9.393 1.0000000000
35729  -49.520  29.421  -9.968 1.0000000000
54198  -48.905  28.831  -9.876 1.0000000000
35723  -48.464  28.047  -9.844 1.0000000000
35279  -48.110  25.212  -8.684 0.8999999762
35727  -48.067  26.393  -10.109 1.0000000000
35282  -48.089  25.055  -9.527 0.8999999762
35284  -48.150  24.684  -10.679 1.0000000000
34857  -50.058  24.982  -19.965 0.1000000015
35791  -49.971  25.985  -20.010 0.1000000015
35342  -50.241  25.291  -20.070 0.1000000015
34858  -50.162  24.787  -19.976 0.1000000015
35783  -49.994  26.351  -20.056 0.1000000015
35333  -50.037  25.727  -19.977 0.1000000015
36141  -50.098  26.499  -19.978 0.2000000030
35772  -50.637  25.465  -18.867 0.2000000030
35769  -50.396  25.506  -18.460 0.3000000119
62743  -50.523  24.596  -17.641 0.4000000060
35742  -49.815  24.036  -15.448 0.6999999881
35761  -50.391  24.522  -17.288 0.4000000060
35302  -50.612  23.409  -15.830 0.6000000238
61029  -50.732  23.062  -15.161 0.6000000238
37764  -53.182  32.461  -4.629 0.6000000238
37455  -52.749  31.753  -6.888 0.6999999881
37457  -52.498  31.342  -7.436 0.6999999881
37130  -52.229  30.966  -7.896 0.8000000119
37778  -52.071  31.943  -7.843 0.6999999881
37777  -51.520  31.959  -8.265 0.6999999881
61486  -51.793  32.011  -7.892 0.6999999881
37459  -52.011  31.408  -8.322 0.6999999881
37460  -52.190  31.146  -8.255 0.8000000119
52633  -51.359  30.278  -8.550 1.0000000000
52492  -50.958  31.743  -8.779 0.8000000119
38130  -51.319  32.171  -7.962 0.6999999881
53486  -51.904  31.160  -8.814 0.8000000119
37132  -52.056  30.904  -8.932 0.8000000119
36449  -50.221  29.903  -9.817 1.0000000000
38133  -50.604  31.578  -9.229 0.8000000119
37780  -50.957  31.437  -9.287 0.8000000119
59983  -51.458  31.193  -9.073 0.8000000119
37134  -51.358  31.010  -9.213 0.8000000119
38143  -49.916  31.144  -11.092 0.8000000119
38138  -49.846  31.489  -10.144 0.8000000119
37782  -50.463  31.198  -10.100 0.8000000119
37783  -50.824  31.110  -9.855 0.8000000119
37464  -51.052  30.923  -9.981 0.8000000119
38137  -49.625  31.437  -10.658 0.8000000119
37463  -50.450  30.997  -10.333 0.8000000119
38142  -49.249  31.476  -11.761 0.8000000119
37787  -49.554  31.181  -11.746 0.8000000119
37788  -50.156  30.841  -11.163 0.8000000119
35728  -48.290  27.611  -10.525 1.0000000000
35733  -48.800  28.554  -10.533 1.0000000000
38502  -49.067  31.628  -11.219 0.6000000238
37467  -49.986  30.737  -11.185 0.6999999881
35732  -48.371  27.463  -11.419 1.0000000000
38151  -48.845  31.858  -12.875 0.6000000238
37140  -49.662  30.579  -12.060 0.6999999881
37141  -49.847  30.326  -11.523 0.6000000238
35731  -48.115  25.781  -11.368 1.0000000000
60642  -49.693  30.865  -11.848 0.6999999881
37146  -49.519  30.198  -12.386 0.6000000238
56204  -49.266  29.635  -12.387 0.6000000238
35735  -48.344  25.690  -12.415 0.8999999762
37794  -49.271  31.477  -12.583 0.6999999881
60438  -49.453  31.147  -12.417 0.6999999881
37471  -49.480  30.856  -12.659 0.6999999881
37145  -49.437  30.423  -12.905 0.6000000238
52401  -48.768  28.903  -13.531 0.6000000238
36461  -48.521  27.513  -14.176 0.6999999881
37793  -49.049  31.773  -13.359 0.5000000000
37470  -49.275  31.290  -13.282 0.6000000238
37473  -49.327  30.736  -13.515 0.6000000238
58124  -49.185  30.148  -13.724 0.6000000238
36805  -48.851  29.362  -14.086 0.5000000000
37796  -49.026  31.768  -14.103 0.5000000000
37472  -49.202  31.071  -14.329 0.6000000238
37152  -49.195  30.464  -14.204 0.6000000238
36806  -48.613  28.283  -14.623 0.5000000000
36466  -48.741  27.112  -15.296 0.6000000238
37159  -49.064  30.375  -14.911 0.6000000238
58484  -48.961  29.844  -14.550 0.5000000000
36811  -48.751  28.923  -15.029 0.5000000000
36812  -48.777  27.900  -15.562 0.6000000238
35739  -48.714  25.610  -14.042 0.8000000119
35736  -48.557  25.502  -13.282 0.8000000119
36116  -48.831  26.188  -15.120 0.6999999881
35741  -49.062  25.244  -14.966 0.6999999881
57589  -49.141  26.060  -15.946 0.6000000238
35746  -49.364  25.111  -15.727 0.6000000238
36492  -50.046  27.009  -18.853 0.3000000119
36135  -50.199  26.514  -19.381 0.3000000119
36136  -50.300  26.100  -18.947 0.3000000119
36130  -49.984  25.935  -17.984 0.3000000119
36125  -50.081  25.308  -17.654 0.4000000060
35754  -49.625  25.147  -16.439 0.6000000238
35747  -49.932  24.271  -16.073 0.6000000238
36488  -49.888  27.216  -18.689 0.3000000119
35755  -50.113  24.461  -16.745 0.5000000000
38116  -52.947  32.873  -4.065 0.5000000000
63274  -53.167  32.454  -4.967 0.6999999881
60659  -52.993  33.007  -2.588 0.5000000000
38119  -52.967  32.722  -4.926 0.6000000238
38125  -53.005  32.190  -5.970 0.6999999881
38123  -52.954  32.506  -5.508 0.6999999881
55328  -52.538  32.171  -6.953 0.6000000238
38122  -52.813  32.334  -6.188 0.6000000238
37769  -52.823  32.001  -6.726 0.6999999881
38127  -52.185  32.155  -7.392 0.6000000238
36789  -51.818  30.805  -8.566 0.8999999762
36788  -51.112  30.319  -8.999 1.0000000000
37137  -50.680  30.621  -10.065 0.8000000119
36103  -49.154  28.936  -10.786 0.8999999762
37136  -50.341  30.698  -10.618 0.6999999881
36794  -50.196  30.336  -10.795 0.6999999881
62027  -48.620  28.041  -11.670 0.8999999762
36798  -49.698  29.911  -11.388 0.6999999881
36455  -49.429  29.444  -11.327 0.8000000119
52525  -49.173  29.286  -12.013 0.6999999881
36454  -48.812  28.583  -12.201 0.6999999881
36459  -48.729  28.580  -12.911 0.6999999881
56617  -48.373  26.890  -12.385 0.8999999762
38511  -48.364  32.380  -13.276 0.5000000000
56304  -48.615  31.935  -12.223 0.6000000238
36109  -48.478  27.292  -13.306 0.8000000119
38516  -48.180  32.826  -14.096 0.5000000000
38157  -48.669  32.279  -13.897 0.5000000000
38162  -48.772  32.276  -14.730 0.5000000000
37799  -49.011  31.668  -14.935 0.5000000000
37475  -49.057  30.969  -15.256 0.5000000000
37160  -48.886  29.525  -15.396 0.5000000000
58542  -48.429  26.624  -13.092 0.8000000119
37805  -48.957  31.506  -15.597 0.4000000060
37165  -48.978  30.164  -15.681 0.5000000000
37166  -48.989  29.060  -16.153 0.5000000000
36816  -48.867  28.548  -15.880 0.5000000000
36817  -49.013  27.773  -16.146 0.6000000238
54149  -49.023  29.979  -16.244 0.4000000060
36132  -50.129  26.631  -18.890 0.3000000119
36129  -49.877  26.137  -17.866 0.3000000119
36124  -49.702  26.067  -17.379 0.5000000000
36484  -49.613  27.390  -18.170 0.3000000119
36489  -49.931  26.618  -18.338 0.3000000119
36830  -49.098  28.966  -17.440 0.4000000060
53139  -49.204  28.446  -17.998 0.4000000060
36831  -49.269  28.144  -17.855 0.3000000119
36485  -49.631  26.810  -17.751 0.3000000119
38457  -52.766  33.139  -3.277 0.5000000000
63303  -52.348  32.659  -6.350 0.6000000238
36791  -50.918  30.459  -9.556 0.8000000119
57443  -50.403  29.991  -9.884 0.8999999762
36452  -49.752  29.620  -10.611 0.8999999762
36795  -50.133  30.026  -10.482 0.8000000119
36106  -49.000  28.811  -11.467 0.8999999762
36105  -48.531  27.754  -12.346 0.8999999762
38521  -48.408  32.751  -14.682 0.5000000000
37798  -48.768  32.154  -15.368 0.4000000060
38909  -47.672  32.790  -12.980 0.5000000000
38910  -47.918  32.863  -13.555 0.4000000060
38161  -48.535  32.602  -15.172 0.5000000000
37482  -49.011  30.795  -15.870 0.4000000060
38525  -48.293  32.920  -15.139 0.5000000000
37481  -48.937  31.199  -15.938 0.4000000060
37174  -49.069  29.455  -16.824 0.4000000060
36824  -49.061  28.116  -16.696 0.5000000000
36477  -49.304  27.040  -16.950 0.5000000000
54614  -49.439  26.052  -16.697 0.5000000000
36470  -49.038  26.953  -16.146 0.6000000238
37804  -48.726  31.975  -15.781 0.4000000060
37489  -49.035  30.369  -16.435 0.4000000060
57269  -49.096  28.597  -17.148 0.5000000000
36476  -49.303  27.678  -17.492 0.4000000060
37182  -49.073  29.902  -16.928 0.4000000060
61589  -48.121  32.440  -12.867 0.5000000000
36113  -48.624  26.334  -14.350 0.6999999881
53239  -52.414  31.104  -6.794 0.8000000119
35784  -50.307  25.714  -19.783 0.1000000015
60288  -50.368  26.036  -19.053 0.1000000015
35776  -50.330  26.005  -19.575 0.2000000030
35773  -50.756  25.018  -18.633 0.2000000030
35323  -50.913  24.511  -18.517 0.2000000030
35318  -50.687  24.662  -18.082 0.3000000119
35316  -51.118  24.085  -17.213 0.3000000119
36497  -50.099  27.015  -19.679 0.3000000119
35766  -50.354  25.022  -17.883 0.3000000119
36119  -49.875  25.208  -17.094 0.6000000238
36801  -49.166  29.831  -13.146 0.5000000000
36133  -50.169  26.155  -18.585 0.3000000119
53430  -51.483  30.751  -8.996 0.8000000119
33448  -56.346  19.779  -6.271 0.2000000030
33450  -56.174  19.706  -7.145 0.2000000030
33453  -55.786  19.919  -7.509 0.2000000030
33856  -55.391  20.097  -7.897 0.2000000030
57515  -55.582  19.894  -8.335 0.2000000030
33857  -55.240  20.006  -9.070 0.2000000030
61747  -55.227  20.062  -8.718 0.2000000030
33442  -56.533  20.184  -4.203 0.2000000030
53871  -56.461  19.874  -5.539 0.2000000030
33449  -55.964  20.007  -6.614 0.2000000030
33861  -55.119  20.209  -10.102 0.3000000119
33860  -55.056  20.065  -9.475 0.3000000119
33444  -56.383  20.158  -4.946 0.2000000030
33447  -56.136  20.150  -5.678 0.2000000030
33851  -55.704  20.338  -6.054 0.2000000030
33854  -55.540  20.190  -6.982 0.2000000030
33868  -54.429  20.124  -11.624 0.3000000119
33863  -54.911  20.052  -10.227 0.3000000119
33437  -56.374  20.403  -2.279 0.3000000119
52129  -56.333  20.596  -2.792 0.3000000119
56238  -56.596  20.212  -2.916 0.3000000119
33844  -56.324  20.573  -3.590 0.2000000030
60246  -52.669  20.388  -15.477 0.1000000015
56613  -52.991  20.650  -14.899 0.1000000015
33847  -56.223  20.502  -4.353 0.2000000030
58244  -55.863  20.470  -5.340 0.2000000030
52575  -53.769  20.058  -13.956 0.1000000015
33872  -53.946  20.327  -12.962 0.3000000119
33848  -56.110  20.404  -4.993 0.2000000030
33871  -54.149  20.247  -12.426 0.3000000119
34292  -54.209  20.271  -11.541 0.3000000119
34274  -54.973  20.234  -8.353 0.3000000119
34267  -55.109  20.332  -7.384 0.3000000119
34287  -54.477  20.203  -10.759 0.4000000060
34281  -54.689  20.192  -9.860 0.4000000060
61040  -54.896  20.181  -9.102 0.3000000119
34225  -56.385  22.020  2.000 0.3000000119
33833  -56.138  21.339  0.472 0.3000000119
33827  -56.340  21.521  1.394 0.3000000119
33432  -56.119  20.836  -0.279 0.3000000119
33837  -56.017  21.144  -0.435 0.3000000119
33434  -56.152  20.679  -1.302 0.3000000119
58062  -56.132  20.807  -1.903 0.3000000119
33841  -55.913  21.126  -2.293 0.3000000119
60840  -56.026  20.952  -3.034 0.3000000119
33846  -55.931  20.908  -3.747 0.2000000030
55291  -55.862  20.688  -4.672 0.2000000030
34258  -55.492  21.031  -4.306 0.2000000030
34261  -55.441  20.715  -5.324 0.2000000030
33077  -52.877  21.039  -15.130 0.1000000015
33070  -53.056  20.645  -14.698 0.1000000015
33478  -53.065  21.054  -14.997 0.2000000030
33474  -53.388  20.579  -13.958 0.3000000119
33469  -53.408  20.712  -13.737 0.3000000119
33870  -53.363  21.083  -12.853 0.3000000119
34308  -52.739  22.031  -15.216 0.3000000119
34300  -53.510  20.729  -12.978 0.3000000119
34263  -55.244  20.495  -6.384 0.2000000030
59838  -53.043  21.253  -14.370 0.3000000119
34302  -53.146  21.109  -13.914 0.3000000119
34805  -52.941  21.193  -13.706 0.3000000119
34291  -53.893  20.416  -11.367 0.3000000119
34285  -53.614  20.495  -11.035 0.4000000060
56074  -54.643  20.439  -7.849 0.4000000060
34286  -54.042  20.374  -10.397 0.4000000060
34280  -54.212  20.387  -8.893 0.3000000119
34232  -56.186  21.825  1.139 0.3000000119
34756  -51.116  21.530  -5.890 0.8000000119
34757  -52.603  21.345  -5.384 0.4000000060
34765  -53.114  21.156  -5.984 0.3000000119
61704  -54.060  21.322  -5.123 0.3000000119
34760  -54.649  21.420  -4.272 0.2000000030
34255  -55.520  21.279  -3.454 0.3000000119
33843  -55.796  21.177  -2.870 0.3000000119
34763  -50.347  21.707  -6.805 0.6999999881
34764  -51.855  21.216  -6.301 0.6000000238
34766  -53.916  21.161  -5.692 0.3000000119
34767  -54.442  21.178  -5.192 0.3000000119
34257  -55.125  21.359  -3.909 0.2000000030
34772  -51.104  21.286  -7.171 0.6999999881
34773  -52.604  20.988  -6.980 0.5000000000
34260  -55.008  21.105  -4.785 0.2000000030
34774  -53.675  20.926  -6.692 0.4000000060
34780  -52.925  20.796  -7.820 0.6000000238
63168  -53.314  20.864  -7.262 0.4000000060
34775  -54.352  20.901  -6.215 0.2000000030
34262  -54.880  20.830  -5.772 0.2000000030
55582  -49.482  22.209  -8.635 0.6999999881
34270  -50.751  21.210  -8.723 0.6999999881
34779  -51.682  20.986  -7.852 0.6999999881
34781  -53.705  20.737  -7.622 0.4000000060
34782  -54.264  20.694  -7.223 0.3000000119
34299  -52.968  21.068  -13.068 0.3000000119
34295  -52.805  21.073  -12.910 0.4000000060
34272  -53.437  20.614  -8.607 0.4000000060
34266  -54.764  20.602  -6.799 0.2000000030
34304  -52.509  22.015  -14.992 0.4000000060
34812  -52.517  21.638  -14.207 0.3000000119
34804  -52.645  21.293  -13.612 0.4000000060
34290  -53.323  20.670  -11.939 0.6000000238
34284  -53.091  20.596  -10.581 0.5000000000
63243  -53.995  20.494  -8.854 0.4000000060
34811  -52.153  22.046  -14.777 0.3000000119
61170  -52.210  21.562  -13.769 0.5000000000
34294  -52.624  21.044  -12.643 0.5000000000
34795  -51.978  21.170  -12.304 0.6000000238
34807  -51.911  21.886  -14.282 0.6000000238
34800  -52.291  21.414  -13.503 0.6000000238
34799  -51.730  21.545  -13.208 0.6000000238
35294  -51.022  22.521  -14.699 0.6000000238
34802  -50.643  22.192  -13.603 0.6000000238
54763  -50.896  21.748  -12.788 0.6000000238
34239  -55.979  21.565  0.257 0.3000000119
34245  -56.015  21.203  -0.569 0.3000000119
34249  -55.999  21.053  -1.453 0.3000000119
34252  -55.650  21.359  -1.968 0.3000000119
34758  -53.604  21.383  -5.066 0.3000000119
34759  -54.165  21.460  -4.607 0.3000000119
34277  -51.375  20.923  -9.666 0.6999999881
34271  -52.237  20.770  -8.704 0.6000000238
34278  -52.721  20.638  -9.615 0.6000000238
34789  -49.522  22.147  -10.944 0.6999999881
34283  -51.922  20.867  -10.624 0.6000000238
34279  -53.670  20.496  -9.477 0.5000000000
34794  -50.859  21.424  -11.714 0.6999999881
34288  -52.251  20.884  -11.425 0.6000000238
35293  -50.326  22.738  -14.321 0.6000000238
34244  -55.719  21.712  -0.029 0.3000000119
34238  -55.962  22.034  0.975 0.3000000119
51827  -48.194  24.579  -8.384 0.6999999881
35269  -49.173  23.109  -7.248 0.6999999881
34755  -50.020  22.132  -6.337 0.6999999881
35265  -53.218  21.544  -4.547 0.3000000119
34751  -53.817  21.583  -4.313 0.3000000119
34745  -55.437  21.470  -2.702 0.3000000119
51905  -47.282  25.782  -8.773 0.6999999881
35706  -49.148  25.374  -8.304 0.6999999881
51698  -47.938  27.800  -8.996 0.8000000119
35712  -47.800  26.197  -8.991 0.8000000119
59466  -48.834  27.555  -9.036 0.8000000119
36092  -48.883  28.888  -8.632 0.8000000119
34248  -55.649  21.480  -0.974 0.3000000119
34254  -55.202  21.519  -3.227 0.3000000119
52003  -50.301  21.929  -5.901 0.6999999881
35271  -52.320  21.488  -4.872 0.4000000060
34752  -54.292  21.666  -3.743 0.3000000119
34753  -54.828  21.605  -3.459 0.3000000119
35270  -51.279  21.597  -5.298 0.6999999881
51357  -47.201  26.822  -9.310 0.8000000119
51853  -48.928  29.144  -8.009 0.6999999881
35709  -50.605  30.345  -7.951 0.6999999881
35707  -49.816  30.116  -7.775 0.6999999881
34728  -55.397  21.845  -0.454 0.3000000119
35230  -54.709  22.522  0.406 0.3000000119
35687  -54.663  22.786  1.052 0.3000000119
51349  -46.843  25.137  -7.698 0.8000000119
58942  -47.825  24.170  -7.611 0.6999999881
53458  -47.115  27.477  -8.565 0.8000000119
51350  -46.410  26.585  -7.856 0.8000000119
51356  -46.757  28.055  -7.061 0.8000000119
51574  -47.900  29.021  -7.351 0.6999999881
36085  -49.763  30.252  -6.881 0.6999999881
54895  -49.639  29.937  -7.616 0.6999999881
36090  -50.693  30.610  -7.110 0.6999999881
34727  -55.089  22.019  -1.026 0.3000000119
34737  -55.329  21.684  -1.361 0.3000000119
35231  -54.792  22.223  -0.390 0.3000000119
53031  -54.445  22.344  -0.330 0.3000000119
35229  -54.294  22.528  0.199 0.3000000119
34744  -55.012  21.698  -2.644 0.3000000119
52022  -48.890  22.966  -6.811 0.6999999881
35262  -50.052  22.074  -5.881 0.6999999881
51785  -47.341  29.151  -5.700 0.6999999881
51355  -49.171  30.093  -6.406 0.6999999881
36086  -50.574  30.694  -6.494 0.6999999881
36087  -51.395  30.850  -6.315 0.6999999881
36091  -50.925  30.700  -6.949 0.6999999881
38466  -52.600  32.796  -5.574 0.5000000000
61470  -55.291  21.627  -2.087 0.3000000119
60946  -48.443  29.932  -5.664 0.6999999881
51353  -48.191  29.878  -4.175 0.6999999881
36074  -49.308  30.412  -3.278 0.6999999881
52614  -49.502  30.602  -4.686 0.6999999881
36075  -50.292  30.859  -3.411 0.6999999881
36076  -50.689  30.957  -4.377 0.6999999881
36080  -50.989  30.964  -5.175 0.6000000238
36077  -51.550  31.100  -4.168 0.6000000238
36433  -52.749  31.622  -3.339 0.6000000238
36771  -53.156  31.929  -2.794 0.6000000238
37116  -53.059  31.973  -2.136 0.5000000000
36081  -51.505  31.005  -5.347 0.6999999881
36082  -51.914  31.125  -4.519 0.6000000238
36436  -52.451  31.430  -3.880 0.6000000238
54181  -51.865  30.900  -6.273 0.6999999881
58420  -52.385  31.289  -4.764 0.6000000238
36437  -52.716  31.568  -4.153 0.6000000238
54408  -52.183  30.966  -6.132 0.6000000238
38486  -49.906  31.700  -9.422 0.6999999881
38479  -51.155  32.136  -7.913 0.5000000000
38473  -51.779  32.302  -7.398 0.6000000238
38474  -52.042  32.538  -6.887 0.5000000000
38463  -52.741  33.041  -4.625 0.4000000060
38471  -52.171  32.907  -5.972 0.5000000000
38467  -52.784  32.865  -5.095 0.5000000000
38460  -52.751  33.084  -4.083 0.4000000060
38846  -52.384  33.386  -4.071 0.5000000000
38841  -52.310  33.526  -3.301 0.5000000000
35266  -53.654  21.714  -3.693 0.3000000119
61988  -52.986  21.614  -4.156 0.3000000119
35699  -45.974  27.061  -4.332 0.8000000119
35263  -51.376  21.590  -4.764 0.5000000000
51817  -46.088  25.557  -6.614 0.8000000119
52141  -46.304  27.981  -5.607 0.8000000119
36068  -49.084  30.131  -2.245 0.8000000119
59640  -48.456  29.898  -2.911 0.8000000119
35700  -46.827  28.717  -4.271 0.8000000119
36420  -50.675  30.665  -1.032 0.6999999881
56949  -49.673  30.322  -1.694 0.6999999881
36069  -49.990  30.585  -2.453 0.8000000119
36066  -50.401  30.687  -1.684 0.6999999881
36070  -50.798  30.952  -2.483 0.8000000119
36421  -51.160  30.995  -1.593 0.6999999881
36428  -51.790  31.242  -2.505 0.6999999881
36429  -52.382  31.484  -2.551 0.6999999881
36768  -52.917  31.860  -1.931 0.6999999881
36430  -52.707  31.647  -2.578 0.6000000238
56856  -53.157  32.093  -2.233 0.5000000000
38837  -52.346  33.709  -2.362 0.3000000119
38836  -51.697  34.230  -2.454 0.3000000119
38850  -52.023  33.311  -5.049 0.4000000060
38462  -52.479  33.171  -4.780 0.4000000060
38840  -51.761  33.926  -3.288 0.5000000000
34743  -54.612  21.765  -3.002 0.3000000119
35258  -54.211  21.836  -2.916 0.3000000119
51564  -47.239  23.942  -6.408 0.6000000238
51351  -49.822  22.083  -5.434 0.6000000238
35257  -53.125  21.689  -3.533 0.3000000119
58887  -46.263  24.382  -5.713 0.8000000119
51354  -48.585  22.928  -6.232 0.6999999881
35264  -52.337  21.555  -4.326 0.5000000000
35693  -47.302  28.872  -1.279 0.6000000238
35696  -46.775  28.387  -2.104 0.8000000119
35695  -46.370  27.849  -3.104 0.8000000119
35702  -45.845  26.628  -5.575 0.8000000119
51352  -47.410  29.191  -3.032 0.8000000119
52001  -46.072  27.099  -6.639 0.8000000119
36065  -49.890  30.268  -0.901 0.6999999881
36414  -51.110  30.874  -0.654 0.6999999881
53220  -51.477  31.070  -0.175 0.6999999881
36415  -51.571  31.135  -1.019 0.6999999881
36062  -51.863  31.266  -1.299 0.6999999881
36423  -52.015  31.307  -2.032 0.6999999881
36424  -52.560  31.633  -1.772 0.6999999881
36057  -51.809  31.283  -0.588 0.6999999881
36063  -52.007  31.355  -0.981 0.6000000238
36417  -52.412  31.635  -0.928 0.6999999881
36766  -52.867  31.972  -1.134 0.6999999881
56860  -53.143  32.336  -1.545 0.5000000000
37756  -53.236  33.006  -1.173 0.5000000000
37758  -53.110  33.166  -1.936 0.4000000060
38113  -53.011  33.260  -1.741 0.4000000060
60322  -52.874  33.207  -2.526 0.3000000119
39217  -51.215  35.364  -1.734 0.3000000119
39227  -51.165  34.354  -3.184 0.2000000030
61659  -51.322  32.984  -6.363 0.3000000119
38854  -51.430  33.303  -5.731 0.3000000119
38849  -51.432  33.600  -4.936 0.3000000119
38844  -51.331  33.921  -4.057 0.3000000119
39222  -51.088  34.838  -2.416 0.2000000030
38855  -51.820  33.195  -5.670 0.4000000060
38845  -51.910  33.653  -4.107 0.3000000119
35697  -47.960  29.519  -2.067 0.8000000119
36061  -49.801  30.029  0.015 0.6999999881
36064  -48.716  29.840  -1.238 0.6999999881
36408  -50.415  30.293  0.520 0.6000000238
36404  -51.358  31.028  1.366 0.4000000060
56460  -51.320  30.979  0.593 0.5000000000
52551  -51.773  31.343  0.408 0.6000000238
36410  -52.216  31.696  0.104 0.5000000000
36763  -52.597  31.928  -0.359 0.5000000000
60268  -52.971  32.280  -0.525 0.4000000060
58324  -53.103  32.496  -0.731 0.3000000119
62233  -53.323  33.235  -0.308 0.4000000060
38452  -53.223  33.632  -0.774 0.4000000060
58549  -52.807  34.006  -1.129 0.3000000119
56469  -53.209  32.976  -0.024 0.3000000119
38454  -52.691  33.613  -1.838 0.3000000119
57217  -51.779  31.379  1.530 0.4000000060
36405  -52.076  31.669  0.858 0.4000000060
36761  -52.449  31.996  0.613 0.4000000060
37109  -52.754  32.356  0.774 0.3000000119
37442  -53.221  32.919  0.853 0.3000000119
37753  -53.426  33.289  0.618 0.3000000119
38109  -53.425  33.640  -0.154 0.4000000060
38833  -52.673  34.734  -0.712 0.3000000119
39212  -52.502  35.626  -0.330 0.3000000119
37106  -52.613  31.979  2.126 0.4000000060
37438  -53.015  32.221  2.386 0.1000000015
36758  -52.203  31.758  1.678 0.4000000060
37107  -52.875  32.349  1.588 0.3000000119
37439  -53.257  32.689  1.768 0.1000000015
37751  -53.559  33.182  1.491 0.2000000030
37108  -52.563  32.116  1.357 0.3000000119
38448  -53.643  34.122  0.544 0.3000000119
57774  -53.140  34.341  -0.412 0.3000000119
38831  -53.040  35.101  -0.068 0.3000000119
37436  -53.284  32.556  2.572 0.1000000015
37749  -53.572  32.990  2.312 0.2000000030
38104  -53.660  33.366  2.804 0.1000000015
56186  -53.917  34.041  1.852 0.2000000030
38444  -53.860  34.587  2.006 0.2000000030
38106  -53.831  33.528  2.058 0.2000000030
38446  -53.851  34.390  1.340 0.2000000030
38107  -53.754  33.718  1.202 0.3000000119
56414  -53.462  34.640  0.212 0.3000000119
38442  -53.835  34.060  2.568 0.2000000030
35708  -50.167  30.277  -7.846 0.8000000119
35714  -49.155  28.996  -8.500 0.8000000119
38134  -50.803  31.814  -8.695 0.6000000238
34297  -53.931  20.417  -12.137 0.3000000119
33440  -56.615  20.214  -3.461 0.2000000030
32655  -52.979  20.337  -14.863 0.1000000015
34296  -53.510  20.663  -11.977 0.3000000119
33839  -56.012  21.040  -1.158 0.3000000119
33879  -52.822  21.812  -15.253 0.3000000119
33874  -53.051  21.155  -14.488 0.3000000119
62144  -53.169  21.092  -13.954 0.3000000119
62298  -52.838  21.516  -14.173 0.3000000119
34273  -54.142  20.543  -8.209 0.4000000060
63470  -53.844  20.435  -10.103 0.4000000060
34289  -52.917  20.758  -11.695 0.6000000238
34808  -52.001  22.072  -14.757 0.5000000000
35298  -51.292  22.333  -14.849 0.6000000238
34803  -51.385  21.988  -14.011 0.6000000238
34790  -50.688  21.274  -10.569 0.6999999881
34719  -55.162  22.120  -0.089 0.3000000119
36079  -50.186  30.731  -5.658 0.6999999881
52523  -51.162  31.074  -3.335 0.6999999881
36072  -52.154  31.321  -3.412 0.6000000238
36071  -51.739  31.213  -3.176 0.6999999881
36432  -52.515  31.510  -3.143 0.6000000238
36088  -51.886  31.001  -5.494 0.6999999881
36439  -52.134  31.001  -5.599 0.6000000238
38470  -51.771  32.824  -6.459 0.4000000060
36427  -51.486  31.166  -2.483 0.6999999881
36422  -51.735  31.227  -1.815 0.6999999881
37113  -53.096  32.211  -1.087 0.6999999881
56866  -53.200  32.569  -1.765 0.3000000119
38835  -52.387  34.269  -1.425 0.3000000119
38866  -51.323  32.567  -7.073 0.4000000060
35261  -45.877  25.388  -5.283 0.8000000119
36413  -50.538  30.463  -0.312 0.6999999881
36409  -50.996  30.722  0.190 0.6000000238
36416  -52.053  31.333  -1.441 0.6999999881
36411  -52.017  31.437  -0.401 0.6000000238
62652  -52.334  31.682  -0.408 0.6000000238
59694  -53.227  32.839  -1.012 0.3000000119
62638  -53.203  33.127  -1.277 0.4000000060
36060  -49.075  29.811  -0.416 0.6000000238
36403  -50.846  30.599  1.143 0.4000000060
37112  -52.790  32.240  -0.021 0.4000000060
60379  -52.890  32.119  -0.643 0.4000000060
56185  -52.980  32.575  0.160 0.3000000119
38111  -53.306  33.283  -0.730 0.4000000060
38108  -53.524  33.598  0.395 0.4000000060
36756  -52.282  31.573  2.711 0.3000000119
59742  -53.002  32.616  1.031 0.3000000119
38450  -53.433  34.061  -0.108 0.3000000119
37104  -52.693  31.807  2.941 0.2000000030
33410  -56.148  20.884  4.680 0.2000000030
61113  -56.153  20.529  4.112 0.2000000030
33005  -55.879  20.035  4.864 0.2000000030
33010  -56.250  20.516  3.336 0.2000000030
56082  -55.906  19.795  3.028 0.2000000030
33416  -56.420  21.118  3.746 0.2000000030
33013  -56.284  20.459  2.422 0.2000000030
53010  -56.111  21.091  5.206 0.2000000030
33420  -56.473  21.128  2.799 0.2000000030
33017  -56.232  20.349  1.646 0.2000000030
33019  -56.193  20.456  0.884 0.2000000030
56551  -56.188  20.430  -0.061 0.2000000030
32580  -56.091  19.790  0.228 0.1000000015
33021  -56.236  19.928  -0.728 0.2000000030
33024  -56.411  19.781  -1.559 0.2000000030
34211  -56.296  22.145  4.456 0.2000000030
53668  -56.420  21.626  4.303 0.2000000030
53965  -56.274  21.766  5.049 0.2000000030
55862  -56.804  19.482  -2.797 0.1000000015
32584  -56.595  19.306  -2.144 0.1000000015
32151  -56.706  19.042  -2.867 0.1000000015
33026  -56.647  19.758  -2.405 0.1000000015
32592  -56.897  19.073  -4.979 0.1000000015
32589  -56.907  19.226  -4.139 0.1000000015
32599  -56.791  18.782  -6.653 0.1000000015
34203  -56.072  22.316  4.933 0.2000000030
61449  -56.362  22.421  3.817 0.2000000030
53654  -56.547  22.034  3.638 0.2000000030
33815  -56.570  21.685  3.275 0.2000000030
33426  -56.365  20.994  1.728 0.2000000030
33430  -56.226  20.786  0.638 0.2000000030
33023  -56.207  20.315  -1.007 0.2000000030
33435  -56.394  20.154  -1.918 0.2000000030
32586  -56.892  19.371  -3.384 0.1000000015
33029  -56.839  19.706  -3.071 0.1000000015
32596  -56.874  18.930  -5.830 0.1000000015
34210  -56.140  22.548  4.160 0.2000000030
63193  -56.247  22.681  3.607 0.2000000030
34217  -56.538  22.118  2.839 0.2000000030
34216  -56.426  22.473  3.250 0.2000000030
33822  -56.510  21.647  2.337 0.2000000030
32595  -56.797  19.199  -6.280 0.1000000015
33032  -56.909  19.602  -3.738 0.1000000015
32598  -56.617  19.076  -7.119 0.1000000015
32163  -56.372  18.473  -8.184 0.1000000015
32603  -56.389  18.936  -7.920 0.1000000015
32609  -55.961  18.866  -9.113 0.1000000015
32608  -55.730  18.892  -9.734 0.1000000015
35672  -54.801  23.177  3.205 0.2000000030
35678  -54.742  23.176  2.466 0.2000000030
35203  -54.451  23.025  2.734 0.2000000030
62925  -55.238  22.794  5.040 0.2000000030
33832  -50.468  19.845  -0.493 0.2000000030
35212  -54.351  22.996  2.021 0.2000000030
34236  -51.107  20.224  -0.874 0.2000000030
34709  -51.769  20.625  -1.062 0.2000000030
34710  -52.831  21.565  0.080 0.2000000030
56132  -53.490  22.253  0.503 0.2000000030
35219  -53.891  22.601  0.787 0.2000000030
35211  -53.953  22.735  1.541 0.2000000030
34675  -56.001  22.616  4.473 0.2000000030
34243  -49.940  20.464  -2.126 0.2000000030
35220  -54.282  22.800  1.088 0.2000000030
34680  -55.928  22.941  3.742 0.2000000030
34716  -50.738  20.558  -2.236 0.2000000030
34726  -51.461  20.902  -2.429 0.2000000030
34717  -52.328  21.078  -1.308 0.2000000030
34718  -53.168  21.821  -0.545 0.2000000030
35218  -53.670  22.309  -0.048 0.2000000030
55141  -54.000  22.574  0.313 0.2000000030
35236  -52.656  21.442  -1.701 0.2000000030
35227  -53.360  21.984  -1.011 0.2000000030
35228  -53.840  22.334  -0.443 0.2000000030
35246  -51.768  21.243  -2.918 0.2000000030
35237  -52.918  21.626  -2.154 0.2000000030
33438  -56.738  19.883  -2.728 0.2000000030
32591  -56.833  19.320  -5.408 0.1000000015
32588  -56.881  19.474  -4.528 0.1000000015
33028  -56.833  19.828  -3.337 0.1000000015
32605  -56.165  18.817  -8.618 0.1000000015
32626  -54.819  18.980  -11.516 0.1000000015
54774  -55.443  22.968  4.511 0.2000000030
34679  -55.777  22.933  4.179 0.2000000030
35679  -55.012  23.224  2.914 0.2000000030
34674  -55.658  22.693  4.889 0.2000000030
34235  -49.303  20.284  -1.804 0.2000000030
35684  -54.962  23.129  2.204 0.2000000030
33428  -46.126  19.919  -0.169 0.3000000119
33829  -46.084  21.028  -1.164 0.3000000119
33825  -48.586  19.462  -0.353 0.2000000030
33831  -48.879  19.972  -1.191 0.2000000030
35683  -54.689  23.017  1.758 0.2000000030
62923  -55.962  22.981  3.106 0.2000000030
33830  -47.449  20.460  -1.293 0.2000000030
33836  -47.483  20.993  -1.862 0.2000000030
34715  -48.693  21.300  -2.594 0.2000000030
34725  -49.558  20.982  -2.835 0.2000000030
35688  -54.914  22.989  1.617 0.2000000030
34688  -56.170  22.785  3.028 0.2000000030
34735  -50.615  21.093  -3.079 0.2000000030
34698  -56.082  22.649  2.271 0.2000000030
35238  -53.578  22.042  -1.385 0.2000000030
35239  -53.821  22.298  -0.754 0.2000000030
35247  -52.206  21.448  -3.168 0.2000000030
60154  -53.305  21.849  -2.200 0.2000000030
53729  -53.804  22.021  -1.862 0.2000000030
35240  -54.352  22.164  -1.135 0.2000000030
35248  -52.767  21.624  -2.941 0.2000000030
53393  -53.733  21.855  -2.787 0.2000000030
35249  -53.248  21.775  -2.796 0.2000000030
33031  -56.783  19.844  -4.013 0.1000000015
33035  -56.641  19.546  -5.867 0.1000000015
33034  -56.672  19.760  -4.924 0.1000000015
33042  -56.020  19.140  -8.826 0.1000000015
33040  -56.114  19.211  -8.439 0.1000000015
32641  -53.815  19.693  -13.366 0.1000000015
33045  -55.314  19.377  -10.239 0.1000000015
32625  -54.494  19.236  -12.110 0.1000000015
32619  -55.152  18.950  -10.855 0.1000000015
56177  -55.114  19.058  -10.983 0.1000000015
35183  -54.796  22.765  4.823 0.2000000030
35665  -54.819  23.070  3.949 0.2000000030
35656  -55.000  23.058  4.265 0.2000000030
35673  -54.995  23.209  3.657 0.2000000030
61472  -55.524  23.136  3.937 0.2000000030
34687  -55.726  23.110  3.519 0.2000000030
34228  -44.855  22.394  -1.183 0.3000000119
34234  -45.718  22.619  -1.809 0.3000000119
35204  -55.237  23.141  2.514 0.2000000030
35213  -55.109  23.018  1.815 0.2000000030
33824  -45.050  20.675  -0.371 0.3000000119
33835  -46.571  21.523  -1.856 0.3000000119
34241  -46.944  22.103  -2.272 0.4000000060
34242  -47.855  21.428  -2.288 0.4000000060
34724  -47.750  21.905  -2.335 0.3000000119
63387  -48.588  21.510  -3.059 0.3000000119
34251  -47.301  22.197  -2.732 0.5000000000
35221  -54.924  22.771  1.060 0.2000000030
55236  -55.205  22.816  1.400 0.2000000030
34697  -55.950  22.908  2.657 0.2000000030
34734  -49.412  21.382  -3.317 0.2000000030
35245  -50.363  21.390  -3.691 0.2000000030
34224  -56.334  22.436  2.525 0.2000000030
34742  -48.995  21.847  -4.040 0.5000000000
51879  -49.728  21.882  -4.627 0.3000000119
35254  -51.059  21.497  -4.064 0.3000000119
52638  -50.912  21.657  -4.778 0.3000000119
35255  -51.907  21.507  -3.861 0.3000000119
35256  -52.531  21.590  -3.660 0.2000000030
32602  -56.299  19.401  -7.686 0.1000000015
33037  -56.535  19.460  -6.738 0.1000000015
53853  -55.573  19.391  -9.558 0.1000000015
33041  -55.806  19.445  -8.922 0.1000000015
62914  -55.980  19.516  -8.360 0.1000000015
33047  -54.925  19.641  -11.088 0.1000000015
33459  -55.262  19.707  -10.005 0.1000000015
53767  -54.925  22.399  5.767 0.2000000030
35185  -55.145  22.475  5.919 0.2000000030
35184  -55.100  22.879  4.943 0.2000000030
35189  -55.237  23.154  4.106 0.2000000030
35197  -55.336  23.208  3.348 0.2000000030
34240  -46.337  22.290  -2.122 0.4000000060
34714  -46.241  23.307  -2.014 0.4000000060
35205  -55.649  23.073  2.750 0.2000000030
53102  -47.002  23.334  -2.038 0.5000000000
35214  -55.424  22.963  2.001 0.2000000030
34704  -55.797  22.809  2.107 0.2000000030
34732  -46.858  22.500  -3.341 0.5000000000
34711  -55.517  22.633  1.392 0.2000000030
34741  -47.622  22.476  -4.127 0.5000000000
34749  -46.989  23.413  -5.030 0.5000000000
34750  -48.382  22.606  -5.147 0.5000000000
61597  -49.209  22.305  -5.379 0.5000000000
35251  -54.642  21.887  -2.297 0.2000000030
61484  -55.954  19.704  -7.978 0.1000000015
33457  -55.472  19.701  -9.357 0.1000000015
33454  -55.710  19.725  -8.696 0.1000000015
33461  -55.040  19.775  -10.653 0.1000000015
35244  -46.053  26.957  -2.270 0.6999999881
57860  -46.104  24.835  -1.673 0.6000000238
35234  -45.899  25.129  -2.156 0.6000000238
35253  -45.782  26.148  -3.088 0.6000000238
34722  -45.942  23.749  -2.601 0.6000000238
35243  -45.686  24.532  -3.070 0.6000000238
34723  -46.794  23.370  -2.028 0.6000000238
34740  -46.429  23.176  -4.021 0.6000000238
34712  -55.534  22.160  0.587 0.2000000030
33064  -53.668  19.871  -13.631 0.1000000015
33470  -53.818  20.152  -13.195 0.2000000030
33466  -54.123  20.118  -12.505 0.2000000030
33864  -55.044  20.043  -10.229 0.1000000015
33463  -54.372  20.060  -11.924 0.2000000030
33867  -54.823  19.960  -10.962 0.2000000030
33484  -52.704  21.510  -15.626 0.1000000015
33903  -52.058  22.910  -18.146 0.1000000015
34330  -51.673  23.144  -18.217 0.1000000015
33496  -52.170  22.115  -17.167 0.1000000015
34331  -51.915  23.193  -17.812 0.1000000015
33885  -52.922  22.108  -16.053 0.2000000030
33892  -52.392  22.231  -16.797 0.2000000030
33878  -52.510  22.192  -15.726 0.2000000030
34839  -51.520  23.637  -18.047 0.1000000015
34319  -51.829  23.135  -16.982 0.1000000015
34320  -52.128  22.858  -16.621 0.1000000015
34313  -52.227  22.860  -15.945 0.2000000030
34307  -52.414  22.199  -15.630 0.2000000030
36849  -49.374  28.074  -19.797 0.1000000015
36139  -49.463  27.060  -20.008 0.1000000015
36501  -49.834  27.154  -19.996 0.1000000015
60468  -49.927  26.959  -20.206 0.1000000015
36140  -50.164  26.990  -20.352 0.1000000015
34838  -51.075  24.020  -18.604 0.1000000015
34832  -51.298  23.767  -17.764 0.1000000015
34824  -51.265  23.649  -17.001 0.1000000015
34820  -51.966  22.799  -16.188 0.2000000030
34816  -52.063  22.838  -15.499 0.2000000030
37200  -49.039  28.261  -19.395 0.1000000015
36848  -49.038  27.938  -19.797 0.1000000015
36502  -50.005  27.073  -20.072 0.1000000015
36496  -50.045  27.194  -19.720 0.2000000030
35327  -50.986  24.463  -18.767 0.1000000015
34831  -51.093  24.059  -18.322 0.1000000015
34819  -51.638  23.259  -16.750 0.2000000030
35308  -51.759  22.738  -15.806 0.2000000030
35299  -51.712  22.563  -15.404 0.4000000060
37515  -48.344  29.347  -17.678 0.2000000030
52801  -48.917  28.983  -18.265 0.2000000030
37188  -48.911  29.325  -17.769 0.2000000030
36839  -48.997  29.084  -18.995 0.2000000030
36845  -49.777  28.054  -19.221 0.2000000030
36846  -50.043  27.496  -19.004 0.1000000015
36491  -49.997  27.283  -19.105 0.2000000030
36841  -49.600  27.935  -18.713 0.2000000030
35315  -50.795  24.338  -17.721 0.2000000030
35312  -51.140  23.633  -16.953 0.3000000119
34815  -51.739  22.996  -16.236 0.2000000030
35307  -50.875  23.505  -16.423 0.2000000030
38494  -49.209  31.778  -10.178 0.6000000238
37822  -48.092  31.252  -16.858 0.2000000030
37504  -48.443  30.160  -17.006 0.2000000030
37495  -48.868  30.992  -16.457 0.2000000030
37194  -48.995  28.874  -18.282 0.2000000030
37505  -48.995  29.899  -17.195 0.2000000030
59917  -48.999  29.895  -17.157 0.2000000030
36840  -49.337  28.399  -18.825 0.2000000030
36836  -49.101  28.803  -18.152 0.2000000030
37183  -49.060  29.320  -17.616 0.2000000030
36837  -49.575  27.804  -18.456 0.3000000119
35748  -50.441  23.518  -15.905 0.4000000060
35303  -51.239  23.081  -15.918 0.5000000000
38485  -49.716  31.757  -9.291 0.5000000000
52599  -48.721  31.788  -11.247 0.6000000238
38493  -48.836  31.816  -10.062 0.5000000000
57621  -47.938  33.056  -14.051 0.4000000060
37816  -48.231  32.043  -16.476 0.2000000030
37817  -48.929  31.337  -16.032 0.2000000030
37812  -48.723  31.764  -15.952 0.3000000119
37496  -48.993  30.156  -16.933 0.2000000030
63135  -50.920  22.958  -15.591 0.5000000000
38865  -50.873  32.856  -6.617 0.3000000119
38478  -50.461  31.935  -8.531 0.5000000000
38877  -50.715  32.348  -7.555 0.3000000119
39268  -50.396  33.308  -5.803 0.2000000030
38876  -49.935  32.130  -8.130 0.2000000030
38864  -50.179  32.648  -6.968 0.2000000030
38887  -49.250  31.908  -8.998 0.4000000060
57747  -49.641  32.249  -7.831 0.2000000030
34705  -55.926  22.400  1.546 0.2000000030
35250  -54.255  21.988  -2.057 0.2000000030
35222  -55.100  22.467  0.657 0.2000000030
34231  -56.169  22.258  1.740 0.2000000030
34736  -54.873  21.900  -1.820 0.2000000030
61503  -54.286  19.632  -12.475 0.1000000015
33464  -54.726  19.935  -11.265 0.2000000030
32633  -54.161  19.452  -12.738 0.1000000015
33057  -54.008  19.824  -12.994 0.2000000030
52270  -54.213  19.891  -12.533 0.1000000015
33052  -54.550  19.817  -11.795 0.2000000030
33051  -54.537  19.524  -11.965 0.1000000015
34844  -51.057  24.325  -18.749 0.1000000015
53769  -47.468  33.267  -13.768 0.3000000119
38916  -48.172  33.020  -14.702 0.4000000060
38164  -48.499  32.577  -15.611 0.4000000060
33866  -54.720  20.056  -10.946 0.2000000030
35241  -54.696  22.034  -1.427 0.2000000030
35252  -45.699  25.344  -4.129 0.6000000238
34237  -52.193  20.977  0.219 0.2000000030
54276  -54.868  19.381  -11.341 0.1000000015
33429  -47.211  19.726  -0.392 0.2000000030
61734  -55.119  19.532  -10.709 0.1000000015
34733  -48.094  21.842  -3.365 0.5000000000
34247  -46.363  22.965  -3.014 0.5000000000
34731  -46.039  23.359  -3.225 0.5000000000
34739  -45.860  24.037  -3.779 0.6000000238
34748  -46.038  24.205  -4.687 0.5000000000
33898  -52.097  22.788  -17.095 0.1000000015
33483  -52.700  21.951  -16.213 0.2000000030
34825  -51.910  22.998  -16.772 0.1000000015
36143  -49.164  26.977  -19.991 0.1000000015
37811  -48.327  32.285  -16.221 0.2000000030
38169  -48.455  32.438  -15.910 0.3000000119
38168  -48.134  32.901  -16.126 0.3000000119
39267  -49.752  33.271  -5.760 0.3000000119
33016  -47.556  18.373  1.755 0.2000000030
33422  -45.531  19.327  0.816 0.2000000030
33015  -46.415  18.536  1.688 0.2000000030
60739  -43.901  21.096  7.419 0.2000000030
58870  -42.831  20.880  6.176 0.2000000030
58954  -43.662  20.074  5.930 0.2000000030
33806  -44.441  19.228  5.511 0.2000000030
33412  -45.106  18.305  3.366 0.2000000030
33418  -44.653  18.977  1.922 0.2000000030
58871  -39.646  22.679  7.523 0.2000000030
59166  -40.465  22.414  7.194 0.2000000030
58742  -41.365  22.109  6.860 0.2000000030
59136  -39.010  23.301  5.525 0.2000000030
59259  -42.058  21.525  6.495 0.2000000030
58734  -39.950  22.609  5.052 0.2000000030
59249  -40.893  21.832  4.711 0.2000000030
51557  -41.840  20.970  4.508 0.2000000030
33805  -42.811  20.065  4.416 0.2000000030
58872  -41.456  21.411  2.641 0.2000000030
33812  -42.646  20.154  2.988 0.2000000030
61355  -43.650  19.256  4.288 0.2000000030
33813  -43.816  19.008  3.164 0.2000000030
52107  -44.318  20.118  0.545 0.2000000030
58736  -37.570  22.630  8.491 0.1000000015
58673  -35.991  23.988  7.456 0.1000000015
59349  -35.718  25.055  6.772 0.1000000015
59137  -36.196  25.016  6.266 0.1000000015
51459  -37.857  24.089  5.937 0.1000000015
60028  -38.139  24.421  3.574 0.2000000030
58674  -39.284  23.452  3.123 0.2000000030
59141  -40.333  22.395  2.858 0.2000000030
33818  -42.074  21.359  1.667 0.3000000119
33819  -43.043  20.551  1.134 0.3000000119
34707  -45.820  23.840  -1.823 0.4000000060
37388  -46.546  31.341  19.257 0.1000000015
35124  -33.898  24.745  13.740 0.1000000015
35116  -35.866  26.422  15.544 0.1000000015
35147  -33.321  23.906  10.966 0.1000000015
59140  -34.007  24.602  7.877 0.1000000015
59122  -37.169  25.085  4.282 0.2000000030
59369  -40.796  23.595  1.215 0.3000000119
34213  -41.624  22.850  0.830 0.3000000119
34691  -42.657  24.166  -0.019 0.3000000119
34219  -42.372  22.317  0.576 0.3000000119
34220  -43.109  22.961  -0.232 0.4000000060
34221  -44.092  23.871  -0.908 0.3000000119
34700  -45.107  24.521  -1.387 0.4000000060
34708  -46.079  24.631  -1.721 0.5000000000
35224  -45.919  25.657  -1.462 0.5000000000
37707  -46.478  31.766  19.600 0.1000000015
37705  -46.146  32.059  20.020 0.1000000015
38058  -45.363  32.904  20.470 0.1000000015
58945  -46.575  31.093  18.583 0.1000000015
35987  -44.599  30.262  17.672 0.1000000015
35984  -45.393  30.487  17.912 0.1000000015
35589  -43.230  29.996  17.275 0.1000000015
35986  -43.993  30.110  17.612 0.1000000015
35587  -41.191  29.430  16.253 0.1000000015
35588  -42.292  29.798  16.780 0.1000000015
35598  -37.496  28.048  14.945 0.1000000015
52486  -39.734  29.057  15.664 0.1000000015
35618  -35.633  27.537  12.823 0.1000000015
35608  -37.077  27.315  13.355 0.1000000015
35625  -34.997  28.080  11.830 0.1000000015
61640  -33.179  26.231  10.557 0.1000000015
58679  -33.650  26.924  6.735 0.1000000015
59121  -33.608  28.040  6.502 0.1000000015
59350  -34.314  28.732  5.278 0.1000000015
58847  -35.756  27.242  4.161 0.1000000015
58678  -38.701  25.908  1.869 0.2000000030
59120  -39.807  24.651  1.498 0.2000000030
51545  -42.112  25.090  0.319 0.3000000119
34692  -43.730  25.194  -0.495 0.4000000060
34693  -44.776  25.973  -0.697 0.4000000060
34701  -45.701  25.747  -1.235 0.5000000000
34694  -45.636  26.701  -0.629 0.4000000060
35216  -46.002  26.529  -0.976 0.5000000000
35225  -46.161  27.043  -1.134 0.5000000000
35235  -46.251  27.101  -1.532 0.5000000000
38059  -45.997  32.743  20.043 0.1000000015
38394  -45.750  33.434  19.993 0.1000000015
38392  -44.577  33.773  20.652 0.1000000015
63111  -46.071  30.795  17.898 0.1000000015
51315  -46.403  30.926  18.367 0.1000000015
51604  -46.745  31.429  18.715 0.1000000015
38062  -46.516  32.578  19.452 0.1000000015
36355  -45.538  30.763  17.351 0.1000000015
36351  -45.829  30.745  17.697 0.1000000015
52024  -46.545  31.226  17.978 0.1000000015
58883  -46.758  31.446  18.281 0.1000000015
51694  -46.764  32.119  18.985 0.1000000015
35993  -44.004  30.557  16.373 0.1000000015
36349  -46.045  30.981  17.399 0.1000000015
35992  -43.424  30.629  15.603 0.1000000015
59512  -40.332  29.703  14.884 0.1000000015
35599  -41.220  29.887  15.054 0.1000000015
35600  -42.343  30.216  15.343 0.1000000015
35609  -38.463  29.522  13.745 0.1000000015
54176  -39.008  29.295  14.586 0.1000000015
35610  -40.670  30.112  14.135 0.1000000015
35626  -36.441  29.949  11.206 0.1000000015
35619  -38.031  30.060  12.529 0.1000000015
58675  -35.150  30.616  8.699 0.1000000015
59144  -33.197  27.852  8.377 0.1000000015
59139  -37.649  27.534  2.673 0.2000000030
59138  -40.694  27.195  1.268 0.2000000030
59370  -41.426  26.063  0.739 0.2000000030
35191  -43.242  27.165  0.622 0.3000000119
34683  -43.541  26.243  0.018 0.3000000119
35217  -46.311  27.491  -0.638 0.5000000000
35994  -44.540  30.719  16.389 0.1000000015
36354  -45.351  30.930  16.630 0.1000000015
36356  -45.871  31.026  16.939 0.1000000015
37067  -46.393  31.715  17.101 0.1000000015
58240  -45.630  31.132  16.083 0.1000000015
36725  -45.870  31.233  16.474 0.1000000015
36002  -42.238  30.532  14.256 0.1000000015
35999  -43.250  30.878  14.453 0.1000000015
36001  -44.448  31.042  15.021 0.1000000015
36359  -44.835  31.147  15.226 0.1000000015
36008  -41.851  30.956  13.207 0.1000000015
62796  -43.731  31.323  13.868 0.1000000015
36000  -44.132  31.217  14.104 0.1000000015
52524  -40.406  31.062  12.523 0.1000000015
36007  -40.104  30.508  13.279 0.1000000015
36003  -43.245  31.292  13.547 0.1000000015
36015  -39.110  31.214  11.307 0.1000000015
51876  -41.913  31.642  12.209 0.1000000015
59227  -38.117  31.617  9.914 0.1000000015
59183  -40.539  31.723  10.439 0.1000000015
58724  -38.383  31.803  8.879 0.1000000015
59372  -35.398  30.052  7.324 0.1000000015
59146  -36.378  30.876  6.498 0.1000000015
51460  -37.321  30.833  5.086 0.1000000015
59371  -38.637  30.365  3.987 0.2000000030
58662  -40.275  28.550  2.176 0.2000000030
59123  -42.432  29.062  1.991 0.2000000030
59368  -42.744  28.060  1.247 0.3000000119
35667  -44.654  28.858  1.429 0.3000000119
61608  -45.690  28.147  0.613 0.5000000000
35193  -46.649  28.851  1.204 0.5000000000
35200  -46.666  28.224  0.426 0.5000000000
35192  -44.755  27.888  0.608 0.3000000119
34685  -45.686  27.576  0.073 0.5000000000
35201  -47.023  28.467  0.586 0.5000000000
34684  -44.732  27.001  -0.052 0.4000000060
35208  -46.245  27.377  -0.380 0.5000000000
35209  -46.685  27.832  -0.087 0.5000000000
35690  -47.022  28.371  -0.436 0.5000000000
35226  -46.872  28.260  -1.120 0.5000000000
37069  -46.004  31.482  16.140 0.1000000015
36360  -45.073  31.036  15.773 0.1000000015
36364  -44.942  31.427  14.090 0.1000000015
63263  -45.651  31.210  15.080 0.1000000015
56160  -45.687  31.197  16.012 0.1000000015
61541  -46.023  31.966  16.063 0.1000000015
36363  -44.377  30.961  13.872 0.1000000015
53338  -45.649  31.389  14.994 0.1000000015
60013  -45.494  32.082  15.012 0.1000000015
59887  -43.090  31.657  12.789 0.1000000015
36367  -43.783  31.706  12.915 0.1000000015
36366  -45.712  30.943  13.848 0.1000000015
51462  -39.919  31.832  6.827 0.2000000030
59229  -39.056  32.061  7.888 0.1000000015
59374  -40.739  32.013  5.656 0.2000000030
59145  -40.615  30.343  3.350 0.2000000030
58676  -42.709  30.367  3.034 0.2000000030
59537  -43.890  29.263  1.943 0.2000000030
35668  -46.218  29.080  1.436 0.3000000119
35194  -47.603  29.110  1.427 0.5000000000
52076  -48.286  29.426  1.795 0.5000000000
35682  -48.532  29.392  1.294 0.5000000000
36051  -49.098  29.622  1.127 0.6000000238
36056  -49.743  29.912  0.820 0.5000000000
35675  -48.014  29.157  1.264 0.5000000000
36055  -48.855  29.579  0.307 0.6000000238
35686  -48.245  29.224  0.655 0.6000000238
35681  -47.652  28.881  0.699 0.5000000000
54634  -48.008  29.145  0.025 0.5000000000
52709  -47.958  29.188  -0.474 0.5000000000
35685  -47.292  28.611  0.114 0.5000000000
36727  -45.686  31.251  15.173 0.1000000015
60275  -45.728  31.838  14.907 0.1000000015
36729  -45.900  30.832  13.378 0.1000000015
59228  -43.880  31.034  10.766 0.1000000015
59207  -44.740  30.678  11.593 0.1000000015
58727  -41.792  31.778  9.599 0.1000000015
59182  -42.330  31.839  8.406 0.1000000015
59153  -41.495  31.725  4.733 0.2000000030
58684  -43.626  31.573  4.775 0.2000000030
53616  -47.548  29.475  1.942 0.4000000060
58983  -42.846  31.844  7.358 0.2000000030
33423  -46.846  19.041  0.676 0.2000000030
34227  -43.883  21.688  -0.361 0.2000000030
37387  -46.189  31.188  19.768 0.1000000015
59438  -46.485  30.923  18.798 0.1000000015
59250  -34.138  23.547  9.092 0.1000000015
38393  -45.103  33.639  20.365 0.1000000015
35988  -44.939  30.465  17.535 0.1000000015
59147  -34.545  29.439  9.929 0.1000000015
35146  -32.978  26.695  9.369 0.1000000015
59875  -46.216  33.203  19.610 0.1000000015
51313  -46.261  30.950  17.928 0.1000000015
59224  -36.782  30.836  10.244 0.1000000015
36722  -46.198  31.246  17.210 0.1000000015
35995  -44.855  30.824  16.455 0.1000000015
59236  -42.547  31.421  10.953 0.1000000015
35660  -46.172  29.865  2.382 0.2000000030
61779  -47.582  28.922  1.114 0.5000000000
36365  -45.345  30.967  14.082 0.1000000015
37716  -45.934  32.306  15.960 0.1000000015
36372  -43.912  31.202  12.526 0.1000000015
58633  -44.738  30.400  12.823 0.1000000015
36009  -43.578  31.324  11.829 0.1000000015
37071  -45.693  31.167  13.841 0.1000000015
34191  -52.501  20.256  7.449 0.1000000015
34195  -51.382  19.663  7.670 0.1000000015
52272  -50.005  19.592  8.043 0.1000000015
34202  -52.382  20.441  6.406 0.1000000015
33801  -49.206  19.016  6.778 0.1000000015
34200  -49.762  19.342  7.427 0.1000000015
34201  -51.319  19.700  6.619 0.1000000015
33802  -50.555  19.275  6.312 0.1000000015
33810  -51.511  19.841  5.277 0.1000000015
34209  -52.477  20.648  5.195 0.1000000015
34207  -45.644  19.623  6.712 0.1000000015
33807  -46.363  18.782  6.004 0.1000000015
34208  -47.504  19.343  6.906 0.1000000015
33808  -48.301  18.515  6.051 0.1000000015
33809  -50.211  18.940  5.190 0.1000000015
61825  -52.753  21.108  4.248 0.1000000015
33408  -47.204  18.111  5.076 0.1000000015
33409  -48.790  18.298  4.903 0.1000000015
33415  -49.653  18.523  3.802 0.1000000015
33814  -51.489  19.871  4.056 0.1000000015
34214  -52.267  20.634  4.203 0.1000000015
33413  -46.416  18.008  3.914 0.1000000015
33414  -48.041  18.036  3.810 0.1000000015
61182  -50.747  19.230  3.696 0.1000000015
34222  -52.122  20.679  3.068 0.1000000015
34215  -52.828  21.396  3.335 0.1000000015
33012  -46.975  18.123  2.444 0.1000000015
33009  -47.756  18.076  2.760 0.1000000015
33419  -48.859  18.420  2.351 0.1000000015
33820  -50.299  19.145  2.493 0.1000000015
33821  -51.301  19.955  2.750 0.1000000015
34686  -53.449  22.118  3.172 0.1000000015
33007  -45.994  18.197  2.657 0.1000000015
33424  -48.187  18.836  0.735 0.1000000015
33425  -49.598  19.074  1.012 0.1000000015
33826  -50.839  19.833  1.164 0.1000000015
56515  -51.833  20.653  1.834 0.1000000015
34223  -52.520  21.322  2.158 0.1000000015
34695  -53.104  21.940  2.229 0.1000000015
60955  -49.844  19.469  -0.082 0.1000000015
34229  -51.595  20.477  0.531 0.1000000015
34230  -52.235  21.118  1.211 0.1000000015
34696  -53.632  22.456  2.213 0.1000000015
34702  -52.743  21.620  1.211 0.1000000015
34703  -53.299  22.163  1.276 0.1000000015
34660  -52.115  20.035  8.893 0.1000000015
51778  -48.367  19.837  7.522 0.1000000015
34671  -48.800  20.193  8.045 0.1000000015
34661  -53.101  20.541  7.805 0.1000000015
58934  -46.932  20.179  7.515 0.1000000015
34672  -53.032  20.967  6.288 0.1000000015
55120  -53.105  21.245  5.415 0.1000000015
54539  -53.200  21.575  4.276 0.1000000015
34678  -53.629  21.951  4.742 0.1000000015
33407  -45.161  18.406  4.672 0.1000000015
35210  -53.754  22.575  1.391 0.1000000015
58717  -51.012  20.203  9.679 0.1000000015
34652  -52.700  20.280  9.062 0.1000000015
58810  -50.039  20.059  8.768 0.1000000015
34190  -51.217  19.779  8.762 0.1000000015
34653  -53.141  20.485  8.854 0.1000000015
59035  -48.032  21.000  8.324 0.1000000015
51568  -48.235  21.536  8.805 0.1000000015
58702  -49.102  21.118  9.232 0.1000000015
58893  -48.971  20.610  8.596 0.1000000015
56457  -53.557  20.800  7.897 0.1000000015
60142  -46.865  20.908  8.072 0.1000000015
63330  -47.849  20.540  7.910 0.1000000015
34666  -53.370  21.070  6.656 0.1000000015
34673  -53.540  21.596  5.675 0.1000000015
56806  -53.705  22.233  3.888 0.1000000015
35195  -54.010  22.652  3.115 0.1000000015
35202  -54.045  22.785  2.140 0.1000000015
31667  -55.577  17.269  5.209 0.1000000015
34638  -53.827  20.668  11.648 0.1000000015
58798  -51.390  20.432  10.216 0.1000000015
34646  -52.043  20.457  10.314 0.1000000015
35161  -51.782  20.885  10.979 0.1000000015
35162  -53.150  20.645  9.999 0.1000000015
62756  -50.339  21.041  10.278 0.1000000015
34647  -52.869  20.522  9.882 0.1000000015
58768  -50.109  20.586  9.532 0.1000000015
51674  -47.249  21.557  8.565 0.1000000015
62267  -53.687  21.164  7.005 0.1000000015
35176  -53.974  21.769  5.970 0.1000000015
51748  -45.067  20.504  7.349 0.1000000015
35181  -53.940  22.116  5.082 0.1000000015
35187  -54.003  22.462  4.107 0.1000000015
32138  -55.165  18.170  4.565 0.1000000015
31669  -54.926  17.198  4.204 0.1000000015
32142  -54.819  18.340  2.299 0.1000000015
54208  -52.448  14.948  22.397 0.1000000015
30789  -52.659  15.323  21.841 0.1000000015
52092  -53.027  15.644  21.001 0.1000000015
31192  -53.611  15.836  20.173 0.1000000015
31615  -54.447  16.669  19.009 0.1000000015
32092  -54.524  17.167  18.744 0.1000000015
32525  -54.766  18.044  17.867 0.1000000015
32529  -55.121  18.479  17.290 0.1000000015
32967  -55.259  19.548  16.471 0.1000000015
33374  -55.121  20.260  15.516 0.1000000015
35085  -51.013  21.944  15.599 0.1000000015
33768  -54.591  20.591  15.125 0.1000000015
59829  -50.880  22.649  15.292 0.1000000015
58716  -51.028  22.728  12.488 0.1000000015
59216  -51.087  21.995  11.894 0.1000000015
60126  -51.219  22.215  12.240 0.1000000015
35628  -51.558  21.881  12.263 0.1000000015
35156  -51.693  21.476  11.815 0.1000000015
35091  -50.899  22.816  15.241 0.1000000015
51519  -51.389  21.754  11.927 0.1000000015
35157  -52.127  21.165  11.693 0.1000000015
34640  -53.108  20.886  11.499 0.1000000015
59281  -50.667  22.151  11.723 0.1000000015
51479  -50.850  21.123  10.777 0.1000000015
59107  -51.464  21.207  11.332 0.1000000015
34648  -53.874  20.811  10.161 0.1000000015
58900  -50.521  21.498  11.018 0.1000000015
35163  -53.073  20.842  10.847 0.1000000015
51501  -49.748  22.003  10.743 0.1000000015
34654  -53.718  20.758  8.841 0.1000000015
59245  -48.285  22.179  9.453 0.1000000015
59261  -49.393  21.616  9.951 0.1000000015
58913  -46.700  21.990  8.837 0.1000000015
63337  -47.606  22.045  8.925 0.1000000015
35171  -54.432  21.336  7.713 0.1000000015
34188  -55.736  21.089  8.689 0.1000000015
59079  -45.570  21.889  8.723 0.1000000015
51333  -45.668  21.365  8.270 0.1000000015
35177  -54.545  21.773  6.743 0.1000000015
59167  -43.814  21.625  8.008 0.1000000015
52681  -54.496  22.173  5.816 0.1000000015
33392  -56.698  20.292  9.240 0.1000000015
33395  -57.010  19.896  9.140 0.1000000015
35182  -54.216  22.408  4.825 0.1000000015
33399  -56.689  19.902  8.532 0.1000000015
35188  -54.539  22.821  4.275 0.1000000015
33398  -56.179  20.535  7.877 0.1000000015
33403  -56.344  19.972  7.874 0.1000000015
32999  -55.986  20.097  7.048 0.1000000015
32567  -55.750  19.246  5.790 0.1000000015
32573  -55.427  19.036  3.747 0.1000000015
32140  -54.872  18.202  3.453 0.1000000015
32077  -50.348  16.392  23.346 0.1000000015
32075  -50.441  16.210  24.098 0.1000000015
31596  -50.629  15.872  24.416 0.1000000015
31178  -50.852  15.498  24.449 0.1000000015
32501  -50.726  16.561  22.230 0.1000000015
32505  -50.654  16.807  21.445 0.1000000015
30780  -51.267  14.791  24.185 0.1000000015
31183  -52.174  15.230  22.728 0.1000000015
32508  -51.044  16.916  20.722 0.1000000015
32944  -50.918  17.180  18.799 0.1000000015
32949  -51.564  17.764  17.843 0.1000000015
32948  -50.092  17.233  17.505 0.1000000015
33361  -50.839  18.218  16.737 0.1000000015
33360  -50.132  19.171  16.045 0.1000000015
33371  -54.921  20.105  16.133 0.1000000015
34149  -50.658  20.603  15.844 0.1000000015
31194  -54.050  16.239  19.518 0.1000000015
62381  -54.238  16.929  19.106 0.1000000015
54067  -55.515  19.809  15.864 0.1000000015
34169  -53.881  20.943  14.030 0.1000000015
33770  -53.910  20.921  14.786 0.1000000015
35575  -51.167  23.680  15.102 0.1000000015
35581  -50.868  23.677  14.924 0.1000000015
61343  -50.757  23.701  14.717 0.1000000015
58766  -50.801  22.825  12.337 0.1000000015
59214  -50.054  22.429  11.484 0.1000000015
58757  -50.313  22.900  12.060 0.1000000015
58921  -48.878  22.454  10.328 0.1000000015
60772  -47.311  22.397  9.210 0.1000000015
62601  -47.666  22.608  9.522 0.1000000015
59244  -49.319  22.710  11.115 0.1000000015
33793  -56.249  20.780  8.616 0.1000000015
51729  -44.887  22.074  8.854 0.1000000015
58892  -46.315  22.305  9.131 0.1000000015
33394  -56.393  20.390  8.606 0.1000000015
33798  -56.078  20.945  6.985 0.1000000015
33402  -56.015  20.590  7.253 0.1000000015
33405  -55.933  20.854  6.358 0.1000000015
33003  -55.834  20.316  5.849 0.1000000015
32571  -55.580  19.108  4.775 0.1000000015
58332  -55.884  19.858  3.973 0.1000000015
63175  -56.332  19.623  -1.090 0.1000000015
32575  -55.399  19.054  2.691 0.1000000015
32579  -56.040  19.815  1.207 0.1000000015
32577  -55.553  19.120  1.688 0.1000000015
31598  -50.927  16.071  23.642 0.1000000015
31181  -51.106  15.720  23.814 0.1000000015
31179  -51.206  15.296  24.001 0.1000000015
31182  -51.563  15.599  23.306 0.1000000015
32080  -51.411  16.677  21.380 0.1000000015
30784  -51.695  15.150  23.369 0.1000000015
62770  -52.422  15.279  22.344 0.1000000015
31188  -52.635  15.828  21.536 0.1000000015
32512  -51.531  17.091  19.825 0.1000000015
31614  -53.893  16.640  19.549 0.1000000015
32093  -54.419  17.637  18.485 0.1000000015
32962  -54.925  19.127  16.970 0.1000000015
34151  -51.289  21.704  15.771 0.1000000015
33373  -54.446  20.530  15.765 0.1000000015
34590  -51.820  22.428  15.841 0.1000000015
35092  -51.430  23.114  15.508 0.1000000015
35086  -51.716  22.871  15.673 0.1000000015
35627  -51.226  22.644  12.682 0.1000000015
35142  -51.856  21.929  12.857 0.1000000015
35143  -52.324  21.238  12.206 0.1000000015
35621  -51.503  22.286  12.778 0.1000000015
35131  -51.851  22.524  13.485 0.1000000015
61311  -52.021  22.117  13.370 0.1000000015
35100  -51.647  23.684  15.307 0.1000000015
35620  -51.167  23.091  12.879 0.1000000015
35603  -49.918  23.633  13.852 0.1000000015
35989  -50.950  23.965  14.740 0.1000000015
35613  -51.790  23.508  13.809 0.1000000015
51587  -48.371  23.101  11.890 0.1000000015
51769  -49.431  23.458  12.739 0.1000000015
51337  -48.816  23.329  13.034 0.1000000015
53168  -49.891  23.635  13.818 0.1000000015
35592  -50.682  23.987  14.340 0.1000000015
36011  -51.112  23.411  12.977 0.1000000015
59282  -51.278  23.299  12.785 0.1000000015
58765  -48.295  22.943  10.920 0.1000000015
58743  -49.076  22.947  11.369 0.1000000015
58767  -49.679  22.998  11.761 0.1000000015
59215  -50.540  23.410  12.601 0.1000000015
58809  -45.462  22.493  9.551 0.1000000015
58749  -46.713  22.862  10.277 0.1000000015
59251  -47.279  22.911  10.114 0.1000000015
51470  -47.025  22.677  9.564 0.1000000015
61510  -47.919  22.942  10.483 0.1000000015
59260  -48.559  22.881  10.719 0.1000000015
61733  -56.002  21.012  8.388 0.1000000015
59258  -42.029  22.097  8.300 0.1000000015
58735  -44.015  22.092  8.844 0.1000000015
58792  -46.066  22.407  9.189 0.1000000015
35178  -54.927  21.964  6.684 0.1000000015
33795  -56.054  20.990  7.842 0.1000000015
59332  -42.883  21.926  8.205 0.1000000015
33803  -56.100  21.540  5.861 0.1000000015
56857  -55.955  19.782  2.088 0.1000000015
31599  -51.469  15.962  23.136 0.1000000015
31602  -51.230  16.235  22.824 0.1000000015
31185  -51.870  15.873  22.698 0.1000000015
31604  -52.232  16.016  21.981 0.1000000015
32509  -51.928  16.877  20.573 0.1000000015
32513  -52.441  17.203  19.751 0.1000000015
31186  -52.307  15.588  22.321 0.1000000015
31607  -52.597  16.256  21.200 0.1000000015
32945  -52.096  17.464  18.916 0.1000000015
31189  -53.020  16.135  20.753 0.1000000015
31611  -53.383  16.456  20.138 0.1000000015
32091  -54.021  17.196  19.130 0.1000000015
63117  -51.548  19.349  16.488 0.1000000015
33755  -51.568  20.345  16.166 0.1000000015
32528  -54.582  18.623  17.493 0.1000000015
32966  -54.653  19.769  16.630 0.1000000015
33757  -51.784  21.409  15.941 0.1000000015
34591  -51.901  22.279  15.870 0.1000000015
34600  -51.971  22.878  15.822 0.1000000015
34621  -52.303  22.711  14.409 0.1000000015
35093  -51.937  23.325  15.600 0.1000000015
35614  -51.616  22.822  13.348 0.1000000015
35121  -52.164  23.014  14.223 0.1000000015
34630  -52.093  22.394  13.800 0.1000000015
34631  -52.315  21.714  13.290 0.1000000015
35094  -52.092  23.255  15.654 0.1000000015
35606  -52.014  23.139  13.962 0.1000000015
61585  -50.650  24.116  13.859 0.1000000015
51777  -50.830  24.203  14.098 0.1000000015
51969  -50.982  24.183  14.295 0.1000000015
35582  -51.208  24.073  15.080 0.1000000015
36004  -51.092  23.938  13.119 0.1000000015
58920  -49.082  23.269  12.258 0.1000000015
51575  -50.956  23.762  12.892 0.1000000015
36010  -51.041  23.872  13.031 0.1000000015
58901  -51.241  24.016  12.882 0.1000000015
59262  -47.924  22.998  11.268 0.1000000015
59243  -48.681  23.073  11.672 0.1000000015
59283  -50.038  23.185  11.937 0.1000000015
54433  -55.876  21.233  7.989 0.1000000015
34663  -55.286  22.073  6.809 0.1000000015
59246  -46.419  22.725  9.790 0.1000000015
58733  -47.541  22.969  10.651 0.1000000015
35173  -55.117  22.029  6.669 0.1000000015
33792  -55.989  21.186  7.841 0.1000000015
34192  -55.943  21.448  7.232 0.1000000015
63490  -55.693  22.014  6.743 0.1000000015
34193  -56.058  21.443  6.988 0.1000000015
57508  -55.946  21.771  6.485 0.1000000015
34197  -56.025  21.762  6.248 0.1000000015
34196  -56.049  22.034  5.854 0.1000000015
34204  -56.175  21.980  5.385 0.1000000015
32078  -51.656  16.408  21.964 0.1000000015
31603  -51.836  16.163  22.412 0.1000000015
32081  -52.122  16.647  21.153 0.1000000015
31606  -52.195  16.349  21.610 0.1000000015
31610  -53.005  16.569  20.461 0.1000000015
32086  -52.922  17.143  20.046 0.1000000015
32087  -53.474  16.876  19.792 0.1000000015
32090  -53.499  17.325  19.394 0.1000000015
32950  -52.668  18.119  18.163 0.1000000015
32520  -53.921  17.719  18.741 0.1000000015
33362  -52.301  18.833  17.189 0.1000000015
32524  -54.263  18.150  18.105 0.1000000015
32957  -54.060  18.672  17.657 0.1000000015
32961  -54.340  19.246  17.087 0.1000000015
33365  -52.541  20.068  16.502 0.1000000015
33370  -54.265  20.343  16.257 0.1000000015
34157  -53.238  21.423  15.105 0.1000000015
33767  -53.838  20.905  15.417 0.1000000015
55814  -52.628  22.299  14.588 0.1000000015
34162  -52.903  22.025  14.861 0.1000000015
35101  -52.059  23.610  15.297 0.1000000015
34622  -52.548  21.920  13.988 0.1000000015
63389  -52.903  21.833  14.426 0.1000000015
35593  -51.218  24.076  14.664 0.1000000015
35583  -51.555  23.876  15.143 0.1000000015
58976  -50.842  24.161  13.631 0.1000000015
35120  -52.060  23.763  14.394 0.1000000015
62256  -52.080  23.575  14.004 0.1000000015
51710  -49.722  23.726  12.961 0.1000000015
51339  -50.115  23.869  13.640 0.1000000015
35612  -51.535  24.067  13.771 0.1000000015
58825  -50.581  23.902  13.265 0.1000000015
51624  -50.936  24.018  13.276 0.1000000015
51699  -51.080  24.133  13.388 0.1000000015
59263  -49.409  23.123  11.938 0.1000000015
58899  -50.249  23.653  12.883 0.1000000015
34668  -55.480  22.324  5.797 0.1000000015
34664  -55.785  22.036  6.156 0.1000000015
34669  -55.957  22.254  5.377 0.1000000015
32082  -52.596  16.637  20.825 0.1000000015
32085  -52.588  16.925  20.356 0.1000000015
32519  -53.454  17.762  18.924 0.1000000015
32514  -53.045  17.321  19.616 0.1000000015
32523  -53.793  18.191  18.284 0.1000000015
32518  -52.925  17.686  18.986 0.1000000015
32951  -53.332  18.210  18.334 0.1000000015
32955  -53.189  18.782  17.652 0.1000000015
33367  -54.017  19.922  16.659 0.1000000015
52073  -53.105  19.430  17.007 0.1000000015
33758  -52.328  21.022  16.108 0.1000000015
33759  -52.901  21.019  16.107 0.1000000015
33763  -53.747  20.846  15.897 0.1000000015
34601  -52.188  22.631  15.716 0.1000000015
34152  -52.723  21.779  15.740 0.1000000015
35110  -51.992  23.983  14.853 0.1000000015
34608  -52.219  23.126  15.452 0.1000000015
34614  -52.562  22.728  14.934 0.1000000015
34156  -53.081  22.012  14.775 0.1000000015
35996  -51.273  24.237  14.138 0.1000000015
35594  -51.646  24.058  14.550 0.1000000015
35102  -52.064  23.602  15.240 0.1000000015
35103  -52.332  23.210  15.039 0.1000000015
35112  -52.258  23.349  14.676 0.1000000015
58912  -50.987  24.284  13.959 0.1000000015
35595  -52.055  23.976  14.475 0.1000000015
35111  -52.059  23.842  14.825 0.1000000015
59103  -51.065  24.262  13.713 0.1000000015
35604  -51.943  24.114  14.181 0.1000000015
35605  -51.946  23.852  14.185 0.1000000015
59680  -51.238  24.244  13.841 0.1000000015
59235  -43.357  31.787  6.304 0.1000000015
59148  -44.236  30.094  2.763 0.1000000015
59154  -44.942  30.884  4.065 0.1000000015
36037  -45.988  30.430  3.431 0.1000000015
60530  -47.158  30.497  4.301 0.2000000030
35651  -47.213  30.299  3.499 0.2000000030
35652  -48.185  30.214  3.865 0.2000000030
35661  -47.390  29.932  2.644 0.2000000030
35669  -48.420  29.708  2.391 0.3000000119
35676  -48.799  29.600  1.928 0.4000000060
35653  -49.017  30.163  4.283 0.2000000030
35662  -48.391  30.006  3.098 0.2000000030
35663  -49.244  30.075  3.569 0.2000000030
35670  -49.031  29.851  2.628 0.2000000030
35677  -49.515  29.929  2.597 0.3000000119
36046  -49.299  29.748  1.849 0.3000000119
62167  -50.282  30.172  1.212 0.4000000060
33095  -52.034  21.800  -17.288 0.1000000015
33497  -52.469  22.059  -16.848 0.1000000015
32956  -53.635  18.605  17.816 0.1000000015
32960  -53.704  19.253  17.183 0.1000000015
33366  -53.368  20.108  16.619 0.1000000015
33369  -53.596  20.617  16.239 0.1000000015
33762  -53.117  21.260  15.881 0.1000000015
33766  -53.179  21.356  15.546 0.1000000015
54479  -52.549  22.470  15.349 0.1000000015
63285  -52.816  21.773  15.572 0.1000000015
36052  -49.824  29.925  1.578 0.3000000119
36047  -49.977  30.033  2.357 0.3000000119
36053  -50.418  30.279  1.895 0.3000000119
36399  -50.960  30.656  2.121 0.3000000119
38901  -48.157  32.195  -12.163 0.4000000060
38900  -47.737  32.414  -12.206 0.5000000000
38893  -48.241  31.965  -11.210 0.5000000000
63179  -48.622  31.835  -10.083 0.5000000000
35158  -52.822  20.975  11.209 0.1000000015
62793  -52.895  20.998  11.679 0.1000000015
35152  -52.055  21.452  12.108 0.1000000015
34172  -52.928  21.249  13.184 0.1000000015
35166  -54.163  20.953  8.722 0.1000000015
35167  -53.915  20.819  9.803 0.1000000015
34168  -53.172  21.352  13.915 0.1000000015
34644  -54.277  20.846  9.950 0.1000000015
54226  -53.301  21.412  14.568 0.1000000015
34187  -55.437  21.266  8.333 0.1000000015
34656  -55.043  21.443  8.039 0.1000000015
34184  -55.562  20.913  9.437 0.1000000015
34657  -55.657  21.522  7.483 0.1000000015
32583  -56.338  19.215  -1.313 0.1000000015
35659  -45.059  29.843  2.314 0.1000000015
33008  -47.060  17.990  3.194 0.1000000015
34641  -54.004  20.743  10.797 0.1000000015
34643  -53.411  20.840  10.880 0.1000000015
55287  -52.125  20.894  10.999 0.1000000015
35170  -53.953  21.043  7.840 0.1000000015
34667  -54.107  21.481  6.846 0.1000000015
35196  -54.496  22.947  3.563 0.1000000015
32135  -55.672  18.243  5.561 0.1000000015
34637  -52.725  21.095  12.411 0.1000000015
34655  -54.587  21.113  8.591 0.1000000015
33786  -56.023  20.711  9.755 0.1000000015
33789  -56.040  20.829  9.007 0.1000000015
32941  -50.419  17.032  19.900 0.1000000015
51487  -47.959  22.789  9.992 0.1000000015
63459  -51.963  15.507  22.898 0.1000000015
35132  -52.095  21.727  12.938 0.1000000015
63098  -50.497  24.010  14.012 0.1000000015
51971  -49.752  23.593  13.180 0.1000000015
51334  -44.519  22.349  9.546 0.1000000015
34662  -54.891  21.668  7.388 0.1000000015
35172  -54.798  21.535  7.596 0.1000000015
51335  -49.699  23.447  12.577 0.1000000015
59844  -52.204  21.777  16.155 0.1000000015
53787  -52.547  22.780  15.002 0.1000000015
36048  -50.576  30.330  2.768 0.3000000119
34173  -53.700  20.884  13.196 0.1000000015
34183  -55.109  21.012  9.181 0.1000000015
34649  -54.743  21.058  8.958 0.1000000015
52262  -47.155  33.948  -15.784 0.2000000030
39325  -47.221  33.773  -14.862 0.2000000030
38530  -48.007  33.190  -15.925 0.2000000030
38919  -47.971  33.253  -14.962 0.2000000030
38531  -48.042  33.222  -15.640 0.2000000030
39324  -46.901  33.906  -14.568 0.2000000030
60103  -47.591  33.489  -14.723 0.2000000030
39313  -46.839  33.575  -13.395 0.2000000030
53356  -47.044  33.654  -13.937 0.2000000030
39314  -47.230  33.280  -13.378 0.3000000119
39305  -47.191  32.933  -12.700 0.2000000030
38853  -50.954  33.354  -5.754 0.2000000030
38875  -49.068  32.184  -8.059 0.3000000119
38886  -48.547  31.919  -9.300 0.3000000119
53293  -48.018  31.939  -10.560 0.4000000060
39253  -50.929  33.787  -4.889 0.2000000030
38172  -48.011  32.795  -16.386 0.2000000030
39320  -47.298  33.607  -14.386 0.2000000030
53763  -47.310  33.822  -15.942 0.2000000030
38921  -47.565  33.650  -15.687 0.2000000030
38534  -48.132  33.155  -16.119 0.2000000030
39319  -46.616  33.951  -13.999 0.1000000015
39312  -46.396  33.900  -13.414 0.1000000015
37745  -52.928  32.537  3.866 0.1000000015
38102  -53.335  33.195  3.482 0.1000000015
37433  -52.554  31.833  4.142 0.1000000015
37435  -52.971  32.179  3.239 0.1000000015
37747  -53.338  32.792  3.059 0.1000000015
60702  -52.523  32.122  4.536 0.1000000015
38098  -52.343  32.977  4.554 0.1000000015
57331  -53.023  33.055  4.012 0.1000000015
55594  -46.592  33.397  -12.818 0.1000000015
38899  -47.546  32.304  -11.703 0.3000000119
38885  -47.834  31.941  -9.729 0.1000000015
38892  -47.315  32.141  -11.031 0.2000000030
38874  -48.361  32.158  -8.212 0.1000000015
39290  -46.889  32.702  -12.072 0.2000000030
52157  -46.429  34.203  -14.992 0.1000000015
39318  -46.209  34.150  -13.928 0.1000000015
52274  -47.174  33.813  -15.701 0.1000000015
39332  -46.911  33.983  -15.002 0.1000000015
39323  -46.471  34.110  -14.534 0.1000000015
38177  -47.626  32.826  -16.335 0.1000000015
63422  -47.004  33.159  -16.694 0.1000000015
39342  -47.025  34.018  -16.100 0.1000000015
37503  -48.043  30.871  -16.786 0.1000000015
38178  -47.961  32.649  -17.045 0.1000000015
37743  -52.593  32.596  4.496 0.1000000015
55296  -53.748  35.062  1.507 0.1000000015
38099  -52.834  33.214  4.247 0.1000000015
38101  -53.234  33.692  3.835 0.1000000015
58337  -53.583  33.746  3.219 0.1000000015
55528  -53.671  34.854  0.862 0.2000000030
38862  -48.849  32.598  -6.985 0.1000000015
39266  -49.071  33.268  -5.667 0.2000000030
39250  -49.151  34.212  -4.448 0.2000000030
39234  -49.124  35.254  -3.553 0.2000000030
38873  -47.663  32.031  -8.834 0.1000000015
63083  -48.415  32.543  -7.107 0.1000000015
39677  -49.144  37.955  -2.973 0.1000000015
39249  -48.468  34.503  -4.233 0.1000000015
39709  -48.536  35.979  -3.434 0.1000000015
39695  -48.771  37.142  -3.118 0.1000000015
39289  -46.155  32.452  -11.195 0.1000000015
62000  -46.676  32.432  -11.443 0.2000000030
38884  -46.999  32.019  -10.170 0.2000000030
40096  -49.023  38.951  -3.445 0.1000000015
39754  -46.096  33.801  -12.903 0.1000000015
39297  -46.181  33.121  -12.209 0.1000000015
38440  -53.454  34.467  3.239 0.1000000015
38827  -53.530  35.543  1.067 0.2000000030
38863  -49.488  32.654  -6.908 0.2000000030
39265  -48.369  33.172  -5.796 0.1000000015
38861  -47.870  32.438  -7.294 0.1000000015
40097  -49.428  39.476  -3.417 0.1000000015
38872  -47.105  32.066  -8.582 0.1000000015
38821  -53.281  35.411  2.740 0.1000000015
39237  -50.765  34.232  -3.951 0.1000000015
39226  -50.547  34.873  -3.024 0.1000000015
39252  -50.403  33.913  -4.822 0.1000000015
39680  -50.011  36.753  -2.301 0.1000000015
39236  -50.257  34.505  -3.856 0.1000000015
39225  -50.058  35.364  -2.956 0.1000000015
39224  -49.646  35.734  -2.993 0.1000000015
54036  -49.897  38.547  -2.626 0.1000000015
39223  -49.194  36.276  -3.014 0.1000000015
40080  -49.557  38.406  -2.868 0.1000000015
40099  -50.321  39.819  -3.095 0.1000000015
38860  -47.169  32.543  -6.909 0.1000000015
39264  -47.693  33.338  -5.527 0.1000000015
40098  -49.992  39.996  -3.522 0.1000000015
39694  -48.543  38.266  -3.484 0.1000000015
61274  -49.363  40.141  -4.053 0.1000000015
39203  -53.467  35.740  1.614 0.1000000015
38825  -53.630  35.235  2.108 0.1000000015
38829  -53.375  35.351  0.509 0.2000000030
39221  -50.504  35.622  -2.317 0.1000000015
39670  -50.339  37.314  -1.931 0.1000000015
40081  -50.308  38.801  -2.392 0.1000000015
40082  -50.803  39.601  -2.569 0.1000000015
39251  -49.810  34.027  -4.679 0.1000000015
39235  -49.726  34.803  -3.732 0.1000000015
39678  -49.382  37.084  -2.745 0.1000000015
39248  -47.907  34.772  -4.162 0.1000000015
39708  -48.055  37.025  -3.471 0.1000000015
39218  -51.826  34.697  -1.649 0.2000000030
39215  -52.114  35.204  -0.950 0.1000000015
39671  -50.694  36.234  -1.782 0.1000000015
62805  -50.607  38.578  -2.019 0.1000000015
40430  -51.207  39.932  -2.492 0.1000000015
39208  -53.257  35.951  0.762 0.1000000015
39667  -51.021  36.773  -1.292 0.1000000015
40075  -50.724  37.766  -1.596 0.1000000015
40073  -51.223  38.337  -1.263 0.1000000015
52171  -51.009  39.049  -1.929 0.1000000015
41305  -51.637  40.954  -2.532 0.1000000015
40875  -51.471  40.918  -3.125 0.1000000015
39659  -52.902  36.000  0.288 0.1000000015
39206  -53.322  36.274  1.170 0.1000000015
39662  -52.376  36.589  -0.041 0.1000000015
39211  -51.941  36.272  -0.557 0.1000000015
39214  -51.522  35.866  -1.122 0.1000000015
39656  -52.994  36.630  0.748 0.1000000015
60234  -52.680  36.861  0.359 0.1000000015
39653  -53.116  37.152  1.146 0.1000000015
39658  -52.416  37.492  0.098 0.1000000015
39655  -52.777  37.593  0.561 0.1000000015
40064  -52.939  38.188  1.071 0.1000000015
40428  -51.472  39.550  -1.826 0.1000000015
42003  -50.903  41.540  -2.461 0.1000000015
41671  -51.118  41.544  -2.929 0.1000000015
55002  -51.549  40.111  -2.328 0.1000000015
42006  -50.811  41.976  -3.550 0.1000000015
41675  -51.475  41.354  -3.262 0.1000000015
40872  -51.648  40.753  -2.596 0.1000000015
39664  -51.475  37.153  -0.809 0.1000000015
40066  -52.673  38.550  0.338 0.1000000015
40070  -51.739  38.284  -0.719 0.1000000015
40415  -52.856  38.951  1.429 0.1000000015
54780  -51.742  39.185  -1.244 0.1000000015
53114  -51.800  39.867  -1.702 0.1000000015
42005  -50.413  41.902  -2.909 0.1000000015
41672  -51.613  41.168  -2.386 0.1000000015
40870  -51.807  40.390  -1.999 0.1000000015
39661  -51.978  37.355  -0.325 0.1000000015
60972  -52.523  38.178  0.105 0.1000000015
40067  -52.195  38.253  -0.259 0.1000000015
55733  -52.102  39.032  -0.720 0.1000000015
40061  -52.952  38.318  1.714 0.1000000015
56198  -52.411  38.858  -0.231 0.1000000015
40859  -52.697  39.534  1.862 0.1000000015
40418  -52.695  39.086  0.694 0.1000000015
40424  -52.226  39.597  -0.688 0.1000000015
40426  -52.052  39.606  -1.134 0.1000000015
53503  -52.064  39.986  -1.215 0.1000000015
41669  -51.522  41.095  -1.829 0.1000000015
62905  -51.763  40.927  -1.643 0.1000000015
41303  -51.867  40.720  -1.804 0.1000000015
41670  -51.859  40.852  -0.864 0.1000000015
61505  -51.988  40.693  -1.200 0.1000000015
40409  -52.397  39.218  3.038 0.1000000015
40412  -52.589  39.396  2.555 0.1000000015
40861  -52.443  40.164  1.566 0.1000000015
40862  -52.634  39.645  1.099 0.1000000015
40864  -52.448  39.791  0.308 0.1000000015
61956  -52.189  39.970  -0.905 0.1000000015
41300  -52.122  40.518  -0.715 0.1000000015
40868  -52.067  40.339  -1.169 0.1000000015
40858  -52.410  40.076  2.355 0.1000000015
41288  -51.875  40.599  3.589 0.1000000015
41291  -52.051  40.635  2.852 0.1000000015
40856  -52.255  39.923  3.132 0.1000000015
41298  -52.246  40.355  -0.045 0.1000000015
40866  -52.251  40.005  -0.504 0.1000000015
40421  -52.444  39.331  -0.037 0.1000000015
41295  -52.369  40.235  0.749 0.1000000015
41293  -52.113  40.672  2.070 0.1000000015
41290  -51.776  41.105  2.547 0.1000000015
41987  -50.803  42.208  2.770 0.1000000015
41989  -51.060  41.859  2.001 0.1000000015
41659  -51.352  41.630  2.645 0.1000000015
41661  -51.643  41.229  1.804 0.1000000015
59975  -52.080  40.677  1.243 0.1000000015
41990  -51.254  41.538  1.194 0.1000000015
41297  -52.055  40.703  0.409 0.1000000015
41662  -51.701  41.075  0.864 0.1000000015
39679  -49.662  36.977  -2.557 0.1000000015
41307  -51.495  41.224  -3.311 0.1000000015
40433  -50.730  40.236  -3.220 0.1000000015
38822  -53.675  34.750  2.553 0.1000000015
40434  -51.135  40.604  -3.249 0.1000000015
36395  -51.106  30.615  3.048 0.2000000030
36401  -51.872  31.292  2.498 0.2000000030
57118  -51.564  30.880  3.233 0.2000000030
58606  -51.977  31.143  3.401 0.2000000030
57714  -52.359  31.428  3.511 0.2000000030
36754  -52.045  31.082  4.274 0.2000000030
36396  -51.258  30.562  3.891 0.2000000030
36043  -50.174  30.141  3.198 0.2000000030
36400  -51.439  30.994  2.325 0.2000000030
36397  -51.652  30.794  4.079 0.2000000030
63084  -47.873  30.340  4.431 0.1000000015
35671  -49.749  30.095  3.426 0.1000000015
59102  -49.548  30.058  6.557 0.1000000015
36031  -47.723  30.398  5.182 0.1000000015
36032  -48.697  30.189  5.157 0.1000000015
35645  -49.424  30.111  5.135 0.1000000015
35654  -49.678  30.128  4.674 0.1000000015
36039  -50.763  30.242  4.439 0.1000000015
36040  -51.025  30.381  4.394 0.1000000015
36385  -51.455  30.511  6.929 0.1000000015
36748  -51.823  30.936  6.806 0.1000000015
35641  -49.890  30.035  6.254 0.1000000015
56714  -50.978  30.032  6.093 0.1000000015
36029  -50.975  30.000  6.010 0.1000000015
36390  -51.696  30.673  5.615 0.1000000015
36393  -51.682  30.733  4.883 0.1000000015
56175  -52.211  31.325  4.698 0.1000000015
36027  -50.625  30.068  5.331 0.1000000015
36033  -50.524  30.151  4.742 0.1000000015
36750  -51.918  30.952  5.982 0.1000000015
63226  -52.389  31.435  4.055 0.1000000015
36044  -50.775  30.323  3.728 0.1000000015
35664  -50.001  30.142  4.291 0.1000000015
58771  -48.269  30.190  5.959 0.1000000015
58959  -48.769  30.102  6.126 0.1000000015
59173  -46.601  30.737  4.828 0.1000000015
36026  -49.477  30.067  5.850 0.1000000015
35646  -49.804  30.074  5.496 0.1000000015
35647  -50.378  30.035  5.827 0.1000000015
35655  -50.053  30.100  4.898 0.1000000015
36034  -50.948  30.241  5.049 0.1000000015
36038  -50.366  30.183  4.029 0.1000000015
36024  -50.895  30.000  6.406 0.1000000015
36387  -51.616  30.569  6.307 0.1000000015
53731  -51.992  31.161  6.254 0.1000000015
58129  -51.370  30.354  5.911 0.1000000015
35642  -50.079  30.051  6.404 0.1000000015
36028  -50.830  30.046  5.838 0.1000000015
36389  -51.373  30.437  5.370 0.1000000015
36392  -51.330  30.524  4.644 0.1000000015
36752  -51.915  30.916  5.170 0.1000000015
33891  -52.040  22.871  -17.007 0.1000000015
35326  -51.026  25.002  -19.046 0.2000000030
35343  -50.188  25.112  -19.984 0.1000000015
36014  -34.353  28.356  10.699 0.1000000015
36138  -50.079  26.947  -20.025 0.3000000119
36495  -50.090  27.319  -19.859 0.1000000015
36842  -49.841  27.523  -18.837 0.3000000119
36844  -49.207  28.258  -19.381 0.1000000015
37189  -48.991  29.494  -17.573 0.2000000030
37198  -49.087  28.671  -19.048 0.2000000030
37488  -49.128  30.776  -16.204 0.2000000030
38537  -47.368  33.059  -16.457 0.1000000015
38925  -47.133  33.903  -16.468 0.2000000030
39333  -47.206  33.870  -15.365 0.2000000030
39341  -46.940  34.135  -16.063 0.1000000015
39774  -46.098  34.035  -13.277 0.1000000015
53772  -48.210  33.011  -16.361 0.1000000015
54072  -48.233  32.951  -15.802 0.3000000119
61927  -46.981  34.008  -14.969 0.2000000030
62315  -47.074  33.894  -15.238 0.1000000015
62349  -50.112  26.960  -20.161 0.1000000015
62429  -45.813  26.147  -4.824 0.8000000119
62757  -45.617  18.690  1.794 0.1000000015
62908  -51.352  23.446  -18.530 0.1000000015
63296  -52.045  23.022  15.905 0.1000000015
63483  -50.128  26.624  -19.803 0.2000000030
63539  -49.927  24.774  -19.817 0.1000000015
