#!ascii label  , from subject sub-1015 vox2ras=TkReg
568
55612  -44.116  -8.326  35.715 0.0000000000
20650  -31.695  -7.619  37.848 0.0000000000
22234  -53.285  -6.796  27.615 0.0000000000
19591  -45.787  -13.419  31.053 0.0000000000
58280  -45.199  -8.247  28.079 0.0000000000
20670  -39.445  -10.332  35.514 0.0000000000
18586  -36.441  -16.672  38.842 0.0000000000
19247  -39.337  -14.023  33.334 0.0000000000
20642  -25.590  -10.306  38.655 0.0000000000
24664  -53.301  -0.302  24.949 0.0000000000
18243  -28.868  -16.207  36.718 0.0000000000
20275  -44.694  -9.725  32.693 0.0000000000
20692  -45.537  -9.992  31.588 0.0000000000
21843  -45.633  -7.567  33.501 0.0000000000
21042  -41.619  -9.065  36.349 0.0000000000
19913  -39.418  -11.862  36.190 0.0000000000
19919  -41.448  -10.340  34.414 0.0000000000
59803  -43.040  -13.349  30.548 0.0000000000
25039  -54.721  2.332  21.529 0.0000000000
56719  -27.684  -9.195  36.733 0.0000000000
19551  -28.773  -13.949  40.659 0.0000000000
19556  -30.767  -14.712  38.732 0.0000000000
21858  -50.281  -7.107  26.637 0.0000000000
21034  -34.413  -8.441  35.063 0.0000000000
19560  -34.147  -14.330  37.539 0.0000000000
19568  -37.214  -13.701  36.740 0.0000000000
18593  -38.306  -16.578  36.723 0.0000000000
20635  -24.070  -11.593  42.738 0.0000000000
23279  -46.394  -3.694  26.570 0.0000000000
56880  -52.319  -3.821  28.138 0.0000000000
52924  -52.705  -0.688  26.872 0.0000000000
23296  -54.357  -3.560  26.947 0.0000000000
23651  -54.112  -2.816  23.629 0.0000000000
19216  -25.613  -13.170  42.400 0.0000000000
18249  -34.013  -16.737  39.057 0.0000000000
21054  -44.559  -8.733  34.541 0.0000000000
20687  -45.157  -9.004  33.098 0.0000000000
21466  -45.415  -7.701  34.536 0.0000000000
21046  -42.716  -8.637  36.106 0.0000000000
20262  -41.257  -10.011  35.840 0.0000000000
20680  -43.106  -9.244  35.003 0.0000000000
20273  -42.928  -10.031  33.185 0.0000000000
21864  -54.343  -8.086  27.912 0.0000000000
22240  -54.562  -6.291  26.686 0.0000000000
54996  -30.208  -7.510  38.133 0.0000000000
20241  -28.109  -12.088  36.401 0.0000000000
20243  -28.895  -12.037  35.556 0.0000000000
19934  -46.361  -13.599  30.801 0.0000000000
21477  -45.323  -9.125  30.585 0.0000000000
20695  -46.444  -11.402  29.342 0.0000000000
21481  -47.296  -9.978  26.445 0.0000000000
21482  -49.166  -9.788  26.240 0.0000000000
21854  -47.166  -7.756  25.404 0.0000000000
20666  -36.916  -10.326  33.583 0.0000000000
20253  -36.341  -12.290  35.090 0.0000000000
20669  -38.234  -11.170  35.112 0.0000000000
19244  -39.378  -13.117  34.653 0.0000000000
60164  -38.595  -13.293  35.968 0.0000000000
18918  -38.723  -15.360  35.292 0.0000000000
19589  -44.668  -12.512  30.968 0.0000000000
22944  -50.941  -4.188  27.487 0.0000000000
23985  -53.516  -2.296  27.052 0.0000000000
23989  -53.459  -1.598  26.019 0.0000000000
23645  -54.515  -3.055  25.329 0.0000000000
24323  -53.542  -1.262  24.533 0.0000000000
24336  -52.999  -0.116  21.338 0.0000000000
20640  -24.438  -10.402  40.566 0.0000000000
19882  -24.589  -12.515  43.549 0.0000000000
19888  -26.340  -12.816  41.638 0.0000000000
18898  -29.704  -14.777  39.585 0.0000000000
56635  -27.340  -14.322  39.749 0.0000000000
18241  -27.505  -15.916  37.241 0.0000000000
57986  -35.664  -14.850  38.628 0.0000000000
18903  -33.964  -15.314  38.960 0.0000000000
18252  -35.208  -17.374  39.158 0.0000000000
19931  -44.729  -11.446  31.225 0.0000000000
20280  -45.646  -11.303  30.861 0.0000000000
20690  -45.209  -9.842  32.238 0.0000000000
21059  -45.428  -9.092  32.280 0.0000000000
21847  -45.369  -7.988  31.367 0.0000000000
21041  -40.937  -9.703  36.268 0.0000000000
20256  -39.494  -11.214  36.155 0.0000000000
20675  -40.822  -10.135  36.295 0.0000000000
19915  -40.311  -11.183  35.686 0.0000000000
19248  -39.908  -12.917  32.446 0.0000000000
61701  -40.181  -13.188  30.926 0.0000000000
19927  -41.326  -11.087  32.181 0.0000000000
19929  -43.928  -11.082  31.555 0.0000000000
24670  -53.348  1.089  23.269 0.0000000000
25416  -55.562  2.958  22.012 0.0000000000
20647  -26.826  -9.614  36.697 0.0000000000
20235  -27.167  -12.980  39.745 0.0000000000
57495  -28.073  -13.369  38.833 0.0000000000
19222  -30.525  -14.295  40.418 0.0000000000
61476  -31.198  -14.586  40.068 0.0000000000
20283  -46.525  -12.545  29.958 0.0000000000
61332  -51.372  -8.731  27.227 0.0000000000
22231  -52.134  -6.398  27.509 0.0000000000
20657  -33.220  -8.565  36.275 0.0000000000
20246  -31.372  -12.119  34.734 0.0000000000
20248  -33.830  -12.054  34.929 0.0000000000
19904  -35.484  -13.480  36.560 0.0000000000
18910  -36.775  -15.090  38.110 0.0000000000
19570  -38.859  -12.471  36.139 0.0000000000
19238  -37.454  -14.637  37.024 0.0000000000
18590  -37.406  -16.109  37.899 0.0000000000
21831  -45.140  -6.724  35.542 0.0000000000
21440  -33.738  -7.107  39.983 0.0000000000
21446  -34.567  -7.450  35.892 0.0000000000
21450  -36.867  -8.802  32.627 0.0000000000
21836  -45.603  -6.981  34.552 0.0000000000
22217  -45.524  -6.371  33.322 0.0000000000
54888  -45.051  -6.084  31.150 0.0000000000
23278  -44.979  -3.834  28.379 0.0000000000
22580  -45.013  -5.633  27.889 0.0000000000
22583  -49.025  -5.075  26.402 0.0000000000
22586  -51.602  -5.354  27.553 0.0000000000
22589  -52.707  -5.080  27.665 0.0000000000
23628  -52.537  -2.656  27.879 0.0000000000
23290  -53.136  -3.339  28.056 0.0000000000
22953  -53.777  -5.089  27.146 0.0000000000
22956  -54.922  -4.726  26.015 0.0000000000
24331  -53.260  -0.961  22.817 0.0000000000
62395  -23.923  -12.530  44.338 0.0000000000
18564  -23.702  -15.494  41.615 0.0000000000
52692  -27.366  -13.411  41.239 0.0000000000
18567  -25.935  -14.083  40.665 0.0000000000
19559  -33.057  -14.564  37.764 0.0000000000
18902  -32.655  -15.281  39.176 0.0000000000
18247  -32.094  -16.627  38.296 0.0000000000
57074  -33.393  -18.289  38.203 0.0000000000
21051  -44.664  -8.329  35.235 0.0000000000
21055  -45.033  -8.275  34.622 0.0000000000
21460  -43.502  -8.227  35.996 0.0000000000
21048  -43.386  -8.722  35.712 0.0000000000
21050  -44.001  -8.754  35.150 0.0000000000
20682  -43.916  -9.150  34.302 0.0000000000
21863  -53.315  -7.621  27.829 0.0000000000
21867  -53.877  -7.508  27.774 0.0000000000
21868  -54.514  -7.502  27.506 0.0000000000
22235  -53.838  -6.617  27.402 0.0000000000
20649  -30.953  -7.517  37.944 0.0000000000
20653  -28.919  -8.907  35.966 0.0000000000
20654  -29.946  -8.886  35.595 0.0000000000
57320  -46.145  -14.397  31.431 0.0000000000
61096  -45.194  -8.522  29.796 0.0000000000
21479  -45.710  -9.569  28.350 0.0000000000
58095  -46.332  -8.747  26.379 0.0000000000
21851  -45.606  -7.502  26.189 0.0000000000
20667  -38.265  -10.378  34.502 0.0000000000
62990  -38.923  -10.747  35.477 0.0000000000
19246  -38.939  -14.254  34.822 0.0000000000
18920  -39.045  -15.313  34.015 0.0000000000
18596  -38.938  -16.374  34.748 0.0000000000
19590  -45.548  -13.710  31.115 0.0000000000
57428  -45.140  -13.973  31.056 0.0000000000
61548  -53.287  -0.805  25.643 0.0000000000
24322  -53.539  -1.463  25.339 0.0000000000
57233  -24.775  -9.904  39.172 0.0000000000
20231  -25.562  -12.349  41.961 0.0000000000
20233  -25.826  -12.060  40.379 0.0000000000
18242  -29.288  -15.347  38.208 0.0000000000
18574  -28.209  -15.058  38.624 0.0000000000
17893  -26.844  -16.837  36.088 0.0000000000
17894  -28.004  -17.103  35.505 0.0000000000
62020  -36.210  -15.909  38.842 0.0000000000
18907  -35.629  -15.511  38.896 0.0000000000
18253  -35.974  -17.441  39.076 0.0000000000
20277  -44.312  -10.383  32.124 0.0000000000
20278  -44.888  -10.601  31.660 0.0000000000
21472  -45.474  -7.939  33.738 0.0000000000
21058  -45.348  -8.647  33.071 0.0000000000
21473  -45.505  -8.179  32.882 0.0000000000
21476  -45.432  -8.617  32.003 0.0000000000
21844  -45.567  -7.789  32.658 0.0000000000
54558  -41.531  -8.986  36.299 0.0000000000
20673  -41.156  -9.699  36.271 0.0000000000
20266  -41.957  -9.668  35.349 0.0000000000
20265  -41.020  -10.409  35.434 0.0000000000
19918  -40.598  -11.291  34.520 0.0000000000
19582  -40.483  -11.719  32.939 0.0000000000
19923  -41.093  -10.908  33.456 0.0000000000
20274  -43.903  -9.705  33.223 0.0000000000
55669  -43.547  -10.315  32.417 0.0000000000
20648  -27.497  -9.449  36.792 0.0000000000
20238  -27.049  -11.804  37.859 0.0000000000
19895  -29.389  -14.205  37.500 0.0000000000
19893  -28.982  -14.058  38.414 0.0000000000
61344  -30.884  -14.526  39.871 0.0000000000
19224  -30.917  -14.471  40.198 0.0000000000
19225  -31.444  -14.759  39.757 0.0000000000
58266  -45.801  -11.084  30.826 0.0000000000
20282  -46.057  -12.434  30.426 0.0000000000
58359  -46.254  -11.654  30.006 0.0000000000
21065  -46.911  -10.990  27.971 0.0000000000
20697  -47.339  -11.983  28.422 0.0000000000
20698  -48.261  -11.963  27.601 0.0000000000
21485  -50.037  -8.394  26.454 0.0000000000
21859  -51.480  -7.561  27.200 0.0000000000
22230  -51.073  -6.252  27.099 0.0000000000
20661  -32.764  -9.995  34.190 0.0000000000
20662  -33.801  -9.448  34.681 0.0000000000
19908  -37.084  -13.015  36.230 0.0000000000
19905  -36.189  -13.039  36.118 0.0000000000
53151  -36.502  -13.692  36.945 0.0000000000
19567  -36.552  -14.294  37.580 0.0000000000
19912  -39.892  -11.193  36.229 0.0000000000
19911  -39.500  -11.612  36.191 0.0000000000
56052  -38.098  -14.485  36.282 0.0000000000
19241  -38.075  -13.637  36.328 0.0000000000
18914  -37.968  -15.514  36.797 0.0000000000
18912  -37.619  -15.423  37.322 0.0000000000
19251  -41.554  -13.161  30.663 0.0000000000
21449  -35.596  -8.065  34.240 0.0000000000
55411  -41.239  -8.491  35.612 0.0000000000
21835  -45.380  -7.145  35.167 0.0000000000
22574  -45.284  -5.490  33.562 0.0000000000
57188  -45.161  -5.570  32.351 0.0000000000
22577  -44.916  -5.209  31.051 0.0000000000
22939  -44.933  -4.734  28.649 0.0000000000
22940  -45.428  -4.397  26.935 0.0000000000
22582  -46.413  -5.110  26.032 0.0000000000
22942  -47.724  -4.380  26.370 0.0000000000
22947  -51.742  -4.144  27.914 0.0000000000
22946  -51.134  -4.630  27.540 0.0000000000
56493  -51.886  -4.696  27.844 0.0000000000
22587  -52.246  -5.271  27.725 0.0000000000
22948  -52.375  -4.398  27.994 0.0000000000
24316  -52.793  -1.473  27.288 0.0000000000
23636  -54.024  -2.915  27.033 0.0000000000
23632  -53.351  -2.919  27.790 0.0000000000
59943  -54.038  -3.315  27.343 0.0000000000
22952  -53.696  -4.281  27.456 0.0000000000
23293  -54.105  -3.922  27.264 0.0000000000
22955  -54.445  -4.461  26.684 0.0000000000
23297  -54.700  -3.791  26.391 0.0000000000
23648  -54.374  -2.959  24.515 0.0000000000
23300  -55.004  -3.967  25.639 0.0000000000
23305  -54.958  -3.804  24.853 0.0000000000
56254  -53.861  1.846  22.289 0.0000000000
24328  -53.267  -0.177  23.265 0.0000000000
24673  -53.226  0.487  22.543 0.0000000000
19545  -25.377  -12.824  42.746 0.0000000000
19544  -24.673  -12.803  43.430 0.0000000000
55960  -25.009  -13.115  43.004 0.0000000000
18883  -23.793  -14.605  42.378 0.0000000000
19215  -24.737  -13.667  42.608 0.0000000000
19890  -27.983  -13.066  40.380 0.0000000000
19889  -26.792  -12.856  41.270 0.0000000000
19219  -28.170  -13.775  40.842 0.0000000000
18570  -25.976  -14.614  39.656 0.0000000000
59464  -25.537  -18.514  39.605 0.0000000000
19899  -32.847  -13.778  36.019 0.0000000000
19897  -31.580  -14.094  36.210 0.0000000000
18583  -34.090  -15.990  39.095 0.0000000000
54832  -33.435  -15.528  39.075 0.0000000000
18581  -33.393  -15.987  39.033 0.0000000000
18580  -32.569  -15.867  38.928 0.0000000000
18248  -33.198  -16.752  38.818 0.0000000000
17559  -32.013  -18.461  37.065 0.0000000000
20685  -44.528  -9.166  33.672 0.0000000000
20686  -44.941  -9.226  33.142 0.0000000000
55641  -44.844  -8.771  33.938 0.0000000000
21056  -45.222  -8.344  33.880 0.0000000000
54987  -45.629  -7.433  34.119 0.0000000000
21045  -42.036  -8.842  36.303 0.0000000000
21044  -41.578  -9.286  36.328 0.0000000000
20267  -42.419  -9.822  34.227 0.0000000000
19924  -41.897  -10.347  33.205 0.0000000000
20270  -43.251  -9.554  34.013 0.0000000000
22241  -55.264  -6.734  26.211 0.0000000000
56875  -29.590  -7.520  38.302 0.0000000000
55396  -28.086  -9.008  36.365 0.0000000000
19896  -30.293  -14.354  36.679 0.0000000000
21062  -45.479  -9.660  31.292 0.0000000000
20694  -45.783  -10.711  30.580 0.0000000000
21063  -45.737  -10.333  29.752 0.0000000000
55336  -48.129  -8.728  25.655 0.0000000000
21855  -48.838  -7.365  25.880 0.0000000000
20665  -35.345  -9.740  33.243 0.0000000000
20664  -34.865  -11.164  33.299 0.0000000000
20251  -36.618  -11.197  34.246 0.0000000000
20254  -37.654  -12.138  35.549 0.0000000000
19909  -37.762  -12.754  36.118 0.0000000000
19577  -39.259  -12.704  35.605 0.0000000000
62684  -39.132  -12.416  36.073 0.0000000000
19243  -38.910  -13.512  35.434 0.0000000000
18916  -38.542  -14.377  35.706 0.0000000000
18915  -38.344  -15.469  36.139 0.0000000000
18261  -38.620  -17.342  36.340 0.0000000000
18595  -38.655  -16.413  35.845 0.0000000000
19588  -43.922  -12.972  30.765 0.0000000000
19253  -44.277  -14.312  30.832 0.0000000000
23280  -48.361  -3.773  26.286 0.0000000000
23282  -48.674  -4.147  26.395 0.0000000000
55747  -50.045  -3.803  26.905 0.0000000000
23284  -51.035  -3.884  27.549 0.0000000000
23286  -51.844  -3.589  27.891 0.0000000000
24657  -52.942  -0.919  26.653 0.0000000000
24318  -53.009  -1.576  27.014 0.0000000000
24319  -53.274  -1.618  26.580 0.0000000000
23987  -53.869  -2.462  26.481 0.0000000000
23641  -54.472  -3.105  26.076 0.0000000000
23990  -53.962  -2.355  25.737 0.0000000000
23992  -53.951  -2.227  24.956 0.0000000000
57807  -53.850  -2.065  24.122 0.0000000000
24676  -54.644  2.084  20.810 0.0000000000
61743  -53.462  1.258  21.565 0.0000000000
20636  -24.482  -11.484  42.270 0.0000000000
20229  -24.382  -12.111  43.363 0.0000000000
20230  -25.007  -12.298  42.861 0.0000000000
62096  -25.473  -12.606  42.768 0.0000000000
19546  -26.160  -12.856  42.163 0.0000000000
18895  -28.790  -14.436  40.386 0.0000000000
18894  -28.244  -14.172  40.833 0.0000000000
18571  -28.366  -14.630  39.968 0.0000000000
59864  -27.391  -14.819  38.926 0.0000000000
59507  -25.151  -17.095  38.270 0.0000000000
17890  -25.890  -18.505  38.793 0.0000000000
17892  -25.586  -16.997  36.940 0.0000000000
19230  -35.020  -14.573  38.392 0.0000000000
19229  -34.125  -14.735  38.580 0.0000000000
19233  -34.922  -15.097  38.811 0.0000000000
18906  -34.845  -15.814  39.018 0.0000000000
18251  -34.546  -17.317  39.114 0.0000000000
58217  -45.224  -12.660  30.982 0.0000000000
19933  -45.611  -12.298  30.788 0.0000000000
20279  -45.344  -11.004  31.240 0.0000000000
57588  -45.538  -10.397  31.518 0.0000000000
60455  -45.546  -10.187  31.572 0.0000000000
20691  -45.354  -9.548  32.215 0.0000000000
21848  -45.108  -7.569  29.828 0.0000000000
57972  -40.338  -9.924  36.027 0.0000000000
20671  -39.793  -10.584  36.174 0.0000000000
20672  -40.606  -10.314  36.307 0.0000000000
19914  -40.051  -11.152  36.205 0.0000000000
20676  -41.246  -9.757  36.279 0.0000000000
20261  -40.987  -10.315  36.066 0.0000000000
19574  -39.618  -11.940  35.825 0.0000000000
19578  -39.829  -12.073  35.153 0.0000000000
62695  -39.614  -13.086  33.633 0.0000000000
19250  -39.929  -14.301  31.545 0.0000000000
19584  -40.571  -12.057  31.329 0.0000000000
19585  -42.303  -12.020  31.037 0.0000000000
19928  -42.724  -10.824  32.041 0.0000000000
19586  -43.528  -11.767  31.137 0.0000000000
24668  -53.329  0.865  24.255 0.0000000000
25033  -53.750  1.961  23.655 0.0000000000
25034  -54.207  2.309  22.859 0.0000000000
25036  -54.911  2.589  22.151 0.0000000000
25037  -55.611  2.798  21.558 0.0000000000
25420  -56.508  2.875  20.540 0.0000000000
20646  -26.197  -9.956  37.054 0.0000000000
20234  -26.173  -11.531  38.918 0.0000000000
20237  -26.668  -11.734  38.334 0.0000000000
55579  -27.724  -13.235  39.242 0.0000000000
19891  -28.770  -13.734  39.853 0.0000000000
20240  -27.662  -12.388  37.267 0.0000000000
19892  -28.983  -13.866  39.218 0.0000000000
54788  -29.807  -14.120  40.596 0.0000000000
18896  -30.271  -14.200  40.532 0.0000000000
18575  -30.755  -15.096  39.038 0.0000000000
21860  -52.625  -7.602  27.624 0.0000000000
60926  -52.838  -6.906  27.610 0.0000000000
21029  -32.394  -7.699  37.887 0.0000000000
20655  -31.060  -8.861  35.331 0.0000000000
20660  -31.657  -10.087  34.222 0.0000000000
20247  -32.701  -12.136  34.695 0.0000000000
19900  -34.166  -13.501  36.061 0.0000000000
62078  -35.054  -12.425  35.017 0.0000000000
62423  -34.673  -13.002  35.625 0.0000000000
19563  -35.170  -14.177  37.543 0.0000000000
61584  -35.659  -14.472  38.226 0.0000000000
18908  -36.313  -15.165  38.560 0.0000000000
18589  -36.827  -15.836  38.417 0.0000000000
57301  -39.269  -10.996  35.933 0.0000000000
20255  -38.715  -11.754  35.999 0.0000000000
19569  -38.081  -13.114  36.236 0.0000000000
19573  -38.984  -12.566  36.149 0.0000000000
54929  -37.487  -13.978  36.667 0.0000000000
19237  -36.953  -14.563  37.438 0.0000000000
18911  -37.166  -15.270  37.742 0.0000000000
18923  -40.422  -16.038  30.467 0.0000000000
21461  -44.130  -7.828  35.995 0.0000000000
21464  -44.683  -7.876  35.714 0.0000000000
21016  -24.555  -8.707  40.438 0.0000000000
21021  -26.601  -8.100  37.905 0.0000000000
21022  -27.931  -7.864  38.276 0.0000000000
58193  -28.220  -7.993  37.902 0.0000000000
21024  -31.245  -7.316  39.968 0.0000000000
21025  -31.822  -7.398  39.781 0.0000000000
56937  -32.193  -7.487  39.455 0.0000000000
21030  -33.115  -7.617  39.050 0.0000000000
21031  -33.291  -7.574  38.143 0.0000000000
21033  -33.649  -7.828  36.792 0.0000000000
21444  -34.073  -7.349  37.155 0.0000000000
21036  -35.544  -8.847  33.967 0.0000000000
21037  -36.882  -9.621  33.022 0.0000000000
21039  -38.450  -9.635  34.077 0.0000000000
21040  -39.951  -9.625  35.174 0.0000000000
56325  -40.891  -9.328  35.989 0.0000000000
58472  -43.570  -7.755  36.169 0.0000000000
21840  -45.689  -6.983  33.884 0.0000000000
22573  -45.158  -5.442  34.354 0.0000000000
21841  -45.655  -7.128  33.106 0.0000000000
56941  -45.534  -7.329  32.277 0.0000000000
22221  -45.247  -7.047  31.240 0.0000000000
22222  -44.893  -6.498  29.711 0.0000000000
22579  -44.767  -5.441  29.788 0.0000000000
22224  -45.018  -6.980  28.010 0.0000000000
22225  -45.318  -6.262  26.315 0.0000000000
22227  -47.418  -6.351  25.660 0.0000000000
22228  -49.671  -6.153  26.392 0.0000000000
22943  -49.889  -4.424  26.930 0.0000000000
22585  -50.600  -5.295  27.115 0.0000000000
22232  -52.715  -6.049  27.597 0.0000000000
22590  -53.174  -5.864  27.455 0.0000000000
23627  -51.946  -2.923  27.722 0.0000000000
23287  -52.556  -3.256  28.119 0.0000000000
23981  -53.176  -2.273  27.511 0.0000000000
23631  -52.950  -2.750  27.910 0.0000000000
23289  -52.769  -3.829  28.150 0.0000000000
22950  -52.842  -4.363  27.888 0.0000000000
57556  -53.238  -4.857  27.502 0.0000000000
22592  -53.580  -5.692  27.264 0.0000000000
22593  -54.050  -5.977  27.045 0.0000000000
22596  -54.691  -5.560  26.241 0.0000000000
22957  -55.261  -4.927  25.466 0.0000000000
24325  -53.283  -0.185  24.014 0.0000000000
23994  -53.461  -1.122  23.688 0.0000000000
63416  -53.647  -1.877  23.394 0.0000000000
24332  -53.074  -0.146  22.048 0.0000000000
23996  -53.623  -2.283  22.797 0.0000000000
63186  -54.073  -3.020  23.118 0.0000000000
19881  -24.168  -12.631  44.032 0.0000000000
57840  -26.551  -12.636  40.198 0.0000000000
19886  -26.502  -12.989  41.984 0.0000000000
19217  -26.451  -13.211  41.716 0.0000000000
18890  -27.740  -14.017  40.943 0.0000000000
18889  -26.793  -13.822  41.138 0.0000000000
18885  -25.656  -13.693  41.674 0.0000000000
18888  -24.974  -14.453  40.905 0.0000000000
20244  -30.088  -12.049  34.781 0.0000000000
19557  -31.948  -14.788  38.358 0.0000000000
19228  -33.154  -14.909  38.833 0.0000000000
60105  -32.420  -14.951  39.188 0.0000000000
19226  -32.156  -14.993  39.366 0.0000000000
18899  -31.917  -14.948  39.489 0.0000000000
18579  -31.515  -15.740  38.577 0.0000000000
18246  -30.690  -16.392  37.433 0.0000000000
17901  -34.783  -18.037  39.085 0.0000000000
54179  -33.898  -17.651  38.849 0.0000000000
17899  -32.742  -17.549  38.178 0.0000000000
17898  -31.256  -17.371  37.129 0.0000000000
17897  -29.504  -17.117  35.976 0.0000000000
24663  -53.181  0.056  25.570 0.0000000000
60636  -29.130  -7.520  38.498 0.0000000000
59571  -30.158  -14.534  39.193 0.0000000000
21067  -48.525  -11.006  26.770 0.0000000000
18925  -42.849  -14.436  30.292 0.0000000000
24655  -52.456  -0.710  27.077 0.0000000000
24315  -52.344  -1.473  27.327 0.0000000000
23649  -54.777  -3.710  24.094 0.0000000000
20632  -23.974  -12.032  43.649 0.0000000000
19549  -27.660  -13.563  41.032 0.0000000000
17889  -25.055  -17.765  39.643 0.0000000000
20678  -42.636  -9.076  35.760 0.0000000000
22237  -54.403  -6.738  27.132 0.0000000000
23625  -50.801  -3.293  27.160 0.0000000000
25025  -53.027  0.428  25.983 0.0000000000
24660  -53.088  -0.653  26.158 0.0000000000
52198  -55.817  2.500  20.361 0.0000000000
20637  -24.942  -11.671  41.773 0.0000000000
19885  -25.856  -12.778  42.487 0.0000000000
18239  -26.504  -15.671  37.850 0.0000000000
58024  -27.048  -18.101  35.826 0.0000000000
17554  -26.433  -18.586  37.653 0.0000000000
18585  -35.600  -16.475  39.058 0.0000000000
18584  -34.731  -16.629  39.115 0.0000000000
19932  -45.232  -11.894  31.003 0.0000000000
20260  -40.371  -10.651  36.311 0.0000000000
20677  -41.913  -9.278  36.128 0.0000000000
19581  -39.940  -12.352  33.943 0.0000000000
25413  -55.022  2.827  22.627 0.0000000000
25419  -56.222  2.997  21.030 0.0000000000
25040  -55.698  2.626  20.994 0.0000000000
20239  -27.373  -11.839  37.521 0.0000000000
19553  -30.281  -14.141  40.014 0.0000000000
19552  -29.508  -14.018  40.297 0.0000000000
21486  -52.371  -8.591  27.687 0.0000000000
20656  -32.516  -8.317  36.522 0.0000000000
19564  -35.989  -14.150  37.663 0.0000000000
19236  -36.546  -14.736  38.052 0.0000000000
19234  -36.147  -14.603  38.214 0.0000000000
19910  -38.849  -12.127  36.120 0.0000000000
19240  -37.784  -14.724  36.795 0.0000000000
21013  -24.108  -10.472  41.373 0.0000000000
21428  -27.923  -7.166  39.381 0.0000000000
21445  -34.315  -6.668  38.395 0.0000000000
21451  -38.850  -9.001  33.557 0.0000000000
21452  -40.618  -8.943  35.014 0.0000000000
21453  -41.383  -8.679  36.007 0.0000000000
21834  -45.026  -7.313  35.670 0.0000000000
22219  -45.420  -6.617  32.341 0.0000000000
22937  -44.750  -4.402  30.114 0.0000000000
23283  -50.032  -4.057  26.985 0.0000000000
23980  -52.728  -2.131  27.643 0.0000000000
23976  -52.137  -2.199  27.543 0.0000000000
56852  -53.222  -3.980  27.848 0.0000000000
22595  -54.222  -5.312  26.774 0.0000000000
55400  -53.112  -1.280  22.020 0.0000000000
20227  -24.124  -12.385  44.005 0.0000000000
19543  -24.398  -13.313  43.432 0.0000000000
19541  -24.100  -13.001  44.016 0.0000000000
19214  -23.829  -14.020  43.190 0.0000000000
19548  -26.847  -13.132  41.548 0.0000000000
18893  -26.913  -14.065  40.628 0.0000000000
54471  -32.951  -15.192  39.082 0.0000000000
17561  -34.292  -18.580  38.664 0.0000000000
58098  -29.948  -18.202  35.618 0.0000000000
21465  -45.152  -7.818  35.247 0.0000000000
18598  -39.319  -16.505  33.336 0.0000000000
20641  -25.094  -11.297  40.427 0.0000000000
55776  -33.750  -11.334  33.512 0.0000000000
20257  -40.036  -10.923  36.289 0.0000000000
21810  -34.777  -6.666  36.636 0.0000000000
57477  -45.231  -6.220  34.985 0.0000000000
23276  -45.074  -2.991  28.266 0.0000000000
23635  -53.671  -2.847  27.456 0.0000000000
23292  -53.672  -3.485  27.701 0.0000000000
61579  -54.055  -4.577  27.075 0.0000000000
20226  -23.767  -12.340  44.237 0.0000000000
19884  -25.164  -12.645  43.021 0.0000000000
18884  -24.471  -14.416  41.634 0.0000000000
18569  -24.676  -15.353  39.940 0.0000000000
18235  -24.437  -17.046  39.713 0.0000000000
17551  -25.578  -19.187  40.860 0.0000000000
57560  -32.052  -19.339  36.592 0.0000000000
61865  -34.465  -9.597  33.888 0.0000000000
18263  -38.860  -17.271  35.415 0.0000000000
23640  -54.342  -3.146  26.625 0.0000000000
24678  -53.442  1.120  20.626 0.0000000000
19221  -29.169  -14.064  40.613 0.0000000000
18238  -26.036  -15.227  38.627 0.0000000000
18921  -39.545  -15.495  32.326 0.0000000000
58488  -56.676  2.772  20.089 0.0000000000
18578  -30.329  -15.654  37.999 0.0000000000
18254  -36.662  -17.567  38.770 0.0000000000
19937  -47.122  -13.782  30.298 0.0000000000
20285  -47.149  -12.561  29.121 0.0000000000
21483  -50.713  -9.600  27.040 0.0000000000
54509  -37.066  -16.827  38.387 0.0000000000
58189  -44.587  -7.430  35.961 0.0000000000
21830  -44.693  -6.784  35.942 0.0000000000
21018  -25.239  -8.296  37.959 0.0000000000
59654  -30.683  -7.228  40.114 0.0000000000
21026  -32.757  -7.499  39.516 0.0000000000
21455  -42.043  -8.635  36.324 0.0000000000
21454  -41.882  -8.362  36.246 0.0000000000
21457  -42.510  -8.340  36.238 0.0000000000
22216  -45.496  -6.277  34.176 0.0000000000
62410  -50.327  -4.779  27.096 0.0000000000
22598  -55.287  -5.829  25.599 0.0000000000
18882  -23.166  -14.957  42.992 0.0000000000
18566  -24.113  -15.412  40.798 0.0000000000
58150  -31.678  -14.776  39.422 0.0000000000
18901  -31.871  -15.148  39.314 0.0000000000
17902  -35.533  -18.200  39.147 0.0000000000
