#!ascii label  , from subject sub-1015 vox2ras=TkReg
844
34240  -46.337  22.290  -2.122 0.0000000000
33447  -56.136  20.150  -5.678 0.0000000000
36428  -51.790  31.242  -2.505 0.0000000000
35220  -54.282  22.800  1.088 0.0000000000
34653  -53.141  20.485  8.854 0.0000000000
34762  -49.655  22.423  -6.889 0.0000000000
36449  -50.221  29.903  -9.817 0.0000000000
38485  -49.716  31.757  -9.291 0.0000000000
59262  -47.924  22.998  11.268 0.0000000000
34709  -51.769  20.625  -1.062 0.0000000000
35256  -52.531  21.590  -3.660 0.0000000000
34749  -46.989  23.413  -5.030 0.0000000000
56865  -53.213  32.403  -2.433 0.0000000000
54408  -52.183  30.966  -6.132 0.0000000000
38125  -53.005  32.190  -5.970 0.0000000000
37463  -50.450  30.997  -10.333 0.0000000000
38849  -51.432  33.600  -4.936 0.0000000000
33860  -55.056  20.065  -9.475 0.0000000000
35200  -46.666  28.224  0.426 0.0000000000
35693  -47.302  28.872  -1.279 0.0000000000
34669  -55.957  22.254  5.377 0.0000000000
35187  -54.003  22.462  4.107 0.0000000000
61182  -50.747  19.230  3.696 0.0000000000
59035  -48.032  21.000  8.324 0.0000000000
34766  -53.916  21.161  -5.692 0.0000000000
34283  -51.922  20.867  -10.624 0.0000000000
51853  -48.928  29.144  -8.009 0.0000000000
35722  -48.176  26.796  -9.066 0.0000000000
35289  -49.680  23.060  -13.780 0.0000000000
36466  -48.741  27.112  -15.296 0.0000000000
37475  -49.057  30.969  -15.256 0.0000000000
34235  -49.303  20.284  -1.804 0.0000000000
34734  -49.412  21.382  -3.317 0.0000000000
34247  -46.363  22.965  -3.014 0.0000000000
38454  -52.691  33.613  -1.838 0.0000000000
56869  -53.247  32.258  -4.541 0.0000000000
38460  -52.751  33.084  -4.083 0.0000000000
38471  -52.171  32.907  -5.972 0.0000000000
33453  -55.786  19.919  -7.509 0.0000000000
35669  -48.420  29.708  2.391 0.0000000000
35682  -48.532  29.392  1.294 0.0000000000
35176  -53.974  21.769  5.970 0.0000000000
61825  -52.753  21.108  4.248 0.0000000000
34202  -52.382  20.441  6.406 0.0000000000
62601  -47.666  22.608  9.522 0.0000000000
51557  -41.840  20.970  4.508 0.0000000000
34213  -41.624  22.850  0.830 0.0000000000
58674  -39.284  23.452  3.123 0.0000000000
35231  -54.792  22.223  -0.390 0.0000000000
35270  -51.279  21.597  -5.298 0.0000000000
35265  -53.218  21.544  -4.547 0.0000000000
34764  -51.855  21.216  -6.301 0.0000000000
34780  -52.925  20.796  -7.820 0.0000000000
34778  -50.196  21.672  -7.925 0.0000000000
36069  -49.990  30.585  -2.453 0.0000000000
51353  -48.191  29.878  -4.175 0.0000000000
36076  -50.689  30.957  -4.377 0.0000000000
36445  -51.228  30.275  -8.223 0.0000000000
35716  -50.227  30.100  -8.163 0.0000000000
54198  -48.905  28.831  -9.876 0.0000000000
34792  -48.428  24.109  -11.598 0.0000000000
56617  -48.373  26.890  -12.385 0.0000000000
35741  -49.062  25.244  -14.966 0.0000000000
36454  -48.812  28.583  -12.201 0.0000000000
38486  -49.906  31.700  -9.422 0.0000000000
37471  -49.480  30.856  -12.659 0.0000000000
38151  -48.845  31.858  -12.875 0.0000000000
38161  -48.535  32.602  -15.172 0.0000000000
38901  -48.157  32.195  -12.163 0.0000000000
56132  -53.490  22.253  0.503 0.0000000000
35238  -53.578  22.042  -1.385 0.0000000000
35246  -51.768  21.243  -2.918 0.0000000000
51879  -49.728  21.882  -4.627 0.0000000000
52022  -48.890  22.966  -6.811 0.0000000000
36768  -52.917  31.860  -1.931 0.0000000000
36082  -51.914  31.125  -4.519 0.0000000000
36776  -53.085  31.856  -4.374 0.0000000000
37127  -52.808  31.626  -6.294 0.0000000000
37460  -52.190  31.146  -8.255 0.0000000000
37137  -50.680  30.621  -10.065 0.0000000000
37778  -52.071  31.943  -7.843 0.0000000000
38473  -51.779  32.302  -7.398 0.0000000000
38865  -50.873  32.856  -6.617 0.0000000000
34292  -54.209  20.271  -11.541 0.0000000000
34701  -45.701  25.747  -1.235 0.0000000000
57860  -46.104  24.835  -1.673 0.0000000000
35685  -47.292  28.611  0.114 0.0000000000
36061  -49.801  30.029  0.015 0.0000000000
53220  -51.477  31.070  -0.175 0.0000000000
36758  -52.203  31.758  1.678 0.0000000000
36763  -52.597  31.928  -0.359 0.0000000000
35679  -55.012  23.224  2.914 0.0000000000
35656  -55.000  23.058  4.265 0.0000000000
35202  -54.045  22.785  2.140 0.0000000000
34695  -53.104  21.940  2.229 0.0000000000
56515  -51.833  20.653  1.834 0.0000000000
59107  -51.464  21.207  11.332 0.0000000000
58767  -49.679  22.998  11.761 0.0000000000
58900  -50.521  21.498  11.018 0.0000000000
34190  -51.217  19.779  8.762 0.0000000000
33801  -49.206  19.016  6.778 0.0000000000
33824  -45.050  20.675  -0.371 0.0000000000
33846  -55.931  20.908  -3.747 0.0000000000
53393  -53.733  21.855  -2.787 0.0000000000
34760  -54.649  21.420  -4.272 0.0000000000
34261  -55.441  20.715  -5.324 0.0000000000
56074  -54.643  20.439  -7.849 0.0000000000
63470  -53.844  20.435  -10.103 0.0000000000
34290  -53.323  20.670  -11.939 0.0000000000
35699  -45.974  27.061  -4.332 0.0000000000
51350  -46.410  26.585  -7.856 0.0000000000
35706  -49.148  25.374  -8.304 0.0000000000
36090  -50.693  30.610  -7.110 0.0000000000
35714  -49.155  28.996  -8.500 0.0000000000
35277  -48.826  25.247  -8.383 0.0000000000
34788  -48.591  23.360  -10.172 0.0000000000
62592  -50.177  22.031  -12.446 0.0000000000
34800  -52.291  21.414  -13.503 0.0000000000
56204  -49.266  29.635  -12.387 0.0000000000
36811  -48.751  28.923  -15.029 0.0000000000
36831  -49.269  28.144  -17.855 0.0000000000
59917  -48.999  29.895  -17.157 0.0000000000
37822  -48.092  31.252  -16.858 0.0000000000
33836  -47.483  20.993  -1.862 0.0000000000
34724  -47.750  21.905  -2.335 0.0000000000
53102  -47.002  23.334  -2.038 0.0000000000
38457  -52.766  33.139  -3.277 0.0000000000
38840  -51.761  33.926  -3.288 0.0000000000
33449  -55.964  20.007  -6.614 0.0000000000
62267  -53.687  21.164  7.005 0.0000000000
34672  -53.032  20.967  6.288 0.0000000000
34191  -52.501  20.256  7.449 0.0000000000
59249  -40.893  21.832  4.711 0.0000000000
59141  -40.333  22.395  2.858 0.0000000000
35687  -54.663  22.786  1.052 0.0000000000
35229  -54.294  22.528  0.199 0.0000000000
34755  -50.020  22.132  -6.337 0.0000000000
34756  -51.116  21.530  -5.890 0.0000000000
34763  -50.347  21.707  -6.805 0.0000000000
34772  -51.104  21.286  -7.171 0.0000000000
34771  -49.997  21.976  -7.510 0.0000000000
36070  -50.798  30.952  -2.483 0.0000000000
36075  -50.292  30.859  -3.411 0.0000000000
52523  -51.162  31.074  -3.335 0.0000000000
36447  -50.968  30.186  -9.064 0.0000000000
36097  -50.670  30.081  -8.826 0.0000000000
35729  -49.520  29.421  -9.968 0.0000000000
35732  -48.371  27.463  -11.419 0.0000000000
62027  -48.620  28.041  -11.670 0.0000000000
36105  -48.531  27.754  -12.346 0.0000000000
36106  -49.000  28.811  -11.467 0.0000000000
38142  -49.249  31.476  -11.761 0.0000000000
38502  -49.067  31.628  -11.219 0.0000000000
56304  -48.615  31.935  -12.223 0.0000000000
52599  -48.721  31.788  -11.247 0.0000000000
34710  -52.831  21.565  0.080 0.0000000000
35236  -52.656  21.442  -1.701 0.0000000000
34717  -52.328  21.078  -1.308 0.0000000000
34741  -47.622  22.476  -4.127 0.0000000000
34742  -48.995  21.847  -4.040 0.0000000000
34750  -48.382  22.606  -5.147 0.0000000000
51354  -48.585  22.928  -6.232 0.0000000000
51564  -47.239  23.942  -6.408 0.0000000000
56856  -53.157  32.093  -2.233 0.0000000000
36773  -53.003  31.796  -3.562 0.0000000000
37447  -53.231  32.132  -2.980 0.0000000000
37767  -53.168  32.281  -5.269 0.0000000000
37453  -53.058  31.963  -5.639 0.0000000000
37770  -53.027  31.857  -6.077 0.0000000000
37128  -52.528  31.201  -6.997 0.0000000000
57850  -52.738  31.700  -7.139 0.0000000000
54094  -52.393  31.576  -7.723 0.0000000000
37773  -52.585  31.940  -7.250 0.0000000000
38855  -51.820  33.195  -5.670 0.0000000000
38474  -52.042  32.538  -6.887 0.0000000000
38470  -51.771  32.824  -6.459 0.0000000000
38866  -51.323  32.567  -7.073 0.0000000000
61659  -51.322  32.984  -6.363 0.0000000000
33863  -54.911  20.052  -10.227 0.0000000000
34694  -45.636  26.701  -0.629 0.0000000000
35216  -46.002  26.529  -0.976 0.0000000000
35209  -46.685  27.832  -0.087 0.0000000000
36052  -49.824  29.925  1.578 0.0000000000
36051  -49.098  29.622  1.127 0.0000000000
36408  -50.415  30.293  0.520 0.0000000000
36413  -50.538  30.463  -0.312 0.0000000000
56460  -51.320  30.979  0.593 0.0000000000
37104  -52.693  31.807  2.941 0.0000000000
36761  -52.449  31.996  0.613 0.0000000000
37109  -52.754  32.356  0.774 0.0000000000
60268  -52.971  32.280  -0.525 0.0000000000
37442  -53.221  32.919  0.853 0.0000000000
34687  -55.726  23.110  3.519 0.0000000000
61472  -55.524  23.136  3.937 0.0000000000
53767  -54.925  22.399  5.767 0.0000000000
35188  -54.539  22.821  4.275 0.0000000000
35672  -54.801  23.177  3.205 0.0000000000
35195  -54.010  22.652  3.115 0.0000000000
34696  -53.632  22.456  2.213 0.0000000000
34686  -53.449  22.118  3.172 0.0000000000
33814  -51.489  19.871  4.056 0.0000000000
34222  -52.122  20.679  3.068 0.0000000000
33821  -51.301  19.955  2.750 0.0000000000
58743  -49.076  22.947  11.369 0.0000000000
58921  -48.878  22.454  10.328 0.0000000000
58702  -49.102  21.118  9.232 0.0000000000
58768  -50.109  20.586  9.532 0.0000000000
58810  -50.039  20.059  8.768 0.0000000000
52272  -50.005  19.592  8.043 0.0000000000
51778  -48.367  19.837  7.522 0.0000000000
34227  -43.883  21.688  -0.361 0.0000000000
33819  -43.043  20.551  1.134 0.0000000000
33843  -55.796  21.177  -2.870 0.0000000000
60154  -53.305  21.849  -2.200 0.0000000000
53729  -53.804  22.021  -1.862 0.0000000000
35249  -53.248  21.775  -2.796 0.0000000000
34758  -53.604  21.383  -5.066 0.0000000000
34751  -53.817  21.583  -4.313 0.0000000000
34767  -54.442  21.178  -5.192 0.0000000000
34260  -55.008  21.105  -4.785 0.0000000000
34262  -54.880  20.830  -5.772 0.0000000000
34266  -54.764  20.602  -6.799 0.0000000000
34782  -54.264  20.694  -7.223 0.0000000000
34278  -52.721  20.638  -9.615 0.0000000000
63243  -53.995  20.494  -8.854 0.0000000000
34284  -53.091  20.596  -10.581 0.0000000000
34285  -53.614  20.495  -11.035 0.0000000000
34288  -52.251  20.884  -11.425 0.0000000000
35235  -46.251  27.101  -1.532 0.0000000000
35244  -46.053  26.957  -2.270 0.0000000000
35695  -46.370  27.849  -3.104 0.0000000000
60946  -48.443  29.932  -5.664 0.0000000000
51785  -47.341  29.151  -5.700 0.0000000000
51574  -47.900  29.021  -7.351 0.0000000000
51357  -47.201  26.822  -9.310 0.0000000000
51698  -47.938  27.800  -8.996 0.0000000000
36088  -51.886  31.001  -5.494 0.0000000000
36081  -51.505  31.005  -5.347 0.0000000000
54181  -51.865  30.900  -6.273 0.0000000000
54065  -48.606  28.176  -9.038 0.0000000000
35715  -49.614  29.808  -8.329 0.0000000000
35717  -48.694  26.884  -9.808 0.0000000000
57691  -48.900  27.225  -9.112 0.0000000000
35279  -48.110  25.212  -8.684 0.0000000000
34785  -48.552  23.466  -9.026 0.0000000000
35282  -48.089  25.055  -9.527 0.0000000000
35288  -48.881  24.153  -13.261 0.0000000000
34793  -49.269  22.685  -11.995 0.0000000000
34798  -49.575  22.735  -12.903 0.0000000000
34799  -51.730  21.545  -13.208 0.0000000000
34803  -51.385  21.988  -14.011 0.0000000000
35294  -51.022  22.521  -14.699 0.0000000000
35297  -50.040  23.363  -14.882 0.0000000000
36116  -48.831  26.188  -15.120 0.0000000000
35746  -49.364  25.111  -15.727 0.0000000000
37464  -51.052  30.923  -9.981 0.0000000000
36794  -50.196  30.336  -10.795 0.0000000000
37467  -49.986  30.737  -11.185 0.0000000000
37472  -49.202  31.071  -14.329 0.0000000000
58124  -49.185  30.148  -13.724 0.0000000000
37160  -48.886  29.525  -15.396 0.0000000000
36824  -49.061  28.116  -16.696 0.0000000000
37174  -49.069  29.455  -16.824 0.0000000000
53139  -49.204  28.446  -17.998 0.0000000000
37489  -49.035  30.369  -16.435 0.0000000000
38916  -48.172  33.020  -14.702 0.0000000000
38169  -48.455  32.438  -15.910 0.0000000000
38530  -48.007  33.190  -15.925 0.0000000000
38177  -47.626  32.826  -16.335 0.0000000000
34243  -49.940  20.464  -2.126 0.0000000000
34716  -50.738  20.558  -2.236 0.0000000000
34715  -48.693  21.300  -2.594 0.0000000000
34251  -47.301  22.197  -2.732 0.0000000000
34740  -46.429  23.176  -4.021 0.0000000000
37760  -53.197  32.520  -2.972 0.0000000000
38115  -52.932  33.076  -2.990 0.0000000000
38116  -52.947  32.873  -4.065 0.0000000000
38123  -52.954  32.506  -5.508 0.0000000000
38122  -52.813  32.334  -6.188 0.0000000000
38462  -52.479  33.171  -4.780 0.0000000000
38845  -51.910  33.653  -4.107 0.0000000000
61747  -55.227  20.062  -8.718 0.0000000000
35194  -47.603  29.110  1.427 0.0000000000
35675  -48.014  29.157  1.264 0.0000000000
52076  -48.286  29.426  1.795 0.0000000000
35181  -53.940  22.116  5.082 0.0000000000
54539  -53.200  21.575  4.276 0.0000000000
55120  -53.105  21.245  5.415 0.0000000000
34209  -52.477  20.648  5.195 0.0000000000
33810  -51.511  19.841  5.277 0.0000000000
61510  -47.919  22.942  10.483 0.0000000000
58913  -46.700  21.990  8.837 0.0000000000
33812  -42.646  20.154  2.988 0.0000000000
33818  -42.074  21.359  1.667 0.0000000000
58872  -41.456  21.411  2.641 0.0000000000
59369  -40.796  23.595  1.215 0.0000000000
35263  -51.376  21.590  -4.764 0.0000000000
35257  -53.125  21.689  -3.533 0.0000000000
35271  -52.320  21.488  -4.872 0.0000000000
34757  -52.603  21.345  -5.384 0.0000000000
34765  -53.114  21.156  -5.984 0.0000000000
34774  -53.675  20.926  -6.692 0.0000000000
34773  -52.604  20.988  -6.980 0.0000000000
34779  -51.682  20.986  -7.852 0.0000000000
34277  -51.375  20.923  -9.666 0.0000000000
36068  -49.084  30.131  -2.245 0.0000000000
51352  -47.410  29.191  -3.032 0.0000000000
36074  -49.308  30.412  -3.278 0.0000000000
52614  -49.502  30.602  -4.686 0.0000000000
51355  -49.171  30.093  -6.406 0.0000000000
36444  -51.683  30.559  -7.829 0.0000000000
36093  -50.979  30.451  -7.807 0.0000000000
36095  -50.918  30.262  -8.288 0.0000000000
35724  -49.125  29.064  -9.166 0.0000000000
35723  -48.464  28.047  -9.844 0.0000000000
35727  -48.067  26.393  -10.109 0.0000000000
35728  -48.290  27.611  -10.525 0.0000000000
35735  -48.344  25.690  -12.415 0.0000000000
35736  -48.557  25.502  -13.282 0.0000000000
35292  -49.250  24.046  -14.167 0.0000000000
58542  -48.429  26.624  -13.092 0.0000000000
36109  -48.478  27.292  -13.306 0.0000000000
36461  -48.521  27.513  -14.176 0.0000000000
37782  -50.463  31.198  -10.100 0.0000000000
37788  -50.156  30.841  -11.163 0.0000000000
38143  -49.916  31.144  -11.092 0.0000000000
37794  -49.271  31.477  -12.583 0.0000000000
37796  -49.026  31.768  -14.103 0.0000000000
37805  -48.957  31.506  -15.597 0.0000000000
38157  -48.669  32.279  -13.897 0.0000000000
38516  -48.180  32.826  -14.096 0.0000000000
38909  -47.672  32.790  -12.980 0.0000000000
35219  -53.891  22.601  0.787 0.0000000000
35228  -53.840  22.334  -0.443 0.0000000000
35227  -53.360  21.984  -1.011 0.0000000000
35237  -52.918  21.626  -2.154 0.0000000000
35247  -52.206  21.448  -3.168 0.0000000000
34735  -50.615  21.093  -3.079 0.0000000000
35254  -51.059  21.497  -4.064 0.0000000000
35255  -51.907  21.507  -3.861 0.0000000000
52638  -50.912  21.657  -4.778 0.0000000000
35262  -50.052  22.074  -5.881 0.0000000000
35269  -49.173  23.109  -7.248 0.0000000000
36429  -52.382  31.484  -2.551 0.0000000000
36072  -52.154  31.321  -3.412 0.0000000000
36433  -52.749  31.622  -3.339 0.0000000000
36437  -52.716  31.568  -4.153 0.0000000000
36779  -52.505  31.305  -5.730 0.0000000000
37449  -53.255  32.130  -3.912 0.0000000000
36780  -52.930  31.730  -5.169 0.0000000000
36782  -52.290  31.008  -6.458 0.0000000000
56171  -52.278  30.916  -7.518 0.0000000000
36786  -52.134  30.628  -8.009 0.0000000000
36788  -51.112  30.319  -8.999 0.0000000000
57443  -50.403  29.991  -9.884 0.0000000000
37132  -52.056  30.904  -8.932 0.0000000000
59983  -51.458  31.193  -9.073 0.0000000000
37777  -51.520  31.959  -8.265 0.0000000000
38127  -52.185  32.155  -7.392 0.0000000000
61486  -51.793  32.011  -7.892 0.0000000000
52492  -50.958  31.743  -8.779 0.0000000000
38134  -50.803  31.814  -8.695 0.0000000000
38478  -50.461  31.935  -8.531 0.0000000000
38876  -49.935  32.130  -8.130 0.0000000000
34707  -45.820  23.840  -1.823 0.0000000000
34714  -46.241  23.307  -2.014 0.0000000000
34708  -46.079  24.631  -1.721 0.0000000000
35225  -46.161  27.043  -1.134 0.0000000000
35226  -46.872  28.260  -1.120 0.0000000000
35686  -48.245  29.224  0.655 0.0000000000
54634  -48.008  29.145  0.025 0.0000000000
36064  -48.716  29.840  -1.238 0.0000000000
36065  -49.890  30.268  -0.901 0.0000000000
36420  -50.675  30.665  -1.032 0.0000000000
36062  -51.863  31.266  -1.299 0.0000000000
36404  -51.358  31.028  1.366 0.0000000000
52551  -51.773  31.343  0.408 0.0000000000
36411  -52.017  31.437  -0.401 0.0000000000
36416  -52.053  31.333  -1.441 0.0000000000
36766  -52.867  31.972  -1.134 0.0000000000
56860  -53.143  32.336  -1.545 0.0000000000
37756  -53.236  33.006  -1.173 0.0000000000
35213  -55.109  23.018  1.815 0.0000000000
35683  -54.689  23.017  1.758 0.0000000000
62925  -55.238  22.794  5.040 0.0000000000
54774  -55.443  22.968  4.511 0.0000000000
35673  -54.995  23.209  3.657 0.0000000000
35678  -54.742  23.176  2.466 0.0000000000
35211  -53.953  22.735  1.541 0.0000000000
35210  -53.754  22.575  1.391 0.0000000000
34703  -53.299  22.163  1.276 0.0000000000
34237  -52.193  20.977  0.219 0.0000000000
34215  -52.828  21.396  3.335 0.0000000000
34230  -52.235  21.118  1.211 0.0000000000
34229  -51.595  20.477  0.531 0.0000000000
33832  -50.468  19.845  -0.493 0.0000000000
58766  -50.801  22.825  12.337 0.0000000000
59244  -49.319  22.710  11.115 0.0000000000
59214  -50.054  22.429  11.484 0.0000000000
59281  -50.667  22.151  11.723 0.0000000000
51479  -50.850  21.123  10.777 0.0000000000
58798  -51.390  20.432  10.216 0.0000000000
34660  -52.115  20.035  8.893 0.0000000000
34195  -51.382  19.663  7.670 0.0000000000
34201  -51.319  19.700  6.619 0.0000000000
33809  -50.211  18.940  5.190 0.0000000000
33829  -46.084  21.028  -1.164 0.0000000000
34228  -44.855  22.394  -1.183 0.0000000000
34700  -45.107  24.521  -1.387 0.0000000000
34693  -44.776  25.973  -0.697 0.0000000000
34685  -45.686  27.576  0.073 0.0000000000
52129  -56.333  20.596  -2.792 0.0000000000
33844  -56.324  20.573  -3.590 0.0000000000
55291  -55.862  20.688  -4.672 0.0000000000
35239  -53.821  22.298  -0.754 0.0000000000
35250  -54.255  21.988  -2.057 0.0000000000
35266  -53.654  21.714  -3.693 0.0000000000
34743  -54.612  21.765  -3.002 0.0000000000
34744  -55.012  21.698  -2.644 0.0000000000
34257  -55.125  21.359  -3.909 0.0000000000
34258  -55.492  21.031  -4.306 0.0000000000
58244  -55.863  20.470  -5.340 0.0000000000
33854  -55.540  20.190  -6.982 0.0000000000
34267  -55.109  20.332  -7.384 0.0000000000
34274  -54.973  20.234  -8.353 0.0000000000
34273  -54.142  20.543  -8.209 0.0000000000
34280  -54.212  20.387  -8.893 0.0000000000
34281  -54.689  20.192  -9.860 0.0000000000
34286  -54.042  20.374  -10.397 0.0000000000
34291  -53.893  20.416  -11.367 0.0000000000
34295  -52.805  21.073  -12.910 0.0000000000
35234  -45.899  25.129  -2.156 0.0000000000
35243  -45.686  24.532  -3.070 0.0000000000
35261  -45.877  25.388  -5.283 0.0000000000
35700  -46.827  28.717  -4.271 0.0000000000
35702  -45.845  26.628  -5.575 0.0000000000
51817  -46.088  25.557  -6.614 0.0000000000
51349  -46.843  25.137  -7.698 0.0000000000
51827  -48.194  24.579  -8.384 0.0000000000
35274  -48.942  23.873  -7.928 0.0000000000
36077  -51.550  31.100  -4.168 0.0000000000
36080  -50.989  30.964  -5.175 0.0000000000
36085  -49.763  30.252  -6.881 0.0000000000
35708  -50.167  30.277  -7.846 0.0000000000
35707  -49.816  30.116  -7.775 0.0000000000
36092  -48.883  28.888  -8.632 0.0000000000
35713  -49.030  26.851  -8.782 0.0000000000
34770  -49.257  22.983  -7.572 0.0000000000
34777  -48.812  23.264  -8.167 0.0000000000
34790  -50.688  21.274  -10.569 0.0000000000
60162  -48.683  23.341  -11.139 0.0000000000
34789  -49.522  22.147  -10.944 0.0000000000
34794  -50.859  21.424  -11.714 0.0000000000
34795  -51.978  21.170  -12.304 0.0000000000
34294  -52.624  21.044  -12.643 0.0000000000
35742  -49.815  24.036  -15.448 0.0000000000
36455  -49.429  29.444  -11.327 0.0000000000
36459  -48.729  28.580  -12.911 0.0000000000
52401  -48.768  28.903  -13.531 0.0000000000
37145  -49.437  30.423  -12.905 0.0000000000
36805  -48.851  29.362  -14.086 0.0000000000
36812  -48.777  27.900  -15.562 0.0000000000
36817  -49.013  27.773  -16.146 0.0000000000
36485  -49.631  26.810  -17.751 0.0000000000
36488  -49.888  27.216  -18.689 0.0000000000
37812  -48.723  31.764  -15.952 0.0000000000
37495  -48.868  30.992  -16.457 0.0000000000
57747  -49.641  32.249  -7.831 0.0000000000
38875  -49.068  32.184  -8.059 0.0000000000
53293  -48.018  31.939  -10.560 0.0000000000
38899  -47.546  32.304  -11.703 0.0000000000
39305  -47.191  32.933  -12.700 0.0000000000
34241  -46.944  22.103  -2.272 0.0000000000
56457  -53.557  20.800  7.897 0.0000000000
34661  -53.101  20.541  7.805 0.0000000000
59259  -42.058  21.525  6.495 0.0000000000
36427  -51.486  31.166  -2.483 0.0000000000
36103  -49.154  28.936  -10.786 0.0000000000
36452  -49.752  29.620  -10.611 0.0000000000
38494  -49.209  31.778  -10.178 0.0000000000
38493  -48.836  31.816  -10.062 0.0000000000
37118  -53.152  31.832  -3.082 0.0000000000
37455  -52.749  31.753  -6.888 0.0000000000
37769  -52.823  32.001  -6.726 0.0000000000
38854  -51.430  33.303  -5.731 0.0000000000
33857  -55.240  20.006  -9.070 0.0000000000
33861  -55.119  20.209  -10.102 0.0000000000
35208  -46.245  27.377  -0.380 0.0000000000
35201  -47.023  28.467  0.586 0.0000000000
36053  -50.418  30.279  1.895 0.0000000000
62167  -50.282  30.172  1.212 0.0000000000
36403  -50.846  30.599  1.143 0.0000000000
59742  -53.002  32.616  1.031 0.0000000000
34675  -56.001  22.616  4.473 0.0000000000
34679  -55.777  22.933  4.179 0.0000000000
35196  -54.496  22.947  3.563 0.0000000000
56806  -53.705  22.233  3.888 0.0000000000
33820  -50.299  19.145  2.493 0.0000000000
58765  -48.295  22.943  10.920 0.0000000000
58893  -48.971  20.610  8.596 0.0000000000
34671  -48.800  20.193  8.045 0.0000000000
33418  -44.653  18.977  1.922 0.0000000000
52107  -44.318  20.118  0.545 0.0000000000
34745  -55.437  21.470  -2.702 0.0000000000
35248  -52.767  21.624  -2.941 0.0000000000
61704  -54.060  21.322  -5.123 0.0000000000
34775  -54.352  20.901  -6.215 0.0000000000
35696  -46.775  28.387  -2.104 0.0000000000
36439  -52.134  31.001  -5.599 0.0000000000
34802  -50.643  22.192  -13.603 0.0000000000
35293  -50.326  22.738  -14.321 0.0000000000
57589  -49.141  26.060  -15.946 0.0000000000
37783  -50.824  31.110  -9.855 0.0000000000
37136  -50.341  30.698  -10.618 0.0000000000
37159  -49.064  30.375  -14.911 0.0000000000
37165  -48.978  30.164  -15.681 0.0000000000
37166  -48.989  29.060  -16.153 0.0000000000
54149  -49.023  29.979  -16.244 0.0000000000
37482  -49.011  30.795  -15.870 0.0000000000
60103  -47.591  33.489  -14.723 0.0000000000
38531  -48.042  33.222  -15.640 0.0000000000
34732  -46.858  22.500  -3.341 0.0000000000
34731  -46.039  23.359  -3.225 0.0000000000
60659  -52.993  33.007  -2.588 0.0000000000
60322  -52.874  33.207  -2.526 0.0000000000
38119  -52.967  32.722  -4.926 0.0000000000
38463  -52.741  33.041  -4.625 0.0000000000
38467  -52.784  32.865  -5.095 0.0000000000
38850  -52.023  33.311  -5.049 0.0000000000
33856  -55.391  20.097  -7.897 0.0000000000
34678  -53.629  21.951  4.742 0.0000000000
34673  -53.540  21.596  5.675 0.0000000000
58954  -43.662  20.074  5.930 0.0000000000
33805  -42.811  20.065  4.416 0.0000000000
59120  -39.807  24.651  1.498 0.0000000000
35264  -52.337  21.555  -4.326 0.0000000000
34271  -52.237  20.770  -8.704 0.0000000000
34270  -50.751  21.210  -8.723 0.0000000000
59640  -48.456  29.898  -2.911 0.0000000000
36079  -50.186  30.731  -5.658 0.0000000000
35725  -49.752  29.648  -9.326 0.0000000000
38138  -49.846  31.489  -10.144 0.0000000000
37470  -49.275  31.290  -13.282 0.0000000000
37793  -49.049  31.773  -13.359 0.0000000000
38511  -48.364  32.380  -13.276 0.0000000000
61589  -48.121  32.440  -12.867 0.0000000000
38910  -47.918  32.863  -13.555 0.0000000000
35218  -53.670  22.309  -0.048 0.0000000000
34718  -53.168  21.821  -0.545 0.0000000000
34725  -49.558  20.982  -2.835 0.0000000000
34726  -51.461  20.902  -2.429 0.0000000000
35245  -50.363  21.390  -3.691 0.0000000000
51351  -49.822  22.083  -5.434 0.0000000000
36430  -52.707  31.647  -2.578 0.0000000000
36775  -52.649  31.479  -4.978 0.0000000000
37762  -53.216  32.432  -3.843 0.0000000000
62656  -53.262  32.281  -3.460 0.0000000000
37125  -53.114  31.970  -5.425 0.0000000000
37124  -52.636  31.404  -5.902 0.0000000000
36784  -52.189  30.800  -7.275 0.0000000000
53239  -52.414  31.104  -6.794 0.0000000000
37130  -52.229  30.966  -7.896 0.0000000000
36789  -51.818  30.805  -8.566 0.0000000000
53430  -51.483  30.751  -8.996 0.0000000000
37459  -52.011  31.408  -8.322 0.0000000000
53486  -51.904  31.160  -8.814 0.0000000000
63303  -52.348  32.659  -6.350 0.0000000000
38130  -51.319  32.171  -7.962 0.0000000000
38479  -51.155  32.136  -7.913 0.0000000000
38877  -50.715  32.348  -7.555 0.0000000000
33866  -54.720  20.056  -10.946 0.0000000000
35217  -46.311  27.491  -0.638 0.0000000000
35690  -47.022  28.371  -0.436 0.0000000000
35681  -47.652  28.881  0.699 0.0000000000
36055  -48.855  29.579  0.307 0.0000000000
52709  -47.958  29.188  -0.474 0.0000000000
36060  -49.075  29.811  -0.416 0.0000000000
36414  -51.110  30.874  -0.654 0.0000000000
36421  -51.160  30.995  -1.593 0.0000000000
36415  -51.571  31.135  -1.019 0.0000000000
37106  -52.613  31.979  2.126 0.0000000000
36401  -51.872  31.292  2.498 0.0000000000
57217  -51.779  31.379  1.530 0.0000000000
36405  -52.076  31.669  0.858 0.0000000000
36410  -52.216  31.696  0.104 0.0000000000
62652  -52.334  31.682  -0.408 0.0000000000
36063  -52.007  31.355  -0.981 0.0000000000
36417  -52.412  31.635  -0.928 0.0000000000
56469  -53.209  32.976  -0.024 0.0000000000
58324  -53.103  32.496  -0.731 0.0000000000
59694  -53.227  32.839  -1.012 0.0000000000
62923  -55.962  22.981  3.106 0.0000000000
35197  -55.336  23.208  3.348 0.0000000000
35204  -55.237  23.141  2.514 0.0000000000
35684  -54.962  23.129  2.204 0.0000000000
35184  -55.100  22.879  4.943 0.0000000000
35185  -55.145  22.475  5.919 0.0000000000
35189  -55.237  23.154  4.106 0.0000000000
35203  -54.451  23.025  2.734 0.0000000000
35212  -54.351  22.996  2.021 0.0000000000
34702  -52.743  21.620  1.211 0.0000000000
34223  -52.520  21.322  2.158 0.0000000000
34236  -51.107  20.224  -0.874 0.0000000000
34646  -52.043  20.457  10.314 0.0000000000
59283  -50.038  23.185  11.937 0.0000000000
59215  -50.540  23.410  12.601 0.0000000000
59282  -51.278  23.299  12.785 0.0000000000
58757  -50.313  22.900  12.060 0.0000000000
51487  -47.959  22.789  9.992 0.0000000000
59260  -48.559  22.881  10.719 0.0000000000
51501  -49.748  22.003  10.743 0.0000000000
59216  -51.087  21.995  11.894 0.0000000000
58717  -51.012  20.203  9.679 0.0000000000
34200  -49.762  19.342  7.427 0.0000000000
33802  -50.555  19.275  6.312 0.0000000000
33422  -45.531  19.327  0.816 0.0000000000
33423  -46.846  19.041  0.676 0.0000000000
33428  -46.126  19.919  -0.169 0.0000000000
34234  -45.718  22.619  -1.809 0.0000000000
34221  -44.092  23.871  -0.908 0.0000000000
34219  -42.372  22.317  0.576 0.0000000000
34683  -43.541  26.243  0.018 0.0000000000
34684  -44.732  27.001  -0.052 0.0000000000
61608  -45.690  28.147  0.613 0.0000000000
58062  -56.132  20.807  -1.903 0.0000000000
33841  -55.913  21.126  -2.293 0.0000000000
60840  -56.026  20.952  -3.034 0.0000000000
33847  -56.223  20.502  -4.353 0.0000000000
61988  -52.986  21.614  -4.156 0.0000000000
34752  -54.292  21.666  -3.743 0.0000000000
34753  -54.828  21.605  -3.459 0.0000000000
34254  -55.202  21.519  -3.227 0.0000000000
33851  -55.704  20.338  -6.054 0.0000000000
34263  -55.244  20.495  -6.384 0.0000000000
34781  -53.705  20.737  -7.622 0.0000000000
34279  -53.670  20.496  -9.477 0.0000000000
34296  -53.510  20.663  -11.977 0.0000000000
35253  -45.782  26.148  -3.088 0.0000000000
35252  -45.699  25.344  -4.129 0.0000000000
51356  -46.757  28.055  -7.061 0.0000000000
52141  -46.304  27.981  -5.607 0.0000000000
52001  -46.072  27.099  -6.639 0.0000000000
35712  -47.800  26.197  -8.991 0.0000000000
51905  -47.282  25.782  -8.773 0.0000000000
36087  -51.395  30.850  -6.315 0.0000000000
36086  -50.574  30.694  -6.494 0.0000000000
35709  -50.605  30.345  -7.951 0.0000000000
34786  -49.697  21.868  -9.678 0.0000000000
35731  -48.115  25.781  -11.368 0.0000000000
35284  -48.150  24.684  -10.679 0.0000000000
34804  -52.645  21.293  -13.612 0.0000000000
34807  -51.911  21.886  -14.282 0.0000000000
60795  -49.331  24.418  -14.779 0.0000000000
35747  -49.932  24.271  -16.073 0.0000000000
36795  -50.133  30.026  -10.482 0.0000000000
36798  -49.698  29.911  -11.388 0.0000000000
60642  -49.693  30.865  -11.848 0.0000000000
37140  -49.662  30.579  -12.060 0.0000000000
58484  -48.961  29.844  -14.550 0.0000000000
36806  -48.613  28.283  -14.623 0.0000000000
57269  -49.096  28.597  -17.148 0.0000000000
36484  -49.613  27.390  -18.170 0.0000000000
36837  -49.575  27.804  -18.456 0.0000000000
37183  -49.060  29.320  -17.616 0.0000000000
36836  -49.101  28.803  -18.152 0.0000000000
36840  -49.337  28.399  -18.825 0.0000000000
37194  -48.995  28.874  -18.282 0.0000000000
37798  -48.768  32.154  -15.368 0.0000000000
37481  -48.937  31.199  -15.938 0.0000000000
37804  -48.726  31.975  -15.781 0.0000000000
37816  -48.231  32.043  -16.476 0.0000000000
37811  -48.327  32.285  -16.221 0.0000000000
37515  -48.344  29.347  -17.678 0.0000000000
38886  -48.547  31.919  -9.300 0.0000000000
63179  -48.622  31.835  -10.083 0.0000000000
38885  -47.834  31.941  -9.729 0.0000000000
34242  -47.855  21.428  -2.288 0.0000000000
34723  -46.794  23.370  -2.028 0.0000000000
38841  -52.310  33.526  -3.301 0.0000000000
38846  -52.384  33.386  -4.071 0.0000000000
39222  -51.088  34.838  -2.416 0.0000000000
35663  -49.244  30.075  3.569 0.0000000000
35670  -49.031  29.851  2.628 0.0000000000
35170  -53.953  21.043  7.840 0.0000000000
34666  -53.370  21.070  6.656 0.0000000000
35221  -54.924  22.771  1.060 0.0000000000
35230  -54.709  22.522  0.406 0.0000000000
53031  -54.445  22.344  -0.330 0.0000000000
52003  -50.301  21.929  -5.901 0.0000000000
36100  -50.293  29.920  -9.393 0.0000000000
35733  -48.800  28.554  -10.533 0.0000000000
38137  -49.625  31.437  -10.658 0.0000000000
34733  -48.094  21.842  -3.365 0.0000000000
61597  -49.209  22.305  -5.379 0.0000000000
58942  -47.825  24.170  -7.611 0.0000000000
37116  -53.059  31.973  -2.136 0.0000000000
36771  -53.156  31.929  -2.794 0.0000000000
37120  -53.155  31.878  -3.888 0.0000000000
37764  -53.182  32.461  -4.629 0.0000000000
37457  -52.498  31.342  -7.436 0.0000000000
36046  -49.299  29.748  1.849 0.0000000000
36056  -49.743  29.912  0.820 0.0000000000
36409  -50.996  30.722  0.190 0.0000000000
37108  -52.563  32.116  1.357 0.0000000000
37112  -52.790  32.240  -0.021 0.0000000000
60379  -52.890  32.119  -0.643 0.0000000000
56185  -52.980  32.575  0.160 0.0000000000
35183  -54.796  22.765  4.823 0.0000000000
35665  -54.819  23.070  3.949 0.0000000000
34214  -52.267  20.634  4.203 0.0000000000
33826  -50.839  19.833  1.164 0.0000000000
59245  -48.285  22.179  9.453 0.0000000000
59261  -49.393  21.616  9.951 0.0000000000
62756  -50.339  21.041  10.278 0.0000000000
33007  -45.994  18.197  2.657 0.0000000000
34220  -43.109  22.961  -0.232 0.0000000000
34255  -55.520  21.279  -3.454 0.0000000000
34759  -54.165  21.460  -4.607 0.0000000000
34272  -53.437  20.614  -8.607 0.0000000000
34289  -52.917  20.758  -11.695 0.0000000000
53458  -47.115  27.477  -8.565 0.0000000000
59466  -48.834  27.555  -9.036 0.0000000000
58420  -52.385  31.289  -4.764 0.0000000000
35718  -49.473  29.487  -8.631 0.0000000000
53387  -48.880  28.496  -8.745 0.0000000000
34797  -48.607  24.156  -12.376 0.0000000000
54763  -50.896  21.748  -12.788 0.0000000000
37141  -49.847  30.326  -11.523 0.0000000000
37473  -49.327  30.736  -13.515 0.0000000000
37152  -49.195  30.464  -14.204 0.0000000000
36816  -48.867  28.548  -15.880 0.0000000000
36830  -49.098  28.966  -17.440 0.0000000000
37182  -49.073  29.902  -16.928 0.0000000000
38525  -48.293  32.920  -15.139 0.0000000000
38164  -48.499  32.577  -15.611 0.0000000000
38168  -48.134  32.901  -16.126 0.0000000000
38172  -48.011  32.795  -16.386 0.0000000000
38178  -47.961  32.649  -17.045 0.0000000000
38534  -48.132  33.155  -16.119 0.0000000000
53763  -47.310  33.822  -15.942 0.0000000000
63387  -48.588  21.510  -3.059 0.0000000000
63274  -53.167  32.454  -4.967 0.0000000000
38466  -52.600  32.796  -5.574 0.0000000000
38844  -51.331  33.921  -4.057 0.0000000000
61779  -47.582  28.922  1.114 0.0000000000
35676  -48.799  29.600  1.928 0.0000000000
35677  -49.515  29.929  2.597 0.0000000000
35182  -54.216  22.408  4.825 0.0000000000
59251  -47.279  22.911  10.114 0.0000000000
51470  -47.025  22.677  9.564 0.0000000000
60772  -47.311  22.397  9.210 0.0000000000
63337  -47.606  22.045  8.925 0.0000000000
63168  -53.314  20.864  -7.262 0.0000000000
35697  -47.960  29.519  -2.067 0.0000000000
36442  -51.845  30.838  -6.753 0.0000000000
35719  -50.065  29.878  -8.781 0.0000000000
35739  -48.714  25.610  -14.042 0.0000000000
36113  -48.624  26.334  -14.350 0.0000000000
37787  -49.554  31.181  -11.746 0.0000000000
60438  -49.453  31.147  -12.417 0.0000000000
37799  -49.011  31.668  -14.935 0.0000000000
38162  -48.772  32.276  -14.730 0.0000000000
38521  -48.408  32.751  -14.682 0.0000000000
57621  -47.938  33.056  -14.051 0.0000000000
53769  -47.468  33.267  -13.768 0.0000000000
55141  -54.000  22.574  0.313 0.0000000000
34754  -49.294  22.823  -7.104 0.0000000000
36432  -52.515  31.510  -3.143 0.0000000000
36436  -52.451  31.430  -3.880 0.0000000000
37123  -53.118  31.936  -4.628 0.0000000000
37451  -53.175  32.012  -4.987 0.0000000000
60745  -52.090  30.652  -7.931 0.0000000000
52633  -51.359  30.278  -8.550 0.0000000000
36791  -50.918  30.459  -9.556 0.0000000000
37134  -51.358  31.010  -9.213 0.0000000000
55328  -52.538  32.171  -6.953 0.0000000000
37780  -50.957  31.437  -9.287 0.0000000000
38133  -50.604  31.578  -9.229 0.0000000000
35224  -45.919  25.657  -1.462 0.0000000000
56949  -49.673  30.322  -1.694 0.0000000000
36066  -50.401  30.687  -1.684 0.0000000000
36422  -51.735  31.227  -1.815 0.0000000000
36057  -51.809  31.283  -0.588 0.0000000000
36423  -52.015  31.307  -2.032 0.0000000000
36424  -52.560  31.633  -1.772 0.0000000000
37113  -53.096  32.211  -1.087 0.0000000000
56866  -53.200  32.569  -1.765 0.0000000000
62233  -53.323  33.235  -0.308 0.0000000000
35205  -55.649  23.073  2.750 0.0000000000
35214  -55.424  22.963  2.001 0.0000000000
35688  -54.914  22.989  1.617 0.0000000000
33835  -46.571  21.523  -1.856 0.0000000000
34652  -52.700  20.280  9.062 0.0000000000
36010  -51.041  23.872  13.031 0.0000000000
36011  -51.112  23.411  12.977 0.0000000000
58716  -51.028  22.728  12.488 0.0000000000
33808  -48.301  18.515  6.051 0.0000000000
33409  -48.790  18.298  4.903 0.0000000000
33415  -49.653  18.523  3.802 0.0000000000
34692  -43.730  25.194  -0.495 0.0000000000
35193  -46.649  28.851  1.204 0.0000000000
53616  -47.548  29.475  1.942 0.0000000000
35668  -46.218  29.080  1.436 0.0000000000
33848  -56.110  20.404  -4.993 0.0000000000
35240  -54.352  22.164  -1.135 0.0000000000
61040  -54.896  20.181  -9.102 0.0000000000
34287  -54.477  20.203  -10.759 0.0000000000
34722  -45.942  23.749  -2.601 0.0000000000
34739  -45.860  24.037  -3.779 0.0000000000
34748  -46.038  24.205  -4.687 0.0000000000
58887  -46.263  24.382  -5.713 0.0000000000
36071  -51.739  31.213  -3.176 0.0000000000
36091  -50.925  30.700  -6.949 0.0000000000
54895  -49.639  29.937  -7.616 0.0000000000
52525  -49.173  29.286  -12.013 0.0000000000
37146  -49.519  30.198  -12.386 0.0000000000
36801  -49.166  29.831  -13.146 0.0000000000
36470  -49.038  26.953  -16.146 0.0000000000
36477  -49.304  27.040  -16.950 0.0000000000
36489  -49.931  26.618  -18.338 0.0000000000
36841  -49.600  27.935  -18.713 0.0000000000
36846  -50.043  27.496  -19.004 0.0000000000
37496  -48.993  30.156  -16.933 0.0000000000
37817  -48.929  31.337  -16.032 0.0000000000
37505  -48.995  29.899  -17.195 0.0000000000
37821  -48.060  32.199  -17.135 0.0000000000
39237  -50.765  34.232  -3.951 0.0000000000
39268  -50.396  33.308  -5.803 0.0000000000
38864  -50.179  32.648  -6.968 0.0000000000
38863  -49.488  32.654  -6.908 0.0000000000
38887  -49.250  31.908  -8.998 0.0000000000
38893  -48.241  31.965  -11.210 0.0000000000
38900  -47.737  32.414  -12.206 0.0000000000
39314  -47.230  33.280  -13.378 0.0000000000
36842  -49.841  27.523  -18.837 0.0000000000
37189  -48.991  29.494  -17.573 0.0000000000
37488  -49.128  30.776  -16.204 0.0000000000
37826  -47.840  31.525  -16.853 0.0000000000
38537  -47.368  33.059  -16.457 0.0000000000
38925  -47.133  33.903  -16.468 0.0000000000
53772  -48.210  33.011  -16.361 0.0000000000
54072  -48.233  32.951  -15.802 0.0000000000
62429  -45.813  26.147  -4.824 0.0000000000
62757  -45.617  18.690  1.794 0.0000000000
