#!ascii label  , from subject sub-1015 vox2ras=TkReg
658
39218  -51.826  34.697  -1.649 0.0000000000
44695  -48.873  51.766  -9.466 0.0000000000
42938  -48.326  43.511  -3.484 0.0000000000
41687  -51.620  43.499  -8.272 0.0000000000
43807  -49.273  48.734  -13.451 0.0000000000
43247  -51.242  46.913  -8.821 0.0000000000
42041  -50.479  43.788  -12.369 0.0000000000
40495  -49.578  42.687  -8.540 0.0000000000
37439  -53.257  32.689  1.768 0.0000000000
39208  -53.257  35.951  0.762 0.0000000000
45890  -44.246  54.222  -10.374 0.0000000000
45617  -47.553  53.820  -12.275 0.0000000000
44424  -47.528  51.131  -16.381 0.0000000000
61505  -51.988  40.693  -1.200 0.0000000000
43786  -49.194  47.909  -6.969 0.0000000000
42638  -51.329  44.148  -5.785 0.0000000000
40434  -51.135  40.604  -3.249 0.0000000000
40096  -49.023  38.951  -3.445 0.0000000000
39264  -47.693  33.338  -5.527 0.0000000000
39227  -51.165  34.354  -3.184 0.0000000000
42976  -48.785  46.623  -14.958 0.0000000000
42658  -49.784  45.669  -12.762 0.0000000000
42058  -48.998  43.805  -14.996 0.0000000000
40133  -48.953  42.142  -13.926 0.0000000000
38446  -53.851  34.390  1.340 0.0000000000
39201  -52.982  36.343  2.407 0.0000000000
61288  -40.993  54.089  -9.130 0.0000000000
53438  -48.279  52.715  -14.414 0.0000000000
41664  -51.677  41.040  0.047 0.0000000000
42002  -50.638  41.594  -1.983 0.0000000000
44982  -47.132  51.456  -8.752 0.0000000000
44391  -48.723  49.743  -8.307 0.0000000000
42645  -52.033  45.195  -9.200 0.0000000000
57662  -51.906  46.174  -7.127 0.0000000000
61855  -51.783  43.828  -6.809 0.0000000000
41680  -51.600  42.244  -4.779 0.0000000000
41314  -50.993  41.870  -6.208 0.0000000000
40098  -49.992  39.996  -3.522 0.0000000000
60034  -50.627  41.799  -5.807 0.0000000000
56777  -48.204  40.396  -4.628 0.0000000000
44710  -49.599  51.151  -11.119 0.0000000000
44091  -49.467  49.519  -9.507 0.0000000000
43529  -49.767  48.272  -11.041 0.0000000000
42650  -50.985  45.450  -10.991 0.0000000000
41701  -51.338  43.832  -10.205 0.0000000000
40928  -50.622  42.884  -8.658 0.0000000000
40979  -49.928  42.960  -11.768 0.0000000000
40519  -49.013  43.239  -10.715 0.0000000000
56469  -53.209  32.976  -0.024 0.0000000000
38450  -53.433  34.061  -0.108 0.0000000000
39212  -52.502  35.626  -0.330 0.0000000000
45595  -41.188  52.110  -7.859 0.0000000000
45287  -45.055  52.674  -9.304 0.0000000000
45292  -46.921  53.037  -9.702 0.0000000000
45297  -48.917  52.943  -10.687 0.0000000000
44722  -49.308  51.893  -12.862 0.0000000000
60999  -48.656  49.652  -15.471 0.0000000000
43268  -48.034  47.472  -16.577 0.0000000000
43830  -47.213  49.221  -17.011 0.0000000000
40415  -52.856  38.951  1.429 0.0000000000
40066  -52.673  38.550  0.338 0.0000000000
40070  -51.739  38.284  -0.719 0.0000000000
43232  -48.560  45.681  -5.240 0.0000000000
43793  -50.423  47.881  -7.536 0.0000000000
43237  -50.742  46.105  -6.022 0.0000000000
42942  -49.612  44.060  -4.956 0.0000000000
42008  -51.022  42.066  -3.918 0.0000000000
40872  -51.648  40.753  -2.596 0.0000000000
40075  -50.724  37.766  -1.596 0.0000000000
39680  -50.011  36.753  -2.301 0.0000000000
39224  -49.646  35.734  -2.993 0.0000000000
39267  -49.752  33.271  -5.760 0.0000000000
40118  -49.256  41.441  -5.574 0.0000000000
39708  -48.055  37.025  -3.471 0.0000000000
38874  -48.361  32.158  -8.212 0.0000000000
38837  -52.346  33.709  -2.362 0.0000000000
38841  -52.310  33.526  -3.301 0.0000000000
39217  -51.215  35.364  -1.734 0.0000000000
42678  -48.393  45.462  -16.101 0.0000000000
42670  -48.961  45.052  -14.613 0.0000000000
42057  -48.601  44.054  -15.820 0.0000000000
41019  -48.776  42.271  -16.072 0.0000000000
42320  -49.311  42.238  -1.853 0.0000000000
44987  -48.435  51.945  -9.286 0.0000000000
42022  -51.806  44.012  -8.956 0.0000000000
42337  -52.032  44.532  -7.895 0.0000000000
53690  -51.695  43.468  -7.412 0.0000000000
60626  -51.912  42.902  -6.148 0.0000000000
41317  -51.321  42.695  -6.983 0.0000000000
40890  -50.950  42.061  -6.287 0.0000000000
40907  -51.094  42.608  -7.241 0.0000000000
44101  -49.563  50.183  -12.570 0.0000000000
43804  -49.627  49.153  -11.441 0.0000000000
59730  -49.642  48.388  -12.000 0.0000000000
62901  -50.053  44.479  -12.928 0.0000000000
60004  -50.145  45.426  -12.257 0.0000000000
42348  -50.669  44.577  -11.898 0.0000000000
42343  -51.362  44.442  -10.752 0.0000000000
42037  -50.971  44.011  -11.478 0.0000000000
41356  -50.629  43.389  -11.131 0.0000000000
41371  -50.138  43.150  -12.481 0.0000000000
40538  -49.101  43.091  -12.144 0.0000000000
38827  -53.530  35.543  1.067 0.0000000000
38448  -53.643  34.122  0.544 0.0000000000
38829  -53.375  35.351  0.509 0.0000000000
38831  -53.040  35.101  -0.068 0.0000000000
39659  -52.902  36.000  0.288 0.0000000000
45886  -42.097  54.125  -9.807 0.0000000000
45885  -42.014  53.356  -9.226 0.0000000000
45600  -44.535  53.274  -9.675 0.0000000000
52493  -45.871  53.142  -9.688 0.0000000000
45603  -45.307  53.674  -10.062 0.0000000000
45614  -46.960  54.036  -11.668 0.0000000000
45611  -47.742  53.565  -10.675 0.0000000000
45298  -47.896  53.640  -11.347 0.0000000000
45004  -49.090  52.748  -11.900 0.0000000000
45006  -48.682  52.954  -12.725 0.0000000000
44733  -48.191  51.914  -15.480 0.0000000000
44418  -48.611  51.193  -15.159 0.0000000000
54061  -48.397  50.484  -15.698 0.0000000000
43815  -48.357  49.014  -15.978 0.0000000000
43824  -47.967  48.992  -16.456 0.0000000000
43277  -47.507  48.200  -16.955 0.0000000000
44116  -47.328  49.814  -16.852 0.0000000000
41659  -51.352  41.630  2.645 0.0000000000
56572  -51.598  41.292  3.308 0.0000000000
41291  -52.051  40.635  2.852 0.0000000000
40412  -52.589  39.396  2.555 0.0000000000
40861  -52.443  40.164  1.566 0.0000000000
41667  -51.961  40.800  -0.317 0.0000000000
40864  -52.448  39.791  0.308 0.0000000000
40866  -52.251  40.005  -0.504 0.0000000000
56198  -52.411  38.858  -0.231 0.0000000000
53503  -52.064  39.986  -1.215 0.0000000000
43782  -47.417  47.391  -6.340 0.0000000000
43510  -47.033  46.335  -5.231 0.0000000000
43514  -49.050  46.839  -6.144 0.0000000000
52488  -50.208  48.060  -8.813 0.0000000000
44089  -49.894  48.601  -8.617 0.0000000000
43525  -50.865  47.390  -8.350 0.0000000000
42953  -51.562  45.559  -6.355 0.0000000000
43240  -51.604  46.256  -6.649 0.0000000000
42952  -51.240  45.841  -6.175 0.0000000000
43234  -50.173  45.543  -5.681 0.0000000000
42635  -50.875  44.264  -5.605 0.0000000000
42324  -50.342  42.514  -4.069 0.0000000000
42636  -50.896  43.615  -5.316 0.0000000000
41309  -51.390  41.581  -4.082 0.0000000000
41677  -51.361  41.824  -4.120 0.0000000000
40875  -51.471  40.918  -3.125 0.0000000000
40428  -51.472  39.550  -1.826 0.0000000000
40430  -51.207  39.932  -2.492 0.0000000000
39670  -50.339  37.314  -1.931 0.0000000000
40081  -50.308  38.801  -2.392 0.0000000000
40097  -49.428  39.476  -3.417 0.0000000000
40080  -49.557  38.406  -2.868 0.0000000000
39223  -49.194  36.276  -3.014 0.0000000000
39251  -49.810  34.027  -4.679 0.0000000000
39234  -49.124  35.254  -3.553 0.0000000000
40497  -50.250  42.732  -8.512 0.0000000000
61019  -50.377  42.456  -7.544 0.0000000000
54921  -49.824  42.438  -7.506 0.0000000000
39707  -47.571  36.913  -3.684 0.0000000000
54775  -47.875  38.725  -3.837 0.0000000000
39248  -47.907  34.772  -4.162 0.0000000000
39265  -48.369  33.172  -5.796 0.0000000000
38861  -47.870  32.438  -7.294 0.0000000000
38885  -47.834  31.941  -9.729 0.0000000000
60659  -52.993  33.007  -2.588 0.0000000000
38844  -51.331  33.921  -4.057 0.0000000000
43539  -48.969  47.727  -14.349 0.0000000000
43257  -49.382  47.235  -13.031 0.0000000000
42977  -49.010  46.298  -14.135 0.0000000000
53891  -49.308  44.934  -13.907 0.0000000000
41725  -49.637  43.371  -14.034 0.0000000000
40992  -49.889  42.927  -13.162 0.0000000000
41013  -49.417  42.793  -14.568 0.0000000000
37751  -53.559  33.182  1.491 0.0000000000
38444  -53.860  34.587  2.006 0.0000000000
39205  -53.142  36.566  1.731 0.0000000000
46164  -41.930  55.415  -10.528 0.0000000000
45307  -47.646  53.631  -13.573 0.0000000000
45018  -47.294  52.551  -16.155 0.0000000000
44737  -46.996  51.355  -16.648 0.0000000000
41662  -51.701  41.075  0.864 0.0000000000
41997  -51.135  41.389  -0.330 0.0000000000
42000  -51.114  41.323  -1.425 0.0000000000
44083  -48.818  48.913  -7.749 0.0000000000
42961  -51.819  45.936  -9.215 0.0000000000
43526  -51.491  46.842  -8.230 0.0000000000
42958  -52.161  45.763  -8.071 0.0000000000
60136  -52.018  45.139  -7.140 0.0000000000
56675  -51.548  44.173  -6.225 0.0000000000
60986  -51.454  43.056  -5.419 0.0000000000
60427  -51.734  43.407  -6.310 0.0000000000
41683  -51.630  42.569  -5.650 0.0000000000
40876  -50.919  41.068  -4.124 0.0000000000
40433  -50.730  40.236  -3.220 0.0000000000
40880  -51.070  41.710  -5.199 0.0000000000
40447  -50.387  41.240  -4.784 0.0000000000
40109  -49.850  40.634  -4.385 0.0000000000
40479  -48.649  41.885  -6.228 0.0000000000
43226  -47.112  44.622  -3.543 0.0000000000
63348  -49.325  51.601  -10.231 0.0000000000
44696  -49.037  51.112  -9.492 0.0000000000
44399  -49.360  50.443  -10.060 0.0000000000
60975  -49.640  48.929  -10.477 0.0000000000
43528  -50.363  47.511  -9.899 0.0000000000
53693  -49.712  47.361  -12.179 0.0000000000
43254  -50.241  46.815  -11.097 0.0000000000
42963  -51.318  46.224  -9.839 0.0000000000
42648  -51.751  45.055  -9.953 0.0000000000
42340  -51.859  44.492  -9.585 0.0000000000
41692  -51.494  43.708  -9.276 0.0000000000
40929  -51.013  42.974  -8.212 0.0000000000
41334  -50.909  43.200  -9.236 0.0000000000
40947  -50.554  43.120  -9.893 0.0000000000
40509  -50.005  42.972  -10.345 0.0000000000
40540  -49.847  42.965  -12.377 0.0000000000
40521  -49.733  43.040  -11.213 0.0000000000
38108  -53.524  33.598  0.395 0.0000000000
38109  -53.425  33.640  -0.154 0.0000000000
62638  -53.203  33.127  -1.277 0.0000000000
58549  -52.807  34.006  -1.129 0.0000000000
38833  -52.673  34.734  -0.712 0.0000000000
39215  -52.114  35.204  -0.950 0.0000000000
45278  -43.257  51.244  -7.971 0.0000000000
45282  -42.622  51.977  -8.377 0.0000000000
44980  -44.656  51.337  -8.359 0.0000000000
45284  -45.548  52.061  -8.936 0.0000000000
45289  -47.378  52.593  -9.415 0.0000000000
44990  -48.148  52.500  -9.475 0.0000000000
45891  -45.315  54.102  -10.433 0.0000000000
45892  -46.315  53.716  -10.248 0.0000000000
45605  -47.964  53.248  -10.174 0.0000000000
44999  -49.126  52.497  -10.345 0.0000000000
44709  -49.542  51.846  -11.210 0.0000000000
44406  -49.554  51.351  -12.436 0.0000000000
44100  -49.448  50.508  -13.239 0.0000000000
59528  -48.746  52.189  -14.066 0.0000000000
44413  -49.240  50.984  -13.814 0.0000000000
43808  -49.197  49.353  -14.076 0.0000000000
43538  -48.838  48.276  -14.952 0.0000000000
43269  -48.296  47.031  -16.313 0.0000000000
42995  -47.564  46.335  -17.223 0.0000000000
62776  -47.294  46.628  -17.278 0.0000000000
44435  -47.038  50.342  -17.079 0.0000000000
40061  -52.952  38.318  1.714 0.0000000000
40064  -52.939  38.188  1.071 0.0000000000
41295  -52.369  40.235  0.749 0.0000000000
40418  -52.695  39.086  0.694 0.0000000000
39655  -52.777  37.593  0.561 0.0000000000
39658  -52.416  37.492  0.098 0.0000000000
39661  -51.978  37.355  -0.325 0.0000000000
39664  -51.475  37.153  -0.809 0.0000000000
42940  -48.007  44.305  -4.076 0.0000000000
56478  -49.282  49.592  -8.698 0.0000000000
61313  -49.505  49.125  -8.199 0.0000000000
43787  -49.882  47.867  -7.044 0.0000000000
43522  -51.205  47.159  -7.309 0.0000000000
43519  -50.819  47.190  -6.736 0.0000000000
43515  -49.940  46.883  -6.198 0.0000000000
43236  -50.130  46.284  -5.900 0.0000000000
42945  -49.505  44.882  -5.260 0.0000000000
42632  -49.113  43.255  -4.015 0.0000000000
42323  -49.637  42.392  -3.226 0.0000000000
42003  -50.903  41.540  -2.461 0.0000000000
41672  -51.613  41.168  -2.386 0.0000000000
42009  -51.167  42.258  -4.030 0.0000000000
41675  -51.475  41.354  -3.262 0.0000000000
40870  -51.807  40.390  -1.999 0.0000000000
53114  -51.800  39.867  -1.702 0.0000000000
40073  -51.223  38.337  -1.263 0.0000000000
39667  -51.021  36.773  -1.292 0.0000000000
39671  -50.694  36.234  -1.782 0.0000000000
39221  -50.504  35.622  -2.317 0.0000000000
39237  -50.765  34.232  -3.951 0.0000000000
54036  -49.897  38.547  -2.626 0.0000000000
39225  -50.058  35.364  -2.956 0.0000000000
39253  -50.929  33.787  -4.889 0.0000000000
39252  -50.403  33.913  -4.822 0.0000000000
38864  -50.179  32.648  -6.968 0.0000000000
40906  -50.782  42.542  -7.486 0.0000000000
53658  -49.607  41.051  -4.998 0.0000000000
40108  -48.991  40.105  -4.174 0.0000000000
40117  -48.776  41.300  -5.432 0.0000000000
40107  -48.456  39.831  -4.124 0.0000000000
39694  -48.543  38.266  -3.484 0.0000000000
39266  -49.071  33.268  -5.667 0.0000000000
38836  -51.697  34.230  -2.454 0.0000000000
42379  -48.285  44.634  -16.298 0.0000000000
56622  -48.562  44.783  -15.749 0.0000000000
53741  -48.239  44.017  -16.459 0.0000000000
42630  -48.772  42.770  -2.757 0.0000000000
44691  -48.653  51.253  -9.109 0.0000000000
44692  -48.903  51.049  -9.195 0.0000000000
42020  -51.852  43.981  -8.108 0.0000000000
52952  -51.560  43.153  -7.437 0.0000000000
41324  -51.269  43.024  -7.865 0.0000000000
43806  -49.462  48.847  -12.761 0.0000000000
57541  -49.554  49.375  -12.300 0.0000000000
42048  -50.119  44.124  -12.930 0.0000000000
42354  -50.372  44.386  -12.459 0.0000000000
53887  -50.638  44.134  -12.056 0.0000000000
41713  -50.445  43.502  -12.025 0.0000000000
41364  -50.434  43.364  -11.760 0.0000000000
37442  -53.221  32.919  0.853 0.0000000000
45887  -43.782  53.845  -10.032 0.0000000000
45616  -46.750  54.145  -12.363 0.0000000000
45903  -46.085  54.408  -11.939 0.0000000000
45301  -48.395  53.353  -12.063 0.0000000000
45303  -48.029  53.464  -12.869 0.0000000000
44732  -48.100  51.216  -15.871 0.0000000000
44427  -48.178  50.639  -15.960 0.0000000000
44111  -48.139  49.808  -16.183 0.0000000000
44110  -47.651  50.264  -16.532 0.0000000000
44117  -47.740  49.579  -16.614 0.0000000000
41989  -51.060  41.859  2.001 0.0000000000
41290  -51.776  41.105  2.547 0.0000000000
41293  -52.113  40.672  2.070 0.0000000000
41670  -51.859  40.852  -0.864 0.0000000000
41300  -52.122  40.518  -0.715 0.0000000000
61956  -52.189  39.970  -0.905 0.0000000000
40868  -52.067  40.339  -1.169 0.0000000000
44077  -48.210  47.937  -6.916 0.0000000000
43783  -48.645  47.370  -6.532 0.0000000000
43527  -50.575  47.473  -9.135 0.0000000000
42640  -51.564  44.894  -6.318 0.0000000000
42949  -51.277  45.025  -5.996 0.0000000000
42948  -50.728  45.159  -5.781 0.0000000000
40877  -51.339  41.093  -4.083 0.0000000000
40082  -50.803  39.601  -2.569 0.0000000000
39677  -49.144  37.955  -2.973 0.0000000000
39695  -48.771  37.142  -3.118 0.0000000000
40496  -49.907  42.803  -9.104 0.0000000000
40480  -49.242  42.143  -6.899 0.0000000000
39247  -47.349  34.843  -4.187 0.0000000000
38860  -47.169  32.543  -6.909 0.0000000000
38113  -53.011  33.260  -1.741 0.0000000000
38845  -51.910  33.653  -4.107 0.0000000000
43263  -48.916  47.044  -14.456 0.0000000000
42375  -48.811  44.528  -15.139 0.0000000000
42369  -49.144  44.335  -14.367 0.0000000000
42361  -49.679  44.276  -13.575 0.0000000000
42053  -49.415  43.712  -14.189 0.0000000000
52503  -49.738  43.208  -14.185 0.0000000000
41387  -49.160  43.014  -15.179 0.0000000000
53829  -48.851  42.054  -15.370 0.0000000000
38442  -53.835  34.060  2.568 0.0000000000
39203  -53.467  35.740  1.614 0.0000000000
46161  -41.351  55.187  -9.993 0.0000000000
57293  -47.343  52.970  -15.752 0.0000000000
45321  -46.832  53.200  -16.189 0.0000000000
42321  -50.061  41.861  -1.999 0.0000000000
41999  -50.565  41.615  -1.116 0.0000000000
44981  -45.972  51.419  -8.593 0.0000000000
54606  -52.086  45.682  -8.694 0.0000000000
57294  -52.176  45.129  -8.375 0.0000000000
42335  -51.923  44.488  -7.162 0.0000000000
57932  -52.139  45.134  -7.665 0.0000000000
42642  -51.792  44.725  -6.713 0.0000000000
42333  -51.729  44.022  -6.560 0.0000000000
42331  -51.492  43.819  -5.958 0.0000000000
41315  -51.550  42.409  -5.771 0.0000000000
41312  -51.532  41.765  -5.062 0.0000000000
40881  -51.334  41.836  -5.030 0.0000000000
40465  -50.829  41.708  -5.501 0.0000000000
44705  -49.443  51.282  -10.537 0.0000000000
44401  -49.527  50.554  -10.731 0.0000000000
43802  -49.923  48.085  -10.314 0.0000000000
43530  -50.092  47.501  -10.650 0.0000000000
42973  -49.316  46.400  -13.273 0.0000000000
42971  -49.704  46.529  -12.519 0.0000000000
42654  -50.533  45.280  -11.762 0.0000000000
53851  -50.460  46.027  -11.395 0.0000000000
42966  -50.859  46.150  -10.644 0.0000000000
42647  -51.400  45.572  -10.301 0.0000000000
42031  -51.278  44.063  -10.856 0.0000000000
42026  -51.589  44.221  -10.237 0.0000000000
57402  -51.677  44.092  -9.683 0.0000000000
41348  -51.130  43.492  -9.734 0.0000000000
40965  -50.425  43.182  -10.923 0.0000000000
40964  -50.077  42.967  -10.655 0.0000000000
60207  -49.551  42.700  -13.341 0.0000000000
60897  -49.448  42.828  -12.998 0.0000000000
55849  -48.797  43.234  -11.854 0.0000000000
56186  -53.917  34.041  1.852 0.0000000000
38107  -53.754  33.718  1.202 0.0000000000
38111  -53.306  33.283  -0.730 0.0000000000
38452  -53.223  33.632  -0.774 0.0000000000
45276  -40.675  51.611  -6.491 0.0000000000
45277  -41.863  51.237  -7.371 0.0000000000
46154  -40.003  54.790  -8.516 0.0000000000
45597  -43.402  52.761  -9.170 0.0000000000
45283  -44.123  52.018  -8.746 0.0000000000
45288  -46.354  52.625  -9.359 0.0000000000
45293  -47.751  52.952  -9.744 0.0000000000
45895  -46.120  54.083  -10.678 0.0000000000
45296  -48.392  53.294  -10.692 0.0000000000
45295  -48.683  52.908  -10.215 0.0000000000
45002  -49.273  52.566  -11.052 0.0000000000
45007  -49.135  52.448  -12.579 0.0000000000
44715  -49.471  52.031  -12.045 0.0000000000
44410  -49.550  50.810  -12.703 0.0000000000
44409  -49.406  51.224  -13.119 0.0000000000
45311  -47.732  53.363  -14.286 0.0000000000
45009  -48.297  53.057  -13.585 0.0000000000
44106  -48.763  50.396  -15.132 0.0000000000
44412  -48.923  51.488  -14.348 0.0000000000
44419  -49.014  50.704  -14.538 0.0000000000
44103  -49.270  50.186  -13.946 0.0000000000
44107  -49.021  49.908  -14.694 0.0000000000
43812  -48.950  49.094  -14.845 0.0000000000
43811  -48.639  48.773  -15.484 0.0000000000
43544  -48.224  48.270  -16.231 0.0000000000
43545  -48.352  47.569  -16.147 0.0000000000
42983  -48.346  46.373  -16.205 0.0000000000
42982  -48.092  46.642  -16.644 0.0000000000
53068  -47.867  46.887  -16.876 0.0000000000
43559  -47.260  48.548  -17.042 0.0000000000
43284  -47.329  47.608  -17.097 0.0000000000
43283  -47.018  47.057  -17.192 0.0000000000
43558  -47.047  48.156  -17.113 0.0000000000
40410  -52.579  38.683  2.675 0.0000000000
40859  -52.697  39.534  1.862 0.0000000000
40413  -52.815  38.828  2.101 0.0000000000
39652  -52.997  37.562  1.668 0.0000000000
59975  -52.080  40.677  1.243 0.0000000000
41297  -52.055  40.703  0.409 0.0000000000
60972  -52.523  38.178  0.105 0.0000000000
55733  -52.102  39.032  -0.720 0.0000000000
40067  -52.195  38.253  -0.259 0.0000000000
43511  -48.281  46.251  -5.608 0.0000000000
43229  -47.782  45.090  -4.504 0.0000000000
44397  -49.209  50.224  -9.381 0.0000000000
44395  -49.006  50.387  -9.027 0.0000000000
44088  -49.509  49.291  -8.924 0.0000000000
61254  -50.161  48.211  -7.987 0.0000000000
44086  -49.692  48.873  -8.313 0.0000000000
43792  -49.967  48.460  -7.790 0.0000000000
43789  -49.881  48.266  -7.521 0.0000000000
43790  -50.359  47.779  -7.203 0.0000000000
43245  -51.895  46.427  -7.747 0.0000000000
43524  -51.360  47.043  -7.735 0.0000000000
43243  -51.626  46.724  -7.206 0.0000000000
43239  -51.127  46.592  -6.400 0.0000000000
43516  -50.596  46.800  -6.276 0.0000000000
43518  -50.288  47.354  -6.646 0.0000000000
42946  -50.102  44.803  -5.450 0.0000000000
42941  -48.845  44.123  -4.555 0.0000000000
42633  -49.885  43.220  -4.543 0.0000000000
42006  -50.811  41.976  -3.550 0.0000000000
41671  -51.118  41.544  -2.929 0.0000000000
42011  -51.107  42.799  -4.705 0.0000000000
42012  -51.444  42.352  -4.876 0.0000000000
41307  -51.495  41.224  -3.311 0.0000000000
41305  -51.637  40.954  -2.532 0.0000000000
52171  -51.009  39.049  -1.929 0.0000000000
39226  -50.547  34.873  -3.024 0.0000000000
40099  -50.321  39.819  -3.095 0.0000000000
39679  -49.662  36.977  -2.557 0.0000000000
39236  -50.257  34.505  -3.856 0.0000000000
40481  -49.871  41.919  -6.293 0.0000000000
39709  -48.536  35.979  -3.434 0.0000000000
39249  -48.468  34.503  -4.233 0.0000000000
63083  -48.415  32.543  -7.107 0.0000000000
38862  -48.849  32.598  -6.985 0.0000000000
38875  -49.068  32.184  -8.059 0.0000000000
38835  -52.387  34.269  -1.425 0.0000000000
42979  -48.625  46.097  -15.544 0.0000000000
42980  -48.859  45.807  -14.798 0.0000000000
42674  -48.707  45.282  -15.333 0.0000000000
41737  -48.805  43.348  -15.676 0.0000000000
41396  -48.806  43.259  -15.972 0.0000000000
41402  -48.662  42.388  -16.293 0.0000000000
44986  -47.744  52.063  -9.147 0.0000000000
44690  -48.053  51.396  -8.937 0.0000000000
44394  -48.846  50.497  -8.837 0.0000000000
55286  -52.040  44.520  -8.702 0.0000000000
42018  -51.829  44.035  -7.300 0.0000000000
41682  -51.745  43.343  -6.667 0.0000000000
41684  -51.618  42.925  -6.625 0.0000000000
40483  -50.875  42.154  -6.513 0.0000000000
44404  -49.631  50.625  -11.419 0.0000000000
44095  -49.570  49.863  -11.019 0.0000000000
44097  -49.617  50.004  -11.813 0.0000000000
42362  -49.731  44.952  -13.194 0.0000000000
55153  -50.199  44.931  -12.465 0.0000000000
42342  -51.034  44.791  -11.233 0.0000000000
42038  -51.021  44.260  -11.384 0.0000000000
61264  -51.101  43.788  -10.920 0.0000000000
41700  -51.138  43.694  -10.601 0.0000000000
41708  -51.002  43.800  -11.205 0.0000000000
40980  -50.104  43.025  -11.841 0.0000000000
40554  -49.007  42.849  -12.901 0.0000000000
55296  -53.748  35.062  1.507 0.0000000000
55528  -53.671  34.854  0.862 0.0000000000
56414  -53.462  34.640  0.212 0.0000000000
57774  -53.140  34.341  -0.412 0.0000000000
45878  -40.058  52.483  -7.144 0.0000000000
45599  -43.227  53.449  -9.648 0.0000000000
61984  -46.414  53.400  -9.943 0.0000000000
45899  -46.195  54.257  -11.268 0.0000000000
45610  -47.056  53.889  -10.961 0.0000000000
45299  -48.741  53.162  -11.275 0.0000000000
56907  -48.133  52.475  -15.115 0.0000000000
44730  -48.540  52.029  -14.794 0.0000000000
43553  -47.807  48.253  -16.699 0.0000000000
43278  -47.669  47.584  -16.912 0.0000000000
43823  -47.536  48.954  -16.847 0.0000000000
42308  -50.401  42.416  2.152 0.0000000000
41987  -50.803  42.208  2.770 0.0000000000
40858  -52.410  40.076  2.355 0.0000000000
41298  -52.246  40.355  -0.045 0.0000000000
40421  -52.444  39.331  -0.037 0.0000000000
40424  -52.226  39.597  -0.688 0.0000000000
40426  -52.052  39.606  -1.134 0.0000000000
43778  -47.872  46.804  -5.984 0.0000000000
43797  -49.774  48.768  -9.196 0.0000000000
63074  -49.655  49.038  -9.075 0.0000000000
43795  -50.370  47.958  -8.253 0.0000000000
43523  -50.761  47.576  -7.719 0.0000000000
57933  -51.847  45.529  -6.798 0.0000000000
55845  -50.307  44.162  -5.302 0.0000000000
42327  -50.526  43.395  -5.010 0.0000000000
42328  -50.846  42.750  -4.670 0.0000000000
61906  -51.516  41.085  -3.212 0.0000000000
55002  -51.549  40.111  -2.328 0.0000000000
62805  -50.607  38.578  -2.019 0.0000000000
39678  -49.382  37.084  -2.745 0.0000000000
39235  -49.726  34.803  -3.732 0.0000000000
39250  -49.151  34.212  -4.448 0.0000000000
38873  -47.663  32.031  -8.834 0.0000000000
37758  -53.110  33.166  -1.936 0.0000000000
43536  -49.149  47.912  -13.602 0.0000000000
43259  -49.073  47.105  -13.794 0.0000000000
42663  -49.321  45.613  -13.554 0.0000000000
63195  -49.056  45.528  -14.187 0.0000000000
42047  -49.748  44.131  -13.638 0.0000000000
41726  -50.084  43.453  -13.195 0.0000000000
60396  -50.021  42.782  -13.076 0.0000000000
41380  -49.932  43.092  -13.516 0.0000000000
41003  -49.488  42.620  -14.000 0.0000000000
40566  -49.088  41.859  -14.180 0.0000000000
41012  -49.019  42.428  -15.265 0.0000000000
57689  -48.974  41.805  -14.998 0.0000000000
38106  -53.831  33.528  2.058 0.0000000000
38822  -53.675  34.750  2.553 0.0000000000
39206  -53.322  36.274  1.170 0.0000000000
46158  -40.674  55.033  -9.298 0.0000000000
46162  -42.811  54.521  -10.339 0.0000000000
45621  -47.386  53.866  -12.994 0.0000000000
45011  -47.674  53.055  -15.107 0.0000000000
45014  -47.774  52.512  -15.653 0.0000000000
52450  -47.690  51.893  -16.036 0.0000000000
44736  -47.126  51.930  -16.438 0.0000000000
45017  -46.755  52.624  -16.531 0.0000000000
41666  -51.609  41.039  -0.800 0.0000000000
63062  -48.790  48.372  -7.302 0.0000000000
42960  -51.489  46.483  -9.195 0.0000000000
43248  -51.828  46.330  -8.573 0.0000000000
42956  -52.118  45.724  -7.396 0.0000000000
61178  -51.441  43.639  -5.779 0.0000000000
42015  -51.765  43.112  -5.549 0.0000000000
62012  -51.833  43.164  -6.178 0.0000000000
40448  -50.651  40.947  -4.167 0.0000000000
61274  -49.363  40.141  -4.053 0.0000000000
40116  -47.960  40.721  -4.879 0.0000000000
40106  -47.636  38.930  -3.987 0.0000000000
39706  -47.159  36.969  -3.842 0.0000000000
39263  -47.118  33.399  -5.368 0.0000000000
44699  -49.152  51.833  -9.959 0.0000000000
44700  -49.239  51.128  -9.942 0.0000000000
44093  -49.512  49.760  -10.251 0.0000000000
43799  -49.626  49.063  -9.779 0.0000000000
43800  -49.940  48.247  -9.617 0.0000000000
43534  -49.435  48.086  -12.839 0.0000000000
43532  -49.869  47.567  -11.421 0.0000000000
42972  -50.094  45.911  -12.076 0.0000000000
42968  -50.001  46.612  -11.805 0.0000000000
43252  -50.650  46.852  -10.264 0.0000000000
43250  -50.975  46.920  -9.520 0.0000000000
42964  -51.732  45.601  -9.717 0.0000000000
42651  -51.410  44.961  -10.582 0.0000000000
60638  -51.641  44.600  -10.229 0.0000000000
41335  -51.258  43.340  -8.765 0.0000000000
41347  -50.793  43.326  -10.253 0.0000000000
40927  -50.289  42.928  -9.560 0.0000000000
40993  -49.972  42.924  -12.617 0.0000000000
40539  -49.610  42.984  -12.215 0.0000000000
40522  -49.975  43.013  -11.402 0.0000000000
37753  -53.426  33.289  0.618 0.0000000000
62233  -53.323  33.235  -0.308 0.0000000000
37756  -53.236  33.006  -1.173 0.0000000000
38454  -52.691  33.613  -1.838 0.0000000000
60547  -41.914  52.649  -8.709 0.0000000000
44985  -46.767  52.091  -9.040 0.0000000000
44991  -48.622  52.332  -9.550 0.0000000000
45604  -47.162  53.351  -10.016 0.0000000000
45607  -47.122  53.655  -10.411 0.0000000000
44994  -48.417  52.773  -9.790 0.0000000000
44995  -48.876  52.407  -9.844 0.0000000000
44704  -49.382  51.983  -10.529 0.0000000000
62648  -49.412  52.338  -11.548 0.0000000000
44403  -49.639  51.312  -11.724 0.0000000000
44407  -49.635  50.729  -12.116 0.0000000000
44104  -49.428  49.607  -13.204 0.0000000000
44721  -48.871  52.438  -13.330 0.0000000000
44727  -49.128  51.724  -13.604 0.0000000000
43809  -49.063  48.527  -14.221 0.0000000000
43262  -48.776  47.457  -15.035 0.0000000000
62944  -48.456  48.526  -15.868 0.0000000000
43541  -48.556  47.998  -15.665 0.0000000000
43265  -48.543  47.030  -15.728 0.0000000000
42989  -48.118  45.885  -16.643 0.0000000000
63087  -47.541  47.021  -17.100 0.0000000000
44430  -47.190  50.661  -16.730 0.0000000000
44124  -47.042  49.683  -17.010 0.0000000000
39650  -52.892  37.109  2.121 0.0000000000
40058  -52.758  37.952  2.243 0.0000000000
39653  -53.116  37.152  1.146 0.0000000000
40862  -52.634  39.645  1.099 0.0000000000
39656  -52.994  36.630  0.748 0.0000000000
60234  -52.680  36.861  0.359 0.0000000000
39662  -52.376  36.589  -0.041 0.0000000000
39211  -51.941  36.272  -0.557 0.0000000000
39214  -51.522  35.866  -1.122 0.0000000000
44392  -49.134  49.746  -8.505 0.0000000000
44084  -49.428  48.944  -7.978 0.0000000000
44081  -49.426  48.388  -7.435 0.0000000000
43521  -50.876  47.470  -7.182 0.0000000000
43242  -51.276  46.951  -6.872 0.0000000000
43784  -49.609  47.402  -6.579 0.0000000000
43512  -49.332  46.307  -5.772 0.0000000000
43233  -49.459  45.652  -5.516 0.0000000000
43230  -48.699  44.952  -4.949 0.0000000000
42005  -50.413  41.902  -2.909 0.0000000000
41669  -51.522  41.095  -1.829 0.0000000000
62905  -51.763  40.927  -1.643 0.0000000000
42329  -51.236  43.270  -5.352 0.0000000000
41303  -51.867  40.720  -1.804 0.0000000000
54780  -51.742  39.185  -1.244 0.0000000000
39222  -51.088  34.838  -2.416 0.0000000000
38853  -50.954  33.354  -5.754 0.0000000000
39268  -50.396  33.308  -5.803 0.0000000000
40482  -50.520  42.102  -6.562 0.0000000000
40464  -50.191  41.542  -5.486 0.0000000000
38863  -49.488  32.654  -6.908 0.0000000000
40143  -48.626  41.914  -15.540 0.0000000000
41002  -49.076  42.309  -14.718 0.0000000000
41379  -50.093  43.129  -13.897 0.0000000000
41395  -48.848  42.527  -15.939 0.0000000000
41719  -50.135  43.277  -12.785 0.0000000000
42064  -48.434  43.484  -16.345 0.0000000000
61125  -49.927  47.082  -11.616 0.0000000000
61268  -49.218  43.192  -14.834 0.0000000000
62430  -48.567  52.618  -13.852 0.0000000000
62827  -48.730  41.970  -15.972 0.0000000000
