#!ascii label  , from subject sub-1015 vox2ras=TkReg
873
28711  -33.633  9.657  39.287 0.0000000000
30774  -50.429  15.233  25.676 0.0000000000
29925  -41.698  12.750  32.792 0.0000000000
26574  -3.217  4.950  41.270 0.0000000000
27398  -23.797  6.573  41.500 0.0000000000
30286  -4.230  14.115  41.515 0.0000000000
29444  -6.475  13.297  43.854 0.0000000000
30336  -47.032  14.380  30.538 0.0000000000
52427  -3.902  14.852  35.572 0.0000000000
26114  -8.176  3.735  47.680 0.0000000000
28290  -36.416  8.546  38.398 0.0000000000
27836  -32.079  7.932  40.876 0.0000000000
28269  -30.050  7.546  39.330 0.0000000000
31185  -51.870  15.873  22.698 0.0000000000
29935  -44.588  13.591  31.441 0.0000000000
52474  -22.757  5.051  42.732 0.0000000000
31980  -7.972  17.057  39.818 0.0000000000
28682  -4.891  9.684  40.034 0.0000000000
28716  -3.509  9.017  37.885 0.0000000000
27004  -1.766  6.230  39.682 0.0000000000
52817  -13.902  7.077  46.393 0.0000000000
54383  -11.696  7.197  46.815 0.0000000000
29917  -39.435  12.544  35.089 0.0000000000
28691  -24.421  7.941  38.617 0.0000000000
27400  -26.680  5.010  39.391 0.0000000000
29874  -4.443  13.924  43.292 0.0000000000
53669  -6.586  9.483  39.703 0.0000000000
30766  -49.263  14.675  28.097 0.0000000000
52792  -16.769  5.677  44.070 0.0000000000
52036  -20.415  5.275  42.994 0.0000000000
30297  -4.085  14.412  37.927 0.0000000000
28732  -2.387  9.744  35.618 0.0000000000
29044  -10.974  11.130  41.277 0.0000000000
60811  -9.931  6.851  42.867 0.0000000000
26537  -5.492  3.491  44.852 0.0000000000
29090  -34.816  10.193  38.706 0.0000000000
28279  -33.826  8.915  40.178 0.0000000000
28287  -34.944  9.296  39.296 0.0000000000
60079  -32.394  8.829  40.501 0.0000000000
27837  -33.194  7.932  40.787 0.0000000000
28704  -31.741  8.931  39.741 0.0000000000
31179  -51.206  15.296  24.001 0.0000000000
30349  -50.443  13.956  26.478 0.0000000000
30776  -51.020  14.581  24.907 0.0000000000
30781  -51.631  14.724  23.569 0.0000000000
29930  -43.113  13.067  31.882 0.0000000000
29517  -41.239  11.733  33.396 0.0000000000
29521  -42.335  11.900  32.545 0.0000000000
29524  -43.780  12.442  31.813 0.0000000000
27829  -3.772  7.152  39.926 0.0000000000
27828  -2.244  7.185  40.001 0.0000000000
26581  -2.349  5.168  40.629 0.0000000000
60631  -1.952  4.128  40.574 0.0000000000
26162  -2.782  3.715  41.542 0.0000000000
26535  -14.542  4.565  45.333 0.0000000000
26528  -12.840  4.805  46.947 0.0000000000
29913  -38.436  12.488  36.208 0.0000000000
28720  -37.221  10.167  37.325 0.0000000000
28721  -37.450  9.526  37.133 0.0000000000
29100  -38.249  10.896  36.588 0.0000000000
29103  -39.350  11.027  35.513 0.0000000000
28699  -24.801  7.843  37.162 0.0000000000
53671  -30.626  6.445  40.935 0.0000000000
27824  -29.428  6.395  39.585 0.0000000000
30792  -53.435  15.440  20.500 0.0000000000
31198  -54.447  16.048  19.087 0.0000000000
29461  -5.440  13.140  43.629 0.0000000000
28672  -5.677  11.675  42.023 0.0000000000
28673  -6.984  11.088  41.462 0.0000000000
30339  -48.053  14.521  29.678 0.0000000000
61353  -46.663  12.530  30.901 0.0000000000
29942  -47.685  13.337  30.292 0.0000000000
56717  -48.835  13.682  29.084 0.0000000000
27797  -16.313  8.183  44.893 0.0000000000
27384  -17.744  7.515  44.155 0.0000000000
31110  -4.559  16.248  40.474 0.0000000000
31532  -4.762  16.178  39.431 0.0000000000
62907  -4.280  14.271  40.101 0.0000000000
27853  -1.954  7.529  37.768 0.0000000000
28728  -2.706  9.229  36.515 0.0000000000
28299  -2.071  8.097  36.772 0.0000000000
29046  -13.131  10.615  42.344 0.0000000000
26948  -10.119  5.880  47.633 0.0000000000
54553  -10.492  6.846  44.973 0.0000000000
26964  -8.551  5.550  46.189 0.0000000000
26970  -7.984  5.544  44.372 0.0000000000
26529  -6.978  4.052  46.455 0.0000000000
28715  -36.178  9.713  38.299 0.0000000000
28701  -28.648  7.250  36.960 0.0000000000
28702  -30.143  7.945  38.345 0.0000000000
27834  -30.737  7.619  40.305 0.0000000000
31607  -52.597  16.256  21.200 0.0000000000
54208  -52.448  14.948  22.397 0.0000000000
53324  -45.884  13.636  31.238 0.0000000000
29529  -45.233  12.627  31.424 0.0000000000
26983  -24.497  5.600  40.466 0.0000000000
26979  -23.300  6.010  42.439 0.0000000000
62099  -5.198  15.840  36.734 0.0000000000
29068  -4.969  11.108  40.775 0.0000000000
58346  -5.174  11.684  39.366 0.0000000000
28275  -3.800  8.979  39.019 0.0000000000
27845  -1.868  7.130  39.308 0.0000000000
27010  -1.366  6.080  38.811 0.0000000000
28223  -13.957  8.210  46.219 0.0000000000
28226  -12.923  8.209  45.586 0.0000000000
27364  -12.638  6.900  47.090 0.0000000000
26950  -11.235  5.791  47.822 0.0000000000
29921  -40.466  12.586  33.872 0.0000000000
29512  -40.052  11.573  34.600 0.0000000000
28259  -24.224  7.313  40.035 0.0000000000
28267  -27.393  6.258  37.871 0.0000000000
27822  -26.192  5.766  38.714 0.0000000000
27399  -25.127  5.429  39.908 0.0000000000
31105  -4.570  15.672  41.347 0.0000000000
31096  -4.952  15.605  42.272 0.0000000000
29878  -4.400  13.616  42.369 0.0000000000
29061  -4.962  12.288  42.275 0.0000000000
28248  -5.081  9.394  39.649 0.0000000000
27405  -4.619  6.780  40.090 0.0000000000
30769  -49.875  14.958  26.891 0.0000000000
55696  -49.614  13.693  27.995 0.0000000000
27796  -15.454  8.361  45.376 0.0000000000
26960  -15.002  6.210  45.267 0.0000000000
26128  -16.069  3.441  45.669 0.0000000000
26978  -22.525  6.016  43.200 0.0000000000
54513  -21.406  7.116  43.435 0.0000000000
53215  -19.252  7.002  43.520 0.0000000000
26551  -18.258  5.166  43.489 0.0000000000
26137  -17.379  3.709  44.794 0.0000000000
32429  -6.276  18.841  40.996 0.0000000000
31976  -5.017  16.103  38.676 0.0000000000
30730  -3.801  14.767  36.508 0.0000000000
29890  -4.850  12.215  37.863 0.0000000000
29910  -4.112  12.698  36.553 0.0000000000
29514  -3.596  12.643  35.549 0.0000000000
29042  -8.523  12.212  42.255 0.0000000000
28650  -12.262  8.264  43.780 0.0000000000
28235  -10.599  8.396  41.620 0.0000000000
28656  -8.604  10.527  41.144 0.0000000000
56076  -8.746  6.825  40.938 0.0000000000
26976  -6.376  5.550  42.048 0.0000000000
26556  -4.279  3.984  43.133 0.0000000000
63044  -7.137  2.284  47.979 0.0000000000
25707  -5.470  2.316  46.821 0.0000000000
26148  -3.196  2.825  43.085 0.0000000000
29089  -34.093  10.064  38.604 0.0000000000
29081  -33.194  9.701  38.891 0.0000000000
28707  -33.659  9.434  39.788 0.0000000000
28712  -34.194  9.806  39.272 0.0000000000
28706  -33.012  9.470  39.691 0.0000000000
28278  -33.033  9.058  40.320 0.0000000000
29080  -32.315  9.369  39.232 0.0000000000
28705  -32.375  9.158  40.078 0.0000000000
30779  -50.836  15.032  24.951 0.0000000000
30351  -50.516  14.444  26.134 0.0000000000
30352  -50.713  14.130  25.868 0.0000000000
30775  -50.810  14.540  25.501 0.0000000000
29929  -42.269  13.126  32.107 0.0000000000
30321  -41.387  13.360  32.339 0.0000000000
29110  -41.765  11.307  32.970 0.0000000000
29520  -41.763  12.075  32.909 0.0000000000
29926  -42.500  12.534  32.363 0.0000000000
26989  -3.523  5.794  40.690 0.0000000000
59863  -2.958  6.154  40.262 0.0000000000
26582  -2.824  4.934  41.034 0.0000000000
62762  -2.657  4.512  41.136 0.0000000000
26573  -3.100  4.134  41.659 0.0000000000
25710  -14.767  3.117  46.394 0.0000000000
26121  -13.894  3.479  46.584 0.0000000000
29502  -37.469  11.454  37.014 0.0000000000
29098  -37.651  10.824  36.982 0.0000000000
29503  -37.996  11.357  36.751 0.0000000000
29506  -38.552  11.619  36.339 0.0000000000
31192  -53.611  15.836  20.173 0.0000000000
31195  -53.889  15.726  19.801 0.0000000000
31615  -54.447  16.669  19.009 0.0000000000
29870  -5.687  13.528  43.973 0.0000000000
29056  -6.236  12.069  42.629 0.0000000000
29057  -6.837  11.910  42.494 0.0000000000
30761  -47.794  15.164  29.542 0.0000000000
29941  -47.118  13.651  30.657 0.0000000000
29535  -47.155  12.936  30.670 0.0000000000
30337  -47.642  14.074  30.202 0.0000000000
29945  -48.260  13.712  29.728 0.0000000000
27802  -18.030  8.957  44.523 0.0000000000
27803  -18.976  8.729  44.386 0.0000000000
27819  -23.533  7.944  42.027 0.0000000000
27817  -23.505  7.234  42.225 0.0000000000
31550  -4.618  15.308  35.181 0.0000000000
30701  -4.276  14.647  41.179 0.0000000000
30707  -4.486  15.427  40.173 0.0000000000
30290  -4.231  14.183  40.866 0.0000000000
27429  -1.504  6.932  37.727 0.0000000000
27857  -1.859  7.653  37.345 0.0000000000
52371  -1.601  7.088  36.670 0.0000000000
29451  -13.322  11.900  42.404 0.0000000000
29047  -13.862  10.589  43.085 0.0000000000
26523  -9.272  4.817  47.621 0.0000000000
26956  -9.181  5.696  47.105 0.0000000000
26531  -8.281  4.741  47.050 0.0000000000
26954  -8.078  4.995  46.522 0.0000000000
26124  -7.848  4.098  47.266 0.0000000000
28713  -35.218  9.830  38.831 0.0000000000
28288  -35.598  9.320  38.844 0.0000000000
28718  -36.104  10.355  38.104 0.0000000000
29094  -36.500  10.862  37.622 0.0000000000
28271  -32.086  8.453  40.662 0.0000000000
28696  -31.292  8.474  40.030 0.0000000000
27835  -31.461  8.071  40.571 0.0000000000
27826  -31.041  7.269  40.765 0.0000000000
31604  -52.232  16.016  21.981 0.0000000000
30784  -51.695  15.150  23.369 0.0000000000
30785  -52.035  14.824  23.005 0.0000000000
31183  -52.174  15.230  22.728 0.0000000000
31188  -52.635  15.828  21.536 0.0000000000
60433  -45.312  13.863  31.301 0.0000000000
30330  -44.960  14.287  31.164 0.0000000000
29932  -44.549  12.863  31.582 0.0000000000
29525  -44.453  12.088  31.577 0.0000000000
29936  -45.251  13.283  31.423 0.0000000000
29937  -45.788  13.029  31.306 0.0000000000
53562  -9.000  17.226  39.127 0.0000000000
52370  -6.359  16.203  37.306 0.0000000000
31990  -6.911  16.573  38.709 0.0000000000
28683  -4.931  10.661  40.776 0.0000000000
28698  -4.854  10.004  39.649 0.0000000000
28263  -4.052  8.789  39.615 0.0000000000
27411  -2.024  6.839  39.664 0.0000000000
28260  -1.081  8.062  40.406 0.0000000000
52282  -1.667  6.909  39.304 0.0000000000
52411  -1.545  6.799  38.998 0.0000000000
27006  -1.463  5.835  39.324 0.0000000000
26590  -1.534  5.103  39.661 0.0000000000
27790  -14.060  7.797  46.294 0.0000000000
27789  -13.459  7.773  46.554 0.0000000000
27371  -13.489  7.386  46.616 0.0000000000
26120  -12.226  4.757  47.431 0.0000000000
26527  -12.351  5.519  47.369 0.0000000000
54356  -11.302  4.446  48.013 0.0000000000
26526  -10.998  5.063  47.988 0.0000000000
29515  -39.988  12.179  34.551 0.0000000000
29511  -39.570  11.711  35.237 0.0000000000
29516  -40.597  11.809  33.981 0.0000000000
28690  -23.676  8.942  39.797 0.0000000000
28258  -23.798  8.245  40.861 0.0000000000
28265  -24.000  8.071  39.852 0.0000000000
28694  -29.563  7.442  38.498 0.0000000000
28693  -27.999  6.778  37.606 0.0000000000
28268  -29.100  6.942  38.637 0.0000000000
27408  -27.351  5.292  38.982 0.0000000000
27823  -28.061  5.795  38.718 0.0000000000
27407  -25.614  5.532  39.306 0.0000000000
26984  -26.110  4.986  39.816 0.0000000000
30275  -4.573  14.444  43.242 0.0000000000
30274  -4.419  14.279  43.009 0.0000000000
30686  -4.469  14.577  42.702 0.0000000000
29866  -4.486  13.566  42.826 0.0000000000
29465  -4.650  13.046  42.373 0.0000000000
29458  -4.779  13.010  42.823 0.0000000000
28243  -6.064  10.547  40.681 0.0000000000
28671  -5.870  10.915  41.210 0.0000000000
28249  -5.703  9.465  39.574 0.0000000000
27812  -4.947  7.948  39.703 0.0000000000
27813  -5.286  8.051  39.607 0.0000000000
30347  -49.693  14.551  27.514 0.0000000000
31171  -49.380  15.165  27.510 0.0000000000
31168  -48.982  15.141  28.144 0.0000000000
30343  -49.074  14.216  28.611 0.0000000000
30341  -49.277  13.670  28.502 0.0000000000
30344  -49.487  14.131  28.057 0.0000000000
28231  -15.603  9.001  45.108 0.0000000000
27379  -16.794  7.388  44.513 0.0000000000
27378  -15.924  7.304  44.988 0.0000000000
26965  -16.227  6.398  44.429 0.0000000000
61501  -15.662  4.925  44.694 0.0000000000
26541  -16.189  5.275  44.374 0.0000000000
52289  -22.939  5.708  42.885 0.0000000000
27394  -23.054  6.437  42.980 0.0000000000
26560  -22.478  5.239  43.026 0.0000000000
26553  -21.041  4.590  42.912 0.0000000000
26558  -21.278  5.576  43.107 0.0000000000
26973  -20.887  6.290  43.199 0.0000000000
27387  -20.353  7.263  43.497 0.0000000000
26972  -19.827  6.169  43.082 0.0000000000
26971  -18.766  6.045  43.210 0.0000000000
26552  -19.231  4.909  43.161 0.0000000000
26138  -18.262  3.344  44.571 0.0000000000
31965  -4.852  17.882  40.607 0.0000000000
31119  -4.314  15.167  39.181 0.0000000000
31535  -4.864  16.011  38.744 0.0000000000
31128  -4.419  15.364  38.037 0.0000000000
31539  -4.314  15.347  37.201 0.0000000000
30305  -3.879  14.304  37.155 0.0000000000
54184  -4.443  9.669  38.368 0.0000000000
29082  -4.996  11.048  38.263 0.0000000000
28717  -4.197  9.950  37.567 0.0000000000
62898  -3.434  9.964  36.557 0.0000000000
29508  -3.331  11.103  35.702 0.0000000000
29509  -3.684  12.035  35.883 0.0000000000
29102  -2.742  10.566  35.360 0.0000000000
29105  -2.520  10.802  34.877 0.0000000000
29043  -9.726  11.569  41.492 0.0000000000
61792  -12.483  7.819  46.149 0.0000000000
55662  -12.373  7.959  45.343 0.0000000000
27795  -11.757  7.614  45.240 0.0000000000
27793  -9.886  6.521  44.608 0.0000000000
28225  -11.039  7.347  43.551 0.0000000000
27800  -10.503  7.092  43.241 0.0000000000
28657  -9.592  9.684  40.964 0.0000000000
53269  -9.896  7.768  41.162 0.0000000000
28233  -9.022  9.445  40.618 0.0000000000
27799  -9.229  6.598  42.227 0.0000000000
26549  -6.632  4.661  44.640 0.0000000000
26969  -7.300  5.340  43.760 0.0000000000
26548  -5.906  4.341  44.311 0.0000000000
26967  -5.692  4.850  43.260 0.0000000000
26547  -5.179  3.995  44.092 0.0000000000
24919  -6.172  1.210  48.058 0.0000000000
25306  -5.769  2.129  47.386 0.0000000000
28280  -34.599  8.642  39.855 0.0000000000
27846  -35.219  8.784  39.337 0.0000000000
28286  -34.318  9.351  39.639 0.0000000000
61209  -34.681  9.726  39.167 0.0000000000
27841  -33.338  8.532  40.561 0.0000000000
27842  -33.918  8.133  40.462 0.0000000000
28697  -31.897  8.712  40.335 0.0000000000
31182  -51.563  15.599  23.306 0.0000000000
29956  -50.690  13.701  25.556 0.0000000000
30355  -51.199  14.339  24.542 0.0000000000
29959  -51.312  14.002  23.988 0.0000000000
30780  -51.267  14.791  24.185 0.0000000000
29931  -43.855  13.049  31.714 0.0000000000
30329  -44.313  14.020  31.213 0.0000000000
30325  -42.927  13.455  31.457 0.0000000000
30747  -42.666  13.920  30.839 0.0000000000
28737  -40.673  10.709  33.798 0.0000000000
28738  -41.251  10.818  33.359 0.0000000000
29113  -42.656  11.483  32.341 0.0000000000
29114  -43.494  11.762  31.898 0.0000000000
29523  -43.005  12.137  32.148 0.0000000000
61515  -43.257  12.661  31.987 0.0000000000
53081  -4.238  7.981  39.758 0.0000000000
28262  -3.692  8.059  39.441 0.0000000000
27413  -3.239  6.838  39.934 0.0000000000
27412  -2.445  6.617  39.835 0.0000000000
26585  -1.984  5.574  40.176 0.0000000000
26170  -1.890  4.887  40.399 0.0000000000
26580  -2.118  4.894  40.597 0.0000000000
26161  -2.440  3.710  41.183 0.0000000000
52414  -14.332  5.648  45.505 0.0000000000
52066  -13.698  6.063  46.308 0.0000000000
26533  -13.351  5.231  46.499 0.0000000000
29510  -39.024  12.134  35.768 0.0000000000
28293  -36.765  9.326  37.898 0.0000000000
28725  -37.857  10.252  36.837 0.0000000000
28729  -38.416  10.352  36.245 0.0000000000
29101  -38.813  10.967  36.082 0.0000000000
29507  -39.086  11.485  35.832 0.0000000000
27825  -30.318  6.908  40.358 0.0000000000
59792  -29.911  6.214  40.347 0.0000000000
26992  -29.611  5.611  40.317 0.0000000000
30367  -53.288  14.801  20.626 0.0000000000
30793  -53.702  15.230  20.085 0.0000000000
30795  -54.162  15.315  19.483 0.0000000000
30797  -54.688  15.642  18.876 0.0000000000
29869  -5.076  13.499  43.769 0.0000000000
29459  -4.885  13.014  43.088 0.0000000000
58591  -5.593  12.459  42.967 0.0000000000
57003  -6.182  11.762  42.227 0.0000000000
53539  -6.436  10.854  41.009 0.0000000000
30765  -48.825  14.806  28.645 0.0000000000
30762  -48.325  14.964  29.133 0.0000000000
62645  -47.608  12.742  30.333 0.0000000000
29943  -48.111  12.939  29.960 0.0000000000
61827  -48.715  12.794  29.256 0.0000000000
29946  -48.594  13.108  29.449 0.0000000000
30340  -48.595  14.324  29.173 0.0000000000
28232  -16.262  8.951  44.876 0.0000000000
27801  -17.109  8.964  44.627 0.0000000000
27798  -17.342  8.255  44.490 0.0000000000
26966  -17.292  6.477  43.988 0.0000000000
55329  -20.200  3.337  43.260 0.0000000000
26145  -18.989  3.605  43.801 0.0000000000
57630  -4.644  17.969  40.371 0.0000000000
53978  -4.850  17.031  39.968 0.0000000000
31116  -4.620  16.111  39.873 0.0000000000
30712  -4.463  15.357  39.541 0.0000000000
59885  -4.183  14.434  38.681 0.0000000000
28297  -2.537  8.146  37.742 0.0000000000
59752  -2.961  8.710  37.661 0.0000000000
28722  -2.242  8.041  37.484 0.0000000000
28302  -2.243  8.481  36.811 0.0000000000
28303  -2.199  8.664  36.089 0.0000000000
56834  -12.504  13.080  42.684 0.0000000000
29450  -12.293  12.093  41.959 0.0000000000
29045  -12.194  10.755  41.575 0.0000000000
27366  -10.333  6.408  47.256 0.0000000000
27785  -10.546  6.813  46.393 0.0000000000
60147  -9.927  6.435  46.854 0.0000000000
56279  -9.440  6.135  46.720 0.0000000000
27376  -9.201  6.070  45.740 0.0000000000
27382  -8.652  5.975  43.715 0.0000000000
26963  -7.975  5.246  45.655 0.0000000000
26540  -7.445  4.661  46.112 0.0000000000
26135  -6.343  3.662  46.105 0.0000000000
60541  -36.031  8.401  38.781 0.0000000000
28289  -36.112  8.979  38.529 0.0000000000
28719  -36.639  10.216  37.783 0.0000000000
29097  -37.058  10.828  37.337 0.0000000000
28703  -31.023  8.525  39.219 0.0000000000
28695  -30.562  8.069  39.500 0.0000000000
58535  -30.526  7.772  39.879 0.0000000000
30360  -52.249  14.381  22.501 0.0000000000
30790  -53.032  15.126  21.215 0.0000000000
52092  -53.027  15.644  21.001 0.0000000000
30332  -46.499  13.992  30.941 0.0000000000
30756  -46.793  15.044  30.333 0.0000000000
30331  -45.794  14.389  31.031 0.0000000000
29115  -43.946  11.327  31.641 0.0000000000
29530  -45.953  12.412  31.190 0.0000000000
29938  -46.473  13.169  31.037 0.0000000000
26982  -23.660  6.108  41.597 0.0000000000
26981  -23.405  6.615  42.404 0.0000000000
26566  -23.609  5.667  41.544 0.0000000000
26561  -23.176  5.439  42.366 0.0000000000
31999  -5.910  15.843  35.895 0.0000000000
53543  -4.206  15.208  35.841 0.0000000000
29472  -4.625  12.811  41.422 0.0000000000
29475  -4.786  12.492  40.829 0.0000000000
29072  -5.076  11.103  40.262 0.0000000000
28710  -4.989  10.302  39.744 0.0000000000
28708  -3.713  8.776  38.614 0.0000000000
28274  -3.434  8.027  39.177 0.0000000000
27422  -3.071  7.914  38.973 0.0000000000
28291  -2.502  7.657  38.374 0.0000000000
54473  -2.001  7.060  38.392 0.0000000000
28652  -13.465  8.807  44.856 0.0000000000
28227  -13.488  8.376  45.794 0.0000000000
28221  -12.953  7.896  46.320 0.0000000000
27368  -11.853  6.990  47.175 0.0000000000
26952  -12.500  6.321  47.208 0.0000000000
27363  -12.112  6.684  47.290 0.0000000000
27362  -11.480  6.477  47.553 0.0000000000
26949  -10.571  5.535  47.874 0.0000000000
26524  -9.925  5.197  47.782 0.0000000000
56963  -9.406  3.716  48.135 0.0000000000
29924  -40.938  13.019  33.158 0.0000000000
30317  -40.160  13.306  33.460 0.0000000000
28295  -37.060  8.751  37.306 0.0000000000
28734  -40.095  10.605  34.388 0.0000000000
55780  -23.777  7.918  41.243 0.0000000000
27820  -23.940  7.105  41.076 0.0000000000
28700  -26.553  7.037  36.548 0.0000000000
28692  -25.867  6.760  37.544 0.0000000000
27832  -28.687  6.358  38.656 0.0000000000
27831  -26.745  6.026  38.170 0.0000000000
28266  -25.099  6.824  38.523 0.0000000000
27830  -25.214  6.399  38.886 0.0000000000
27821  -24.848  6.393  39.706 0.0000000000
27406  -24.499  6.174  40.384 0.0000000000
30798  -55.063  15.629  18.324 0.0000000000
30800  -55.439  15.653  17.630 0.0000000000
30377  -55.754  15.700  16.775 0.0000000000
31109  -4.383  16.043  40.781 0.0000000000
54997  -4.301  14.512  41.614 0.0000000000
31102  -4.638  15.347  41.854 0.0000000000
30697  -4.424  14.801  41.769 0.0000000000
29882  -4.350  13.570  41.811 0.0000000000
29469  -4.598  13.010  41.881 0.0000000000
29064  -4.911  11.989  41.681 0.0000000000
63129  -4.947  10.789  40.964 0.0000000000
58377  -5.208  11.789  42.083 0.0000000000
28678  -5.056  10.781  41.035 0.0000000000
28255  -5.135  8.907  39.671 0.0000000000
54781  -4.319  7.889  39.773 0.0000000000
27404  -4.006  6.440  40.289 0.0000000000
26991  -4.127  5.690  40.826 0.0000000000
30772  -50.289  14.873  26.281 0.0000000000
29947  -49.002  13.084  28.884 0.0000000000
29949  -49.429  13.217  28.213 0.0000000000
29951  -49.853  13.421  27.538 0.0000000000
56488  -50.158  13.851  27.099 0.0000000000
30348  -50.133  14.369  26.865 0.0000000000
28224  -14.419  8.279  46.033 0.0000000000
27372  -14.566  7.487  46.010 0.0000000000
27792  -15.094  7.821  45.695 0.0000000000
26959  -14.435  6.661  45.873 0.0000000000
26536  -15.420  4.291  45.110 0.0000000000
27397  -23.188  7.183  42.955 0.0000000000
27393  -22.415  7.084  43.303 0.0000000000
26559  -21.920  5.416  43.078 0.0000000000
26977  -21.795  6.247  43.316 0.0000000000
27392  -21.746  7.794  43.434 0.0000000000
27391  -21.038  7.987  43.634 0.0000000000
27804  -20.349  8.197  43.854 0.0000000000
27386  -19.606  7.973  43.926 0.0000000000
27385  -18.674  7.728  44.004 0.0000000000
54998  -18.272  6.803  43.690 0.0000000000
26550  -17.483  5.425  43.857 0.0000000000
26144  -18.473  4.204  43.714 0.0000000000
26543  -17.776  4.388  44.047 0.0000000000
26542  -16.963  4.755  44.258 0.0000000000
26129  -17.000  3.151  45.593 0.0000000000
31971  -7.042  18.062  41.408 0.0000000000
31969  -4.976  16.834  39.913 0.0000000000
56608  -5.224  17.051  40.043 0.0000000000
31978  -6.044  16.982  39.784 0.0000000000
31988  -5.068  15.869  37.372 0.0000000000
31544  -4.284  15.357  36.593 0.0000000000
62808  -3.805  14.850  36.104 0.0000000000
57103  -4.498  13.753  40.164 0.0000000000
29891  -4.663  13.430  38.702 0.0000000000
52970  -4.333  13.817  38.045 0.0000000000
29095  -4.035  10.441  36.914 0.0000000000
29500  -4.420  11.785  36.950 0.0000000000
52457  -4.148  13.812  37.275 0.0000000000
58592  -3.886  13.653  36.553 0.0000000000
29914  -3.687  13.506  35.917 0.0000000000
30314  -3.602  13.988  35.596 0.0000000000
29918  -3.319  12.398  34.939 0.0000000000
28651  -12.891  8.603  44.410 0.0000000000
28661  -12.812  9.328  42.840 0.0000000000
28660  -12.017  9.371  41.965 0.0000000000
27794  -11.121  7.211  45.192 0.0000000000
28649  -11.210  8.311  42.173 0.0000000000
56818  -11.103  9.631  41.310 0.0000000000
60978  -9.203  11.185  41.337 0.0000000000
55610  -8.482  11.291  41.549 0.0000000000
29041  -7.586  11.690  42.182 0.0000000000
28674  -7.814  10.852  41.380 0.0000000000
28244  -8.268  9.561  40.365 0.0000000000
27806  -7.475  7.755  39.344 0.0000000000
27381  -8.190  6.014  42.536 0.0000000000
27390  -7.997  6.574  40.653 0.0000000000
27389  -7.034  6.332  40.545 0.0000000000
27388  -6.178  6.026  40.695 0.0000000000
26974  -4.566  4.844  42.345 0.0000000000
26565  -4.009  4.394  42.331 0.0000000000
25698  -8.625  3.368  48.069 0.0000000000
25290  -7.718  2.167  48.246 0.0000000000
25697  -7.743  2.920  47.935 0.0000000000
25709  -6.584  3.102  47.185 0.0000000000
26122  -5.965  3.007  46.578 0.0000000000
26134  -5.700  3.213  45.712 0.0000000000
25718  -4.674  2.228  45.680 0.0000000000
26143  -4.811  3.171  44.580 0.0000000000
26142  -4.215  2.888  44.337 0.0000000000
26544  -3.668  2.947  43.557 0.0000000000
26563  -3.418  3.431  42.540 0.0000000000
26154  -3.123  3.195  42.299 0.0000000000
52713  -2.548  2.062  42.860 0.0000000000
31176  -50.545  15.550  25.051 0.0000000000
60553  -50.596  14.823  25.726 0.0000000000
26999  -3.183  5.576  40.783 0.0000000000
29462  -6.141  12.772  43.401 0.0000000000
29040  -6.891  12.590  43.187 0.0000000000
30757  -47.458  14.793  30.066 0.0000000000
28239  -18.677  9.637  44.731 0.0000000000
31141  -4.295  15.020  34.883 0.0000000000
27431  -1.616  7.257  37.383 0.0000000000
28663  -14.015  9.622  44.170 0.0000000000
26522  -8.577  4.441  47.445 0.0000000000
26532  -8.926  5.104  47.257 0.0000000000
29091  -35.511  10.344  38.352 0.0000000000
29499  -35.909  10.953  37.750 0.0000000000
63459  -51.963  15.507  22.898 0.0000000000
31186  -52.307  15.588  22.321 0.0000000000
31973  -8.992  17.984  40.517 0.0000000000
28687  -4.684  9.589  40.249 0.0000000000
28681  -4.290  8.903  39.967 0.0000000000
26997  -1.800  6.808  39.509 0.0000000000
53072  -1.367  7.349  39.694 0.0000000000
63093  -1.712  6.692  39.373 0.0000000000
53184  -1.647  6.362  39.269 0.0000000000
26589  -1.644  5.560  39.873 0.0000000000
54355  -11.874  4.271  47.731 0.0000000000
29920  -39.829  12.952  34.333 0.0000000000
27401  -28.391  5.093  39.581 0.0000000000
26985  -27.754  4.780  39.617 0.0000000000
29873  -4.363  13.901  43.020 0.0000000000
29867  -4.566  13.516  43.139 0.0000000000
27805  -6.264  7.598  39.508 0.0000000000
61721  -5.025  19.153  40.791 0.0000000000
30716  -4.146  14.719  38.502 0.0000000000
31123  -4.302  15.102  38.305 0.0000000000
30715  -3.983  14.711  37.694 0.0000000000
29099  -3.062  10.232  35.924 0.0000000000
28736  -2.216  10.127  35.154 0.0000000000
29449  -11.116  12.325  41.944 0.0000000000
29448  -9.955  12.620  42.244 0.0000000000
28220  -11.964  7.547  46.213 0.0000000000
27786  -11.323  7.229  46.306 0.0000000000
28234  -10.290  8.002  41.625 0.0000000000
26538  -6.116  3.934  45.250 0.0000000000
24918  -5.472  0.819  47.907 0.0000000000
28272  -32.667  8.403  40.724 0.0000000000
31181  -51.106  15.720  23.814 0.0000000000
29952  -50.185  13.455  26.828 0.0000000000
30354  -50.934  14.212  25.225 0.0000000000
29957  -50.928  13.823  24.707 0.0000000000
30326  -43.773  13.518  31.460 0.0000000000
30324  -41.943  13.623  31.522 0.0000000000
29107  -40.971  11.237  33.632 0.0000000000
27818  -3.670  7.286  39.845 0.0000000000
59924  -2.540  5.666  40.503 0.0000000000
62220  -2.472  6.042  40.195 0.0000000000
26998  -2.217  5.988  40.151 0.0000000000
25740  -2.699  3.132  41.588 0.0000000000
25329  -2.584  2.995  41.309 0.0000000000
26534  -13.871  4.974  45.922 0.0000000000
29460  -5.081  13.032  43.338 0.0000000000
28238  -17.817  9.660  44.678 0.0000000000
54438  -18.158  8.275  44.308 0.0000000000
31529  -4.812  16.970  39.907 0.0000000000
30711  -4.296  14.733  39.459 0.0000000000
30294  -4.345  14.136  39.253 0.0000000000
28296  -2.212  7.484  37.982 0.0000000000
59865  -2.045  7.961  37.237 0.0000000000
28731  -2.363  9.014  36.258 0.0000000000
52938  -2.035  8.109  35.936 0.0000000000
26957  -9.726  6.055  47.248 0.0000000000
27365  -8.986  5.775  46.629 0.0000000000
27375  -8.580  5.768  45.061 0.0000000000
26530  -7.626  4.387  46.780 0.0000000000
26539  -6.791  4.310  45.667 0.0000000000
28714  -35.742  9.940  38.510 0.0000000000
28270  -30.951  8.078  40.148 0.0000000000
27409  -31.395  6.824  41.139 0.0000000000
31189  -53.020  16.135  20.753 0.0000000000
30358  -51.448  14.457  23.953 0.0000000000
30359  -51.769  14.302  23.347 0.0000000000
30363  -52.705  14.772  21.857 0.0000000000
30789  -52.659  15.323  21.841 0.0000000000
30335  -46.459  14.612  30.734 0.0000000000
30753  -45.252  14.911  30.743 0.0000000000
30328  -43.669  13.917  30.996 0.0000000000
29526  -45.233  12.041  31.354 0.0000000000
26562  -23.545  5.203  41.466 0.0000000000
32001  -7.920  16.418  36.389 0.0000000000
32000  -6.738  16.068  36.242 0.0000000000
31997  -5.113  15.723  35.896 0.0000000000
31987  -4.535  15.484  36.364 0.0000000000
29476  -4.908  11.929  40.867 0.0000000000
28276  -3.987  9.150  39.687 0.0000000000
28285  -4.474  9.638  39.186 0.0000000000
28284  -4.010  8.944  38.721 0.0000000000
28709  -4.632  9.675  38.996 0.0000000000
28253  -3.261  7.369  39.623 0.0000000000
28261  -2.603  7.534  39.449 0.0000000000
28281  -0.948  7.832  40.188 0.0000000000
28273  -2.067  7.759  39.786 0.0000000000
28282  -2.385  7.528  38.722 0.0000000000
28283  -2.996  8.019  38.641 0.0000000000
27009  -1.444  6.415  38.970 0.0000000000
27850  -1.703  6.750  38.820 0.0000000000
26173  -1.694  4.648  40.169 0.0000000000
28653  -13.870  9.031  45.011 0.0000000000
28228  -13.991  8.537  45.857 0.0000000000
27370  -13.003  7.320  46.857 0.0000000000
27788  -12.952  7.647  46.737 0.0000000000
27787  -12.346  7.440  46.715 0.0000000000
27369  -12.482  7.202  47.055 0.0000000000
26953  -12.987  5.818  46.928 0.0000000000
26119  -11.700  5.160  47.780 0.0000000000
26951  -11.878  6.025  47.553 0.0000000000
27361  -10.783  6.227  47.679 0.0000000000
26118  -10.764  4.454  48.097 0.0000000000
26525  -10.365  4.807  48.003 0.0000000000
26116  -9.691  4.455  47.938 0.0000000000
29104  -39.837  11.088  34.877 0.0000000000
29106  -40.359  11.154  34.238 0.0000000000
29519  -41.115  12.308  33.377 0.0000000000
53030  -24.227  5.999  40.795 0.0000000000
26568  -25.548  5.190  40.017 0.0000000000
31199  -55.012  16.128  18.457 0.0000000000
61422  -55.786  16.084  17.220 0.0000000000
31518  -4.680  16.449  41.053 0.0000000000
30698  -4.355  14.940  41.177 0.0000000000
31507  -4.908  15.820  41.887 0.0000000000
30273  -4.338  14.103  42.691 0.0000000000
30693  -4.447  14.640  42.297 0.0000000000
30280  -4.288  14.103  41.973 0.0000000000
52145  -5.032  11.529  41.674 0.0000000000
54918  -5.225  12.430  42.770 0.0000000000
53832  -5.101  12.357  42.582 0.0000000000
28241  -5.135  10.255  40.568 0.0000000000
60160  -5.140  11.127  41.429 0.0000000000
55854  -5.154  10.198  40.724 0.0000000000
61385  -50.041  15.362  26.287 0.0000000000
30345  -49.867  14.005  27.543 0.0000000000
28230  -15.119  8.452  45.702 0.0000000000
27791  -14.796  7.984  45.938 0.0000000000
27374  -15.578  6.599  45.020 0.0000000000
27377  -15.556  7.816  45.324 0.0000000000
27373  -15.157  7.181  45.501 0.0000000000
26127  -15.132  3.697  45.789 0.0000000000
59548  -17.998  5.997  43.596 0.0000000000
26139  -18.843  2.843  44.618 0.0000000000
25720  -17.870  2.837  45.546 0.0000000000
32428  -5.557  19.714  40.857 0.0000000000
31970  -5.925  17.648  40.961 0.0000000000
31977  -5.363  16.655  39.219 0.0000000000
52958  -5.482  16.242  38.046 0.0000000000
60825  -4.644  15.649  37.934 0.0000000000
52161  -4.072  14.997  37.273 0.0000000000
31135  -3.766  14.940  36.535 0.0000000000
29482  -4.856  12.635  40.182 0.0000000000
29481  -5.021  12.576  39.067 0.0000000000
28724  -3.294  9.273  37.195 0.0000000000
29504  -3.824  11.153  36.272 0.0000000000
60991  -3.804  12.945  36.088 0.0000000000
29919  -3.511  13.242  35.264 0.0000000000
29446  -7.985  13.108  43.292 0.0000000000
62232  -11.764  8.440  42.541 0.0000000000
28659  -10.298  9.886  41.071 0.0000000000
52150  -7.663  12.442  42.780 0.0000000000
27808  -9.287  7.867  40.455 0.0000000000
27807  -8.559  7.847  39.599 0.0000000000
53840  -7.445  9.521  40.025 0.0000000000
27380  -7.261  5.774  42.170 0.0000000000
26557  -4.914  4.458  43.200 0.0000000000
26975  -5.435  5.370  41.908 0.0000000000
58211  -8.396  2.641  48.308 0.0000000000
24920  -7.009  1.568  48.239 0.0000000000
25696  -6.904  2.719  47.650 0.0000000000
26113  -7.375  3.413  47.486 0.0000000000
63252  -6.007  2.613  47.107 0.0000000000
25719  -5.254  2.585  46.111 0.0000000000
26133  -5.039  2.842  45.324 0.0000000000
26132  -4.451  2.541  44.978 0.0000000000
26554  -3.481  3.018  43.207 0.0000000000
26555  -3.770  3.551  42.963 0.0000000000
29489  -33.523  10.137  37.765 0.0000000000
29088  -32.606  9.623  38.218 0.0000000000
31178  -50.852  15.498  24.449 0.0000000000
27403  -3.684  6.645  40.186 0.0000000000
27414  -3.292  6.351  40.260 0.0000000000
26126  -14.249  3.989  45.987 0.0000000000
29075  -25.068  7.670  35.388 0.0000000000
62739  -30.159  6.012  40.757 0.0000000000
31194  -54.050  16.239  19.518 0.0000000000
62381  -54.238  16.929  19.106 0.0000000000
32008  -5.018  15.412  34.933 0.0000000000
30702  -4.420  15.380  40.824 0.0000000000
30706  -4.311  14.756  40.493 0.0000000000
52641  -1.721  7.320  37.792 0.0000000000
52459  -1.839  7.624  36.726 0.0000000000
26947  -9.527  5.493  47.458 0.0000000000
26955  -8.656  5.333  46.861 0.0000000000
26123  -7.161  3.759  47.004 0.0000000000
27415  -31.612  7.492  40.941 0.0000000000
62770  -52.422  15.279  22.344 0.0000000000
26567  -24.398  5.376  40.479 0.0000000000
31991  -7.645  16.497  37.936 0.0000000000
28688  -4.759  10.039  40.236 0.0000000000
28264  -4.055  9.060  40.076 0.0000000000
27827  -1.525  7.739  39.923 0.0000000000
27839  -1.012  7.516  39.956 0.0000000000
53759  -28.969  5.667  39.519 0.0000000000
30370  -53.614  14.748  19.952 0.0000000000
30687  -4.710  14.894  42.869 0.0000000000
31095  -4.660  15.110  42.351 0.0000000000
28242  -5.464  10.084  40.318 0.0000000000
27395  -5.429  6.411  40.235 0.0000000000
26961  -15.589  5.779  44.763 0.0000000000
26136  -16.361  4.168  44.843 0.0000000000
31966  -4.943  17.877  40.617 0.0000000000
31120  -4.540  15.537  39.151 0.0000000000
31124  -4.606  15.615  38.708 0.0000000000
30724  -3.830  14.631  37.010 0.0000000000
29083  -5.072  10.549  39.177 0.0000000000
29490  -4.590  11.046  37.375 0.0000000000
29513  -3.209  11.559  35.234 0.0000000000
63370  -9.615  9.162  40.859 0.0000000000
26962  -7.325  4.965  45.107 0.0000000000
26968  -6.511  5.103  43.430 0.0000000000
26546  -4.534  3.598  43.890 0.0000000000
60794  -6.393  2.005  47.797 0.0000000000
25708  -6.311  2.520  47.441 0.0000000000
25289  -5.622  1.510  47.686 0.0000000000
25305  -5.073  1.652  47.165 0.0000000000
26131  -3.944  2.311  44.660 0.0000000000
27843  -34.590  7.793  40.175 0.0000000000
27847  -35.217  8.084  39.624 0.0000000000
62340  -50.611  13.849  26.067 0.0000000000
28741  -42.286  10.797  32.541 0.0000000000
28743  -43.078  11.057  31.996 0.0000000000
31972  -8.011  17.971  41.333 0.0000000000
28254  -3.965  7.876  39.702 0.0000000000
27402  -3.104  6.920  39.757 0.0000000000
26988  -1.902  6.023  39.867 0.0000000000
26166  -2.133  4.301  40.791 0.0000000000
26167  -2.388  4.409  40.964 0.0000000000
25746  -2.253  3.585  40.912 0.0000000000
26125  -13.513  4.377  46.391 0.0000000000
54282  -12.536  3.876  47.283 0.0000000000
29916  -38.858  12.948  35.557 0.0000000000
28300  -37.937  9.669  36.368 0.0000000000
29071  -23.729  9.108  38.348 0.0000000000
27833  -29.948  7.139  39.606 0.0000000000
56286  -54.382  15.029  18.831 0.0000000000
30268  -4.685  13.997  43.637 0.0000000000
29868  -4.718  13.496  43.427 0.0000000000
29532  -47.142  12.226  30.549 0.0000000000
29540  -48.375  12.479  29.553 0.0000000000
28237  -17.018  9.607  44.682 0.0000000000
52252  -22.485  4.319  42.558 0.0000000000
26150  -22.200  4.489  42.831 0.0000000000
26149  -21.879  4.714  42.917 0.0000000000
26146  -19.883  4.036  43.182 0.0000000000
25724  -19.384  2.959  43.972 0.0000000000
31962  -4.738  18.819  40.584 0.0000000000
28292  -2.979  8.327  38.087 0.0000000000
28723  -2.514  8.559  37.252 0.0000000000
28726  -2.242  8.348  37.188 0.0000000000
28727  -2.366  8.642  36.863 0.0000000000
28735  -2.154  9.411  35.517 0.0000000000
57484  -11.443  13.197  42.745 0.0000000000
27367  -11.113  6.813  47.150 0.0000000000
27784  -9.879  6.487  46.020 0.0000000000
27383  -9.253  6.234  44.118 0.0000000000
53778  -35.672  8.582  39.051 0.0000000000
31611  -53.383  16.456  20.138 0.0000000000
26151  -23.005  4.820  42.209 0.0000000000
31998  -5.340  15.616  35.522 0.0000000000
57022  -4.431  13.433  41.082 0.0000000000
29483  -5.092  11.521  40.158 0.0000000000
27840  -3.517  8.356  38.925 0.0000000000
27854  -1.691  7.073  38.239 0.0000000000
28222  -13.472  8.060  46.331 0.0000000000
26958  -13.166  6.747  46.840 0.0000000000
26115  -8.958  4.097  47.816 0.0000000000
28294  -36.673  8.558  37.889 0.0000000000
28686  -23.557  8.919  40.912 0.0000000000
28257  -23.519  8.702  41.794 0.0000000000
31203  -56.064  16.271  16.499 0.0000000000
29067  -4.839  12.199  41.428 0.0000000000
29055  -5.074  11.698  41.894 0.0000000000
53538  -4.140  7.246  39.951 0.0000000000
26990  -3.752  4.944  41.466 0.0000000000
29541  -48.759  12.500  29.001 0.0000000000
29543  -49.124  12.621  28.412 0.0000000000
29544  -49.479  12.747  27.717 0.0000000000
28229  -14.459  8.629  45.793 0.0000000000
54630  -15.032  5.229  45.000 0.0000000000
27811  -22.246  8.099  43.307 0.0000000000
27810  -21.553  8.643  43.592 0.0000000000
58137  -19.959  8.827  44.229 0.0000000000
31979  -7.111  17.022  39.844 0.0000000000
31989  -6.115  16.455  38.435 0.0000000000
31540  -4.613  15.601  37.302 0.0000000000
52991  -3.702  14.566  35.905 0.0000000000
29901  -4.504  13.091  37.512 0.0000000000
54657  -3.708  14.254  36.398 0.0000000000
56669  -3.352  12.965  34.751 0.0000000000
29922  -3.092  12.326  34.458 0.0000000000
29518  -2.862  11.560  34.611 0.0000000000
29445  -7.210  13.200  43.636 0.0000000000
28662  -13.388  9.518  43.627 0.0000000000
54615  -11.593  7.710  43.830 0.0000000000
28658  -9.545  10.140  41.009 0.0000000000
26980  -4.757  5.553  41.115 0.0000000000
62772  -4.208  5.101  41.709 0.0000000000
26564  -3.541  4.187  42.045 0.0000000000
24921  -7.830  1.506  48.500 0.0000000000
25291  -8.289  2.022  48.471 0.0000000000
62888  -6.598  3.512  46.705 0.0000000000
25304  -4.831  1.983  46.442 0.0000000000
26141  -3.766  2.637  44.071 0.0000000000
26545  -4.015  3.228  43.692 0.0000000000
25330  -2.677  2.379  42.024 0.0000000000
28277  -3.998  9.254  40.831 0.0000000000
52562  -5.620  16.019  36.934 0.0000000000
