#!ascii label  , from subject sub-1015 vox2ras=TkReg
1131
58282  -15.907  -8.618  44.499 0.4444440007
20994  -15.266  -9.299  44.953 0.4444440007
58085  -15.885  -9.634  43.335 0.4444440007
21000  -16.559  -8.846  42.819 0.5555559993
20615  -14.864  -10.087  44.791 0.4444440007
20212  -14.966  -11.205  43.659 0.4444440007
20211  -14.412  -11.663  44.060 0.3333329856
20621  -15.390  -10.330  43.663 0.4444440007
20210  -13.862  -11.311  45.145 0.3333329856
20217  -14.987  -12.312  43.092 0.4444440007
19524  -13.663  -13.059  43.604 0.3333329856
19866  -14.016  -12.286  43.893 0.3333329856
21407  -16.556  -7.830  44.195 0.5555559993
21775  -17.152  -6.979  44.094 0.4444440007
21408  -17.340  -7.819  42.648 0.4444440007
21002  -17.548  -9.162  40.640 0.5555559993
20622  -16.042  -10.742  42.323 0.4444440007
20625  -16.845  -10.568  41.158 0.5555559993
58088  -15.820  -11.608  42.307 0.4444440007
20626  -18.217  -11.376  38.931 0.5555559993
58341  -16.664  -12.012  40.922 0.5555559993
20218  -15.602  -12.578  42.259 0.4444440007
58265  -17.957  -12.570  39.871 0.5555559993
19870  -14.721  -12.865  43.084 0.3333329856
20221  -18.182  -13.338  41.052 0.5555559993
19871  -15.359  -13.455  42.228 0.3333329856
20222  -20.037  -13.603  41.838 0.3333329856
21778  -18.842  -6.635  42.377 0.3333329856
21411  -18.491  -7.508  40.719 0.3333329856
21003  -19.209  -9.601  38.616 0.4444440007
21004  -21.590  -10.346  37.960 0.4444440007
57971  -19.865  -12.827  40.335 0.6666669846
20627  -20.605  -11.897  39.001 0.6666669846
57117  -33.143  -7.275  41.370 0.7777780294
61726  -33.780  -7.136  41.363 0.7777780294
62216  -19.035  -13.108  40.698 0.4444440007
21779  -20.103  -6.619  41.043 0.3333329856
21412  -20.632  -8.112  38.926 0.4444440007
56823  -23.014  -9.292  39.143 0.6666669846
21431  -31.036  -7.158  41.120 0.6666669846
20628  -21.334  -12.483  41.180 0.6666669846
21005  -22.271  -11.488  40.759 0.6666669846
21432  -31.693  -7.262  41.033 0.7777780294
55086  -32.424  -7.240  41.496 0.7777780294
62535  -33.518  -7.046  41.574 0.7777780294
21804  -34.727  -6.385  40.595 0.8888890147
61945  -21.101  -13.049  42.071 0.3333329856
21800  -34.210  -6.872  41.211 0.8888890147
62199  -22.075  -12.518  42.851 0.4444440007
21435  -33.962  -7.059  40.880 0.7777780294
21440  -33.738  -7.107  39.983 0.6666669846
57558  -21.818  -7.323  39.754 0.3333329856
21413  -22.973  -7.609  39.853 0.4444440007
62071  -30.250  -7.136  40.300 0.6666669846
21006  -22.916  -10.875  41.421 0.6666669846
20629  -22.794  -11.790  42.904 0.6666669846
59654  -30.683  -7.228  40.114 0.6666669846
21798  -32.840  -6.943  41.776 0.7777780294
20223  -22.767  -12.366  43.851 0.4444440007
56875  -29.590  -7.520  38.302 0.3333329856
22179  -33.496  -6.636  41.716 0.6666669846
21799  -33.960  -6.815  41.439 0.6666669846
21803  -34.531  -6.561  41.021 0.8888890147
19877  -22.190  -12.912  43.775 0.2222220004
22181  -34.072  -6.287  41.503 0.6666669846
21436  -34.301  -6.801  40.790 0.7777780294
21441  -34.311  -6.702  39.959 0.7777780294
61732  -34.648  -6.376  39.849 0.8888890147
53895  -22.807  -12.635  44.066 0.2222220004
19879  -23.228  -12.515  44.274 0.2222220004
21445  -34.315  -6.668  38.395 0.6666669846
60812  -23.413  -12.827  44.283 0.1111110002
21414  -23.033  -7.781  40.798 0.5555559993
21415  -22.897  -9.821  41.141 0.6666669846
55997  -23.400  -9.794  39.906 0.6666669846
21430  -30.204  -6.998  41.036 0.6666669846
55419  -30.968  -6.956  41.630 0.6666669846
21007  -23.069  -11.139  42.559 0.5555559993
59576  -22.959  -11.517  42.910 0.5555559993
58193  -28.220  -7.993  37.902 0.3333329856
60636  -29.130  -7.520  38.498 0.3333329856
55427  -31.716  -7.108  41.564 0.7777780294
20630  -23.130  -11.900  43.694 0.3333329856
20648  -27.497  -9.449  36.792 0.3333329856
21797  -32.269  -6.879  41.785 0.6666669846
21805  -34.918  -6.101  40.090 0.8888890147
21809  -34.752  -6.160  38.997 0.8888890147
20224  -23.004  -12.313  44.092 0.3333329856
20631  -23.513  -12.041  43.812 0.3333329856
56719  -27.684  -9.195  36.733 0.3333329856
22178  -32.685  -6.335  41.928 0.6666669846
22182  -34.445  -6.487  41.251 0.7777780294
20225  -23.380  -12.328  44.223 0.2222220004
22542  -33.522  -5.975  41.747 0.6666669846
21810  -34.777  -6.666  36.636 0.7777780294
55158  -23.649  -12.518  44.411 0.2222220004
21418  -23.136  -7.766  40.736 0.6666669846
21419  -23.252  -8.813  41.100 0.6666669846
21420  -23.954  -7.007  40.727 0.6666669846
21429  -29.078  -6.931  40.226 0.6666669846
21010  -23.042  -10.317  41.571 0.5555559993
57282  -23.351  -9.441  40.972 0.6666669846
21794  -29.565  -6.738  41.454 0.5555559993
62117  -23.204  -11.047  42.426 0.5555559993
21023  -29.304  -7.222  39.562 0.6666669846
20634  -23.797  -11.599  42.972 0.4444440007
21008  -23.316  -11.539  43.054 0.4444440007
21022  -27.931  -7.864  38.276 0.4444440007
20647  -26.826  -9.614  36.697 0.3333329856
61907  -32.105  -6.580  41.969 0.4444440007
22187  -35.116  -5.745  39.490 0.8888890147
61992  -34.919  -5.971  38.031 0.8888890147
20226  -23.767  -12.340  44.237 0.2222220004
20238  -27.049  -11.804  37.859 0.3333329856
20239  -27.373  -11.839  37.521 0.3333329856
22184  -35.084  -5.917  40.458 0.7777780294
62395  -23.923  -12.530  44.338 0.2222220004
61025  -34.079  -5.708  41.520 0.5555559993
22546  -34.644  -5.805  41.217 0.6666669846
19880  -23.930  -12.914  44.331 0.1111110002
57495  -28.073  -13.369  38.833 0.3333329856
19540  -23.583  -13.221  44.235 0.1111110002
19211  -23.691  -13.546  43.807 0.1111110002
58079  -23.235  -7.000  41.204 0.6666669846
21793  -28.382  -6.681  40.894 0.6666669846
21425  -26.953  -7.154  39.400 0.6666669846
21428  -27.923  -7.166  39.381 0.7777780294
21012  -23.682  -10.776  42.082 0.5555559993
21021  -26.601  -8.100  37.905 0.5555559993
21011  -23.258  -10.654  41.999 0.4444440007
20646  -26.197  -9.956  37.054 0.4444440007
20635  -24.070  -11.593  42.738 0.4444440007
20632  -23.974  -12.032  43.649 0.2222220004
20237  -26.668  -11.734  38.334 0.3333329856
20229  -24.382  -12.111  43.363 0.2222220004
57840  -26.551  -12.636  40.198 0.3333329856
20227  -24.124  -12.385  44.005 0.2222220004
20235  -27.167  -12.980  39.745 0.3333329856
22192  -35.167  -6.288  36.102 0.8888890147
19882  -24.589  -12.515  43.549 0.2222220004
19890  -27.983  -13.066  40.380 0.3333329856
55579  -27.724  -13.235  39.242 0.3333329856
19881  -24.168  -12.631  44.032 0.2222220004
21813  -35.722  -7.358  34.245 0.6666669846
19544  -24.673  -12.803  43.430 0.2222220004
21449  -35.596  -8.065  34.240 0.5555559993
21422  -23.985  -7.227  39.884 0.6666669846
21016  -24.555  -8.707  40.438 0.4444440007
21423  -24.478  -7.155  39.455 0.6666669846
21017  -24.080  -8.624  38.872 0.4444440007
21018  -25.239  -8.296  37.959 0.4444440007
21013  -24.108  -10.472  41.373 0.4444440007
20640  -24.438  -10.402  40.566 0.4444440007
57233  -24.775  -9.904  39.172 0.4444440007
20642  -25.590  -10.306  38.655 0.4444440007
20636  -24.482  -11.484  42.270 0.3333329856
20234  -26.173  -11.531  38.918 0.3333329856
22550  -35.360  -5.263  39.327 1.0000000000
20230  -25.007  -12.298  42.861 0.2222220004
22548  -35.321  -5.505  40.155 0.8888890147
22188  -35.148  -5.567  37.777 1.0000000000
19884  -25.164  -12.645  43.021 0.2222220004
19889  -26.792  -12.856  41.270 0.3333329856
22193  -35.946  -6.795  34.035 0.8888890147
21450  -36.867  -8.802  32.627 0.2222220004
58218  -24.875  -6.585  40.676 0.6666669846
20641  -25.094  -11.297  40.427 0.4444440007
20637  -24.942  -11.671  41.773 0.3333329856
20231  -25.562  -12.349  41.961 0.3333329856
20233  -25.826  -12.060  40.379 0.3333329856
19888  -26.340  -12.816  41.638 0.3333329856
62096  -25.473  -12.606  42.768 0.2222220004
19885  -25.856  -12.778  42.487 0.2222220004
58442  -35.504  -6.017  35.174 0.8888890147
19886  -26.502  -12.989  41.984 0.2222220004
19546  -26.160  -12.856  42.163 0.2222220004
21814  -36.839  -7.906  32.026 0.7777780294
22553  -35.352  -5.363  36.481 0.8888890147
21451  -38.850  -9.001  33.557 0.5555559993
21452  -40.618  -8.943  35.014 0.3333329856
56325  -40.891  -9.328  35.989 0.2222220004
22554  -36.048  -5.931  33.970 1.0000000000
22197  -37.071  -6.968  32.681 0.8888890147
21817  -39.323  -8.404  33.091 0.8888890147
22198  -40.010  -8.002  32.870 0.8888890147
54558  -41.531  -8.986  36.299 0.4444440007
21042  -41.619  -9.065  36.349 0.1111110002
22556  -38.022  -6.852  31.341 1.0000000000
21818  -40.953  -8.378  34.752 0.7777780294
55411  -41.239  -8.491  35.612 0.7777780294
21819  -41.686  -8.030  35.744 0.7777780294
21453  -41.383  -8.679  36.007 0.4444440007
21454  -41.882  -8.362  36.246 0.6666669846
21455  -42.043  -8.635  36.324 0.5555559993
21045  -42.036  -8.842  36.303 0.2222220004
22557  -41.004  -7.119  33.229 1.0000000000
22199  -41.576  -7.774  34.802 0.8888890147
22200  -42.129  -7.489  35.865 0.8888890147
21820  -42.120  -7.867  36.165 0.8888890147
21821  -42.378  -7.960  36.224 0.6666669846
21457  -42.510  -8.340  36.238 0.5555559993
22204  -42.139  -6.931  35.093 1.0000000000
21824  -42.470  -7.378  36.133 1.0000000000
56908  -42.985  -7.792  36.225 0.7777780294
22560  -41.978  -6.130  34.056 1.0000000000
22561  -42.617  -5.984  35.446 1.0000000000
22205  -42.529  -6.751  35.919 1.0000000000
22206  -42.864  -6.769  36.092 1.0000000000
21458  -43.049  -8.150  36.163 0.5555559993
21460  -43.502  -8.227  35.996 0.6666669846
22918  -42.904  -5.043  35.807 1.0000000000
21825  -42.919  -7.266  36.189 1.0000000000
21826  -43.525  -7.194  36.209 0.7777780294
58472  -43.570  -7.755  36.169 0.6666669846
22562  -43.013  -5.931  36.066 1.0000000000
56906  -43.421  -6.455  36.178 0.8888890147
22566  -43.986  -5.843  36.146 0.8888890147
21829  -44.132  -7.273  36.143 0.7777780294
57538  -44.075  -6.590  36.167 0.8888890147
21461  -44.130  -7.828  35.995 0.5555559993
55612  -44.116  -8.326  35.715 0.5555559993
54987  -45.629  -7.433  34.119 0.2222220004
21843  -45.633  -7.567  33.501 0.3333329856
21472  -45.474  -7.939  33.738 0.2222220004
22919  -43.401  -5.008  36.129 1.0000000000
22922  -43.898  -5.104  36.113 1.0000000000
22563  -43.555  -5.654  36.177 1.0000000000
22210  -44.488  -6.017  35.959 1.0000000000
58189  -44.587  -7.430  35.961 0.6666669846
21830  -44.693  -6.784  35.942 0.7777780294
22573  -45.158  -5.442  34.354 0.8888890147
21464  -44.683  -7.876  35.714 0.5555559993
21836  -45.603  -6.981  34.552 0.5555559993
22216  -45.496  -6.277  34.176 0.6666669846
21051  -44.664  -8.329  35.235 0.1111110002
21465  -45.152  -7.818  35.247 0.2222220004
21466  -45.415  -7.701  34.536 0.3333329856
22574  -45.284  -5.490  33.562 0.8888890147
21840  -45.689  -6.983  33.884 0.3333329856
22217  -45.524  -6.371  33.322 0.5555559993
21841  -45.655  -7.128  33.106 0.3333329856
22567  -44.277  -5.307  35.904 1.0000000000
57477  -45.231  -6.220  34.985 0.7777780294
21831  -45.140  -6.724  35.542 0.6666669846
21834  -45.026  -7.313  35.670 0.5555559993
21835  -45.380  -7.145  35.167 0.5555559993
56941  -45.534  -7.329  32.277 0.2222220004
57832  -43.814  -4.221  36.061 1.0000000000
22923  -44.108  -4.659  35.852 1.0000000000
22568  -44.611  -5.476  35.600 1.0000000000
22211  -44.914  -6.141  35.608 0.7777780294
22927  -44.927  -5.204  34.865 0.8888890147
22930  -44.992  -4.663  34.449 1.0000000000
22931  -45.138  -4.596  33.861 0.8888890147
22934  -45.143  -4.576  32.885 0.8888890147
57188  -45.161  -5.570  32.351 0.7777780294
22936  -44.981  -4.541  31.649 0.7777780294
22219  -45.420  -6.617  32.341 0.4444440007
22577  -44.916  -5.209  31.051 0.6666669846
54888  -45.051  -6.084  31.150 0.3333329856
22937  -44.750  -4.402  30.114 0.7777780294
22221  -45.247  -7.047  31.240 0.2222220004
22924  -44.393  -4.731  35.577 1.0000000000
23265  -44.549  -4.072  35.241 1.0000000000
22926  -44.677  -4.904  35.228 1.0000000000
22571  -44.881  -5.618  35.279 0.8888890147
57916  -44.831  -4.200  34.802 1.0000000000
23271  -45.173  -3.745  32.157 1.0000000000
23274  -45.001  -3.818  31.063 1.0000000000
23272  -45.232  -3.113  31.262 1.0000000000
22579  -44.767  -5.441  29.788 0.6666669846
23275  -44.903  -3.371  29.920 1.0000000000
22939  -44.933  -4.734  28.649 0.6666669846
22222  -44.893  -6.498  29.711 0.2222220004
23278  -44.979  -3.834  28.379 0.8888890147
22224  -45.018  -6.980  28.010 0.2222220004
23263  -44.203  -3.888  35.639 1.0000000000
60158  -44.829  -3.495  34.929 1.0000000000
23268  -45.125  -3.853  34.229 1.0000000000
23269  -45.334  -3.597  33.341 1.0000000000
23276  -45.074  -2.991  28.266 1.0000000000
22580  -45.013  -5.633  27.889 0.3333329856
22940  -45.428  -4.397  26.935 0.5555559993
23279  -46.394  -3.694  26.570 0.6666669846
22582  -46.413  -5.110  26.032 0.4444440007
22942  -47.724  -4.380  26.370 0.5555559993
22583  -49.025  -5.075  26.402 0.2222220004
23604  -44.584  -3.249  35.320 1.0000000000
23266  -45.052  -3.253  34.609 1.0000000000
23612  -45.441  -2.968  34.052 1.0000000000
23616  -45.533  -2.987  32.429 1.0000000000
23617  -45.661  -2.474  31.608 0.8888890147
23619  -45.209  -2.474  30.046 1.0000000000
23620  -45.315  -2.354  28.390 1.0000000000
23622  -46.059  -2.990  26.841 1.0000000000
23282  -48.674  -4.147  26.395 0.6666669846
22943  -49.889  -4.424  26.930 0.3333329856
23280  -48.361  -3.773  26.286 0.8888890147
23283  -50.032  -4.057  26.985 0.5555559993
62410  -50.327  -4.779  27.096 0.2222220004
22944  -50.941  -4.188  27.487 0.5555559993
22585  -50.600  -5.295  27.115 0.2222220004
23608  -44.965  -2.788  35.012 1.0000000000
23613  -45.744  -2.683  33.308 1.0000000000
60724  -45.912  -2.447  32.573 0.8888890147
23961  -45.850  -2.106  27.459 1.0000000000
23966  -47.518  -2.541  26.223 1.0000000000
61850  -47.287  -3.064  26.225 1.0000000000
23624  -49.043  -3.298  26.391 1.0000000000
55747  -50.045  -3.803  26.905 0.6666669846
22946  -51.134  -4.630  27.540 0.2222220004
23284  -51.035  -3.884  27.549 0.6666669846
23286  -51.844  -3.589  27.891 0.5555559993
23956  -45.833  -1.953  30.850 1.0000000000
57522  -45.515  -1.888  29.355 0.8888890147
23965  -46.423  -1.737  26.932 0.8888890147
23625  -50.801  -3.293  27.160 0.7777780294
56880  -52.319  -3.821  28.138 0.5555559993
23971  -49.461  -2.393  26.339 1.0000000000
23287  -52.556  -3.256  28.119 0.7777780294
23627  -51.946  -2.923  27.722 0.8888890147
23975  -51.142  -2.363  27.140 1.0000000000
23628  -52.537  -2.656  27.879 0.7777780294
23976  -52.137  -2.199  27.543 1.0000000000
23631  -52.950  -2.750  27.910 0.7777780294
24315  -52.344  -1.473  27.327 0.7777780294
23980  -52.728  -2.131  27.643 0.8888890147
24313  -51.517  -1.539  27.208 0.7777780294
24655  -52.456  -0.710  27.077 0.6666669846
24316  -52.793  -1.473  27.288 0.7777780294
24318  -53.009  -1.576  27.014 0.6666669846
24319  -53.274  -1.618  26.580 0.4444440007
61548  -53.287  -0.805  25.643 0.2222220004
24663  -53.181  0.056  25.570 0.2222220004
24664  -53.301  -0.302  24.949 0.3333329856
24668  -53.329  0.865  24.255 0.3333329856
24325  -53.283  -0.185  24.014 0.3333329856
52924  -52.705  -0.688  26.872 0.5555559993
24659  -52.820  -0.049  26.524 0.5555559993
24657  -52.942  -0.919  26.653 0.5555559993
25025  -53.027  0.428  25.983 0.4444440007
24660  -53.088  -0.653  26.158 0.4444440007
24670  -53.348  1.089  23.269 0.3333329856
25018  -51.997  0.065  27.007 0.6666669846
25021  -52.512  0.020  26.882 0.6666669846
62359  -52.658  -0.037  26.752 0.5555559993
55944  -53.206  0.848  25.489 0.4444440007
24667  -53.290  0.793  24.996 0.4444440007
25031  -53.531  1.693  24.407 0.4444440007
61560  -52.649  0.522  26.701 0.6666669846
25024  -52.866  0.904  26.330 0.5555559993
25407  -53.492  2.024  25.041 0.4444440007
25030  -53.383  1.522  25.047 0.5555559993
25033  -53.750  1.961  23.655 0.3333329856
25034  -54.207  2.309  22.859 0.4444440007
25409  -53.725  2.184  24.457 0.4444440007
25410  -54.057  2.423  23.855 0.4444440007
56254  -53.861  1.846  22.289 0.3333329856
52198  -55.817  2.500  20.361 0.2222220004
25426  -57.814  3.008  19.172 0.2222220004
25427  -58.511  3.144  18.628 0.2222220004
25429  -58.937  3.152  18.043 0.2222220004
25412  -54.500  2.638  23.266 0.3333329856
25413  -55.022  2.827  22.627 0.3333329856
25036  -54.911  2.589  22.151 0.3333329856
25039  -54.721  2.332  21.529 0.2222220004
25037  -55.611  2.798  21.558 0.2222220004
25040  -55.698  2.626  20.994 0.2222220004
58488  -56.676  2.772  20.089 0.2222220004
25042  -57.214  2.884  19.661 0.2222220004
25423  -57.718  3.297  19.537 0.2222220004
25424  -58.191  3.394  19.100 0.2222220004
62833  -54.585  2.811  23.475 0.3333329856
25416  -55.562  2.958  22.012 0.2222220004
25419  -56.222  2.997  21.030 0.2222220004
25421  -57.103  3.145  19.994 0.2222220004
25832  -59.161  3.625  18.152 0.2222220004
25816  -55.005  3.013  22.996 0.3333329856
25820  -55.411  3.208  22.341 0.2222220004
25417  -55.923  3.078  21.455 0.2222220004
25825  -56.764  3.358  20.387 0.2222220004
25826  -57.456  3.579  19.843 0.2222220004
25830  -58.602  3.732  18.797 0.2222220004
25821  -55.808  3.324  21.647 0.2222220004
25823  -56.234  3.354  21.001 0.3333329856
53099  -56.658  3.782  20.518 0.3333329856
56281  -57.183  3.798  20.108 0.2222220004
25828  -58.068  3.793  19.375 0.3333329856
26250  -59.786  4.332  17.394 0.2222220004
26669  -59.829  4.632  16.213 0.2222220004
52646  -59.692  4.841  16.011 0.2222220004
26239  -56.110  3.750  21.151 0.2222220004
26653  -56.439  4.204  20.616 0.2222220004
26241  -57.155  4.149  20.102 0.2222220004
26656  -57.075  4.520  20.069 0.2222220004
26242  -57.659  4.017  19.781 0.3333329856
59712  -57.665  4.404  19.701 0.3333329856
60927  -58.047  4.229  19.446 0.3333329856
26245  -58.455  4.229  19.023 0.3333329856
26249  -59.475  4.253  17.887 0.2222220004
26246  -58.971  4.220  18.468 0.2222220004
26662  -59.180  4.733  18.131 0.3333329856
26663  -59.609  4.778  17.605 0.3333329856
56626  -59.855  4.120  17.004 0.2222220004
26252  -59.839  4.676  16.943 0.2222220004
27091  -59.409  5.012  15.797 0.2222220004
27501  -59.040  5.060  15.441 0.2222220004
27937  -57.790  4.520  14.035 0.2222220004
26657  -57.579  4.745  19.503 0.3333329856
26244  -58.136  4.589  19.225 0.3333329856
26659  -58.652  4.692  18.676 0.3333329856
26666  -59.582  5.309  17.284 0.3333329856
27086  -59.760  4.999  16.605 0.3333329856
27089  -59.422  5.414  16.401 0.2222220004
27088  -59.485  5.626  16.913 0.3333329856
27498  -59.203  5.417  16.085 0.2222220004
27500  -58.896  5.502  16.055 0.2222220004
27930  -58.519  5.147  15.395 0.2222220004
58990  -56.066  4.203  12.030 0.2222220004
51916  -56.966  4.351  13.348 0.2222220004
63203  -59.287  5.151  17.791 0.3333329856
27497  -59.135  5.714  16.430 0.2222220004
27936  -57.630  4.812  14.766 0.2222220004
59100  -56.190  4.313  13.082 0.2222220004
27083  -58.819  5.155  18.226 0.3333329856
62570  -59.351  5.659  17.253 0.3333329856
27915  -57.760  5.653  17.525 0.2222220004
27919  -58.079  5.795  17.071 0.2222220004
62248  -59.263  5.801  16.733 0.3333329856
28357  -57.608  5.470  16.319 0.2222220004
27924  -58.205  5.694  16.500 0.2222220004
27929  -58.298  5.394  15.862 0.2222220004
28362  -57.799  5.283  15.754 0.2222220004
27082  -58.397  5.407  18.161 0.2222220004
27491  -58.573  5.677  17.611 0.3333329856
26665  -59.084  5.573  17.673 0.3333329856
27492  -59.094  5.823  17.152 0.3333329856
27920  -58.610  5.880  16.784 0.2222220004
27495  -58.854  5.896  16.808 0.2222220004
27925  -58.763  5.672  16.333 0.2222220004
27494  -58.532  5.833  17.178 0.3333329856
24328  -53.267  -0.177  23.265 0.3333329856
57670  -14.345  -10.515  45.259 0.4444440007
19525  -14.582  -13.681  42.734 0.3333329856
20219  -16.498  -13.109  41.131 0.5555559993
19872  -16.449  -13.918  41.833 0.3333329856
19529  -15.306  -14.128  42.393 0.3333329856
21777  -17.947  -6.899  43.023 0.3333329856
21433  -32.330  -7.352  40.901 0.6666669846
59473  -21.375  -13.335  43.145 0.3333329856
21444  -34.073  -7.349  37.155 0.5555559993
20240  -27.662  -12.388  37.267 0.3333329856
21796  -31.543  -6.702  41.927 0.6666669846
58223  -31.838  -6.189  42.086 0.4444440007
22183  -34.824  -6.151  40.912 0.7777780294
19541  -24.100  -13.001  44.016 0.2222220004
19891  -28.770  -13.734  39.853 0.3333329856
21015  -24.024  -9.016  40.815 0.6666669846
19551  -28.773  -13.949  40.659 0.2222220004
21424  -25.727  -7.101  39.375 0.6666669846
19545  -25.377  -12.824  42.746 0.2222220004
21041  -40.937  -9.703  36.268 0.1111110002
22559  -39.769  -6.113  31.927 1.0000000000
21055  -45.033  -8.275  34.622 0.2222220004
22225  -45.318  -6.262  26.315 0.2222220004
22227  -47.418  -6.351  25.660 0.2222220004
23981  -53.176  -2.273  27.511 0.8888890147
24652  -50.946  -0.896  27.016 0.7777780294
25028  -53.168  1.382  25.692 0.5555559993
24673  -53.226  0.487  22.543 0.3333329856
56914  -53.727  2.452  24.440 0.4444440007
25420  -56.508  2.875  20.540 0.2222220004
63518  -59.810  4.551  15.712 0.2222220004
59094  -57.058  4.775  14.769 0.2222220004
21033  -33.649  -7.828  36.792 0.1111110002
21446  -34.567  -7.450  35.892 0.3333329856
21034  -34.413  -8.441  35.063 0.1111110002
21036  -35.544  -8.847  33.967 0.2222220004
56757  -33.857  -7.083  38.668 0.4444440007
21031  -33.291  -7.574  38.143 0.4444440007
20657  -33.220  -8.565  36.275 0.1111110002
20661  -32.764  -9.995  34.190 0.1111110002
20662  -33.801  -9.448  34.681 0.1111110002
61865  -34.465  -9.597  33.888 0.1111110002
20665  -35.345  -9.740  33.243 0.1111110002
55776  -33.750  -11.334  33.512 0.1111110002
20664  -34.865  -11.164  33.299 0.1111110002
19900  -34.166  -13.501  36.061 0.1111110002
20248  -33.830  -12.054  34.929 0.1111110002
62078  -35.054  -12.425  35.017 0.1111110002
20656  -32.516  -8.317  36.522 0.2222220004
20660  -31.657  -10.087  34.222 0.2222220004
20247  -32.701  -12.136  34.695 0.1111110002
19899  -32.847  -13.778  36.019 0.1111110002
20986  -14.105  -9.336  47.065 0.3333329856
21027  -33.416  -7.387  40.438 0.6666669846
21029  -32.394  -7.699  37.887 0.2222220004
22551  -35.354  -5.103  38.216 0.7777780294
20655  -31.060  -8.861  35.331 0.2222220004
22907  -35.485  -4.972  40.049 0.3333329856
22908  -35.511  -4.795  38.996 0.5555559993
19897  -31.580  -14.094  36.210 0.1111110002
20246  -31.372  -12.119  34.734 0.1111110002
21398  -14.327  -7.962  47.141 0.2222220004
21391  -13.838  -8.743  47.449 0.3333329856
21764  -14.133  -7.160  47.195 0.1111110002
22149  -14.618  -6.390  46.989 0.1111110002
21434  -32.869  -7.420  40.597 0.3333329856
61075  -33.511  -7.296  41.107 0.7777780294
56937  -32.193  -7.487  39.455 0.2222220004
21026  -32.757  -7.499  39.516 0.2222220004
21030  -33.115  -7.617  39.050 0.2222220004
20650  -31.695  -7.619  37.848 0.2222220004
60874  -36.667  -5.694  33.156 0.6666669846
20654  -29.946  -8.886  35.595 0.2222220004
22547  -35.201  -5.510  40.691 0.4444440007
22910  -35.386  -4.853  37.248 0.5555559993
62450  -35.569  -5.304  35.289 0.5555559993
20244  -30.088  -12.049  34.781 0.2222220004
22904  -35.361  -4.860  40.581 0.3333329856
57044  -35.614  -4.348  39.522 0.3333329856
23251  -35.367  -4.556  36.676 0.5555559993
23244  -35.129  -4.301  40.646 0.2222220004
22906  -35.515  -4.339  40.199 0.2222220004
23249  -35.540  -4.368  38.408 0.3333329856
55972  -35.618  -3.869  39.757 0.2222220004
23248  -35.595  -3.802  38.889 0.1111110002
59779  -35.444  -4.091  37.769 0.1111110002
20992  -14.607  -9.126  46.598 0.3333329856
20614  -14.719  -9.571  45.825 0.3333329856
21392  -14.486  -8.642  46.992 0.2222220004
56421  -14.879  -8.531  46.579 0.3333329856
21765  -14.777  -7.200  46.871 0.2222220004
22150  -15.240  -6.388  46.652 0.1111110002
20653  -28.919  -8.907  35.966 0.1111110002
20243  -28.895  -12.037  35.556 0.1111110002
56807  -34.948  -5.015  40.963 0.3333329856
22913  -37.067  -5.491  32.381 0.5555559993
22912  -35.666  -5.078  34.900 0.5555559993
19896  -30.293  -14.354  36.679 0.1111110002
23588  -35.240  -4.248  35.967 0.1111110002
23253  -35.892  -4.772  34.081 0.2222220004
23247  -35.262  -3.586  40.162 0.1111110002
23583  -35.473  -3.306  39.469 0.1111110002
23586  -35.348  -3.157  38.527 0.1111110002
23587  -35.292  -3.659  37.512 0.1111110002
18580  -32.569  -15.867  38.928 0.1111110002
20993  -15.040  -8.828  46.058 0.3333329856
21399  -14.879  -7.956  46.737 0.2222220004
58033  -15.495  -8.511  45.533 0.3333329856
21766  -15.301  -7.176  46.430 0.1111110002
21767  -15.851  -7.094  45.862 0.1111110002
22151  -15.786  -6.298  46.212 0.2222220004
19874  -17.730  -14.007  41.910 0.3333329856
19875  -19.219  -14.224  42.385 0.3333329856
19876  -20.528  -14.028  43.243 0.2222220004
21024  -31.245  -7.316  39.968 0.1111110002
21025  -31.822  -7.398  39.781 0.3333329856
56356  -21.444  -13.617  43.704 0.2222220004
54996  -30.208  -7.510  38.133 0.1111110002
19878  -22.204  -13.224  43.819 0.1111110002
20649  -30.953  -7.517  37.944 0.2222220004
19538  -22.112  -13.751  43.905 0.1111110002
56966  -22.828  -12.969  44.089 0.1111110002
20241  -28.109  -12.088  36.401 0.1111110002
22545  -34.305  -5.109  41.322 0.4444440007
19895  -29.389  -14.205  37.500 0.1111110002
55960  -25.009  -13.115  43.004 0.1111110002
19216  -25.613  -13.170  42.400 0.1111110002
59571  -30.158  -14.534  39.193 0.1111110002
19556  -30.767  -14.712  38.732 0.1111110002
23591  -36.361  -4.130  32.793 0.1111110002
18885  -25.656  -13.693  41.674 0.1111110002
61344  -30.884  -14.526  39.871 0.1111110002
19217  -26.451  -13.211  41.716 0.1111110002
19224  -30.917  -14.471  40.198 0.1111110002
23582  -34.986  -2.839  39.702 0.1111110002
23590  -35.037  -3.800  35.297 0.1111110002
18567  -25.935  -14.083  40.665 0.1111110002
18889  -26.793  -13.822  41.138 0.1111110002
18899  -31.917  -14.948  39.489 0.1111110002
23926  -34.863  -3.037  36.922 0.1111110002
18570  -25.976  -14.614  39.656 0.1111110002
61476  -31.198  -14.586  40.068 0.1111110002
18893  -26.913  -14.065  40.628 0.1111110002
18575  -30.755  -15.096  39.038 0.1111110002
18901  -31.871  -15.148  39.314 0.1111110002
18238  -26.036  -15.227  38.627 0.1111110002
18239  -26.504  -15.671  37.850 0.1111110002
18578  -30.329  -15.654  37.999 0.1111110002
18579  -31.515  -15.740  38.577 0.1111110002
18241  -27.505  -15.916  37.241 0.1111110002
18243  -28.868  -16.207  36.718 0.1111110002
17893  -26.844  -16.837  36.088 0.1111110002
17897  -29.504  -17.117  35.976 0.1111110002
17894  -28.004  -17.103  35.505 0.1111110002
22155  -16.418  -6.225  45.687 0.2222220004
22509  -16.424  -5.457  46.190 0.1111110002
55396  -28.086  -9.008  36.365 0.2222220004
22916  -41.622  -5.180  33.499 0.8888890147
22915  -40.026  -5.101  31.827 0.4444440007
22917  -42.453  -5.095  34.996 0.8888890147
19893  -28.982  -14.058  38.414 0.1111110002
22903  -34.471  -4.341  40.991 0.2222220004
23254  -37.694  -4.892  31.300 0.3333329856
19548  -26.847  -13.132  41.548 0.1111110002
23256  -40.670  -3.691  32.438 0.1111110002
52692  -27.366  -13.411  41.239 0.1111110002
19553  -30.281  -14.141  40.014 0.1111110002
23592  -39.071  -3.748  30.719 0.1111110002
18890  -27.740  -14.017  40.943 0.1111110002
19222  -30.525  -14.295  40.418 0.1111110002
23246  -34.625  -3.603  40.602 0.1111110002
18896  -30.271  -14.200  40.532 0.1111110002
18894  -28.244  -14.172  40.833 0.1111110002
23931  -35.962  -3.274  32.525 0.1111110002
56635  -27.340  -14.322  39.749 0.1111110002
18571  -28.366  -14.630  39.968 0.1111110002
18898  -29.704  -14.777  39.585 0.1111110002
19225  -31.444  -14.759  39.757 0.1111110002
23585  -35.121  -2.689  39.073 0.1111110002
59864  -27.391  -14.819  38.926 0.1111110002
18574  -28.209  -15.058  38.624 0.1111110002
18242  -29.288  -15.347  38.208 0.1111110002
21400  -15.340  -8.009  46.154 0.2222220004
21401  -15.947  -7.849  45.338 0.2222220004
21774  -16.509  -7.026  45.117 0.3333329856
55757  -17.093  -6.234  45.004 0.1111110002
22158  -17.646  -6.320  44.207 0.1111110002
22513  -17.162  -5.505  45.717 0.1111110002
19892  -28.983  -13.866  39.218 0.2222220004
22541  -32.912  -5.471  41.824 0.1111110002
22544  -33.616  -5.247  41.590 0.2222220004
22901  -32.966  -4.697  41.582 0.1111110002
60358  -41.583  -4.314  33.360 0.3333329856
23258  -42.505  -3.357  35.277 0.4444440007
19549  -27.660  -13.563  41.032 0.1111110002
19552  -29.508  -14.018  40.297 0.2222220004
22902  -33.709  -4.465  41.298 0.1111110002
23257  -41.972  -3.393  34.201 0.3333329856
19219  -28.170  -13.775  40.842 0.1111110002
54788  -29.807  -14.120  40.596 0.1111110002
23243  -33.751  -3.508  40.920 0.1111110002
23596  -41.611  -2.598  33.889 0.2222220004
19221  -29.169  -14.064  40.613 0.1111110002
18895  -28.790  -14.436  40.386 0.1111110002
23579  -34.075  -2.962  40.486 0.1111110002
23581  -34.597  -2.915  40.178 0.1111110002
61389  -35.009  -2.595  38.217 0.1111110002
21783  -22.955  -6.660  41.636 0.1111110002
22540  -32.144  -5.563  41.966 0.1111110002
56649  -42.248  -4.234  34.649 0.7777780294
57241  -43.233  -4.189  36.023 0.7777780294
55885  -42.745  -4.196  35.551 0.7777780294
61181  -32.373  -4.941  41.822 0.1111110002
23598  -42.803  -2.544  35.620 0.4444440007
22159  -18.454  -6.167  43.790 0.1111110002
62464  -20.424  -6.055  42.206 0.1111110002
21795  -30.676  -6.572  41.976 0.4444440007
60637  -30.308  -6.817  41.719 0.4444440007
22177  -31.054  -6.151  42.202 0.4444440007
57245  -30.229  -6.085  42.342 0.3333329856
22539  -31.381  -5.535  42.181 0.1111110002
22538  -30.607  -5.497  42.374 0.1111110002
23259  -43.059  -3.377  35.810 0.7777780294
61928  -23.125  -6.571  41.652 0.5555559993
21785  -23.896  -5.861  41.621 0.5555559993
21787  -24.479  -6.051  41.246 0.5555559993
61319  -28.139  -6.395  41.824 0.5555559993
22174  -28.986  -6.433  41.975 0.3333329856
22175  -29.359  -6.000  42.432 0.3333329856
22176  -29.879  -6.488  42.030 0.4444440007
23603  -44.290  -2.937  35.674 0.8888890147
23262  -43.898  -3.390  35.942 0.7777780294
22537  -29.779  -5.415  42.636 0.1111110002
21790  -27.250  -6.480  40.842 0.5555559993
23602  -43.929  -2.611  36.008 0.6666669846
23607  -44.735  -2.455  35.415 0.7777780294
23943  -44.418  -2.158  35.785 0.5555559993
61700  -44.456  -1.515  35.801 0.5555559993
23609  -45.358  -2.420  34.552 0.7777780294
23946  -44.850  -1.710  35.515 0.6666669846
22947  -51.742  -4.144  27.914 0.4444440007
23947  -45.181  -2.001  35.057 0.6666669846
22950  -52.842  -4.363  27.888 0.4444440007
22948  -52.375  -4.398  27.994 0.4444440007
24289  -45.279  -1.186  35.135 0.6666669846
24628  -45.158  -0.282  35.175 0.3333329856
24627  -44.429  -0.275  35.552 0.2222220004
56995  -44.654  0.415  35.249 0.1111110002
23289  -52.769  -3.829  28.150 0.5555559993
22952  -53.696  -4.281  27.456 0.4444440007
56852  -53.222  -3.980  27.848 0.6666669846
23951  -45.787  -2.161  33.936 0.6666669846
23948  -45.701  -1.529  34.512 0.6666669846
24291  -45.723  -0.655  34.677 0.4444440007
23296  -54.357  -3.560  26.947 0.3333329856
23985  -53.516  -2.296  27.052 0.5555559993
23297  -54.700  -3.791  26.391 0.4444440007
23640  -54.342  -3.146  26.625 0.4444440007
23987  -53.869  -2.462  26.481 0.4444440007
23641  -54.472  -3.105  26.076 0.4444440007
24631  -45.677  0.141  34.631 0.3333329856
24988  -45.217  0.483  34.932 0.3333329856
23290  -53.136  -3.339  28.056 0.6666669846
23292  -53.672  -3.485  27.701 0.6666669846
23293  -54.105  -3.922  27.264 0.5555559993
59943  -54.038  -3.315  27.343 0.4444440007
23635  -53.671  -2.847  27.456 0.6666669846
23636  -54.024  -2.915  27.033 0.4444440007
23952  -46.090  -2.034  33.133 0.6666669846
24292  -46.150  -1.460  33.716 0.6666669846
59988  -46.061  -0.903  34.137 0.6666669846
23632  -53.351  -2.919  27.790 0.6666669846
24654  -51.792  -0.755  27.069 0.5555559993
25017  -51.445  0.796  27.093 0.4444440007
56793  -50.799  1.350  27.098 0.3333329856
25397  -51.583  1.478  27.000 0.3333329856
25020  -52.239  0.875  26.937 0.4444440007
25792  -50.829  1.820  26.842 0.3333329856
25399  -52.184  1.698  26.827 0.4444440007
25398  -51.633  1.973  26.834 0.3333329856
25400  -52.665  1.317  26.670 0.5555559993
25796  -51.301  2.268  26.602 0.3333329856
25797  -52.015  2.267  26.623 0.3333329856
25800  -51.730  2.670  26.233 0.2222220004
23955  -46.154  -2.022  32.123 0.6666669846
55867  -46.445  -1.468  32.762 0.6666669846
24632  -46.092  -0.227  34.114 0.2222220004
24651  -50.970  -0.013  27.021 0.5555559993
25016  -50.637  0.791  27.137 0.4444440007
25396  -49.988  1.596  27.071 0.3333329856
25403  -52.941  1.698  26.187 0.3333329856
25402  -52.568  2.021  26.501 0.4444440007
25801  -52.356  2.577  26.194 0.3333329856
24294  -46.430  -0.707  33.391 0.6666669846
23959  -46.398  -1.515  31.530 0.6666669846
24312  -50.360  -1.535  26.814 0.7777780294
25389  -48.835  0.792  27.303 0.3333329856
25013  -49.661  0.418  27.079 0.5555559993
25015  -49.955  1.209  27.214 0.3333329856
25802  -52.812  2.323  25.943 0.4444440007
25805  -52.588  2.831  25.575 0.3333329856
24297  -46.731  -0.869  32.257 0.6666669846
23960  -46.045  -1.456  29.996 0.6666669846
61844  -45.688  -1.639  28.878 0.7777780294
63199  -46.615  -0.210  32.768 0.5555559993
24647  -47.342  -0.021  27.462 0.5555559993
23970  -47.677  -1.641  26.293 0.7777780294
24307  -47.768  -0.808  26.640 0.5555559993
24308  -48.989  -1.231  26.356 0.6666669846
24648  -48.654  -0.250  26.756 0.5555559993
24311  -49.936  -0.619  26.856 0.6666669846
24650  -48.204  0.615  27.368 0.3333329856
25406  -53.195  2.097  25.543 0.3333329856
25806  -53.016  2.647  25.241 0.3333329856
24298  -46.690  -0.954  30.925 0.6666669846
24302  -46.395  -0.855  29.428 0.7777780294
23964  -45.965  -1.380  28.414 0.7777780294
24303  -46.550  -0.810  27.528 0.6666669846
25807  -53.426  2.500  24.817 0.3333329856
21781  -22.683  -6.740  41.715 0.1111110002
21780  -21.566  -6.404  41.475 0.1111110002
21789  -26.062  -6.357  40.989 0.6666669846
62423  -34.673  -13.002  35.625 0.1111110002
19557  -31.948  -14.788  38.358 0.1111110002
18247  -32.094  -16.627  38.296 0.1111110002
60710  -34.735  -3.182  34.628 0.1111110002
18246  -30.690  -16.392  37.433 0.1111110002
23595  -40.614  -2.191  32.809 0.1111110002
23260  -43.580  -3.393  36.037 0.7777780294
23599  -43.365  -2.632  35.979 0.7777780294
21788  -25.581  -6.017  41.701 0.5555559993
24288  -44.746  -0.983  35.567 0.4444440007
21037  -36.882  -9.621  33.022 0.3333329856
21039  -38.450  -9.635  34.077 0.4444440007
21040  -39.951  -9.625  35.174 0.3333329856
20670  -39.445  -10.332  35.514 0.2222220004
57972  -40.338  -9.924  36.027 0.2222220004
23597  -42.188  -2.497  34.983 0.2222220004
23936  -41.763  -1.669  34.533 0.2222220004
23939  -43.609  -2.057  36.037 0.5555559993
23942  -44.022  -1.782  35.973 0.4444440007
24639  -46.857  -0.101  31.744 0.5555559993
24643  -46.933  -0.323  30.338 0.4444440007
24644  -46.834  -0.217  28.934 0.3333329856
63489  -47.051  0.218  29.830 0.3333329856
24646  -47.227  0.555  28.692 0.3333329856
25809  -53.320  3.086  24.493 0.3333329856
26230  -53.214  3.665  24.207 0.2222220004
27064  -54.100  4.580  22.538 0.1111110002
62063  -54.389  4.423  22.968 0.2222220004
26648  -54.661  4.620  22.480 0.2222220004
27069  -54.910  4.745  21.908 0.1111110002
26651  -55.353  4.646  21.585 0.2222220004
27072  -54.966  4.839  21.285 0.2222220004
27075  -55.196  4.911  20.762 0.2222220004
26649  -55.067  4.512  22.206 0.1111110002
27481  -55.399  5.042  19.929 0.1111110002
27073  -55.627  4.709  20.957 0.2222220004
26655  -56.315  4.582  20.479 0.1111110002
27076  -55.824  4.843  20.289 0.2222220004
27482  -56.292  4.976  19.623 0.2222220004
27077  -56.788  4.744  19.850 0.2222220004
27079  -57.245  4.990  19.238 0.2222220004
27485  -56.596  5.130  19.062 0.2222220004
27486  -57.598  5.233  18.626 0.1111110002
27488  -56.855  5.281  18.545 0.1111110002
27489  -57.877  5.487  18.065 0.1111110002
27908  -55.638  5.201  19.058 0.1111110002
27912  -57.250  5.436  18.022 0.1111110002
27914  -56.619  5.345  18.039 0.1111110002
61270  -58.086  5.670  17.635 0.2222220004
27918  -57.282  5.520  17.511 0.2222220004
28352  -57.290  5.481  17.034 0.1111110002
26231  -53.814  3.596  23.843 0.2222220004
53302  -27.359  -6.128  42.069 0.3333329856
21784  -23.442  -5.800  42.163 0.1111110002
21046  -42.716  -8.637  36.106 0.3333329856
21483  -50.713  -9.600  27.040 0.1111110002
61332  -51.372  -8.731  27.227 0.1111110002
21860  -52.625  -7.602  27.624 0.1111110002
21072  -51.968  -9.555  27.771 0.1111110002
21486  -52.371  -8.591  27.687 0.1111110002
21863  -53.315  -7.621  27.829 0.1111110002
22953  -53.777  -5.089  27.146 0.1111110002
22592  -53.580  -5.692  27.264 0.1111110002
21855  -48.838  -7.365  25.880 0.1111110002
22228  -49.671  -6.153  26.392 0.1111110002
21485  -50.037  -8.394  26.454 0.1111110002
21858  -50.281  -7.107  26.637 0.1111110002
22230  -51.073  -6.252  27.099 0.1111110002
21859  -51.480  -7.561  27.200 0.1111110002
22231  -52.134  -6.398  27.509 0.1111110002
22589  -52.707  -5.080  27.665 0.1111110002
22232  -52.715  -6.049  27.597 0.1111110002
60926  -52.838  -6.906  27.610 0.1111110002
22590  -53.174  -5.864  27.455 0.1111110002
57556  -53.238  -4.857  27.502 0.1111110002
22234  -53.285  -6.796  27.615 0.1111110002
22235  -53.838  -6.617  27.402 0.1111110002
22586  -51.602  -5.354  27.553 0.1111110002
56493  -51.886  -4.696  27.844 0.1111110002
22587  -52.246  -5.271  27.725 0.1111110002
25012  -48.026  0.960  27.938 0.1111110002
25811  -54.165  2.765  23.856 0.2222220004
26227  -52.836  3.182  24.891 0.2222220004
25814  -54.329  3.407  23.584 0.2222220004
26644  -54.385  4.048  23.347 0.1111110002
26642  -53.679  4.170  23.318 0.1111110002
25810  -53.813  2.950  24.141 0.2222220004
26645  -54.778  4.315  22.813 0.1111110002
20667  -38.265  -10.378  34.502 0.2222220004
24283  -43.516  -1.412  35.986 0.2222220004
24286  -44.056  -0.970  35.838 0.2222220004
24285  -43.322  -0.671  35.812 0.1111110002
24623  -43.744  -0.164  35.694 0.1111110002
22955  -54.445  -4.461  26.684 0.1111110002
23645  -54.515  -3.055  25.329 0.3333329856
23989  -53.459  -1.598  26.019 0.2222220004
23990  -53.962  -2.355  25.737 0.2222220004
24322  -53.539  -1.463  25.339 0.2222220004
24323  -53.542  -1.262  24.533 0.2222220004
23994  -53.461  -1.122  23.688 0.2222220004
23992  -53.951  -2.227  24.956 0.2222220004
24331  -53.260  -0.961  22.817 0.2222220004
21048  -43.386  -8.722  35.712 0.1111110002
61743  -53.462  1.258  21.565 0.2222220004
61579  -54.055  -4.577  27.075 0.2222220004
23300  -55.004  -3.967  25.639 0.3333329856
21056  -45.222  -8.344  33.880 0.1111110002
21844  -45.567  -7.789  32.658 0.1111110002
21476  -45.432  -8.617  32.003 0.1111110002
21473  -45.505  -8.179  32.882 0.1111110002
21847  -45.369  -7.988  31.367 0.1111110002
21477  -45.323  -9.125  30.585 0.1111110002
21851  -45.606  -7.502  26.189 0.1111110002
21063  -45.737  -10.333  29.752 0.1111110002
21848  -45.108  -7.569  29.828 0.1111110002
61096  -45.194  -8.522  29.796 0.1111110002
58280  -45.199  -8.247  28.079 0.1111110002
21479  -45.710  -9.569  28.350 0.1111110002
23938  -43.112  -1.888  35.889 0.2222220004
22172  -28.342  -5.944  42.546 0.2222220004
22171  -26.487  -5.810  42.535 0.2222220004
22170  -25.548  -5.649  42.568 0.1111110002
22169  -24.786  -5.513  42.642 0.2222220004
62990  -38.923  -10.747  35.477 0.1111110002
24998  -46.462  0.427  32.694 0.1111110002
25815  -54.728  3.188  23.285 0.1111110002
24642  -46.868  0.450  30.837 0.1111110002
26223  -52.120  3.007  25.695 0.1111110002
61773  -52.444  3.220  25.176 0.1111110002
62276  -49.291  1.495  27.301 0.1111110002
27503  -58.560  4.712  14.512 0.1111110002
27504  -58.928  4.753  14.657 0.1111110002
27506  -57.881  4.190  13.205 0.1111110002
26233  -54.815  3.787  23.078 0.1111110002
25819  -55.157  3.483  22.699 0.1111110002
27511  -57.079  3.805  11.355 0.1111110002
26236  -55.590  3.733  21.914 0.1111110002
27510  -55.927  4.453  9.518 0.1111110002
26235  -55.171  4.054  22.451 0.1111110002
27941  -56.751  4.053  12.150 0.1111110002
51302  -55.668  4.320  10.594 0.1111110002
26650  -55.474  4.276  21.754 0.1111110002
26238  -55.950  4.005  21.266 0.1111110002
51950  -55.087  5.326  8.810 0.1111110002
51598  -54.863  4.703  10.387 0.1111110002
27944  -55.693  6.432  7.902 0.1111110002
28374  -55.879  8.488  7.758 0.1111110002
29602  -59.182  12.391  7.748 0.1111110002
59309  -55.158  7.075  7.929 0.1111110002
54488  -56.784  10.164  8.042 0.1111110002
29202  -58.622  11.336  8.103 0.1111110002
29204  -58.906  11.790  8.257 0.1111110002
29600  -59.054  12.511  8.523 0.1111110002
29604  -59.302  12.410  7.153 0.1111110002
58826  -54.343  6.562  8.256 0.1111110002
51927  -56.156  10.344  8.400 0.1111110002
58823  -55.096  8.657  7.976 0.1111110002
28796  -57.699  11.408  8.812 0.1111110002
57433  -58.205  11.379  8.445 0.1111110002
29201  -58.728  12.101  8.980 0.1111110002
63229  -59.258  12.932  7.686 0.1111110002
30011  -59.282  13.022  7.207 0.1111110002
27080  -58.131  5.044  18.843 0.1111110002
28366  -55.745  4.444  13.931 0.1111110002
51736  -54.473  4.615  11.454 0.1111110002
51530  -54.093  8.573  8.382 0.1111110002
51303  -57.195  11.509  9.221 0.1111110002
29198  -58.371  12.131  9.438 0.1111110002
62158  -58.947  12.705  9.359 0.1111110002
29599  -59.011  12.878  9.319 0.1111110002
30008  -59.201  13.080  8.305 0.1111110002
28361  -57.036  5.034  15.576 0.1111110002
51528  -53.562  6.118  9.191 0.1111110002
30004  -59.150  13.252  9.035 0.1111110002
30403  -59.193  13.693  7.962 0.1111110002
30406  -59.150  13.588  7.082 0.1111110002
29195  -57.844  12.188  9.984 0.1111110002
63197  -58.398  12.689  10.179 0.1111110002
58140  -58.676  12.685  9.781 0.1111110002
30007  -59.198  13.667  8.734 0.1111110002
30407  -58.752  13.915  6.076 0.1111110002
30402  -59.038  14.311  7.564 0.1111110002
29594  -58.860  13.093  9.905 0.1111110002
54924  -59.067  14.521  8.218 0.1111110002
30405  -58.925  14.129  6.825 0.1111110002
30001  -59.028  13.491  9.734 0.1111110002
57043  -27.422  -5.708  42.957 0.1111110002
29597  -58.893  12.402  8.964 0.1111110002
59016  -55.405  10.511  8.823 0.1111110002
21756  -13.681  -7.871  47.485 0.1111110002
20985  -13.559  -9.568  47.474 0.2222220004
21763  -13.446  -7.079  47.497 0.1111110002
20608  -13.733  -10.051  47.010 0.2222220004
20205  -13.828  -10.601  46.240 0.2222220004
20209  -13.432  -11.346  46.045 0.2222220004
19865  -13.458  -11.997  44.931 0.2222220004
19530  -16.595  -14.770  42.651 0.2222220004
52197  -17.518  -15.898  43.764 0.2222220004
19531  -18.014  -15.361  43.444 0.2222220004
19201  -18.446  -15.885  44.560 0.2222220004
18553  -18.587  -16.319  45.355 0.2222220004
18873  -19.297  -16.062  45.303 0.2222220004
18555  -19.390  -16.488  45.451 0.1111110002
19202  -19.213  -15.728  44.858 0.2222220004
18874  -19.922  -16.018  45.054 0.2222220004
18556  -20.056  -16.625  45.202 0.1111110002
18875  -20.636  -16.001  44.744 0.1111110002
18557  -20.864  -16.567  44.786 0.1111110002
57768  -17.473  -14.636  42.519 0.2222220004
19532  -19.053  -15.306  44.095 0.2222220004
19206  -19.863  -15.120  44.337 0.2222220004
19203  -19.854  -15.506  44.822 0.2222220004
19535  -19.730  -14.686  43.613 0.2222220004
22956  -54.922  -4.726  26.015 0.1111110002
22957  -55.261  -4.927  25.466 0.1111110002
22598  -55.287  -5.829  25.599 0.1111110002
22958  -55.611  -5.574  25.033 0.1111110002
22602  -56.110  -6.254  24.614 0.1111110002
22251  -57.530  -7.103  23.875 0.1111110002
23301  -55.375  -4.679  25.006 0.1111110002
22962  -56.227  -6.176  24.102 0.1111110002
22961  -55.761  -5.408  24.524 0.1111110002
22603  -56.849  -6.852  24.316 0.1111110002
22607  -57.583  -7.032  23.236 0.1111110002
21888  -58.067  -7.302  23.508 0.1111110002
22605  -56.910  -6.747  23.714 0.1111110002
23305  -54.958  -3.804  24.853 0.1111110002
23306  -55.350  -4.554  24.382 0.1111110002
20613  -14.225  -9.829  46.438 0.2222220004
18554  -18.893  -16.502  45.573 0.1111110002
19534  -18.591  -14.775  43.009 0.2222220004
22596  -54.691  -5.560  26.241 0.1111110002
22599  -55.953  -6.435  25.125 0.1111110002
22966  -55.751  -5.329  23.966 0.1111110002
19515  -10.183  -13.556  47.707 0.1111110002
19187  -10.502  -14.261  47.420 0.1111110002
21388  -11.806  -8.154  47.903 0.1111110002
20982  -11.243  -8.939  47.900 0.1111110002
19516  -10.886  -13.485  47.401 0.1111110002
55101  -9.913  -12.778  47.770 0.1111110002
19188  -11.169  -14.085  46.821 0.1111110002
19856  -9.161  -12.760  47.892 0.1111110002
21389  -12.441  -8.555  47.925 0.1111110002
20983  -12.005  -9.077  47.963 0.1111110002
52243  -11.435  -13.399  46.968 0.1111110002
54048  -11.308  -12.790  47.360 0.1111110002
57155  -9.624  -12.046  47.825 0.1111110002
55573  -12.556  -7.877  47.863 0.1111110002
19857  -10.662  -12.771  47.635 0.1111110002
55472  -12.288  -9.809  47.885 0.1111110002
55473  -11.531  -9.787  47.961 0.1111110002
20605  -11.832  -10.613  47.815 0.1111110002
57153  -11.204  -12.059  47.601 0.1111110002
19517  -11.843  -12.861  46.836 0.1111110002
20604  -11.040  -10.505  47.888 0.1111110002
20200  -11.163  -11.271  47.733 0.1111110002
19858  -11.797  -12.146  47.304 0.1111110002
19518  -12.326  -12.237  46.791 0.1111110002
19523  -13.075  -12.646  44.832 0.1111110002
19197  -17.249  -16.444  44.216 0.1111110002
18872  -17.911  -16.424  44.966 0.1111110002
20984  -12.694  -9.147  47.873 0.1111110002
56237  -12.960  -9.738  47.726 0.1111110002
20606  -12.588  -10.400  47.697 0.1111110002
20202  -12.282  -10.990  47.606 0.1111110002
57049  -12.323  -11.548  47.293 0.1111110002
19859  -12.894  -11.596  46.676 0.1111110002
19864  -13.134  -11.973  45.780 0.1111110002
19195  -14.890  -14.926  42.496 0.1111110002
19196  -16.208  -15.445  42.690 0.1111110002
18877  -20.509  -15.407  44.519 0.1111110002
57696  -21.300  -15.951  44.409 0.1111110002
60979  -13.122  -7.692  47.707 0.1111110002
21390  -13.105  -8.453  47.768 0.1111110002
61631  -13.255  -9.152  47.693 0.1111110002
20607  -13.186  -10.242  47.416 0.1111110002
20204  -13.335  -10.778  46.879 0.1111110002
19207  -20.526  -14.840  44.268 0.1111110002
18878  -21.220  -15.306  44.257 0.1111110002
19208  -21.247  -14.631  44.054 0.1111110002
19209  -21.968  -14.463  43.932 0.1111110002
19537  -21.357  -14.050  43.832 0.1111110002
23937  -42.388  -1.610  35.497 0.1111110002
24282  -42.892  -1.126  35.807 0.1111110002
24991  -46.011  0.541  34.060 0.1111110002
24635  -46.351  0.137  33.460 0.1111110002
25833  -59.652  3.805  17.372 0.1111110002
25430  -59.255  3.308  17.541 0.1111110002
25047  -58.342  2.892  18.027 0.1111110002
60339  -58.854  3.018  17.637 0.1111110002
25049  -57.321  2.544  17.698 0.1111110002
24685  -56.157  2.140  18.041 0.1111110002
24684  -54.895  1.557  18.365 0.1111110002
24342  -53.817  0.923  18.762 0.1111110002
23656  -53.005  -2.856  21.318 0.1111110002
54203  -54.511  -3.608  23.381 0.1111110002
23653  -54.037  -3.269  22.734 0.1111110002
23655  -53.364  -2.514  22.026 0.1111110002
25046  -57.449  2.699  18.566 0.1111110002
25044  -57.070  2.690  19.222 0.1111110002
24682  -56.142  2.309  18.847 0.1111110002
23648  -54.374  -2.959  24.515 0.1111110002
23651  -54.112  -2.816  23.629 0.1111110002
63186  -54.073  -3.020  23.118 0.1111110002
24681  -54.793  1.792  19.175 0.1111110002
24340  -53.264  0.757  19.669 0.1111110002
23649  -54.777  -3.710  24.094 0.1111110002
25433  -59.511  3.382  16.826 0.1111110002
25041  -56.144  2.456  19.643 0.1111110002
23996  -53.623  -2.283  22.797 0.1111110002
24679  -54.671  1.919  20.004 0.1111110002
25053  -59.172  3.024  16.271 0.1111110002
63416  -53.647  -1.877  23.394 0.1111110002
23999  -52.858  -1.409  21.233 0.1111110002
62924  -52.791  -0.163  20.610 0.1111110002
24678  -53.442  1.120  20.626 0.1111110002
25055  -58.661  2.736  15.518 0.1111110002
55400  -53.112  -1.280  22.020 0.1111110002
24336  -52.999  -0.116  21.338 0.1111110002
24694  -58.389  2.327  14.625 0.1111110002
54491  -58.908  2.533  14.054 0.1111110002
24697  -58.739  2.059  13.041 0.1111110002
61973  -58.941  2.245  12.647 0.1111110002
25062  -59.329  2.541  12.345 0.1111110002
25065  -59.498  2.106  11.269 0.1111110002
25835  -59.834  3.790  16.594 0.1111110002
57807  -53.850  -2.065  24.122 0.1111110002
25435  -59.670  3.446  16.005 0.1111110002
60290  -59.195  2.952  15.736 0.1111110002
25057  -59.130  2.864  14.954 0.1111110002
25440  -59.219  2.762  14.610 0.1111110002
25060  -59.279  2.726  13.420 0.1111110002
25441  -59.443  2.825  14.154 0.1111110002
56733  -59.460  2.916  12.236 0.1111110002
25843  -59.836  3.271  14.163 0.1111110002
62169  -59.770  2.967  13.108 0.1111110002
24676  -54.644  2.084  20.810 0.1111110002
24332  -53.074  -0.146  22.048 0.1111110002
52209  -59.919  4.217  16.386 0.1111110002
25837  -59.915  3.865  15.873 0.1111110002
25840  -59.828  3.635  15.416 0.1111110002
25437  -59.575  3.310  15.236 0.1111110002
25841  -60.020  4.016  15.099 0.1111110002
25438  -59.661  3.378  14.781 0.1111110002
61002  -59.860  3.768  14.582 0.1111110002
26256  -59.957  4.016  14.867 0.1111110002
25845  -59.766  3.185  13.139 0.1111110002
26258  -59.937  4.056  13.946 0.1111110002
25838  -60.000  4.077  15.785 0.1111110002
26255  -59.887  4.331  15.205 0.1111110002
19536  -20.616  -14.407  43.887 0.1111110002
20981  -10.753  -9.717  47.871 0.1111110002
57154  -10.451  -11.904  47.731 0.1111110002
60075  -12.265  -12.880  46.161 0.1111110002
20201  -11.792  -11.449  47.633 0.1111110002
19863  -12.727  -12.414  45.951 0.1111110002
20203  -12.773  -10.909  47.313 0.1111110002
25050  -58.246  2.777  17.310 0.1111110002
24345  -54.892  1.181  17.545 0.1111110002
24686  -56.105  1.873  17.200 0.1111110002
24344  -53.709  0.390  18.048 0.1111110002
24008  -52.710  -0.309  18.902 0.1111110002
24003  -52.419  -1.349  20.247 0.1111110002
24693  -58.235  1.871  13.765 0.1111110002
24700  -59.017  1.893  12.144 0.1111110002
59513  -59.263  1.890  11.626 0.1111110002
25444  -59.470  2.827  13.155 0.1111110002
