#!ascii label  , from subject sub-1015 vox2ras=TkReg
299
62199  -22.075  -12.518  42.851 0.0000000000
22917  -42.453  -5.095  34.996 0.0000000000
23951  -45.787  -2.161  33.936 0.0000000000
23971  -49.461  -2.393  26.339 0.0000000000
60874  -36.667  -5.694  33.156 0.0000000000
23960  -46.045  -1.456  29.996 0.0000000000
25406  -53.195  2.097  25.543 0.0000000000
25819  -55.157  3.483  22.699 0.0000000000
56906  -43.421  -6.455  36.178 0.0000000000
22927  -44.927  -5.204  34.865 0.0000000000
23603  -44.290  -2.937  35.674 0.0000000000
21414  -23.033  -7.781  40.798 0.0000000000
58218  -24.875  -6.585  40.676 0.0000000000
21794  -29.565  -6.738  41.454 0.0000000000
55086  -32.424  -7.240  41.496 0.0000000000
21436  -34.301  -6.801  40.790 0.0000000000
22192  -35.167  -6.288  36.102 0.0000000000
22199  -41.576  -7.774  34.802 0.0000000000
22936  -44.981  -4.541  31.649 0.0000000000
26239  -56.110  3.750  21.151 0.0000000000
22562  -43.013  -5.931  36.066 0.0000000000
22922  -43.898  -5.104  36.113 0.0000000000
57241  -43.233  -4.189  36.023 0.0000000000
22165  -23.080  -5.754  42.732 0.0000000000
58079  -23.235  -7.000  41.204 0.0000000000
22184  -35.084  -5.917  40.458 0.0000000000
21809  -34.752  -6.160  38.997 0.0000000000
22188  -35.148  -5.567  37.777 0.0000000000
22916  -41.622  -5.180  33.499 0.0000000000
22556  -38.022  -6.852  31.341 0.0000000000
22560  -41.978  -6.130  34.056 0.0000000000
21824  -42.470  -7.378  36.133 0.0000000000
23266  -45.052  -3.253  34.609 0.0000000000
22931  -45.138  -4.596  33.861 0.0000000000
23269  -45.334  -3.597  33.341 0.0000000000
23965  -46.423  -1.737  26.932 0.0000000000
23620  -45.315  -2.354  28.390 0.0000000000
23624  -49.043  -3.298  26.391 0.0000000000
23625  -50.801  -3.293  27.160 0.0000000000
25030  -53.383  1.522  25.047 0.0000000000
25024  -52.866  0.904  26.330 0.0000000000
22910  -35.386  -4.853  37.248 0.0000000000
24647  -47.342  -0.021  27.462 0.0000000000
25811  -54.165  2.765  23.856 0.0000000000
25410  -54.057  2.423  23.855 0.0000000000
25419  -56.222  2.997  21.030 0.0000000000
21829  -44.132  -7.273  36.143 0.0000000000
22210  -44.488  -6.017  35.959 0.0000000000
23265  -44.549  -4.072  35.241 0.0000000000
21006  -22.916  -10.875  41.421 0.0000000000
21017  -24.080  -8.624  38.872 0.0000000000
21790  -27.250  -6.480  40.842 0.0000000000
21428  -27.923  -7.166  39.381 0.0000000000
21023  -29.304  -7.222  39.562 0.0000000000
21432  -31.693  -7.262  41.033 0.0000000000
21434  -32.869  -7.420  40.597 0.0000000000
61726  -33.780  -7.136  41.363 0.0000000000
56757  -33.857  -7.083  38.668 0.0000000000
22554  -36.048  -5.931  33.970 0.0000000000
22197  -37.071  -6.968  32.681 0.0000000000
21452  -40.618  -8.943  35.014 0.0000000000
21454  -41.882  -8.362  36.246 0.0000000000
56908  -42.985  -7.792  36.225 0.0000000000
23272  -45.232  -3.113  31.262 0.0000000000
25018  -51.997  0.065  27.007 0.0000000000
24313  -51.517  -1.539  27.208 0.0000000000
21005  -22.271  -11.488  40.759 0.0000000000
22918  -42.904  -5.043  35.807 0.0000000000
55885  -42.745  -4.196  35.551 0.0000000000
22548  -35.321  -5.505  40.155 0.0000000000
22187  -35.116  -5.745  39.490 0.0000000000
22550  -35.360  -5.263  39.327 0.0000000000
22561  -42.617  -5.984  35.446 0.0000000000
23612  -45.441  -2.968  34.052 0.0000000000
23613  -45.744  -2.683  33.308 0.0000000000
23970  -47.677  -1.641  26.293 0.0000000000
23966  -47.518  -2.541  26.223 0.0000000000
24667  -53.290  0.793  24.996 0.0000000000
55944  -53.206  0.848  25.489 0.0000000000
24663  -53.181  0.056  25.570 0.0000000000
25814  -54.329  3.407  23.584 0.0000000000
25815  -54.728  3.188  23.285 0.0000000000
25816  -55.005  3.013  22.996 0.0000000000
25412  -54.500  2.638  23.266 0.0000000000
25820  -55.411  3.208  22.341 0.0000000000
25823  -56.234  3.354  21.001 0.0000000000
21826  -43.525  -7.194  36.209 0.0000000000
57538  -44.075  -6.590  36.167 0.0000000000
22566  -43.986  -5.843  36.146 0.0000000000
57832  -43.814  -4.221  36.061 0.0000000000
22923  -44.108  -4.659  35.852 0.0000000000
23263  -44.203  -3.888  35.639 0.0000000000
23604  -44.584  -3.249  35.320 0.0000000000
23607  -44.735  -2.455  35.415 0.0000000000
21415  -22.897  -9.821  41.141 0.0000000000
21418  -23.136  -7.766  40.736 0.0000000000
21787  -24.479  -6.051  41.246 0.0000000000
22174  -28.986  -6.433  41.975 0.0000000000
61319  -28.139  -6.395  41.824 0.0000000000
21425  -26.953  -7.154  39.400 0.0000000000
21793  -28.382  -6.681  40.894 0.0000000000
21429  -29.078  -6.931  40.226 0.0000000000
21433  -32.330  -7.352  40.901 0.0000000000
21803  -34.531  -6.561  41.021 0.0000000000
21799  -33.960  -6.815  41.439 0.0000000000
21800  -34.210  -6.872  41.211 0.0000000000
21435  -33.962  -7.059  40.880 0.0000000000
21440  -33.738  -7.107  39.983 0.0000000000
21441  -34.311  -6.702  39.959 0.0000000000
61992  -34.919  -5.971  38.031 0.0000000000
21810  -34.777  -6.666  36.636 0.0000000000
21813  -35.722  -7.358  34.245 0.0000000000
22553  -35.352  -5.363  36.481 0.0000000000
62450  -35.569  -5.304  35.289 0.0000000000
22198  -40.010  -8.002  32.870 0.0000000000
21817  -39.323  -8.404  33.091 0.0000000000
21818  -40.953  -8.378  34.752 0.0000000000
21819  -41.686  -8.030  35.744 0.0000000000
22206  -42.864  -6.769  36.092 0.0000000000
21825  -42.919  -7.266  36.189 0.0000000000
21781  -22.683  -6.740  41.715 0.0000000000
21413  -22.973  -7.609  39.853 0.0000000000
22211  -44.914  -6.141  35.608 0.0000000000
57477  -45.231  -6.220  34.985 0.0000000000
22934  -45.143  -4.576  32.885 0.0000000000
23956  -45.833  -1.953  30.850 0.0000000000
23617  -45.661  -2.474  31.608 0.0000000000
23279  -46.394  -3.694  26.570 0.0000000000
23276  -45.074  -2.991  28.266 0.0000000000
62359  -52.658  -0.037  26.752 0.0000000000
61560  -52.649  0.522  26.701 0.0000000000
25021  -52.512  0.020  26.882 0.0000000000
24654  -51.792  -0.755  27.069 0.0000000000
24315  -52.344  -1.473  27.327 0.0000000000
23976  -52.137  -2.199  27.543 0.0000000000
26235  -55.171  4.054  22.451 0.0000000000
26236  -55.590  3.733  21.914 0.0000000000
26238  -55.950  4.005  21.266 0.0000000000
26653  -56.439  4.204  20.616 0.0000000000
22563  -43.555  -5.654  36.177 0.0000000000
22919  -43.401  -5.008  36.129 0.0000000000
23262  -43.898  -3.390  35.942 0.0000000000
21783  -22.955  -6.660  41.636 0.0000000000
21804  -34.727  -6.385  40.595 0.0000000000
61732  -34.648  -6.376  39.849 0.0000000000
21805  -34.918  -6.101  40.090 0.0000000000
22913  -37.067  -5.491  32.381 0.0000000000
22559  -39.769  -6.113  31.927 0.0000000000
22557  -41.004  -7.119  33.229 0.0000000000
22200  -42.129  -7.489  35.865 0.0000000000
22204  -42.139  -6.931  35.093 0.0000000000
22205  -42.529  -6.751  35.919 0.0000000000
22164  -22.572  -5.889  42.853 0.0000000000
57916  -44.831  -4.200  34.802 0.0000000000
22930  -44.992  -4.663  34.449 0.0000000000
23268  -45.125  -3.853  34.229 0.0000000000
23271  -45.173  -3.745  32.157 0.0000000000
61844  -45.688  -1.639  28.878 0.0000000000
57522  -45.515  -1.888  29.355 0.0000000000
23961  -45.850  -2.106  27.459 0.0000000000
23622  -46.059  -2.990  26.841 0.0000000000
25407  -53.492  2.024  25.041 0.0000000000
25403  -52.941  1.698  26.187 0.0000000000
25028  -53.168  1.382  25.692 0.0000000000
24659  -52.820  -0.049  26.524 0.0000000000
56649  -42.248  -4.234  34.649 0.0000000000
60358  -41.583  -4.314  33.360 0.0000000000
23952  -46.090  -2.034  33.133 0.0000000000
24302  -46.395  -0.855  29.428 0.0000000000
24303  -46.550  -0.810  27.528 0.0000000000
24308  -48.989  -1.231  26.356 0.0000000000
25807  -53.426  2.500  24.817 0.0000000000
56914  -53.727  2.452  24.440 0.0000000000
25409  -53.725  2.184  24.457 0.0000000000
25031  -53.531  1.693  24.407 0.0000000000
25821  -55.808  3.324  21.647 0.0000000000
25417  -55.923  3.078  21.455 0.0000000000
58189  -44.587  -7.430  35.961 0.0000000000
22568  -44.611  -5.476  35.600 0.0000000000
22567  -44.277  -5.307  35.904 0.0000000000
22924  -44.393  -4.731  35.577 0.0000000000
22926  -44.677  -4.904  35.228 0.0000000000
60158  -44.829  -3.495  34.929 0.0000000000
23608  -44.965  -2.788  35.012 0.0000000000
23259  -43.059  -3.377  35.810 0.0000000000
23599  -43.365  -2.632  35.979 0.0000000000
23943  -44.418  -2.158  35.785 0.0000000000
59576  -22.959  -11.517  42.910 0.0000000000
21018  -25.239  -8.296  37.959 0.0000000000
22170  -25.548  -5.649  42.568 0.0000000000
21788  -25.581  -6.017  41.701 0.0000000000
21789  -26.062  -6.357  40.989 0.0000000000
60636  -29.130  -7.520  38.498 0.0000000000
59654  -30.683  -7.228  40.114 0.0000000000
21798  -32.840  -6.943  41.776 0.0000000000
22179  -33.496  -6.636  41.716 0.0000000000
57117  -33.143  -7.275  41.370 0.0000000000
61075  -33.511  -7.296  41.107 0.0000000000
21027  -33.416  -7.387  40.438 0.0000000000
21445  -34.315  -6.668  38.395 0.0000000000
22551  -35.354  -5.103  38.216 0.0000000000
58442  -35.504  -6.017  35.174 0.0000000000
22193  -35.946  -6.795  34.035 0.0000000000
21814  -36.839  -7.906  32.026 0.0000000000
21451  -38.850  -9.001  33.557 0.0000000000
21455  -42.043  -8.635  36.324 0.0000000000
21820  -42.120  -7.867  36.165 0.0000000000
21821  -42.378  -7.960  36.224 0.0000000000
21457  -42.510  -8.340  36.238 0.0000000000
21458  -43.049  -8.150  36.163 0.0000000000
56823  -23.014  -9.292  39.143 0.0000000000
60724  -45.912  -2.447  32.573 0.0000000000
23616  -45.533  -2.987  32.429 0.0000000000
23274  -45.001  -3.818  31.063 0.0000000000
23619  -45.209  -2.474  30.046 0.0000000000
23275  -44.903  -3.371  29.920 0.0000000000
22937  -44.750  -4.402  30.114 0.0000000000
24648  -48.654  -0.250  26.756 0.0000000000
24311  -49.936  -0.619  26.856 0.0000000000
25400  -52.665  1.317  26.670 0.0000000000
25020  -52.239  0.875  26.937 0.0000000000
24651  -50.970  -0.013  27.021 0.0000000000
24652  -50.946  -0.896  27.016 0.0000000000
24312  -50.360  -1.535  26.814 0.0000000000
23975  -51.142  -2.363  27.140 0.0000000000
20628  -21.334  -12.483  41.180 0.0000000000
22907  -35.485  -4.972  40.049 0.0000000000
23609  -45.358  -2.420  34.552 0.0000000000
21422  -23.985  -7.227  39.884 0.0000000000
21797  -32.269  -6.879  41.785 0.0000000000
55427  -31.716  -7.108  41.564 0.0000000000
55411  -41.239  -8.491  35.612 0.0000000000
22571  -44.881  -5.618  35.279 0.0000000000
57188  -45.161  -5.570  32.351 0.0000000000
25802  -52.812  2.323  25.943 0.0000000000
52924  -52.705  -0.688  26.872 0.0000000000
24655  -52.456  -0.710  27.077 0.0000000000
23260  -43.580  -3.393  36.037 0.0000000000
22169  -24.786  -5.513  42.642 0.0000000000
22547  -35.201  -5.510  40.691 0.0000000000
22183  -34.824  -6.151  40.912 0.0000000000
23964  -45.965  -1.380  28.414 0.0000000000
61850  -47.287  -3.064  26.225 0.0000000000
23280  -48.361  -3.773  26.286 0.0000000000
24307  -47.768  -0.808  26.640 0.0000000000
25810  -53.813  2.950  24.141 0.0000000000
25033  -53.750  1.961  23.655 0.0000000000
25413  -55.022  2.827  22.627 0.0000000000
21461  -44.130  -7.828  35.995 0.0000000000
21830  -44.693  -6.784  35.942 0.0000000000
21010  -23.042  -10.317  41.571 0.0000000000
57233  -24.775  -9.904  39.172 0.0000000000
22171  -26.487  -5.810  42.535 0.0000000000
21021  -26.601  -8.100  37.905 0.0000000000
62071  -30.250  -7.136  40.300 0.0000000000
21431  -31.036  -7.158  41.120 0.0000000000
21024  -31.245  -7.316  39.968 0.0000000000
21025  -31.822  -7.398  39.781 0.0000000000
56937  -32.193  -7.487  39.455 0.0000000000
62535  -33.518  -7.046  41.574 0.0000000000
21031  -33.291  -7.574  38.143 0.0000000000
21453  -41.383  -8.679  36.007 0.0000000000
58472  -43.570  -7.755  36.169 0.0000000000
55997  -23.400  -9.794  39.906 0.0000000000
22573  -45.158  -5.442  34.354 0.0000000000
25017  -51.445  0.796  27.093 0.0000000000
62833  -54.585  2.811  23.475 0.0000000000
53099  -56.658  3.782  20.518 0.0000000000
25825  -56.764  3.358  20.387 0.0000000000
21423  -24.478  -7.155  39.455 0.0000000000
21430  -30.204  -6.998  41.036 0.0000000000
22182  -34.445  -6.487  41.251 0.0000000000
21449  -35.596  -8.065  34.240 0.0000000000
21450  -36.867  -8.802  32.627 0.0000000000
22574  -45.284  -5.490  33.562 0.0000000000
23955  -46.154  -2.022  32.123 0.0000000000
61928  -23.125  -6.571  41.652 0.0000000000
21785  -23.896  -5.861  41.621 0.0000000000
25025  -53.027  0.428  25.983 0.0000000000
23258  -42.505  -3.357  35.277 0.0000000000
22915  -40.026  -5.101  31.827 0.0000000000
24292  -46.150  -1.460  33.716 0.0000000000
55867  -46.445  -1.468  32.762 0.0000000000
23959  -46.398  -1.515  31.530 0.0000000000
24668  -53.329  0.865  24.255 0.0000000000
25416  -55.562  2.958  22.012 0.0000000000
23602  -43.929  -2.611  36.008 0.0000000000
23948  -45.701  -1.529  34.512 0.0000000000
20629  -22.794  -11.790  42.904 0.0000000000
21419  -23.252  -8.813  41.100 0.0000000000
21424  -25.727  -7.101  39.375 0.0000000000
21022  -27.931  -7.864  38.276 0.0000000000
21026  -32.757  -7.499  39.516 0.0000000000
21444  -34.073  -7.349  37.155 0.0000000000
22908  -35.511  -4.795  38.996 0.0000000000
21004  -21.590  -10.346  37.960 0.0000000000
25402  -52.568  2.021  26.501 0.0000000000
25399  -52.184  1.698  26.827 0.0000000000
23627  -51.946  -2.923  27.722 0.0000000000
