#!ascii label  , from subject sub-1015 vox2ras=TkReg
713
2405  -21.878  -67.551  -27.238 0.5000000000
2404  -21.116  -67.815  -27.355 0.6000000238
2693  -25.657  -66.754  -22.645 0.3000000119
2111  -20.598  -68.059  -26.740 0.5000000000
2715  -24.548  -66.447  -25.673 0.4000000060
2711  -25.230  -66.199  -25.377 0.4000000060
54098  -25.719  -66.175  -24.754 0.4000000060
2699  -25.994  -66.517  -23.315 0.3000000119
2427  -22.095  -66.797  -29.787 0.5000000000
2418  -21.899  -67.118  -29.120 0.5000000000
61616  -21.593  -67.596  -27.814 0.5000000000
2439  -21.493  -66.695  -30.307 0.6000000238
61437  -21.472  -67.021  -29.602 0.5000000000
2410  -20.985  -67.676  -28.108 0.6000000238
2688  -26.513  -66.744  -21.435 0.3000000119
54386  -24.358  -66.419  -26.625 0.5000000000
2694  -26.371  -66.559  -22.610 0.3000000119
57391  -21.038  -67.357  -28.968 0.6000000238
2721  -25.034  -65.971  -26.908 0.5000000000
2712  -25.904  -65.870  -25.582 0.4000000060
2706  -26.299  -66.234  -24.032 0.3000000119
2728  -24.873  -65.686  -27.720 0.4000000060
2716  -25.132  -66.096  -26.109 0.4000000060
3029  -22.542  -65.247  -32.668 0.6999999881
2770  -22.692  -65.430  -32.144 0.6999999881
61401  -22.421  -65.975  -31.077 0.6999999881
2411  -22.228  -67.362  -27.892 0.5000000000
3047  -22.130  -64.854  -33.649 0.6999999881
3043  -22.186  -65.127  -33.053 0.6999999881
2754  -22.161  -65.811  -31.579 0.8000000119
2743  -21.833  -66.254  -30.985 0.5000000000
2742  -21.345  -66.069  -31.446 0.6999999881
2406  -22.728  -67.189  -27.201 0.5000000000
2775  -21.415  -65.299  -32.639 0.6999999881
63529  -23.353  -66.870  -27.518 0.4000000060
2407  -23.517  -66.818  -26.857 0.5000000000
2689  -27.180  -66.503  -21.534 0.3000000119
58074  -20.680  -66.170  -31.350 0.6000000238
2412  -23.570  -66.600  -28.069 0.5000000000
63432  -24.501  -66.193  -27.329 0.5000000000
2695  -27.052  -66.378  -22.456 0.3000000119
2452  -20.823  -66.380  -31.049 0.5000000000
52634  -24.202  -66.159  -27.955 0.5000000000
2733  -24.391  -65.381  -29.125 0.4000000060
56655  -24.442  -65.671  -28.410 0.4000000060
2717  -25.685  -65.736  -26.433 0.4000000060
2707  -26.536  -65.890  -24.794 0.4000000060
2734  -25.026  -65.114  -28.530 0.3000000119
2729  -25.400  -65.160  -27.810 0.4000000060
4167  -21.861  -62.631  -34.783 0.5000000000
53106  -22.410  -63.122  -34.742 0.6000000238
55417  -22.821  -63.625  -34.596 0.6000000238
3300  -22.591  -64.558  -34.101 0.6000000238
3048  -22.839  -64.821  -33.583 0.6000000238
4472  -21.581  -61.531  -34.219 0.5000000000
56104  -21.292  -62.129  -34.656 0.6000000238
3570  -22.075  -63.687  -34.675 0.6000000238
58119  -22.352  -64.157  -34.462 0.6999999881
2354  -27.957  -67.542  -18.493 0.3000000119
4744  -20.184  -60.733  -33.227 0.6999999881
55584  -20.715  -61.670  -34.287 0.6000000238
3860  -21.651  -63.247  -34.732 0.6999999881
3299  -21.843  -64.575  -34.029 0.6999999881
2738  -23.097  -66.139  -30.185 0.6000000238
2428  -22.682  -66.539  -29.850 0.6000000238
52726  -22.929  -67.034  -28.010 0.5000000000
5040  -20.333  -60.318  -32.576 0.6999999881
4749  -20.799  -61.121  -33.784 0.6000000238
53006  -21.094  -62.788  -34.691 0.6000000238
60910  -21.232  -63.921  -34.256 0.6999999881
60212  -21.426  -64.646  -33.505 0.6999999881
2682  -26.788  -66.891  -20.647 0.3000000119
5039  -19.658  -60.215  -32.536 0.6999999881
4748  -20.048  -61.320  -33.710 0.6999999881
4165  -20.446  -62.911  -34.234 0.6000000238
3858  -20.420  -63.401  -33.705 0.6000000238
2768  -20.871  -65.761  -31.863 0.6999999881
2732  -23.190  -66.368  -29.450 0.5000000000
2739  -23.791  -65.718  -29.815 0.5000000000
4161  -19.967  -62.376  -33.836 0.6000000238
3291  -21.015  -64.617  -33.023 0.6000000238
3028  -20.703  -65.362  -32.196 0.6000000238
2700  -26.760  -66.317  -23.266 0.3000000119
4743  -19.438  -60.758  -32.963 0.6999999881
4747  -19.470  -61.298  -33.321 0.6000000238
4464  -20.133  -61.867  -34.130 0.6000000238
61658  -20.086  -62.944  -33.599 0.6000000238
3567  -20.375  -63.818  -32.901 0.5000000000
3297  -20.734  -64.251  -33.046 0.5000000000
2767  -20.040  -65.752  -31.620 0.5000000000
2451  -20.254  -66.421  -30.924 0.5000000000
59996  -25.930  -64.152  -29.666 0.3000000119
3000  -25.500  -64.509  -29.110 0.3000000119
2730  -25.694  -64.619  -28.248 0.3000000119
2718  -26.125  -65.256  -26.691 0.4000000060
63276  -26.264  -65.533  -26.071 0.4000000060
2753  -20.120  -66.098  -31.303 0.5000000000
3005  -25.334  -64.527  -30.023 0.3000000119
2999  -24.953  -64.901  -29.346 0.3000000119
2722  -25.518  -65.481  -27.166 0.4000000060
4761  -22.214  -61.346  -33.636 0.5000000000
4473  -22.454  -61.878  -34.204 0.5000000000
4168  -22.675  -62.490  -34.550 0.5000000000
5041  -21.176  -60.075  -31.343 0.5000000000
5052  -21.114  -60.537  -32.485 0.5000000000
4750  -21.433  -60.978  -33.457 0.5000000000
53865  -21.994  -62.094  -34.596 0.5000000000
3571  -23.075  -64.074  -34.322 0.6000000238
55872  -23.261  -64.423  -33.969 0.6000000238
3044  -23.379  -64.853  -33.228 0.6000000238
2755  -22.875  -65.619  -31.494 0.8000000119
2065  -28.976  -67.995  -17.102 0.3000000119
53753  -20.460  -59.894  -31.674 0.6000000238
5051  -20.792  -60.706  -33.204 0.6000000238
3031  -23.886  -64.825  -32.772 0.4000000060
2355  -28.755  -67.482  -17.957 0.3000000119
57030  -19.758  -59.674  -31.872 0.6999999881
2756  -23.528  -65.448  -31.176 0.5000000000
2744  -22.946  -65.867  -30.830 0.6000000238
62839  -27.585  -67.235  -19.297 0.3000000119
2683  -27.483  -66.897  -20.051 0.3000000119
56419  -19.226  -59.543  -31.990 0.6999999881
52178  -24.276  -64.993  -31.410 0.4000000060
62702  -27.520  -66.616  -20.762 0.3000000119
2745  -24.052  -65.261  -30.615 0.4000000060
5038  -18.991  -59.988  -32.224 0.6000000238
4463  -19.684  -61.751  -33.635 0.6000000238
3854  -19.720  -62.701  -32.974 0.5000000000
3566  -20.010  -63.287  -32.839 0.5000000000
3041  -20.610  -65.018  -32.288 0.6000000238
3012  -26.274  -63.988  -30.787 0.3000000119
3006  -26.058  -64.082  -30.383 0.3000000119
3007  -26.559  -63.746  -29.882 0.3000000119
3001  -26.203  -64.002  -28.881 0.3000000119
2723  -25.906  -64.893  -27.429 0.4000000060
4462  -19.234  -61.550  -33.036 0.6000000238
3853  -19.457  -63.196  -31.840 0.5000000000
3040  -19.742  -65.115  -31.635 0.5000000000
3027  -19.972  -65.445  -31.703 0.6000000238
2752  -19.344  -66.059  -31.110 0.5000000000
3010  -24.809  -64.778  -30.751 0.3000000119
3011  -25.567  -64.325  -30.903 0.3000000119
61090  -19.487  -62.087  -33.089 0.5000000000
3561  -19.665  -64.000  -31.736 0.5000000000
3290  -19.427  -64.759  -31.432 0.5000000000
3279  -18.663  -65.308  -31.090 0.5000000000
5042  -21.920  -60.264  -31.006 0.5000000000
5053  -21.674  -60.609  -31.922 0.5000000000
4762  -22.976  -61.763  -33.594 0.5000000000
4474  -23.155  -62.253  -34.014 0.5000000000
4169  -23.350  -62.653  -34.192 0.5000000000
5360  -20.796  -59.267  -30.982 0.5000000000
4751  -21.927  -60.951  -32.790 0.5000000000
59394  -23.962  -63.173  -34.055 0.4000000060
3572  -23.723  -63.977  -34.047 0.4000000060
2056  -28.939  -68.507  -16.506 0.3000000119
2057  -29.731  -67.715  -16.815 0.3000000119
5359  -20.084  -58.729  -31.156 0.6000000238
3301  -23.781  -64.286  -33.764 0.4000000060
3292  -23.474  -64.602  -33.625 0.4000000060
5358  -19.326  -58.721  -31.717 0.6000000238
2362  -28.646  -67.017  -18.751 0.3000000119
2361  -28.124  -67.052  -19.125 0.3000000119
53970  -18.929  -58.069  -31.803 0.6000000238
3032  -24.561  -64.635  -32.219 0.4000000060
5357  -18.679  -58.899  -31.965 0.6999999881
61227  -25.078  -64.503  -31.512 0.3000000119
3017  -25.804  -64.108  -31.533 0.3000000119
5054  -22.333  -60.949  -31.864 0.5000000000
4752  -22.713  -61.338  -32.855 0.5000000000
4753  -23.565  -61.682  -32.836 0.5000000000
4763  -23.741  -62.131  -33.423 0.4000000060
4475  -23.823  -62.543  -33.756 0.4000000060
4170  -23.892  -62.853  -33.985 0.4000000060
5361  -21.538  -59.210  -30.440 0.6000000238
3862  -24.297  -63.074  -33.925 0.4000000060
3302  -24.368  -63.913  -33.644 0.4000000060
2671  -29.316  -66.917  -18.310 0.3000000119
2356  -29.477  -67.328  -17.529 0.3000000119
3293  -24.058  -64.452  -33.335 0.4000000060
3280  -24.514  -64.439  -32.850 0.4000000060
3294  -24.957  -64.129  -32.923 0.4000000060
3281  -25.105  -64.151  -32.608 0.4000000060
3033  -25.398  -64.174  -32.064 0.3000000119
3271  -26.045  -63.876  -31.896 0.3000000119
5662  -18.354  -58.004  -31.992 0.6000000238
5043  -22.808  -60.572  -30.728 0.5000000000
5055  -23.246  -61.290  -31.816 0.5000000000
59952  -24.238  -61.518  -31.913 0.4000000060
5362  -22.370  -59.636  -30.251 0.5000000000
4764  -24.598  -62.338  -33.236 0.4000000060
5664  -20.964  -58.293  -30.545 0.6000000238
5665  -21.731  -57.989  -30.118 0.6000000238
4476  -24.382  -62.689  -33.594 0.4000000060
56729  -20.483  -57.419  -30.589 0.6000000238
52547  -25.105  -63.049  -33.364 0.4000000060
3574  -24.763  -63.407  -33.544 0.4000000060
5663  -19.545  -57.628  -31.239 0.6000000238
3563  -25.025  -63.594  -33.291 0.4000000060
3855  -25.597  -63.219  -33.087 0.4000000060
60131  -25.457  -63.801  -32.766 0.4000000060
3564  -26.195  -63.238  -32.725 0.4000000060
2684  -28.155  -66.527  -20.320 0.3000000119
2677  -28.512  -66.700  -19.512 0.3000000119
3296  -25.973  -63.558  -32.614 0.4000000060
2696  -27.770  -66.178  -22.196 0.3000000119
5655  -18.834  -57.282  -31.590 0.6000000238
5956  -18.542  -56.792  -31.443 0.6999999881
6276  -19.871  -56.039  -30.718 0.6999999881
5654  -18.136  -57.362  -31.869 0.6000000238
6275  -19.052  -56.208  -30.935 0.6999999881
6574  -19.779  -55.460  -30.421 0.6999999881
6879  -20.595  -54.567  -30.245 0.6000000238
6274  -18.435  -56.454  -31.035 0.6999999881
5044  -24.026  -60.747  -30.656 0.5000000000
54562  -22.471  -58.449  -29.966 0.5000000000
5347  -23.448  -59.315  -29.944 0.5000000000
61885  -24.891  -61.128  -31.165 0.5000000000
57068  -24.455  -61.891  -32.805 0.4000000060
55085  -21.469  -57.067  -30.205 0.6000000238
55189  -23.543  -57.520  -29.837 0.6000000238
5963  -22.249  -55.906  -30.512 0.6000000238
5666  -22.589  -56.854  -30.126 0.6000000238
55103  -25.034  -62.558  -33.263 0.4000000060
5961  -20.226  -56.570  -30.619 0.6000000238
5962  -21.224  -56.215  -30.367 0.6000000238
6280  -22.045  -55.211  -30.776 0.6000000238
3856  -26.641  -62.934  -32.673 0.4000000060
6278  -20.174  -55.964  -30.585 0.6000000238
6279  -21.011  -55.619  -30.486 0.6000000238
6580  -22.819  -54.640  -31.330 0.6000000238
5960  -19.522  -56.658  -31.011 0.6000000238
6578  -21.585  -54.949  -30.692 0.6000000238
6579  -22.222  -54.525  -31.078 0.6000000238
56878  -22.754  -54.151  -31.465 0.6000000238
6885  -23.047  -53.572  -31.665 0.6999999881
6577  -20.779  -55.182  -30.515 0.6000000238
6883  -21.629  -54.475  -30.763 0.6000000238
6884  -22.275  -53.839  -31.180 0.6000000238
7192  -23.450  -52.772  -31.819 0.6000000238
60460  -21.632  -53.933  -30.774 0.6000000238
7191  -22.622  -52.924  -31.381 0.6000000238
6575  -20.379  -55.150  -30.450 0.6000000238
6882  -21.049  -54.496  -30.534 0.6000000238
7190  -21.909  -53.170  -30.890 0.5000000000
7493  -22.145  -52.234  -31.019 0.6000000238
7494  -23.038  -51.882  -31.381 0.6000000238
7189  -21.259  -53.562  -30.353 0.5000000000
60692  -19.031  -55.888  -30.546 0.6999999881
6878  -20.157  -54.623  -29.936 0.6999999881
7185  -20.691  -53.565  -29.840 0.5000000000
7186  -21.520  -52.393  -30.508 0.5000000000
7181  -20.907  -52.390  -30.036 0.6000000238
8706  -16.293  -48.484  -27.779 0.6000000238
8397  -16.152  -49.009  -27.893 0.6000000238
5056  -25.262  -61.615  -31.992 0.5000000000
56530  -25.184  -61.989  -32.771 0.4000000060
5964  -23.163  -55.609  -30.877 0.5000000000
5965  -23.739  -56.122  -30.545 0.5000000000
4765  -25.393  -61.936  -32.839 0.4000000060
4477  -26.194  -61.917  -32.629 0.4000000060
53414  -24.630  -55.648  -31.208 0.5000000000
4172  -25.404  -62.701  -33.169 0.4000000060
4173  -26.001  -62.306  -32.849 0.4000000060
4162  -26.804  -62.395  -32.464 0.4000000060
6282  -23.553  -54.821  -31.560 0.5000000000
53567  -23.935  -55.365  -31.316 0.5000000000
3863  -25.979  -62.901  -32.914 0.4000000060
57559  -23.357  -54.140  -31.767 0.6000000238
6581  -24.141  -54.149  -32.101 0.6000000238
6886  -23.814  -53.482  -32.076 0.6000000238
57328  -23.964  -51.961  -31.919 0.4000000060
7193  -24.251  -52.738  -32.226 0.4000000060
7490  -22.939  -50.837  -31.164 0.6000000238
7495  -23.748  -51.046  -31.595 0.5000000000
57669  -24.631  -52.082  -32.295 0.4000000060
55323  -24.610  -51.213  -32.165 0.4000000060
6272  -18.379  -56.044  -30.408 0.6999999881
7489  -22.293  -51.355  -30.982 0.6000000238
7801  -24.172  -50.251  -32.013 0.4000000060
55591  -21.026  -51.311  -30.446 0.5000000000
61192  -21.716  -51.639  -30.715 0.5000000000
7796  -22.576  -50.013  -31.252 0.5000000000
7797  -23.389  -50.123  -31.551 0.5000000000
7795  -21.655  -50.881  -30.829 0.5000000000
61108  -16.879  -47.072  -26.807 0.6999999881
9026  -16.719  -47.482  -27.289 0.6000000238
9027  -17.221  -46.921  -27.139 0.6999999881
9030  -16.641  -47.914  -27.845 0.6000000238
8400  -16.802  -48.769  -28.495 0.6000000238
9031  -17.124  -47.325  -27.744 0.6000000238
9364  -17.753  -46.721  -27.415 0.6000000238
9689  -18.376  -46.205  -27.362 0.6000000238
7774  -16.450  -49.549  -28.118 0.5000000000
61157  -17.043  -48.254  -28.694 0.6000000238
8710  -17.129  -47.769  -28.380 0.6000000238
9034  -17.514  -47.219  -28.082 0.6000000238
8072  -17.019  -49.824  -28.638 0.5000000000
9035  -17.745  -47.400  -28.625 0.5000000000
9366  -18.024  -46.843  -28.031 0.5000000000
5348  -24.698  -58.172  -29.768 0.5000000000
5057  -26.319  -61.384  -31.504 0.5000000000
4754  -25.926  -61.815  -32.367 0.4000000060
8404  -17.169  -49.147  -28.870 0.5000000000
8711  -17.524  -47.966  -28.994 0.5000000000
4766  -26.414  -61.962  -32.529 0.4000000060
4465  -27.262  -61.747  -32.112 0.4000000060
7781  -16.991  -50.491  -28.380 0.5000000000
8076  -17.565  -49.494  -29.305 0.5000000000
8401  -17.355  -48.527  -29.049 0.6000000238
8714  -17.912  -48.263  -29.577 0.6000000238
61101  -26.824  -61.933  -32.344 0.4000000060
7782  -17.542  -50.191  -29.007 0.6000000238
8405  -17.727  -48.892  -29.510 0.6999999881
6283  -24.571  -54.846  -31.925 0.4000000060
6872  -18.443  -53.772  -27.881 0.6000000238
6887  -24.694  -53.437  -32.425 0.4000000060
60281  -19.004  -53.927  -28.376 0.6000000238
58294  -19.136  -54.726  -29.074 0.6000000238
6877  -19.708  -54.636  -29.529 0.6000000238
7198  -24.989  -52.636  -32.519 0.4000000060
7184  -20.208  -53.530  -29.393 0.6000000238
6573  -19.556  -55.303  -30.126 0.6999999881
7485  -20.274  -51.337  -30.078 0.6000000238
7790  -20.265  -50.433  -30.464 0.6000000238
9023  -17.239  -46.632  -26.618 0.6999999881
9683  -18.355  -45.332  -26.066 0.6000000238
9362  -17.736  -46.298  -26.703 0.6000000238
9686  -18.309  -45.867  -26.767 0.6000000238
9687  -18.793  -45.401  -26.799 0.6999999881
5349  -25.526  -59.195  -29.918 0.5000000000
5031  -25.156  -60.316  -30.424 0.5000000000
5045  -25.750  -60.969  -30.952 0.5000000000
54165  -18.634  -46.394  -27.916 0.6000000238
9690  -18.922  -45.714  -27.269 0.5000000000
5032  -26.191  -60.005  -30.297 0.5000000000
4755  -26.900  -61.591  -31.863 0.4000000060
54906  -18.196  -47.574  -29.328 0.6000000238
5667  -24.606  -56.615  -30.275 0.5000000000
6873  -18.749  -52.828  -28.227 0.6000000238
54443  -17.986  -52.147  -28.148 0.4000000060
7783  -18.292  -50.654  -29.307 0.6000000238
61116  -17.999  -49.272  -29.824 0.6000000238
9038  -18.889  -47.062  -29.200 0.6000000238
5966  -25.611  -56.069  -31.045 0.4000000060
7479  -18.480  -51.711  -28.710 0.5000000000
8077  -18.018  -49.822  -29.657 0.6999999881
8081  -18.422  -49.495  -30.145 0.6000000238
8409  -18.406  -48.748  -30.156 0.6000000238
8718  -18.555  -47.987  -29.963 0.6000000238
7483  -19.070  -51.426  -29.307 0.6000000238
7788  -18.500  -50.058  -29.916 0.6000000238
8082  -18.973  -49.254  -30.485 0.6000000238
53976  -19.057  -48.258  -30.355 0.6000000238
52787  -19.236  -47.713  -30.116 0.6000000238
60793  -24.883  -54.141  -32.368 0.4000000060
59878  -19.194  -52.275  -28.820 0.5000000000
54721  -18.984  -50.607  -29.850 0.6000000238
8410  -19.092  -48.722  -30.531 0.6000000238
7183  -19.591  -53.463  -28.810 0.6000000238
7179  -19.758  -52.317  -29.247 0.6000000238
56577  -19.578  -50.529  -30.206 0.6000000238
7789  -18.956  -49.923  -30.266 0.6000000238
7180  -20.323  -52.349  -29.647 0.6000000238
7794  -21.012  -50.273  -30.761 0.5000000000
9022  -16.874  -46.821  -26.095 0.6999999881
9360  -17.584  -46.063  -26.085 0.6999999881
9680  -17.788  -44.918  -24.608 0.6999999881
9681  -18.046  -45.146  -25.428 0.6999999881
10003  -19.013  -44.004  -25.814 0.6000000238
10004  -19.245  -43.572  -25.980 0.5000000000
9684  -18.855  -44.848  -26.295 0.6999999881
10007  -19.204  -44.429  -26.426 0.5000000000
60163  -19.177  -45.004  -26.823 0.5000000000
5046  -26.627  -60.671  -30.755 0.5000000000
5033  -27.352  -59.752  -30.345 0.5000000000
5058  -27.317  -60.824  -31.065 0.5000000000
5059  -27.974  -60.934  -31.425 0.4000000060
5668  -25.442  -57.037  -30.120 0.4000000060
5350  -26.627  -58.882  -29.987 0.4000000060
9371  -19.093  -46.511  -28.462 0.6000000238
60872  -18.820  -47.498  -29.733 0.6000000238
8719  -19.748  -47.987  -30.402 0.6000000238
52557  -19.450  -47.186  -29.706 0.6000000238
8083  -19.592  -49.759  -30.521 0.6000000238
8411  -19.725  -48.981  -30.686 0.6000000238
9041  -20.016  -47.394  -30.156 0.6000000238
61302  -19.527  -48.455  -30.562 0.5000000000
8088  -20.366  -49.602  -30.741 0.5000000000
9677  -17.554  -44.783  -23.518 0.6999999881
9990  -18.068  -43.633  -23.910 0.6999999881
9998  -18.500  -43.785  -24.853 0.6999999881
53801  -18.624  -44.372  -25.497 0.6999999881
9678  -17.900  -43.676  -22.811 0.6999999881
9994  -18.592  -42.295  -24.228 0.6000000238
10000  -19.084  -42.323  -25.846 0.5000000000
9674  -17.823  -43.695  -21.772 0.6999999881
9987  -17.679  -42.917  -22.478 0.6999999881
10339  -19.240  -42.250  -25.822 0.5000000000
9669  -17.289  -43.266  -21.006 0.6999999881
10343  -19.465  -43.269  -26.176 0.5000000000
9983  -16.695  -42.167  -21.156 0.6000000238
9982  -15.831  -41.437  -20.664 0.6000000238
10668  -14.754  -39.196  -20.696 0.6000000238
10988  -13.370  -39.853  -21.647 0.5000000000
11311  -13.202  -39.308  -21.847 0.5000000000
5047  -28.261  -59.871  -30.945 0.4000000060
9995  -18.862  -42.453  -24.902 0.5000000000
9999  -18.972  -43.170  -25.367 0.5000000000
9991  -18.026  -42.203  -23.187 0.6000000238
10334  -18.955  -41.042  -24.699 0.6000000238
10336  -18.940  -42.100  -24.925 0.5000000000
10682  -18.603  -41.392  -25.938 0.5000000000
9984  -17.118  -42.538  -21.840 0.6999999881
10326  -17.476  -41.907  -22.290 0.6000000238
10332  -18.529  -40.549  -23.715 0.6000000238
11000  -17.715  -37.969  -23.781 0.6000000238
10685  -19.051  -40.947  -26.001 0.5000000000
10325  -16.762  -41.028  -21.580 0.6999999881
61672  -17.235  -39.048  -22.398 0.6000000238
10672  -17.776  -38.823  -23.141 0.6000000238
10324  -15.688  -39.813  -20.984 0.6000000238
10329  -16.657  -39.331  -21.746 0.6000000238
10996  -15.884  -37.854  -21.676 0.6000000238
10671  -16.711  -38.333  -22.116 0.6000000238
10993  -14.613  -38.113  -21.341 0.6000000238
10669  -15.484  -38.496  -21.228 0.6000000238
57884  -14.205  -38.755  -20.800 0.5000000000
10992  -13.840  -39.118  -21.926 0.5000000000
60044  -14.001  -38.269  -21.608 0.5000000000
11318  -15.109  -37.709  -21.831 0.6000000238
60549  -28.159  -58.962  -30.627 0.4000000060
11310  -12.382  -39.548  -21.700 0.5000000000
61932  -13.567  -38.596  -21.988 0.5000000000
11629  -13.812  -38.163  -21.886 0.6000000238
11632  -14.546  -37.546  -22.241 0.6000000238
57994  -12.591  -38.200  -21.512 0.5000000000
11628  -12.953  -38.763  -21.840 0.4000000060
11949  -14.028  -37.484  -21.976 0.6000000238
10678  -18.865  -40.366  -25.245 0.6000000238
10681  -18.774  -40.842  -25.882 0.5000000000
10675  -18.769  -39.156  -24.550 0.6000000238
11003  -18.310  -39.565  -25.572 0.5000000000
11323  -17.585  -37.461  -24.068 0.6999999881
10997  -16.942  -37.894  -22.642 0.6000000238
56562  -16.938  -37.522  -23.085 0.6999999881
61390  -16.128  -37.418  -22.190 0.6000000238
11637  -16.004  -37.013  -23.000 0.6999999881
11633  -15.268  -37.092  -22.597 0.6000000238
11319  -15.925  -37.193  -22.484 0.6999999881
11636  -14.881  -37.080  -22.461 0.6000000238
11942  -12.163  -37.038  -20.672 0.5000000000
11945  -12.826  -37.293  -21.327 0.5000000000
57769  -13.316  -37.873  -21.741 0.4000000060
11946  -13.655  -37.092  -21.794 0.6000000238
56395  -14.371  -36.819  -22.259 0.6000000238
12257  -13.310  -36.407  -21.504 0.5000000000
11005  -17.479  -40.884  -25.891 0.5000000000
11329  -17.156  -39.618  -25.520 0.5000000000
11001  -18.160  -37.906  -24.819 0.6000000238
11327  -17.250  -38.371  -24.422 0.5000000000
11644  -16.662  -38.196  -25.258 0.5000000000
11322  -16.776  -37.146  -23.388 0.6999999881
11953  -15.656  -36.943  -23.090 0.6000000238
12567  -12.631  -35.517  -20.655 0.5000000000
12571  -13.101  -35.646  -21.200 0.4000000060
12259  -13.963  -36.310  -22.021 0.6000000238
12891  -12.654  -34.915  -20.398 0.4000000060
11326  -17.292  -37.140  -24.443 0.6000000238
60712  -16.926  -37.473  -25.052 0.5000000000
11641  -16.408  -36.891  -23.701 0.6000000238
11961  -16.762  -36.920  -24.280 0.5000000000
11957  -16.153  -36.762  -23.747 0.6000000238
12265  -15.770  -36.636  -23.488 0.6000000238
58564  -15.882  -36.107  -23.874 0.5000000000
12262  -15.327  -36.142  -23.259 0.6000000238
12260  -14.642  -36.103  -22.621 0.6999999881
12576  -14.996  -35.484  -23.067 0.5000000000
12572  -13.607  -35.654  -21.732 0.5000000000
12894  -13.088  -34.958  -20.915 0.4000000060
58440  -13.426  -35.088  -21.419 0.5000000000
52531  -12.997  -29.664  -14.108 0.4000000060
14808  -11.894  -28.308  -13.592 0.3000000119
12266  -16.376  -36.586  -24.182 0.5000000000
51078  -13.427  -31.084  -14.697 0.3000000119
51084  -13.724  -30.528  -15.027 0.4000000060
62527  -16.345  -36.022  -24.371 0.5000000000
51783  -13.622  -33.519  -16.797 0.3000000119
51525  -13.940  -31.749  -15.621 0.4000000060
14147  -13.154  -34.698  -18.194 0.3000000119
12575  -14.540  -35.389  -22.655 0.6000000238
12574  -14.122  -35.555  -22.249 0.6999999881
58367  -14.322  -34.902  -22.374 0.6000000238
12897  -13.897  -34.895  -21.875 0.5000000000
12895  -13.707  -34.483  -21.248 0.4000000060
13227  -14.375  -34.051  -21.373 0.4000000060
15151  -9.618  -26.691  -13.840 0.3000000119
15152  -11.194  -27.395  -13.638 0.3000000119
14809  -12.703  -28.507  -14.036 0.3000000119
52021  -13.585  -29.580  -14.873 0.4000000060
59092  -14.376  -31.982  -16.288 0.4000000060
51077  -14.143  -30.531  -15.765 0.4000000060
12579  -15.539  -35.489  -23.609 0.5000000000
62676  -14.208  -33.415  -16.908 0.4000000060
58065  -15.299  -34.825  -23.288 0.5000000000
58351  -14.777  -34.834  -22.812 0.5000000000
63326  -14.228  -34.553  -22.118 0.5000000000
12898  -14.643  -34.278  -22.333 0.5000000000
58366  -13.079  -34.661  -20.072 0.3000000119
58368  -13.993  -34.478  -20.697 0.4000000060
13226  -13.906  -34.222  -21.002 0.4000000060
58431  -14.241  -34.286  -21.793 0.4000000060
12583  -16.634  -35.497  -24.654 0.4000000060
12905  -16.513  -34.732  -24.292 0.4000000060
12904  -15.870  -34.797  -23.770 0.4000000060
51081  -14.500  -30.773  -16.357 0.4000000060
12899  -15.183  -34.227  -22.858 0.5000000000
13851  -13.752  -34.802  -18.319 0.3000000119
13555  -14.399  -34.827  -19.968 0.3000000119
15482  -10.237  -26.598  -13.845 0.3000000119
15153  -12.269  -27.666  -13.923 0.4000000060
15154  -13.612  -28.361  -14.795 0.3000000119
51083  -13.449  -28.780  -14.729 0.4000000060
12585  -17.214  -35.478  -25.169 0.4000000060
12910  -17.461  -34.664  -25.246 0.4000000060
51082  -14.002  -29.514  -15.568 0.4000000060
12901  -15.682  -34.187  -23.327 0.4000000060
51080  -14.838  -31.797  -16.723 0.3000000119
14148  -14.467  -33.952  -17.315 0.3000000119
14151  -14.737  -33.912  -17.535 0.3000000119
15790  -8.105  -25.730  -14.769 0.3000000119
62181  -10.122  -26.366  -13.945 0.4000000060
15483  -11.219  -26.813  -13.811 0.4000000060
12911  -18.036  -34.425  -25.656 0.4000000060
15155  -14.014  -29.020  -15.541 0.4000000060
56933  -16.783  -34.081  -24.043 0.4000000060
51818  -14.286  -29.846  -16.291 0.4000000060
12902  -16.239  -34.126  -23.746 0.4000000060
52032  -14.610  -30.204  -16.726 0.3000000119
13235  -16.113  -33.627  -23.123 0.4000000060
51925  -15.169  -32.025  -17.292 0.3000000119
13231  -15.283  -33.686  -22.351 0.5000000000
63306  -15.294  -34.287  -20.724 0.3000000119
13559  -15.090  -33.534  -21.472 0.4000000060
15779  -9.122  -26.137  -14.212 0.3000000119
15484  -12.900  -27.509  -14.247 0.3000000119
13240  -17.959  -33.807  -24.840 0.4000000060
14800  -14.170  -29.377  -16.057 0.3000000119
12906  -17.156  -34.302  -24.573 0.4000000060
14810  -14.403  -29.575  -16.657 0.3000000119
13236  -16.719  -33.662  -23.450 0.4000000060
13239  -17.361  -33.789  -23.907 0.4000000060
51085  -14.930  -30.421  -17.235 0.3000000119
14485  -15.521  -31.846  -18.060 0.3000000119
62559  -15.998  -33.171  -22.324 0.4000000060
14153  -15.662  -33.576  -18.386 0.3000000119
13855  -15.939  -32.984  -20.495 0.3000000119
58409  -15.575  -32.786  -21.463 0.3000000119
62937  -14.243  -29.167  -16.156 0.3000000119
15492  -14.080  -28.024  -15.184 0.3000000119
14811  -14.425  -29.192  -16.601 0.3000000119
13566  -18.006  -33.309  -23.674 0.3000000119
13565  -17.267  -33.320  -23.045 0.4000000060
53991  -15.243  -30.357  -17.971 0.3000000119
13562  -16.598  -33.163  -22.663 0.4000000060
13560  -15.589  -33.041  -21.797 0.3000000119
13856  -15.684  -32.183  -21.156 0.3000000119
14815  -14.901  -29.391  -17.742 0.3000000119
13860  -16.491  -32.438  -21.863 0.3000000119
58288  -17.154  -32.740  -22.027 0.3000000119
14487  -15.840  -31.579  -18.932 0.3000000119
57523  -16.186  -32.213  -21.758 0.3000000119
13858  -15.988  -32.072  -21.504 0.3000000119
14817  -15.175  -29.116  -18.657 0.3000000119
15164  -15.220  -28.169  -18.809 0.3000000119
54961  -15.494  -30.142  -18.958 0.3000000119
63308  -15.332  -29.154  -19.262 0.3000000119
58438  -14.603  -33.965  -21.128 0.4000000060
62761  -14.751  -34.902  -18.966 0.3000000119
13853  -15.790  -34.121  -19.608 0.3000000119
2737  -22.368  -66.349  -30.450 0.6000000238
2419  -22.586  -66.825  -29.269 0.5000000000
52810  -21.710  -67.415  -28.429 0.5000000000
52647  -22.431  -67.132  -28.588 0.5000000000
2403  -23.745  -66.767  -26.011 0.5000000000
2769  -21.877  -65.520  -32.220 0.6999999881
3030  -23.153  -65.134  -32.695 0.6999999881
3046  -21.663  -64.826  -33.531 0.6999999881
2402  -22.945  -67.084  -26.313 0.4000000060
3045  -21.240  -64.958  -32.950 0.6999999881
2727  -23.817  -66.102  -28.793 0.5000000000
2701  -27.530  -66.115  -23.090 0.3000000119
3004  -24.532  -65.059  -29.945 0.3000000119
3861  -23.602  -63.550  -34.284 0.6000000238
52873  -23.268  -63.056  -34.430 0.5000000000
3569  -21.694  -64.104  -34.386 0.6999999881
4166  -20.534  -62.285  -34.487 0.6000000238
3859  -20.967  -63.462  -34.407 0.6000000238
3298  -21.247  -64.299  -33.784 0.6999999881
63488  -23.469  -65.682  -30.535 0.5000000000
2726  -23.110  -66.724  -28.711 0.5000000000
3568  -20.819  -63.875  -33.759 0.6000000238
60992  -20.527  -64.655  -32.410 0.5000000000
3562  -20.165  -64.411  -32.167 0.5000000000
3016  -23.576  -65.197  -32.027 0.5000000000
55826  -27.210  -65.964  -24.011 0.3000000119
4171  -24.586  -62.911  -33.619 0.4000000060
5957  -19.063  -56.594  -31.141 0.6999999881
59928  -25.662  -62.373  -32.971 0.4000000060
6281  -22.796  -55.180  -31.079 0.6000000238
6571  -18.916  -55.368  -29.758 0.6000000238
8709  -16.637  -48.347  -28.250 0.6000000238
60581  -24.553  -59.609  -29.975 0.4000000060
62151  -22.253  -50.631  -31.020 0.4000000060
6570  -18.442  -55.504  -29.507 0.6000000238
9367  -18.377  -46.976  -28.631 0.6000000238
7484  -19.665  -51.357  -29.744 0.5000000000
6284  -25.314  -55.276  -31.797 0.5000000000
9980  -16.546  -42.676  -20.577 0.6000000238
10330  -17.620  -40.315  -22.557 0.6000000238
54654  -11.939  -37.960  -21.160 0.5000000000
11950  -15.132  -36.707  -22.840 0.6000000238
12256  -12.710  -36.331  -20.918 0.5000000000
13223  -13.244  -34.499  -20.601 0.3000000119
12582  -16.094  -35.457  -24.139 0.4000000060
13230  -14.853  -33.803  -21.823 0.5000000000
12909  -16.977  -34.935  -24.823 0.4000000060
13232  -15.631  -33.753  -22.832 0.4000000060
62531  -15.345  -33.239  -21.110 0.3000000119
15791  -8.529  -25.546  -14.684 0.3000000119
3558  -15.784  -64.952  -30.624 0.5000000000
3559  -17.387  -64.362  -30.358 0.5000000000
56415  -16.934  -64.869  -30.508 0.5000000000
3289  -18.534  -64.836  -30.905 0.4000000060
3839  -16.429  -63.484  -29.862 0.5000000000
3851  -16.899  -64.020  -30.136 0.5000000000
3560  -18.569  -64.130  -30.826 0.5000000000
4146  -16.122  -62.881  -29.671 0.4000000060
3852  -18.557  -63.228  -30.791 0.5000000000
4147  -17.583  -61.995  -30.331 0.5000000000
3840  -18.010  -62.709  -30.426 0.5000000000
57317  -18.498  -61.796  -31.480 0.5000000000
4148  -18.778  -62.300  -31.475 0.5000000000
4160  -19.273  -62.456  -32.126 0.4000000060
4455  -17.582  -61.093  -30.862 0.5000000000
4456  -18.186  -61.136  -31.548 0.5000000000
4457  -18.763  -61.321  -32.352 0.5000000000
4149  -19.005  -61.879  -32.379 0.5000000000
5029  -16.727  -59.316  -31.021 0.5000000000
4739  -17.246  -60.745  -30.736 0.5000000000
4736  -17.142  -60.004  -31.096 0.5000000000
4740  -17.738  -60.457  -31.611 0.5000000000
57524  -17.541  -59.775  -31.822 0.5000000000
4741  -18.422  -60.707  -32.211 0.5000000000
5030  -17.168  -59.252  -31.734 0.5000000000
5346  -16.796  -58.660  -31.564 0.5000000000
5647  -16.707  -57.493  -31.005 0.5000000000
5652  -17.029  -57.873  -31.762 0.5000000000
5036  -17.687  -59.286  -32.018 0.5000000000
5355  -17.333  -58.596  -32.036 0.5000000000
57731  -18.048  -60.019  -32.045 0.5000000000
4742  -19.009  -61.025  -32.804 0.5000000000
6271  -17.735  -56.137  -30.007 0.5000000000
5954  -17.290  -57.131  -31.396 0.5000000000
5661  -17.703  -57.948  -32.085 0.5000000000
5955  -17.934  -56.956  -31.508 0.5000000000
5037  -18.298  -59.556  -32.017 0.5000000000
57197  -18.704  -60.405  -32.381 0.5000000000
6566  -18.443  -54.693  -28.451 0.5000000000
8390  -15.115  -49.416  -26.851 0.5000000000
8703  -15.854  -48.934  -27.375 0.6000000238
60730  -15.671  -48.833  -26.847 0.5000000000
8704  -16.203  -48.216  -27.224 0.6000000238
8701  -16.446  -47.585  -26.638 0.6000000238
8700  -15.880  -48.326  -26.384 0.5000000000
9021  -16.176  -47.637  -25.740 0.6000000238
9019  -16.613  -46.825  -25.051 0.5000000000
9359  -17.329  -45.972  -25.323 0.6000000238
9354  -16.925  -45.792  -23.185 0.5000000000
9357  -17.087  -45.866  -24.333 0.5000000000
9673  -17.605  -44.729  -22.074 0.5000000000
60696  -18.172  -44.145  -20.794 0.6000000238
9979  -15.814  -42.742  -20.034 0.6000000238
9668  -17.221  -43.708  -19.730 0.5000000000
10323  -14.588  -40.450  -20.335 0.6000000238
10665  -13.940  -39.819  -20.771 0.6000000238
2714  -27.298  -65.593  -24.858 0.3000000119
2988  -27.561  -64.810  -25.754 0.3000000119
2987  -26.820  -65.102  -26.126 0.3000000119
2993  -27.875  -64.185  -26.028 0.3000000119
2991  -26.510  -64.632  -26.945 0.3000000119
2713  -26.705  -65.569  -25.490 0.3000000119
5356  -17.970  -58.674  -32.096 0.5000000000
5651  -16.476  -58.200  -31.158 0.5000000000
5653  -17.582  -57.415  -31.851 0.5000000000
2983  -27.272  -65.246  -25.438 0.3000000119
2996  -26.879  -63.953  -27.295 0.3000000119
2992  -27.182  -64.403  -26.468 0.3000000119
2997  -27.492  -63.700  -26.783 0.3000000119
2438  -21.222  -66.441  -30.882 0.6000000238
2720  -23.941  -66.551  -27.403 0.5000000000
3042  -21.712  -65.035  -33.229 0.6999999881
3282  -25.726  -63.856  -32.384 0.4000000060
3295  -25.543  -63.554  -32.974 0.4000000060
3573  -24.152  -63.561  -33.945 0.4000000060
11315  -14.286  -37.819  -21.978 0.6000000238
57841  -21.518  -63.708  -34.557 0.6999999881
59439  -14.268  -29.406  -16.416 0.3000000119
61940  -24.034  -63.376  -34.061 0.4000000060
62206  -22.823  -65.070  -33.089 0.6999999881
62644  -27.970  -66.873  -19.652 0.3000000119
62815  -26.644  -66.589  -21.998 0.3000000119
62865  -15.042  -37.449  -22.152 0.6000000238
