#!ascii label  , from subject sub-1015 vox2ras=TkReg
2140
269  -4.428  -75.672  0.437 0.6999999881
285  -5.477  -75.893  0.054 0.6999999881
273  -8.073  -74.678  -0.345 0.6000000238
456  -10.562  -73.384  2.338 0.8000000119
123  -5.502  -76.341  -0.176 0.5000000000
287  -7.215  -75.429  -0.522 0.5000000000
260  -9.778  -74.088  0.650 0.8000000119
57276  -9.901  -74.327  0.573 0.8000000119
54759  -7.576  -75.641  -0.687 0.6000000238
55828  -3.825  -75.147  0.385 0.6999999881
464  -4.771  -74.780  0.555 0.8999999762
475  -3.927  -75.509  0.434 0.6999999881
421  -11.417  -73.837  6.280 0.6999999881
445  -11.503  -73.626  3.587 0.8000000119
275  -10.544  -74.252  1.133 0.8000000119
127  -9.144  -75.002  -0.515 0.6000000238
11  -10.579  -76.928  -3.200 0.5000000000
61007  -10.065  -72.652  8.216 0.5000000000
960  -11.020  -72.401  8.581 0.5000000000
582  -10.696  -73.004  7.980 0.5000000000
590  -10.390  -73.055  7.577 0.6000000238
591  -11.174  -73.445  7.582 0.5000000000
779  -8.650  -72.439  8.424 0.5000000000
57322  -10.107  -73.019  7.114 0.6999999881
579  -8.550  -72.592  7.992 0.6000000238
610  -10.275  -73.111  6.395 0.6999999881
270  -5.130  -75.480  0.325 0.6999999881
454  -9.146  -73.124  0.730 0.8000000119
433  -10.320  -72.600  4.593 0.8000000119
59800  -10.865  -73.465  6.141 0.6999999881
61697  -12.326  -74.215  5.571 0.6000000238
272  -6.953  -74.916  -0.319 0.6999999881
284  -4.926  -76.122  0.204 0.6000000238
252  -12.541  -74.178  4.125 0.6999999881
120  -10.129  -74.504  0.347 0.6000000238
263  -11.730  -74.285  2.425 0.8000000119
115  -11.511  -74.381  1.798 0.8000000119
167  -12.491  -76.458  -3.356 0.6999999881
23  -11.293  -77.412  -3.610 0.5000000000
25  -13.377  -77.547  -4.068 0.6000000238
39  -14.104  -77.789  -4.354 0.6000000238
1319  -4.993  -68.913  10.645 0.4000000060
1320  -5.597  -68.630  10.585 0.4000000060
1330  -4.767  -69.802  10.274 0.6000000238
1331  -5.302  -69.645  10.112 0.6000000238
1139  -6.339  -70.922  9.432 0.6000000238
949  -9.359  -71.867  8.684 0.3000000119
1137  -5.153  -70.717  9.808 0.6000000238
1127  -5.202  -70.393  9.944 0.6000000238
1138  -5.779  -70.798  9.662 0.6000000238
957  -8.310  -71.885  9.013 0.5000000000
959  -10.039  -72.328  8.597 0.4000000060
769  -8.825  -72.280  8.644 0.5000000000
768  -8.183  -72.145  8.723 0.6000000238
1151  -4.971  -70.875  9.528 0.6000000238
59912  -5.909  -71.293  9.079 0.6000000238
1939  -2.574  -68.874  4.762 0.8999999762
777  -7.392  -72.007  8.403 0.6999999881
608  -9.581  -71.983  4.785 0.6999999881
609  -9.846  -72.717  5.693 0.6999999881
271  -5.924  -75.202  0.018 0.6999999881
432  -10.010  -72.122  3.531 0.8000000119
429  -13.072  -74.195  6.099 0.6000000238
444  -10.589  -72.815  3.356 0.8000000119
434  -11.057  -73.203  4.370 0.6999999881
427  -11.858  -73.986  5.562 0.6999999881
467  -8.027  -73.883  -0.100 0.6999999881
261  -10.480  -73.975  1.502 0.8000000119
436  -12.652  -74.267  5.034 0.6000000238
57712  -4.404  -76.263  0.228 0.6000000238
468  -9.042  -73.953  0.205 0.6999999881
446  -12.048  -73.935  3.868 0.8000000119
253  -12.966  -74.356  4.329 0.6000000238
119  -9.128  -74.710  -0.144 0.6000000238
126  -8.375  -75.218  -0.560 0.5000000000
139  -9.252  -75.477  -1.165 0.6000000238
22  -10.421  -77.379  -3.607 0.5000000000
40  -15.320  -77.300  -4.332 0.6999999881
52  -14.110  -78.257  -4.791 0.6000000238
63181  -15.972  -78.030  -5.627 0.6000000238
1535  -5.404  -68.047  11.369 0.3000000119
1536  -6.108  -67.783  11.403 0.3000000119
1545  -4.011  -69.211  10.708 0.5000000000
1332  -5.906  -69.398  9.892 0.4000000060
1546  -4.481  -69.117  10.688 0.4000000060
1544  -3.252  -68.986  10.671 0.5000000000
1556  -3.252  -69.647  10.361 0.6000000238
61071  -3.586  -69.155  10.705 0.5000000000
1344  -4.125  -70.404  10.149 0.6000000238
1343  -3.075  -70.305  9.897 0.6000000238
948  -8.523  -71.780  8.871 0.4000000060
60680  -4.612  -70.612  9.913 0.6000000238
946  -7.022  -71.419  9.200 0.6000000238
1359  -2.824  -70.183  9.108 0.6999999881
54039  -3.737  -70.706  9.408 0.6000000238
767  -7.441  -72.028  8.664 0.6000000238
770  -10.993  -72.681  8.468 0.5000000000
778  -8.049  -72.269  8.473 0.6000000238
600  -10.849  -73.426  6.923 0.6000000238
588  -8.711  -72.608  7.603 0.6999999881
465  -5.545  -74.514  0.355 0.8000000119
422  -12.117  -74.198  6.344 0.6000000238
423  -12.668  -74.319  6.657 0.6000000238
466  -6.716  -73.915  0.058 0.8000000119
442  -9.104  -72.302  1.345 0.8000000119
58204  -12.235  -74.058  4.843 0.6999999881
255  -11.087  -73.800  2.591 0.8000000119
437  -13.047  -74.212  5.225 0.6000000238
256  -11.664  -74.017  2.899 0.8000000119
834  -22.676  -73.814  -0.022 0.3000000119
490  -21.930  -75.377  -1.127 0.4000000060
53483  -11.287  -74.479  1.062 0.6000000238
114  -12.438  -74.454  2.787 0.8000000119
316  -20.779  -75.872  -1.594 0.5000000000
320  -20.696  -76.128  -2.519 0.6000000238
154  -10.298  -75.781  -1.963 0.5000000000
140  -9.974  -75.422  -1.306 0.5000000000
4  -11.341  -76.052  -2.650 0.6000000238
314  -19.194  -75.932  -2.511 0.6000000238
13  -11.939  -77.030  -3.487 0.5000000000
319  -19.921  -76.137  -2.911 0.6000000238
41  -16.038  -77.011  -4.467 0.8999999762
55157  -14.907  -77.897  -4.650 0.6000000238
77  -16.119  -78.111  -6.183 0.6999999881
66  -15.449  -78.286  -5.799 0.6000000238
1883  -4.734  -67.841  11.906 0.3000000119
1524  -5.957  -67.428  12.286 0.3000000119
1131  -7.970  -69.946  8.682 0.4000000060
2248  -2.843  -68.037  4.092 1.0000000000
1333  -6.606  -69.093  9.615 0.5000000000
62634  -3.242  -70.120  10.147 0.6000000238
1142  -8.715  -71.050  8.698 0.4000000060
950  -10.267  -71.921  8.539 0.3000000119
1357  -2.459  -69.996  7.972 0.6999999881
1358  -2.694  -70.047  8.771 0.6999999881
944  -5.719  -71.038  9.433 0.6000000238
2259  -4.292  -68.533  2.609 1.0000000000
580  -9.075  -72.691  7.980 0.6999999881
599  -9.439  -72.769  6.774 0.6999999881
601  -11.619  -73.890  7.039 0.5000000000
451  -5.182  -73.855  0.679 0.8999999762
637  -6.538  -72.030  1.072 0.8999999762
57699  -9.574  -71.679  3.723 0.8000000119
441  -8.527  -71.881  1.520 0.8000000119
430  -13.549  -74.068  5.386 0.5000000000
116  -12.024  -74.427  2.343 0.8000000119
257  -12.205  -74.239  3.115 0.8000000119
61260  -10.701  -74.522  0.500 0.6000000238
53725  -11.009  -74.660  0.158 0.6000000238
144  -13.813  -74.762  -0.608 0.6000000238
489  -21.244  -75.558  -0.926 0.4000000060
662  -22.304  -74.914  -0.697 0.4000000060
156  -11.828  -75.506  -2.116 0.6000000238
157  -12.612  -75.185  -1.985 0.6000000238
16  -14.858  -75.578  -3.204 0.6999999881
155  -11.076  -75.610  -1.952 0.5000000000
309  -19.230  -75.745  -1.715 0.6000000238
315  -19.964  -75.974  -2.061 0.6000000238
52550  -12.637  -77.274  -3.775 0.6000000238
14  -13.371  -76.601  -3.690 0.6999999881
26  -14.123  -77.179  -4.025 0.6000000238
193  -19.034  -76.471  -4.768 0.5000000000
199  -18.257  -76.943  -5.700 0.6999999881
204  -18.308  -77.147  -6.250 0.6999999881
53155  -14.916  -78.510  -6.860 0.6000000238
88  -17.150  -77.872  -7.109 0.6999999881
86  -15.464  -78.363  -7.348 0.6999999881
87  -16.329  -78.140  -7.020 0.6000000238
2506  -3.138  -67.316  11.603 0.3000000119
2508  -3.843  -67.280  12.481 0.3000000119
2203  -3.190  -67.818  11.513 0.4000000060
2204  -3.583  -67.806  11.749 0.5000000000
1882  -4.238  -67.955  11.765 0.4000000060
1891  -3.253  -68.320  11.103 0.5000000000
1893  -4.155  -68.664  11.206 0.5000000000
1321  -6.313  -68.318  10.489 0.4000000060
1938  -2.199  -68.711  5.596 0.8999999762
1555  -3.000  -69.444  10.226 0.5000000000
1329  -4.258  -69.881  10.365 0.6000000238
1129  -6.407  -70.273  9.419 0.5000000000
1130  -7.153  -70.128  9.051 0.4000000060
2878  -2.315  -66.520  3.006 0.8999999762
53062  -2.411  -65.999  3.987 0.8999999762
1562  -2.326  -69.196  9.120 0.6000000238
1140  -7.065  -71.063  9.164 0.5000000000
2581  -2.750  -66.414  2.020 0.8999999762
2249  -3.554  -68.266  3.451 1.0000000000
57072  -2.535  -69.610  9.299 0.6000000238
1352  -2.852  -70.174  9.644 0.6000000238
56025  -3.526  -70.467  9.961 0.6000000238
945  -6.364  -71.182  9.335 0.6000000238
63040  -5.456  -71.106  9.294 0.6000000238
62635  -4.222  -68.123  1.903 0.8000000119
958  -9.071  -72.093  8.793 0.3000000119
2584  -1.720  -66.524  1.491 0.8999999762
766  -6.710  -71.640  8.747 0.6999999881
56931  -4.353  -68.321  1.279 0.6999999881
598  -8.622  -72.344  6.671 0.6999999881
636  -5.388  -72.566  1.037 1.0000000000
60487  -9.191  -72.349  5.937 0.6999999881
651  -3.116  -74.300  0.467 0.5000000000
462  -3.408  -74.227  0.569 0.6000000238
449  -4.125  -74.069  0.668 0.8999999762
627  -8.486  -71.104  2.366 0.8999999762
617  -9.124  -71.249  3.868 0.8000000119
644  -3.065  -73.635  0.895 0.6999999881
254  -13.455  -74.256  4.453 0.6000000238
122  -11.857  -74.514  1.641 0.8000000119
258  -12.733  -74.394  3.453 0.6999999881
55267  -12.266  -74.624  1.373 0.8000000119
130  -12.107  -74.681  0.455 0.8000000119
54049  -22.582  -74.385  -0.319 0.3000000119
56632  -11.502  -74.751  -0.157 0.6999999881
143  -12.989  -74.875  -0.888 0.6999999881
141  -10.775  -75.099  -0.992 0.5000000000
58538  -11.972  -74.811  -0.377 0.6000000238
54290  -12.227  -74.975  -1.094 0.6000000238
62415  -12.316  -75.767  -2.741 0.6000000238
168  -12.985  -75.657  -2.915 0.6999999881
169  -13.889  -75.597  -3.061 0.8000000119
27  -14.893  -76.807  -3.989 0.8000000119
173  -18.501  -75.843  -2.909 0.6000000238
60186  -16.752  -76.776  -4.645 0.8999999762
53308  -20.506  -76.321  -4.065 0.5000000000
15  -14.306  -76.353  -3.701 0.8000000119
28  -15.715  -76.602  -4.064 0.8999999762
56  -17.440  -76.675  -4.881 0.6999999881
67  -16.966  -77.512  -5.662 0.8000000119
68  -17.553  -77.019  -5.431 0.8000000119
53  -14.803  -78.341  -5.281 0.5000000000
85  -14.656  -78.511  -7.492 0.6000000238
97  -15.189  -78.298  -8.187 0.5000000000
98  -16.147  -78.125  -8.000 0.6000000238
99  -16.859  -77.969  -7.636 0.6999999881
106  -15.296  -77.999  -9.271 0.6000000238
107  -15.716  -78.078  -8.703 0.6000000238
215  -16.362  -77.937  -8.723 0.6000000238
53276  -16.483  -77.589  -9.995 0.6000000238
2831  -3.252  -66.642  11.656 0.3000000119
1881  -4.117  -67.498  12.270 0.3000000119
2202  -2.934  -67.811  11.229 0.5000000000
1892  -3.840  -67.919  11.952 0.5000000000
1534  -5.054  -68.389  11.132 0.4000000060
1523  -5.281  -67.640  12.131 0.4000000060
1537  -6.903  -67.543  11.340 0.3000000119
56401  -2.808  -67.952  10.865 0.6000000238
55778  -2.762  -68.095  10.927 0.5000000000
1533  -4.325  -68.478  11.220 0.5000000000
1901  -2.973  -68.727  10.538 0.5000000000
1322  -7.119  -67.987  10.254 0.4000000060
1334  -7.402  -68.779  9.243 0.4000000060
58889  -2.421  -68.832  9.443 0.6000000238
1554  -2.764  -69.283  9.954 0.6000000238
1160  -3.455  -70.525  8.857 0.6999999881
1150  -4.434  -70.873  9.223 0.6999999881
1149  -3.144  -70.468  9.450 0.6000000238
1578  -2.067  -69.462  6.929 0.8999999762
968  -5.973  -71.442  8.619 0.6999999881
58312  -2.150  -68.914  5.811 0.8999999762
53953  -2.301  -69.664  6.402 0.8999999762
54263  -3.275  -68.742  4.083 1.0000000000
788  -7.314  -72.039  7.817 0.6999999881
1954  -3.968  -68.822  3.188 0.8999999762
1595  -3.110  -69.129  4.256 1.0000000000
58525  -1.964  -70.198  4.179 0.8000000119
635  -4.161  -72.947  1.102 1.0000000000
55815  -3.056  -70.889  1.992 0.8000000119
999  -2.046  -70.562  4.015 0.8999999762
587  -7.964  -72.261  7.327 0.8000000119
59888  -1.907  -71.592  2.429 0.8999999762
650  -2.976  -73.868  0.916 0.6000000238
54610  -4.623  -72.476  1.196 1.0000000000
53325  -6.179  -71.046  1.672 1.0000000000
607  -8.732  -71.561  5.520 0.6999999881
626  -7.393  -70.845  1.968 0.8999999762
419  -12.707  -74.312  7.287 0.5000000000
633  -3.036  -72.794  1.501 0.8999999762
622  -3.273  -72.278  1.748 1.0000000000
265  -13.272  -74.664  2.684 0.6999999881
118  -12.907  -74.692  1.942 0.6999999881
264  -12.824  -74.579  2.787 0.6999999881
131  -12.737  -74.727  0.915 0.8000000119
158  -13.557  -75.019  -1.888 0.6999999881
52776  -12.542  -74.775  -0.089 0.8000000119
313  -18.438  -75.601  -2.138 0.6000000238
172  -17.741  -75.609  -2.919 0.6000000238
182  -19.884  -76.280  -3.705 0.5000000000
61573  -14.830  -76.215  -3.719 0.6999999881
178  -16.221  -75.860  -3.702 0.6999999881
29  -16.542  -76.398  -4.133 0.6999999881
187  -18.434  -76.222  -4.297 0.5000000000
188  -19.263  -76.289  -4.131 0.5000000000
159  -14.511  -75.013  -2.227 0.6999999881
53013  -15.465  -74.987  -2.301 0.6999999881
55  -16.874  -77.172  -5.115 0.8999999762
58430  -18.822  -76.687  -5.370 0.5000000000
78  -16.965  -77.812  -6.371 0.8000000119
60341  -16.464  -77.867  -5.805 0.8000000119
96  -14.320  -78.434  -8.214 0.6000000238
62259  -18.697  -77.122  -6.593 0.6999999881
61224  -14.766  -78.217  -8.810 0.5000000000
217  -17.962  -77.582  -8.388 0.6000000238
210  -18.375  -77.466  -7.745 0.6000000238
223  -15.696  -77.743  -9.930 0.6000000238
58018  -17.039  -77.299  -10.535 0.6000000238
234  -15.296  -77.555  -10.622 0.6000000238
63286  -16.450  -77.393  -10.635 0.6000000238
249  -15.399  -77.167  -11.611 0.6000000238
251  -17.051  -76.840  -11.733 0.6000000238
3679  -2.314  -66.066  5.011 0.8000000119
3990  -2.347  -65.938  4.900 0.8000000119
2208  -2.666  -68.110  10.322 0.6000000238
1900  -2.682  -68.674  10.037 0.6000000238
1159  -2.826  -70.071  8.394 0.6999999881
2881  -2.078  -66.524  2.114 0.8999999762
51743  -2.034  -68.819  8.442 0.6000000238
1168  -3.729  -70.456  8.165 0.6999999881
1916  -2.020  -68.952  7.185 0.6999999881
1158  -2.755  -70.114  8.111 0.6999999881
966  -4.623  -71.053  8.641 0.6999999881
1361  -2.431  -69.963  7.472 0.6999999881
1167  -3.217  -70.182  7.997 0.6999999881
965  -4.223  -70.767  8.265 0.6999999881
1949  -2.614  -68.596  4.690 0.8999999762
1170  -3.033  -69.989  6.263 0.8999999762
973  -4.798  -70.866  7.871 0.6999999881
967  -5.318  -71.292  8.376 0.6999999881
775  -5.976  -71.520  8.019 0.6999999881
1369  -2.225  -69.690  5.764 0.8000000119
1175  -2.830  -70.071  5.239 0.8999999762
787  -6.636  -71.666  7.550 0.6999999881
1185  -2.183  -70.433  3.882 0.8000000119
597  -8.047  -71.905  6.513 0.8000000119
1958  -4.538  -68.802  2.364 0.8000000119
1384  -1.729  -71.115  3.220 0.8000000119
991  -2.529  -70.238  4.052 0.8999999762
795  -7.344  -71.702  6.920 0.8000000119
606  -7.856  -71.098  5.828 0.8000000119
605  -8.277  -70.449  3.971 0.8000000119
1957  -4.705  -68.943  1.847 0.8000000119
816  -3.079  -72.275  1.892 0.8999999762
616  -7.098  -69.857  2.912 0.8999999762
62765  -1.992  -71.906  1.983 0.8999999762
625  -5.111  -71.298  1.558 1.0000000000
615  -5.787  -69.924  2.266 1.0000000000
808  -2.735  -72.088  1.987 1.0000000000
811  -4.179  -70.837  2.229 1.0000000000
53457  -14.299  -74.603  2.283 0.6999999881
817  -3.120  -71.919  2.078 1.0000000000
132  -13.304  -74.775  0.292 0.8000000119
145  -14.332  -74.804  -1.284 0.6999999881
306  -15.126  -74.769  -1.346 0.6999999881
310  -19.891  -75.739  -1.233 0.6000000238
17  -15.367  -76.044  -3.712 0.6000000238
179  -17.133  -75.887  -3.615 0.6000000238
160  -16.462  -75.017  -2.265 0.6000000238
205  -19.357  -76.922  -6.629 0.6999999881
104  -13.199  -78.283  -9.011 0.6000000238
209  -17.576  -77.747  -7.684 0.6999999881
52753  -16.822  -77.726  -9.229 0.6000000238
395  -15.209  -76.760  -12.561 0.5000000000
406  -16.079  -76.518  -12.830 0.6000000238
2840  -3.164  -66.306  11.328 0.4000000060
2505  -3.000  -67.128  11.288 0.5000000000
3680  -6.270  -64.982  3.867 0.8000000119
51726  -2.199  -68.916  8.936 0.6000000238
60202  -3.073  -70.309  8.844 0.6999999881
51012  -2.107  -68.570  8.480 0.6000000238
2231  -2.100  -68.551  7.323 0.6000000238
1569  -1.935  -69.430  7.420 0.6999999881
1166  -3.006  -70.025  7.435 0.6999999881
2565  -2.193  -68.231  6.118 0.6999999881
1165  -2.572  -69.938  7.078 0.8999999762
2574  -2.369  -67.095  4.200 1.0000000000
2244  -2.319  -67.999  4.981 1.0000000000
1169  -2.924  -69.978  5.899 0.8999999762
972  -4.131  -70.369  7.492 0.6999999881
61333  -5.448  -71.204  7.786 0.6999999881
979  -4.683  -70.231  6.807 0.6999999881
980  -5.267  -70.749  7.235 0.6999999881
1184  -2.103  -70.789  3.620 0.8000000119
1183  -1.996  -70.351  4.204 0.8000000119
793  -5.982  -71.043  7.141 0.6999999881
800  -7.325  -70.173  4.932 0.8000000119
1964  -4.520  -69.783  1.825 0.8000000119
809  -3.000  -71.380  2.413 1.0000000000
810  -3.521  -71.275  2.194 1.0000000000
812  -4.693  -70.264  2.076 1.0000000000
308  -17.084  -74.935  -1.364 0.6000000238
4414  -8.849  -59.971  -27.178 0.6000000238
4086  -9.592  -60.898  -26.991 0.5000000000
4092  -8.549  -60.884  -26.993 0.6999999881
3793  -9.581  -62.219  -26.610 0.5000000000
105  -14.011  -78.273  -8.942 0.6000000238
225  -17.623  -77.553  -9.103 0.6000000238
236  -18.113  -77.267  -9.738 0.6000000238
250  -16.288  -77.021  -11.681 0.5000000000
404  -14.753  -76.436  -13.141 0.5000000000
56574  -14.794  -76.098  -13.648 0.5000000000
574  -15.932  -75.463  -14.555 0.5000000000
61163  -2.915  -66.848  10.894 0.5000000000
2848  -2.790  -66.838  10.400 0.6000000238
3675  -6.485  -64.394  5.465 0.8000000119
3409  -3.275  -66.078  3.902 0.8000000119
3978  -0.962  -65.724  5.468 0.8000000119
2530  -2.607  -67.295  9.983 0.6000000238
3414  -3.109  -66.018  3.245 0.8000000119
3688  -1.682  -65.849  4.913 0.8000000119
51011  -2.300  -68.076  8.917 0.6000000238
51970  -2.752  -66.820  9.376 0.6000000238
56687  -2.233  -65.991  4.097 0.8000000119
59038  -2.381  -67.614  8.744 0.6000000238
59578  -2.181  -65.991  3.235 0.8000000119
3408  -1.125  -65.653  4.022 0.8000000119
57940  -0.780  -65.436  4.969 0.8000000119
2566  -2.233  -67.038  6.826 0.8000000119
51014  -2.228  -67.965  8.351 0.6000000238
1171  -3.204  -70.014  6.741 0.6999999881
55980  -1.641  -66.503  3.688 1.0000000000
3141  -0.756  -65.795  4.301 0.8999999762
59608  -2.235  -67.608  6.422 0.8000000119
61391  -2.178  -68.212  6.757 0.6999999881
2874  -1.962  -66.637  4.099 1.0000000000
2570  -2.205  -67.029  6.015 0.8000000119
1172  -3.552  -70.095  7.150 0.6999999881
1176  -3.046  -70.009  5.136 0.8999999762
1177  -3.172  -69.972  5.636 0.8999999762
978  -4.032  -70.007  6.316 0.8000000119
977  -3.430  -69.968  5.974 0.8999999762
794  -6.705  -71.209  6.797 0.8000000119
992  -3.198  -70.244  3.990 0.8999999762
1180  -3.049  -70.009  4.997 0.8000000119
986  -4.562  -69.747  5.293 0.8000000119
1000  -3.455  -70.885  3.291 0.8999999762
56677  -3.998  -69.894  4.005 0.8999999762
994  -4.129  -69.565  4.126 0.8999999762
805  -5.165  -69.325  3.143 0.8999999762
987  -5.415  -70.162  6.255 0.8000000119
799  -6.427  -70.254  5.852 0.8000000119
53744  -7.137  -70.944  6.161 0.8000000119
59558  -3.315  -70.534  3.104 0.8999999762
1001  -4.219  -70.102  2.980 0.8999999762
57597  -3.162  -71.051  2.727 1.0000000000
804  -4.288  -69.922  2.848 1.0000000000
53361  -6.354  -69.452  3.967 0.8000000119
55580  -18.159  -75.243  -1.288 0.6000000238
4671  -6.131  -58.278  -25.677 0.6000000238
4678  -5.031  -59.075  -26.206 0.6000000238
307  -16.078  -74.791  -1.392 0.6000000238
57935  -6.076  -58.084  -25.395 0.6999999881
4413  -7.393  -59.320  -26.845 0.6000000238
4396  -8.895  -58.183  -26.325 0.6000000238
5596  -6.785  -57.722  -24.804 0.6999999881
4084  -6.173  -59.916  -26.897 0.6999999881
4085  -7.988  -60.085  -26.969 0.6999999881
4097  -4.021  -60.851  -27.301 0.6999999881
5597  -7.356  -56.804  -24.464 0.6999999881
5295  -4.308  -58.759  -26.425 0.6999999881
4107  -7.050  -59.755  -27.106 0.6999999881
5598  -8.074  -56.892  -24.341 0.6999999881
3799  -9.130  -61.976  -26.936 0.8000000119
3521  -9.449  -64.757  -25.457 0.5000000000
376  -21.119  -76.083  -9.990 0.5000000000
375  -20.374  -76.451  -9.832 0.5000000000
5912  -8.023  -56.852  -24.401 0.6000000238
3530  -9.495  -63.102  -26.920 0.8000000119
399  -20.350  -75.978  -11.527 0.5000000000
385  -19.160  -76.580  -10.929 0.6000000238
373  -18.582  -76.954  -10.343 0.6000000238
55031  -9.576  -64.428  -26.376 0.6000000238
409  -19.115  -75.925  -12.431 0.5000000000
397  -18.688  -76.375  -11.700 0.5000000000
384  -18.260  -76.789  -11.055 0.6000000238
383  -17.455  -76.989  -11.116 0.6000000238
61466  -10.960  -55.283  -23.801 0.6000000238
57918  -8.530  -66.547  -24.987 0.5000000000
60491  -8.635  -66.776  -25.340 0.6000000238
62360  -19.151  -75.495  -13.157 0.5000000000
61205  -16.719  -77.159  -11.132 0.6000000238
57927  -11.156  -54.192  -23.530 0.6000000238
3248  -9.113  -65.512  -25.764 0.6000000238
407  -16.878  -76.299  -12.928 0.6000000238
577  -15.462  -75.138  -15.047 0.5000000000
415  -16.356  -76.101  -13.471 0.5000000000
563  -16.590  -75.659  -14.078 0.6000000238
416  -17.145  -75.865  -13.550 0.6000000238
57915  -16.159  -74.015  -16.757 0.6999999881
61033  -3.331  -65.476  11.565 0.3000000119
2841  -3.118  -65.877  10.998 0.4000000060
2849  -3.004  -66.252  10.806 0.4000000060
2855  -2.948  -66.285  10.383 0.6000000238
2859  -2.973  -66.210  9.667 0.6000000238
51015  -2.316  -67.686  7.812 0.6999999881
51038  -2.497  -67.163  8.068 0.6000000238
63457  -0.931  -65.561  3.812 0.8999999762
2870  -1.896  -66.534  5.471 0.8000000119
2569  -2.222  -67.061  5.061 0.8999999762
984  -3.324  -69.927  5.011 0.8999999762
985  -4.054  -69.816  5.132 0.8999999762
798  -5.469  -69.458  4.769 0.8999999762
995  -4.776  -69.504  4.046 0.8999999762
4402  -4.782  -60.082  -26.901 0.6000000238
4683  -3.515  -59.965  -26.020 0.6000000238
4404  -7.168  -58.811  -26.016 0.6000000238
4412  -6.193  -59.336  -26.687 0.6000000238
4112  -5.356  -60.175  -27.732 0.6999999881
4113  -7.211  -60.109  -27.876 0.6000000238
4106  -4.958  -60.727  -27.499 0.6999999881
4117  -7.999  -60.589  -28.203 0.6000000238
4099  -7.384  -60.638  -27.118 0.6999999881
3815  -8.004  -61.160  -27.328 0.6999999881
6225  -9.708  -57.107  -23.177 0.6999999881
3807  -9.121  -62.021  -26.886 0.6999999881
54938  -9.557  -64.141  -27.002 0.8000000119
55762  -19.833  -76.538  -10.410 0.5000000000
410  -20.006  -75.765  -12.219 0.5000000000
57227  -8.673  -66.596  -25.732 0.8000000119
2095  -9.057  -67.307  -24.332 0.6000000238
566  -19.177  -75.086  -13.799 0.6000000238
56172  -17.843  -76.626  -11.736 0.6000000238
2399  -8.780  -66.959  -26.003 0.8000000119
552  -18.612  -75.406  -13.558 0.5000000000
60248  -18.454  -75.796  -13.027 0.5000000000
408  -17.671  -76.055  -12.984 0.5000000000
765  -17.785  -73.994  -16.224 0.6000000238
1780  -9.211  -67.331  -23.811 0.5000000000
1768  -9.388  -67.339  -22.762 0.5000000000
62059  -14.945  -72.802  -17.609 0.6000000238
1113  -15.463  -72.923  -17.671 0.6000000238
3381  -3.387  -65.093  11.693 0.3000000119
3118  -3.193  -64.945  10.495 0.4000000060
3385  -3.264  -65.178  11.168 0.4000000060
3119  -3.134  -65.651  10.752 0.5000000000
3122  -3.188  -65.492  10.060 0.6000000238
3411  -5.315  -65.703  5.027 0.8000000119
52921  -3.533  -66.149  5.003 0.8000000119
52905  -2.116  -66.548  5.396 0.8000000119
3125  -2.878  -66.200  8.841 0.6000000238
51679  -2.750  -66.295  8.059 0.6000000238
51573  -2.601  -66.966  8.770 0.6000000238
56261  -0.782  -65.018  5.712 0.8000000119
3132  -1.050  -65.611  6.293 0.8000000119
62332  -2.620  -66.323  7.439 0.8000000119
3136  -0.096  -65.505  6.011 0.8000000119
2862  -2.045  -65.838  6.967 0.8000000119
2867  -2.213  -66.640  6.301 0.8000000119
4403  -5.992  -59.192  -26.762 0.6000000238
5292  -5.462  -58.226  -25.632 0.6000000238
3814  -3.494  -61.107  -27.945 0.6999999881
4989  -3.004  -59.725  -26.681 0.6999999881
4083  -4.658  -60.298  -26.917 0.6999999881
4111  -4.012  -60.945  -27.955 0.6999999881
4704  -4.148  -59.906  -28.154 0.6000000238
5915  -5.421  -57.930  -25.203 0.6000000238
5602  -7.126  -56.986  -24.968 0.6999999881
6228  -9.112  -57.032  -24.245 0.6999999881
4118  -9.114  -61.451  -27.900 0.6000000238
6232  -7.789  -56.792  -25.096 0.6999999881
3806  -8.051  -61.112  -27.086 0.6999999881
3823  -8.999  -60.988  -27.180 0.6999999881
3255  -9.549  -65.054  -27.950 0.8000000119
3261  -9.718  -65.249  -29.363 0.6999999881
6229  -9.545  -57.086  -24.042 0.6999999881
2998  -9.563  -65.723  -28.893 0.6999999881
3008  -9.856  -65.920  -29.854 0.6999999881
59432  -9.233  -65.851  -27.473 0.6999999881
2725  -9.249  -66.457  -27.945 0.6999999881
2719  -8.859  -66.605  -26.589 0.8000000119
59567  -9.000  -66.970  -26.854 0.8000000119
2106  -8.919  -67.274  -25.825 0.8000000119
1791  -9.237  -67.401  -24.602 0.6000000238
1769  -9.718  -67.393  -23.243 0.6000000238
756  -18.885  -74.196  -15.340 0.5000000000
564  -17.393  -75.375  -14.188 0.5000000000
60500  -8.980  -67.351  -25.757 0.6000000238
1792  -9.588  -67.453  -24.724 0.6000000238
930  -17.454  -73.675  -16.818 0.5000000000
754  -17.199  -74.404  -15.797 0.6999999881
939  -16.075  -73.531  -17.302 0.6000000238
1771  -11.446  -67.031  -22.900 0.4000000060
1311  -15.200  -70.000  -17.985 0.5000000000
54667  -5.760  -60.595  5.181 0.8000000119
3655  -3.225  -64.087  10.772 0.5000000000
3654  -3.171  -64.620  10.888 0.4000000060
3388  -3.232  -64.577  9.750 0.5000000000
3684  -5.905  -64.613  2.445 0.8000000119
3137  -3.833  -65.885  6.714 0.8000000119
3415  -4.807  -65.182  2.323 0.8000000119
51551  -2.978  -64.303  9.129 0.6000000238
3142  -3.853  -65.807  2.788 0.8000000119
51025  -1.160  -65.130  5.882 0.8000000119
51022  -1.993  -65.806  6.847 0.8000000119
51576  -2.970  -65.202  8.760 0.6999999881
61993  -2.915  -65.150  8.869 0.6000000238
3670  -1.052  -65.480  5.928 0.8000000119
59447  -2.312  -65.214  8.249 0.6999999881
59039  -2.464  -65.445  8.206 0.6000000238
5310  -2.972  -59.987  -28.053 0.6999999881
4417  -1.830  -61.046  -26.925 0.6999999881
3797  -3.176  -61.081  -27.192 0.6999999881
5006  -3.670  -59.962  -28.013 0.6999999881
5008  -6.126  -59.097  -27.850 0.6000000238
5611  -4.077  -58.634  -26.830 0.6999999881
4998  -2.987  -59.484  -27.181 0.6999999881
4715  -7.698  -59.884  -28.572 0.6000000238
5607  -5.365  -57.931  -25.994 0.6999999881
4116  -6.158  -59.963  -27.847 0.6000000238
53942  -6.982  -60.359  -28.669 0.6000000238
4428  -8.430  -60.536  -28.101 0.6000000238
5617  -4.800  -57.929  -26.969 0.6999999881
3825  -9.847  -63.446  -28.781 0.6999999881
3537  -9.744  -64.479  -28.803 0.6000000238
3539  -9.855  -64.299  -29.144 0.6000000238
61607  -9.450  -63.033  -27.130 0.8000000119
3264  -9.872  -65.398  -30.181 0.6999999881
3009  -9.976  -65.825  -30.535 0.6999999881
2420  -9.793  -66.616  -28.811 0.6999999881
2137  -10.224  -66.993  -29.088 0.6999999881
2409  -9.441  -66.950  -27.912 0.6999999881
743  -19.217  -74.588  -14.560 0.4000000060
2107  -9.100  -67.401  -26.243 0.6999999881
1823  -10.013  -67.190  -27.406 0.6999999881
57023  -18.901  -73.526  -16.330 0.5000000000
916  -18.536  -73.895  -16.001 0.5000000000
575  -17.574  -74.834  -14.961 0.6000000238
941  -17.754  -73.155  -17.218 0.5000000000
56482  -9.997  -67.403  -25.500 0.6999999881
1783  -10.821  -67.189  -23.917 0.4000000060
1772  -12.666  -66.851  -22.915 0.4000000060
940  -16.968  -73.300  -17.317 0.5000000000
929  -16.740  -73.831  -16.858 0.6999999881
764  -17.157  -74.037  -16.419 0.6999999881
1312  -15.800  -70.378  -18.202 0.4000000060
1114  -16.451  -72.708  -17.779 0.5000000000
1123  -15.894  -72.128  -17.864 0.5000000000
1504  -16.294  -69.627  -19.101 0.4000000060
3656  -3.686  -63.611  10.798 0.4000000060
3986  -6.644  -63.259  3.311 0.8000000119
53982  -6.539  -62.092  5.008 0.8000000119
3659  -3.086  -64.311  10.328 0.5000000000
4280  -3.959  -63.013  10.169 0.4000000060
3961  -3.316  -63.715  10.273 0.4000000060
3964  -3.333  -63.634  10.065 0.4000000060
51866  -3.203  -63.970  9.702 0.5000000000
3671  -5.288  -64.765  6.915 0.8000000119
51456  -4.357  -63.053  8.416 0.6000000238
3405  -5.279  -65.378  6.115 0.8000000119
3666  -3.754  -65.530  7.660 0.8000000119
51017  -3.053  -64.801  8.852 0.6999999881
51031  -2.316  -65.404  8.077 0.8000000119
51039  -2.040  -65.481  7.745 0.8000000119
5007  -4.583  -59.499  -27.792 0.6000000238
5326  -7.786  -58.446  -28.531 0.5000000000
62465  -3.831  -58.982  -27.104 0.6999999881
5323  -4.241  -59.446  -27.715 0.6999999881
5325  -6.361  -58.558  -28.250 0.6000000238
4422  -3.823  -60.816  -28.064 0.6999999881
4706  -7.083  -60.007  -28.134 0.6000000238
5618  -5.677  -57.873  -26.528 0.6999999881
5926  -6.126  -57.586  -26.138 0.6999999881
3833  -10.183  -63.730  -29.684 0.5000000000
6237  -7.917  -56.659  -25.548 0.6999999881
4124  -9.991  -62.850  -28.715 0.5000000000
53226  -9.882  -64.846  -29.764 0.6000000238
3275  -10.583  -64.861  -32.365 0.4000000060
3820  -9.417  -62.753  -27.722 0.6999999881
3824  -9.490  -62.213  -28.037 0.6999999881
6531  -9.857  -56.686  -24.210 0.6999999881
6837  -10.306  -56.089  -24.349 0.6000000238
3536  -9.738  -63.369  -28.343 0.6999999881
3533  -9.753  -64.139  -28.200 0.8000000119
3018  -10.219  -65.607  -31.518 0.6000000238
2748  -10.950  -66.842  -31.840 0.6000000238
6528  -10.247  -56.680  -23.272 0.6999999881
3254  -9.440  -65.103  -27.266 0.8000000119
2740  -10.148  -66.267  -30.490 0.6999999881
2990  -9.094  -65.999  -26.882 0.8000000119
2731  -9.527  -66.259  -28.677 0.6999999881
2429  -10.355  -66.695  -30.123 0.6999999881
2430  -10.671  -66.986  -30.522 0.6999999881
2139  -11.818  -67.562  -29.679 0.5000000000
2112  -8.840  -67.132  -26.502 0.6999999881
2736  -10.041  -66.430  -29.650 0.6999999881
54122  -10.784  -67.113  -28.935 0.6999999881
2129  -12.429  -67.630  -29.225 0.5000000000
1812  -9.287  -67.419  -26.598 0.6999999881
2114  -9.371  -67.254  -27.147 0.6999999881
2118  -9.766  -67.140  -27.642 0.6999999881
1825  -11.040  -67.043  -27.857 0.6999999881
1833  -11.536  -67.145  -28.379 0.6999999881
1801  -9.162  -67.460  -25.953 0.5000000000
1814  -10.431  -67.153  -27.196 0.6999999881
1806  -14.536  -68.129  -26.960 0.6000000238
55523  -15.054  -68.431  -26.392 0.6000000238
1115  -17.323  -72.711  -17.671 0.5000000000
1793  -10.326  -67.324  -24.800 0.5000000000
1794  -11.296  -67.084  -24.815 0.6000000238
1760  -13.574  -66.761  -21.763 0.5000000000
52750  -14.914  -67.707  -25.206 0.5000000000
1762  -15.957  -67.127  -21.812 0.4000000060
1314  -16.849  -70.436  -18.599 0.5000000000
1125  -17.076  -72.062  -17.963 0.4000000060
1748  -14.464  -66.880  -20.712 0.4000000060
57450  -15.550  -67.181  -20.490 0.4000000060
1514  -16.886  -68.836  -19.929 0.5000000000
58573  -12.243  -66.874  -21.538 0.6000000238
4591  -4.232  -59.480  4.157 0.8000000119
4276  -4.608  -62.609  10.481 0.3000000119
4577  -4.882  -61.664  8.990 0.4000000060
51019  -4.281  -62.384  8.599 0.4000000060
3967  -3.214  -63.852  9.798 0.4000000060
55798  -3.476  -63.291  9.612 0.4000000060
4285  -4.218  -62.465  9.028 0.4000000060
3693  -4.106  -64.021  1.076 0.6999999881
58800  -4.132  -64.364  8.596 0.8000000119
51593  -3.686  -63.441  8.969 0.6999999881
51027  -3.709  -63.018  8.950 0.4000000060
51018  -3.797  -64.070  8.931 0.6999999881
51510  -3.424  -65.074  8.795 0.6999999881
5313  -4.960  -58.923  -27.444 0.6000000238
5628  -5.344  -58.321  -27.009 0.6999999881
5315  -7.108  -58.019  -27.951 0.5000000000
5629  -7.386  -57.500  -27.583 0.5000000000
5630  -8.768  -57.695  -27.139 0.5000000000
5009  -7.315  -59.220  -28.236 0.5000000000
5922  -7.128  -56.983  -25.657 0.6999999881
5927  -7.140  -56.977  -26.069 0.6999999881
5928  -7.262  -57.098  -26.351 0.6000000238
6540  -10.592  -55.590  -25.326 0.6000000238
5934  -9.713  -56.804  -26.080 0.4000000060
4434  -9.452  -61.449  -27.830 0.6000000238
4716  -8.997  -60.898  -27.595 0.5000000000
52454  -8.369  -56.427  -25.079 0.6000000238
3269  -10.040  -64.897  -30.406 0.6000000238
3020  -10.894  -66.025  -32.553 0.5000000000
2441  -11.236  -67.232  -31.555 0.5000000000
2994  -9.444  -65.837  -28.310 0.6999999881
2408  -9.193  -66.824  -27.545 0.6999999881
2414  -9.579  -66.866  -28.240 0.6999999881
1834  -12.298  -67.384  -28.607 0.5000000000
942  -18.467  -72.965  -17.129 0.5000000000
1813  -9.909  -67.374  -26.912 0.6999999881
59755  -10.134  -67.332  -26.369 0.6999999881
1826  -12.018  -67.094  -27.883 0.5000000000
1307  -17.729  -71.399  -18.206 0.4000000060
1116  -18.029  -72.619  -17.566 0.5000000000
1804  -12.855  -67.029  -26.582 0.6999999881
1816  -12.990  -67.209  -27.412 0.6000000238
1751  -17.667  -68.108  -20.934 0.5000000000
1306  -16.954  -71.257  -18.213 0.4000000060
63270  -11.788  -67.020  -25.500 0.6999999881
1785  -13.405  -67.063  -25.105 0.4000000060
1787  -16.140  -68.004  -24.111 0.5000000000
1764  -17.081  -67.770  -22.130 0.5000000000
61083  -12.363  -66.992  -24.889 0.5000000000
56660  -14.352  -67.145  -24.350 0.4000000060
1774  -15.154  -67.122  -23.090 0.4000000060
1786  -15.436  -67.576  -24.207 0.4000000060
1763  -16.806  -67.460  -21.846 0.4000000060
1773  -13.952  -66.883  -23.046 0.4000000060
1775  -16.125  -67.500  -23.056 0.4000000060
1513  -16.148  -68.486  -19.957 0.4000000060
1749  -16.744  -67.234  -20.442 0.4000000060
4890  -3.867  -59.444  4.330 0.6999999881
4300  -5.457  -60.638  3.454 0.8000000119
62255  -5.255  -61.578  7.204 0.6000000238
4573  -5.544  -60.620  9.021 0.3000000119
4873  -6.342  -59.623  9.271 0.3000000119
3991  -5.493  -63.173  1.982 0.8000000119
3980  -5.869  -63.200  6.720 0.8000000119
4297  -5.777  -61.702  6.533 0.6999999881
4293  -5.165  -62.457  7.542 0.6000000238
51024  -4.852  -61.915  7.815 0.5000000000
4876  -5.937  -59.279  8.660 0.3000000119
3974  -4.958  -63.927  7.890 0.6999999881
52166  -5.274  -60.455  8.551 0.4000000060
51035  -3.550  -63.116  8.712 0.6000000238
4578  -4.933  -61.433  8.460 0.4000000060
5314  -6.004  -58.325  -27.516 0.5000000000
56610  -6.210  -57.986  -27.133 0.6000000238
55721  -7.152  -57.390  -26.927 0.5000000000
5625  -10.084  -57.396  -26.222 0.4000000060
5623  -6.059  -57.824  -26.896 0.6000000238
63119  -6.467  -57.660  -26.703 0.6000000238
54820  -7.967  -57.135  -26.960 0.5000000000
4707  -8.132  -59.799  -28.289 0.5000000000
6245  -9.826  -56.258  -25.666 0.6000000238
6541  -11.092  -55.103  -25.414 0.5000000000
4708  -9.097  -60.383  -27.319 0.5000000000
4429  -8.482  -60.582  -28.141 0.6000000238
6525  -10.422  -56.315  -22.077 0.6999999881
6534  -9.312  -56.218  -24.815 0.6000000238
6539  -10.141  -55.807  -25.214 0.6000000238
6848  -11.147  -54.806  -25.207 0.6000000238
6833  -10.695  -55.999  -23.512 0.6999999881
6843  -10.702  -54.965  -24.913 0.6000000238
6838  -10.871  -55.085  -24.417 0.6000000238
7145  -11.198  -53.790  -24.242 0.6000000238
2423  -10.825  -67.214  -30.188 0.6999999881
1294  -18.308  -72.028  -17.864 0.4000000060
1815  -11.247  -67.006  -27.357 0.6999999881
1817  -13.898  -67.751  -27.596 0.5000000000
61290  -17.641  -69.586  -19.637 0.4000000060
60285  -11.024  -67.087  -26.673 0.6999999881
55298  -14.511  -67.808  -26.121 0.6000000238
1506  -17.266  -69.634  -19.393 0.4000000060
1752  -17.733  -68.287  -21.354 0.4000000060
1795  -12.662  -67.012  -25.743 0.6999999881
1796  -15.157  -68.204  -25.776 0.5000000000
61110  -14.184  -67.364  -25.387 0.5000000000
53499  -15.601  -68.116  -25.086 0.5000000000
1776  -16.704  -67.909  -23.040 0.5000000000
58877  -5.085  -59.445  4.689 0.5000000000
4892  -4.113  -59.496  3.662 0.8000000119
51750  -5.423  -59.941  5.346 0.5000000000
4587  -5.358  -59.990  5.236 0.5000000000
4303  -3.954  -60.743  2.330 0.8000000119
51960  -5.629  -60.908  6.461 0.6999999881
58853  -5.578  -60.494  6.534 0.4000000060
4304  -5.283  -61.827  2.328 0.6999999881
4308  -4.384  -62.244  1.625 0.6000000238
58799  -5.288  -61.266  7.193 0.5000000000
51033  -5.203  -61.167  7.734 0.4000000060
4312  -3.663  -62.189  0.904 0.5000000000
51028  -5.357  -60.285  8.021 0.4000000060
51026  -5.547  -59.488  8.232 0.3000000119
5624  -9.348  -57.014  -26.697 0.5000000000
5932  -7.866  -56.929  -26.570 0.6000000238
6251  -8.252  -56.667  -26.356 0.6000000238
62574  -10.491  -55.535  -21.489 0.6999999881
6243  -8.074  -56.622  -25.948 0.6000000238
6829  -10.715  -55.493  -22.203 0.8000000119
6238  -8.522  -56.312  -25.399 0.6000000238
6841  -10.128  -55.927  -24.858 0.6000000238
7148  -11.130  -54.091  -24.767 0.6000000238
7142  -10.955  -52.936  -23.260 0.6000000238
1516  -17.628  -68.994  -20.274 0.4000000060
1803  -11.847  -67.000  -26.232 0.6999999881
55524  -16.617  -68.237  -23.976 0.5000000000
62871  -17.395  -68.082  -22.056 0.5000000000
51034  -5.488  -59.492  5.345 0.5000000000
4590  -3.937  -59.983  2.968 0.8000000119
4594  -3.709  -60.669  2.229 0.8000000119
4597  -3.493  -60.947  1.992 0.6000000238
51523  -5.502  -59.899  7.292 0.4000000060
61160  -3.179  -61.131  0.692 0.6999999881
5188  -5.260  -58.204  8.453 0.3000000119
5933  -8.742  -56.896  -26.536 0.6000000238
6252  -9.232  -56.474  -26.360 0.6000000238
6246  -10.858  -55.900  -25.695 0.5000000000
6825  -9.849  -54.297  -20.173 0.6999999881
56918  -10.357  -54.738  -21.074 0.8000000119
6535  -9.238  -56.192  -25.076 0.6000000238
6830  -10.575  -53.938  -21.563 0.8000000119
6834  -10.996  -54.751  -22.810 0.6999999881
7152  -11.539  -53.861  -25.056 0.6000000238
7141  -10.847  -53.444  -22.493 0.6999999881
51570  -6.158  -58.645  4.846 0.5000000000
4889  -3.733  -59.411  4.362 0.5000000000
51982  -4.382  -59.361  3.578 0.6999999881
4895  -3.696  -60.156  2.893 0.6999999881
51029  -5.648  -59.430  6.345 0.4000000060
58808  -5.677  -58.250  6.662 0.4000000060
53746  -3.382  -61.550  1.375 0.6000000238
4897  -3.608  -59.894  1.941 0.6000000238
59312  -5.141  -58.773  6.993 0.4000000060
51030  -6.049  -58.118  7.501 0.4000000060
52014  -5.413  -59.127  7.795 0.4000000060
7128  -8.778  -52.846  -18.832 0.5000000000
6244  -8.971  -56.320  -26.099 0.6000000238
7133  -9.414  -52.879  -20.029 0.6999999881
6826  -9.937  -53.693  -20.554 0.8000000119
6239  -9.479  -56.211  -25.531 0.6000000238
6844  -11.048  -54.339  -24.827 0.6000000238
7136  -9.828  -52.843  -20.823 0.8000000119
7139  -10.448  -52.354  -22.420 0.6000000238
58759  -6.423  -57.447  5.883 0.5000000000
51829  -4.980  -59.271  4.155 0.6000000238
5200  -5.606  -58.782  3.673 0.6999999881
6126  -5.196  -55.031  7.238 0.3000000119
59050  -6.239  -58.769  5.584 0.4000000060
5507  -6.033  -57.502  6.397 0.4000000060
5820  -5.757  -56.084  6.926 0.3000000119
51760  -5.922  -58.742  6.114 0.4000000060
52019  -5.778  -57.202  6.910 0.3000000119
5503  -5.810  -56.457  7.393 0.3000000119
4899  -3.436  -59.764  1.129 0.6000000238
5504  -5.637  -57.097  7.161 0.3000000119
55852  -5.412  -56.053  8.042 0.3000000119
5495  -5.707  -56.957  8.038 0.3000000119
8670  -9.230  -48.143  -19.509 0.6999999881
7149  -11.415  -53.218  -24.705 0.6000000238
8368  -9.064  -48.636  -19.855 0.6999999881
61099  -9.152  -53.031  -19.467 0.6000000238
7129  -8.975  -52.332  -19.368 0.6000000238
60887  -9.429  -49.242  -20.526 0.6000000238
7455  -11.419  -51.509  -24.726 0.6000000238
7138  -10.209  -52.706  -21.678 0.8000000119
7741  -9.513  -50.509  -21.181 0.6000000238
54580  -11.234  -53.074  -24.408 0.6000000238
7745  -9.938  -51.074  -21.819 0.6000000238
7452  -11.253  -52.181  -24.348 0.6000000238
7444  -9.932  -51.795  -21.800 0.6000000238
7453  -11.106  -51.485  -24.030 0.6000000238
7752  -11.281  -51.027  -24.099 0.6000000238
7445  -10.226  -51.592  -22.315 0.6000000238
7448  -10.609  -51.900  -22.983 0.6000000238
7143  -11.043  -52.368  -23.831 0.6000000238
7450  -10.975  -51.072  -23.578 0.6000000238
7449  -10.839  -51.444  -23.420 0.6000000238
7749  -10.708  -50.788  -22.977 0.6000000238
59688  -6.816  -57.408  5.462 0.5000000000
53632  -5.347  -58.528  2.594 0.6999999881
62767  -5.637  -55.357  6.761 0.4000000060
9331  -9.726  -46.520  -19.276 0.6999999881
7438  -9.180  -51.912  -20.189 0.8000000119
7744  -9.204  -51.099  -20.751 0.8000000119
7441  -9.601  -51.932  -21.108 0.8000000119
53587  -10.052  -50.473  -21.801 0.6000000238
57851  -10.435  -50.484  -22.334 0.6000000238
58907  -6.636  -56.089  6.025 0.5000000000
58895  -7.416  -56.281  5.404 0.6000000238
6136  -5.847  -55.117  6.132 0.5000000000
5826  -6.080  -55.963  6.468 0.4000000060
51741  -7.322  -56.584  3.979 0.6999999881
51037  -6.578  -58.025  3.227 0.6000000238
6131  -5.369  -54.806  6.550 0.4000000060
5206  -4.302  -58.576  1.050 0.6999999881
9327  -9.324  -45.981  -18.742 0.6999999881
9322  -9.481  -45.359  -18.724 0.6999999881
9000  -9.258  -47.165  -18.868 0.8000000119
7733  -8.423  -51.020  -18.481 0.5000000000
7435  -8.763  -51.399  -19.267 0.6000000238
8048  -9.012  -50.238  -20.478 0.8000000119
7738  -8.822  -50.828  -19.976 0.6999999881
60824  -9.298  -49.814  -20.723 0.6999999881
52768  -11.097  -50.655  -23.376 0.6000000238
7746  -10.410  -51.058  -22.517 0.6000000238
8053  -10.797  -50.197  -22.517 0.6000000238
6140  -6.073  -54.845  5.600 0.5000000000
54611  -4.699  -54.578  7.820 0.3000000119
51036  -7.498  -56.889  2.300 0.6000000238
5519  -6.078  -57.943  1.954 0.6999999881
6127  -4.786  -54.371  7.050 0.3000000119
8044  -8.670  -50.008  -19.873 0.8000000119
8370  -9.414  -48.600  -20.001 0.6000000238
8050  -9.742  -49.895  -21.193 0.6000000238
8051  -10.270  -50.027  -21.765 0.6000000238
8374  -10.567  -49.593  -21.684 0.6000000238
8378  -11.259  -49.553  -22.313 0.5000000000
6144  -6.796  -54.955  4.612 0.6000000238
6137  -5.164  -54.479  6.021 0.5000000000
6147  -7.275  -55.106  1.196 0.6999999881
6132  -4.779  -54.269  6.469 0.3000000119
6423  -4.523  -53.988  7.597 0.3000000119
5837  -6.444  -56.828  0.997 0.6999999881
6426  -4.380  -53.867  6.814 0.3000000119
61876  -3.759  -52.742  6.688 0.3000000119
8999  -8.822  -47.561  -18.745 0.8000000119
8665  -8.560  -48.118  -19.036 0.8000000119
8041  -8.460  -49.389  -19.439 0.6000000238
8666  -8.998  -47.960  -19.246 0.8000000119
9002  -9.374  -47.468  -19.150 0.6999999881
8038  -8.254  -49.472  -18.755 0.6000000238
8365  -8.655  -48.644  -19.497 0.8000000119
8671  -9.463  -47.966  -19.422 0.6000000238
7734  -8.472  -50.318  -19.171 0.6000000238
8674  -9.783  -48.480  -20.016 0.6000000238
8678  -9.746  -48.976  -20.522 0.6000000238
8679  -10.283  -48.981  -20.824 0.6000000238
8373  -9.991  -49.471  -21.090 0.6000000238
8680  -10.944  -48.681  -20.849 0.6000000238
8375  -10.882  -49.192  -21.496 0.6000000238
6141  -5.492  -54.059  4.833 0.5000000000
6145  -6.109  -53.850  3.700 0.6000000238
6431  -4.920  -54.093  5.505 0.5000000000
6148  -6.636  -53.506  2.026 0.6999999881
6428  -4.500  -53.965  6.113 0.5000000000
6739  -4.015  -53.392  6.438 0.3000000119
5523  -5.376  -57.759  1.092 0.6999999881
9317  -9.969  -45.844  -17.669 0.5000000000
9321  -9.922  -45.937  -18.138 0.8000000119
8995  -8.807  -47.297  -18.160 0.6000000238
8661  -8.388  -48.019  -18.431 0.6000000238
63525  -8.180  -49.512  -18.290 0.5000000000
8364  -8.337  -48.712  -18.943 0.6000000238
9332  -9.959  -46.099  -19.335 0.6000000238
9003  -9.396  -46.929  -18.962 0.6000000238
8672  -9.831  -47.789  -19.275 0.6000000238
9007  -10.234  -47.372  -18.954 0.6000000238
8675  -10.293  -48.233  -19.976 0.6000000238
6434  -4.600  -53.700  4.959 0.5000000000
7053  -3.372  -52.164  6.463 0.5000000000
6742  -4.128  -53.516  5.571 0.5000000000
5527  -5.454  -56.942  0.235 0.5000000000
9651  -10.460  -45.098  -17.538 0.8000000119
10301  -11.592  -43.693  -17.765 0.8000000119
9964  -10.412  -44.163  -18.509 0.6999999881
9652  -10.508  -45.015  -17.928 0.8000000119
9962  -11.092  -44.540  -17.891 0.8000000119
9320  -9.337  -46.606  -17.920 0.5000000000
9006  -9.742  -46.633  -19.108 0.6000000238
6436  -4.821  -53.393  4.171 0.6000000238
6152  -6.314  -53.717  -0.192 0.6999999881
6438  -5.196  -52.946  2.903 0.5000000000
6744  -3.895  -53.104  4.577 0.5000000000
53678  -3.620  -52.868  6.050 0.5000000000
6155  -5.195  -54.667  -0.622 0.6000000238
9961  -10.856  -44.598  -17.030 0.8000000119
10296  -11.795  -42.862  -17.283 0.8000000119
58313  -12.793  -40.978  -18.600 0.6999999881
52601  -10.076  -45.539  -16.658 0.5000000000
10645  -12.255  -42.324  -18.512 0.6999999881
9316  -9.491  -46.423  -17.081 0.5000000000
6440  -5.404  -52.585  1.366 0.6999999881
61146  -4.749  -53.182  0.593 0.6999999881
6745  -3.885  -52.719  3.539 0.6000000238
56542  -3.462  -52.812  5.200 0.5000000000
6444  -5.190  -53.825  -0.285 0.6000000238
59451  -2.915  -52.063  4.874 0.5000000000
7360  -3.066  -51.481  6.059 0.5000000000
52947  -3.785  -50.809  7.014 0.3000000119
10641  -11.842  -41.621  -16.021 0.6999999881
10965  -12.911  -40.390  -17.510 0.8000000119
10300  -11.153  -43.717  -16.521 0.6999999881
56911  -11.441  -42.698  -16.189 0.6000000238
10642  -12.188  -41.787  -17.385 0.8000000119
54941  -13.552  -38.840  -18.387 0.6000000238
8992  -8.969  -47.079  -17.464 0.6000000238
6748  -3.978  -52.443  2.392 0.6999999881
63540  -3.390  -52.576  3.832 0.5000000000
52828  -3.477  -50.439  6.522 0.4000000060
53396  -10.888  -42.546  -15.023 0.5000000000
55283  -10.696  -43.608  -15.297 0.6000000238
10968  -13.511  -39.491  -19.463 0.6000000238
60361  -3.978  -52.211  1.330 0.6000000238
7057  -3.003  -52.259  4.091 0.5000000000
59468  -3.499  -52.098  2.261 0.6999999881
56868  -3.255  -52.214  3.141 0.6000000238
7366  -2.603  -51.529  4.388 0.5000000000
7363  -2.751  -51.495  5.170 0.5000000000
7657  -3.111  -50.745  6.148 0.5000000000
11286  -12.665  -39.284  -14.188 0.5000000000
11605  -13.355  -37.791  -16.014 0.6999999881
11288  -12.718  -39.653  -15.258 0.6000000238
11289  -13.385  -38.135  -16.939 0.6999999881
10638  -11.242  -41.647  -14.882 0.5000000000
11606  -12.385  -36.906  -17.474 0.5000000000
10964  -12.268  -40.667  -15.688 0.6999999881
11292  -13.445  -37.610  -18.028 0.6000000238
11291  -13.291  -39.268  -17.040 0.8000000119
11295  -12.993  -37.545  -19.159 0.6000000238
55313  -3.305  -53.462  1.157 0.6999999881
56475  -3.854  -52.339  1.163 0.6000000238
62603  -3.755  -51.967  1.916 0.6999999881
7061  -3.246  -51.839  2.588 0.8000000119
7659  -2.724  -50.815  5.391 0.5000000000
7369  -2.611  -51.469  3.608 0.6000000238
52398  -2.792  -49.986  5.448 0.5000000000
11604  -13.222  -37.441  -15.006 0.6000000238
11919  -12.262  -36.120  -16.109 0.6999999881
56216  -12.347  -36.455  -16.674 0.6999999881
61085  -11.765  -36.383  -16.989 0.6999999881
11924  -11.248  -36.476  -17.393 0.6000000238
11609  -12.167  -36.995  -18.135 0.6000000238
7064  -3.645  -51.865  1.992 0.6999999881
62942  -3.232  -51.489  2.426 0.8000000119
7661  -2.475  -50.830  4.007 0.5000000000
62016  -2.546  -50.966  4.699 0.5000000000
56010  -3.862  -52.028  1.607 0.6000000238
7663  -2.646  -50.772  3.218 0.6000000238
52389  -2.901  -49.092  5.539 0.5000000000
52390  -3.265  -48.965  6.044 0.5000000000
11920  -11.265  -36.106  -16.732 0.5000000000
12237  -11.204  -35.956  -16.142 0.6000000238
11921  -10.638  -36.131  -16.910 0.6000000238
7059  -2.891  -51.844  3.246 0.6000000238
52397  -2.532  -50.162  4.587 0.5000000000
7374  -3.694  -51.345  2.011 0.6999999881
52396  -2.584  -50.056  3.641 0.6000000238
8284  -2.975  -48.305  5.778 0.5000000000
7669  -3.578  -50.460  2.061 0.8000000119
52395  -2.952  -50.002  2.925 0.6999999881
52388  -2.598  -49.219  4.859 0.5000000000
7671  -4.320  -50.495  1.828 0.8000000119
11917  -12.687  -36.368  -14.937 0.5000000000
12544  -11.272  -34.530  -14.784 0.4000000060
12235  -11.554  -35.581  -15.879 0.6999999881
12551  -10.633  -35.111  -15.870 0.6999999881
8287  -2.672  -48.359  5.093 0.5000000000
7666  -3.129  -50.798  2.534 0.8000000119
7975  -2.769  -49.276  3.248 0.6999999881
52387  -2.573  -49.289  4.022 0.6000000238
58167  -3.330  -47.179  5.612 0.5000000000
52393  -3.641  -49.344  2.076 0.6999999881
7672  -3.275  -50.045  1.801 0.6000000238
52386  -3.485  -48.358  0.924 0.6000000238
12547  -10.914  -34.918  -15.437 0.6000000238
12548  -9.500  -34.882  -15.422 0.6000000238
13203  -8.256  -32.828  -15.076 0.5000000000
8913  -3.982  -46.498  5.654 0.4000000060
8290  -2.548  -48.473  4.297 0.6000000238
8909  -4.769  -46.046  6.294 0.4000000060
52394  -3.425  -49.849  2.365 0.8000000119
8589  -2.856  -47.539  5.295 0.5000000000
8300  -3.766  -47.441  1.407 0.6000000238
8599  -3.442  -46.579  1.001 0.6000000238
54677  -8.343  -32.809  -15.114 0.5000000000
12871  -9.026  -33.395  -15.209 0.6000000238
13535  -6.353  -31.987  -14.370 0.5000000000
8922  -2.762  -46.943  4.579 0.5000000000
57849  -3.798  -46.140  5.327 0.5000000000
7977  -3.148  -49.123  2.621 0.8000000119
8592  -2.586  -47.666  4.499 0.6000000238
9243  -4.407  -45.759  5.821 0.4000000060
7979  -3.481  -49.048  2.076 0.8000000119
63145  -2.777  -48.602  2.856 0.8000000119
8295  -2.531  -47.973  2.922 0.6999999881
8595  -2.519  -47.816  3.683 0.6000000238
52385  -3.248  -46.842  1.737 0.8000000119
7981  -3.813  -49.054  2.081 0.6999999881
8931  -2.836  -46.177  1.384 0.6999999881
12873  -9.881  -34.076  -14.976 0.6000000238
13202  -7.576  -32.415  -14.664 0.5000000000
13536  -7.572  -32.379  -14.821 0.5000000000
52164  -2.545  -47.257  3.017 0.6999999881
8926  -2.563  -47.094  3.809 0.6999999881
8298  -3.046  -48.038  2.154 0.6999999881
52263  -2.673  -46.753  2.241 0.8000000119
8925  -2.603  -46.675  3.078 0.6999999881
8933  -2.503  -46.440  0.321 0.6999999881
59687  -2.516  -46.166  0.771 0.6999999881
52383  -2.653  -47.385  2.486 0.8000000119
56576  -4.242  -44.874  4.338 0.6000000238
9255  -2.784  -46.342  2.352 0.8000000119
9252  -2.936  -46.170  3.188 0.6999999881
8597  -2.782  -47.008  2.052 0.8000000119
59923  -2.728  -46.328  1.449 0.8000000119
9259  -2.571  -45.954  0.058 0.6999999881
9594  -3.710  -45.014  1.255 0.6000000238
52300  -2.939  -45.277  -0.338 0.6000000238
9596  -3.599  -44.882  0.260 0.6999999881
12187  -6.434  -35.859  5.054 0.6000000238
12484  -5.111  -34.032  4.737 0.5000000000
13534  -5.395  -31.381  -14.215 0.5000000000
13833  -5.698  -31.442  -14.117 0.4000000060
13837  -4.939  -31.098  -14.270 0.4000000060
9591  -3.616  -45.514  3.364 0.6000000238
9593  -3.335  -45.848  2.545 0.8000000119
54681  -3.847  -45.162  2.106 0.8000000119
61482  -3.857  -45.160  2.810 0.8000000119
53685  -4.669  -40.380  6.033 0.5000000000
9912  -3.961  -43.984  -0.002 0.6999999881
52071  -3.525  -44.698  -0.852 0.6000000238
11541  -6.337  -38.453  4.622 0.6000000238
11870  -6.613  -37.329  5.029 0.6000000238
10906  -4.452  -41.634  1.012 0.6000000238
12191  -6.521  -35.820  4.470 0.6000000238
11235  -5.611  -39.842  1.583 0.6000000238
11547  -6.711  -38.270  2.793 0.6000000238
11880  -6.965  -37.724  2.120 0.6000000238
58454  -5.744  -34.603  3.025 0.6000000238
12492  -4.905  -34.052  2.992 0.6000000238
53131  -6.022  -38.749  5.353 0.5000000000
9911  -4.057  -43.906  1.058 0.6999999881
55235  -4.288  -42.335  1.325 0.6999999881
11874  -6.818  -37.050  4.481 0.6000000238
10907  -4.858  -40.793  1.373 0.6000000238
11549  -5.935  -39.439  2.475 0.6000000238
56096  -3.899  -33.609  2.419 0.6000000238
13485  -4.400  -32.946  2.411 0.5000000000
13832  -4.609  -31.346  -14.293 0.5000000000
9908  -4.087  -43.993  1.927 0.8000000119
10579  -4.205  -42.381  2.317 0.6999999881
10580  -4.434  -41.436  2.733 0.6000000238
54853  -4.420  -41.282  3.686 0.6000000238
56789  -4.889  -40.383  4.026 0.6000000238
11226  -5.547  -39.561  4.347 0.6000000238
10243  -4.184  -43.115  1.677 0.6999999881
10902  -4.820  -40.604  3.201 0.6000000238
11229  -5.489  -39.766  3.639 0.6000000238
53689  -6.325  -38.881  3.363 0.5000000000
11544  -6.317  -38.757  4.027 0.5000000000
12193  -5.785  -34.677  3.900 0.5000000000
10583  -4.420  -41.557  1.830 0.8000000119
11232  -5.382  -40.010  2.865 0.6000000238
11546  -6.866  -37.489  3.824 0.5000000000
11876  -6.670  -36.044  3.976 0.5000000000
12816  -4.368  -33.594  3.702 0.5000000000
13134  -4.172  -33.179  4.299 0.5000000000
13480  -4.128  -32.588  4.310 0.4000000060
57491  -4.308  -31.971  3.886 0.3000000119
10904  -4.809  -40.785  2.343 0.6000000238
11877  -6.659  -35.903  3.401 0.6000000238
55190  -4.166  -33.435  3.377 0.5000000000
53535  -4.650  -31.207  3.351 0.3000000119
54977  -6.904  -37.495  3.394 0.6000000238
12195  -5.769  -34.658  3.455 0.6000000238
12817  -4.299  -33.712  3.049 0.5000000000
14415  -4.990  -29.933  3.078 0.3000000119
13137  -4.187  -33.348  3.105 0.6000000238
14088  -4.885  -30.639  3.052 0.5000000000
56363  -4.599  -31.883  2.961 0.6000000238
13831  -4.873  -30.776  -14.079 0.4000000060
12489  -4.898  -34.003  3.449 0.5000000000
14746  -5.086  -29.175  3.115 0.3000000119
14136  -4.792  -29.884  -14.264 0.4000000060
51096  -4.070  -28.623  -14.029 0.4000000060
51678  -4.170  -28.186  -14.350 0.6000000238
55070  -2.697  -24.796  -1.266 0.4000000060
15742  -3.279  -25.340  -0.068 0.4000000060
16050  -2.942  -24.698  -0.454 0.4000000060
16052  -2.566  -24.834  -2.126 0.4000000060
15737  -5.983  -26.091  2.366 0.4000000060
15739  -3.668  -25.128  0.798 0.4000000060
16047  -3.285  -24.508  0.311 0.4000000060
16054  -2.515  -24.806  -2.987 0.4000000060
16057  -2.498  -24.563  -3.759 0.5000000000
16342  -3.581  -23.386  1.321 0.3000000119
16348  -3.653  -24.212  1.025 0.3000000119
56489  -2.445  -24.078  -2.488 0.4000000060
16356  -2.465  -24.126  -3.193 0.4000000060
16678  -3.135  -23.017  0.954 0.3000000119
16046  -2.860  -23.934  -0.032 0.5000000000
16688  -2.424  -22.854  -3.666 0.4000000060
62879  -2.494  -23.502  -5.095 0.5000000000
16059  -2.493  -24.143  -4.570 0.5000000000
16360  -2.475  -23.209  -4.445 0.5000000000
16362  -2.498  -23.312  -5.845 0.5000000000
16692  -2.488  -22.760  -5.170 0.5000000000
17028  -2.483  -21.797  -5.352 0.4000000060
56826  -2.500  -22.053  -7.187 0.5000000000
16694  -2.499  -22.788  -6.647 0.5000000000
55545  -2.494  -21.027  -6.012 0.5000000000
17030  -2.497  -21.871  -6.347 0.5000000000
55907  -2.504  -20.214  -7.421 0.5000000000
55544  -2.500  -21.119  -7.026 0.5000000000
17703  -2.518  -19.459  -7.906 0.4000000060
58511  -2.504  -20.838  -7.842 0.5000000000
17354  -2.651  -20.122  -10.219 0.3000000119
17706  -2.558  -19.530  -8.805 0.4000000060
17352  -2.553  -20.341  -9.294 0.3000000119
17701  -2.503  -19.432  -6.969 0.3000000119
55492  -2.519  -18.583  -7.494 0.4000000060
55346  -2.663  -19.486  -9.661 0.3000000119
58507  -2.642  -18.927  -9.195 0.3000000119
628  -9.333  -71.742  2.574 0.8000000119
1351  -2.307  -69.652  8.612 0.6999999881
59076  -2.306  -68.593  9.166 0.6000000238
51941  -2.003  -68.930  8.008 0.6000000238
62187  -2.265  -67.550  5.594 0.8000000119
61421  -2.308  -67.521  4.845 1.0000000000
161  -17.475  -75.193  -2.196 0.6000000238
171  -16.814  -75.404  -3.010 0.6999999881
51013  -2.131  -68.307  7.920 0.6000000238
2982  -8.646  -66.175  -25.343 0.6000000238
52184  -2.150  -66.378  2.762 0.8999999762
565  -18.338  -75.079  -14.231 0.5000000000
4409  -2.935  -60.134  -26.410 0.6999999881
3258  -9.616  -65.136  -28.648 0.6999999881
576  -18.421  -74.611  -14.933 0.6000000238
3265  -10.048  -65.464  -30.868 0.6999999881
2747  -10.555  -66.571  -31.473 0.6999999881
3960  -3.098  -64.086  10.162 0.5000000000
3420  -4.156  -65.162  1.773 0.6000000238
4123  -9.450  -61.999  -27.999 0.6000000238
3019  -10.486  -65.809  -32.084 0.5000000000
2148  -11.296  -67.445  -30.131 0.6000000238
2127  -10.324  -67.023  -28.850 0.6999999881
1784  -11.915  -66.982  -23.946 0.5000000000
3689  -4.910  -64.160  1.753 0.8000000119
2128  -11.554  -67.300  -28.988 0.6000000238
51020  -3.732  -62.982  8.872 0.6000000238
5316  -7.894  -58.275  -27.384 0.5000000000
1515  -17.400  -68.840  -20.036 0.4000000060
4307  -3.337  -61.410  1.408 0.6000000238
51032  -4.986  -57.629  6.940 0.4000000060
6842  -10.722  -54.996  -24.887 0.6000000238
8996  -9.186  -46.905  -18.040 0.8000000119
7055  -3.118  -52.160  5.649 0.5000000000
52392  -4.307  -49.136  1.628 0.6999999881
12874  -9.299  -33.888  -15.360 0.6000000238
9586  -4.752  -45.142  5.859 0.5000000000
12190  -5.812  -34.717  4.471 0.5000000000
56398  -4.925  -40.177  4.938 0.6000000238
12486  -4.973  -33.987  4.011 0.5000000000
12814  -4.440  -33.496  4.414 0.5000000000
14130  -4.749  -30.706  -14.301 0.5000000000
10240  -4.122  -43.311  2.520 0.8000000119
13787  -4.891  -31.229  2.680 0.5000000000
14129  -4.805  -30.459  -13.702 0.5000000000
13482  -4.292  -32.736  3.360 0.6000000238
14413  -4.904  -29.636  3.757 0.3000000119
15095  -5.364  -28.639  2.469 0.3000000119
16347  -3.210  -23.700  0.652 0.3000000119
16690  -2.455  -22.295  -4.432 0.4000000060
17026  -2.439  -21.254  -4.404 0.4000000060
418  -12.242  -74.195  7.168 0.5000000000
583  -11.453  -73.370  8.045 0.5000000000
592  -11.850  -73.852  7.673 0.5000000000
593  -12.430  -74.135  7.764 0.5000000000
420  -13.163  -74.219  6.938 0.5000000000
424  -13.438  -74.052  6.264 0.5000000000
771  -11.843  -72.846  8.706 0.5000000000
594  -13.004  -74.227  7.714 0.5000000000
438  -14.006  -74.110  4.471 0.6000000238
58027  -13.279  -74.513  3.503 0.6999999881
266  -13.795  -74.589  2.915 0.6999999881
276  -13.617  -74.730  2.108 0.6999999881
59726  -13.381  -74.768  1.276 0.6999999881
317  -21.527  -75.926  -2.303 0.5000000000
1011  -2.367  -72.292  0.971 0.6999999881
53098  -19.124  -77.159  -7.966 0.6999999881
573  -14.804  -75.267  -14.704 0.5000000000
751  -14.904  -74.792  -15.419 0.5000000000
299  -16.646  -74.674  -0.535 0.6000000238
300  -17.647  -74.802  -0.538 0.6000000238
4969  -6.971  -58.228  -24.984 0.5000000000
359  -20.084  -76.677  -9.038 0.6000000238
219  -19.254  -77.066  -8.855 0.6999999881
56030  -20.606  -76.169  -10.715 0.5000000000
2979  -8.328  -65.889  -24.530 0.5000000000
762  -15.877  -74.338  -16.285 0.6000000238
761  -15.005  -74.342  -16.194 0.5000000000
4679  -7.098  -58.066  -26.068 0.6999999881
56368  -8.906  -66.125  -26.143 0.8000000119
753  -16.384  -74.595  -15.771 0.6000000238
928  -15.495  -73.978  -16.843 0.6999999881
1112  -14.588  -72.708  -17.437 0.5000000000
5906  -9.255  -57.599  -22.997 0.6999999881
58047  -19.820  -75.185  -13.324 0.4000000060
730  -19.901  -74.750  -13.958 0.4000000060
1511  -14.866  -67.290  -19.183 0.5000000000
1503  -15.400  -69.276  -19.131 0.4000000060
3270  -10.214  -64.979  -31.254 0.5000000000
1761  -14.801  -66.890  -21.845 0.4000000060
4568  -5.190  -61.934  10.092 0.3000000119
6524  -10.223  -56.671  -21.695 0.6999999881
917  -19.281  -73.738  -15.836 0.4000000060
3993  -4.510  -63.074  1.334 0.6000000238
3997  -3.690  -62.843  0.329 0.6000000238
6824  -9.622  -54.784  -19.706 0.6999999881
3546  -10.214  -64.396  -30.531 0.5000000000
6521  -10.252  -55.479  -20.834 0.6999999881
5202  -5.079  -58.281  1.771 0.6999999881
6151  -6.275  -55.521  -0.056 0.6999999881
7051  -3.692  -52.261  7.054 0.3000000119
9653  -9.664  -44.647  -18.673 0.6000000238
9323  -9.987  -45.027  -19.071 0.6000000238
9333  -9.974  -45.398  -19.224 0.6000000238
60886  -10.105  -44.941  -19.169 0.6000000238
7354  -3.810  -51.731  7.364 0.3000000119
7357  -3.417  -51.406  6.745 0.3000000119
52784  -3.844  -49.852  6.617 0.3000000119
63452  -3.534  -49.628  6.314 0.4000000060
52399  -3.204  -49.834  5.982 0.5000000000
8281  -3.297  -48.287  6.397 0.4000000060
11925  -10.703  -36.235  -17.108 0.6000000238
12233  -12.036  -35.484  -14.910 0.6999999881
8917  -3.213  -46.324  4.657 0.6000000238
8921  -2.792  -46.512  3.882 0.6000000238
9246  -4.141  -45.570  5.073 0.6000000238
9249  -3.366  -45.880  4.042 0.6000000238
58411  -6.265  -38.069  5.728 0.5000000000
10246  -4.214  -43.049  0.765 0.6999999881
10585  -4.351  -42.218  0.394 0.6000000238
12197  -6.312  -35.283  2.544 0.6000000238
12496  -5.256  -34.181  2.521 0.6000000238
12819  -4.383  -33.777  2.488 0.6000000238
57976  -3.536  -33.698  2.244 0.5000000000
10232  -4.360  -43.282  4.847 0.6000000238
10569  -4.310  -41.787  5.429 0.5000000000
10236  -4.162  -43.600  3.334 0.6999999881
11223  -5.249  -39.614  5.702 0.5000000000
10898  -4.474  -40.985  5.261 0.5000000000
55154  -4.173  -33.079  4.958 0.3000000119
55380  -5.243  -40.213  2.125 0.6999999881
13789  -4.829  -31.934  2.293 0.6000000238
9905  -4.054  -44.164  2.724 0.8000000119
10575  -4.148  -42.791  3.162 0.8000000119
10900  -4.569  -40.876  4.470 0.6000000238
13130  -4.101  -32.901  5.006 0.5000000000
14140  -4.818  -29.919  -13.945 0.5000000000
59695  -4.835  -29.033  -13.944 0.5000000000
15424  -5.885  -27.625  1.980 0.4000000060
16049  -2.602  -24.047  -0.769 0.5000000000
53824  -2.464  -24.045  -1.608 0.4000000060
16345  -2.288  -22.861  -0.235 0.4000000060
56344  -2.405  -23.422  -2.993 0.4000000060
62682  -2.479  -20.928  -5.231 0.4000000060
55908  -2.498  -20.243  -6.510 0.3000000119
55909  -2.488  -20.243  -5.612 0.3000000119
584  -12.085  -73.719  8.183 0.5000000000
602  -13.656  -73.926  6.755 0.5000000000
585  -12.707  -73.952  8.278 0.5000000000
259  -13.920  -74.359  3.702 0.6999999881
752  -15.630  -74.718  -15.666 0.6000000238
567  -20.570  -74.857  -13.443 0.3000000119
1502  -14.766  -68.658  -18.774 0.4000000060
1512  -16.234  -67.617  -19.033 0.4000000060
4902  -3.210  -59.704  0.297 0.6000000238
58180  -4.579  -43.516  5.913 0.5000000000
9900  -4.561  -44.050  4.887 0.6000000238
58572  -4.334  -43.896  4.130 0.6000000238
10233  -4.244  -42.430  4.692 0.6000000238
57728  -4.209  -43.064  3.978 0.6000000238
10237  -4.198  -42.202  3.844 0.6999999881
10572  -4.323  -41.583  4.544 0.6000000238
10229  -4.338  -42.597  5.631 0.5000000000
286  -6.195  -75.797  -0.267 0.5000000000
288  -8.202  -75.035  -0.490 0.5000000000
455  -9.936  -73.541  1.214 0.8000000119
443  -9.930  -72.661  2.102 0.8000000119
60678  -11.023  -73.350  3.239 0.8000000119
125  -6.754  -76.029  -0.590 0.5000000000
274  -9.078  -74.480  -0.037 0.6999999881
463  -4.189  -74.866  0.576 0.8000000119
474  -3.305  -75.032  0.242 0.6999999881
450  -4.543  -73.721  0.815 0.8999999762
426  -11.254  -73.581  5.450 0.6999999881
435  -11.708  -73.716  4.648 0.8000000119
262  -11.159  -74.173  1.945 0.8000000119
128  -10.125  -74.873  -0.434 0.6000000238
121  -10.904  -74.367  1.174 0.6000000238
12  -11.287  -76.713  -3.154 0.5000000000
55105  -9.852  -76.438  -2.672 0.5000000000
3  -10.718  -76.240  -2.694 0.5000000000
780  -9.302  -72.547  8.334 0.5000000000
58577  -9.453  -72.348  8.525 0.5000000000
581  -9.907  -72.813  7.919 0.5000000000
781  -10.898  -73.045  8.136 0.5000000000
789  -7.993  -72.327  8.039 0.6999999881
425  -10.598  -73.118  5.480 0.6999999881
428  -12.656  -74.284  5.863 0.6000000238
5  -11.848  -76.256  -2.998 0.6000000238
24  -12.596  -77.895  -4.140 0.5000000000
53323  -14.672  -77.472  -4.245 0.8000000119
1345  -4.658  -70.383  10.106 0.6000000238
1128  -5.768  -70.368  9.722 0.6000000238
956  -7.645  -71.796  8.974 0.5000000000
947  -7.747  -71.633  9.011 0.5000000000
955  -6.951  -71.536  9.046 0.6000000238
1372  -2.452  -69.114  4.801 0.8999999762
776  -6.680  -71.730  8.250 0.6999999881
52025  -15.724  -77.581  -4.763 0.6999999881
57206  -16.314  -77.268  -4.845 0.8999999762
54  -16.264  -77.676  -5.265 0.8000000119
1328  -3.677  -69.906  10.353 0.5000000000
54556  -3.552  -68.466  11.143 0.5000000000
1563  -2.801  -69.813  9.797 0.6000000238
1136  -4.206  -70.657  9.748 0.6000000238
1141  -7.954  -70.893  8.908 0.4000000060
1161  -3.996  -70.802  8.823 0.6999999881
782  -11.657  -73.194  8.424 0.5000000000
452  -6.001  -73.308  0.591 0.8999999762
54833  -6.950  -72.697  0.513 0.8000000119
453  -8.065  -72.679  0.495 0.8000000119
494  -21.540  -75.705  -1.546 0.5000000000
129  -11.670  -74.586  0.806 0.6000000238
117  -12.375  -74.565  2.182 0.8000000119
181  -19.056  -76.079  -3.434 0.5000000000
76  -15.502  -78.358  -6.545 0.6000000238
55797  -2.176  -69.710  8.052 0.6999999881
59077  -2.115  -69.305  8.592 0.6999999881
2258  -3.180  -67.316  2.653 0.8999999762
954  -5.198  -71.137  8.934 0.6999999881
589  -9.571  -72.849  7.592 0.6000000238
638  -7.633  -71.828  1.223 0.8999999762
142  -11.547  -75.075  -1.119 0.6000000238
192  -18.206  -76.591  -5.042 0.5000000000
194  -19.791  -76.348  -4.471 0.5000000000
53941  -17.675  -77.357  -6.041 0.6999999881
200  -18.968  -76.865  -5.993 0.6999999881
89  -17.968  -77.511  -6.865 0.6999999881
2239  -2.130  -68.681  6.470 0.8000000119
2577  -2.669  -66.784  3.244 0.8999999762
2253  -2.815  -67.328  3.608 1.0000000000
1553  -2.525  -69.148  9.558 0.6000000238
2263  -3.116  -67.017  1.573 0.8000000119
57944  -3.013  -67.153  0.901 0.6999999881
55674  -2.928  -74.182  0.324 0.6000000238
634  -3.439  -73.187  1.160 1.0000000000
643  -2.917  -73.143  1.199 0.6999999881
180  -18.053  -75.981  -3.572 0.5000000000
42  -17.451  -76.263  -4.289 0.6999999881
57531  -20.599  -76.281  -3.304 0.5000000000
61987  -17.879  -76.387  -4.653 0.5000000000
216  -17.058  -77.834  -8.393 0.6999999881
224  -16.062  -77.859  -9.308 0.6000000238
113  -15.060  -77.819  -9.911 0.5000000000
235  -17.318  -77.448  -9.846 0.6000000238
3110  -3.389  -65.967  11.851 0.3000000119
2839  -3.019  -66.842  11.220 0.4000000060
2514  -2.848  -67.349  10.975 0.6000000238
2213  -2.522  -68.383  9.796 0.6000000238
1583  -2.061  -69.248  6.290 0.8999999762
1926  -2.131  -68.955  6.475 0.8999999762
1573  -2.199  -69.631  6.846 0.8000000119
1574  -1.996  -69.348  7.189 0.8000000119
1364  -2.523  -69.836  6.579 0.8999999762
1385  -3.255  -69.423  2.792 0.8999999762
63124  -3.038  -70.895  1.995 0.8000000119
1383  -1.812  -71.206  3.229 0.8999999762
54126  -3.218  -70.949  3.047 0.8999999762
1190  -2.489  -71.144  3.095 1.0000000000
1005  -2.395  -72.050  1.955 0.8999999762
624  -4.369  -71.643  1.630 1.0000000000
623  -4.012  -72.051  1.631 1.0000000000
211  -18.870  -77.188  -7.196 0.6999999881
226  -18.427  -77.344  -9.022 0.6000000238
245  -17.800  -77.140  -10.446 0.6000000238
57968  -15.918  -76.850  -12.209 0.5000000000
57730  -17.378  -76.466  -12.356 0.6000000238
396  -16.603  -76.683  -12.302 0.6000000238
2209  -2.578  -67.852  10.127 0.6000000238
2847  -2.702  -67.342  10.503 0.6000000238
3147  -1.862  -66.327  1.596 0.8999999762
59925  -2.006  -69.349  8.155 0.6999999881
1570  -1.980  -69.295  7.855 0.6999999881
1179  -2.285  -70.013  4.489 0.8000000119
170  -15.848  -75.344  -3.127 0.6999999881
201  -19.678  -76.712  -6.036 0.6000000238
51770  -2.254  -67.769  7.228 0.6999999881
4405  -8.961  -58.901  -26.989 0.6000000238
4397  -10.514  -59.819  -25.385 0.6000000238
53528  -9.844  -63.791  -25.401 0.5000000000
3525  -9.763  -63.369  -26.376 0.6000000238
237  -18.885  -77.062  -9.644 0.6000000238
405  -15.482  -76.261  -13.418 0.5000000000
62883  -15.357  -75.436  -14.636 0.5000000000
578  -16.166  -74.997  -15.182 0.6000000238
2854  -2.721  -66.897  9.951 0.6000000238
3410  -4.795  -65.675  3.554 0.8000000119
2540  -2.504  -67.442  9.392 0.6000000238
2214  -2.469  -68.033  9.618 0.6000000238
3144  -1.135  -65.851  3.850 0.8999999762
53318  -2.366  -66.973  7.340 0.8000000119
993  -3.358  -70.041  4.058 0.8999999762
4680  -9.960  -58.632  -24.289 0.6000000238
4686  -6.946  -58.312  -26.578 0.6000000238
4091  -7.089  -60.052  -26.941 0.6999999881
5916  -6.004  -57.601  -25.298 0.6999999881
3244  -8.750  -65.641  -24.911 0.5000000000
398  -19.545  -76.159  -11.650 0.6000000238
374  -19.227  -76.798  -10.205 0.6999999881
62919  -19.704  -75.554  -12.791 0.4000000060
3251  -9.311  -65.302  -26.573 0.8000000119
2394  -8.706  -67.004  -25.279 0.5000000000
58336  -16.750  -75.193  -14.710 0.6000000238
4411  -4.928  -60.025  -26.803 0.6999999881
4423  -4.876  -60.061  -28.073 0.6999999881
3816  -9.087  -62.119  -27.397 0.6999999881
55274  -9.613  -63.766  -27.537 0.8000000119
2100  -8.898  -67.234  -25.054 0.5000000000
57570  -18.195  -76.214  -12.382 0.5000000000
417  -17.941  -75.607  -13.597 0.5000000000
1781  -9.438  -67.415  -23.895 0.6000000238
1122  -15.143  -72.240  -17.676 0.6000000238
3380  -3.315  -64.836  11.359 0.3000000119
51040  -3.159  -65.310  9.108 0.6000000238
51016  -2.023  -65.526  7.771 0.6999999881
59030  -1.200  -65.164  6.809 0.8000000119
51964  -2.543  -60.999  -29.036 0.6999999881
4714  -6.209  -59.509  -28.573 0.6000000238
5917  -7.268  -56.985  -25.088 0.6999999881
2724  -9.040  -66.626  -27.280 0.6999999881
53799  -9.308  -67.479  -25.395 0.5000000000
1770  -10.383  -67.278  -22.919 0.5000000000
1782  -10.105  -67.377  -24.083 0.5000000000
1304  -15.761  -71.363  -17.872 0.5000000000
1303  -15.212  -71.252  -17.701 0.5000000000
60956  -8.013  -59.990  -28.247 0.6000000238
2415  -9.864  -66.912  -28.596 0.6999999881
62678  -9.219  -67.097  -27.193 0.6999999881
1824  -10.450  -67.071  -27.811 0.6999999881
931  -18.262  -73.515  -16.659 0.5000000000
1802  -9.630  -67.541  -25.998 0.6999999881
56952  -13.114  -66.930  -24.077 0.5000000000
1124  -16.502  -71.930  -17.982 0.5000000000
1305  -16.347  -71.306  -18.086 0.5000000000
1313  -16.345  -70.479  -18.383 0.5000000000
3660  -3.812  -63.221  10.468 0.3000000119
58856  -3.329  -63.881  9.530 0.5000000000
51705  -3.243  -64.412  9.323 0.6999999881
62358  -11.705  -67.355  -31.810 0.5000000000
1827  -13.087  -67.475  -28.152 0.5000000000
56849  -11.985  -66.984  -27.053 0.6999999881
1805  -13.818  -67.462  -26.834 0.5000000000
1126  -17.676  -72.185  -17.860 0.4000000060
56850  -10.846  -67.187  -25.721 0.6999999881
1505  -16.820  -69.692  -19.222 0.5000000000
1750  -17.537  -67.723  -20.606 0.5000000000
4572  -4.940  -61.877  9.531 0.3000000119
4282  -3.992  -62.876  9.868 0.4000000060
1315  -17.489  -70.349  -18.833 0.4000000060
53524  -16.134  -68.370  -24.948 0.4000000060
56068  -13.630  -67.183  -26.003 0.6000000238
55999  -4.584  -59.221  2.775 0.6000000238
4600  -3.212  -60.680  1.280 0.6000000238
53082  -3.298  -61.442  1.433 0.6000000238
51810  -7.065  -58.005  4.557 0.6000000238
5203  -4.433  -58.915  1.924 0.6000000238
8045  -8.892  -49.379  -20.108 0.6999999881
52978  -7.511  -54.927  3.118 0.6999999881
6736  -4.130  -53.146  7.304 0.3000000119
9957  -10.407  -44.711  -15.732 0.5000000000
7371  -2.842  -51.405  2.903 0.8000000119
8292  -2.611  -48.563  3.501 0.6000000238
8918  -3.194  -46.772  5.175 0.5000000000
52275  -2.908  -45.701  0.701 0.6999999881
9595  -3.210  -45.879  1.684 0.8000000119
9903  -4.083  -44.446  3.501 0.6000000238
11543  -6.796  -37.607  4.211 0.6000000238
11878  -6.907  -36.820  2.842 0.5000000000
11550  -6.466  -38.887  1.932 0.6000000238
12495  -5.174  -34.221  1.891 0.6000000238
13533  -5.130  -31.102  -13.997 0.4000000060
58598  -5.582  -39.388  4.944 0.5000000000
63493  -4.602  -32.428  2.554 0.6000000238
10576  -4.234  -42.026  3.127 0.6000000238
13135  -4.198  -33.188  3.910 0.5000000000
13131  -4.114  -32.915  4.544 0.5000000000
54099  -4.353  -31.292  4.146 0.3000000119
14085  -4.723  -30.465  3.742 0.3000000119
15429  -5.590  -26.673  1.479 0.4000000060
15741  -2.971  -25.489  -0.896 0.4000000060
15743  -2.754  -25.580  -1.755 0.4000000060
16353  -2.308  -23.177  -2.045 0.4000000060
16358  -2.465  -23.722  -3.765 0.4000000060
60097  -2.495  -22.496  -5.871 0.5000000000
17350  -2.516  -20.227  -8.306 0.5000000000
54430  -2.855  -19.421  -10.475 0.3000000119
18051  -2.564  -18.789  -8.457 0.3000000119
55415  -2.685  -18.226  -9.073 0.3000000119
16351  -2.508  -23.461  -0.318 0.4000000060
17699  -2.494  -19.450  -6.036 0.4000000060
57252  -4.688  -44.609  5.420 0.6000000238
13479  -4.037  -32.497  4.932 0.4000000060
15428  -5.489  -27.601  1.651 0.4000000060
15425  -5.856  -26.899  2.190 0.3000000119
57664  -19.850  -76.820  -8.237 0.6000000238
212  -19.644  -76.870  -7.384 0.5000000000
56016  -19.568  -76.545  -5.317 0.5000000000
1395  -3.082  -71.057  0.985 0.6999999881
1619  -3.795  -70.311  1.123 0.6000000238
1612  -3.519  -70.712  1.764 0.6000000238
1196  -2.774  -71.371  1.617 0.8000000119
1195  -2.383  -71.970  1.632 0.6999999881
1963  -4.540  -69.497  1.133 0.6000000238
1962  -4.147  -68.782  0.351 0.6000000238
1618  -3.716  -69.928  0.512 0.6000000238
62927  -1.703  -66.391  1.340 0.6000000238
3151  -1.638  -66.034  0.639 0.6000000238
3419  -3.341  -66.055  2.108 0.6999999881
3418  -2.992  -66.002  0.988 0.6999999881
3425  -2.954  -64.833  -0.064 0.6000000238
3692  -3.165  -63.875  0.122 0.5000000000
62988  -2.306  -66.304  0.900 0.6000000238
3424  -2.355  -65.990  0.091 0.6000000238
3697  -2.146  -63.726  -0.482 0.5000000000
3429  -2.012  -64.755  -0.338 0.5000000000
3426  -3.527  -65.167  1.031 0.6999999881
3996  -2.767  -62.754  -0.322 0.5000000000
60238  -20.426  -76.499  -8.495 0.5000000000
595  -13.548  -74.036  7.503 0.3000000119
790  -13.915  -73.687  7.941 0.3000000119
596  -13.987  -73.705  7.218 0.3000000119
586  -13.368  -73.961  8.207 0.4000000060
791  -14.297  -73.305  7.578 0.3000000119
54216  -14.037  -73.646  6.425 0.3000000119
611  -13.806  -73.860  5.933 0.4000000060
783  -12.339  -73.446  8.609 0.4000000060
784  -13.037  -73.555  8.674 0.4000000060
785  -13.692  -73.443  8.545 0.4000000060
786  -14.135  -73.098  8.193 0.3000000119
974  -14.475  -72.665  7.789 0.3000000119
612  -14.177  -73.645  5.534 0.4000000060
431  -13.972  -73.969  4.995 0.4000000060
447  -14.532  -74.152  3.711 0.4000000060
291  -17.138  -74.415  0.190 0.5000000000
290  -16.169  -74.483  0.274 0.5000000000
292  -18.108  -74.574  0.092 0.5000000000
477  -18.911  -74.836  0.078 0.5000000000
298  -15.695  -74.678  -0.495 0.5000000000
772  -12.653  -73.025  8.803 0.4000000060
773  -13.336  -72.994  8.792 0.4000000060
774  -13.881  -72.791  8.580 0.3000000119
54395  -15.079  -74.072  3.294 0.3000000119
448  -15.384  -74.224  2.909 0.3000000119
268  -14.950  -74.383  2.448 0.6000000238
458  -15.495  -74.108  2.614 0.4000000060
459  -15.944  -73.921  2.358 0.3000000119
277  -14.107  -74.720  1.358 0.6000000238
279  -15.634  -74.251  1.823 0.6000000238
469  -16.262  -74.008  1.866 0.5000000000
289  -14.802  -74.645  0.749 0.6000000238
57493  -16.922  -74.155  1.218 0.5000000000
60009  -15.403  -74.614  0.265 0.6000000238
470  -17.891  -74.103  0.873 0.5000000000
471  -18.726  -74.154  0.721 0.4000000060
59415  -14.070  -74.735  0.407 0.6000000238
281  -17.557  -74.179  0.712 0.5000000000
476  -18.467  -74.355  0.508 0.5000000000
63152  -19.201  -75.214  -0.318 0.4000000060
53289  -19.089  -75.469  -0.968 0.5000000000
62404  -18.743  -75.531  -1.509 0.5000000000
1084  -24.191  -72.604  -13.795 0.3000000119
1091  -23.866  -72.312  -14.509 0.3000000119
1097  -23.615  -71.955  -15.244 0.3000000119
1105  -22.510  -71.743  -16.229 0.3000000119
1302  -14.760  -70.904  -17.395 0.4000000060
58473  -2.861  -72.807  1.405 0.6000000238
824  -2.836  -73.182  1.069 0.5000000000
54552  -15.577  -74.445  1.001 0.6000000238
461  -17.790  -73.803  1.062 0.4000000060
645  -19.055  -73.977  0.810 0.3000000119
472  -19.608  -74.365  0.643 0.3000000119
478  -19.978  -74.810  0.368 0.3000000119
302  -19.756  -75.443  -0.504 0.4000000060
483  -20.248  -75.238  -0.076 0.3000000119
1079  -24.457  -72.798  -13.098 0.3000000119
4673  -8.656  -57.220  -25.226 0.5000000000
1286  -22.422  -71.230  -16.871 0.3000000119
927  -14.647  -73.771  -16.887 0.4000000060
1014  -2.580  -72.619  0.771 0.6000000238
484  -20.966  -75.283  -0.246 0.3000000119
488  -20.487  -75.580  -0.731 0.4000000060
52931  -21.254  -76.182  -3.044 0.4000000060
325  -21.145  -76.264  -3.672 0.4000000060
332  -21.055  -76.165  -4.482 0.4000000060
337  -20.704  -76.215  -5.232 0.4000000060
898  -23.895  -73.246  -12.781 0.3000000119
4975  -7.265  -57.876  -25.152 0.4000000060
485  -21.668  -75.171  -0.457 0.3000000119
491  -22.540  -75.075  -1.387 0.3000000119
495  -22.123  -75.552  -1.834 0.4000000060
500  -22.230  -75.632  -2.546 0.5000000000
321  -21.840  -75.937  -3.115 0.5000000000
62356  -22.043  -75.768  -3.525 0.5000000000
326  -21.671  -75.998  -3.817 0.4000000060
338  -21.127  -75.879  -5.262 0.4000000060
339  -21.595  -75.468  -5.342 0.4000000060
344  -20.132  -76.534  -6.604 0.4000000060
346  -21.242  -75.638  -6.166 0.4000000060
6222  -10.058  -57.088  -21.290 0.4000000060
352  -20.423  -76.445  -7.688 0.4000000060
354  -21.370  -75.582  -7.145 0.4000000060
54337  -21.100  -75.956  -7.812 0.4000000060
714  -23.927  -73.351  -11.060 0.3000000119
4685  -5.327  -59.044  -26.293 0.5000000000
360  -20.860  -76.227  -8.371 0.4000000060
724  -23.336  -73.706  -12.467 0.3000000119
53857  -8.281  -57.825  -24.239 0.5000000000
5283  -7.387  -57.857  -24.450 0.5000000000
553  -20.386  -75.326  -12.780 0.4000000060
1509  -12.376  -67.239  -19.004 0.4000000060
327  -22.161  -75.441  -4.011 0.5000000000
63047  -21.949  -75.344  -4.771 0.4000000060
7132  -9.195  -53.722  -19.307 0.5000000000
347  -21.713  -75.244  -6.001 0.4000000060
6520  -10.018  -55.898  -20.257 0.6000000238
61626  -21.649  -75.289  -6.621 0.4000000060
362  -21.663  -75.462  -8.013 0.4000000060
720  -23.442  -73.678  -11.692 0.3000000119
387  -21.056  -75.766  -11.367 0.3000000119
511  -22.264  -74.208  -5.876 0.4000000060
515  -22.402  -73.820  -6.661 0.4000000060
355  -21.833  -75.039  -7.325 0.4000000060
520  -22.766  -73.454  -7.571 0.3000000119
704  -23.850  -73.274  -9.914 0.3000000119
361  -21.416  -75.864  -8.711 0.4000000060
529  -21.803  -75.611  -9.330 0.4000000060
53635  -22.539  -74.583  -9.141 0.3000000119
707  -23.480  -73.620  -10.447 0.3000000119
368  -21.427  -75.920  -9.445 0.4000000060
377  -21.819  -75.606  -10.031 0.4000000060
61651  -22.043  -75.269  -10.820 0.3000000119
388  -21.423  -75.781  -10.731 0.4000000060
61317  -23.221  -73.565  -8.989 0.3000000119
698  -23.820  -73.103  -9.276 0.3000000119
54462  -3.211  -62.120  0.120 0.5000000000
10305  -11.106  -43.420  -18.597 0.5000000000
57273  -10.697  -43.459  -18.446 0.5000000000
9654  -9.987  -44.373  -19.228 0.5000000000
10649  -11.874  -41.912  -19.025 0.5000000000
10972  -12.275  -40.797  -19.444 0.5000000000
12552  -10.132  -35.174  -16.123 0.5000000000
7376  -4.216  -51.799  1.728 0.6000000238
6754  -3.706  -53.419  0.281 0.5000000000
13204  -8.899  -33.473  -15.376 0.5000000000
13537  -8.339  -32.862  -15.557 0.4000000060
13488  -4.817  -32.663  2.010 0.4000000060
13790  -5.074  -31.271  1.940 0.5000000000
54584  -6.846  -31.756  -14.161 0.5000000000
14091  -5.313  -30.576  1.513 0.4000000060
14089  -5.113  -30.402  2.336 0.4000000060
14418  -5.394  -29.781  1.493 0.4000000060
14417  -5.258  -29.351  2.253 0.4000000060
13838  -5.184  -30.568  -14.068 0.5000000000
15099  -5.441  -28.322  0.964 0.3000000119
57598  -5.617  -28.557  1.191 0.4000000060
58404  -5.463  -28.721  1.784 0.4000000060
14137  -4.795  -30.293  -14.078 0.4000000060
14142  -5.147  -29.339  -13.484 0.4000000060
53087  -3.401  -26.848  0.016 0.3000000119
15096  -5.799  -28.214  1.708 0.3000000119
14141  -5.020  -29.044  -13.863 0.4000000060
15738  -3.509  -26.009  0.373 0.3000000119
62122  -5.022  -28.585  -13.891 0.5000000000
14475  -4.279  -27.843  -14.567 0.4000000060
15432  -3.229  -26.164  -0.474 0.3000000119
14796  -3.797  -27.497  -15.604 0.4000000060
14803  -3.524  -28.022  -17.116 0.4000000060
15145  -3.206  -27.422  -17.231 0.3000000119
16350  -2.302  -23.253  -0.988 0.4000000060
16682  -2.139  -22.503  -1.355 0.3000000119
16686  -2.324  -22.556  -2.822 0.3000000119
16683  -2.204  -22.327  -2.088 0.3000000119
17345  -2.347  -21.009  -3.426 0.3000000119
17023  -2.378  -21.931  -3.558 0.3000000119
17019  -2.241  -21.613  -2.576 0.3000000119
55081  -2.411  -20.483  -4.032 0.3000000119
57825  -2.342  -20.161  -3.378 0.3000000119
55546  -2.460  -20.338  -4.761 0.3000000119
331  -20.332  -76.323  -4.865 0.4000000060
267  -14.407  -74.425  3.043 0.5000000000
61933  -13.704  -74.770  0.858 0.6000000238
297  -14.743  -74.699  -0.320 0.6000000238
301  -18.552  -75.059  -0.449 0.5000000000
56884  -9.738  -57.373  -22.639 0.6000000238
367  -20.847  -76.286  -9.130 0.4000000060
545  -20.874  -75.530  -12.067 0.3000000119
57514  -12.576  -66.970  -20.068 0.4000000060
4604  -3.060  -60.655  0.255 0.5000000000
56567  -2.624  -25.614  -2.668 0.3000000119
15746  -2.548  -25.544  -3.714 0.4000000060
56219  -2.660  -73.245  0.970 0.6000000238
5284  -8.095  -57.959  -24.007 0.4000000060
336  -20.215  -76.453  -5.663 0.4000000060
280  -16.503  -74.197  1.068 0.5000000000
54928  -19.259  -74.619  0.425 0.3000000119
457  -14.900  -74.265  3.045 0.5000000000
278  -14.901  -74.525  1.642 0.6000000238
630  -15.883  -73.774  2.542 0.3000000119
460  -16.731  -73.868  1.629 0.5000000000
61656  -19.578  -75.068  0.040 0.3000000119
1096  -22.815  -72.151  -15.534 0.3000000119
899  -24.528  -72.996  -12.430 0.3000000119
657  -21.386  -74.869  0.130 0.3000000119
62741  -21.512  -76.151  -3.405 0.4000000060
345  -20.695  -76.127  -5.958 0.4000000060
892  -23.924  -73.343  -12.207 0.3000000119
62223  -22.537  -75.340  -2.688 0.5000000000
333  -21.605  -75.743  -4.585 0.4000000060
353  -20.817  -76.047  -6.899 0.4000000060
510  -22.034  -74.916  -5.434 0.4000000060
514  -21.994  -74.699  -6.477 0.4000000060
713  -23.131  -73.962  -10.981 0.3000000119
519  -22.238  -74.268  -7.459 0.3000000119
524  -22.155  -74.790  -8.214 0.4000000060
523  -21.998  -75.298  -8.838 0.3000000119
530  -22.222  -75.176  -9.582 0.3000000119
703  -23.374  -73.586  -9.457 0.3000000119
13834  -6.245  -31.056  -13.737 0.5000000000
14748  -5.440  -29.028  1.319 0.4000000060
15478  -3.415  -26.718  -17.412 0.4000000060
16680  -2.113  -22.572  -0.685 0.4000000060
322  -22.370  -75.480  -3.189 0.4000000060
59546  -22.677  -74.842  -3.619 0.4000000060
501  -23.077  -74.153  -3.119 0.4000000060
62697  -22.456  -74.969  -4.110 0.4000000060
60272  -22.284  -74.940  -4.594 0.4000000060
674  -23.576  -72.703  -2.975 0.3000000119
54585  -23.314  -73.320  -3.263 0.3000000119
62854  -23.140  -73.718  -3.501 0.3000000119
682  -22.905  -73.524  -4.652 0.4000000060
507  -22.444  -74.251  -5.083 0.4000000060
843  -23.792  -72.062  -2.764 0.3000000119
677  -23.224  -73.296  -3.889 0.3000000119
846  -23.826  -72.017  -3.285 0.3000000119
678  -23.584  -72.467  -3.729 0.3000000119
54238  -22.788  -74.956  -2.851 0.4000000060
673  -23.375  -73.513  -2.538 0.3000000119
497  -23.106  -74.427  -2.349 0.3000000119
670  -23.591  -72.744  -2.450 0.3000000119
496  -22.685  -75.147  -2.178 0.4000000060
639  -16.678  -73.703  1.753 0.3000000119
667  -23.023  -74.572  -1.633 0.3000000119
668  -23.319  -73.898  -1.820 0.3000000119
664  -23.218  -74.034  -1.185 0.3000000119
11219  -4.692  -39.858  7.952 0.4000000060
11536  -5.128  -39.300  7.360 0.3000000119
11862  -6.102  -37.712  7.296 0.3000000119
11537  -5.607  -38.637  7.356 0.4000000060
9898  -4.455  -43.247  7.263 0.3000000119
10224  -4.217  -42.398  7.837 0.3000000119
10563  -4.246  -41.619  7.355 0.3000000119
62180  -4.219  -41.026  8.280 0.3000000119
10895  -4.432  -40.594  7.346 0.4000000060
10893  -4.364  -40.444  8.636 0.3000000119
11220  -4.902  -39.773  6.779 0.4000000060
11863  -6.255  -36.772  7.169 0.3000000119
11539  -5.605  -38.923  6.358 0.4000000060
10896  -4.373  -41.208  6.276 0.4000000060
12185  -6.209  -35.922  6.551 0.3000000119
11867  -6.342  -36.895  6.457 0.4000000060
12184  -5.891  -34.860  5.202 0.3000000119
11871  -6.490  -37.019  5.703 0.4000000060
56990  -6.316  -35.907  5.774 0.4000000060
12811  -4.601  -33.505  5.205 0.3000000119
13782  -4.084  -31.799  4.785 0.3000000119
16346  -2.705  -23.117  0.337 0.3000000119
17016  -2.065  -21.869  -0.735 0.3000000119
10227  -4.353  -42.565  6.724 0.4000000060
3240  -8.435  -65.716  -24.220 0.4000000060
16341  -2.368  -22.366  0.299 0.3000000119
10566  -4.304  -41.955  6.276 0.4000000060
685  -22.689  -73.398  -5.814 0.3000000119
16677  -2.121  -22.294  -0.222 0.3000000119
54481  -22.621  -74.458  -4.289 0.4000000060
504  -22.951  -74.026  -3.824 0.4000000060
853  -23.385  -72.639  -4.515 0.3000000119
55210  -5.620  -38.414  8.375 0.3000000119
11866  -6.151  -37.943  6.448 0.4000000060
8914  -4.094  -47.211  6.042 0.3000000119
8586  -3.288  -47.780  5.976 0.3000000119
8584  -3.648  -47.871  6.600 0.3000000119
8279  -3.829  -48.047  6.698 0.3000000119
4311  -3.197  -61.571  0.583 0.4000000060
9583  -4.968  -45.165  6.524 0.3000000119
7969  -3.685  -48.910  6.405 0.3000000119
54660  -4.805  -44.262  6.687 0.3000000119
61191  -5.975  -35.108  5.919 0.3000000119
59423  -4.818  -46.769  6.403 0.3000000119
8910  -4.274  -47.669  6.520 0.3000000119
1335  -8.189  -68.432  8.704 0.3000000119
1132  -8.823  -69.733  8.300 0.3000000119
1143  -9.582  -71.001  8.476 0.3000000119
962  -13.588  -72.405  8.639 0.3000000119
961  -12.929  -72.376  8.707 0.3000000119
952  -11.824  -72.164  8.680 0.3000000119
60787  -12.292  -72.579  8.780 0.3000000119
218  -18.643  -77.353  -8.394 0.6000000238
244  -16.023  -77.320  -11.030 0.6000000238
296  -4.772  -76.529  -0.066 0.6000000238
366  -19.623  -76.782  -9.668 0.6000000238
386  -19.912  -76.306  -11.058 0.6000000238
562  -15.242  -75.765  -14.162 0.5000000000
742  -16.819  -74.811  -15.290 0.6000000238
755  -18.065  -74.312  -15.539 0.5000000000
763  -16.590  -74.222  -16.333 0.6999999881
823  -2.620  -72.524  1.351 0.6000000238
938  -14.795  -73.194  -17.434 0.6000000238
943  -18.878  -73.196  -16.716 0.5000000000
983  -1.970  -70.101  4.771 0.8000000119
1157  -2.368  -69.899  7.701 0.6999999881
1342  -2.995  -69.970  10.032 0.6000000238
1366  -2.268  -69.948  5.560 0.8999999762
1368  -1.856  -70.044  4.602 0.8000000119
1370  -1.949  -69.908  4.821 0.8000000119
1371  -2.824  -69.938  4.257 0.8999999762
1391  -1.955  -71.363  2.467 0.8000000119
1584  -1.974  -68.921  5.347 0.8999999762
1605  -4.039  -68.861  3.203 0.8999999762
1613  -3.876  -69.865  2.424 0.8000000119
1890  -2.763  -68.119  10.727 0.6000000238
1950  -3.456  -68.831  3.855 1.0000000000
2101  -9.107  -67.380  -25.233 0.6000000238
2113  -9.207  -67.310  -26.721 0.6999999881
2119  -10.243  -67.039  -28.205 0.6999999881
2120  -10.888  -67.060  -28.388 0.6999999881
2125  -9.526  -67.055  -27.870 0.6999999881
2126  -9.934  -67.001  -28.380 0.6999999881
2138  -10.703  -67.160  -29.522 0.6999999881
2149  -11.990  -67.699  -30.323 0.5000000000
2201  -2.865  -67.587  11.092 0.5000000000
2389  -8.745  -67.245  -24.711 0.5000000000
2413  -9.435  -66.706  -28.169 0.6999999881
2421  -10.198  -66.823  -29.328 0.6999999881
2422  -10.505  -66.984  -29.802 0.6999999881
2431  -11.105  -67.349  -30.838 0.6999999881
2440  -10.792  -66.973  -31.211 0.6000000238
2453  -11.437  -67.041  -32.111 0.5000000000
2735  -9.782  -66.225  -29.248 0.6999999881
2741  -10.456  -66.651  -30.853 0.6999999881
2746  -10.317  -66.321  -31.120 0.6999999881
2757  -10.686  -66.354  -32.027 0.6000000238
3003  -9.658  -65.866  -29.230 0.6999999881
3014  -10.122  -65.945  -31.052 0.6999999881
3015  -10.354  -66.123  -31.584 0.6999999881
3274  -10.381  -65.239  -31.984 0.4000000060
3399  -4.478  -65.542  6.737 0.8000000119
3403  -0.827  -65.503  4.972 0.8000000119
3404  -4.231  -65.920  6.007 0.8000000119
3543  -10.022  -64.139  -29.607 0.6000000238
3674  -0.897  -65.870  5.232 0.8000000119
3791  -3.232  -61.260  -26.778 0.6999999881
3792  -3.515  -60.865  -26.997 0.6999999881
3798  -3.142  -61.030  -27.043 0.6999999881
3802  -2.248  -61.128  -27.959 0.6999999881
3803  -2.670  -61.263  -28.042 0.6999999881
3804  -3.137  -61.169  -27.700 0.6999999881
3805  -3.408  -60.896  -27.115 0.6999999881
3811  -2.092  -61.169  -28.071 0.6999999881
3812  -2.982  -61.834  -28.072 0.6999999881
3813  -3.201  -61.317  -28.011 0.6999999881
3829  -9.887  -63.104  -28.753 0.5000000000
3834  -10.392  -64.045  -30.626 0.5000000000
3979  -1.238  -65.808  5.286 0.8000000119
3985  -1.560  -65.929  5.053 0.8000000119
4080  -2.023  -61.154  -27.016 0.6999999881
4081  -2.804  -61.032  -26.955 0.6999999881
4082  -3.673  -60.592  -26.842 0.6999999881
4089  -4.204  -60.872  -26.887 0.6999999881
4090  -5.859  -61.070  -27.108 0.6999999881
4095  -2.061  -61.049  -27.748 0.6999999881
4096  -2.322  -61.121  -27.153 0.6999999881
4098  -5.065  -60.731  -27.040 0.6999999881
4103  -1.915  -61.026  -27.801 0.6999999881
4104  -3.027  -61.258  -28.056 0.6999999881
4105  -4.010  -60.912  -27.884 0.6999999881
4110  -3.025  -60.909  -28.343 0.6999999881
4122  -8.912  -61.056  -27.791 0.6000000238
4400  -2.935  -59.853  -26.404 0.6999999881
4401  -3.826  -60.129  -26.134 0.6999999881
4408  -2.154  -60.951  -26.988 0.6999999881
4410  -3.786  -60.347  -26.735 0.6999999881
4419  -1.982  -60.979  -27.835 0.6999999881
4426  -3.078  -60.848  -28.327 0.6999999881
4427  -3.923  -60.239  -28.073 0.6999999881
4672  -7.007  -58.007  -25.353 0.6999999881
4677  -4.297  -59.226  -26.158 0.6000000238
4684  -4.430  -59.861  -26.147 0.6000000238
4689  -2.232  -60.419  -27.176 0.6999999881
4690  -2.329  -60.056  -26.957 0.6999999881
4695  -2.008  -60.661  -27.551 0.6999999881
4696  -2.133  -60.146  -27.796 0.6999999881
4699  -1.948  -60.753  -28.003 0.6999999881
4702  -2.720  -60.251  -28.524 0.6999999881
4703  -3.133  -60.275  -28.209 0.6999999881
4705  -5.525  -59.607  -28.024 0.6000000238
4712  -2.668  -60.929  -28.969 0.6999999881
4713  -5.084  -59.970  -27.981 0.6000000238
4980  -5.011  -58.807  -25.953 0.6000000238
4983  -3.527  -59.891  -25.908 0.6999999881
4984  -4.122  -59.003  -25.775 0.6000000238
4988  -2.959  -59.932  -26.676 0.6999999881
4993  -2.358  -60.028  -27.354 0.6999999881
4994  -2.637  -59.916  -26.989 0.6999999881
4995  -2.875  -59.462  -27.018 0.6999999881
5001  -2.105  -59.997  -28.175 0.6999999881
5002  -2.571  -59.967  -27.864 0.6999999881
5005  -3.153  -59.977  -28.075 0.6999999881
5289  -6.237  -57.905  -25.011 0.6999999881
5296  -4.820  -58.864  -26.011 0.6999999881
5299  -3.596  -59.089  -26.784 0.6999999881
5303  -3.363  -59.001  -27.116 0.6999999881
5306  -4.168  -58.685  -27.072 0.6999999881
5309  -2.019  -59.795  -28.121 0.6999999881
5311  -3.297  -59.598  -27.501 0.6999999881
5312  -4.305  -59.084  -27.434 0.6999999881
5322  -3.604  -59.816  -27.904 0.6999999881
5324  -5.259  -58.760  -27.777 0.6000000238
5500  -5.972  -56.952  7.454 0.3000000119
5601  -5.954  -57.688  -24.859 0.6999999881
5605  -5.009  -58.167  -26.049 0.6999999881
5606  -5.408  -57.930  -25.549 0.6999999881
5612  -5.102  -57.996  -26.350 0.6999999881
5616  -3.867  -58.856  -26.938 0.6999999881
5619  -6.295  -57.584  -26.423 0.6999999881
5622  -5.072  -58.015  -26.950 0.6999999881
5627  -4.934  -58.649  -27.295 0.6999999881
5908  -6.193  -57.716  -24.986 0.6000000238
5909  -9.045  -57.412  -23.771 0.6000000238
5921  -6.238  -57.343  -25.906 0.6999999881
6233  -9.249  -56.240  -24.556 0.6999999881
6536  -9.762  -55.897  -25.005 0.6000000238
6821  -9.500  -53.502  -19.887 0.6999999881
6847  -10.633  -55.118  -25.064 0.6000000238
9328  -9.980  -45.547  -19.303 0.6000000238
9965  -10.109  -43.798  -19.056 0.5000000000
51021  -3.769  -62.674  8.456 0.6000000238
51023  -3.029  -66.121  6.215 0.8000000119
51041  -1.955  -61.164  -28.337 0.6999999881
51042  -2.148  -61.158  -28.588 0.6999999881
51043  -2.050  -60.799  -28.501 0.6999999881
51044  -2.137  -60.944  -28.807 0.6999999881
51045  -2.117  -60.313  -28.421 0.6999999881
51046  -2.479  -59.959  -28.096 0.6999999881
51944  -1.894  -61.183  -28.277 0.6999999881
52211  -6.627  -60.718  -27.660 0.6999999881
52413  -5.297  -57.949  -26.438 0.6999999881
52480  -2.462  -61.010  -29.060 0.6999999881
52650  -5.158  -58.266  -25.808 0.6999999881
52949  -2.033  -60.295  -28.151 0.6999999881
53676  -9.019  -56.198  -25.850 0.6000000238
54643  -15.533  -78.028  -5.190 0.6000000238
54908  -3.465  -61.074  -28.019 0.6999999881
55183  -0.821  -65.345  6.074 0.8000000119
55950  -3.129  -71.202  3.045 1.0000000000
56051  -3.875  -58.878  -26.265 0.6999999881
56480  -3.018  -60.866  -26.880 0.6999999881
56981  -11.208  -67.326  -29.476 0.6000000238
57075  -9.845  -67.384  -22.483 0.6000000238
57254  -0.929  -65.353  4.293 0.8999999762
57348  -15.926  -75.879  -13.954 0.5000000000
57653  -18.641  -72.479  -17.472 0.4000000060
58066  -6.090  -58.416  -25.868 0.5000000000
58164  -17.023  -68.153  -22.961 0.5000000000
58334  -10.395  -64.773  -31.821 0.5000000000
58595  -15.270  -73.532  -17.307 0.6000000238
59422  -2.603  -61.004  -26.974 0.6999999881
59612  -5.759  -59.882  -27.831 0.6000000238
59823  -9.186  -62.156  -27.691 0.6999999881
59902  -2.703  -69.981  9.331 0.6000000238
60038  -15.989  -77.536  -10.449 0.6000000238
60368  -6.335  -71.345  9.157 0.6000000238
60442  -2.799  -65.966  4.010 0.8000000119
60532  -2.423  -59.942  -28.053 0.6999999881
60567  -11.651  -67.533  -31.298 0.5000000000
60791  -3.349  -58.939  -27.076 0.6999999881
60915  -2.974  -61.753  -28.028 0.6999999881
61063  -2.687  -67.793  10.572 0.6000000238
61494  -5.834  -60.123  -26.874 0.6000000238
61770  -9.570  -51.255  -21.357 0.6999999881
61944  -8.997  -66.382  -27.092 0.6999999881
62006  -5.631  -57.362  7.363 0.3000000119
62123  -7.924  -57.159  -24.019 0.6999999881
62143  -21.314  -75.515  -11.713 0.3000000119
62266  -1.893  -61.109  -27.461 0.6999999881
62507  -6.248  -61.869  3.463 0.8000000119
62521  -11.024  -51.810  -23.938 0.6000000238
62593  -11.612  -67.598  -30.735 0.5000000000
62599  -10.018  -56.309  -25.727 0.5000000000
62763  -2.325  -71.673  2.007 0.8000000119
62774  -9.718  -67.357  -27.166 0.6999999881
62822  -2.818  -60.609  -26.884 0.6999999881
63153  -15.239  -78.157  -8.740 0.6000000238
63413  -5.220  -60.390  -26.957 0.6999999881
63443  -7.483  -59.610  -28.136 0.6000000238
