#!ascii label  , from subject sub-1015 vox2ras=TkReg
281
3196  -38.970  -64.855  -11.154 0.0000000000
4385  -35.899  -60.912  -19.464 0.0000000000
4360  -41.182  -60.528  -12.673 0.0000000000
3492  -37.518  -63.342  -15.439 0.0000000000
4660  -40.933  -59.181  -16.108 0.0000000000
3460  -40.923  -63.190  -8.043 0.0000000000
4935  -41.065  -57.909  -8.756 0.0000000000
5544  -42.920  -55.784  -5.565 0.0000000000
4946  -41.548  -58.108  -12.830 0.0000000000
4369  -40.981  -60.297  -14.532 0.0000000000
5258  -41.835  -57.914  -14.880 0.0000000000
4354  -41.276  -60.699  -8.662 0.0000000000
4629  -42.193  -59.325  -6.651 0.0000000000
5864  -44.981  -52.544  -8.040 0.0000000000
5868  -44.074  -53.098  -8.470 0.0000000000
2940  -36.915  -65.721  -12.986 0.0000000000
4056  -37.278  -61.767  -17.229 0.0000000000
3494  -35.093  -64.070  -17.079 0.0000000000
3771  -34.664  -62.489  -18.979 0.0000000000
3742  -40.657  -62.630  -12.062 0.0000000000
3205  -38.201  -64.206  -13.487 0.0000000000
4053  -39.520  -61.345  -15.464 0.0000000000
4383  -38.179  -60.305  -17.774 0.0000000000
4034  -41.402  -61.942  -10.374 0.0000000000
58635  -41.304  -59.644  -11.109 0.0000000000
5249  -41.068  -56.542  -11.214 0.0000000000
4625  -43.443  -59.092  -5.331 0.0000000000
5234  -42.272  -56.982  -6.709 0.0000000000
5560  -42.032  -54.325  -9.575 0.0000000000
5880  -42.404  -54.139  -11.925 0.0000000000
2948  -36.319  -65.049  -14.803 0.0000000000
4979  -38.435  -58.333  -22.404 0.0000000000
4392  -36.329  -60.306  -21.664 0.0000000000
4078  -34.384  -61.252  -23.633 0.0000000000
5254  -41.746  -57.247  -13.429 0.0000000000
60167  -41.735  -58.331  -14.321 0.0000000000
2936  -37.978  -65.413  -11.856 0.0000000000
4060  -36.345  -61.936  -17.922 0.0000000000
3767  -35.759  -62.699  -17.781 0.0000000000
4064  -35.004  -61.809  -19.364 0.0000000000
55111  -34.365  -62.124  -19.847 0.0000000000
4070  -35.244  -61.125  -20.812 0.0000000000
3747  -40.851  -61.871  -12.452 0.0000000000
4041  -40.658  -61.580  -13.317 0.0000000000
4374  -40.873  -60.042  -15.180 0.0000000000
4368  -40.572  -60.691  -14.833 0.0000000000
4379  -40.085  -60.071  -16.220 0.0000000000
4377  -38.570  -60.768  -16.994 0.0000000000
4658  -39.746  -59.634  -16.981 0.0000000000
3474  -40.951  -63.061  -10.494 0.0000000000
3733  -41.252  -62.690  -9.246 0.0000000000
4639  -41.145  -59.904  -9.082 0.0000000000
4356  -41.359  -60.829  -9.623 0.0000000000
4937  -41.009  -58.909  -9.483 0.0000000000
4941  -41.056  -57.748  -11.104 0.0000000000
4938  -40.943  -57.794  -9.865 0.0000000000
5231  -42.825  -56.846  -5.814 0.0000000000
62646  -42.714  -57.804  -6.200 0.0000000000
52276  -44.353  -53.282  -9.461 0.0000000000
5558  -42.474  -54.015  -8.563 0.0000000000
5561  -43.287  -53.517  -9.403 0.0000000000
60319  -42.176  -54.138  -10.800 0.0000000000
3482  -38.018  -63.911  -14.166 0.0000000000
3204  -37.525  -64.565  -13.900 0.0000000000
3486  -37.213  -63.973  -15.070 0.0000000000
3214  -34.795  -64.696  -16.728 0.0000000000
4987  -38.003  -58.171  -23.598 0.0000000000
4676  -37.334  -59.483  -22.309 0.0000000000
4406  -35.406  -60.400  -23.584 0.0000000000
4645  -41.318  -59.835  -12.550 0.0000000000
4362  -41.134  -60.461  -13.391 0.0000000000
4647  -41.538  -59.108  -13.950 0.0000000000
4649  -41.448  -59.433  -14.470 0.0000000000
4953  -41.496  -58.739  -15.545 0.0000000000
3734  -41.273  -62.085  -8.769 0.0000000000
4352  -41.636  -59.993  -7.261 0.0000000000
4636  -41.603  -59.067  -7.469 0.0000000000
5549  -42.712  -54.195  -6.396 0.0000000000
5548  -42.493  -54.884  -6.511 0.0000000000
52711  -44.552  -52.800  -8.251 0.0000000000
5873  -45.560  -52.936  -8.959 0.0000000000
6185  -46.285  -53.172  -9.569 0.0000000000
3758  -37.185  -62.997  -16.140 0.0000000000
3491  -36.857  -63.704  -15.747 0.0000000000
3763  -36.067  -63.058  -17.143 0.0000000000
3766  -35.031  -62.962  -18.203 0.0000000000
3503  -33.595  -63.372  -19.108 0.0000000000
3509  -33.281  -62.969  -20.142 0.0000000000
3777  -33.527  -62.489  -21.211 0.0000000000
3781  -33.525  -62.384  -22.333 0.0000000000
3476  -39.755  -63.725  -12.027 0.0000000000
3200  -39.073  -64.126  -12.351 0.0000000000
3484  -39.303  -63.257  -13.499 0.0000000000
3754  -38.753  -62.688  -14.847 0.0000000000
4046  -40.715  -60.975  -14.079 0.0000000000
4049  -39.738  -61.681  -14.887 0.0000000000
3760  -38.430  -62.478  -15.392 0.0000000000
4057  -38.094  -61.522  -16.694 0.0000000000
4061  -37.768  -61.033  -17.459 0.0000000000
4382  -37.387  -60.576  -18.235 0.0000000000
3473  -40.505  -63.491  -10.905 0.0000000000
3739  -40.839  -62.865  -11.284 0.0000000000
4037  -41.344  -61.696  -11.154 0.0000000000
61216  -41.442  -61.537  -9.891 0.0000000000
4035  -41.460  -61.113  -10.584 0.0000000000
58615  -41.339  -60.532  -11.947 0.0000000000
61226  -41.400  -59.048  -12.351 0.0000000000
5252  -41.353  -57.221  -12.105 0.0000000000
5566  -41.596  -56.561  -12.725 0.0000000000
4630  -42.774  -58.714  -6.063 0.0000000000
4926  -42.179  -58.185  -6.879 0.0000000000
5240  -41.422  -57.027  -8.134 0.0000000000
5554  -42.033  -54.842  -7.714 0.0000000000
5241  -41.801  -56.110  -7.582 0.0000000000
5244  -41.053  -56.809  -9.085 0.0000000000
5250  -41.297  -55.350  -10.663 0.0000000000
5564  -41.730  -54.941  -11.585 0.0000000000
53315  -37.827  -64.729  -13.227 0.0000000000
2943  -36.758  -65.244  -13.951 0.0000000000
3210  -35.794  -64.872  -15.585 0.0000000000
2952  -35.251  -65.421  -15.491 0.0000000000
4663  -39.305  -59.236  -17.787 0.0000000000
52909  -37.793  -59.831  -18.572 0.0000000000
4387  -37.024  -60.121  -19.119 0.0000000000
4669  -36.806  -59.820  -21.151 0.0000000000
4390  -36.259  -60.258  -20.710 0.0000000000
4073  -35.258  -61.156  -21.769 0.0000000000
4075  -34.586  -61.442  -23.056 0.0000000000
5569  -41.876  -56.239  -13.316 0.0000000000
3199  -38.614  -64.785  -11.896 0.0000000000
4066  -36.515  -60.931  -18.716 0.0000000000
4065  -35.733  -61.483  -18.934 0.0000000000
4068  -35.348  -61.216  -19.838 0.0000000000
4039  -41.175  -61.297  -12.008 0.0000000000
4042  -40.993  -61.117  -12.890 0.0000000000
4654  -40.684  -59.748  -15.847 0.0000000000
4373  -40.374  -60.415  -15.526 0.0000000000
4659  -40.441  -59.337  -16.526 0.0000000000
3466  -41.012  -63.273  -8.857 0.0000000000
3730  -41.147  -62.665  -8.419 0.0000000000
4640  -41.123  -58.956  -8.397 0.0000000000
5545  -42.959  -55.074  -5.476 0.0000000000
5542  -43.439  -56.288  -4.953 0.0000000000
5229  -43.585  -57.109  -4.978 0.0000000000
5877  -43.003  -53.613  -10.113 0.0000000000
5874  -44.137  -53.295  -10.018 0.0000000000
3487  -37.807  -63.625  -14.801 0.0000000000
3207  -37.514  -64.139  -14.509 0.0000000000
4681  -36.923  -59.716  -22.906 0.0000000000
4399  -36.148  -60.080  -23.310 0.0000000000
4407  -35.755  -59.824  -23.907 0.0000000000
4945  -41.474  -59.071  -13.144 0.0000000000
4363  -41.315  -59.831  -13.291 0.0000000000
4951  -41.644  -58.727  -14.659 0.0000000000
4950  -41.497  -59.071  -15.050 0.0000000000
4954  -41.684  -58.353  -15.264 0.0000000000
5858  -42.953  -53.654  -6.353 0.0000000000
5863  -43.563  -53.031  -7.328 0.0000000000
5872  -44.957  -53.127  -9.229 0.0000000000
2650  -36.314  -66.318  -12.846 0.0000000000
62992  -36.748  -62.570  -16.970 0.0000000000
3772  -35.417  -62.225  -18.509 0.0000000000
3504  -34.299  -63.172  -18.653 0.0000000000
3775  -34.197  -61.988  -20.807 0.0000000000
3774  -33.839  -62.421  -20.288 0.0000000000
3778  -34.142  -61.991  -21.809 0.0000000000
3477  -40.351  -63.308  -11.679 0.0000000000
3749  -39.045  -62.976  -14.186 0.0000000000
3755  -39.388  -62.325  -14.559 0.0000000000
4365  -41.100  -60.433  -13.974 0.0000000000
53388  -40.939  -60.915  -13.530 0.0000000000
4054  -40.065  -61.050  -15.183 0.0000000000
4048  -39.035  -61.979  -15.321 0.0000000000
4052  -38.342  -62.035  -15.954 0.0000000000
3736  -41.251  -62.593  -10.054 0.0000000000
3740  -41.188  -62.405  -10.844 0.0000000000
3743  -41.049  -62.146  -11.636 0.0000000000
4030  -41.256  -61.329  -8.139 0.0000000000
4032  -41.354  -61.477  -9.142 0.0000000000
61662  -41.263  -59.989  -10.259 0.0000000000
4358  -41.399  -60.410  -11.212 0.0000000000
4643  -41.358  -59.791  -11.812 0.0000000000
4942  -41.287  -58.930  -11.526 0.0000000000
4943  -41.356  -58.247  -12.015 0.0000000000
5563  -41.343  -55.949  -11.860 0.0000000000
4932  -41.860  -57.272  -7.382 0.0000000000
57963  -42.622  -53.895  -7.702 0.0000000000
5557  -41.700  -55.078  -8.446 0.0000000000
54191  -41.392  -56.099  -8.456 0.0000000000
5245  -41.257  -55.636  -9.357 0.0000000000
3202  -38.337  -64.548  -12.710 0.0000000000
3206  -36.992  -64.577  -14.599 0.0000000000
54160  -36.067  -65.586  -14.346 0.0000000000
2947  -35.663  -65.503  -14.953 0.0000000000
3495  -35.779  -63.746  -16.763 0.0000000000
3490  -36.154  -64.093  -16.039 0.0000000000
3215  -35.454  -64.438  -16.378 0.0000000000
2956  -34.417  -65.275  -16.431 0.0000000000
3209  -35.070  -65.072  -16.062 0.0000000000
4961  -40.219  -58.658  -17.440 0.0000000000
4965  -39.418  -58.437  -18.436 0.0000000000
4664  -38.252  -59.182  -18.873 0.0000000000
53407  -37.539  -59.369  -19.585 0.0000000000
4675  -36.893  -59.890  -22.045 0.0000000000
4670  -37.350  -59.418  -21.591 0.0000000000
4391  -35.777  -60.722  -21.255 0.0000000000
4394  -35.796  -60.734  -22.167 0.0000000000
4079  -35.008  -60.934  -23.323 0.0000000000
4076  -35.207  -61.113  -22.632 0.0000000000
4948  -41.668  -58.266  -13.702 0.0000000000
5256  -41.880  -57.452  -14.332 0.0000000000
6180  -46.438  -52.527  -8.446 0.0000000000
2935  -37.365  -65.756  -12.257 0.0000000000
62820  -36.237  -62.571  -17.451 0.0000000000
4067  -34.763  -61.580  -20.323 0.0000000000
4069  -34.712  -61.555  -21.319 0.0000000000
3746  -40.438  -62.382  -12.836 0.0000000000
3751  -40.220  -62.193  -13.570 0.0000000000
4651  -41.244  -59.702  -14.845 0.0000000000
4372  -39.754  -60.775  -15.854 0.0000000000
4058  -38.967  -61.268  -16.122 0.0000000000
4378  -39.359  -60.424  -16.580 0.0000000000
4657  -38.968  -60.006  -17.365 0.0000000000
3470  -41.001  -63.216  -9.684 0.0000000000
4940  -41.084  -58.860  -10.580 0.0000000000
5247  -40.983  -56.609  -10.211 0.0000000000
4921  -43.646  -58.090  -5.106 0.0000000000
4923  -43.159  -58.146  -5.676 0.0000000000
5871  -43.647  -53.337  -8.815 0.0000000000
5878  -43.480  -53.310  -10.982 0.0000000000
3211  -36.564  -64.394  -15.314 0.0000000000
4981  -37.904  -58.687  -23.066 0.0000000000
4978  -37.865  -58.983  -22.139 0.0000000000
4682  -37.474  -59.223  -22.773 0.0000000000
4395  -36.342  -60.277  -22.541 0.0000000000
4088  -34.747  -60.744  -23.831 0.0000000000
4366  -41.312  -59.888  -13.922 0.0000000000
60327  -41.249  -59.964  -14.349 0.0000000000
4655  -41.187  -59.329  -15.513 0.0000000000
4346  -41.489  -60.785  -7.247 0.0000000000
4351  -41.336  -60.562  -7.858 0.0000000000
4635  -41.275  -59.878  -8.090 0.0000000000
5555  -43.113  -53.392  -7.477 0.0000000000
5875  -45.267  -53.260  -9.848 0.0000000000
3759  -37.874  -62.692  -15.749 0.0000000000
3496  -36.472  -63.370  -16.468 0.0000000000
3500  -35.398  -63.391  -17.471 0.0000000000
3498  -33.945  -63.753  -18.408 0.0000000000
3512  -32.909  -63.003  -21.059 0.0000000000
3780  -32.919  -62.887  -21.939 0.0000000000
3784  -32.877  -62.717  -22.866 0.0000000000
3197  -39.326  -64.312  -11.593 0.0000000000
3203  -38.857  -63.880  -13.109 0.0000000000
3483  -38.649  -63.600  -13.825 0.0000000000
3488  -38.404  -63.305  -14.487 0.0000000000
3753  -38.134  -63.022  -15.117 0.0000000000
4050  -40.273  -61.341  -14.525 0.0000000000
3764  -37.595  -62.266  -16.454 0.0000000000
54493  -37.060  -61.247  -17.896 0.0000000000
3472  -39.952  -63.900  -11.269 0.0000000000
3737  -41.392  -62.094  -9.602 0.0000000000
4038  -41.388  -61.054  -11.393 0.0000000000
62285  -41.589  -57.320  -12.804 0.0000000000
4931  -41.497  -58.061  -7.793 0.0000000000
5235  -42.203  -55.561  -6.851 0.0000000000
5567  -41.863  -55.349  -12.623 0.0000000000
62386  -38.157  -64.986  -12.282 0.0000000000
2941  -37.707  -65.187  -12.670 0.0000000000
2944  -37.351  -65.098  -13.351 0.0000000000
2939  -36.080  -66.023  -13.613 0.0000000000
57693  -42.118  -56.591  -14.657 0.0000000000
5262  -41.620  -58.124  -15.888 0.0000000000
4957  -41.291  -58.710  -16.035 0.0000000000
4960  -38.857  -59.022  -18.442 0.0000000000
4662  -38.559  -59.597  -18.114 0.0000000000
4386  -36.325  -60.407  -19.708 0.0000000000
4667  -37.313  -59.330  -20.660 0.0000000000
4666  -36.810  -59.816  -20.137 0.0000000000
4389  -35.773  -60.736  -20.295 0.0000000000
4072  -34.699  -61.561  -22.259 0.0000000000
3782  -34.096  -61.917  -22.732 0.0000000000
