#!ascii label  , from subject sub-1015 vox2ras=TkReg
2046
13845  14.154  -28.630  44.537 0.1000000015
14231  14.356  -27.999  44.698 0.1000000015
13473  14.618  -29.484  44.308 0.1000000015
13844  14.904  -28.844  44.638 0.1000000015
13843  15.420  -29.188  44.503 0.2000000030
14228  15.821  -28.627  43.853 0.3000000119
13842  15.836  -29.304  44.079 0.2000000030
13855  16.363  -29.381  43.239 0.2000000030
50851  16.815  -30.131  42.813 0.2000000030
14573  16.075  -27.749  41.982 0.4000000060
14241  16.209  -28.635  42.637 0.5000000000
13854  17.009  -29.594  41.761 0.4000000060
13477  17.596  -30.654  42.087 0.3000000119
12815  24.716  -31.821  39.193 0.3000000119
12173  23.047  -33.062  40.941 0.1000000015
12813  22.828  -32.459  41.415 0.1000000015
16521  17.702  -20.681  39.582 0.4000000060
16530  19.374  -21.073  39.139 0.4000000060
58215  18.961  -21.977  38.233 0.4000000060
16197  17.799  -22.291  37.433 0.4000000060
15860  19.109  -23.680  38.085 0.4000000060
15861  17.764  -23.859  37.271 0.3000000119
15533  17.022  -24.605  38.109 0.3000000119
15221  16.148  -25.518  39.369 0.3000000119
14572  16.741  -27.635  40.093 0.4000000060
14240  16.784  -28.554  40.950 0.4000000060
14252  17.328  -28.550  39.310 0.4000000060
13872  17.723  -29.403  40.007 0.4000000060
13853  18.214  -30.068  40.992 0.4000000060
12195  25.613  -33.810  35.572 0.3000000119
12504  25.090  -32.601  36.115 0.3000000119
12830  24.908  -31.755  36.944 0.3000000119
12505  24.959  -32.452  37.485 0.3000000119
60190  18.528  -30.787  41.478 0.3000000119
12186  23.636  -33.248  39.567 0.2000000030
13493  20.420  -30.528  41.372 0.3000000119
13494  19.314  -30.384  41.028 0.3000000119
13179  24.770  -30.736  36.916 0.3000000119
12824  24.958  -31.617  38.104 0.3000000119
12501  24.297  -32.953  39.093 0.2000000030
12179  23.386  -33.256  40.213 0.2000000030
13133  21.319  -31.314  41.773 0.3000000119
13134  20.400  -31.461  41.748 0.2000000030
53071  19.374  -31.129  41.626 0.2000000030
12807  22.114  -32.581  41.723 0.1000000015
58845  21.878  -32.062  41.804 0.1000000015
12806  22.545  -31.728  41.596 0.1000000015
13151  23.135  -31.082  41.439 0.3000000119
16196  20.343  -22.558  37.434 0.5000000000
53403  20.484  -24.431  37.182 0.5000000000
15532  18.956  -24.625  38.180 0.3000000119
15531  20.836  -25.171  37.961 0.4000000060
56653  16.127  -26.252  39.819 0.3000000119
15234  20.723  -25.676  37.967 0.3000000119
15235  18.218  -25.207  37.120 0.3000000119
56569  17.227  -26.162  37.623 0.3000000119
14924  16.907  -26.856  38.957 0.3000000119
14916  15.970  -26.943  41.031 0.3000000119
56232  20.038  -26.354  37.825 0.3000000119
11230  28.362  -36.913  34.931 0.1000000015
11568  28.190  -36.209  34.253 0.2000000030
14251  18.754  -28.898  38.959 0.4000000060
14585  17.747  -28.030  38.042 0.4000000060
56602  27.549  -35.663  34.340 0.2000000030
11880  26.763  -34.881  34.276 0.3000000119
12194  26.042  -33.774  34.100 0.3000000119
12508  25.328  -32.545  34.097 0.3000000119
13871  19.150  -29.740  40.065 0.3000000119
12835  25.006  -31.426  34.337 0.3000000119
12829  24.794  -31.091  35.593 0.3000000119
12497  24.165  -32.613  39.894 0.2000000030
12178  23.884  -33.061  39.692 0.2000000030
12498  23.709  -32.791  40.393 0.2000000030
13492  21.409  -30.412  41.621 0.3000000119
13869  21.323  -29.664  41.613 0.3000000119
13170  24.887  -30.461  38.169 0.3000000119
13171  24.918  -31.054  38.986 0.3000000119
12816  24.407  -31.895  40.046 0.3000000119
12812  23.535  -32.237  40.965 0.2000000030
13145  22.008  -31.257  41.738 0.3000000119
13132  21.894  -30.589  41.728 0.3000000119
13491  22.205  -29.709  41.896 0.3000000119
61532  23.151  -31.798  41.355 0.3000000119
13144  22.705  -30.775  41.649 0.2000000030
13500  22.424  -30.285  41.770 0.3000000119
60205  22.770  -29.587  42.014 0.4000000060
13150  23.590  -31.355  41.119 0.3000000119
13143  23.204  -30.377  41.608 0.4000000060
59671  22.997  -29.971  41.830 0.4000000060
13880  23.323  -29.304  42.177 0.3000000119
13867  22.835  -28.918  42.325 0.3000000119
13499  23.550  -29.759  41.817 0.4000000060
13879  24.045  -29.084  42.175 0.3000000119
16195  21.239  -23.420  38.231 0.4000000060
16529  19.992  -21.396  38.820 0.4000000060
10215  28.899  -37.782  32.508 0.1000000015
10549  29.035  -37.556  33.143 0.1000000015
55263  22.907  -24.678  39.582 0.5000000000
54132  21.888  -24.806  38.404 0.4000000060
59088  22.924  -25.424  40.409 0.3000000119
15530  22.262  -25.661  39.622 0.3000000119
55599  22.116  -25.944  39.847 0.3000000119
15233  21.776  -26.444  39.807 0.3000000119
14923  19.082  -27.302  37.318 0.3000000119
11229  28.603  -36.552  33.957 0.2000000030
55781  21.005  -27.053  39.491 0.4000000060
14583  21.421  -27.688  40.869 0.4000000060
14584  19.938  -27.872  39.093 0.4000000060
11887  27.190  -34.779  33.055 0.2000000030
12200  26.553  -33.667  32.454 0.3000000119
14250  20.419  -28.696  40.480 0.4000000060
12512  25.913  -32.224  32.107 0.3000000119
13870  20.366  -29.694  41.050 0.3000000119
12817  24.034  -32.281  40.455 0.2000000030
12811  24.029  -31.661  40.684 0.3000000119
61874  21.815  -29.605  41.788 0.4000000060
13868  22.072  -29.007  42.122 0.4000000060
13159  24.686  -30.974  39.840 0.3000000119
13160  24.336  -31.176  40.422 0.3000000119
13149  24.030  -30.826  40.862 0.3000000119
13517  24.840  -30.083  40.085 0.4000000060
13148  24.474  -30.404  40.537 0.4000000060
13507  23.672  -30.410  41.366 0.3000000119
13498  24.271  -29.972  41.153 0.4000000060
59623  24.017  -29.644  41.635 0.4000000060
13878  24.554  -29.226  41.624 0.3000000119
53721  24.766  -28.486  42.203 0.4000000060
52648  21.224  -21.072  38.330 0.4000000060
16527  22.730  -22.609  37.043 0.4000000060
59372  22.378  -23.839  37.698 0.4000000060
16194  23.617  -23.868  39.389 0.5000000000
16526  24.041  -22.775  39.256 0.4000000060
10559  29.356  -37.090  30.616 0.2000000030
10554  29.192  -37.263  32.010 0.1000000015
10900  28.866  -37.693  34.059 0.1000000015
11236  28.974  -36.603  33.265 0.1000000015
16193  24.516  -23.679  40.935 0.4000000060
55264  23.978  -24.497  41.207 0.4000000060
54133  23.561  -25.203  41.526 0.3000000119
60907  22.684  -25.958  41.012 0.3000000119
11886  27.929  -35.207  32.769 0.2000000030
16192  25.098  -23.496  41.765 0.4000000060
55079  24.605  -24.156  42.056 0.4000000060
54134  24.141  -24.815  42.301 0.4000000060
15232  22.704  -26.281  41.532 0.3000000119
15529  23.105  -25.808  41.592 0.3000000119
14922  22.169  -26.927  41.333 0.4000000060
55600  22.824  -26.737  42.417 0.4000000060
14582  22.332  -27.501  42.217 0.4000000060
12834  25.831  -30.463  32.126 0.3000000119
53401  22.185  -28.261  42.279 0.4000000060
14249  21.374  -28.909  41.690 0.4000000060
13187  25.115  -29.880  33.469 0.3000000119
13178  24.640  -29.624  35.135 0.3000000119
14247  23.185  -28.130  42.698 0.4000000060
14248  22.612  -28.362  42.486 0.4000000060
13169  24.638  -29.468  36.837 0.3000000119
14246  23.902  -27.933  42.824 0.4000000060
13866  23.608  -28.644  42.562 0.4000000060
13158  24.975  -30.234  39.263 0.4000000060
13506  24.881  -29.504  40.812 0.5000000000
13877  25.119  -28.655  41.423 0.4000000060
16849  22.560  -21.114  37.550 0.4000000060
16525  25.008  -22.839  40.721 0.4000000060
10899  29.111  -37.184  33.216 0.1000000015
10893  28.911  -37.272  33.909 0.1000000015
10558  30.517  -36.161  28.278 0.1000000015
11567  28.453  -35.887  33.245 0.2000000030
12199  27.550  -33.396  31.045 0.2000000030
12511  26.892  -31.731  30.160 0.2000000030
55732  24.999  -23.941  42.274 0.4000000060
15859  24.647  -24.447  42.558 0.4000000060
15528  23.693  -25.501  42.434 0.3000000119
15231  23.247  -26.128  42.479 0.3000000119
12839  26.290  -30.271  29.998 0.3000000119
13186  26.489  -28.122  30.948 0.3000000119
15526  24.876  -24.763  42.715 0.5000000000
15527  24.278  -25.173  42.789 0.3000000119
15230  23.763  -25.926  42.829 0.3000000119
14581  22.939  -27.149  42.725 0.4000000060
15229  24.353  -25.840  42.937 0.3000000119
55521  23.319  -26.597  42.824 0.4000000060
58641  22.768  -27.754  42.684 0.4000000060
13177  25.772  -28.138  32.850 0.3000000119
14580  23.430  -27.303  42.892 0.4000000060
13536  24.912  -28.029  34.808 0.3000000119
61824  25.040  -27.963  42.385 0.4000000060
14245  24.659  -27.819  42.689 0.4000000060
13526  24.865  -29.358  38.339 0.5000000000
13505  25.082  -29.228  39.707 0.4000000060
13886  25.241  -28.701  40.598 0.4000000060
16871  29.333  -20.215  38.548 0.2000000030
53661  30.276  -21.203  39.103 0.2000000030
16848  24.422  -21.924  39.199 0.4000000060
58939  30.356  -21.657  39.781 0.2000000030
16214  30.530  -22.129  39.672 0.6000000238
15251  31.084  -23.508  38.899 0.6000000238
15543  30.755  -23.039  39.323 0.6000000238
15874  30.975  -22.673  39.307 0.6999999881
16191  25.421  -23.399  41.982 0.4000000060
11240  29.176  -36.709  32.909 0.2000000030
11573  28.833  -35.847  32.543 0.2000000030
11885  28.576  -34.978  31.687 0.2000000030
14604  30.716  -24.777  37.100 0.6000000238
15858  25.106  -24.117  42.433 0.4000000060
14942  31.520  -24.783  37.597 0.6000000238
15252  30.511  -23.706  38.718 0.6000000238
12838  28.821  -29.144  29.395 0.3000000119
12833  27.816  -28.022  29.859 0.3000000119
15525  25.384  -24.533  42.464 0.5000000000
13546  28.646  -26.816  31.397 0.4000000060
15228  25.203  -25.164  42.714 0.5000000000
14921  23.916  -26.530  42.960 0.4000000060
56368  25.494  -25.635  42.551 0.5000000000
14577  25.219  -26.409  42.643 0.5000000000
14920  24.600  -26.471  42.915 0.4000000060
60543  25.229  -26.943  42.565 0.4000000060
14578  24.884  -27.060  42.749 0.4000000060
14579  24.239  -27.195  42.937 0.4000000060
14591  25.238  -27.444  42.432 0.4000000060
14256  25.602  -27.282  41.811 0.4000000060
14257  25.319  -27.994  41.951 0.4000000060
14264  25.554  -27.794  40.921 0.4000000060
16864  29.728  -21.151  39.889 0.2000000030
16524  25.537  -22.753  41.493 0.4000000060
16539  25.934  -22.064  41.273 0.3000000119
52899  30.793  -21.750  39.325 0.6000000238
16206  25.904  -22.549  41.593 0.4000000060
10905  29.323  -36.884  32.110 0.2000000030
16205  25.969  -23.044  41.673 0.4000000060
15875  30.374  -22.608  39.702 0.5000000000
16208  30.014  -22.225  40.031 0.6000000238
15856  26.221  -23.588  41.649 0.4000000060
10557  33.176  -34.717  25.502 0.1000000015
15257  31.340  -24.032  38.260 0.6000000238
15857  25.583  -23.851  42.061 0.4000000060
10913  30.981  -35.304  28.335 0.1000000015
56033  28.276  -34.028  31.011 0.2000000030
59964  30.463  -23.310  39.229 0.5000000000
15524  25.876  -24.327  42.060 0.4000000060
10556  35.002  -35.501  27.384 0.1000000015
12510  28.830  -30.363  29.333 0.2000000030
13185  29.682  -27.937  31.976 0.3000000119
13545  30.682  -27.831  33.550 0.4000000060
14280  30.628  -25.773  35.099 0.5000000000
15227  25.678  -24.968  42.372 0.5000000000
13904  31.474  -27.151  35.442 0.6000000238
13534  29.672  -26.595  33.023 0.4000000060
14930  25.745  -26.097  42.271 0.5000000000
13535  26.783  -26.413  32.670 0.4000000060
14590  25.522  -26.800  42.302 0.5000000000
13525  24.759  -28.122  36.837 0.3000000119
13516  24.998  -28.220  38.514 0.4000000060
13894  25.302  -28.134  39.787 0.5000000000
10553  29.623  -36.480  30.486 0.2000000030
16213  31.174  -22.248  39.211 0.6999999881
15548  31.355  -23.205  38.918 0.6999999881
10898  29.389  -36.458  32.081 0.2000000030
11235  29.343  -35.937  32.016 0.2000000030
15256  31.726  -23.838  38.529 0.6000000238
15544  30.081  -22.957  39.630 0.5000000000
10912  33.059  -34.063  27.070 0.1000000015
12198  28.557  -32.508  29.503 0.2000000030
15242  26.275  -24.744  41.769 0.5000000000
10911  35.236  -35.051  28.233 0.1000000015
13195  30.622  -28.402  31.923 0.3000000119
15226  26.045  -24.724  42.010 0.5000000000
10910  36.476  -36.727  29.061 0.1000000015
14273  30.959  -25.394  36.193 0.5000000000
14929  26.058  -25.816  41.859 0.5000000000
15243  26.027  -25.339  42.148 0.5000000000
11252  35.890  -35.562  29.276 0.1000000015
10909  36.866  -37.099  29.833 0.1000000015
13905  30.128  -26.320  34.216 0.4000000060
11251  36.640  -36.438  29.883 0.1000000015
14937  26.072  -25.826  41.337 0.5000000000
11249  37.083  -36.818  30.153 0.1000000015
13906  28.032  -25.765  33.584 0.4000000060
14595  25.959  -26.243  40.857 0.5000000000
14589  25.886  -26.475  41.725 0.5000000000
14263  25.766  -26.800  40.299 0.5000000000
54794  25.796  -26.968  41.181 0.5000000000
13524  25.655  -26.522  34.842 0.3000000119
14271  25.531  -27.307  39.793 0.5000000000
16542  29.982  -21.803  40.191 0.2000000030
16204  26.768  -22.748  41.423 0.4000000060
15868  26.912  -23.193  41.323 0.4000000060
15539  26.432  -24.073  41.651 0.5000000000
11239  29.438  -36.027  31.857 0.2000000030
11572  29.215  -35.672  31.896 0.2000000030
12202  29.171  -33.117  29.953 0.2000000030
15261  32.085  -24.640  37.973 0.6000000238
12837  31.070  -28.921  31.593 0.3000000119
15545  29.624  -23.392  39.260 0.6000000238
15241  26.513  -24.266  41.177 0.5000000000
13184  31.525  -28.497  33.947 0.4000000060
14279  31.726  -26.688  36.135 0.6000000238
14944  29.643  -24.307  37.589 0.5000000000
14928  26.249  -25.155  41.424 0.5000000000
14605  29.502  -24.756  36.718 0.5000000000
14936  26.249  -25.263  40.475 0.5000000000
14274  29.241  -25.017  35.636 0.6000000238
14594  26.037  -25.806  39.735 0.5000000000
11590  35.676  -35.130  29.563 0.2000000030
11589  36.469  -35.987  29.865 0.1000000015
13896  28.768  -25.271  34.499 0.5000000000
11595  37.312  -36.481  29.916 0.1000000015
13893  25.363  -27.203  38.637 0.5000000000
17187  28.400  -20.470  40.281 0.2000000030
16865  29.114  -20.926  40.388 0.1000000015
16543  29.425  -21.526  40.654 0.2000000030
15878  31.559  -22.791  38.907 0.6999999881
10904  29.908  -35.741  30.331 0.2000000030
15870  29.725  -22.552  40.063 0.5000000000
16209  29.355  -22.072  40.467 0.3000000119
15541  29.208  -22.886  39.914 0.5000000000
15871  28.993  -22.514  40.368 0.5000000000
11890  29.437  -34.136  30.352 0.2000000030
12517  30.435  -30.263  28.967 0.2000000030
61330  30.594  -29.329  30.466 0.3000000119
14948  32.182  -25.551  37.434 0.6000000238
15253  29.671  -23.907  38.445 0.6000000238
55912  26.551  -24.554  40.656 0.5000000000
13194  32.101  -28.995  33.939 0.4000000060
15254  28.694  -23.735  38.928 0.6000000238
11254  32.811  -34.404  28.366 0.2000000030
11253  34.306  -34.171  28.507 0.2000000030
13544  31.895  -28.536  35.277 0.4000000060
14288  32.096  -27.724  36.293 0.6000000238
14278  31.917  -26.323  36.698 0.6000000238
11591  34.852  -34.168  29.366 0.2000000030
14270  25.833  -26.308  38.855 0.5000000000
55466  35.729  -35.175  29.585 0.2000000030
11906  35.262  -34.366  29.410 0.2000000030
11588  36.344  -35.746  29.631 0.2000000030
59688  36.750  -35.670  29.301 0.2000000030
13898  25.282  -26.915  36.960 0.4000000060
17185  29.083  -20.008  39.591 0.3000000119
16218  31.602  -22.282  38.643 0.6999999881
16549  31.163  -21.693  38.622 0.5000000000
15547  31.987  -23.433  38.465 0.6999999881
15255  32.213  -24.127  38.233 0.6999999881
15873  28.393  -22.362  40.895 0.4000000060
11243  29.757  -35.464  30.707 0.2000000030
15247  28.419  -23.273  39.646 0.6000000238
11576  29.699  -34.750  30.640 0.2000000030
12201  30.609  -31.316  29.185 0.2000000030
14935  26.943  -24.352  39.771 0.5000000000
11893  30.438  -33.126  29.111 0.2000000030
14609  32.258  -26.374  37.082 0.6000000238
14939  28.851  -24.092  38.208 0.5000000000
14940  26.700  -24.868  39.189 0.5000000000
12516  31.811  -29.670  30.735 0.3000000119
12843  31.804  -29.274  31.623 0.3000000119
13556  32.291  -29.174  35.240 0.4000000060
13916  32.308  -28.482  36.162 0.6000000238
14287  32.285  -27.178  36.764 0.6999999881
14613  32.552  -26.895  37.043 0.6999999881
56302  32.414  -27.938  36.567 0.6999999881
14599  27.897  -24.971  37.006 0.5000000000
11908  34.694  -33.746  29.685 0.2000000030
14275  27.484  -25.279  35.967 0.5000000000
11907  34.862  -34.069  29.478 0.2000000030
13897  26.760  -25.791  35.299 0.5000000000
11905  35.772  -34.657  28.871 0.2000000030
11904  36.467  -34.753  28.441 0.2000000030
16221  31.912  -21.374  36.954 0.8000000119
16220  32.585  -21.912  36.741 0.8000000119
16217  31.945  -22.190  38.079 0.8000000119
16216  31.539  -21.447  37.842 0.6999999881
15877  32.085  -22.804  38.470 0.6999999881
10903  31.116  -34.440  28.411 0.2000000030
14947  32.607  -25.473  37.692 0.6999999881
11242  30.736  -34.535  29.160 0.2000000030
11581  29.817  -34.900  30.442 0.2000000030
15248  27.772  -23.794  39.428 0.5000000000
14608  32.580  -26.253  37.320 0.6000000238
12207  30.747  -31.752  29.067 0.2000000030
12836  32.630  -29.500  33.825 0.3000000119
13543  32.403  -29.035  35.817 0.5000000000
14598  28.512  -24.503  37.647 0.5000000000
14600  26.581  -25.277  38.370 0.5000000000
14269  26.601  -25.510  37.440 0.5000000000
12220  34.725  -32.673  30.065 0.2000000030
12210  34.333  -31.484  30.887 0.2000000030
12219  34.899  -33.007  30.131 0.2000000030
14276  26.012  -26.099  37.194 0.5000000000
12853  35.793  -30.672  32.767 0.2000000030
12526  35.217  -31.022  32.092 0.2000000030
12534  34.692  -31.334  31.137 0.2000000030
56172  34.915  -33.335  28.864 0.2000000030
13205  37.233  -29.815  32.602 0.2000000030
12858  35.764  -30.646  31.725 0.2000000030
12218  34.216  -31.186  29.422 0.2000000030
12217  34.923  -33.341  27.858 0.2000000030
13568  37.052  -29.611  33.227 0.4000000060
12852  36.508  -30.256  32.290 0.2000000030
56493  34.756  -31.242  27.852 0.2000000030
13567  37.772  -29.359  32.811 0.4000000060
13947  38.095  -28.956  32.998 0.5000000000
15880  32.489  -22.623  37.720 0.6999999881
15550  33.066  -23.500  37.737 0.6999999881
53788  32.509  -23.288  38.215 0.6999999881
15551  32.602  -23.933  38.081 0.6999999881
15260  32.665  -24.687  37.966 0.8000000119
58991  30.409  -33.793  29.426 0.2000000030
55810  27.795  -24.227  38.702 0.5000000000
11592  32.162  -33.606  28.415 0.2000000030
11580  31.177  -33.212  28.399 0.2000000030
14286  32.732  -27.610  36.836 0.6999999881
61160  27.470  -24.779  38.151 0.5000000000
11579  34.007  -32.869  28.185 0.2000000030
11892  31.647  -32.301  28.779 0.2000000030
12206  32.155  -30.845  28.772 0.3000000119
12523  32.513  -29.946  30.537 0.2000000030
12515  32.980  -29.753  32.848 0.3000000119
13193  32.679  -29.637  35.088 0.4000000060
11909  34.495  -33.157  29.736 0.2000000030
55236  33.599  -30.183  32.647 0.3000000119
12842  33.363  -30.165  34.347 0.4000000060
13555  32.658  -29.487  35.678 0.4000000060
13926  32.653  -29.029  36.031 0.6000000238
13915  32.692  -28.403  36.427 0.6000000238
11897  34.686  -32.421  30.088 0.2000000030
12849  33.674  -30.365  33.772 0.4000000060
13198  33.073  -29.984  34.925 0.4000000060
13192  33.023  -29.913  35.396 0.4000000060
13554  33.037  -29.542  35.772 0.4000000060
13925  33.134  -28.962  36.174 0.6000000238
13197  33.440  -30.272  34.967 0.4000000060
13563  33.489  -30.009  35.381 0.4000000060
59226  35.212  -30.955  30.977 0.2000000030
13553  33.641  -29.487  35.789 0.6000000238
13206  36.349  -30.180  33.181 0.3000000119
12857  36.404  -30.243  30.926 0.2000000030
12533  35.363  -30.807  30.016 0.2000000030
12216  36.190  -32.976  27.527 0.2000000030
12532  36.148  -30.587  28.680 0.2000000030
12539  36.873  -31.642  27.053 0.2000000030
14315  38.340  -28.503  33.105 0.5000000000
16223  33.477  -22.142  34.739 0.6999999881
54232  33.134  -22.793  36.925 0.6999999881
15882  33.599  -22.792  36.109 0.6999999881
15881  34.116  -23.246  35.594 0.6999999881
15553  33.880  -23.833  36.894 0.6999999881
15262  33.955  -25.009  37.348 0.6999999881
15554  33.286  -24.406  37.744 0.6999999881
14612  32.908  -26.869  37.145 0.6999999881
11899  32.928  -31.800  28.177 0.2000000030
12213  33.382  -31.088  29.280 0.3000000119
12212  34.118  -31.410  30.370 0.2000000030
11898  34.180  -32.078  28.856 0.3000000119
12205  33.684  -30.623  31.164 0.3000000119
12211  34.286  -31.489  30.908 0.2000000030
12522  34.167  -30.673  33.227 0.3000000119
12528  34.651  -31.156  32.113 0.2000000030
12841  33.940  -30.569  34.326 0.4000000060
13196  33.973  -30.372  34.860 0.4000000060
12846  35.569  -30.638  33.521 0.3000000119
59364  37.514  -29.233  33.257 0.4000000060
13204  38.280  -29.463  32.067 0.3000000119
13213  37.364  -29.900  31.633 0.2000000030
13566  38.465  -29.062  32.552 0.3000000119
12856  37.317  -30.017  30.150 0.2000000030
14314  39.230  -28.232  32.842 0.5000000000
15885  34.712  -22.786  33.375 0.8000000119
55224  34.109  -22.600  34.026 0.8000000119
52821  34.727  -23.510  34.923 0.6999999881
15886  34.634  -24.091  35.991 0.6999999881
15557  34.530  -24.817  36.609 0.6999999881
15263  33.216  -25.309  37.680 0.6999999881
54644  33.726  -25.914  37.281 0.6999999881
14950  33.047  -26.118  37.428 0.6999999881
15266  34.363  -25.683  36.799 0.6999999881
14949  33.503  -26.687  37.084 0.6999999881
14618  33.937  -27.149  36.692 0.6999999881
14285  33.378  -27.454  36.865 0.6999999881
14296  33.265  -28.241  36.557 0.6999999881
12529  34.384  -31.070  32.009 0.2000000030
14295  34.037  -27.926  36.323 0.6999999881
12854  35.109  -30.943  32.912 0.2000000030
12847  34.918  -30.816  33.761 0.3000000119
12848  34.462  -30.826  33.885 0.3000000119
13924  33.800  -28.776  36.098 0.6999999881
13562  34.143  -29.933  35.246 0.4000000060
13564  36.402  -29.756  33.726 0.3000000119
13940  37.585  -28.841  33.432 0.5000000000
12863  37.474  -30.076  28.350 0.2000000030
13946  38.878  -28.670  32.696 0.4000000060
14305  38.537  -27.946  33.107 0.5000000000
14633  39.453  -27.692  32.813 0.5000000000
16235  36.452  -20.459  31.972 0.6999999881
16231  36.496  -19.651  31.401 0.6999999881
15888  35.817  -21.517  32.096 0.6999999881
15889  35.308  -22.826  32.923 0.8000000119
15895  36.170  -21.652  31.903 0.6999999881
15890  35.256  -23.636  34.224 0.6999999881
15560  35.187  -24.379  35.192 0.6999999881
15556  34.932  -24.789  35.934 0.6999999881
15896  35.937  -22.702  32.404 0.6999999881
15565  35.805  -23.721  33.424 0.6999999881
15559  35.618  -24.363  34.303 0.6999999881
15265  34.933  -25.558  36.051 0.6999999881
14953  34.141  -26.481  36.772 0.6999999881
14952  34.630  -26.257  36.314 0.6999999881
14617  34.573  -27.096  36.139 0.6999999881
58958  34.493  -30.642  34.342 0.3000000119
13935  34.324  -29.250  35.557 0.6000000238
13200  35.858  -30.221  33.805 0.3000000119
13201  35.207  -30.451  34.271 0.3000000119
58270  34.557  -30.332  34.767 0.4000000060
13941  36.992  -29.271  33.668 0.4000000060
13565  35.745  -29.805  34.264 0.4000000060
14623  39.656  -27.021  32.597 0.6000000238
14306  37.639  -28.218  33.483 0.5000000000
59831  34.957  -29.725  34.901 0.4000000060
14624  38.682  -27.250  32.869 0.6000000238
13573  39.354  -28.955  32.129 0.4000000060
16234  36.849  -20.074  31.036 0.6999999881
16240  38.910  -21.362  30.069 0.8999999762
15904  37.546  -21.562  29.626 0.8999999762
53237  36.715  -21.223  31.273 0.6999999881
15894  36.778  -22.624  31.016 0.6999999881
15269  35.647  -25.097  34.682 0.6999999881
60982  35.256  -25.121  35.469 0.6999999881
15564  36.604  -23.844  32.313 0.6999999881
15275  36.234  -24.892  33.475 0.6999999881
15270  35.444  -25.815  35.165 0.6999999881
14957  35.093  -26.453  35.663 0.6999999881
15572  38.335  -23.511  29.483 0.8000000119
15563  37.686  -24.244  31.060 0.6999999881
14620  35.246  -27.329  35.293 0.6999999881
14301  34.801  -28.010  35.650 0.6999999881
13923  34.397  -28.575  35.816 0.6999999881
15272  39.586  -25.689  31.854 0.6999999881
14961  38.859  -26.367  32.449 0.6999999881
14960  39.909  -26.379  32.373 0.6999999881
14625  37.714  -27.473  33.310 0.6000000238
14307  36.825  -28.625  33.944 0.6000000238
13945  39.799  -28.460  32.486 0.4000000060
13944  40.748  -28.400  32.391 0.4000000060
16570  38.056  -20.708  30.761 0.8000000119
16565  37.174  -19.782  31.734 0.8000000119
16239  40.919  -22.290  29.937 0.8000000119
15903  39.835  -22.538  29.160 0.8000000119
14955  36.108  -26.033  34.131 0.6999999881
15902  41.414  -23.381  30.553 0.8000000119
15274  37.215  -25.113  32.250 0.6999999881
14956  35.660  -26.675  34.843 0.6999999881
15571  40.258  -24.017  30.342 0.8000000119
15562  39.150  -24.836  30.675 0.6999999881
15273  38.386  -25.438  31.685 0.6999999881
60086  37.831  -25.961  32.443 0.6999999881
14962  37.805  -26.685  32.924 0.6999999881
14627  35.877  -27.508  34.522 0.6999999881
13934  34.961  -28.840  35.288 0.5000000000
15280  40.448  -25.055  31.547 0.6999999881
13942  36.309  -29.255  34.138 0.4000000060
14959  40.587  -25.863  32.290 0.6999999881
14313  40.254  -27.966  32.681 0.4000000060
13951  41.210  -28.976  32.042 0.4000000060
62055  40.216  -27.403  32.618 0.5000000000
14320  41.582  -28.419  32.421 0.4000000060
16569  39.900  -21.610  30.093 0.8000000119
16900  37.965  -20.660  30.635 0.6000000238
50780  42.213  -22.477  30.448 0.6999999881
16238  42.173  -23.000  30.867 0.6999999881
52806  36.990  -25.942  33.113 0.6999999881
14963  36.857  -26.835  33.518 0.6999999881
14964  36.231  -26.948  34.185 0.6999999881
14300  35.533  -28.245  34.882 0.6999999881
15570  41.560  -24.476  31.667 0.8000000119
60017  36.187  -28.166  34.295 0.6000000238
14626  36.745  -27.699  33.885 0.6000000238
14308  36.077  -28.700  34.363 0.6000000238
13933  35.611  -29.121  34.662 0.6000000238
15279  41.269  -25.316  32.220 0.6999999881
14970  40.665  -26.720  32.458 0.6000000238
14969  41.462  -25.986  32.399 0.6999999881
14632  40.971  -27.394  32.577 0.5000000000
16568  41.335  -22.221  30.014 0.6999999881
16899  39.299  -21.602  29.825 0.6000000238
61223  42.806  -22.043  30.917 0.6999999881
50233  42.867  -22.821  31.514 0.6999999881
50291  43.274  -22.259  31.828 0.6999999881
15900  42.962  -23.251  31.840 0.8000000119
15901  42.417  -23.675  31.676 0.8000000119
52244  42.681  -23.988  32.055 0.8000000119
15569  42.339  -24.402  32.157 0.8000000119
15278  42.066  -25.152  32.422 0.8000000119
15568  42.619  -24.569  32.271 0.8000000119
15277  42.728  -25.343  32.410 0.8000000119
14966  43.305  -25.948  32.107 0.6999999881
14968  42.205  -26.044  32.530 0.6999999881
14967  42.824  -26.231  32.421 0.6999999881
14311  41.850  -27.943  32.582 0.4000000060
12867  44.143  -30.638  29.679 0.1000000015
12874  44.602  -31.100  29.248 0.1000000015
12873  44.989  -31.293  29.104 0.1000000015
12546  45.396  -31.658  28.630 0.1000000015
49785  43.361  -21.598  31.623 0.8000000119
57403  43.756  -20.692  31.614 0.6000000238
49788  42.939  -21.524  30.325 0.6999999881
61505  43.393  -21.814  31.876 0.6999999881
60137  43.292  -22.759  31.838 0.8000000119
15899  42.962  -23.822  31.977 0.8000000119
15575  43.277  -24.199  31.882 0.8000000119
15567  42.940  -24.632  32.188 0.8000000119
15284  43.203  -25.121  32.109 0.8000000119
14973  43.724  -25.920  31.620 0.6999999881
15283  43.543  -25.345  31.839 0.6999999881
62012  43.023  -25.664  32.298 0.6999999881
14636  43.512  -26.689  31.826 0.5000000000
54020  43.928  -26.664  31.254 0.5000000000
14974  43.159  -26.666  32.197 0.5000000000
14640  43.733  -27.581  31.525 0.5000000000
14638  42.840  -27.117  32.409 0.6000000238
14637  43.292  -27.348  32.071 0.5000000000
14630  42.289  -26.859  32.562 0.6000000238
14317  43.439  -28.019  31.917 0.5000000000
13954  44.066  -28.948  31.186 0.5000000000
55427  41.597  -26.745  32.527 0.5000000000
14639  42.346  -27.606  32.548 0.5000000000
14318  42.937  -27.984  32.289 0.5000000000
13948  43.330  -28.655  31.951 0.5000000000
13955  43.669  -29.290  31.473 0.5000000000
56333  44.145  -29.537  30.839 0.4000000060
14319  42.278  -28.291  32.446 0.5000000000
13956  43.117  -29.253  31.871 0.5000000000
52809  44.337  -30.166  30.331 0.3000000119
13580  44.957  -30.187  29.973 0.1000000015
13222  43.974  -30.296  30.198 0.3000000119
12866  44.705  -30.791  29.667 0.1000000015
12872  45.365  -31.306  29.134 0.1000000015
49786  44.006  -20.599  31.863 0.6999999881
17213  41.992  -20.501  28.742 0.5000000000
57354  43.632  -21.405  31.909 0.6000000238
50329  43.534  -21.988  31.899 0.6999999881
15909  43.500  -23.214  31.791 0.8000000119
15574  43.611  -24.596  31.691 0.8000000119
15287  43.896  -25.091  31.396 0.8000000119
14978  44.173  -25.763  31.015 0.6999999881
14642  44.168  -27.471  30.834 0.5000000000
14321  44.108  -28.312  31.067 0.5000000000
13959  44.416  -28.994  30.699 0.5000000000
14631  41.737  -27.422  32.612 0.5000000000
53965  44.649  -29.697  30.285 0.2000000030
13225  45.343  -30.736  29.506 0.1000000015
12553  45.875  -32.095  28.049 0.1000000015
60535  44.200  -19.814  31.786 0.5000000000
50183  44.355  -20.095  31.900 0.6000000238
50593  44.088  -20.897  31.915 0.6999999881
61274  43.856  -21.549  31.928 0.6000000238
16244  44.016  -22.229  31.843 0.8000000119
54937  44.090  -22.733  31.636 0.8000000119
52625  43.786  -23.647  31.571 0.8000000119
15578  44.162  -24.064  31.206 0.8000000119
15286  44.363  -24.811  30.789 0.8000000119
14977  44.647  -25.488  30.161 0.8000000119
14982  44.359  -26.544  30.544 0.5000000000
14641  44.551  -27.380  30.101 0.5000000000
14325  44.474  -28.258  30.429 0.5000000000
13958  44.850  -29.031  30.070 0.5000000000
14324  44.841  -28.189  29.699 0.3000000119
13585  45.296  -29.878  29.699 0.1000000015
13584  45.844  -30.461  29.134 0.1000000015
50457  44.556  -19.211  31.928 0.5000000000
50187  44.708  -20.478  31.872 0.8000000119
16574  44.421  -21.373  31.831 0.8000000119
16243  44.961  -21.603  31.574 0.8000000119
59260  44.412  -22.041  31.715 0.8000000119
15908  44.380  -23.102  31.318 0.8000000119
59296  44.687  -23.342  30.965 0.8000000119
15577  44.729  -23.930  30.620 0.8000000119
59903  44.763  -24.527  30.169 0.8000000119
60021  44.883  -24.600  29.270 0.8000000119
15290  44.819  -25.628  29.284 0.6999999881
14981  44.697  -26.448  29.721 0.4000000060
14644  44.896  -27.261  29.301 0.4000000060
14643  44.942  -27.124  28.373 0.3000000119
14329  45.177  -28.044  28.935 0.3000000119
13961  45.263  -28.956  29.352 0.2000000030
54311  45.730  -29.641  28.969 0.2000000030
57188  45.056  -18.722  32.021 0.5000000000
50310  45.127  -19.731  31.992 0.6000000238
50185  45.634  -19.213  31.906 0.6000000238
16573  45.188  -20.860  31.673 0.8000000119
15907  44.702  -22.318  31.454 0.8000000119
15912  45.001  -22.626  31.064 0.8000000119
15916  45.160  -22.998  30.387 0.6999999881
15581  45.001  -23.753  29.828 0.8000000119
15289  44.843  -25.252  28.429 0.6000000238
14986  44.868  -26.306  28.820 0.4000000060
14985  44.818  -26.039  27.821 0.4000000060
14328  45.121  -27.934  28.126 0.3000000119
14646  44.835  -26.984  27.246 0.3000000119
14332  45.322  -28.475  27.486 0.3000000119
49784  45.761  -18.194  31.945 0.5000000000
49783  45.439  -20.067  31.801 0.8999999762
16906  45.927  -20.467  31.515 0.8000000119
16578  45.647  -21.170  31.386 0.8000000119
16248  45.342  -21.871  31.234 0.8000000119
15911  45.584  -22.074  30.626 0.8000000119
15915  45.755  -22.243  29.792 0.6999999881
61480  45.348  -22.986  29.546 0.6999999881
15580  45.150  -23.472  28.925 0.6999999881
15920  45.880  -22.548  28.829 0.6999999881
15584  45.511  -23.176  28.137 0.6999999881
55100  45.017  -24.100  28.169 0.6999999881
15589  45.573  -23.510  27.219 0.6999999881
15294  44.935  -24.821  27.409 0.6000000238
14988  44.837  -25.631  26.873 0.5000000000
14987  44.918  -25.812  25.918 0.3000000119
14649  44.926  -27.465  26.426 0.3000000119
50587  46.678  -18.042  31.577 0.6000000238
50463  46.393  -18.897  31.705 0.6999999881
16905  46.632  -20.142  31.271 0.6999999881
17217  46.944  -19.411  31.339 0.8000000119
16577  46.317  -20.777  31.118 0.8000000119
16247  45.976  -21.374  30.905 0.8000000119
16581  46.552  -20.983  30.674 0.8000000119
16251  46.336  -21.404  30.158 0.8000000119
15914  46.566  -21.719  29.253 0.6999999881
15583  46.456  -22.521  27.821 0.6999999881
15588  46.701  -22.742  26.986 0.6999999881
15292  46.235  -23.221  26.248 0.6000000238
15293  45.199  -24.461  26.389 0.3000000119
14991  45.774  -23.991  25.369 0.3000000119
15613  53.003  -24.602  22.988 0.3000000119
14990  45.462  -25.149  24.697 0.3000000119
15605  52.382  -24.158  24.432 0.2000000030
14648  44.961  -26.992  25.370 0.2000000030
59355  46.971  -18.733  31.440 0.8000000119
16904  47.192  -19.912  31.007 0.8000000119
16576  46.988  -20.438  30.724 0.8000000119
16580  47.688  -20.489  30.135 0.6999999881
53220  46.971  -20.859  30.275 0.8000000119
16250  47.235  -21.093  29.651 0.6999999881
15918  47.428  -22.021  28.122 0.6999999881
15923  47.793  -22.424  27.477 0.6999999881
15587  47.653  -22.764  26.622 0.6999999881
53246  47.417  -22.986  25.730 0.4000000060
16288  51.849  -21.962  19.577 0.1000000015
15941  52.972  -23.827  22.328 0.2000000030
15608  52.975  -23.838  22.882 0.3000000119
15296  47.156  -23.409  24.635 0.2000000030
15947  52.663  -23.755  20.504 0.1000000015
15945  52.879  -23.842  20.949 0.1000000015
60306  53.146  -24.165  21.743 0.1000000015
15604  52.617  -23.871  24.034 0.3000000119
15600  51.470  -23.874  25.194 0.3000000119
15301  50.286  -23.993  24.789 0.2000000030
15300  51.897  -24.307  24.596 0.2000000030
14997  50.974  -24.320  24.435 0.2000000030
61668  47.938  -23.561  24.105 0.2000000030
50452  46.736  -17.153  31.323 0.6999999881
49782  47.230  -17.684  31.195 0.6999999881
61855  47.368  -18.933  31.176 0.8000000119
55757  47.637  -19.434  30.864 0.8000000119
16909  47.555  -20.032  30.639 0.8000000119
16908  48.116  -19.831  30.350 0.6000000238
16912  48.521  -20.233  29.750 0.6999999881
16584  48.171  -20.890  29.382 0.6999999881
16254  47.637  -21.538  28.822 0.6999999881
16958  51.711  -19.307  14.350 0.1000000015
16258  48.358  -21.933  28.180 0.6999999881
16959  51.202  -20.027  15.116 0.1000000015
16257  49.304  -21.794  28.165 0.6999999881
15922  48.959  -22.369  27.629 0.6999999881
16632  51.075  -20.616  16.129 0.1000000015
16262  49.862  -22.283  27.646 0.6999999881
15927  49.499  -22.896  27.079 0.6000000238
16293  51.229  -21.070  16.909 0.1000000015
16621  51.546  -20.817  17.781 0.1000000015
16261  50.642  -22.028  27.497 0.6999999881
15593  49.459  -23.239  26.448 0.5000000000
16616  51.677  -21.132  18.882 0.1000000015
16289  51.867  -22.687  18.905 0.1000000015
16265  51.119  -22.475  26.905 0.6000000238
15931  50.840  -23.163  26.552 0.5000000000
15592  50.128  -23.267  26.605 0.4000000060
15295  48.770  -23.144  25.723 0.4000000060
15930  51.453  -22.923  26.267 0.5000000000
15595  51.163  -23.511  25.895 0.4000000060
15596  50.513  -23.605  26.049 0.4000000060
15597  49.761  -23.498  25.972 0.4000000060
16286  51.996  -22.069  20.127 0.1000000015
15932  52.063  -22.996  25.259 0.5000000000
15933  51.738  -23.359  25.661 0.5000000000
15297  50.073  -23.732  25.372 0.2000000030
15298  49.024  -23.431  25.074 0.2000000030
16284  52.109  -22.271  20.521 0.1000000015
16281  52.268  -22.554  20.968 0.1000000015
16278  52.595  -22.932  21.414 0.1000000015
15943  52.891  -23.287  21.840 0.2000000030
16275  52.835  -22.598  22.397 0.2000000030
15939  52.771  -23.507  23.545 0.3000000119
15935  52.330  -23.432  24.623 0.4000000060
15599  52.028  -23.749  25.019 0.4000000060
15601  50.807  -23.921  25.379 0.2000000030
15938  52.833  -23.106  22.976 0.3000000119
54571  52.738  -22.571  23.598 0.5000000000
52294  52.361  -21.445  21.340 0.1000000015
16279  52.580  -22.054  21.878 0.1000000015
16272  52.844  -22.019  23.027 0.4000000060
18551  55.415  -15.898  18.992 0.4000000060
51388  47.797  -17.924  30.788 0.6999999881
49781  47.823  -18.699  30.878 0.8000000119
58703  47.289  -17.035  30.642 0.6999999881
57342  48.051  -17.428  30.242 0.6999999881
59869  48.208  -17.935  30.396 0.8000000119
17219  48.266  -19.120  30.461 0.8000000119
17222  48.748  -19.527  29.968 0.6999999881
16583  49.011  -20.651  29.119 0.6000000238
16253  48.708  -21.318  28.709 0.6999999881
16586  50.277  -20.794  28.295 0.6999999881
16915  49.734  -20.359  28.827 0.6999999881
16629  53.950  -18.172  14.382 0.1000000015
16256  50.110  -21.567  28.028 0.6999999881
16589  51.359  -20.781  27.324 0.8000000119
16590  50.799  -21.221  27.744 0.8000000119
16917  51.433  -19.943  27.470 0.8000000119
16921  51.836  -20.298  26.853 0.8000000119
16260  51.287  -21.637  27.141 0.6999999881
16592  52.083  -21.373  26.079 0.6000000238
16264  51.741  -22.065  26.404 0.6000000238
16596  52.475  -20.989  25.496 0.5000000000
16267  52.162  -22.047  25.543 0.5000000000
16612  52.445  -20.409  20.300 0.1000000015
60924  52.772  -20.915  24.861 0.5000000000
58494  52.536  -21.638  24.874 0.5000000000
16609  52.474  -20.601  20.747 0.1000000015
16601  53.027  -20.719  23.826 0.5000000000
16269  52.627  -22.104  24.230 0.5000000000
16607  52.947  -19.946  21.157 0.1000000015
16605  52.689  -20.630  21.775 0.1000000015
59766  53.146  -20.126  22.815 0.4000000060
16273  52.831  -21.604  23.685 0.5000000000
16603  52.793  -21.219  22.450 0.3000000119
16600  52.968  -20.983  23.175 0.4000000060
49780  48.661  -17.943  29.996 0.8000000119
17544  48.818  -18.763  30.057 0.8000000119
50776  48.064  -16.388  28.689 0.6999999881
17543  49.317  -18.377  29.536 0.8000000119
17221  49.331  -19.173  29.544 0.8000000119
16911  49.219  -19.936  29.392 0.6999999881
49778  48.909  -16.867  28.726 0.8000000119
17546  49.871  -18.789  29.077 0.8000000119
17225  49.845  -19.579  29.009 0.6999999881
16914  50.385  -19.986  28.483 0.6999999881
16587  49.552  -21.098  28.545 0.6999999881
16918  50.903  -20.393  27.932 0.8000000119
16593  51.765  -21.133  26.681 0.6999999881
16948  51.540  -20.337  16.912 0.1000000015
54899  52.457  -20.127  19.820 0.1000000015
16935  53.624  -19.220  20.591 0.1000000015
16930  53.536  -19.389  21.647 0.1000000015
18879  55.138  -14.881  18.589 0.4000000060
61322  48.511  -16.305  27.876 0.6999999881
17876  49.183  -17.589  29.291 0.8000000119
51740  49.358  -16.475  27.898 0.8000000119
53154  49.837  -18.006  28.945 0.8000000119
17545  50.339  -18.427  28.633 0.8000000119
52895  54.184  -18.673  23.750 0.6000000238
17235  53.797  -19.131  24.186 0.6000000238
17880  49.688  -17.235  28.565 0.8000000119
17879  50.442  -17.671  28.208 0.8000000119
17224  50.423  -19.152  28.594 0.8000000119
17555  54.055  -18.355  24.274 0.6999999881
53915  51.126  -17.760  27.685 0.8000000119
17548  50.965  -18.555  28.089 0.8999999762
17228  50.981  -19.535  28.070 0.8000000119
17547  51.570  -18.291  27.411 0.8999999762
17227  51.490  -19.107  27.544 0.8999999762
52571  52.342  -18.938  26.488 0.8999999762
17230  51.896  -19.486  26.977 0.8000000119
16630  52.831  -18.570  14.877 0.1000000015
16954  51.753  -19.628  16.239 0.1000000015
17233  52.704  -19.315  25.970 0.8000000119
53176  52.281  -19.793  26.385 0.8000000119
17238  53.773  -19.266  23.293 0.5000000000
17237  54.429  -18.432  23.172 0.6000000238
16626  52.056  -19.725  17.171 0.1000000015
16620  52.577  -19.472  17.981 0.1000000015
16926  53.341  -19.881  23.976 0.5000000000
17562  54.835  -18.171  22.594 0.6000000238
55052  55.825  -17.966  15.434 0.1000000015
16952  55.671  -18.042  16.660 0.1000000015
17564  54.838  -18.363  22.139 0.6000000238
17244  54.501  -18.715  21.220 0.2000000030
17240  55.056  -18.281  21.471 0.5000000000
60288  56.522  -17.823  16.627 0.1000000015
16942  55.974  -18.030  18.083 0.1000000015
58451  56.044  -18.037  18.199 0.1000000015
17250  55.481  -18.251  19.491 0.1000000015
16934  54.629  -18.641  20.061 0.1000000015
17249  55.966  -18.267  18.877 0.1000000015
17247  55.298  -18.313  20.078 0.2000000030
17243  55.156  -18.332  20.723 0.2000000030
17566  55.586  -17.710  20.337 0.3000000119
17899  55.461  -17.375  20.882 0.3000000119
18236  55.565  -16.708  19.593 0.4000000060
19205  55.049  -13.920  18.146 0.3000000119
19530  54.884  -12.972  17.712 0.4000000060
50591  49.907  -16.117  27.056 0.6999999881
18213  50.164  -16.815  27.774 0.6999999881
17883  50.919  -16.937  27.428 0.8999999762
18215  51.505  -16.514  26.919 0.8999999762
17887  53.460  -17.105  25.254 0.8000000119
17891  53.916  -17.023  24.602 0.8000000119
17890  54.205  -17.613  24.163 0.8000000119
17882  51.679  -17.393  27.101 0.8999999762
53792  53.825  -17.810  24.825 0.8000000119
17558  54.422  -18.066  23.668 0.6999999881
17551  52.104  -18.164  26.794 0.8999999762
17553  53.302  -17.983  25.483 0.8000000119
61610  52.715  -18.802  26.071 0.8999999762
16924  52.622  -20.080  25.765 0.6999999881
53241  53.579  -18.764  24.973 0.6999999881
17557  54.781  -17.877  23.062 0.6999999881
16625  52.855  -18.921  16.396 0.1000000015
17236  53.358  -19.684  24.706 0.5000000000
56714  53.867  -18.269  15.741 0.1000000015
17561  55.074  -17.758  22.473 0.6999999881
16623  54.965  -18.067  15.813 0.1000000015
60597  55.036  -18.185  16.843 0.1000000015
16943  55.037  -18.405  18.857 0.1000000015
17563  55.142  -18.002  22.029 0.6000000238
16947  55.419  -18.207  17.893 0.1000000015
16938  55.699  -18.149  18.878 0.1000000015
53521  55.368  -17.781  21.334 0.4000000060
18234  55.318  -16.812  20.517 0.3000000119
18552  55.063  -16.072  19.865 0.5000000000
18880  54.783  -15.110  19.329 0.5000000000
19206  54.797  -14.332  18.774 0.4000000060
19855  55.302  -12.180  17.071 0.5000000000
18216  50.620  -16.165  27.212 0.8000000119
18220  52.455  -16.614  26.207 0.8999999762
18537  52.333  -15.801  25.935 0.8999999762
18536  52.730  -15.569  25.295 0.8999999762
18219  52.958  -16.406  25.618 0.8000000119
18223  53.437  -16.222  24.890 0.8000000119
17888  52.923  -17.270  25.898 0.8000000119
17885  52.333  -17.395  26.482 0.8999999762
17893  54.557  -17.370  23.510 0.6999999881
18225  54.644  -16.843  23.017 0.6999999881
59787  54.923  -17.399  22.819 0.6999999881
16619  53.683  -18.858  18.253 0.1000000015
18230  54.946  -17.011  22.484 0.6999999881
17895  55.174  -17.383  22.233 0.6999999881
16624  54.096  -18.476  17.033 0.1000000015
16614  53.989  -18.795  18.865 0.1000000015
16618  54.794  -18.365  17.658 0.1000000015
16939  54.771  -18.552  19.538 0.1000000015
18229  55.087  -16.912  21.829 0.6999999881
17898  55.358  -17.387  21.625 0.6000000238
18231  55.100  -16.677  21.173 0.6999999881
18550  54.845  -16.174  20.694 0.6000000238
20210  55.679  -11.078  16.843 0.5000000000
53689  56.458  -9.983  16.590 0.3000000119
20213  56.101  -10.785  16.671 0.3000000119
19179  49.654  -13.625  26.004 0.5000000000
49775  49.755  -15.105  26.323 0.6999999881
18531  50.534  -15.376  26.787 0.6000000238
18530  50.970  -15.501  26.873 0.6000000238
18854  51.221  -14.797  26.522 0.8000000119
18857  51.757  -15.293  26.272 0.8999999762
18856  51.999  -14.827  25.646 0.8999999762
18534  51.424  -15.720  26.724 0.8999999762
18859  52.440  -14.760  25.004 0.8999999762
18533  51.943  -16.110  26.486 0.8999999762
18539  53.553  -15.809  24.336 0.8000000119
18217  51.998  -16.795  26.656 0.8999999762
18861  53.244  -15.156  23.986 0.8999999762
18542  53.830  -15.942  23.760 0.8000000119
53354  54.223  -17.020  24.051 0.8000000119
17550  52.703  -18.186  26.136 0.8000000119
18226  54.255  -16.648  23.628 0.8000000119
54305  53.048  -18.761  25.683 0.8000000119
18865  53.632  -15.434  23.159 0.8000000119
18541  54.159  -16.191  23.086 0.6999999881
17232  53.080  -19.488  25.386 0.6000000238
18864  53.994  -15.741  22.541 0.6999999881
18868  54.083  -15.699  21.806 0.6999999881
16611  53.670  -19.040  19.666 0.1000000015
18548  54.681  -16.264  21.476 0.6999999881
18873  54.241  -15.643  20.951 0.6999999881
18877  54.487  -15.493  20.149 0.6999999881
19527  54.574  -13.634  18.508 0.6000000238
19200  54.390  -14.250  19.234 0.6999999881
52097  56.137  -10.271  16.750 0.5000000000
50357  50.551  -14.363  26.442 0.5000000000
50536  50.896  -14.814  26.629 0.6000000238
19182  51.570  -13.627  25.801 0.8999999762
19185  51.968  -14.042  25.269 0.8999999762
19189  52.230  -13.884  24.733 0.8999999762
19511  52.084  -12.800  24.789 0.8999999762
18862  52.715  -14.714  24.499 0.8999999762
54663  52.263  -13.458  24.252 0.8999999762
19188  52.650  -14.263  24.056 0.8999999762
19515  52.101  -12.643  24.006 0.8999999762
52716  53.006  -14.599  23.232 0.8999999762
19191  52.424  -13.689  23.487 0.8999999762
19194  52.752  -13.965  22.383 0.8000000119
19193  53.182  -14.412  21.580 0.6999999881
54589  53.717  -14.992  21.296 0.6999999881
59522  53.998  -14.903  20.466 0.6999999881
61908  54.296  -14.791  19.803 0.6999999881
19853  54.309  -12.852  18.134 0.8000000119
19856  54.931  -12.004  17.286 0.6000000238
20532  55.898  -10.147  16.851 0.5000000000
20537  56.642  -9.125  16.553 0.4000000060
20535  56.118  -9.556  16.875 0.5000000000
19186  51.862  -13.086  25.293 0.8000000119
19841  52.116  -11.851  24.827 1.0000000000
19517  52.227  -13.042  22.890 1.0000000000
19520  52.459  -13.224  21.968 0.8999999762
20895  53.480  -9.711  16.935 1.0000000000
20530  53.352  -10.530  17.428 0.8999999762
19519  52.902  -13.696  21.313 0.6999999881
56208  54.435  -8.584  16.490 0.8999999762
20207  53.286  -11.296  18.101 0.8999999762
59797  52.584  -11.469  19.102 0.8999999762
53511  52.995  -12.016  18.929 0.8999999762
19197  53.463  -14.268  20.770 0.6999999881
20894  54.563  -9.640  16.784 0.8999999762
19201  53.872  -14.197  19.902 0.6999999881
21219  55.354  -7.241  16.652 0.8000000119
55046  53.948  -13.550  19.096 0.8000000119
20898  55.572  -8.533  16.732 0.8000000119
53825  55.385  -9.611  16.828 0.8000000119
20529  54.526  -10.612  17.068 0.8000000119
20206  54.054  -11.875  17.747 0.8999999762
19851  53.469  -12.776  18.937 0.8000000119
54700  55.854  -9.180  16.930 0.6999999881
20897  56.049  -8.010  16.942 0.6000000238
20533  55.528  -10.068  16.895 0.6999999881
20211  55.183  -10.956  16.946 0.6000000238
19512  52.004  -12.069  25.378 0.6999999881
20197  52.229  -11.089  24.849 0.6999999881
20196  52.063  -11.626  24.163 0.8999999762
19843  51.999  -12.143  23.252 1.0000000000
19845  52.109  -12.517  22.160 1.0000000000
19522  52.496  -12.921  21.109 1.0000000000
21215  54.062  -7.070  16.349 0.8000000119
20526  52.502  -10.922  18.713 1.0000000000
19847  52.707  -12.513  20.023 1.0000000000
19525  53.218  -13.433  20.137 0.8999999762
21549  54.499  -5.318  17.084 0.8000000119
21548  55.266  -5.896  16.899 0.8000000119
21554  55.904  -6.187  16.931 0.6999999881
21218  55.826  -7.162  16.943 0.6999999881
20899  56.433  -8.713  16.736 0.6000000238
55492  56.528  -7.971  16.649 0.6000000238
21877  53.585  -4.795  17.489 0.6000000238
22261  53.835  -3.876  18.293 0.6000000238
54868  52.002  -10.923  24.093 0.8999999762
51427  51.758  -11.088  22.967 0.8999999762
58870  53.284  -5.978  16.595 0.8999999762
21216  51.867  -7.805  16.679 0.8999999762
21212  51.419  -9.590  18.262 0.8000000119
20892  51.473  -10.289  19.502 0.8999999762
20524  51.713  -10.989  20.859 0.8999999762
20201  51.766  -11.311  21.755 1.0000000000
54749  51.879  -11.726  22.505 0.8999999762
20527  51.798  -10.737  19.663 1.0000000000
20204  51.989  -11.438  20.738 1.0000000000
21884  54.872  -4.031  18.083 0.6999999881
21211  52.830  -9.027  16.759 0.8999999762
20891  52.242  -10.256  18.084 1.0000000000
20523  52.104  -11.213  19.852 1.0000000000
20203  52.352  -11.789  19.968 1.0000000000
21883  55.311  -4.856  17.466 0.8000000119
21888  55.826  -5.136  17.299 0.6999999881
21887  56.184  -5.450  17.118 0.8000000119
21553  56.309  -6.282  16.841 0.6999999881
21221  56.427  -7.244  16.679 0.6999999881
21556  56.696  -6.336  16.569 0.6000000238
20887  50.740  -9.867  21.954 0.4000000060
21209  50.583  -8.904  18.807 0.6999999881
21208  50.907  -9.990  20.431 0.6999999881
20886  51.193  -10.306  22.362 0.6999999881
20520  51.644  -10.610  23.388 0.6000000238
21545  52.064  -5.804  16.960 0.8000000119
20889  51.362  -10.562  20.876 0.6999999881
20522  51.516  -10.799  22.105 0.8000000119
22254  54.453  -3.227  18.878 0.3000000119
22265  55.710  -4.242  17.865 0.5000000000
21891  56.531  -5.298  16.981 0.6999999881
21893  57.188  -5.492  16.292 0.6000000238
49765  50.227  -9.457  20.800 0.3000000119
21546  50.655  -7.338  17.447 0.6000000238
21878  52.362  -4.262  17.858 0.4000000060
22260  55.635  -3.559  18.426 0.5000000000
22651  55.303  -3.042  18.935 0.5000000000
23058  54.780  -2.682  19.277 0.3000000119
22654  55.915  -3.060  18.765 0.5000000000
22269  56.065  -3.654  18.171 0.6000000238
22659  56.370  -3.060  18.416 0.6999999881
22268  56.213  -4.527  17.530 0.6999999881
22658  56.442  -3.774  17.819 0.6000000238
60059  56.700  -3.858  17.490 0.6000000238
22272  56.605  -4.408  17.314 0.6999999881
22274  56.894  -4.245  17.002 0.6000000238
60668  56.832  -4.853  16.923 0.6999999881
21894  56.915  -5.461  16.616 0.6999999881
22664  57.100  -4.393  16.481 0.6000000238
22273  57.071  -4.910  16.592 0.6000000238
22277  57.278  -4.992  16.087 0.6000000238
21559  57.034  -6.009  16.335 0.6000000238
22279  57.403  -4.840  15.373 0.5000000000
23064  55.717  -2.654  19.169 0.3000000119
23065  55.221  -2.392  19.399 0.3000000119
23069  56.108  -2.597  19.016 0.4000000060
22668  57.223  -4.087  15.952 0.4000000060
22671  57.217  -3.912  15.188 0.4000000060
23485  56.389  -1.927  18.729 0.4000000060
61452  56.580  -2.244  18.357 0.3000000119
23488  56.692  -2.320  17.782 0.3000000119
23071  56.702  -2.719  18.154 0.4000000060
13918  31.209  -27.543  34.653 0.4000000060
14603  31.643  -25.613  37.080 0.6000000238
16867  28.308  -21.094  40.911 0.2000000030
16203  27.584  -22.526  41.275 0.3000000119
15538  27.045  -23.434  41.007 0.5000000000
16210  28.786  -21.809  40.983 0.2000000030
15249  27.208  -23.694  40.266 0.5000000000
15872  28.089  -22.879  40.419 0.6000000238
16920  52.195  -20.615  26.220 0.6000000238
16923  52.919  -20.271  25.123 0.5000000000
17241  54.394  -18.750  21.916 0.5000000000
17239  54.378  -18.683  22.593 0.6000000238
16932  53.861  -19.111  21.018 0.1000000015
54636  53.707  -19.321  22.409 0.5000000000
16615  52.463  -19.752  19.184 0.1000000015
16608  53.541  -19.229  20.172 0.1000000015
13846  13.407  -28.350  44.362 0.1000000015
13474  13.971  -29.207  44.093 0.1000000015
13472  15.220  -29.743  44.409 0.2000000030
53585  15.234  -28.708  44.652 0.2000000030
13478  16.245  -30.074  43.582 0.2000000030
14917  15.558  -27.057  42.776 0.3000000119
11237  28.673  -37.179  34.464 0.1000000015
16528  20.858  -21.843  38.356 0.4000000060
14258  24.225  -28.416  42.574 0.4000000060
52563  21.633  -28.196  41.678 0.4000000060
59653  24.730  -25.326  42.870 0.4000000060
16540  25.420  -22.109  40.592 0.4000000060
14943  30.612  -24.192  37.923 0.6000000238
56239  24.946  -25.799  42.833 0.5000000000
11250  36.951  -36.980  30.141 0.1000000015
16544  28.823  -21.324  40.879 0.3000000119
61273  30.725  -21.267  38.521 0.2000000030
15867  27.593  -22.832  41.027 0.4000000060
13917  31.886  -28.064  35.791 0.4000000060
16866  28.713  -20.875  40.568 0.2000000030
54649  30.481  -34.332  29.442 0.2000000030
12527  34.775  -31.265  31.984 0.2000000030
53326  38.311  -29.668  30.924 0.2000000030
12521  34.668  -30.972  33.159 0.2000000030
61756  36.921  -20.170  32.016 0.8000000119
13952  40.315  -28.756  32.116 0.4000000060
14312  41.213  -27.937  32.593 0.4000000060
49787  43.040  -22.151  31.442 0.6999999881
12547  44.967  -31.536  28.755 0.1000000015
12554  45.304  -32.143  27.956 0.1000000015
14322  43.767  -28.484  31.569 0.5000000000
13949  42.746  -28.784  32.191 0.5000000000
13575  43.764  -29.949  30.877 0.3000000119
56204  45.500  -28.763  28.548 0.2000000030
57139  46.193  -19.717  31.648 0.8000000119
15919  46.783  -22.014  28.537 0.6999999881
15612  53.120  -24.623  22.483 0.2000000030
15304  52.677  -24.513  23.842 0.2000000030
50547  47.326  -18.342  31.194 0.6999999881
15928  48.599  -22.741  27.095 0.6999999881
15594  48.674  -23.015  26.498 0.5000000000
15609  53.057  -24.086  23.434 0.3000000119
15942  53.121  -23.998  21.359 0.1000000015
15306  51.785  -24.695  24.139 0.1000000015
15926  50.396  -22.757  27.131 0.6000000238
16268  51.853  -22.699  25.855 0.5000000000
16270  52.363  -22.548  24.778 0.4000000060
15934  52.558  -23.027  24.136 0.5000000000
15302  49.298  -23.674  24.402 0.2000000030
51164  48.289  -18.401  30.467 0.8000000119
16953  52.098  -19.107  15.393 0.1000000015
16927  53.044  -20.448  24.468 0.5000000000
16598  52.809  -21.235  24.322 0.5000000000
16602  53.040  -20.061  22.210 0.4000000060
49779  48.477  -17.117  29.542 0.6999999881
53535  51.900  -18.799  27.058 0.8999999762
50819  53.200  -20.174  23.403 0.5000000000
16946  56.059  -18.016  17.171 0.1000000015
54750  56.440  -17.785  17.427 0.1000000015
16931  54.587  -18.669  20.599 0.1000000015
56115  55.394  -18.026  20.811 0.2000000030
17246  55.782  -18.011  19.495 0.1000000015
17569  55.556  -18.026  20.155 0.2000000030
58940  55.844  -17.542  19.616 0.2000000030
18233  55.633  -17.281  20.025 0.3000000119
49776  48.679  -15.954  26.582 0.6000000238
60019  55.260  -17.667  21.968 0.5000000000
55904  55.325  -17.069  21.242 0.4000000060
61213  51.069  -16.165  27.044 0.8000000119
56537  53.077  -15.360  24.694 0.8999999762
18545  54.548  -16.398  22.340 0.6999999881
59241  51.514  -14.479  26.115 0.8999999762
18222  53.921  -16.434  24.235 0.8000000119
18869  53.454  -14.991  22.277 0.6999999881
59145  56.915  -9.534  16.234 0.4000000060
20536  57.159  -8.896  16.057 0.4000000060
19838  52.244  -11.252  25.395 0.6999999881
20199  51.927  -11.446  23.473 0.8000000119
19848  52.083  -12.037  21.173 1.0000000000
22665  57.036  -3.644  16.695 0.6000000238
23473  55.721  -2.259  19.326 0.4000000060
23484  56.451  -2.436  18.714 0.4000000060
23480  56.118  -2.101  19.114 0.5000000000
16211  28.153  -22.057  41.261 0.2000000030
16551  31.290  -20.161  36.323 0.5000000000
16548  30.863  -20.532  37.134 0.4000000060
16874  30.797  -18.704  35.131 0.2000000030
16545  28.249  -21.574  41.199 0.2000000030
16873  31.460  -17.946  34.733 0.4000000060
16870  30.082  -20.405  37.531 0.2000000030
17191  30.277  -18.595  35.163 0.2000000030
17192  28.981  -18.862  36.694 0.2000000030
61516  31.843  -16.453  35.148 0.2000000030
50836  34.486  -17.053  35.906 0.3000000119
17195  33.218  -16.315  35.417 0.3000000119
16537  27.432  -21.949  41.321 0.1000000015
17193  28.224  -18.442  37.962 0.1000000015
17196  31.866  -16.447  35.245 0.2000000030
51358  29.490  -16.308  35.312 0.2000000030
17506  28.264  -17.051  36.981 0.1000000015
51719  33.393  -15.908  36.414 0.2000000030
17504  31.596  -16.146  35.820 0.2000000030
14896  8.068  -25.545  46.681 0.1000000015
15211  7.389  -25.255  46.618 0.1000000015
14905  6.948  -25.730  46.240 0.1000000015
15204  7.911  -24.810  46.861 0.1000000015
14906  6.282  -25.595  45.893 0.1000000015
16546  27.688  -21.291  41.213 0.1000000015
53692  28.767  -20.223  40.077 0.1000000015
17186  28.807  -19.115  39.473 0.1000000015
59334  28.691  -19.637  39.754 0.1000000015
17497  28.838  -16.769  37.889 0.1000000015
17498  28.944  -17.748  39.200 0.1000000015
53219  31.287  -15.447  36.886 0.2000000030
17505  29.992  -15.368  37.834 0.1000000015
17510  34.490  -16.345  37.354 0.2000000030
17511  32.957  -15.747  36.725 0.2000000030
17503  32.452  -15.505  37.185 0.2000000030
17496  29.547  -15.747  38.912 0.1000000015
15212  6.691  -25.005  46.290 0.1000000015
15506  8.412  -24.295  46.856 0.1000000015
15203  8.551  -25.105  46.783 0.1000000015
15202  9.025  -24.699  46.630 0.1000000015
16858  26.917  -21.508  41.302 0.1000000015
61847  27.358  -21.075  41.035 0.1000000015
55457  26.786  -20.953  40.559 0.1000000015
16868  27.497  -20.673  40.481 0.1000000015
17188  28.071  -20.386  40.253 0.1000000015
16885  37.167  -18.638  35.385 0.3000000119
17203  36.810  -18.123  35.952 0.3000000119
17499  29.509  -18.700  39.359 0.1000000015
17500  28.635  -19.351  39.716 0.1000000015
17198  35.708  -17.647  36.079 0.3000000119
53341  29.073  -16.468  39.310 0.1000000015
55479  29.153  -17.386  39.665 0.1000000015
51996  35.400  -17.173  36.860 0.3000000119
17199  34.505  -16.581  36.596 0.3000000119
54205  33.940  -16.026  37.561 0.1000000015
54383  32.000  -15.386  38.266 0.1000000015
15507  7.838  -24.199  46.843 0.1000000015
15508  7.246  -24.407  46.653 0.1000000015
59043  16.486  -21.464  37.779 0.3000000119
15214  5.307  -24.855  45.297 0.1000000015
15504  9.485  -24.224  46.176 0.1000000015
54291  15.281  -22.309  38.798 0.3000000119
15842  10.823  -23.993  44.938 0.1000000015
60209  26.305  -21.937  41.424 0.1000000015
15847  13.906  -23.716  41.992 0.3000000119
15511  12.116  -24.453  44.512 0.1000000015
16859  26.351  -21.549  41.022 0.1000000015
17189  27.882  -19.906  39.705 0.1000000015
17201  36.451  -18.037  36.198 0.4000000060
17843  33.170  -15.716  37.844 0.1000000015
61897  31.252  -15.250  38.917 0.1000000015
18174  31.359  -15.240  39.542 0.1000000015
17835  29.834  -15.507  39.557 0.1000000015
15505  8.895  -24.045  46.617 0.1000000015
54842  6.475  -24.144  46.017 0.1000000015
15213  5.980  -24.885  45.801 0.1000000015
15503  10.169  -24.083  45.486 0.1000000015
59206  4.782  -24.747  44.830 0.1000000015
15509  13.280  -24.371  43.487 0.1000000015
15510  12.813  -24.668  44.207 0.1000000015
15846  14.673  -23.291  40.755 0.2000000030
16860  25.795  -21.525  40.465 0.1000000015
16187  16.146  -20.454  39.429 0.3000000119
16182  14.866  -21.103  39.826 0.3000000119
61378  25.438  -20.885  39.209 0.1000000015
16512  17.057  -19.654  41.418 0.3000000119
55921  26.058  -20.977  39.972 0.1000000015
17517  36.485  -17.804  36.401 0.2000000030
17182  25.104  -19.932  38.346 0.1000000015
17520  36.897  -18.175  35.866 0.2000000030
17516  36.609  -17.720  36.473 0.2000000030
17181  26.036  -20.118  39.020 0.1000000015
51318  36.157  -17.513  36.861 0.2000000030
17180  26.991  -20.151  39.532 0.1000000015
17514  35.796  -17.608  36.903 0.2000000030
17490  27.458  -19.323  38.682 0.1000000015
17501  28.276  -19.082  39.261 0.1000000015
17838  28.909  -18.242  39.547 0.1000000015
17837  29.261  -17.986  40.000 0.1000000015
17836  29.176  -16.113  39.272 0.1000000015
17844  32.688  -15.502  38.693 0.1000000015
18175  30.758  -15.089  39.707 0.1000000015
18173  31.938  -15.331  39.188 0.1000000015
51655  8.560  -23.551  46.649 0.1000000015
15837  7.583  -23.817  46.674 0.1000000015
15836  8.059  -23.671  46.745 0.1000000015
15843  7.128  -23.658  46.287 0.1000000015
61780  9.551  -23.302  45.683 0.1000000015
15514  5.724  -24.214  45.366 0.1000000015
16522  3.411  -21.801  42.889 0.1000000015
53217  10.673  -23.184  44.524 0.1000000015
16190  2.651  -22.501  43.272 0.1000000015
16176  11.684  -22.330  43.032 0.1000000015
15223  4.139  -24.950  44.355 0.1000000015
58550  3.361  -24.839  43.770 0.1000000015
16531  1.165  -22.455  43.342 0.1000000015
16184  13.289  -22.502  41.700 0.2000000030
16183  13.849  -21.857  40.668 0.2000000030
16515  13.245  -20.648  41.140 0.2000000030
16861  24.933  -21.313  39.154 0.1000000015
16844  18.100  -19.440  41.773 0.3000000119
16513  15.791  -20.049  41.232 0.2000000030
16514  14.470  -20.194  41.026 0.2000000030
16837  16.577  -19.099  42.857 0.2000000030
17183  24.018  -19.904  37.350 0.1000000015
16835  18.294  -18.886  43.089 0.3000000119
59318  17.971  -18.548  43.858 0.2000000030
17524  37.244  -18.273  35.247 0.3000000119
55044  37.359  -18.746  33.901 0.3000000119
17206  37.270  -18.970  35.206 0.3000000119
52650  35.695  -17.174  37.136 0.3000000119
17492  24.897  -18.784  36.916 0.1000000015
17491  26.244  -18.771  37.883 0.1000000015
17509  34.928  -16.831  37.289 0.3000000119
18170  28.959  -16.755  39.284 0.1000000015
17839  28.070  -17.898  38.916 0.1000000015
17830  27.661  -18.014  37.355 0.1000000015
61091  26.238  -17.677  36.233 0.1000000015
18168  29.814  -15.254  39.570 0.1000000015
61102  29.137  -16.937  39.524 0.1000000015
18167  30.346  -15.109  39.788 0.1000000015
18169  29.344  -15.723  39.538 0.1000000015
18160  28.931  -15.363  39.283 0.1000000015
60703  28.596  -15.831  38.846 0.1000000015
15835  9.010  -23.443  46.269 0.1000000015
16517  4.395  -21.749  42.476 0.1000000015
15834  10.162  -23.177  45.057 0.1000000015
16177  10.937  -22.497  43.823 0.1000000015
16198  1.889  -22.722  43.401 0.1000000015
16189  3.516  -22.837  43.060 0.1000000015
16520  18.705  -20.184  40.318 0.3000000119
16175  12.672  -21.517  41.902 0.1000000015
15521  3.708  -24.213  43.820 0.1000000015
16519  19.262  -20.018  40.544 0.3000000119
16504  13.172  -20.101  42.442 0.2000000030
16843  18.761  -19.279  42.010 0.3000000119
16862  23.260  -20.730  37.574 0.2000000030
16842  19.195  -19.214  41.901 0.3000000119
17163  17.171  -18.455  44.110 0.2000000030
17184  22.162  -19.151  37.761 0.1000000015
17169  18.814  -18.775  43.083 0.1000000015
17162  18.433  -18.500  43.822 0.2000000030
17475  17.885  -18.213  44.287 0.1000000015
17168  19.176  -18.743  42.830 0.1000000015
17161  18.898  -18.479  43.605 0.1000000015
17529  37.575  -18.352  32.637 0.3000000119
17523  37.456  -17.862  34.232 0.3000000119
54289  37.015  -17.902  35.978 0.3000000119
17846  35.778  -17.125  37.161 0.3000000119
58603  20.143  -18.653  41.826 0.1000000015
53630  19.466  -18.421  42.994 0.1000000015
52427  37.920  -17.540  31.392 0.2000000030
17847  35.187  -16.750  37.350 0.3000000119
17493  23.535  -18.046  36.952 0.1000000015
59790  37.647  -17.541  33.195 0.3000000119
17842  34.611  -16.300  37.714 0.2000000030
59562  33.991  -15.999  38.040 0.1000000015
53042  26.536  -16.124  37.030 0.1000000015
54593  28.032  -16.098  37.690 0.1000000015
18161  28.006  -14.996  39.045 0.1000000015
18162  26.814  -15.106  38.871 0.1000000015
18480  30.711  -15.008  39.909 0.1000000015
18481  30.165  -14.923  39.959 0.1000000015
18482  29.587  -14.866  39.867 0.1000000015
18474  28.009  -14.496  40.027 0.1000000015
18473  28.935  -14.700  39.813 0.1000000015
16172  8.690  -22.843  46.233 0.1000000015
16174  7.709  -23.165  46.323 0.1000000015
16170  9.633  -22.114  45.134 0.1000000015
16181  6.674  -22.902  44.794 0.1000000015
16516  5.417  -21.790  42.567 0.1000000015
16178  10.243  -22.172  44.536 0.1000000015
16186  5.046  -22.649  43.342 0.1000000015
16188  4.236  -22.698  43.017 0.1000000015
15518  4.541  -24.088  44.332 0.1000000015
15849  5.330  -23.561  44.481 0.1000000015
15853  4.003  -23.448  43.583 0.1000000015
15522  2.847  -24.159  43.491 0.1000000015
16838  15.372  -19.356  42.564 0.2000000030
16825  15.008  -18.916  43.801 0.2000000030
16850  21.117  -20.111  39.418 0.3000000119
16824  16.074  -18.659  43.991 0.2000000030
17149  17.107  -18.043  44.706 0.2000000030
17175  21.698  -19.669  38.667 0.1000000015
16841  19.682  -19.153  41.634 0.1000000015
54726  18.474  -18.253  44.037 0.1000000015
17527  39.141  -17.455  29.058 0.3000000119
17855  37.522  -17.161  34.244 0.3000000119
18181  34.678  -16.222  37.700 0.2000000030
17488  20.670  -18.043  41.507 0.1000000015
17860  38.441  -16.578  30.462 0.3000000119
17861  37.863  -16.685  32.563 0.2000000030
17494  22.498  -17.991  38.275 0.1000000015
18195  38.517  -15.657  30.802 0.1000000015
18178  33.470  -15.770  38.295 0.1000000015
17831  24.951  -16.737  37.067 0.1000000015
16506  10.791  -21.066  44.103 0.1000000015
16505  11.280  -20.798  43.529 0.1000000015
15854  3.186  -23.480  43.341 0.1000000015
16852  19.725  -20.141  40.206 0.3000000119
55387  12.103  -20.681  42.720 0.1000000015
16827  13.122  -19.554  43.755 0.1000000015
16851  20.294  -20.178  39.760 0.3000000119
16826  14.010  -19.232  43.654 0.2000000030
17152  14.589  -18.600  44.777 0.1000000015
60335  14.817  -18.066  45.483 0.2000000030
17151  15.503  -18.342  44.854 0.2000000030
17464  15.673  -18.298  45.236 0.2000000030
17150  16.391  -18.170  44.813 0.2000000030
17487  21.504  -18.222  39.695 0.1000000015
17482  19.063  -18.101  43.769 0.1000000015
17481  19.967  -17.932  42.610 0.1000000015
17859  40.324  -16.123  28.938 0.3000000119
18194  40.040  -14.829  28.917 0.1000000015
17832  24.039  -17.003  38.295 0.1000000015
16499  10.214  -21.246  44.832 0.1000000015
16497  11.767  -20.143  44.697 0.1000000015
16828  12.315  -19.767  44.187 0.1000000015
17850  36.285  -17.127  36.992 0.2000000030
17463  16.405  -17.892  45.030 0.1000000015
60956  20.324  -19.376  40.732 0.2000000030
52518  17.217  -17.971  44.845 0.1000000015
17176  20.830  -19.001  40.375 0.1000000015
17867  41.714  -17.482  28.335 0.3000000119
18196  37.948  -15.920  32.744 0.1000000015
17866  42.800  -16.545  29.410 0.1000000015
18193  42.265  -15.189  28.890 0.1000000015
17865  43.961  -17.079  30.904 0.2000000030
18202  43.651  -15.767  30.410 0.2000000030
18507  41.437  -13.885  29.438 0.1000000015
50954  43.923  -15.012  31.157 0.1000000015
18512  43.234  -13.968  30.187 0.1000000015
18508  39.090  -14.413  30.250 0.1000000015
50487  45.088  -17.917  32.047 0.5000000000
52880  43.788  -14.500  31.155 0.1000000015
18506  43.268  -14.630  29.904 0.1000000015
17869  45.387  -17.259  32.076 0.4000000060
18513  41.799  -12.625  29.134 0.1000000015
18177  34.079  -16.008  37.980 0.1000000015
61442  17.558  -17.928  44.577 0.1000000015
18190  37.687  -16.341  33.969 0.1000000015
51977  38.168  -15.139  32.060 0.1000000015
17833  22.991  -16.902  39.053 0.1000000015
17826  21.978  -16.935  40.015 0.1000000015
17864  44.667  -17.170  31.935 0.3000000119
51976  44.439  -16.899  31.743 0.3000000119
18201  44.238  -16.034  31.566 0.1000000015
18511  44.004  -15.249  31.781 0.1000000015
18829  39.557  -13.370  30.102 0.1000000015
17870  44.877  -17.250  32.088 0.4000000060
18835  44.230  -15.069  32.008 0.1000000015
54262  43.979  -14.273  31.441 0.1000000015
18836  43.790  -13.551  30.350 0.1000000015
18163  25.565  -15.476  38.923 0.1000000015
18205  45.636  -16.464  31.997 0.2000000030
19150  44.051  -14.687  31.778 0.1000000015
18519  46.218  -15.709  30.937 0.3000000119
18520  45.703  -15.684  31.591 0.2000000030
17856  37.280  -17.589  35.339 0.2000000030
59871  31.704  -15.288  39.512 0.1000000015
18200  44.588  -16.172  32.055 0.2000000030
59631  44.785  -16.576  32.129 0.2000000030
18199  44.759  -16.026  32.281 0.2000000030
18510  44.564  -15.491  32.147 0.1000000015
61146  44.974  -16.050  32.296 0.2000000030
18516  44.750  -15.577  32.197 0.1000000015
18834  44.539  -15.051  31.985 0.1000000015
18515  45.154  -15.704  32.126 0.2000000030
18841  45.139  -15.056  32.005 0.1000000015
18845  45.659  -14.997  31.041 0.2000000030
19159  44.799  -14.556  31.791 0.1000000015
19481  43.972  -14.034  31.256 0.1000000015
19151  43.563  -13.686  31.034 0.1000000015
19166  45.037  -14.008  30.537 0.2000000030
19167  44.946  -13.993  30.837 0.1000000015
19158  44.942  -14.240  31.344 0.1000000015
60493  44.224  -13.850  31.446 0.1000000015
19160  44.086  -13.960  31.317 0.1000000015
19173  44.336  -12.806  29.431 0.1000000015
19493  44.088  -12.961  30.616 0.1000000015
19489  44.120  -13.460  31.244 0.1000000015
19490  43.679  -13.197  31.223 0.1000000015
17853  37.195  -17.159  36.039 0.2000000030
19482  43.540  -12.945  31.397 0.1000000015
19822  44.038  -11.682  29.870 0.1000000015
53159  43.105  -11.879  30.355 0.1000000015
19494  43.165  -13.007  30.961 0.1000000015
59675  43.749  -13.150  31.347 0.1000000015
19818  43.196  -12.569  31.400 0.1000000015
19817  43.070  -12.311  30.774 0.1000000015
58780  42.673  -12.001  31.375 0.1000000015
18191  37.341  -16.685  35.298 0.1000000015
59492  38.552  -14.282  31.509 0.1000000015
19152  42.308  -12.797  29.904 0.1000000015
19826  43.438  -11.336  28.115 0.1000000015
59302  43.752  -11.147  29.887 0.1000000015
19823  42.794  -11.483  30.625 0.1000000015
20177  42.855  -10.975  31.015 0.1000000015
20170  42.787  -10.839  31.281 0.1000000015
19153  40.475  -11.917  29.659 0.1000000015
19504  50.133  -12.038  26.775 0.4000000060
55668  49.553  -12.062  26.597 0.3000000119
19832  50.270  -11.823  26.786 0.3000000119
54961  47.817  -12.163  25.902 0.2000000030
58412  49.527  -11.863  26.619 0.2000000030
20185  47.557  -11.271  26.543 0.1000000015
53410  44.494  -10.539  27.203 0.1000000015
20180  43.225  -10.682  28.269 0.1000000015
20181  42.606  -10.570  29.626 0.1000000015
20176  42.494  -10.418  30.892 0.1000000015
50818  50.735  -12.037  26.932 0.4000000060
50579  50.651  -12.335  26.760 0.4000000060
20184  48.859  -11.689  26.425 0.1000000015
20186  46.514  -10.682  26.993 0.1000000015
19483  42.836  -12.974  31.022 0.1000000015
57299  51.401  -11.494  26.586 0.4000000060
19835  50.922  -11.474  26.746 0.3000000119
20189  49.833  -11.712  26.615 0.1000000015
19839  52.015  -11.459  25.903 0.6000000238
19828  48.558  -11.599  26.264 0.1000000015
54550  46.153  -10.687  27.175 0.1000000015
20179  44.647  -10.145  27.298 0.1000000015
50289  51.039  -12.065  26.750 0.4000000060
20188  50.561  -11.446  26.662 0.3000000119
52765  47.627  -11.057  26.662 0.1000000015
56135  51.690  -11.654  26.292 0.5000000000
55774  43.495  -9.949  28.719 0.1000000015
49772  51.867  -11.047  26.333 0.4000000060
21561  57.467  -6.345  15.490 0.4000000060
21897  57.419  -5.585  15.713 0.4000000060
21558  57.250  -6.099  15.980 0.5000000000
21223  56.996  -6.771  16.205 0.5000000000
59673  57.256  -7.109  15.768 0.5000000000
20901  57.181  -7.896  16.288 0.5000000000
50529  51.420  -10.893  26.505 0.3000000119
21224  56.722  -7.400  16.463 0.5000000000
61725  57.314  -5.535  16.036 0.5000000000
20902  56.730  -8.286  16.491 0.5000000000
49771  51.834  -10.370  26.230 0.3000000119
20191  50.977  -10.889  26.447 0.3000000119
49770  52.256  -10.703  25.838 0.5000000000
20516  51.385  -10.441  26.351 0.3000000119
20507  49.171  -11.276  26.213 0.1000000015
16878  32.933  -17.181  34.181 0.4000000060
16877  34.491  -17.428  34.809 0.5000000000
16173  8.306  -23.024  46.408 0.1000000015
16502  8.604  -22.297  46.008 0.1000000015
53951  8.812  -22.025  45.738 0.1000000015
15845  6.129  -23.505  45.172 0.1000000015
15517  5.140  -24.306  44.933 0.1000000015
16185  5.911  -22.793  43.955 0.1000000015
16817  13.226  -19.042  44.981 0.1000000015
59553  27.863  -20.882  40.813 0.1000000015
17840  30.552  -15.235  39.251 0.1000000015
15841  11.330  -23.846  44.361 0.1000000015
15512  11.647  -24.638  44.922 0.1000000015
15848  13.487  -23.890  42.685 0.2000000030
15840  11.892  -23.677  43.801 0.1000000015
15839  12.490  -23.544  43.211 0.1000000015
58812  12.316  -22.296  42.527 0.1000000015
15838  12.965  -23.098  42.571 0.1000000015
16503  14.199  -19.701  42.367 0.2000000030
16836  17.621  -18.956  43.067 0.2000000030
16171  9.088  -22.573  45.759 0.1000000015
15844  6.704  -23.445  45.710 0.1000000015
15855  2.330  -23.381  43.379 0.1000000015
17528  38.219  -18.870  30.170 0.3000000119
16511  6.473  -22.038  43.315 0.1000000015
15850  4.666  -23.295  43.776 0.1000000015
16816  13.833  -18.924  44.611 0.1000000015
16818  12.516  -19.185  45.386 0.1000000015
18844  45.824  -14.887  30.112 0.3000000119
18206  45.029  -16.461  32.250 0.2000000030
18840  45.188  -14.805  31.540 0.2000000030
19829  47.021  -11.138  26.402 0.2000000030
16553  32.724  -19.011  34.360 0.5000000000
16554  31.910  -19.544  35.435 0.4000000060
16557  34.139  -17.834  33.479 0.6000000238
60604  32.826  -20.458  35.048 0.6000000238
16560  34.579  -19.027  32.364 0.8000000119
55770  33.098  -20.270  33.877 0.6999999881
52578  32.458  -20.709  35.826 0.6999999881
16229  33.482  -21.298  33.047 0.6999999881
16224  32.920  -21.696  35.627 0.6999999881
16228  34.313  -21.308  32.072 0.6999999881
13574  39.362  -29.390  31.329 0.3000000119
13212  39.278  -29.483  30.064 0.3000000119
13211  40.435  -29.453  30.704 0.3000000119
13572  40.368  -29.235  31.683 0.3000000119
12861  40.504  -29.439  29.134 0.2000000030
13218  41.559  -29.773  30.458 0.3000000119
13210  41.294  -29.525  31.400 0.3000000119
12860  42.055  -29.782  29.464 0.2000000030
13950  42.056  -28.906  32.183 0.3000000119
13571  41.869  -29.403  31.844 0.3000000119
13217  43.502  -30.299  30.105 0.2000000030
13577  42.175  -29.795  31.325 0.3000000119
13576  43.072  -29.842  31.358 0.3000000119
59788  42.971  -30.205  29.770 0.2000000030
53177  42.692  -30.108  30.533 0.2000000030
13570  42.529  -29.419  31.903 0.4000000060
13216  43.400  -30.114  30.656 0.2000000030
17872  46.099  -17.264  31.805 0.3000000119
59781  46.236  -16.446  31.500 0.3000000119
59806  46.713  -16.432  30.952 0.3000000119
15305  52.301  -24.662  24.077 0.1000000015
49773  50.959  -13.968  26.517 0.5000000000
19183  51.178  -13.772  26.299 0.6000000238
23880  56.044  -1.583  19.085 0.2000000030
22255  53.307  -3.264  18.798 0.1000000015
23882  55.068  -0.955  19.420 0.2000000030
23874  55.092  -1.521  19.561 0.2000000030
23474  55.228  -1.958  19.525 0.2000000030
23881  55.535  -1.295  19.322 0.2000000030
23481  55.650  -1.800  19.358 0.2000000030
24285  55.844  -1.087  18.896 0.2000000030
23887  56.253  -1.445  17.862 0.3000000119
23078  57.055  -2.869  16.515 0.4000000060
21879  50.496  -5.564  17.403 0.1000000015
21213  49.951  -8.092  18.628 0.5000000000
22647  53.955  -2.638  19.311 0.1000000015
23059  54.457  -2.231  19.503 0.2000000030
23066  54.796  -2.015  19.591 0.2000000030
23475  54.614  -1.682  19.672 0.1000000015
24280  55.308  -0.823  19.144 0.2000000030
23884  56.220  -1.456  18.546 0.2000000030
22669  57.164  -3.358  16.095 0.4000000060
23080  57.225  -3.442  15.603 0.5000000000
21874  50.753  -4.203  18.057 0.1000000015
54591  55.523  -0.683  18.589 0.1000000015
24288  55.949  -1.026  18.255 0.2000000030
23886  56.534  -1.875  17.438 0.2000000030
23491  56.836  -2.330  17.001 0.2000000030
23081  57.100  -2.785  15.665 0.4000000060
23083  57.068  -3.135  15.023 0.3000000119
22256  51.705  -3.342  18.746 0.1000000015
24294  55.881  -1.198  16.652 0.2000000030
24291  55.926  -1.091  17.512 0.2000000030
24289  55.588  -0.707  17.910 0.2000000030
23890  56.247  -1.496  17.070 0.2000000030
23889  56.578  -1.876  16.617 0.3000000119
23493  56.897  -2.264  16.160 0.3000000119
23468  53.945  -1.937  19.714 0.1000000015
58752  55.148  -0.388  18.209 0.1000000015
24281  54.678  -0.676  19.307 0.1000000015
24292  55.522  -0.832  17.131 0.2000000030
24286  54.963  -0.437  18.855 0.1000000015
53150  55.843  -1.258  15.661 0.2000000030
24295  55.436  -0.985  16.135 0.2000000030
58553  55.228  -0.529  17.576 0.2000000030
24299  55.366  -1.017  14.940 0.2000000030
24722  55.107  -0.238  13.051 0.1000000015
24707  55.266  -0.726  13.821 0.1000000015
24728  54.675  0.929  11.686 0.1000000015
24723  54.756  0.570  12.231 0.1000000015
25139  54.545  1.598  10.824 0.1000000015
22648  52.644  -2.619  19.424 0.1000000015
14907  15.231  -27.084  44.048 0.3000000119
14564  14.949  -27.316  44.635 0.3000000119
14562  15.687  -27.844  43.463 0.4000000060
15519  15.675  -24.784  39.792 0.2000000030
56654  15.502  -26.319  41.515 0.2000000030
15851  16.238  -23.496  38.134 0.2000000030
14908  14.859  -26.715  44.530 0.3000000119
56642  15.179  -26.400  43.111 0.2000000030
15215  14.840  -25.748  43.032 0.2000000030
15222  15.240  -25.681  41.618 0.2000000030
16232  35.153  -21.441  31.617 0.6000000238
15216  14.492  -25.732  43.862 0.2000000030
15852  15.270  -23.901  39.810 0.2000000030
15520  14.909  -24.876  41.446 0.2000000030
16563  35.955  -18.924  32.314 0.6000000238
15516  13.973  -24.909  43.494 0.1000000015
15515  14.379  -24.920  42.564 0.2000000030
16538  26.495  -22.221  41.448 0.3000000119
16882  35.640  -17.833  34.803 0.5000000000
60959  35.448  -17.859  33.607 0.5000000000
16556  36.483  -17.985  34.028 0.6000000238
16562  37.303  -19.292  33.447 0.6000000238
16566  36.922  -19.405  32.374 0.6000000238
16881  36.512  -18.008  35.636 0.4000000060
16892  37.210  -18.688  34.422 0.6000000238
16886  36.919  -18.391  35.344 0.5000000000
16896  37.292  -19.448  33.409 0.6999999881
18184  36.007  -16.800  37.134 0.2000000030
18185  35.952  -15.980  37.065 0.1000000015
18496  36.286  -16.207  36.893 0.1000000015
16891  37.296  -19.293  34.620 0.5000000000
17212  43.596  -19.920  30.646 0.6000000238
61898  43.966  -19.907  31.603 0.4000000060
60546  43.950  -19.076  31.433 0.4000000060
57465  44.413  -18.894  31.817 0.4000000060
17537  44.681  -18.170  31.953 0.4000000060
18523  47.077  -15.798  28.584 0.4000000060
18209  47.649  -16.609  29.692 0.4000000060
20904  57.229  -8.096  15.800 0.2000000030
18526  47.553  -15.938  27.289 0.5000000000
18850  47.209  -15.302  25.496 0.5000000000
49777  48.738  -14.832  25.397 0.4000000060
55946  56.707  -3.329  17.829 0.5000000000
22662  56.852  -3.608  17.318 0.5000000000
19176  47.962  -13.489  25.094 0.4000000060
49774  50.630  -13.225  26.486 0.4000000060
50885  51.303  -12.914  26.221 0.5000000000
20883  51.511  -10.159  23.808 0.4000000060
59277  51.901  -10.450  24.295 0.5000000000
19508  51.658  -12.360  25.917 0.5000000000
50534  52.231  -10.323  25.385 0.4000000060
50456  52.171  -10.564  24.870 0.5000000000
61284  52.343  -10.729  25.313 0.4000000060
50211  51.868  -10.101  24.774 0.4000000060
55465  52.124  -10.185  25.796 0.3000000119
49769  51.906  -10.003  25.393 0.4000000060
49768  51.486  -9.712  24.901 0.4000000060
18883  55.564  -15.411  18.233 0.2000000030
19529  55.244  -13.195  17.463 0.2000000030
59544  55.736  -11.540  16.754 0.3000000119
23075  56.874  -2.965  17.366 0.3000000119
49764  50.313  -9.368  22.314 0.3000000119
18180  35.374  -16.594  37.400 0.2000000030
21899  57.489  -5.709  15.113 0.2000000030
58200  51.345  -12.168  26.446 0.5000000000
50336  49.863  -8.720  19.735 0.4000000060
56544  14.931  -26.299  43.926 0.2000000030
20540  57.061  -9.496  15.891 0.2000000030
55294  57.351  -5.159  14.690 0.2000000030
16890  37.307  -19.385  33.877 0.2000000030
16895  37.343  -19.745  31.958 0.6000000238
17534  40.467  -18.986  28.534 0.3000000119
17208  39.245  -20.566  28.932 0.3000000119
60785  38.062  -19.811  30.266 0.2000000030
18188  36.522  -16.864  36.791 0.1000000015
52340  43.202  -17.695  29.816 0.3000000119
17533  42.750  -18.859  29.244 0.3000000119
17532  43.813  -18.476  30.784 0.3000000119
17531  44.353  -18.003  31.650 0.3000000119
17252  56.342  -17.695  18.125 0.1000000015
15615  53.314  -24.697  21.884 0.1000000015
15309  52.902  -24.795  23.217 0.1000000015
17575  56.645  -17.530  17.159 0.1000000015
17911  57.321  -17.158  15.213 0.1000000015
17574  57.120  -17.283  15.924 0.1000000015
17906  56.557  -17.329  17.730 0.1000000015
17903  56.320  -17.442  18.474 0.1000000015
17571  56.098  -17.750  18.920 0.1000000015
17909  56.794  -16.974  16.878 0.1000000015
18245  57.336  -16.865  15.140 0.1000000015
18247  57.623  -16.602  14.495 0.1000000015
52338  56.949  -14.486  13.970 0.1000000015
18895  56.820  -15.201  14.662 0.1000000015
18568  57.489  -15.380  13.877 0.1000000015
59447  56.324  -14.998  15.389 0.1000000015
18893  56.168  -15.287  16.128 0.1000000015
18564  56.780  -15.883  15.426 0.1000000015
18567  57.351  -16.014  14.554 0.1000000015
18561  56.554  -16.147  16.373 0.1000000015
18562  56.061  -15.558  16.969 0.1000000015
18556  56.443  -16.373  17.220 0.1000000015
18248  57.259  -16.468  15.088 0.1000000015
52856  57.011  -16.600  15.772 0.1000000015
18243  56.805  -16.776  16.623 0.1000000015
18239  56.353  -16.610  17.974 0.1000000015
17902  56.481  -16.835  18.137 0.1000000015
18238  56.628  -16.906  17.468 0.1000000015
18237  56.230  -16.881  18.614 0.1000000015
52893  56.294  -16.728  18.849 0.1000000015
17900  56.094  -17.514  19.075 0.1000000015
17568  55.848  -17.776  19.570 0.1000000015
53576  57.068  -16.999  15.898 0.1000000015
18894  55.974  -14.239  15.921 0.1000000015
19214  55.743  -13.385  16.539 0.1000000015
19216  56.241  -14.102  14.898 0.1000000015
19212  55.524  -13.729  17.190 0.1000000015
18891  55.820  -14.524  16.744 0.1000000015
18887  55.655  -14.829  17.553 0.1000000015
18557  56.012  -15.874  17.750 0.1000000015
18554  55.958  -16.246  18.444 0.1000000015
18235  55.978  -17.180  19.222 0.1000000015
18566  57.937  -16.170  13.767 0.1000000015
19533  55.564  -12.509  16.859 0.1000000015
19208  55.347  -14.032  17.722 0.1000000015
56087  55.354  -14.602  18.078 0.1000000015
18898  57.636  -14.694  13.209 0.1000000015
52245  55.885  -16.629  18.980 0.1000000015
19535  55.810  -12.399  16.428 0.1000000015
19537  55.906  -12.971  15.758 0.1000000015
19858  55.984  -11.489  16.546 0.1000000015
19539  56.116  -12.975  14.851 0.1000000015
54606  56.018  -11.912  16.120 0.1000000015
19860  56.283  -11.066  16.137 0.1000000015
19218  56.551  -13.476  14.077 0.1000000015
19863  56.140  -11.863  15.360 0.1000000015
19538  56.303  -12.414  14.260 0.1000000015
56375  56.325  -10.656  16.501 0.1000000015
19220  57.166  -13.823  13.284 0.1000000015
20215  56.660  -10.160  16.229 0.1000000015
20218  56.539  -10.613  15.570 0.1000000015
61201  56.834  -10.006  15.915 0.1000000015
19862  56.293  -11.317  14.551 0.1000000015
20217  56.864  -9.783  15.564 0.1000000015
19540  56.843  -12.876  13.424 0.1000000015
20539  57.097  -8.973  15.699 0.1000000015
20906  57.139  -8.389  15.189 0.1000000015
55689  57.369  -7.672  15.458 0.1000000015
21226  57.419  -7.100  15.252 0.1000000015
21563  57.382  -6.517  14.844 0.1000000015
54106  57.194  -5.866  14.366 0.1000000015
21902  56.869  -5.020  13.935 0.1000000015
22283  56.250  -4.327  13.466 0.1000000015
22285  55.924  -5.271  13.008 0.1000000015
52688  55.522  -4.370  12.863 0.1000000015
54900  56.801  -4.194  14.027 0.1000000015
22281  57.170  -4.438  14.619 0.1000000015
22673  56.881  -3.563  14.382 0.2000000030
52898  40.970  -21.846  29.017 0.5000000000
17209  37.473  -19.449  31.984 0.2000000030
16894  37.883  -20.769  30.231 0.5000000000
20542  56.776  -9.328  15.025 0.1000000015
53205  57.279  -7.657  14.754 0.1000000015
21229  57.171  -7.306  14.654 0.1000000015
54684  56.499  -3.686  13.687 0.1000000015
14899  11.785  -25.845  45.225 0.1000000015
14554  13.031  -26.588  44.934 0.1000000015
14898  12.635  -25.937  45.047 0.1000000015
14910  13.618  -26.420  44.875 0.2000000030
14909  14.396  -26.696  44.713 0.2000000030
60850  13.980  -26.983  44.856 0.2000000030
14563  15.378  -27.949  44.345 0.3000000119
15206  13.304  -25.416  44.719 0.1000000015
15218  13.888  -25.948  44.689 0.1000000015
14897  13.254  -25.788  44.888 0.1000000015
15205  13.639  -25.249  44.305 0.1000000015
15217  14.135  -25.715  44.304 0.1000000015
55898  14.516  -26.208  44.498 0.1000000015
23495  56.820  -2.142  15.326 0.2000000030
23892  56.575  -1.825  15.761 0.2000000030
18518  46.725  -15.909  30.001 0.3000000119
18843  46.116  -14.834  28.738 0.2000000030
19165  45.126  -13.849  29.085 0.2000000030
18848  46.443  -14.990  27.117 0.4000000060
55128  45.504  -13.806  27.506 0.2000000030
19171  46.151  -13.771  25.781 0.4000000060
19172  44.905  -12.657  28.118 0.1000000015
19497  43.859  -12.097  28.032 0.1000000015
19500  47.011  -12.116  25.700 0.3000000119
19177  46.096  -12.765  27.177 0.2000000030
19496  45.246  -11.875  27.567 0.1000000015
19825  44.980  -11.141  26.822 0.1000000015
19501  46.302  -12.229  27.042 0.1000000015
58211  50.123  -12.593  26.585 0.3000000119
55028  51.005  -12.870  26.529 0.3000000119
19499  49.012  -12.331  26.200 0.3000000119
57414  51.236  -9.647  24.138 0.2000000030
49767  51.011  -9.787  23.126 0.2000000030
49766  50.638  -9.319  23.346 0.2000000030
50459  49.441  -8.641  22.705 0.2000000030
50248  48.322  -7.819  20.101 0.1000000015
57161  47.719  -7.359  21.047 0.1000000015
57165  49.070  -7.840  19.104 0.1000000015
57282  49.291  -8.648  20.957 0.1000000015
21551  49.643  -7.796  18.627 0.1000000015
57283  47.562  -6.732  19.085 0.1000000015
24695  54.974  -0.622  16.746 0.1000000015
23489  56.484  -1.860  18.159 0.2000000030
21880  48.832  -6.209  18.016 0.1000000015
20873  51.088  -10.305  26.043 0.2000000030
50604  50.469  -9.050  23.840 0.2000000030
12797  20.032  -32.343  42.244 0.1000000015
58431  24.483  -32.448  39.390 0.2000000030
13471  15.717  -29.926  44.134 0.1000000015
50815  16.074  -30.750  43.707 0.1000000015
52736  16.801  -30.970  43.030 0.1000000015
13135  19.257  -31.953  42.100 0.1000000015
11562  27.065  -35.799  35.472 0.2000000030
11874  26.336  -35.491  36.017 0.2000000030
11881  26.292  -34.823  35.438 0.2000000030
12189  25.788  -34.684  36.337 0.2000000030
50861  20.764  -31.993  42.005 0.1000000015
12183  24.734  -32.741  38.404 0.2000000030
59332  17.620  -31.462  42.566 0.1000000015
13118  18.244  -32.182  42.645 0.1000000015
13146  21.338  -32.019  41.910 0.1000000015
59902  25.351  -33.793  36.650 0.2000000030
14566  13.756  -27.161  44.813 0.1000000015
14229  15.475  -28.657  44.490 0.1000000015
14230  15.010  -28.134  44.676 0.1000000015
14652  45.746  -25.825  23.488 0.1000000015
14653  45.270  -26.395  24.327 0.1000000015
14656  46.257  -25.477  22.778 0.1000000015
14334  45.168  -28.142  25.179 0.1000000015
14340  46.549  -25.591  22.062 0.1000000015
14341  45.843  -26.789  22.626 0.1000000015
14336  45.548  -27.185  23.343 0.1000000015
14344  46.538  -26.024  21.288 0.1000000015
13979  45.819  -27.374  22.132 0.1000000015
14994  46.289  -24.607  23.879 0.1000000015
60402  47.468  -24.059  23.324 0.1000000015
14347  48.196  -25.048  20.981 0.1000000015
14660  48.218  -24.577  21.902 0.1000000015
14655  47.973  -24.259  22.665 0.1000000015
14998  49.530  -24.009  23.840 0.1000000015
15003  49.880  -24.353  23.190 0.1000000015
14565  14.474  -27.367  44.753 0.1000000015
14331  45.296  -28.670  26.363 0.1000000015
13476  18.396  -31.412  42.052 0.1000000015
14337  45.274  -27.669  24.204 0.1000000015
61205  45.622  -29.321  25.929 0.1000000015
13973  45.590  -28.399  23.188 0.1000000015
13969  45.541  -28.966  24.215 0.1000000015
12191  25.111  -34.196  37.181 0.1000000015
11569  27.853  -36.476  35.214 0.1000000015
12190  25.043  -33.278  37.387 0.1000000015
11863  23.148  -33.460  39.910 0.1000000015
60461  24.842  -33.430  37.777 0.1000000015
11550  23.976  -33.492  38.003 0.1000000015
11870  22.922  -33.421  39.378 0.1000000015
11868  24.683  -33.849  37.560 0.1000000015
12185  24.107  -33.242  38.733 0.1000000015
12184  24.557  -33.421  38.133 0.1000000015
58736  23.684  -33.271  39.000 0.1000000015
11869  24.238  -33.520  38.047 0.1000000015
12544  41.569  -29.616  27.052 0.1000000015
11913  37.336  -34.886  28.270 0.1000000015
12225  38.156  -33.645  26.863 0.1000000015
12537  39.910  -30.079  25.874 0.1000000015
12868  43.539  -30.412  29.474 0.1000000015
12869  42.670  -29.817  28.778 0.1000000015
12226  37.375  -33.647  27.255 0.1000000015
55640  37.513  -32.582  26.117 0.1000000015
12538  38.092  -30.377  26.403 0.1000000015
12536  41.226  -29.394  27.816 0.1000000015
53072  39.713  -29.368  27.273 0.1000000015
12862  38.828  -29.515  28.414 0.1000000015
58617  38.210  -29.716  29.653 0.1000000015
21194  50.170  -9.221  24.491 0.1000000015
20876  51.722  -10.040  25.756 0.1000000015
21535  50.274  -8.830  24.301 0.1000000015
50423  51.504  -9.819  25.320 0.1000000015
61778  51.142  -9.476  24.466 0.1000000015
56724  51.401  -10.124  25.980 0.1000000015
20877  50.962  -9.867  25.411 0.1000000015
20881  51.225  -9.820  25.416 0.1000000015
21198  50.707  -9.369  24.756 0.1000000015
21201  50.946  -9.433  24.821 0.1000000015
23087  56.429  -2.902  13.576 0.1000000015
23089  55.747  -2.368  12.719 0.1000000015
22676  55.777  -3.486  13.009 0.1000000015
25583  56.855  2.213  7.228 0.1000000015
25159  57.090  1.776  7.610 0.1000000015
51872  55.389  -1.219  10.855 0.1000000015
26045  56.221  2.598  6.970 0.1000000015
24315  55.967  -0.304  9.111 0.1000000015
23908  55.553  -0.655  10.123 0.1000000015
23494  56.891  -2.476  14.863 0.1000000015
23085  56.783  -2.733  14.315 0.1000000015
60732  56.259  -2.301  13.246 0.1000000015
25584  56.012  2.142  7.714 0.1000000015
25577  56.565  1.793  7.917 0.1000000015
51255  55.627  -0.996  11.293 0.1000000015
23502  55.650  -1.503  11.975 0.1000000015
23091  55.118  -2.000  11.563 0.1000000015
24748  56.912  1.351  8.081 0.1000000015
24318  56.330  0.150  8.668 0.1000000015
24744  56.735  0.744  8.331 0.1000000015
58328  56.647  -2.000  14.517 0.1000000015
23497  56.645  -2.209  14.236 0.1000000015
23499  56.461  -2.244  13.690 0.1000000015
23500  56.130  -1.758  12.921 0.1000000015
54437  55.847  -1.131  12.121 0.1000000015
60675  55.510  -0.363  10.615 0.1000000015
24316  55.629  -0.202  9.760 0.1000000015
23905  55.567  -0.702  11.111 0.1000000015
51346  56.012  0.487  9.044 0.1000000015
23895  56.508  -1.712  14.913 0.1000000015
23898  56.366  -1.710  13.638 0.1000000015
23902  56.104  -1.328  12.816 0.1000000015
23903  55.840  -1.023  12.105 0.1000000015
24741  55.100  0.717  10.365 0.1000000015
24312  55.506  -0.487  11.321 0.1000000015
24745  56.384  1.017  8.634 0.1000000015
58592  56.332  -1.444  13.986 0.1000000015
23900  56.087  -1.211  13.067 0.1000000015
24309  55.655  -0.680  12.361 0.1000000015
24734  55.234  0.032  11.267 0.1000000015
25156  56.176  1.394  8.536 0.1000000015
25147  55.638  0.926  9.307 0.1000000015
26022  53.610  2.866  10.016 0.1000000015
25578  55.712  1.783  8.426 0.1000000015
58499  55.354  1.547  9.140 0.1000000015
25130  54.780  0.862  11.146 0.1000000015
25148  54.971  1.347  9.887 0.1000000015
24305  56.016  -1.047  13.287 0.1000000015
60040  54.778  1.986  9.135 0.1000000015
24740  55.413  0.108  10.190 0.1000000015
25565  54.418  1.905  10.333 0.1000000015
25569  54.054  2.395  9.972 0.1000000015
24727  55.095  0.044  12.118 0.1000000015
12224  38.622  -32.280  25.581 0.1000000015
21531  50.206  -8.749  24.265 0.1000000015
21204  50.305  -8.861  24.269 0.1000000015
51036  55.923  -0.556  9.095 0.1000000015
25161  57.354  1.864  7.128 0.1000000015
25559  54.506  2.455  10.770 0.1000000015
24301  55.984  -1.150  13.844 0.1000000015
24306  55.672  -0.666  13.065 0.1000000015
25138  54.778  1.281  10.545 0.1000000015
25568  54.597  1.956  9.748 0.1000000015
