#!ascii label  , from subject sub-1015 vox2ras=TkReg
822
54700  55.854  -9.180  16.930 0.0000000000
16244  44.016  -22.229  31.843 0.0000000000
14608  32.580  -26.253  37.320 0.0000000000
14589  25.886  -26.475  41.725 0.0000000000
16231  36.496  -19.651  31.401 0.0000000000
14633  39.453  -27.692  32.813 0.0000000000
18231  55.100  -16.677  21.173 0.0000000000
23080  57.225  -3.442  15.603 0.0000000000
18856  51.999  -14.827  25.646 0.0000000000
16257  49.304  -21.794  28.165 0.0000000000
14324  44.841  -28.189  29.699 0.0000000000
15878  31.559  -22.791  38.907 0.0000000000
14605  29.502  -24.756  36.718 0.0000000000
15872  28.089  -22.879  40.419 0.0000000000
15886  34.634  -24.091  35.991 0.0000000000
20196  52.063  -11.626  24.163 0.0000000000
17532  43.813  -18.476  30.784 0.0000000000
50463  46.393  -18.897  31.705 0.0000000000
17544  48.818  -18.763  30.057 0.0000000000
16251  46.336  -21.404  30.158 0.0000000000
15294  44.935  -24.821  27.409 0.0000000000
15287  43.896  -25.091  31.396 0.0000000000
13564  36.402  -29.756  33.726 0.0000000000
13574  39.362  -29.390  31.329 0.0000000000
21894  56.915  -5.461  16.616 0.0000000000
54106  57.194  -5.866  14.366 0.0000000000
13553  33.641  -29.487  35.789 0.0000000000
13918  31.209  -27.543  34.653 0.0000000000
16239  40.919  -22.290  29.937 0.0000000000
15278  42.066  -25.152  32.422 0.0000000000
15564  36.604  -23.844  32.313 0.0000000000
14620  35.246  -27.329  35.293 0.0000000000
19853  54.309  -12.852  18.134 0.0000000000
16191  25.421  -23.399  41.982 0.0000000000
55521  23.319  -26.597  42.824 0.0000000000
22265  55.710  -4.242  17.865 0.0000000000
20895  53.480  -9.711  16.935 0.0000000000
19522  52.496  -12.921  21.109 0.0000000000
18865  53.632  -15.434  23.159 0.0000000000
53241  53.579  -18.764  24.973 0.0000000000
18531  50.534  -15.376  26.787 0.0000000000
17227  51.490  -19.107  27.544 0.0000000000
16264  51.741  -22.065  26.404 0.0000000000
15298  49.024  -23.431  25.074 0.0000000000
14318  42.937  -27.984  32.289 0.0000000000
16213  31.174  -22.248  39.211 0.0000000000
15544  30.081  -22.957  39.630 0.0000000000
16542  29.982  -21.803  40.191 0.0000000000
16217  31.945  -22.190  38.079 0.0000000000
49786  44.006  -20.599  31.863 0.0000000000
50187  44.708  -20.478  31.872 0.0000000000
16577  46.317  -20.777  31.118 0.0000000000
15907  44.702  -22.318  31.454 0.0000000000
15577  44.729  -23.930  30.620 0.0000000000
52625  43.786  -23.647  31.571 0.0000000000
12846  35.569  -30.638  33.521 0.0000000000
12852  36.508  -30.256  32.290 0.0000000000
21221  56.427  -7.244  16.679 0.0000000000
21223  56.996  -6.771  16.205 0.0000000000
20537  56.642  -9.125  16.553 0.0000000000
14296  33.265  -28.241  36.557 0.0000000000
13543  32.403  -29.035  35.817 0.0000000000
14288  32.096  -27.724  36.293 0.0000000000
14940  26.700  -24.868  39.189 0.0000000000
14276  26.012  -26.099  37.194 0.0000000000
14271  25.531  -27.307  39.793 0.0000000000
14257  25.319  -27.994  41.951 0.0000000000
16894  37.883  -20.769  30.231 0.0000000000
16234  36.849  -20.074  31.036 0.0000000000
15572  38.335  -23.511  29.483 0.0000000000
15895  36.170  -21.652  31.903 0.0000000000
15262  33.955  -25.009  37.348 0.0000000000
15265  34.933  -25.558  36.051 0.0000000000
14953  34.141  -26.481  36.772 0.0000000000
13923  34.397  -28.575  35.816 0.0000000000
61908  54.296  -14.791  19.803 0.0000000000
18879  55.138  -14.881  18.589 0.0000000000
18236  55.565  -16.708  19.593 0.0000000000
15233  21.776  -26.444  39.807 0.0000000000
20526  52.502  -10.922  18.713 0.0000000000
20524  51.713  -10.989  20.859 0.0000000000
19511  52.084  -12.800  24.789 0.0000000000
19191  52.424  -13.689  23.487 0.0000000000
56537  53.077  -15.360  24.694 0.0000000000
17891  53.916  -17.023  24.602 0.0000000000
17887  53.460  -17.105  25.254 0.0000000000
16583  49.011  -20.651  29.119 0.0000000000
17224  50.423  -19.152  28.594 0.0000000000
16586  50.277  -20.794  28.295 0.0000000000
16921  51.836  -20.298  26.853 0.0000000000
16261  50.642  -22.028  27.497 0.0000000000
15596  50.513  -23.605  26.049 0.0000000000
15594  48.674  -23.015  26.498 0.0000000000
14987  44.918  -25.812  25.918 0.0000000000
14970  40.665  -26.720  32.458 0.0000000000
14630  42.289  -26.859  32.562 0.0000000000
14312  41.213  -27.937  32.593 0.0000000000
13218  41.559  -29.773  30.458 0.0000000000
23500  56.130  -1.758  12.921 0.0000000000
22673  56.881  -3.563  14.382 0.0000000000
15261  32.085  -24.640  37.973 0.0000000000
14603  31.643  -25.613  37.080 0.0000000000
15252  30.511  -23.706  38.718 0.0000000000
15254  28.694  -23.735  38.928 0.0000000000
55912  26.551  -24.554  40.656 0.0000000000
16560  34.579  -19.027  32.364 0.0000000000
15885  34.712  -22.786  33.375 0.0000000000
16224  32.920  -21.696  35.627 0.0000000000
15550  33.066  -23.500  37.737 0.0000000000
20886  51.193  -10.306  22.362 0.0000000000
19508  51.658  -12.360  25.917 0.0000000000
49781  47.823  -18.699  30.878 0.0000000000
16580  47.688  -20.489  30.135 0.0000000000
16254  47.637  -21.538  28.822 0.0000000000
15588  46.701  -22.742  26.986 0.0000000000
15920  45.880  -22.548  28.829 0.0000000000
60021  44.883  -24.600  29.270 0.0000000000
14982  44.359  -26.544  30.544 0.0000000000
13940  37.585  -28.841  33.432 0.0000000000
13945  39.799  -28.460  32.486 0.0000000000
13204  38.280  -29.463  32.067 0.0000000000
22664  57.100  -4.393  16.481 0.0000000000
22279  57.403  -4.840  15.373 0.0000000000
21897  57.419  -5.585  15.713 0.0000000000
14280  30.628  -25.773  35.099 0.0000000000
49788  42.939  -21.524  30.325 0.0000000000
50233  42.867  -22.821  31.514 0.0000000000
15899  42.962  -23.822  31.977 0.0000000000
15902  41.414  -23.381  30.553 0.0000000000
15562  39.150  -24.836  30.675 0.0000000000
14961  38.859  -26.367  32.449 0.0000000000
15559  35.618  -24.363  34.303 0.0000000000
14955  36.108  -26.033  34.131 0.0000000000
14626  36.745  -27.699  33.885 0.0000000000
14308  36.077  -28.700  34.363 0.0000000000
59831  34.957  -29.725  34.901 0.0000000000
20211  55.183  -10.956  16.946 0.0000000000
52097  56.137  -10.271  16.750 0.0000000000
19855  55.302  -12.180  17.071 0.0000000000
15868  26.912  -23.193  41.323 0.0000000000
15227  25.678  -24.968  42.372 0.0000000000
15527  24.278  -25.173  42.789 0.0000000000
14920  24.600  -26.471  42.915 0.0000000000
60059  56.700  -3.858  17.490 0.0000000000
21887  56.184  -5.450  17.118 0.0000000000
21554  55.904  -6.187  16.931 0.0000000000
20894  54.563  -9.640  16.784 0.0000000000
20207  53.286  -11.296  18.101 0.0000000000
19851  53.469  -12.776  18.937 0.0000000000
19197  53.463  -14.268  20.770 0.0000000000
54749  51.879  -11.726  22.505 0.0000000000
19194  52.752  -13.965  22.383 0.0000000000
18545  54.548  -16.398  22.340 0.0000000000
17893  54.557  -17.370  23.510 0.0000000000
52895  54.184  -18.673  23.750 0.0000000000
18854  51.221  -14.797  26.522 0.0000000000
17880  49.688  -17.235  28.565 0.0000000000
17883  50.919  -16.937  27.428 0.0000000000
18217  51.998  -16.795  26.656 0.0000000000
61610  52.715  -18.802  26.071 0.0000000000
16924  52.622  -20.080  25.765 0.0000000000
14991  45.774  -23.991  25.369 0.0000000000
15284  43.203  -25.121  32.109 0.0000000000
14636  43.512  -26.689  31.826 0.0000000000
14321  44.108  -28.312  31.067 0.0000000000
13571  41.869  -29.403  31.844 0.0000000000
13576  43.072  -29.842  31.358 0.0000000000
16214  30.530  -22.129  39.672 0.0000000000
58939  30.356  -21.657  39.781 0.0000000000
61274  43.856  -21.549  31.928 0.0000000000
50593  44.088  -20.897  31.915 0.0000000000
16574  44.421  -21.373  31.831 0.0000000000
16243  44.961  -21.603  31.574 0.0000000000
59260  44.412  -22.041  31.715 0.0000000000
15908  44.380  -23.102  31.318 0.0000000000
15909  43.500  -23.214  31.791 0.0000000000
20897  56.049  -8.010  16.942 0.0000000000
55492  56.528  -7.971  16.649 0.0000000000
20899  56.433  -8.713  16.736 0.0000000000
14612  32.908  -26.869  37.145 0.0000000000
56302  32.414  -27.938  36.567 0.0000000000
14613  32.552  -26.895  37.043 0.0000000000
14594  26.037  -25.806  39.735 0.0000000000
14270  25.833  -26.308  38.855 0.0000000000
14263  25.766  -26.800  40.299 0.0000000000
14264  25.554  -27.794  40.921 0.0000000000
14256  25.602  -27.282  41.811 0.0000000000
16892  37.210  -18.688  34.422 0.0000000000
16896  37.292  -19.448  33.409 0.0000000000
16565  37.174  -19.782  31.734 0.0000000000
16566  36.922  -19.405  32.374 0.0000000000
16235  36.452  -20.459  31.972 0.0000000000
15888  35.817  -21.517  32.096 0.0000000000
14950  33.047  -26.118  37.428 0.0000000000
54644  33.726  -25.914  37.281 0.0000000000
14949  33.503  -26.687  37.084 0.0000000000
14285  33.378  -27.454  36.865 0.0000000000
18877  54.487  -15.493  20.149 0.0000000000
18880  54.783  -15.110  19.329 0.0000000000
18552  55.063  -16.072  19.865 0.0000000000
21209  50.583  -8.904  18.807 0.0000000000
20892  51.473  -10.289  19.502 0.0000000000
21208  50.907  -9.990  20.431 0.0000000000
19185  51.968  -14.042  25.269 0.0000000000
19189  52.230  -13.884  24.733 0.0000000000
18859  52.440  -14.760  25.004 0.0000000000
18223  53.437  -16.222  24.890 0.0000000000
18536  52.730  -15.569  25.295 0.0000000000
16253  48.708  -21.318  28.709 0.0000000000
16915  49.734  -20.359  28.827 0.0000000000
16256  50.110  -21.567  28.028 0.0000000000
16590  50.799  -21.221  27.744 0.0000000000
16262  49.862  -22.283  27.646 0.0000000000
15927  49.499  -22.896  27.079 0.0000000000
15922  48.959  -22.369  27.629 0.0000000000
14623  39.656  -27.021  32.597 0.0000000000
14632  40.971  -27.394  32.577 0.0000000000
14313  40.254  -27.966  32.681 0.0000000000
23085  56.783  -2.733  14.315 0.0000000000
23083  57.068  -3.135  15.023 0.0000000000
15255  32.213  -24.127  38.233 0.0000000000
15257  31.340  -24.032  38.260 0.0000000000
15251  31.084  -23.508  38.899 0.0000000000
15541  29.208  -22.886  39.914 0.0000000000
15545  29.624  -23.392  39.260 0.0000000000
15247  28.419  -23.273  39.646 0.0000000000
15248  27.772  -23.794  39.428 0.0000000000
15249  27.208  -23.694  40.266 0.0000000000
16557  34.139  -17.834  33.479 0.0000000000
55770  33.098  -20.270  33.877 0.0000000000
60604  32.826  -20.458  35.048 0.0000000000
15877  32.085  -22.804  38.470 0.0000000000
15880  32.489  -22.623  37.720 0.0000000000
53788  32.509  -23.288  38.215 0.0000000000
15551  32.602  -23.933  38.081 0.0000000000
57188  45.056  -18.722  32.021 0.0000000000
49784  45.761  -18.194  31.945 0.0000000000
50587  46.678  -18.042  31.577 0.0000000000
50547  47.326  -18.342  31.194 0.0000000000
59355  46.971  -18.733  31.440 0.0000000000
16581  46.552  -20.983  30.674 0.0000000000
16576  46.988  -20.438  30.724 0.0000000000
53220  46.971  -20.859  30.275 0.0000000000
16250  47.235  -21.093  29.651 0.0000000000
15914  46.566  -21.719  29.253 0.0000000000
15919  46.783  -22.014  28.537 0.0000000000
15915  45.755  -22.243  29.792 0.0000000000
15286  44.363  -24.811  30.789 0.0000000000
59903  44.763  -24.527  30.169 0.0000000000
14977  44.647  -25.488  30.161 0.0000000000
14978  44.173  -25.763  31.015 0.0000000000
13941  36.992  -29.271  33.668 0.0000000000
13947  38.095  -28.956  32.998 0.0000000000
13568  37.052  -29.611  33.227 0.0000000000
22273  57.071  -4.910  16.592 0.0000000000
22277  57.278  -4.992  16.087 0.0000000000
21893  57.188  -5.492  16.292 0.0000000000
59673  57.256  -7.109  15.768 0.0000000000
13563  33.489  -30.009  35.381 0.0000000000
13192  33.023  -29.913  35.396 0.0000000000
14604  30.716  -24.777  37.100 0.0000000000
14273  30.959  -25.394  36.193 0.0000000000
14274  29.241  -25.017  35.636 0.0000000000
13898  25.282  -26.915  36.960 0.0000000000
13897  26.760  -25.791  35.299 0.0000000000
16899  39.299  -21.602  29.825 0.0000000000
52898  40.970  -21.846  29.017 0.0000000000
16568  41.335  -22.221  30.014 0.0000000000
61223  42.806  -22.043  30.917 0.0000000000
50780  42.213  -22.477  30.448 0.0000000000
16238  42.173  -23.000  30.867 0.0000000000
15563  37.686  -24.244  31.060 0.0000000000
15272  39.586  -25.689  31.854 0.0000000000
60086  37.831  -25.961  32.443 0.0000000000
52821  34.727  -23.510  34.923 0.0000000000
15890  35.256  -23.636  34.224 0.0000000000
15560  35.187  -24.379  35.192 0.0000000000
14957  35.093  -26.453  35.663 0.0000000000
15270  35.444  -25.815  35.165 0.0000000000
14956  35.660  -26.675  34.843 0.0000000000
14963  36.857  -26.835  33.518 0.0000000000
14964  36.231  -26.948  34.185 0.0000000000
14627  35.877  -27.508  34.522 0.0000000000
13924  33.800  -28.776  36.098 0.0000000000
13934  34.961  -28.840  35.288 0.0000000000
13562  34.143  -29.933  35.246 0.0000000000
19856  54.931  -12.004  17.286 0.0000000000
19530  54.884  -12.972  17.712 0.0000000000
56087  55.354  -14.602  18.078 0.0000000000
16205  25.969  -23.044  41.673 0.0000000000
15524  25.876  -24.327  42.060 0.0000000000
15858  25.106  -24.117  42.433 0.0000000000
15529  23.105  -25.808  41.592 0.0000000000
15230  23.763  -25.926  42.829 0.0000000000
15229  24.353  -25.840  42.937 0.0000000000
14921  23.916  -26.530  42.960 0.0000000000
14579  24.239  -27.195  42.937 0.0000000000
14580  23.430  -27.303  42.892 0.0000000000
23075  56.874  -2.965  17.366 0.0000000000
22658  56.442  -3.774  17.819 0.0000000000
22268  56.213  -4.527  17.530 0.0000000000
21888  55.826  -5.136  17.299 0.0000000000
21215  54.062  -7.070  16.349 0.0000000000
56208  54.435  -8.584  16.490 0.0000000000
20529  54.526  -10.612  17.068 0.0000000000
20530  53.352  -10.530  17.428 0.0000000000
20203  52.352  -11.789  19.968 0.0000000000
53511  52.995  -12.016  18.929 0.0000000000
19847  52.707  -12.513  20.023 0.0000000000
19525  53.218  -13.433  20.137 0.0000000000
19519  52.902  -13.696  21.313 0.0000000000
54868  52.002  -10.923  24.093 0.0000000000
51427  51.758  -11.088  22.967 0.0000000000
20199  51.927  -11.446  23.473 0.0000000000
52716  53.006  -14.599  23.232 0.0000000000
18869  53.454  -14.991  22.277 0.0000000000
18864  53.994  -15.741  22.541 0.0000000000
18225  54.644  -16.843  23.017 0.0000000000
18226  54.255  -16.648  23.628 0.0000000000
53792  53.825  -17.810  24.825 0.0000000000
17890  54.205  -17.613  24.163 0.0000000000
17555  54.055  -18.355  24.274 0.0000000000
17236  53.358  -19.684  24.706 0.0000000000
18530  50.970  -15.501  26.873 0.0000000000
49780  48.661  -17.943  29.996 0.0000000000
49778  48.909  -16.867  28.726 0.0000000000
17543  49.317  -18.377  29.536 0.0000000000
17548  50.965  -18.555  28.089 0.0000000000
17879  50.442  -17.671  28.208 0.0000000000
53915  51.126  -17.760  27.685 0.0000000000
18215  51.505  -16.514  26.919 0.0000000000
17882  51.679  -17.393  27.101 0.0000000000
17885  52.333  -17.395  26.482 0.0000000000
53535  51.900  -18.799  27.058 0.0000000000
16593  51.765  -21.133  26.681 0.0000000000
16920  52.195  -20.615  26.220 0.0000000000
16592  52.083  -21.373  26.079 0.0000000000
16596  52.475  -20.989  25.496 0.0000000000
16267  52.162  -22.047  25.543 0.0000000000
16268  51.853  -22.699  25.855 0.0000000000
15597  49.761  -23.498  25.972 0.0000000000
15601  50.807  -23.921  25.379 0.0000000000
15589  45.573  -23.510  27.219 0.0000000000
15292  46.235  -23.221  26.248 0.0000000000
15293  45.199  -24.461  26.389 0.0000000000
14990  45.462  -25.149  24.697 0.0000000000
15568  42.619  -24.569  32.271 0.0000000000
15567  42.940  -24.632  32.188 0.0000000000
15277  42.728  -25.343  32.410 0.0000000000
14639  42.346  -27.606  32.548 0.0000000000
14974  43.159  -26.666  32.197 0.0000000000
14637  43.292  -27.348  32.071 0.0000000000
14640  43.733  -27.581  31.525 0.0000000000
14317  43.439  -28.019  31.917 0.0000000000
13573  39.354  -28.955  32.129 0.0000000000
13952  40.315  -28.756  32.116 0.0000000000
13210  41.294  -29.525  31.400 0.0000000000
56333  44.145  -29.537  30.839 0.0000000000
55294  57.351  -5.159  14.690 0.0000000000
22281  57.170  -4.438  14.619 0.0000000000
53689  56.458  -9.983  16.590 0.0000000000
15543  30.755  -23.039  39.323 0.0000000000
15874  30.975  -22.673  39.307 0.0000000000
16208  30.014  -22.225  40.031 0.0000000000
16209  29.355  -22.072  40.467 0.0000000000
16218  31.602  -22.282  38.643 0.0000000000
61898  43.966  -19.907  31.603 0.0000000000
57465  44.413  -18.894  31.817 0.0000000000
60535  44.200  -19.814  31.786 0.0000000000
50310  45.127  -19.731  31.992 0.0000000000
49783  45.439  -20.067  31.801 0.0000000000
57139  46.193  -19.717  31.648 0.0000000000
16906  45.927  -20.467  31.515 0.0000000000
16578  45.647  -21.170  31.386 0.0000000000
15911  45.584  -22.074  30.626 0.0000000000
15916  45.160  -22.998  30.387 0.0000000000
15912  45.001  -22.626  31.064 0.0000000000
15578  44.162  -24.064  31.206 0.0000000000
13200  35.858  -30.221  33.805 0.0000000000
13206  36.349  -30.180  33.181 0.0000000000
21556  56.696  -6.336  16.569 0.0000000000
21559  57.034  -6.009  16.335 0.0000000000
21224  56.722  -7.400  16.463 0.0000000000
20902  56.730  -8.286  16.491 0.0000000000
13925  33.134  -28.962  36.174 0.0000000000
13926  32.653  -29.029  36.031 0.0000000000
13915  32.692  -28.403  36.427 0.0000000000
13916  32.308  -28.482  36.162 0.0000000000
13904  31.474  -27.151  35.442 0.0000000000
61160  27.470  -24.779  38.151 0.0000000000
14599  27.897  -24.971  37.006 0.0000000000
14269  26.601  -25.510  37.440 0.0000000000
13886  25.241  -28.701  40.598 0.0000000000
16900  37.965  -20.660  30.635 0.0000000000
16570  38.056  -20.708  30.761 0.0000000000
16240  38.910  -21.362  30.069 0.0000000000
15904  37.546  -21.562  29.626 0.0000000000
15894  36.778  -22.624  31.016 0.0000000000
15557  34.530  -24.817  36.609 0.0000000000
15556  34.932  -24.789  35.934 0.0000000000
15266  34.363  -25.683  36.799 0.0000000000
14952  34.630  -26.257  36.314 0.0000000000
14617  34.573  -27.096  36.139 0.0000000000
14301  34.801  -28.010  35.650 0.0000000000
14295  34.037  -27.926  36.323 0.0000000000
19200  54.390  -14.250  19.234 0.0000000000
19527  54.574  -13.634  18.508 0.0000000000
18551  55.415  -15.898  18.992 0.0000000000
60907  22.684  -25.958  41.012 0.0000000000
15232  22.704  -26.281  41.532 0.0000000000
14581  22.939  -27.149  42.725 0.0000000000
14922  22.169  -26.927  41.333 0.0000000000
20891  52.242  -10.256  18.084 0.0000000000
20527  51.798  -10.737  19.663 0.0000000000
20204  51.989  -11.438  20.738 0.0000000000
19841  52.116  -11.851  24.827 0.0000000000
19515  52.101  -12.643  24.006 0.0000000000
54663  52.263  -13.458  24.252 0.0000000000
19188  52.650  -14.263  24.056 0.0000000000
18861  53.244  -15.156  23.986 0.0000000000
18542  53.830  -15.942  23.760 0.0000000000
18539  53.553  -15.809  24.336 0.0000000000
17553  53.302  -17.983  25.483 0.0000000000
16911  49.219  -19.936  29.392 0.0000000000
17546  49.871  -18.789  29.077 0.0000000000
17225  49.845  -19.579  29.009 0.0000000000
16914  50.385  -19.986  28.483 0.0000000000
17228  50.981  -19.535  28.070 0.0000000000
16917  51.433  -19.943  27.470 0.0000000000
16589  51.359  -20.781  27.324 0.0000000000
16260  51.287  -21.637  27.141 0.0000000000
16265  51.119  -22.475  26.905 0.0000000000
15930  51.453  -22.923  26.267 0.0000000000
15931  50.840  -23.163  26.552 0.0000000000
15592  50.128  -23.267  26.605 0.0000000000
15295  48.770  -23.144  25.723 0.0000000000
14985  44.818  -26.039  27.821 0.0000000000
14988  44.837  -25.631  26.873 0.0000000000
14646  44.835  -26.984  27.246 0.0000000000
14649  44.926  -27.465  26.426 0.0000000000
14969  41.462  -25.986  32.399 0.0000000000
14968  42.205  -26.044  32.530 0.0000000000
55427  41.597  -26.745  32.527 0.0000000000
14631  41.737  -27.422  32.612 0.0000000000
14311  41.850  -27.943  32.582 0.0000000000
13211  40.435  -29.453  30.704 0.0000000000
12861  40.504  -29.439  29.134 0.0000000000
23497  56.645  -2.209  14.236 0.0000000000
23499  56.461  -2.244  13.690 0.0000000000
23087  56.429  -2.902  13.576 0.0000000000
14947  32.607  -25.473  37.692 0.0000000000
14609  32.258  -26.374  37.082 0.0000000000
14948  32.182  -25.551  37.434 0.0000000000
14942  31.520  -24.783  37.597 0.0000000000
14944  29.643  -24.307  37.589 0.0000000000
59964  30.463  -23.310  39.229 0.0000000000
15253  29.671  -23.907  38.445 0.0000000000
14939  28.851  -24.092  38.208 0.0000000000
55810  27.795  -24.227  38.702 0.0000000000
14935  26.943  -24.352  39.771 0.0000000000
14928  26.249  -25.155  41.424 0.0000000000
16563  35.955  -18.924  32.314 0.0000000000
16232  35.153  -21.441  31.617 0.0000000000
16228  34.313  -21.308  32.072 0.0000000000
16223  33.477  -22.142  34.739 0.0000000000
15882  33.599  -22.792  36.109 0.0000000000
16220  32.585  -21.912  36.741 0.0000000000
54232  33.134  -22.793  36.925 0.0000000000
15553  33.880  -23.833  36.894 0.0000000000
15554  33.286  -24.406  37.744 0.0000000000
15263  33.216  -25.309  37.680 0.0000000000
18229  55.087  -16.912  21.829 0.0000000000
18234  55.318  -16.812  20.517 0.0000000000
17898  55.358  -17.387  21.625 0.0000000000
20197  52.229  -11.089  24.849 0.0000000000
19186  51.862  -13.086  25.293 0.0000000000
59869  48.208  -17.935  30.396 0.0000000000
17219  48.266  -19.120  30.461 0.0000000000
16904  47.192  -19.912  31.007 0.0000000000
16909  47.555  -20.032  30.639 0.0000000000
17222  48.748  -19.527  29.968 0.0000000000
16912  48.521  -20.233  29.750 0.0000000000
16258  48.358  -21.933  28.180 0.0000000000
15923  47.793  -22.424  27.477 0.0000000000
15918  47.428  -22.021  28.122 0.0000000000
15583  46.456  -22.521  27.821 0.0000000000
15584  45.511  -23.176  28.137 0.0000000000
61480  45.348  -22.986  29.546 0.0000000000
15580  45.150  -23.472  28.925 0.0000000000
15289  44.843  -25.252  28.429 0.0000000000
15290  44.819  -25.628  29.284 0.0000000000
14981  44.697  -26.448  29.721 0.0000000000
14641  44.551  -27.380  30.101 0.0000000000
14315  38.340  -28.503  33.105 0.0000000000
14314  39.230  -28.232  32.842 0.0000000000
13946  38.878  -28.670  32.696 0.0000000000
13566  38.465  -29.062  32.552 0.0000000000
13205  37.233  -29.815  32.602 0.0000000000
13213  37.364  -29.900  31.633 0.0000000000
22668  57.223  -4.087  15.952 0.0000000000
22671  57.217  -3.912  15.188 0.0000000000
21899  57.489  -5.709  15.113 0.0000000000
21558  57.250  -6.099  15.980 0.0000000000
21561  57.467  -6.345  15.490 0.0000000000
14278  31.917  -26.323  36.698 0.0000000000
14279  31.726  -26.688  36.135 0.0000000000
13905  30.128  -26.320  34.216 0.0000000000
13896  28.768  -25.271  34.499 0.0000000000
13906  28.032  -25.765  33.584 0.0000000000
17212  43.596  -19.920  30.646 0.0000000000
57403  43.756  -20.692  31.614 0.0000000000
61505  43.393  -21.814  31.876 0.0000000000
50291  43.274  -22.259  31.828 0.0000000000
60137  43.292  -22.759  31.838 0.0000000000
15900  42.962  -23.251  31.840 0.0000000000
15901  42.417  -23.675  31.676 0.0000000000
15570  41.560  -24.476  31.667 0.0000000000
15903  39.835  -22.538  29.160 0.0000000000
15571  40.258  -24.017  30.342 0.0000000000
15279  41.269  -25.316  32.220 0.0000000000
14959  40.587  -25.863  32.290 0.0000000000
14960  39.909  -26.379  32.373 0.0000000000
14624  38.682  -27.250  32.869 0.0000000000
15889  35.308  -22.826  32.923 0.0000000000
15565  35.805  -23.721  33.424 0.0000000000
15275  36.234  -24.892  33.475 0.0000000000
52806  36.990  -25.942  33.113 0.0000000000
14962  37.805  -26.685  32.924 0.0000000000
14625  37.714  -27.473  33.310 0.0000000000
14306  37.639  -28.218  33.483 0.0000000000
14307  36.825  -28.625  33.944 0.0000000000
13942  36.309  -29.255  34.138 0.0000000000
14300  35.533  -28.245  34.882 0.0000000000
13933  35.611  -29.121  34.662 0.0000000000
13565  35.745  -29.805  34.264 0.0000000000
13201  35.207  -30.451  34.271 0.0000000000
20533  55.528  -10.068  16.895 0.0000000000
20532  55.898  -10.147  16.851 0.0000000000
20210  55.679  -11.078  16.843 0.0000000000
19205  55.049  -13.920  18.146 0.0000000000
19529  55.244  -13.195  17.463 0.0000000000
18233  55.633  -17.281  20.025 0.0000000000
16543  29.425  -21.526  40.654 0.0000000000
16210  28.786  -21.809  40.983 0.0000000000
15873  28.393  -22.362  40.895 0.0000000000
16203  27.584  -22.526  41.275 0.0000000000
15867  27.593  -22.832  41.027 0.0000000000
15539  26.432  -24.073  41.651 0.0000000000
15242  26.275  -24.744  41.769 0.0000000000
14929  26.058  -25.816  41.859 0.0000000000
15859  24.647  -24.447  42.558 0.0000000000
15526  24.876  -24.763  42.715 0.0000000000
56368  25.494  -25.635  42.551 0.0000000000
14590  25.522  -26.800  42.302 0.0000000000
14591  25.238  -27.444  42.432 0.0000000000
23078  57.055  -2.869  16.515 0.0000000000
22665  57.036  -3.644  16.695 0.0000000000
22274  56.894  -4.245  17.002 0.0000000000
60668  56.832  -4.853  16.923 0.0000000000
55946  56.707  -3.329  17.829 0.0000000000
22272  56.605  -4.408  17.314 0.0000000000
21891  56.531  -5.298  16.981 0.0000000000
21553  56.309  -6.282  16.841 0.0000000000
21218  55.826  -7.162  16.943 0.0000000000
21219  55.354  -7.241  16.652 0.0000000000
20898  55.572  -8.533  16.732 0.0000000000
53825  55.385  -9.611  16.828 0.0000000000
20206  54.054  -11.875  17.747 0.0000000000
55046  53.948  -13.550  19.096 0.0000000000
19201  53.872  -14.197  19.902 0.0000000000
59522  53.998  -14.903  20.466 0.0000000000
18873  54.241  -15.643  20.951 0.0000000000
20522  51.516  -10.799  22.105 0.0000000000
20201  51.766  -11.311  21.755 0.0000000000
19845  52.109  -12.517  22.160 0.0000000000
19517  52.227  -13.042  22.890 0.0000000000
19520  52.459  -13.224  21.968 0.0000000000
19193  53.182  -14.412  21.580 0.0000000000
54589  53.717  -14.992  21.296 0.0000000000
18548  54.681  -16.264  21.476 0.0000000000
18230  54.946  -17.011  22.484 0.0000000000
59787  54.923  -17.399  22.819 0.0000000000
53354  54.223  -17.020  24.051 0.0000000000
17558  54.422  -18.066  23.668 0.0000000000
59241  51.514  -14.479  26.115 0.0000000000
18857  51.757  -15.293  26.272 0.0000000000
50591  49.907  -16.117  27.056 0.0000000000
53154  49.837  -18.006  28.945 0.0000000000
18213  50.164  -16.815  27.774 0.0000000000
18216  50.620  -16.165  27.212 0.0000000000
61213  51.069  -16.165  27.044 0.0000000000
18533  51.943  -16.110  26.486 0.0000000000
18537  52.333  -15.801  25.935 0.0000000000
18220  52.455  -16.614  26.207 0.0000000000
17888  52.923  -17.270  25.898 0.0000000000
54305  53.048  -18.761  25.683 0.0000000000
53176  52.281  -19.793  26.385 0.0000000000
17233  52.704  -19.315  25.970 0.0000000000
17232  53.080  -19.488  25.386 0.0000000000
16923  52.919  -20.271  25.123 0.0000000000
15595  51.163  -23.511  25.895 0.0000000000
15600  51.470  -23.874  25.194 0.0000000000
15587  47.653  -22.764  26.622 0.0000000000
53246  47.417  -22.986  25.730 0.0000000000
15296  47.156  -23.409  24.635 0.0000000000
15575  43.277  -24.199  31.882 0.0000000000
15574  43.611  -24.596  31.691 0.0000000000
15283  43.543  -25.345  31.839 0.0000000000
14967  42.824  -26.231  32.421 0.0000000000
14966  43.305  -25.948  32.107 0.0000000000
14973  43.724  -25.920  31.620 0.0000000000
54020  43.928  -26.664  31.254 0.0000000000
14642  44.168  -27.471  30.834 0.0000000000
14325  44.474  -28.258  30.429 0.0000000000
13944  40.748  -28.400  32.391 0.0000000000
14320  41.582  -28.419  32.421 0.0000000000
13950  42.056  -28.906  32.183 0.0000000000
13577  42.175  -29.795  31.325 0.0000000000
13570  42.529  -29.419  31.903 0.0000000000
13956  43.117  -29.253  31.871 0.0000000000
13955  43.669  -29.290  31.473 0.0000000000
13959  44.416  -28.994  30.699 0.0000000000
54684  56.499  -3.686  13.687 0.0000000000
20535  56.118  -9.556  16.875 0.0000000000
54937  44.090  -22.733  31.636 0.0000000000
14595  25.959  -26.243  40.857 0.0000000000
54794  25.796  -26.968  41.181 0.0000000000
16562  37.303  -19.292  33.447 0.0000000000
18550  54.845  -16.174  20.694 0.0000000000
16587  49.552  -21.098  28.545 0.0000000000
62055  40.216  -27.403  32.618 0.0000000000
23081  57.100  -2.785  15.665 0.0000000000
15547  31.987  -23.433  38.465 0.0000000000
15256  31.726  -23.838  38.529 0.0000000000
15548  31.355  -23.205  38.918 0.0000000000
15871  28.993  -22.514  40.368 0.0000000000
16877  34.491  -17.428  34.809 0.0000000000
16553  32.724  -19.011  34.360 0.0000000000
50185  45.634  -19.213  31.906 0.0000000000
13554  33.037  -29.542  35.772 0.0000000000
16569  39.900  -21.610  30.093 0.0000000000
15273  38.386  -25.438  31.685 0.0000000000
15274  37.215  -25.113  32.250 0.0000000000
15881  34.116  -23.246  35.594 0.0000000000
13935  34.324  -29.250  35.557 0.0000000000
15857  25.583  -23.851  42.061 0.0000000000
15231  23.247  -26.128  42.479 0.0000000000
15528  23.693  -25.501  42.434 0.0000000000
23071  56.702  -2.719  18.154 0.0000000000
22269  56.065  -3.654  18.171 0.0000000000
21211  52.830  -9.027  16.759 0.0000000000
18541  54.159  -16.191  23.086 0.0000000000
17547  51.570  -18.291  27.411 0.0000000000
17551  52.104  -18.164  26.794 0.0000000000
15297  50.073  -23.732  25.372 0.0000000000
14638  42.840  -27.117  32.409 0.0000000000
13572  40.368  -29.235  31.683 0.0000000000
15870  29.725  -22.552  40.063 0.0000000000
16549  31.163  -21.693  38.622 0.0000000000
50183  44.355  -20.095  31.900 0.0000000000
16573  45.188  -20.860  31.673 0.0000000000
16248  45.342  -21.871  31.234 0.0000000000
13917  31.886  -28.064  35.791 0.0000000000
14600  26.581  -25.277  38.370 0.0000000000
13893  25.363  -27.203  38.637 0.0000000000
13894  25.302  -28.134  39.787 0.0000000000
13877  25.119  -28.655  41.423 0.0000000000
16895  37.343  -19.745  31.958 0.0000000000
53237  36.715  -21.223  31.273 0.0000000000
15896  35.937  -22.702  32.404 0.0000000000
14618  33.937  -27.149  36.692 0.0000000000
55599  22.116  -25.944  39.847 0.0000000000
21212  51.419  -9.590  18.262 0.0000000000
20889  51.362  -10.562  20.876 0.0000000000
18862  52.715  -14.714  24.499 0.0000000000
16918  50.903  -20.393  27.932 0.0000000000
15926  50.396  -22.757  27.131 0.0000000000
15593  49.459  -23.239  26.448 0.0000000000
14332  45.322  -28.475  27.486 0.0000000000
14943  30.612  -24.192  37.923 0.0000000000
14936  26.249  -25.263  40.475 0.0000000000
60959  35.448  -17.859  33.607 0.0000000000
16882  35.640  -17.833  34.803 0.0000000000
16556  36.483  -17.985  34.028 0.0000000000
16229  33.482  -21.298  33.047 0.0000000000
16221  31.912  -21.374  36.954 0.0000000000
15260  32.665  -24.687  37.966 0.0000000000
19838  52.244  -11.252  25.395 0.0000000000
19512  52.004  -12.069  25.378 0.0000000000
19182  51.570  -13.627  25.801 0.0000000000
51388  47.797  -17.924  30.788 0.0000000000
51164  48.289  -18.401  30.467 0.0000000000
16905  46.632  -20.142  31.271 0.0000000000
17217  46.944  -19.411  31.339 0.0000000000
16908  48.116  -19.831  30.350 0.0000000000
16584  48.171  -20.890  29.382 0.0000000000
15581  45.001  -23.753  29.828 0.0000000000
55100  45.017  -24.100  28.169 0.0000000000
14644  44.896  -27.261  29.301 0.0000000000
13567  37.772  -29.359  32.811 0.0000000000
53326  38.311  -29.668  30.924 0.0000000000
61725  57.314  -5.535  16.036 0.0000000000
13555  32.658  -29.487  35.678 0.0000000000
14275  27.484  -25.279  35.967 0.0000000000
60785  38.062  -19.811  30.266 0.0000000000
17208  39.245  -20.566  28.932 0.0000000000
17213  41.992  -20.501  28.742 0.0000000000
49787  43.040  -22.151  31.442 0.0000000000
49785  43.361  -21.598  31.623 0.0000000000
15569  42.339  -24.402  32.157 0.0000000000
15280  40.448  -25.055  31.547 0.0000000000
60982  35.256  -25.121  35.469 0.0000000000
15269  35.647  -25.097  34.682 0.0000000000
60017  36.187  -28.166  34.295 0.0000000000
19206  54.797  -14.332  18.774 0.0000000000
19208  55.347  -14.032  17.722 0.0000000000
19533  55.564  -12.509  16.859 0.0000000000
17899  55.461  -17.375  20.882 0.0000000000
16865  29.114  -20.926  40.388 0.0000000000
16544  28.823  -21.324  40.879 0.0000000000
16211  28.153  -22.057  41.261 0.0000000000
16204  26.768  -22.748  41.423 0.0000000000
15538  27.045  -23.434  41.007 0.0000000000
15226  26.045  -24.724  42.010 0.0000000000
15243  26.027  -25.339  42.148 0.0000000000
54134  24.141  -24.815  42.301 0.0000000000
55079  24.605  -24.156  42.056 0.0000000000
56239  24.946  -25.799  42.833 0.0000000000
14577  25.219  -26.409  42.643 0.0000000000
14930  25.745  -26.097  42.271 0.0000000000
60543  25.229  -26.943  42.565 0.0000000000
14245  24.659  -27.819  42.689 0.0000000000
22662  56.852  -3.608  17.318 0.0000000000
22659  56.370  -3.060  18.416 0.0000000000
21548  55.266  -5.896  16.899 0.0000000000
59797  52.584  -11.469  19.102 0.0000000000
19843  51.999  -12.143  23.252 0.0000000000
18868  54.083  -15.699  21.806 0.0000000000
17557  54.781  -17.877  23.062 0.0000000000
18222  53.921  -16.434  24.235 0.0000000000
51740  49.358  -16.475  27.898 0.0000000000
17545  50.339  -18.427  28.633 0.0000000000
17550  52.703  -18.186  26.136 0.0000000000
17230  51.896  -19.486  26.977 0.0000000000
58494  52.536  -21.638  24.874 0.0000000000
13951  41.210  -28.976  32.042 0.0000000000
13948  43.330  -28.655  31.951 0.0000000000
54900  56.801  -4.194  14.027 0.0000000000
52899  30.793  -21.750  39.325 0.0000000000
57354  43.632  -21.405  31.909 0.0000000000
14286  32.732  -27.610  36.836 0.0000000000
14287  32.285  -27.178  36.764 0.0000000000
61756  36.921  -20.170  32.016 0.0000000000
18219  52.958  -16.406  25.618 0.0000000000
23494  56.891  -2.476  14.863 0.0000000000
50452  46.736  -17.153  31.323 0.0000000000
49782  47.230  -17.684  31.195 0.0000000000
61855  47.368  -18.933  31.176 0.0000000000
59364  37.514  -29.233  33.257 0.0000000000
20901  57.181  -7.896  16.288 0.0000000000
13544  31.895  -28.536  35.277 0.0000000000
13524  25.655  -26.522  34.842 0.0000000000
55224  34.109  -22.600  34.026 0.0000000000
58270  34.557  -30.332  34.767 0.0000000000
15856  26.221  -23.588  41.649 0.0000000000
15525  25.384  -24.533  42.464 0.0000000000
14578  24.884  -27.060  42.749 0.0000000000
20520  51.644  -10.610  23.388 0.0000000000
17235  53.797  -19.131  24.186 0.0000000000
49779  48.477  -17.117  29.542 0.0000000000
17876  49.183  -17.589  29.291 0.0000000000
52571  52.342  -18.938  26.488 0.0000000000
15933  51.738  -23.359  25.661 0.0000000000
14648  44.961  -26.992  25.370 0.0000000000
14322  43.767  -28.484  31.569 0.0000000000
53177  42.692  -30.108  30.533 0.0000000000
20213  56.101  -10.785  16.671 0.0000000000
15875  30.374  -22.608  39.702 0.0000000000
16216  31.539  -21.447  37.842 0.0000000000
60546  43.950  -19.076  31.433 0.0000000000
50457  44.556  -19.211  31.928 0.0000000000
16247  45.976  -21.374  30.905 0.0000000000
59296  44.687  -23.342  30.965 0.0000000000
12853  35.793  -30.672  32.767 0.0000000000
14598  28.512  -24.503  37.647 0.0000000000
55600  22.824  -26.737  42.417 0.0000000000
14582  22.332  -27.501  42.217 0.0000000000
55781  21.005  -27.053  39.491 0.0000000000
20523  52.104  -11.213  19.852 0.0000000000
19848  52.083  -12.037  21.173 0.0000000000
49775  49.755  -15.105  26.323 0.0000000000
17221  49.331  -19.173  29.544 0.0000000000
14319  42.278  -28.291  32.446 0.0000000000
12860  42.055  -29.782  29.464 0.0000000000
60732  56.259  -2.301  13.246 0.0000000000
14937  26.072  -25.826  41.337 0.0000000000
52578  32.458  -20.709  35.826 0.0000000000
55904  55.325  -17.069  21.242 0.0000000000
57342  48.051  -17.428  30.242 0.0000000000
55757  47.637  -19.434  30.864 0.0000000000
14986  44.868  -26.306  28.820 0.0000000000
14305  38.537  -27.946  33.107 0.0000000000
22669  57.164  -3.358  16.095 0.0000000000
13534  29.672  -26.595  33.023 0.0000000000
50329  43.534  -21.988  31.899 0.0000000000
52244  42.681  -23.988  32.055 0.0000000000
12847  34.918  -30.816  33.761 0.0000000000
16864  29.728  -21.151  39.889 0.0000000000
15241  26.513  -24.266  41.177 0.0000000000
55732  24.999  -23.941  42.274 0.0000000000
15228  25.203  -25.164  42.714 0.0000000000
59653  24.730  -25.326  42.870 0.0000000000
61824  25.040  -27.963  42.385 0.0000000000
21883  55.311  -4.856  17.466 0.0000000000
18534  51.424  -15.720  26.724 0.0000000000
15928  48.599  -22.741  27.095 0.0000000000
62012  43.023  -25.664  32.298 0.0000000000
13949  42.746  -28.784  32.191 0.0000000000
13954  44.066  -28.948  31.186 0.0000000000
13958  44.850  -29.031  30.070 0.0000000000
22676  55.777  -3.486  13.009 0.0000000000
21902  56.869  -5.020  13.935 0.0000000000
