#!ascii label  , from subject sub-1015 vox2ras=TkReg
334
55367  46.954  27.978  3.496 0.0000000000
33107  45.075  21.862  -3.413 0.0000000000
59705  45.937  22.784  -9.419 0.0000000000
32732  52.663  17.746  -8.990 0.0000000000
34341  42.798  25.186  -2.734 0.0000000000
34812  48.817  26.025  -5.178 0.0000000000
32373  48.298  17.752  -6.944 0.0000000000
32403  49.785  19.224  -15.884 0.0000000000
34354  47.285  26.075  -2.936 0.0000000000
33908  47.892  25.664  -1.575 0.0000000000
52455  44.915  19.986  -1.261 0.0000000000
33940  47.409  22.194  -12.571 0.0000000000
33142  49.497  19.106  -12.824 0.0000000000
33533  45.833  23.034  -6.499 0.0000000000
33124  48.661  18.838  -9.889 0.0000000000
33157  48.831  20.441  -16.290 0.0000000000
34337  48.061  26.616  0.481 0.0000000000
34333  47.392  27.850  0.101 0.0000000000
33910  43.945  23.092  -2.680 0.0000000000
34820  46.747  25.451  -7.946 0.0000000000
34824  46.319  24.445  -10.426 0.0000000000
55841  46.323  23.101  -10.325 0.0000000000
33148  48.273  20.213  -12.973 0.0000000000
33540  47.107  21.027  -11.422 0.0000000000
33519  46.335  24.344  -4.132 0.0000000000
33521  47.290  24.939  -4.726 0.0000000000
33113  45.585  22.335  -5.400 0.0000000000
60127  50.584  17.695  -8.102 0.0000000000
32727  48.991  18.063  -8.534 0.0000000000
33122  51.099  18.061  -9.439 0.0000000000
32737  50.758  18.491  -10.729 0.0000000000
32385  52.269  17.912  -10.401 0.0000000000
32011  53.074  17.218  -12.334 0.0000000000
34762  45.399  28.318  3.750 0.0000000000
34780  44.479  29.228  0.530 0.0000000000
34367  47.231  25.030  -6.745 0.0000000000
53376  45.425  18.834  -3.549 0.0000000000
32708  45.534  19.594  -5.655 0.0000000000
32362  47.933  16.997  -5.018 0.0000000000
32714  50.910  17.230  -6.717 0.0000000000
35203  48.180  27.527  -1.803 0.0000000000
34794  47.997  27.202  -1.184 0.0000000000
33912  48.347  25.471  -1.838 0.0000000000
33508  46.189  24.097  -2.863 0.0000000000
34795  46.659  27.435  -2.448 0.0000000000
33914  46.139  24.046  -2.849 0.0000000000
33105  44.907  21.174  -2.531 0.0000000000
32700  46.164  17.738  -0.976 0.0000000000
57239  45.879  27.521  6.568 0.0000000000
34830  47.055  24.221  -12.294 0.0000000000
56655  47.896  22.794  -14.172 0.0000000000
33552  48.487  20.549  -14.888 0.0000000000
32751  49.959  18.954  -14.798 0.0000000000
32397  50.712  18.530  -14.118 0.0000000000
34803  48.113  26.121  -3.982 0.0000000000
33926  47.728  25.127  -5.355 0.0000000000
55421  46.301  23.797  -7.076 0.0000000000
32716  45.547  20.328  -6.811 0.0000000000
33126  45.838  21.002  -8.801 0.0000000000
33130  47.342  19.779  -10.322 0.0000000000
33132  48.823  19.225  -11.115 0.0000000000
32392  51.018  18.442  -12.706 0.0000000000
33553  48.589  21.143  -16.164 0.0000000000
58295  48.056  26.977  1.992 0.0000000000
34324  47.160  28.021  1.951 0.0000000000
34368  46.622  24.767  -7.689 0.0000000000
34371  46.210  24.027  -9.912 0.0000000000
55535  46.071  23.458  -9.552 0.0000000000
33933  46.597  22.197  -10.925 0.0000000000
33932  46.222  22.346  -10.174 0.0000000000
33106  45.702  23.178  -4.160 0.0000000000
33109  45.941  23.544  -4.376 0.0000000000
33110  45.500  22.443  -4.616 0.0000000000
32730  52.072  17.812  -8.877 0.0000000000
33118  51.323  17.857  -8.798 0.0000000000
32733  51.854  17.950  -9.526 0.0000000000
32736  51.651  18.114  -10.199 0.0000000000
32382  52.459  17.821  -9.669 0.0000000000
32388  52.813  17.643  -10.645 0.0000000000
32384  52.976  17.636  -9.872 0.0000000000
34772  42.856  28.518  2.461 0.0000000000
34817  48.021  25.690  -6.240 0.0000000000
34815  48.525  25.905  -5.656 0.0000000000
32348  46.408  17.284  -3.071 0.0000000000
32355  46.370  17.641  -4.260 0.0000000000
32354  47.713  16.603  -3.717 0.0000000000
32707  51.454  16.892  -5.792 0.0000000000
32713  51.853  17.224  -6.574 0.0000000000
32718  52.166  17.460  -7.165 0.0000000000
33901  48.108  26.068  -0.355 0.0000000000
34344  48.216  25.765  -0.256 0.0000000000
33503  47.586  25.080  -1.976 0.0000000000
33507  46.976  25.029  -2.956 0.0000000000
33913  46.989  24.613  -2.236 0.0000000000
34790  42.486  28.409  -1.768 0.0000000000
34788  46.242  28.394  -1.203 0.0000000000
34347  44.785  27.096  -3.316 0.0000000000
33511  44.803  22.227  -2.519 0.0000000000
33916  44.798  23.435  -3.051 0.0000000000
33510  44.846  22.302  -2.608 0.0000000000
33103  44.959  21.833  -2.410 0.0000000000
32701  45.320  18.844  -1.926 0.0000000000
32698  45.192  19.321  -1.226 0.0000000000
32696  47.751  16.959  0.733 0.0000000000
34377  47.080  23.297  -12.101 0.0000000000
34827  46.637  24.286  -11.361 0.0000000000
60305  47.474  22.990  -12.874 0.0000000000
34379  47.384  23.642  -12.762 0.0000000000
55189  47.770  22.297  -13.426 0.0000000000
33945  48.132  21.396  -14.488 0.0000000000
33943  48.035  21.360  -13.761 0.0000000000
33147  48.656  19.737  -13.376 0.0000000000
33152  48.851  19.642  -14.146 0.0000000000
33146  49.364  19.175  -13.507 0.0000000000
32400  50.683  18.552  -14.820 0.0000000000
34801  47.568  26.770  -2.377 0.0000000000
34808  48.258  26.716  -3.277 0.0000000000
34357  47.450  25.881  -3.647 0.0000000000
33525  46.753  24.274  -5.131 0.0000000000
33924  47.854  25.289  -4.919 0.0000000000
33527  47.177  24.656  -5.804 0.0000000000
33531  46.882  24.372  -6.371 0.0000000000
59713  46.335  23.796  -6.789 0.0000000000
32371  46.324  18.756  -6.281 0.0000000000
58384  45.721  19.763  -6.340 0.0000000000
56535  47.462  18.293  -7.592 0.0000000000
33119  48.714  18.509  -9.342 0.0000000000
33120  47.088  19.233  -9.082 0.0000000000
33125  46.950  19.851  -9.634 0.0000000000
33129  48.755  19.044  -10.465 0.0000000000
32742  51.286  18.353  -11.805 0.0000000000
32740  50.597  18.642  -11.499 0.0000000000
32394  51.517  18.124  -13.291 0.0000000000
35210  49.062  26.723  -4.527 0.0000000000
32758  48.990  19.943  -16.008 0.0000000000
32755  49.278  19.628  -15.847 0.0000000000
34777  48.031  27.933  1.775 0.0000000000
51756  47.962  27.204  1.369 0.0000000000
34331  47.887  27.362  1.284 0.0000000000
56562  47.933  27.028  -0.147 0.0000000000
34340  43.851  24.565  -3.140 0.0000000000
34821  46.230  25.175  -9.260 0.0000000000
34375  46.572  23.380  -10.990 0.0000000000
33937  46.984  22.214  -11.732 0.0000000000
33545  47.861  21.146  -12.980 0.0000000000
33144  48.065  20.128  -12.419 0.0000000000
33143  48.797  19.513  -12.579 0.0000000000
33513  46.825  24.993  -4.023 0.0000000000
61009  47.273  25.564  -3.944 0.0000000000
33522  46.628  24.364  -4.566 0.0000000000
33112  46.133  23.492  -4.995 0.0000000000
33529  46.102  23.346  -5.644 0.0000000000
32720  50.143  17.572  -7.607 0.0000000000
32721  48.673  17.872  -7.734 0.0000000000
32726  50.313  17.914  -8.753 0.0000000000
33123  50.089  18.203  -9.399 0.0000000000
33128  49.960  18.471  -9.965 0.0000000000
52956  49.887  18.713  -10.569 0.0000000000
33127  50.914  18.280  -10.054 0.0000000000
32739  51.470  18.260  -10.952 0.0000000000
32389  52.104  17.965  -11.222 0.0000000000
32008  53.163  17.277  -11.640 0.0000000000
34316  46.818  28.011  4.213 0.0000000000
34325  46.820  28.144  2.960 0.0000000000
34770  45.900  28.616  2.343 0.0000000000
34781  42.716  28.912  0.739 0.0000000000
34791  41.087  27.403  -0.907 0.0000000000
34816  48.220  26.123  -6.485 0.0000000000
52382  45.990  23.792  -8.591 0.0000000000
32703  45.020  20.005  -2.941 0.0000000000
53148  45.065  20.930  -4.008 0.0000000000
32704  45.407  19.288  -4.656 0.0000000000
32363  46.351  18.146  -5.412 0.0000000000
32369  48.983  17.161  -6.025 0.0000000000
32361  49.623  16.610  -5.035 0.0000000000
32368  50.356  16.931  -5.914 0.0000000000
32715  49.671  17.371  -6.867 0.0000000000
32719  51.316  17.476  -7.385 0.0000000000
33116  51.585  17.653  -8.018 0.0000000000
32729  52.838  17.694  -8.327 0.0000000000
32381  53.155  17.625  -9.158 0.0000000000
51560  48.041  27.094  -2.037 0.0000000000
34799  47.824  26.974  -2.060 0.0000000000
34786  48.005  27.085  0.811 0.0000000000
34350  47.543  26.641  -1.913 0.0000000000
33918  47.346  25.997  -2.663 0.0000000000
62024  46.963  25.714  -3.345 0.0000000000
33514  46.193  24.209  -4.005 0.0000000000
33516  45.150  22.542  -3.206 0.0000000000
34778  46.963  28.242  0.523 0.0000000000
34787  46.943  28.045  -0.722 0.0000000000
34345  46.994  26.102  -2.877 0.0000000000
34346  45.310  25.264  -3.608 0.0000000000
34352  45.886  24.864  -3.626 0.0000000000
33909  47.302  25.015  -2.356 0.0000000000
33515  45.502  23.379  -3.018 0.0000000000
32340  45.596  18.324  -2.590 0.0000000000
32339  46.605  17.081  -1.837 0.0000000000
32697  46.509  17.657  -0.012 0.0000000000
32332  47.820  16.431  -0.426 0.0000000000
34308  46.750  27.813  5.179 0.0000000000
34318  44.944  27.991  4.891 0.0000000000
50632  44.884  27.537  6.560 0.0000000000
50793  46.347  26.408  -9.788 0.0000000000
34834  47.404  24.173  -13.073 0.0000000000
33948  48.219  21.596  -15.212 0.0000000000
33155  48.802  20.197  -15.623 0.0000000000
32752  49.249  19.426  -15.146 0.0000000000
33549  48.328  20.544  -14.040 0.0000000000
54783  49.117  19.503  -14.843 0.0000000000
32754  49.927  19.066  -15.413 0.0000000000
34807  48.586  26.081  -4.526 0.0000000000
33922  47.658  25.535  -4.324 0.0000000000
34359  48.262  25.727  -4.679 0.0000000000
34363  48.406  25.659  -5.324 0.0000000000
34365  47.871  25.343  -5.911 0.0000000000
33929  47.052  24.638  -6.517 0.0000000000
33931  45.790  22.775  -8.799 0.0000000000
33111  45.228  20.999  -5.036 0.0000000000
33115  45.421  21.981  -6.310 0.0000000000
33117  45.469  20.928  -7.496 0.0000000000
32728  46.957  18.875  -8.271 0.0000000000
33121  45.863  20.447  -8.433 0.0000000000
33535  45.629  22.650  -7.461 0.0000000000
33536  45.843  21.523  -9.142 0.0000000000
33538  46.160  21.379  -9.845 0.0000000000
33539  46.711  21.037  -10.692 0.0000000000
33133  47.661  19.844  -10.996 0.0000000000
33137  48.832  19.373  -11.839 0.0000000000
33131  49.803  18.901  -11.268 0.0000000000
32743  50.391  18.734  -12.328 0.0000000000
32746  50.141  18.827  -13.143 0.0000000000
32395  50.655  18.566  -13.467 0.0000000000
31667  52.864  17.171  -13.012 0.0000000000
33951  48.366  21.838  -15.890 0.0000000000
34315  47.586  27.990  4.042 0.0000000000
51446  48.014  27.307  3.151 0.0000000000
58825  45.374  22.556  -4.048 0.0000000000
52006  49.064  26.468  -5.028 0.0000000000
32347  47.574  16.367  -2.679 0.0000000000
32706  52.264  16.956  -5.791 0.0000000000
32712  52.458  17.258  -6.490 0.0000000000
32406  50.144  18.945  -15.824 0.0000000000
33907  48.192  25.703  -0.410 0.0000000000
34789  44.514  28.606  -1.710 0.0000000000
33505  44.685  20.540  -1.187 0.0000000000
33504  44.777  21.198  -2.005 0.0000000000
32748  49.816  18.964  -14.020 0.0000000000
34804  47.694  26.369  -3.052 0.0000000000
33528  46.652  24.147  -5.748 0.0000000000
33532  46.449  23.916  -6.415 0.0000000000
32374  46.981  18.393  -6.974 0.0000000000
32391  51.983  17.961  -12.190 0.0000000000
32014  52.208  17.678  -13.499 0.0000000000
52123  47.884  27.443  2.361 0.0000000000
51699  47.905  27.372  2.268 0.0000000000
34332  47.903  27.082  1.305 0.0000000000
34338  47.973  26.778  0.195 0.0000000000
33138  47.860  19.965  -11.705 0.0000000000
32007  52.695  17.631  -11.444 0.0000000000
32006  53.276  17.330  -10.919 0.0000000000
34317  46.318  28.130  3.685 0.0000000000
34771  44.357  28.875  2.420 0.0000000000
32370  47.483  17.732  -6.176 0.0000000000
54003  48.951  16.359  -4.185 0.0000000000
32360  50.868  16.506  -4.918 0.0000000000
51924  52.434  17.590  -7.585 0.0000000000
32725  52.273  17.697  -8.208 0.0000000000
51590  47.945  27.376  -1.344 0.0000000000
34769  46.777  28.344  1.740 0.0000000000
34779  46.064  28.867  0.477 0.0000000000
34339  47.040  27.735  -1.229 0.0000000000
33915  45.666  24.250  -3.522 0.0000000000
34351  46.523  24.839  -3.346 0.0000000000
59140  46.597  27.493  6.418 0.0000000000
50494  46.394  27.658  5.835 0.0000000000
34310  45.529  27.713  5.814 0.0000000000
34825  46.269  25.322  -10.436 0.0000000000
34828  46.588  24.993  -11.699 0.0000000000
34382  47.653  23.398  -13.481 0.0000000000
33946  48.033  22.234  -14.749 0.0000000000
33544  48.212  20.616  -13.437 0.0000000000
32402  49.974  19.102  -15.285 0.0000000000
35205  48.397  27.261  -2.653 0.0000000000
35207  48.716  26.553  -4.096 0.0000000000
33518  47.001  25.104  -4.156 0.0000000000
34361  48.235  25.492  -5.101 0.0000000000
56556  48.015  25.333  -5.456 0.0000000000
33930  46.272  24.033  -7.557 0.0000000000
33537  45.667  22.742  -8.128 0.0000000000
32709  45.362  20.898  -5.935 0.0000000000
33136  49.677  19.025  -12.039 0.0000000000
32017  52.007  17.914  -13.808 0.0000000000
32015  51.452  18.095  -14.106 0.0000000000
53137  53.051  16.868  -12.972 0.0000000000
32760  49.048  20.045  -16.590 0.0000000000
34323  47.707  27.876  3.088 0.0000000000
34370  46.150  24.508  -8.779 0.0000000000
34763  44.063  28.345  3.781 0.0000000000
61559  48.569  26.107  -5.955 0.0000000000
58134  47.380  27.958  -0.101 0.0000000000
33895  47.979  26.673  0.702 0.0000000000
33509  45.422  23.275  -3.019 0.0000000000
56484  47.980  22.035  -14.130 0.0000000000
51511  48.025  27.035  -2.378 0.0000000000
33524  47.316  24.831  -5.255 0.0000000000
33928  47.545  24.969  -5.873 0.0000000000
32375  46.148  19.270  -6.838 0.0000000000
32722  46.325  19.250  -7.464 0.0000000000
34810  48.859  26.257  -4.735 0.0000000000
32407  49.871  19.240  -16.173 0.0000000000
33902  47.942  25.942  -0.849 0.0000000000
33903  43.364  22.646  -1.988 0.0000000000
56715  43.835  21.428  -1.300 0.0000000000
33506  44.371  21.280  -1.629 0.0000000000
33101  45.135  19.488  -0.289 0.0000000000
33542  47.460  21.102  -12.180 0.0000000000
33920  47.072  25.607  -3.642 0.0000000000
32009  52.709  17.578  -12.087 0.0000000000
60524  47.063  28.034  4.181 0.0000000000
34342  41.629  25.702  -2.061 0.0000000000
35218  47.650  26.242  -7.284 0.0000000000
55882  47.452  25.553  -7.007 0.0000000000
32379  53.322  17.630  -8.494 0.0000000000
61818  47.425  26.594  -2.299 0.0000000000
35190  48.012  27.966  1.050 0.0000000000
32694  45.740  18.658  0.008 0.0000000000
32338  48.307  15.969  -1.819 0.0000000000
34309  46.123  27.930  4.832 0.0000000000
51124  46.927  27.617  5.860 0.0000000000
34311  44.351  27.695  5.851 0.0000000000
56755  47.637  24.105  -13.747 0.0000000000
56198  48.479  21.074  -15.593 0.0000000000
54929  48.615  25.838  -4.930 0.0000000000
