#!ascii label  , from subject sub-1015 vox2ras=TkReg
1330
58939  30.356  -21.657  39.781 0.5555559993
15874  30.975  -22.673  39.307 0.4444440007
16213  31.174  -22.248  39.211 0.4444440007
16208  30.014  -22.225  40.031 0.5555559993
52899  30.793  -21.750  39.325 0.4444440007
16542  29.982  -21.803  40.191 0.5555559993
15548  31.355  -23.205  38.918 0.4444440007
15875  30.374  -22.608  39.702 0.4444440007
16864  29.728  -21.151  39.889 0.4444440007
16865  29.114  -20.926  40.388 0.4444440007
53661  30.276  -21.203  39.103 0.4444440007
16543  29.425  -21.526  40.654 0.4444440007
15878  31.559  -22.791  38.907 0.4444440007
15870  29.725  -22.552  40.063 0.4444440007
16209  29.355  -22.072  40.467 0.5555559993
15541  29.208  -22.886  39.914 0.4444440007
15871  28.993  -22.514  40.368 0.5555559993
15545  29.624  -23.392  39.260 0.2222220004
15254  28.694  -23.735  38.928 0.1111110002
17185  29.083  -20.008  39.591 0.3333329856
16218  31.602  -22.282  38.643 0.4444440007
16549  31.163  -21.693  38.622 0.4444440007
61273  30.725  -21.267  38.521 0.4444440007
15873  28.393  -22.362  40.895 0.5555559993
15247  28.419  -23.273  39.646 0.4444440007
16221  31.912  -21.374  36.954 0.4444440007
16551  31.290  -20.161  36.323 0.4444440007
16548  30.863  -20.532  37.134 0.4444440007
16871  29.333  -20.215  38.548 0.3333329856
16220  32.585  -21.912  36.741 0.3333329856
16217  31.945  -22.190  38.079 0.4444440007
16216  31.539  -21.447  37.842 0.4444440007
16870  30.082  -20.405  37.531 0.4444440007
15877  32.085  -22.804  38.470 0.3333329856
17192  28.981  -18.862  36.694 0.3333329856
17193  28.224  -18.442  37.962 0.3333329856
15547  31.987  -23.433  38.465 0.2222220004
16553  32.724  -19.011  34.360 0.4444440007
16878  32.933  -17.181  34.181 0.5555559993
16873  31.460  -17.946  34.733 0.4444440007
60604  32.826  -20.458  35.048 0.3333329856
16554  31.910  -19.544  35.435 0.4444440007
52578  32.458  -20.709  35.826 0.3333329856
16874  30.797  -18.704  35.131 0.5555559993
15880  32.489  -22.623  37.720 0.3333329856
15550  33.066  -23.500  37.737 0.2222220004
53788  32.509  -23.288  38.215 0.2222220004
17191  30.277  -18.595  35.163 0.3333329856
17186  28.807  -19.115  39.473 0.2222220004
16877  34.491  -17.428  34.809 0.4444440007
55770  33.098  -20.270  33.877 0.3333329856
17195  33.218  -16.315  35.417 0.5555559993
61516  31.843  -16.453  35.148 0.5555559993
16223  33.477  -22.142  34.739 0.2222220004
15882  33.599  -22.792  36.109 0.2222220004
16224  32.920  -21.696  35.627 0.2222220004
54232  33.134  -22.793  36.925 0.2222220004
15881  34.116  -23.246  35.594 0.1111110002
16557  34.139  -17.834  33.479 0.4444440007
50836  34.486  -17.053  35.906 0.5555559993
16560  34.579  -19.027  32.364 0.3333329856
16563  35.955  -18.924  32.314 0.3333329856
16228  34.313  -21.308  32.072 0.3333329856
17199  34.505  -16.581  36.596 0.4444440007
16229  33.482  -21.298  33.047 0.2222220004
17510  34.490  -16.345  37.354 0.3333329856
51719  33.393  -15.908  36.414 0.3333329856
15885  34.712  -22.786  33.375 0.1111110002
55224  34.109  -22.600  34.026 0.1111110002
52821  34.727  -23.510  34.923 0.1111110002
15886  34.634  -24.091  35.991 0.1111110002
15557  34.530  -24.817  36.609 0.1111110002
15266  34.363  -25.683  36.799 0.1111110002
60959  35.448  -17.859  33.607 0.4444440007
16882  35.640  -17.833  34.803 0.5555559993
17198  35.708  -17.647  36.079 0.5555559993
51996  35.400  -17.173  36.860 0.5555559993
16556  36.483  -17.985  34.028 0.5555559993
17514  35.796  -17.608  36.903 0.6666669846
16231  36.496  -19.651  31.401 0.4444440007
16562  37.303  -19.292  33.447 0.4444440007
16235  36.452  -20.459  31.972 0.3333329856
16232  35.153  -21.441  31.617 0.2222220004
15888  35.817  -21.517  32.096 0.3333329856
15889  35.308  -22.826  32.923 0.2222220004
15560  35.187  -24.379  35.192 0.1111110002
15556  34.932  -24.789  35.934 0.1111110002
16886  36.919  -18.391  35.344 0.6666669846
16881  36.512  -18.008  35.636 0.6666669846
16892  37.210  -18.688  34.422 0.5555559993
16566  36.922  -19.405  32.374 0.3333329856
16234  36.849  -20.074  31.036 0.3333329856
17203  36.810  -18.123  35.952 0.6666669846
17517  36.485  -17.804  36.401 0.7777780294
16891  37.296  -19.293  34.620 0.5555559993
16885  37.167  -18.638  35.385 0.6666669846
16896  37.292  -19.448  33.409 0.4444440007
16890  37.307  -19.385  33.877 0.5555559993
17516  36.609  -17.720  36.473 0.6666669846
16570  38.056  -20.708  30.761 0.4444440007
16565  37.174  -19.782  31.734 0.4444440007
17206  37.270  -18.970  35.206 0.6666669846
17520  36.897  -18.175  35.866 0.7777780294
16895  37.343  -19.745  31.958 0.6666669846
54289  37.015  -17.902  35.978 0.6666669846
16569  39.900  -21.610  30.093 0.5555559993
16900  37.965  -20.660  30.635 0.4444440007
17524  37.244  -18.273  35.247 0.7777780294
17209  37.473  -19.449  31.984 0.6666669846
55044  37.359  -18.746  33.901 0.6666669846
16894  37.883  -20.769  30.231 0.5555559993
16899  39.299  -21.602  29.825 0.5555559993
16568  41.335  -22.221  30.014 0.5555559993
17528  38.219  -18.870  30.170 0.6666669846
52427  37.920  -17.540  31.392 0.6666669846
60785  38.062  -19.811  30.266 0.6666669846
17529  37.575  -18.352  32.637 0.6666669846
17208  39.245  -20.566  28.932 0.5555559993
59790  37.647  -17.541  33.195 0.5555559993
52898  40.970  -21.846  29.017 0.5555559993
61223  42.806  -22.043  30.917 0.5555559993
49788  42.939  -21.524  30.325 0.5555559993
17527  39.141  -17.455  29.058 0.7777780294
17534  40.467  -18.986  28.534 0.6666669846
17213  41.992  -20.501  28.742 0.6666669846
57403  43.756  -20.692  31.614 0.5555559993
17860  38.441  -16.578  30.462 0.6666669846
60535  44.200  -19.814  31.786 0.6666669846
17212  43.596  -19.920  30.646 0.5555559993
17859  40.324  -16.123  28.938 0.6666669846
17867  41.714  -17.482  28.335 0.6666669846
17533  42.750  -18.859  29.244 0.7777780294
50457  44.556  -19.211  31.928 0.7777780294
17532  43.813  -18.476  30.784 0.7777780294
57465  44.413  -18.894  31.817 0.7777780294
60546  43.950  -19.076  31.433 0.6666669846
61898  43.966  -19.907  31.603 0.6666669846
17865  43.961  -17.079  30.904 0.8888890147
17866  42.800  -16.545  29.410 0.8888890147
50487  45.088  -17.917  32.047 0.7777780294
17537  44.681  -18.170  31.953 0.7777780294
17531  44.353  -18.003  31.650 0.8888890147
52340  43.202  -17.695  29.816 0.7777780294
57188  45.056  -18.722  32.021 0.7777780294
50185  45.634  -19.213  31.906 0.6666669846
18202  43.651  -15.767  30.410 0.7777780294
18201  44.238  -16.034  31.566 0.8888890147
17864  44.667  -17.170  31.935 0.8888890147
51976  44.439  -16.899  31.743 0.8888890147
49784  45.761  -18.194  31.945 0.7777780294
50954  43.923  -15.012  31.157 0.7777780294
18511  44.004  -15.249  31.781 0.7777780294
17869  45.387  -17.259  32.076 0.8888890147
17870  44.877  -17.250  32.088 0.8888890147
59631  44.785  -16.576  32.129 0.8888890147
18510  44.564  -15.491  32.147 0.8888890147
17872  46.099  -17.264  31.805 0.8888890147
18199  44.759  -16.026  32.281 0.8888890147
18516  44.750  -15.577  32.197 0.8888890147
50587  46.678  -18.042  31.577 0.7777780294
50463  46.393  -18.897  31.705 0.6666669846
18835  44.230  -15.069  32.008 0.6666669846
18205  45.636  -16.464  31.997 0.8888890147
18206  45.029  -16.461  32.250 0.8888890147
18841  45.139  -15.056  32.005 0.8888890147
18834  44.539  -15.051  31.985 0.7777780294
18515  45.154  -15.704  32.126 0.8888890147
61146  44.974  -16.050  32.296 0.8888890147
50452  46.736  -17.153  31.323 0.8888890147
59781  46.236  -16.446  31.500 0.8888890147
19159  44.799  -14.556  31.791 0.5555559993
19158  44.942  -14.240  31.344 0.7777780294
59806  46.713  -16.432  30.952 0.8888890147
49782  47.230  -17.684  31.195 0.7777780294
18520  45.703  -15.684  31.591 0.7777780294
19493  44.088  -12.961  30.616 0.5555559993
19489  44.120  -13.460  31.244 0.4444440007
18840  45.188  -14.805  31.540 0.8888890147
19167  44.946  -13.993  30.837 0.7777780294
19494  43.165  -13.007  30.961 0.2222220004
58703  47.289  -17.035  30.642 0.8888890147
51388  47.797  -17.924  30.788 0.6666669846
57342  48.051  -17.428  30.242 0.7777780294
18519  46.218  -15.709  30.937 0.8888890147
18845  45.659  -14.997  31.041 0.7777780294
53159  43.105  -11.879  30.355 0.3333329856
19166  45.037  -14.008  30.537 0.6666669846
18209  47.649  -16.609  29.692 0.8888890147
49780  48.661  -17.943  29.996 0.6666669846
50776  48.064  -16.388  28.689 0.7777780294
49778  48.909  -16.867  28.726 0.6666669846
19822  44.038  -11.682  29.870 0.2222220004
18844  45.824  -14.887  30.112 0.8888890147
19173  44.336  -12.806  29.431 0.7777780294
59302  43.752  -11.147  29.887 0.1111110002
18518  46.725  -15.909  30.001 0.8888890147
18843  46.116  -14.834  28.738 0.8888890147
19165  45.126  -13.849  29.085 0.8888890147
18523  47.077  -15.798  28.584 0.8888890147
61322  48.511  -16.305  27.876 0.7777780294
17876  49.183  -17.589  29.291 0.5555559993
17543  49.317  -18.377  29.536 0.4444440007
51740  49.358  -16.475  27.898 0.6666669846
53154  49.837  -18.006  28.945 0.2222220004
17545  50.339  -18.427  28.633 0.2222220004
17880  49.688  -17.235  28.565 0.4444440007
17879  50.442  -17.671  28.208 0.3333329856
53915  51.126  -17.760  27.685 0.2222220004
17548  50.965  -18.555  28.089 0.2222220004
17547  51.570  -18.291  27.411 0.2222220004
52571  52.342  -18.938  26.488 0.2222220004
19497  43.859  -12.097  28.032 0.3333329856
19826  43.438  -11.336  28.115 0.3333329856
20180  43.225  -10.682  28.269 0.2222220004
53410  44.494  -10.539  27.203 0.2222220004
55128  45.504  -13.806  27.506 0.8888890147
19172  44.905  -12.657  28.118 0.7777780294
18526  47.553  -15.938  27.289 0.8888890147
50591  49.907  -16.117  27.056 0.6666669846
18213  50.164  -16.815  27.774 0.5555559993
17883  50.919  -16.937  27.428 0.3333329856
18215  51.505  -16.514  26.919 0.3333329856
17882  51.679  -17.393  27.101 0.3333329856
17551  52.104  -18.164  26.794 0.2222220004
19171  46.151  -13.771  25.781 0.8888890147
19177  46.096  -12.765  27.177 0.7777780294
19496  45.246  -11.875  27.567 0.6666669846
19176  47.962  -13.489  25.094 0.8888890147
18850  47.209  -15.302  25.496 0.8888890147
49777  48.738  -14.832  25.397 0.8888890147
49776  48.679  -15.954  26.582 0.7777780294
18216  50.620  -16.165  27.212 0.4444440007
19825  44.980  -11.141  26.822 0.4444440007
54550  46.153  -10.687  27.175 0.5555559993
19500  47.011  -12.116  25.700 0.8888890147
19179  49.654  -13.625  26.004 0.8888890147
49775  49.755  -15.105  26.323 0.8888890147
18531  50.534  -15.376  26.787 0.6666669846
18530  50.970  -15.501  26.873 0.6666669846
18854  51.221  -14.797  26.522 0.5555559993
18857  51.757  -15.293  26.272 0.5555559993
18856  51.999  -14.827  25.646 0.5555559993
18534  51.424  -15.720  26.724 0.4444440007
19829  47.021  -11.138  26.402 0.6666669846
19501  46.302  -12.229  27.042 0.7777780294
49774  50.630  -13.225  26.486 0.7777780294
49773  50.959  -13.968  26.517 0.7777780294
19183  51.178  -13.772  26.299 0.7777780294
50357  50.551  -14.363  26.442 0.7777780294
50536  50.896  -14.814  26.629 0.6666669846
19182  51.570  -13.627  25.801 0.6666669846
19185  51.968  -14.042  25.269 0.5555559993
19511  52.084  -12.800  24.789 0.4444440007
54961  47.817  -12.163  25.902 0.6666669846
20185  47.557  -11.271  26.543 0.5555559993
19499  49.012  -12.331  26.200 0.8888890147
58211  50.123  -12.593  26.585 0.8888890147
50885  51.303  -12.914  26.221 0.7777780294
19186  51.862  -13.086  25.293 0.6666669846
19841  52.116  -11.851  24.827 0.6666669846
55668  49.553  -12.062  26.597 0.7777780294
19504  50.133  -12.038  26.775 0.8888890147
55028  51.005  -12.870  26.529 0.7777780294
19508  51.658  -12.360  25.917 0.7777780294
19512  52.004  -12.069  25.378 0.6666669846
19839  52.015  -11.459  25.903 0.7777780294
19838  52.244  -11.252  25.395 0.7777780294
20197  52.229  -11.089  24.849 0.8888890147
20196  52.063  -11.626  24.163 0.7777780294
50818  50.735  -12.037  26.932 0.8888890147
50579  50.651  -12.335  26.760 0.7777780294
50289  51.039  -12.065  26.750 0.8888890147
58200  51.345  -12.168  26.446 0.7777780294
56135  51.690  -11.654  26.292 0.8888890147
49770  52.256  -10.703  25.838 0.7777780294
57299  51.401  -11.494  26.586 0.8888890147
49772  51.867  -11.047  26.333 0.7777780294
19835  50.922  -11.474  26.746 0.6666669846
50529  51.420  -10.893  26.505 0.8888890147
49771  51.834  -10.370  26.230 0.6666669846
16867  28.308  -21.094  40.911 0.4444440007
16210  28.786  -21.809  40.983 0.4444440007
17497  28.838  -16.769  37.889 0.2222220004
59334  28.691  -19.637  39.754 0.2222220004
15544  30.081  -22.957  39.630 0.4444440007
16544  28.823  -21.324  40.879 0.4444440007
14939  28.851  -24.092  38.208 0.1111110002
16866  28.713  -20.875  40.568 0.3333329856
53692  28.767  -20.223  40.077 0.2222220004
15872  28.089  -22.879  40.419 0.5555559993
15890  35.256  -23.636  34.224 0.1111110002
61756  36.921  -20.170  32.016 0.3333329856
15265  34.933  -25.558  36.051 0.1111110002
17201  36.451  -18.037  36.198 0.6666669846
17523  37.456  -17.862  34.232 0.6666669846
18200  44.588  -16.172  32.055 0.8888890147
50547  47.326  -18.342  31.194 0.7777780294
49779  48.477  -17.117  29.542 0.7777780294
17546  49.871  -18.789  29.077 0.3333329856
17224  50.423  -19.152  28.594 0.2222220004
53535  51.900  -18.799  27.058 0.2222220004
17230  51.896  -19.486  26.977 0.2222220004
18848  46.443  -14.990  27.117 0.8888890147
61213  51.069  -16.165  27.044 0.4444440007
59241  51.514  -14.479  26.115 0.7777780294
18533  51.943  -16.110  26.486 0.3333329856
19189  52.230  -13.884  24.733 0.4444440007
61284  52.343  -10.729  25.313 0.8888890147
15867  27.593  -22.832  41.027 0.4444440007
17157  4.601  -18.148  43.511 0.1111110002
17469  4.775  -17.096  44.338 0.1111110002
16834  4.588  -19.230  42.873 0.1111110002
55641  2.395  -21.370  43.397 0.1111110002
51318  36.157  -17.513  36.861 0.5555559993
15836  8.059  -23.671  46.745 0.1111110002
16839  4.387  -20.395  42.406 0.1111110002
52523  5.384  -19.039  42.376 0.1111110002
16522  3.411  -21.801  42.889 0.1111110002
61173  3.774  -20.870  42.842 0.1111110002
17156  5.660  -18.212  42.816 0.1111110002
16190  2.651  -22.501  43.272 0.1111110002
16518  3.419  -19.906  43.245 0.1111110002
16531  1.165  -22.455  43.342 0.1111110002
56275  1.802  -21.977  43.401 0.1111110002
58346  2.962  -20.624  43.350 0.1111110002
15863  0.658  -23.267  43.290 0.1111110002
16199  0.323  -22.443  43.165 0.1111110002
52650  35.695  -17.174  37.136 0.4444440007
15835  9.010  -23.443  46.269 0.2222220004
51655  8.560  -23.551  46.649 0.1111110002
15837  7.583  -23.817  46.674 0.1111110002
16516  5.417  -21.790  42.567 0.1111110002
16833  5.707  -20.497  42.028 0.1111110002
16832  6.714  -19.866  42.047 0.1111110002
17155  6.956  -18.683  42.179 0.1111110002
16517  4.395  -21.749  42.476 0.1111110002
15834  10.162  -23.177  45.057 0.3333329856
17807  7.358  -16.959  42.919 0.1111110002
17468  5.979  -17.368  43.432 0.1111110002
15862  1.505  -23.324  43.377 0.1111110002
16198  1.889  -22.722  43.401 0.1111110002
16189  3.516  -22.837  43.060 0.1111110002
15534  1.099  -24.018  43.288 0.1111110002
17846  35.778  -17.125  37.161 0.4444440007
17509  34.928  -16.831  37.289 0.3333329856
17847  35.187  -16.750  37.350 0.3333329856
17842  34.611  -16.300  37.714 0.2222220004
59562  33.991  -15.999  38.040 0.2222220004
16172  8.690  -22.843  46.233 0.2222220004
16174  7.709  -23.165  46.323 0.1111110002
15843  7.128  -23.658  46.287 0.1111110002
16511  6.473  -22.038  43.315 0.1111110002
16170  9.633  -22.114  45.134 0.3333329856
16181  6.674  -22.902  44.794 0.1111110002
17466  8.676  -18.810  42.137 0.1111110002
17467  7.160  -17.732  42.560 0.1111110002
16178  10.243  -22.172  44.536 0.3333329856
16186  5.046  -22.649  43.342 0.1111110002
16188  4.236  -22.698  43.017 0.1111110002
15518  4.541  -24.088  44.332 0.1111110002
15849  5.330  -23.561  44.481 0.1111110002
15853  4.003  -23.448  43.583 0.1111110002
15522  2.847  -24.159  43.491 0.1111110002
15855  2.330  -23.381  43.379 0.1111110002
15523  1.969  -24.065  43.363 0.1111110002
56013  0.816  -24.605  43.147 0.1111110002
17175  21.698  -19.669  38.667 0.2222220004
17184  22.162  -19.151  37.761 0.2222220004
18181  34.678  -16.222  37.700 0.2222220004
17843  33.170  -15.716  37.844 0.1111110002
53539  7.691  -22.566  45.543 0.1111110002
16509  8.115  -21.821  44.649 0.1111110002
16830  8.755  -21.040  44.190 0.1111110002
16510  7.292  -22.209  44.404 0.1111110002
52734  7.542  -21.285  43.310 0.1111110002
16831  7.942  -20.567  42.973 0.1111110002
16506  10.791  -21.066  44.103 0.3333329856
15854  3.186  -23.480  43.341 0.1111110002
16851  20.294  -20.178  39.760 0.2222220004
16841  19.682  -19.153  41.634 0.2222220004
16850  21.117  -20.111  39.418 0.3333329856
58603  20.143  -18.653  41.826 0.2222220004
17487  21.504  -18.222  39.695 0.2222220004
17494  22.498  -17.991  38.275 0.2222220004
18178  33.470  -15.770  38.295 0.1111110002
17493  23.535  -18.046  36.952 0.1111110002
17844  32.688  -15.502  38.693 0.1111110002
16502  8.604  -22.297  46.008 0.2222220004
16507  8.903  -21.554  45.645 0.2222220004
16829  8.834  -20.974  44.887 0.1111110002
17148  9.963  -19.919  44.831 0.1111110002
16179  8.201  -22.469  45.882 0.1111110002
16508  8.661  -21.720  45.460 0.1111110002
17153  9.404  -20.323  43.757 0.1111110002
16499  10.214  -21.246  44.832 0.3333329856
16505  11.280  -20.798  43.529 0.3333329856
16497  11.767  -20.143  44.697 0.3333329856
16828  12.315  -19.767  44.187 0.3333329856
17142  13.296  -18.464  45.870 0.1111110002
17141  13.997  -18.447  45.392 0.1111110002
17850  36.285  -17.127  36.992 0.4444440007
17464  15.673  -18.298  45.236 0.1111110002
17149  17.107  -18.043  44.706 0.1111110002
60956  20.324  -19.376  40.732 0.2222220004
52518  17.217  -17.971  44.845 0.1111110002
17176  20.830  -19.001  40.375 0.2222220004
17855  37.522  -17.161  34.244 0.6666669846
17482  19.063  -18.101  43.769 0.1111110002
18173  31.938  -15.331  39.188 0.1111110002
18174  31.359  -15.240  39.542 0.1111110002
17832  24.039  -17.003  38.295 0.1111110002
18175  30.758  -15.089  39.707 0.1111110002
18167  30.346  -15.109  39.788 0.1111110002
18168  29.814  -15.254  39.570 0.1111110002
17831  24.951  -16.737  37.067 0.1111110002
18481  30.165  -14.923  39.959 0.1111110002
61091  26.238  -17.677  36.233 0.1111110002
58504  9.083  -21.302  45.454 0.2222220004
16823  9.201  -20.884  45.282 0.1111110002
61470  10.085  -20.432  45.182 0.2222220004
16821  10.439  -20.160  45.141 0.2222220004
17146  10.723  -19.779  45.164 0.1111110002
17147  10.097  -20.241  45.170 0.1111110002
16820  11.443  -19.505  45.477 0.1111110002
17144  11.919  -19.114  46.008 0.1111110002
16818  12.516  -19.185  45.386 0.1111110002
17143  12.516  -18.679  46.019 0.1111110002
60335  14.817  -18.066  45.483 0.1111110002
61712  14.029  -18.043  45.830 0.1111110002
18177  34.079  -16.008  37.980 0.1111110002
17463  16.405  -17.892  45.030 0.1111110002
61442  17.558  -17.928  44.577 0.1111110002
54726  18.474  -18.253  44.037 0.1111110002
53630  19.466  -18.421  42.994 0.1111110002
17835  29.834  -15.507  39.557 0.1111110002
18169  29.344  -15.723  39.538 0.1111110002
18170  28.959  -16.755  39.284 0.1111110002
17488  20.670  -18.043  41.507 0.1111110002
17481  19.967  -17.932  42.610 0.1111110002
18160  28.931  -15.363  39.283 0.1111110002
17833  22.991  -16.902  39.053 0.1111110002
17826  21.978  -16.935  40.015 0.1111110002
18482  29.587  -14.866  39.867 0.1111110002
18473  28.935  -14.700  39.813 0.1111110002
54593  28.032  -16.098  37.690 0.1111110002
18163  25.565  -15.476  38.923 0.1111110002
17457  11.322  -18.969  45.488 0.1111110002
17856  37.280  -17.589  35.339 0.4444440007
17475  17.885  -18.213  44.287 0.1111110002
59871  31.704  -15.288  39.512 0.1111110002
17161  18.898  -18.479  43.605 0.1111110002
60703  28.596  -15.831  38.846 0.1111110002
18161  28.006  -14.996  39.045 0.1111110002
18474  28.009  -14.496  40.027 0.1111110002
53042  26.536  -16.124  37.030 0.1111110002
17145  11.633  -19.098  45.658 0.1111110002
17853  37.195  -17.159  36.039 0.5555559993
18180  35.374  -16.594  37.400 0.2222220004
18184  36.007  -16.800  37.134 0.3333329856
54368  19.482  -17.857  43.330 0.1111110002
18190  37.687  -16.341  33.969 0.4444440007
18188  36.522  -16.864  36.791 0.4444440007
18496  36.286  -16.207  36.893 0.4444440007
18185  35.952  -15.980  37.065 0.3333329856
18489  34.193  -15.790  38.101 0.1111110002
17828  20.413  -17.403  42.253 0.1111110002
58898  34.969  -15.796  37.646 0.2222220004
17827  21.133  -17.058  41.322 0.1111110002
18497  35.710  -15.757  37.174 0.2222220004
18495  34.162  -15.241  38.148 0.1111110002
53633  33.790  -15.241  38.406 0.1111110002
18501  36.141  -15.322  36.654 0.2222220004
18815  33.646  -14.834  38.512 0.1111110002
18818  35.381  -15.034  37.221 0.2222220004
18819  34.607  -14.772  37.741 0.1111110002
18822  36.268  -14.708  36.102 0.1111110002
18823  35.760  -14.433  36.611 0.1111110002
19140  34.977  -14.002  37.136 0.1111110002
18820  33.910  -14.490  38.245 0.1111110002
19144  36.204  -13.965  36.009 0.1111110002
19139  35.553  -13.528  36.423 0.1111110002
19474  36.086  -13.083  35.770 0.1111110002
17454  12.997  -18.196  46.126 0.1111110002
55206  13.660  -17.977  46.045 0.1111110002
17474  18.195  -17.963  44.275 0.1111110002
17455  12.472  -18.395  46.091 0.1111110002
17814  18.735  -17.759  44.052 0.1111110002
18191  37.341  -16.685  35.298 0.5555559993
18491  32.852  -15.414  38.676 0.1111110002
51977  38.168  -15.139  32.060 0.4444440007
18490  33.586  -15.626  38.366 0.1111110002
18187  36.879  -16.482  36.288 0.4444440007
18499  37.175  -15.843  35.647 0.4444440007
18500  36.814  -15.173  35.954 0.2222220004
18162  26.814  -15.106  38.871 0.1111110002
18164  24.473  -15.780  39.317 0.1111110002
18827  36.839  -14.401  35.645 0.1111110002
19469  35.239  -12.640  36.008 0.1111110002
18502  37.879  -15.569  33.514 0.3333329856
18485  32.177  -15.316  39.169 0.1111110002
61102  29.137  -16.937  39.524 0.1111110002
18503  37.581  -15.794  34.645 0.3333329856
52290  21.843  -16.262  41.110 0.1111110002
18829  39.557  -13.370  30.102 0.2222220004
17825  22.627  -16.067  40.589 0.1111110002
18513  41.799  -12.625  29.134 0.2222220004
18492  32.391  -15.026  39.235 0.1111110002
18165  23.500  -15.873  39.919 0.1111110002
18504  37.436  -14.886  34.918 0.1111110002
19143  36.759  -13.577  35.411 0.1111110002
19473  36.659  -12.725  35.053 0.1111110002
59492  38.552  -14.282  31.509 0.1111110002
19153  40.475  -11.917  29.659 0.2222220004
18477  25.062  -15.001  40.653 0.1111110002
19152  42.308  -12.797  29.904 0.3333329856
18826  37.239  -14.053  35.039 0.1111110002
61791  37.658  -14.009  34.407 0.1111110002
17823  19.242  -17.621  43.625 0.1111110002
18825  37.813  -15.132  33.985 0.3333329856
19151  43.563  -13.686  31.034 0.2222220004
19483  42.836  -12.974  31.022 0.2222220004
18831  37.984  -14.266  33.528 0.1111110002
19818  43.196  -12.569  31.400 0.1111110002
19482  43.540  -12.945  31.397 0.1111110002
18837  39.660  -12.667  30.300 0.1111110002
19817  43.070  -12.311  30.774 0.1111110002
58780  42.673  -12.001  31.375 0.1111110002
18830  38.653  -13.685  31.832 0.1111110002
54920  38.133  -14.756  32.867 0.2222220004
20176  42.494  -10.418  30.892 0.1111110002
20177  42.855  -10.975  31.015 0.1111110002
19809  42.636  -12.271  31.996 0.1111110002
19819  42.833  -11.992  31.520 0.1111110002
20171  42.645  -11.076  31.490 0.1111110002
55774  43.495  -9.949  28.719 0.1111110002
20502  43.396  -9.652  30.169 0.1111110002
59459  42.948  -10.292  30.738 0.1111110002
20505  44.147  -9.729  28.084 0.1111110002
20508  45.455  -10.506  27.352 0.1111110002
51466  46.823  -10.750  26.971 0.3333329856
20191  50.977  -10.889  26.447 0.5555559993
20510  49.935  -11.027  26.199 0.5555559993
20507  49.171  -11.276  26.213 0.4444440007
52765  47.627  -11.057  26.662 0.4444440007
20188  50.561  -11.446  26.662 0.5555559993
20511  48.879  -11.379  25.841 0.4444440007
20512  47.953  -11.459  25.893 0.4444440007
20516  51.385  -10.441  26.351 0.6666669846
20199  51.927  -11.446  23.473 0.6666669846
54749  51.879  -11.726  22.505 0.6666669846
20864  44.552  -9.446  27.790 0.1111110002
20501  43.996  -9.195  29.406 0.1111110002
58965  49.850  -10.937  25.816 0.4444440007
20514  50.594  -10.609  26.008 0.5555559993
21879  50.496  -5.564  17.403 0.6666669846
21546  50.655  -7.338  17.447 0.6666669846
21209  50.583  -8.904  18.807 0.6666669846
21208  50.907  -9.990  20.431 0.6666669846
20889  51.362  -10.562  20.876 0.5555559993
20201  51.766  -11.311  21.755 0.5555559993
21874  50.753  -4.203  18.057 0.6666669846
22256  51.705  -3.342  18.746 0.5555559993
22255  53.307  -3.264  18.798 0.6666669846
22648  52.644  -2.619  19.424 0.3333329856
23064  55.717  -2.654  19.169 0.4444440007
23065  55.221  -2.392  19.399 0.5555559993
23059  54.457  -2.231  19.503 0.3333329856
22647  53.955  -2.638  19.311 0.6666669846
23060  53.255  -2.034  19.716 0.3333329856
23468  53.945  -1.937  19.714 0.5555559993
23469  53.133  -1.573  20.011 0.3333329856
20867  46.388  -11.101  26.146 0.1111110002
20868  45.921  -9.829  27.323 0.1111110002
55465  52.124  -10.185  25.796 0.7777780294
21213  49.951  -8.092  18.628 0.6666669846
20522  51.516  -10.799  22.105 0.6666669846
23474  55.228  -1.958  19.525 0.3333329856
23066  54.796  -2.015  19.591 0.2222220004
55017  51.783  -2.156  20.114 0.2222220004
23061  52.007  -1.776  20.331 0.2222220004
23485  56.389  -1.927  18.729 0.3333329856
23874  55.092  -1.521  19.561 0.2222220004
23470  52.212  -1.372  20.505 0.1111110002
23463  51.295  -1.573  21.036 0.1111110002
23464  50.768  -1.555  21.594 0.1111110002
23877  52.976  -0.945  20.254 0.1111110002
23870  52.222  -1.082  20.625 0.1111110002
24271  52.184  -0.850  20.684 0.1111110002
20876  51.722  -10.040  25.756 0.6666669846
50534  52.231  -10.323  25.385 0.7777780294
21550  49.712  -7.241  18.043 0.6666669846
57165  49.070  -7.840  19.104 0.7777780294
49765  50.227  -9.457  20.800 0.7777780294
20886  51.193  -10.306  22.362 0.7777780294
54868  52.002  -10.923  24.093 0.7777780294
21880  48.832  -6.209  18.016 0.5555559993
20887  50.740  -9.867  21.954 0.7777780294
51427  51.758  -11.088  22.967 0.7777780294
21875  49.476  -4.841  18.028 0.4444440007
22257  49.506  -3.783  18.820 0.3333329856
52921  50.953  -2.757  19.641 0.3333329856
51725  48.999  -3.131  20.141 0.3333329856
23481  55.650  -1.800  19.358 0.3333329856
22649  50.401  -2.436  20.512 0.1111110002
22640  48.953  -2.861  21.369 0.1111110002
23480  56.118  -2.101  19.114 0.3333329856
23880  56.044  -1.583  19.085 0.3333329856
23475  54.614  -1.682  19.672 0.4444440007
23875  54.338  -1.268  19.779 0.2222220004
23476  53.841  -1.444  19.862 0.2222220004
23054  50.728  -2.015  21.009 0.1111110002
22645  49.705  -2.371  21.791 0.1111110002
23049  49.719  -2.343  21.954 0.1111110002
24275  53.598  -0.935  19.907 0.1111110002
61452  56.580  -2.244  18.357 0.3333329856
53118  53.982  -0.597  19.511 0.1111110002
24282  53.225  -0.501  19.796 0.1111110002
24276  52.729  -0.741  20.256 0.1111110002
24682  53.654  -0.212  19.338 0.1111110002
20873  51.088  -10.305  26.043 0.5555559993
56724  51.401  -10.124  25.980 0.4444440007
57282  49.291  -8.648  20.957 0.7777780294
49764  50.313  -9.368  22.314 0.7777780294
50456  52.171  -10.564  24.870 0.7777780294
50248  48.322  -7.819  20.101 0.6666669846
20520  51.644  -10.610  23.388 0.7777780294
22262  48.164  -5.101  18.447 0.3333329856
50332  47.350  -4.893  19.806 0.3333329856
21867  48.668  -7.286  24.130 0.2222220004
22251  47.561  -4.027  21.063 0.1111110002
21871  46.669  -6.539  23.059 0.2222220004
22248  47.067  -4.453  22.158 0.1111110002
23881  55.535  -1.295  19.322 0.3333329856
23882  55.068  -0.955  19.420 0.3333329856
59392  54.336  -0.937  19.597 0.2222220004
24281  54.678  -0.676  19.307 0.3333329856
24681  54.334  -0.285  19.114 0.2222220004
49767  51.011  -9.787  23.126 0.7777780294
20883  51.511  -10.159  23.808 0.7777780294
50211  51.868  -10.101  24.774 0.7777780294
59277  51.901  -10.450  24.295 0.7777780294
57161  47.719  -7.359  21.047 0.4444440007
50796  46.299  -5.892  21.588 0.2222220004
23884  56.220  -1.456  18.546 0.3333329856
24285  55.844  -1.087  18.896 0.3333329856
24280  55.308  -0.823  19.144 0.3333329856
23488  56.692  -2.320  17.782 0.3333329856
23075  56.874  -2.965  17.366 0.3333329856
24686  53.967  -0.055  18.874 0.1111110002
23078  57.055  -2.869  16.515 0.3333329856
24685  54.511  -0.132  18.454 0.1111110002
24691  53.844  0.087  18.365 0.1111110002
23493  56.897  -2.264  16.160 0.3333329856
20881  51.225  -9.820  25.416 0.5555559993
61778  51.142  -9.476  24.466 0.7777780294
49768  51.486  -9.712  24.901 0.7777780294
49769  51.906  -10.003  25.393 0.7777780294
50459  49.441  -8.641  22.705 0.6666669846
49766  50.638  -9.319  23.346 0.7777780294
57414  51.236  -9.647  24.138 0.7777780294
58183  47.943  -6.899  23.588 0.4444440007
21539  49.623  -7.884  24.225 0.4444440007
23489  56.484  -1.860  18.159 0.3333329856
54591  55.523  -0.683  18.589 0.1111110002
24286  54.963  -0.437  18.855 0.2222220004
24289  55.588  -0.707  17.910 0.2222220004
58752  55.148  -0.388  18.209 0.2222220004
23491  56.836  -2.330  17.001 0.3333329856
50423  51.504  -9.819  25.320 0.7777780294
50604  50.469  -9.050  23.840 0.7777780294
21204  50.305  -8.861  24.269 0.6666669846
21535  50.274  -8.830  24.301 0.5555559993
21198  50.707  -9.369  24.756 0.5555559993
21538  49.456  -8.087  23.769 0.6666669846
21870  48.133  -7.535  22.575 0.4444440007
23887  56.253  -1.445  17.862 0.3333329856
24288  55.949  -1.026  18.255 0.3333329856
23886  56.534  -1.875  17.438 0.3333329856
21201  50.946  -9.433  24.821 0.5555559993
24722  55.107  -0.238  13.051 0.2222220004
20877  50.962  -9.867  25.411 0.4444440007
24707  55.266  -0.726  13.821 0.2222220004
16173  8.306  -23.024  46.408 0.1111110002
53951  8.812  -22.025  45.738 0.3333329856
54842  6.475  -24.144  46.017 0.1111110002
15845  6.129  -23.505  45.172 0.1111110002
15517  5.140  -24.306  44.933 0.1111110002
16180  7.198  -23.014  45.646 0.1111110002
16185  5.911  -22.793  43.955 0.1111110002
16501  9.578  -21.614  45.542 0.3333329856
16817  13.226  -19.042  44.981 0.1111110002
16500  10.005  -21.031  44.984 0.2222220004
16819  12.140  -19.308  45.621 0.2222220004
15521  3.708  -24.213  43.820 0.1111110002
23889  56.578  -1.876  16.617 0.3333329856
23893  56.247  -1.528  16.194 0.3333329856
58553  55.228  -0.529  17.576 0.2222220004
23890  56.247  -1.496  17.070 0.3333329856
24291  55.926  -1.091  17.512 0.1111110002
16171  9.088  -22.573  45.759 0.3333329856
61780  9.551  -23.302  45.683 0.2222220004
59389  6.859  -21.242  42.880 0.1111110002
15844  6.704  -23.445  45.710 0.1111110002
17154  8.384  -19.757  42.489 0.1111110002
16177  10.937  -22.497  43.823 0.3333329856
15850  4.666  -23.295  43.776 0.1111110002
15514  5.724  -24.214  45.366 0.1111110002
56415  2.519  -24.750  43.396 0.1111110002
16822  9.733  -20.692  45.210 0.1111110002
16498  11.069  -20.044  44.985 0.3333329856
58984  36.677  -15.832  36.335 0.2222220004
18810  33.100  -14.960  38.833 0.1111110002
21878  52.362  -4.262  17.858 0.5555559993
23473  55.721  -2.259  19.326 0.3333329856
23058  54.780  -2.682  19.277 0.4444440007
50336  49.863  -8.720  19.735 0.7777780294
23869  53.023  -1.238  20.182 0.2222220004
23055  50.442  -1.893  21.680 0.1111110002
21551  49.643  -7.796  18.627 0.6666669846
57283  47.562  -6.732  19.085 0.4444440007
23876  53.577  -1.182  20.002 0.1111110002
22641  48.267  -3.220  22.375 0.2222220004
23892  56.575  -1.825  15.761 0.3333329856
15895  36.170  -21.652  31.903 0.2222220004
15896  35.937  -22.702  32.404 0.1111110002
15565  35.805  -23.721  33.424 0.1111110002
15275  36.234  -24.892  33.475 0.1111110002
53237  36.715  -21.223  31.273 0.2222220004
15894  36.778  -22.624  31.016 0.2222220004
15564  36.604  -23.844  32.313 0.2222220004
15563  37.686  -24.244  31.060 0.1111110002
15274  37.215  -25.113  32.250 0.1111110002
15904  37.546  -21.562  29.626 0.2222220004
15572  38.335  -23.511  29.483 0.1111110002
16240  38.910  -21.362  30.069 0.3333329856
15903  39.835  -22.538  29.160 0.2222220004
15571  40.258  -24.017  30.342 0.2222220004
16238  42.173  -23.000  30.867 0.3333329856
16239  40.919  -22.290  29.937 0.3333329856
15901  42.417  -23.675  31.676 0.2222220004
15902  41.414  -23.381  30.553 0.2222220004
50780  42.213  -22.477  30.448 0.3333329856
50233  42.867  -22.821  31.514 0.3333329856
49785  43.361  -21.598  31.623 0.4444440007
61505  43.393  -21.814  31.876 0.4444440007
50310  45.127  -19.731  31.992 0.6666669846
50291  43.274  -22.259  31.828 0.3333329856
49787  43.040  -22.151  31.442 0.3333329856
15900  42.962  -23.251  31.840 0.2222220004
50187  44.708  -20.478  31.872 0.4444440007
60137  43.292  -22.759  31.838 0.2222220004
16573  45.188  -20.860  31.673 0.3333329856
49786  44.006  -20.599  31.863 0.5555559993
57354  43.632  -21.405  31.909 0.5555559993
50183  44.355  -20.095  31.900 0.6666669846
50593  44.088  -20.897  31.915 0.5555559993
61274  43.856  -21.549  31.928 0.4444440007
16574  44.421  -21.373  31.831 0.3333329856
19150  44.051  -14.687  31.778 0.5555559993
60493  44.224  -13.850  31.446 0.4444440007
19160  44.086  -13.960  31.317 0.3333329856
19832  50.270  -11.823  26.786 0.6666669846
19828  48.558  -11.599  26.264 0.4444440007
20186  46.514  -10.682  26.993 0.3333329856
58412  49.527  -11.863  26.619 0.5555559993
20184  48.859  -11.689  26.425 0.3333329856
20189  49.833  -11.712  26.615 0.3333329856
20878  50.616  -10.004  25.325 0.4444440007
21194  50.170  -9.221  24.491 0.4444440007
21531  50.206  -8.749  24.265 0.2222220004
21536  49.688  -8.099  24.200 0.2222220004
19843  51.999  -12.143  23.252 0.6666669846
19517  52.227  -13.042  22.890 0.4444440007
24690  54.782  -0.277  17.685 0.1111110002
24292  55.522  -0.832  17.131 0.1111110002
24295  55.436  -0.985  16.135 0.1111110002
24299  55.366  -1.017  14.940 0.1111110002
29607  53.966  12.366  8.275 0.1111110002
29172  54.162  12.255  9.264 0.1111110002
50329  43.534  -21.988  31.899 0.2222220004
19515  52.101  -12.643  24.006 0.5555559993
21864  49.098  -7.566  24.266 0.2222220004
16244  44.016  -22.229  31.843 0.3333329856
19490  43.679  -13.197  31.223 0.1111110002
58215  18.961  -21.977  38.233 0.2222220004
15860  19.109  -23.680  38.085 0.3333329856
15861  17.764  -23.859  37.271 0.3333329856
16196  20.343  -22.558  37.434 0.2222220004
53403  20.484  -24.431  37.182 0.2222220004
15519  15.675  -24.784  39.792 0.2222220004
16195  21.239  -23.420  38.231 0.2222220004
15532  18.956  -24.625  38.180 0.1111110002
15531  20.836  -25.171  37.961 0.1111110002
55263  22.907  -24.678  39.582 0.2222220004
54132  21.888  -24.806  38.404 0.2222220004
15530  22.262  -25.661  39.622 0.1111110002
59088  22.924  -25.424  40.409 0.1111110002
54133  23.561  -25.203  41.526 0.1111110002
16197  17.799  -22.291  37.433 0.3333329856
16530  19.374  -21.073  39.139 0.2222220004
59372  22.378  -23.839  37.698 0.2222220004
55264  23.978  -24.497  41.207 0.2222220004
55079  24.605  -24.156  42.056 0.2222220004
54134  24.141  -24.815  42.301 0.2222220004
16521  17.702  -20.681  39.582 0.3333329856
59043  16.486  -21.464  37.779 0.3333329856
16520  18.705  -20.184  40.318 0.3333329856
15851  16.238  -23.496  38.134 0.3333329856
16528  20.858  -21.843  38.356 0.1111110002
16527  22.730  -22.609  37.043 0.2222220004
16529  19.992  -21.396  38.820 0.2222220004
16194  23.617  -23.868  39.389 0.2222220004
16526  24.041  -22.775  39.256 0.2222220004
16192  25.098  -23.496  41.765 0.1111110002
16193  24.516  -23.679  40.935 0.2222220004
16191  25.421  -23.399  41.982 0.2222220004
16205  25.969  -23.044  41.673 0.2222220004
15858  25.106  -24.117  42.433 0.2222220004
16519  19.262  -20.018  40.544 0.2222220004
16852  19.725  -20.141  40.206 0.2222220004
52648  21.224  -21.072  38.330 0.2222220004
16525  25.008  -22.839  40.721 0.1111110002
16849  22.560  -21.114  37.550 0.1111110002
16524  25.537  -22.753  41.493 0.1111110002
15856  26.221  -23.588  41.649 0.2222220004
15868  26.912  -23.193  41.323 0.2222220004
15543  30.755  -23.039  39.323 0.3333329856
59964  30.463  -23.310  39.229 0.3333329856
16512  17.057  -19.654  41.418 0.3333329856
16187  16.146  -20.454  39.429 0.3333329856
16844  18.100  -19.440  41.773 0.2222220004
54291  15.281  -22.309  38.798 0.3333329856
16540  25.420  -22.109  40.592 0.1111110002
16848  24.422  -21.924  39.199 0.1111110002
16539  25.934  -22.064  41.273 0.1111110002
16860  25.795  -21.525  40.465 0.3333329856
16206  25.904  -22.549  41.593 0.2222220004
16538  26.495  -22.221  41.448 0.2222220004
16204  26.768  -22.748  41.423 0.4444440007
15538  27.045  -23.434  41.007 0.3333329856
16859  26.351  -21.549  41.022 0.3333329856
16203  27.584  -22.526  41.275 0.3333329856
16214  30.530  -22.129  39.672 0.4444440007
59260  44.412  -22.041  31.715 0.2222220004
60209  26.305  -21.937  41.424 0.3333329856
16858  26.917  -21.508  41.302 0.3333329856
55457  26.786  -20.953  40.559 0.2222220004
16537  27.432  -21.949  41.321 0.4444440007
17180  26.991  -20.151  39.532 0.2222220004
16211  28.153  -22.057  41.261 0.3333329856
17196  31.866  -16.447  35.245 0.3333329856
16243  44.961  -21.603  31.574 0.2222220004
61847  27.358  -21.075  41.035 0.3333329856
16545  28.249  -21.574  41.199 0.3333329856
16546  27.688  -21.291  41.213 0.3333329856
17504  31.596  -16.146  35.820 0.2222220004
16868  27.497  -20.673  40.481 0.2222220004
51358  29.490  -16.308  35.312 0.1111110002
17506  28.264  -17.051  36.981 0.1111110002
17503  32.452  -15.505  37.185 0.1111110002
53219  31.287  -15.447  36.886 0.1111110002
17505  29.992  -15.368  37.834 0.2222220004
16578  45.647  -21.170  31.386 0.1111110002
59553  27.863  -20.882  40.813 0.3333329856
49783  45.439  -20.067  31.801 0.3333329856
16906  45.927  -20.467  31.515 0.2222220004
17861  37.863  -16.685  32.563 0.5555559993
18195  38.517  -15.657  30.802 0.5555559993
18508  39.090  -14.413  30.250 0.3333329856
18196  37.948  -15.920  32.744 0.4444440007
18507  41.437  -13.885  29.438 0.3333329856
57139  46.193  -19.717  31.648 0.4444440007
18194  40.040  -14.829  28.917 0.5555559993
18506  43.268  -14.630  29.904 0.5555559993
18836  43.790  -13.551  30.350 0.3333329856
19484  41.634  -11.331  29.745 0.1111110002
59355  46.971  -18.733  31.440 0.6666669846
18193  42.265  -15.189  28.890 0.5555559993
52880  43.788  -14.500  31.155 0.4444440007
18512  43.234  -13.968  30.187 0.3333329856
54262  43.979  -14.273  31.441 0.3333329856
19481  43.972  -14.034  31.256 0.2222220004
59869  48.208  -17.935  30.396 0.4444440007
61725  57.314  -5.535  16.036 0.1111110002
22279  57.403  -4.840  15.373 0.1111110002
21219  55.354  -7.241  16.652 0.2222220004
56208  54.435  -8.584  16.490 0.2222220004
21554  55.904  -6.187  16.931 0.2222220004
21891  56.531  -5.298  16.981 0.1111110002
21553  56.309  -6.282  16.841 0.2222220004
21218  55.826  -7.162  16.943 0.2222220004
60668  56.832  -4.853  16.923 0.1111110002
21556  56.696  -6.336  16.569 0.1111110002
22277  57.278  -4.992  16.087 0.1111110002
21893  57.188  -5.492  16.292 0.1111110002
21559  57.034  -6.009  16.335 0.1111110002
22281  57.170  -4.438  14.619 0.1111110002
20179  44.647  -10.145  27.298 0.1111110002
21212  51.419  -9.590  18.262 0.4444440007
20892  51.473  -10.289  19.502 0.4444440007
21216  51.867  -7.805  16.679 0.4444440007
20527  51.798  -10.737  19.663 0.4444440007
58870  53.284  -5.978  16.595 0.4444440007
21211  52.830  -9.027  16.759 0.4444440007
20891  52.242  -10.256  18.084 0.4444440007
20523  52.104  -11.213  19.852 0.4444440007
21549  54.499  -5.318  17.084 0.4444440007
21215  54.062  -7.070  16.349 0.3333329856
21883  55.311  -4.856  17.466 0.3333329856
21548  55.266  -5.896  16.899 0.3333329856
22265  55.710  -4.242  17.865 0.2222220004
22658  56.442  -3.774  17.819 0.1111110002
22268  56.213  -4.527  17.530 0.2222220004
21887  56.184  -5.450  17.118 0.2222220004
60059  56.700  -3.858  17.490 0.1111110002
22272  56.605  -4.408  17.314 0.1111110002
22665  57.036  -3.644  16.695 0.1111110002
22664  57.100  -4.393  16.481 0.1111110002
23080  57.225  -3.442  15.603 0.2222220004
22668  57.223  -4.087  15.952 0.1111110002
20524  51.713  -10.989  20.859 0.4444440007
20204  51.989  -11.438  20.738 0.4444440007
19848  52.083  -12.037  21.173 0.4444440007
19845  52.109  -12.517  22.160 0.3333329856
20203  52.352  -11.789  19.968 0.3333329856
19520  52.459  -13.224  21.968 0.3333329856
21884  54.872  -4.031  18.083 0.4444440007
22269  56.065  -3.654  18.171 0.2222220004
55946  56.707  -3.329  17.829 0.1111110002
22662  56.852  -3.608  17.318 0.2222220004
22669  57.164  -3.358  16.095 0.2222220004
18859  52.440  -14.760  25.004 0.3333329856
54663  52.263  -13.458  24.252 0.3333329856
21877  53.585  -4.795  17.489 0.4444440007
21545  52.064  -5.804  16.960 0.4444440007
19191  52.424  -13.689  23.487 0.3333329856
22260  55.635  -3.559  18.426 0.4444440007
22654  55.915  -3.060  18.765 0.3333329856
22659  56.370  -3.060  18.416 0.3333329856
23071  56.702  -2.719  18.154 0.2222220004
22261  53.835  -3.876  18.293 0.4444440007
22651  55.303  -3.042  18.935 0.4444440007
22254  54.453  -3.227  18.878 0.4444440007
56423  52.260  4.901  10.092 0.1111110002
15533  17.022  -24.605  38.109 0.2222220004
15852  15.270  -23.901  39.810 0.3333329856
15221  16.148  -25.518  39.369 0.2222220004
16843  18.761  -19.279  42.010 0.2222220004
16513  15.791  -20.049  41.232 0.3333329856
16861  24.933  -21.313  39.154 0.1111110002
55921  26.058  -20.977  39.972 0.3333329856
16248  45.342  -21.871  31.234 0.1111110002
21897  57.419  -5.585  15.713 0.1111110002
21558  57.250  -6.099  15.980 0.1111110002
55294  57.351  -5.159  14.690 0.1111110002
21888  55.826  -5.136  17.299 0.2222220004
21894  56.915  -5.461  16.616 0.1111110002
22273  57.071  -4.910  16.592 0.1111110002
22274  56.894  -4.245  17.002 0.1111110002
22671  57.217  -3.912  15.188 0.1111110002
19522  52.496  -12.921  21.109 0.2222220004
19188  52.650  -14.263  24.056 0.3333329856
18862  52.715  -14.714  24.499 0.3333329856
17217  46.944  -19.411  31.339 0.4444440007
61855  47.368  -18.933  31.176 0.3333329856
55757  47.637  -19.434  30.864 0.3333329856
49781  47.823  -18.699  30.878 0.3333329856
52338  56.949  -14.486  13.970 0.1111110002
18568  57.489  -15.380  13.877 0.1111110002
18894  55.974  -14.239  15.921 0.1111110002
19214  55.743  -13.385  16.539 0.1111110002
19216  56.241  -14.102  14.898 0.1111110002
59447  56.324  -14.998  15.389 0.1111110002
19212  55.524  -13.729  17.190 0.1111110002
18895  56.820  -15.201  14.662 0.1111110002
18891  55.820  -14.524  16.744 0.1111110002
18887  55.655  -14.829  17.553 0.1111110002
51164  48.289  -18.401  30.467 0.3333329856
19533  55.564  -12.509  16.859 0.1111110002
19208  55.347  -14.032  17.722 0.1111110002
17544  48.818  -18.763  30.057 0.3333329856
19855  55.302  -12.180  17.071 0.1111110002
19535  55.810  -12.399  16.428 0.1111110002
19529  55.244  -13.195  17.463 0.1111110002
19537  55.906  -12.971  15.758 0.1111110002
19530  54.884  -12.972  17.712 0.1111110002
19527  54.574  -13.634  18.508 0.1111110002
19858  55.984  -11.489  16.546 0.1111110002
19205  55.049  -13.920  18.146 0.1111110002
19539  56.116  -12.975  14.851 0.1111110002
20210  55.679  -11.078  16.843 0.1111110002
19856  54.931  -12.004  17.286 0.1111110002
20206  54.054  -11.875  17.747 0.1111110002
59544  55.736  -11.540  16.754 0.1111110002
19851  53.469  -12.776  18.937 0.1111110002
19853  54.309  -12.852  18.134 0.1111110002
55046  53.948  -13.550  19.096 0.1111110002
20207  53.286  -11.296  18.101 0.1111110002
20211  55.183  -10.956  16.946 0.1111110002
59797  52.584  -11.469  19.102 0.2222220004
53511  52.995  -12.016  18.929 0.1111110002
20532  55.898  -10.147  16.851 0.1111110002
19525  53.218  -13.433  20.137 0.2222220004
20213  56.101  -10.785  16.671 0.1111110002
52097  56.137  -10.271  16.750 0.1111110002
20526  52.502  -10.922  18.713 0.2222220004
20529  54.526  -10.612  17.068 0.1111110002
19847  52.707  -12.513  20.023 0.2222220004
20533  55.528  -10.068  16.895 0.1111110002
53825  55.385  -9.611  16.828 0.1111110002
54700  55.854  -9.180  16.930 0.1111110002
20898  55.572  -8.533  16.732 0.1111110002
20899  56.433  -8.713  16.736 0.1111110002
20897  56.049  -8.010  16.942 0.1111110002
20530  53.352  -10.530  17.428 0.1111110002
20894  54.563  -9.640  16.784 0.1111110002
19194  52.752  -13.965  22.383 0.1111110002
21221  56.427  -7.244  16.679 0.1111110002
52716  53.006  -14.599  23.232 0.2222220004
18865  53.632  -15.434  23.159 0.1111110002
18542  53.830  -15.942  23.760 0.1111110002
18222  53.921  -16.434  24.235 0.1111110002
17891  53.916  -17.023  24.602 0.1111110002
17553  53.302  -17.983  25.483 0.1111110002
53792  53.825  -17.810  24.825 0.1111110002
18217  51.998  -16.795  26.656 0.2222220004
17885  52.333  -17.395  26.482 0.2222220004
17888  52.923  -17.270  25.898 0.2222220004
18861  53.244  -15.156  23.986 0.1111110002
18539  53.553  -15.809  24.336 0.1111110002
18223  53.437  -16.222  24.890 0.1111110002
17887  53.460  -17.105  25.254 0.1111110002
18220  52.455  -16.614  26.207 0.2222220004
18536  52.730  -15.569  25.295 0.1111110002
18219  52.958  -16.406  25.618 0.2222220004
56537  53.077  -15.360  24.694 0.1111110002
18537  52.333  -15.801  25.935 0.1111110002
23069  56.108  -2.597  19.016 0.2222220004
23484  56.451  -2.436  18.714 0.2222220004
23900  56.087  -1.211  13.067 0.2222220004
25148  54.971  1.347  9.887 0.2222220004
23903  55.840  -1.023  12.105 0.2222220004
24741  55.100  0.717  10.365 0.2222220004
25568  54.597  1.956  9.748 0.2222220004
26038  54.066  2.362  9.240 0.2222220004
26029  54.072  2.335  9.725 0.2222220004
24309  55.655  -0.680  12.361 0.2222220004
23898  56.366  -1.710  13.638 0.1111110002
23085  56.783  -2.733  14.315 0.1111110002
23083  57.068  -3.135  15.023 0.1111110002
24734  55.234  0.032  11.267 0.2222220004
25138  54.778  1.281  10.545 0.2222220004
25565  54.418  1.905  10.333 0.2222220004
26039  53.303  2.854  9.692 0.1111110002
26030  53.416  3.066  9.963 0.1111110002
23081  57.100  -2.785  15.665 0.1111110002
58328  56.647  -2.000  14.517 0.1111110002
23497  56.645  -2.209  14.236 0.1111110002
23494  56.891  -2.476  14.863 0.1111110002
25569  54.054  2.395  9.972 0.1111110002
26022  53.610  2.866  10.016 0.1111110002
24305  56.016  -1.047  13.287 0.2222220004
58592  56.332  -1.444  13.986 0.2222220004
24306  55.672  -0.666  13.065 0.2222220004
24727  55.095  0.044  12.118 0.2222220004
25130  54.780  0.862  11.146 0.2222220004
25552  54.634  3.335  11.238 0.1111110002
25139  54.545  1.598  10.824 0.1111110002
25559  54.506  2.455  10.770 0.1111110002
23895  56.508  -1.712  14.913 0.2222220004
23495  56.820  -2.142  15.326 0.2222220004
25125  54.271  1.715  11.834 0.1111110002
24728  54.675  0.929  11.686 0.2222220004
25131  54.508  1.740  11.060 0.1111110002
24294  55.881  -1.198  16.652 0.1111110002
23896  56.217  -1.506  15.288 0.2222220004
53150  55.843  -1.258  15.661 0.2222220004
24297  56.194  -1.441  14.525 0.2222220004
24298  55.740  -1.150  14.555 0.2222220004
24301  55.984  -1.150  13.844 0.2222220004
24302  55.603  -0.849  13.658 0.2222220004
24723  54.756  0.570  12.231 0.1111110002
20895  53.480  -9.711  16.935 0.2222220004
20535  56.118  -9.556  16.875 0.1111110002
26492  52.653  4.619  10.385 0.1111110002
14894  9.128  -25.425  46.469 0.1111110002
14899  11.785  -25.845  45.225 0.2222220004
14901  9.696  -25.720  46.026 0.1111110002
15203  8.551  -25.105  46.783 0.1111110002
15210  10.136  -25.451  45.787 0.1111110002
14904  7.584  -25.945  46.402 0.1111110002
14906  6.282  -25.595  45.893 0.1111110002
14905  6.948  -25.730  46.240 0.1111110002
14893  9.593  -25.076  46.203 0.1111110002
15202  9.025  -24.699  46.630 0.1111110002
15209  10.949  -25.498  45.442 0.1111110002
15204  7.911  -24.810  46.861 0.1111110002
14896  8.068  -25.545  46.681 0.1111110002
15211  7.389  -25.255  46.618 0.1111110002
14898  12.635  -25.937  45.047 0.2222220004
15508  7.246  -24.407  46.653 0.1111110002
15513  10.939  -24.774  45.292 0.1111110002
15201  10.163  -24.881  45.712 0.1111110002
15208  11.795  -25.338  45.198 0.2222220004
15506  8.412  -24.295  46.856 0.1111110002
15504  9.485  -24.224  46.176 0.1111110002
15206  13.304  -25.416  44.719 0.2222220004
15505  8.895  -24.045  46.617 0.1111110002
14897  13.254  -25.788  44.888 0.2222220004
15511  12.116  -24.453  44.512 0.2222220004
15842  10.823  -23.993  44.938 0.2222220004
15503  10.169  -24.083  45.486 0.2222220004
15207  12.573  -25.206  44.890 0.2222220004
15218  13.888  -25.948  44.689 0.2222220004
15848  13.487  -23.890  42.685 0.2222220004
15841  11.330  -23.846  44.361 0.2222220004
15509  13.280  -24.371  43.487 0.2222220004
15510  12.813  -24.668  44.207 0.2222220004
15847  13.906  -23.716  41.992 0.2222220004
15205  13.639  -25.249  44.305 0.2222220004
15516  13.973  -24.909  43.494 0.2222220004
15839  12.490  -23.544  43.211 0.2222220004
15840  11.892  -23.677  43.801 0.2222220004
53217  10.673  -23.184  44.524 0.2222220004
15515  14.379  -24.920  42.564 0.2222220004
16176  11.684  -22.330  43.032 0.2222220004
15838  12.965  -23.098  42.571 0.2222220004
15846  14.673  -23.291  40.755 0.2222220004
16827  13.122  -19.554  43.755 0.2222220004
55387  12.103  -20.681  42.720 0.2222220004
16504  13.172  -20.101  42.442 0.2222220004
58812  12.316  -22.296  42.527 0.2222220004
16514  14.470  -20.194  41.026 0.2222220004
16515  13.245  -20.648  41.140 0.2222220004
16175  12.672  -21.517  41.902 0.2222220004
16182  14.866  -21.103  39.826 0.2222220004
16183  13.849  -21.857  40.668 0.2222220004
16184  13.289  -22.502  41.700 0.2222220004
16862  23.260  -20.730  37.574 0.1111110002
16842  19.195  -19.214  41.901 0.1111110002
16503  14.199  -19.701  42.367 0.2222220004
16826  14.010  -19.232  43.654 0.2222220004
16838  15.372  -19.356  42.564 0.2222220004
17183  24.018  -19.904  37.350 0.1111110002
16837  16.577  -19.099  42.857 0.2222220004
17169  18.814  -18.775  43.083 0.1111110002
16835  18.294  -18.886  43.089 0.1111110002
16836  17.621  -18.956  43.067 0.1111110002
17182  25.104  -19.932  38.346 0.1111110002
17181  26.036  -20.118  39.020 0.1111110002
15553  33.880  -23.833  36.894 0.1111110002
15554  33.286  -24.406  37.744 0.1111110002
15252  30.511  -23.706  38.718 0.1111110002
15253  29.671  -23.907  38.445 0.1111110002
14943  30.612  -24.192  37.923 0.1111110002
15263  33.216  -25.309  37.680 0.1111110002
15551  32.602  -23.933  38.081 0.1111110002
15260  32.665  -24.687  37.966 0.1111110002
14947  32.607  -25.473  37.692 0.1111110002
14942  31.520  -24.783  37.597 0.1111110002
14948  32.182  -25.551  37.434 0.1111110002
17187  28.400  -20.470  40.281 0.2222220004
17188  28.071  -20.386  40.253 0.2222220004
15251  31.084  -23.508  38.899 0.1111110002
15255  32.213  -24.127  38.233 0.1111110002
15256  31.726  -23.838  38.529 0.1111110002
15257  31.340  -24.032  38.260 0.1111110002
15261  32.085  -24.640  37.973 0.1111110002
14608  32.580  -26.253  37.320 0.1111110002
14603  31.643  -25.613  37.080 0.1111110002
16905  46.632  -20.142  31.271 0.2222220004
16577  46.317  -20.777  31.118 0.2222220004
16576  46.988  -20.438  30.724 0.1111110002
16904  47.192  -19.912  31.007 0.2222220004
16909  47.555  -20.032  30.639 0.1111110002
16580  47.688  -20.489  30.135 0.1111110002
16908  48.116  -19.831  30.350 0.1111110002
17222  48.748  -19.527  29.968 0.1111110002
16912  48.521  -20.233  29.750 0.1111110002
16584  48.171  -20.890  29.382 0.1111110002
16583  49.011  -20.651  29.119 0.1111110002
16253  48.708  -21.318  28.709 0.1111110002
17219  48.266  -19.120  30.461 0.1111110002
16911  49.219  -19.936  29.392 0.1111110002
16915  49.734  -20.359  28.827 0.1111110002
16587  49.552  -21.098  28.545 0.1111110002
16257  49.304  -21.794  28.165 0.1111110002
17221  49.331  -19.173  29.544 0.1111110002
16256  50.110  -21.567  28.028 0.1111110002
16590  50.799  -21.221  27.744 0.1111110002
16589  51.359  -20.781  27.324 0.1111110002
17233  52.704  -19.315  25.970 0.1111110002
53176  52.281  -19.793  26.385 0.1111110002
16593  51.765  -21.133  26.681 0.1111110002
17225  49.845  -19.579  29.009 0.1111110002
16914  50.385  -19.986  28.483 0.1111110002
16586  50.277  -20.794  28.295 0.1111110002
16918  50.903  -20.393  27.932 0.1111110002
16917  51.433  -19.943  27.470 0.1111110002
17550  52.703  -18.186  26.136 0.1111110002
16921  51.836  -20.298  26.853 0.1111110002
61610  52.715  -18.802  26.071 0.1111110002
17228  50.981  -19.535  28.070 0.1111110002
17227  51.490  -19.107  27.544 0.1111110002
21195  49.785  -9.555  24.174 0.2222220004
61378  25.438  -20.885  39.209 0.1111110002
15212  6.691  -25.005  46.290 0.1111110002
15512  11.647  -24.638  44.922 0.1111110002
15262  33.955  -25.009  37.348 0.1111110002
17511  32.957  -15.747  36.725 0.1111110002
54205  33.940  -16.026  37.561 0.1111110002
17189  27.882  -19.906  39.705 0.1111110002
17499  29.509  -18.700  39.359 0.1111110002
17498  28.944  -17.748  39.200 0.1111110002
17500  28.635  -19.351  39.716 0.1111110002
21191  46.540  -11.092  23.799 0.1111110002
20871  47.310  -11.549  25.335 0.1111110002
20870  48.760  -11.164  24.888 0.1111110002
21190  48.499  -10.048  23.707 0.1111110002
21528  49.535  -9.045  23.875 0.1111110002
21532  49.615  -8.302  24.110 0.1111110002
21861  49.070  -7.854  23.988 0.1111110002
58968  46.901  -6.064  23.463 0.1111110002
21868  48.161  -7.021  23.931 0.1111110002
22244  46.743  -5.078  22.928 0.1111110002
20874  49.927  -10.442  25.125 0.1111110002
24312  55.506  -0.487  11.321 0.1111110002
24740  55.413  0.108  10.190 0.1111110002
25147  55.638  0.926  9.307 0.1111110002
24745  56.384  1.017  8.634 0.1111110002
25156  56.176  1.394  8.536 0.1111110002
25577  56.565  1.793  7.917 0.1111110002
26973  54.888  5.013  4.417 0.1111110002
58499  55.354  1.547  9.140 0.1111110002
25578  55.712  1.783  8.426 0.1111110002
56166  54.914  2.138  8.425 0.1111110002
26046  55.091  2.458  7.565 0.1111110002
26508  54.043  3.050  7.461 0.1111110002
52797  54.548  3.513  6.523 0.1111110002
26512  55.175  3.908  5.700 0.1111110002
26971  53.742  4.983  5.186 0.1111110002
26974  53.927  5.678  4.542 0.1111110002
26978  54.640  6.021  3.842 0.1111110002
26513  53.630  4.232  6.088 0.1111110002
27427  54.401  7.107  3.481 0.1111110002
60040  54.778  1.986  9.135 0.1111110002
26497  53.733  2.753  8.713 0.1111110002
26509  52.964  3.834  7.259 0.1111110002
55799  52.600  5.007  5.988 0.1111110002
27420  52.641  5.903  5.152 0.1111110002
27423  53.565  6.584  4.226 0.1111110002
27889  54.207  8.270  3.259 0.1111110002
27892  54.844  8.683  2.768 0.1111110002
28352  55.576  9.318  1.800 0.1111110002
26504  52.890  3.445  8.060 0.1111110002
26969  51.919  4.544  6.840 0.1111110002
27417  51.603  5.706  6.403 0.1111110002
27424  52.555  7.286  4.758 0.1111110002
27886  53.406  7.770  3.956 0.1111110002
28350  54.967  9.584  2.471 0.1111110002
28355  56.063  9.128  1.236 0.1111110002
28772  56.103  9.796  0.753 0.1111110002
28347  54.262  9.371  3.143 0.1111110002
28768  55.670  10.022  1.336 0.1111110002
28348  53.379  9.156  3.930 0.1111110002
28775  56.217  10.358  0.262 0.1111110002
29188  56.362  10.791  -0.276 0.1111110002
29625  56.181  11.544  -0.204 0.1111110002
28766  55.234  10.246  1.939 0.1111110002
29186  55.740  10.864  0.919 0.1111110002
29189  56.027  11.274  0.277 0.1111110002
28763  54.436  10.379  3.044 0.1111110002
29183  55.387  10.833  1.583 0.1111110002
61303  54.847  10.546  2.476 0.1111110002
60390  52.703  8.401  4.548 0.1111110002
28764  53.858  10.162  3.655 0.1111110002
29184  55.066  11.160  2.196 0.1111110002
29181  54.695  11.286  2.957 0.1111110002
28761  53.290  10.606  4.539 0.1111110002
29622  55.346  11.806  1.698 0.1111110002
61621  53.390  11.598  5.412 0.1111110002
53367  54.117  11.223  3.813 0.1111110002
29178  53.772  11.584  4.650 0.1111110002
29620  54.989  12.087  2.688 0.1111110002
30072  54.922  13.046  3.392 0.1111110002
54208  54.626  12.159  3.585 0.1111110002
29617  54.621  12.930  4.285 0.1111110002
60675  55.510  -0.363  10.615 0.1111110002
26049  55.445  3.023  6.761 0.1111110002
26970  54.698  4.444  5.223 0.1111110002
27891  55.433  8.551  2.240 0.1111110002
26967  51.761  4.304  7.831 0.1111110002
29628  56.362  11.340  -0.855 0.1111110002
28346  52.608  9.491  5.020 0.1111110002
28759  52.801  10.653  5.779 0.1111110002
62092  11.312  -26.048  45.297 0.1111110002
14900  10.466  -25.997  45.556 0.1111110002
14902  9.238  -26.123  46.225 0.1111110002
15217  14.135  -25.715  44.304 0.1111110002
56654  15.502  -26.319  41.515 0.1111110002
56544  14.931  -26.299  43.926 0.1111110002
15222  15.240  -25.681  41.618 0.1111110002
15216  14.492  -25.732  43.862 0.1111110002
15215  14.840  -25.748  43.032 0.1111110002
56642  15.179  -26.400  43.111 0.1111110002
15539  26.432  -24.073  41.651 0.1111110002
15859  24.647  -24.447  42.558 0.1111110002
56653  16.127  -26.252  39.819 0.1111110002
15524  25.876  -24.327  42.060 0.1111110002
15526  24.876  -24.763  42.715 0.1111110002
15525  25.384  -24.533  42.464 0.1111110002
15226  26.045  -24.724  42.010 0.1111110002
59318  17.971  -18.548  43.858 0.1111110002
15857  25.583  -23.851  42.061 0.1111110002
15570  41.560  -24.476  31.667 0.1111110002
15569  42.339  -24.402  32.157 0.1111110002
52244  42.681  -23.988  32.055 0.1111110002
15899  42.962  -23.822  31.977 0.1111110002
15909  43.500  -23.214  31.791 0.1111110002
54937  44.090  -22.733  31.636 0.1111110002
52625  43.786  -23.647  31.571 0.1111110002
15907  44.702  -22.318  31.454 0.1111110002
55732  24.999  -23.941  42.274 0.1111110002
15520  14.909  -24.876  41.446 0.1111110002
14555  12.127  -26.415  45.048 0.1111110002
14910  13.618  -26.420  44.875 0.1111110002
14909  14.396  -26.696  44.713 0.1111110002
55898  14.516  -26.208  44.498 0.1111110002
14907  15.231  -27.084  44.048 0.1111110002
56569  17.227  -26.162  37.623 0.1111110002
