#!ascii label  , from subject sub-1015 vox2ras=TkReg
2314
37532  46.931  31.687  4.383 0.2000000030
37173  46.839  30.678  5.128 0.3000000119
37186  47.347  31.087  4.718 0.2000000030
36833  47.256  30.174  5.537 0.2000000030
36837  47.701  30.719  4.937 0.3000000119
36832  47.636  30.127  5.406 0.3000000119
36510  47.838  29.786  5.565 0.3000000119
36836  47.977  30.565  4.911 0.2000000030
59156  47.854  29.026  5.863 0.4000000060
36184  47.879  29.177  5.858 0.3000000119
58999  48.227  30.252  4.912 0.3000000119
35875  48.192  28.728  6.118 0.5000000000
36513  48.166  29.713  5.102 0.5000000000
59510  48.306  27.925  5.540 0.4000000060
35567  48.501  28.122  6.003 0.5000000000
35570  48.361  28.243  5.352 0.5000000000
36187  48.139  29.075  5.265 0.5000000000
56645  48.439  29.667  4.608 0.5000000000
36512  48.631  30.242  4.358 0.4000000060
34313  48.004  27.979  4.810 0.4000000060
51434  48.128  27.884  5.039 0.4000000060
35874  48.230  28.921  5.000 0.5000000000
34314  47.785  27.983  4.376 0.4000000060
35183  48.282  28.260  4.414 0.5000000000
35572  48.253  28.391  4.645 0.5000000000
36186  48.490  29.287  4.382 0.5000000000
34323  47.707  27.876  3.088 0.5000000000
34322  47.958  27.928  3.310 0.4000000060
35877  48.597  29.105  4.156 0.5000000000
34345  46.994  26.102  -2.877 0.8000000119
34339  47.040  27.735  -1.229 0.8999999762
56562  47.933  27.028  -0.147 0.8000000119
34332  47.903  27.082  1.305 0.6000000238
51699  47.905  27.372  2.268 0.6000000238
34761  48.074  28.113  4.061 0.5000000000
58357  48.391  28.519  3.975 0.5000000000
36515  48.861  29.978  3.907 0.4000000060
33909  47.302  25.015  -2.356 0.8000000119
33902  47.942  25.942  -0.849 0.8999999762
34331  47.887  27.362  1.284 0.8000000119
34768  47.972  28.000  2.902 0.5000000000
35185  48.291  28.353  3.447 0.5000000000
35574  48.621  28.699  3.328 0.5000000000
36189  48.853  29.402  3.573 0.5000000000
33509  45.422  23.275  -3.019 0.6999999881
33914  46.139  24.046  -2.849 0.8000000119
34338  47.973  26.778  0.195 0.8000000119
52123  47.884  27.443  2.361 0.6000000238
35878  48.847  29.121  3.284 0.5000000000
33913  46.989  24.613  -2.236 0.8000000119
33901  48.108  26.068  -0.355 0.8999999762
51756  47.962  27.204  1.369 0.6999999881
34777  48.031  27.933  1.775 0.5000000000
35187  48.205  28.206  2.553 0.5000000000
33908  47.892  25.664  -1.575 0.8999999762
34337  48.061  26.616  0.481 0.8999999762
35576  48.431  28.512  2.596 0.5000000000
33103  44.959  21.833  -2.410 0.6999999881
33508  46.189  24.097  -2.863 0.8000000119
33907  48.192  25.703  -0.410 0.8000000119
32339  46.605  17.081  -1.837 0.6000000238
32701  45.320  18.844  -1.926 0.6999999881
33105  44.907  21.174  -2.531 0.6999999881
33503  47.586  25.080  -1.976 0.8999999762
33515  45.502  23.379  -3.018 0.6999999881
34344  48.216  25.765  -0.256 0.8999999762
34786  48.005  27.085  0.811 0.6000000238
51912  48.221  28.177  1.803 0.5000000000
32340  45.596  18.324  -2.590 0.6999999881
33516  45.150  22.542  -3.206 0.6999999881
33912  48.347  25.471  -1.838 0.8999999762
35190  48.012  27.966  1.050 0.5000000000
32703  45.020  20.005  -2.941 0.6999999881
33507  46.976  25.029  -2.956 0.8000000119
32347  47.574  16.367  -2.679 0.6999999881
32348  46.408  17.284  -3.071 0.6999999881
53376  45.425  18.834  -3.549 0.6999999881
33107  45.075  21.862  -3.413 0.6999999881
33514  46.193  24.209  -4.005 0.8000000119
53148  45.065  20.930  -4.008 0.6000000238
33106  45.702  23.178  -4.160 0.8000000119
32355  46.370  17.641  -4.260 0.6999999881
32704  45.407  19.288  -4.656 0.6000000238
58825  45.374  22.556  -4.048 0.6000000238
33111  45.228  20.999  -5.036 0.6000000238
32708  45.534  19.594  -5.655 0.6000000238
37902  46.340  32.608  4.056 0.2000000030
37549  47.342  32.038  4.131 0.2000000030
37185  47.780  31.437  4.390 0.2000000030
36839  48.401  30.807  4.424 0.3000000119
34351  46.523  24.839  -3.346 0.8000000119
32332  47.820  16.431  -0.426 0.5000000000
32700  46.164  17.738  -0.976 0.6000000238
32698  45.192  19.321  -1.226 0.6999999881
32338  48.307  15.969  -1.819 0.6000000238
58343  48.431  28.608  1.716 0.6000000238
34350  47.543  26.641  -1.913 0.8999999762
33918  47.346  25.997  -2.663 0.8999999762
62024  46.963  25.714  -3.345 0.8000000119
32363  46.351  18.146  -5.412 0.6999999881
33110  45.500  22.443  -4.616 0.6999999881
33109  45.941  23.544  -4.376 0.8000000119
33112  46.133  23.492  -4.995 0.8000000119
32709  45.362  20.898  -5.935 0.6999999881
37910  46.221  33.882  3.821 0.2000000030
37550  46.822  32.876  3.919 0.2000000030
61414  47.866  30.970  4.728 0.2000000030
53440  48.121  31.226  4.425 0.2000000030
55572  49.075  29.379  2.890 0.5000000000
32331  49.490  15.617  -0.169 0.6000000238
51513  49.138  15.621  -1.081 0.5000000000
35880  48.832  29.054  2.538 0.5000000000
32337  50.231  15.328  -1.148 0.6000000238
54193  49.744  15.601  -2.052 0.6000000238
34799  47.824  26.974  -2.060 0.6999999881
34794  47.997  27.202  -1.184 0.6999999881
61818  47.425  26.594  -2.299 0.8999999762
32346  49.038  15.987  -3.079 0.6000000238
32354  47.713  16.603  -3.717 0.6000000238
33513  46.825  24.993  -4.023 0.8000000119
33522  46.628  24.364  -4.566 0.8000000119
33519  46.335  24.344  -4.132 0.8000000119
32362  47.933  16.997  -5.018 0.5000000000
33113  45.585  22.335  -5.400 0.6999999881
32361  49.623  16.610  -5.035 0.5000000000
32369  48.983  17.161  -6.025 0.5000000000
32370  47.483  17.732  -6.176 0.5000000000
32371  46.324  18.756  -6.281 0.6000000238
33115  45.421  21.981  -6.310 0.6999999881
58384  45.721  19.763  -6.340 0.6000000238
32716  45.547  20.328  -6.811 0.6000000238
32373  48.298  17.752  -6.944 0.5000000000
32374  46.981  18.393  -6.974 0.5000000000
32722  46.325  19.250  -7.464 0.6000000238
56535  47.462  18.293  -7.592 0.5000000000
38267  45.782  35.174  3.733 0.2000000030
37909  46.657  34.205  3.728 0.2000000030
37562  47.382  33.020  3.741 0.2000000030
37548  47.695  32.263  3.903 0.2000000030
37190  48.075  31.958  3.923 0.2000000030
36838  48.860  30.936  3.927 0.3000000119
37189  48.535  31.528  3.894 0.2000000030
56536  48.953  30.662  3.871 0.3000000119
36517  49.221  30.658  3.370 0.3000000119
56229  49.216  29.924  3.041 0.3000000119
36191  49.068  29.463  2.230 0.4000000060
51514  50.500  15.283  -0.304 0.5000000000
52985  48.295  28.667  0.768 0.6000000238
35883  48.715  29.181  1.556 0.6000000238
51559  48.083  28.165  0.893 0.6000000238
32336  51.316  15.304  -1.162 0.5000000000
35581  48.045  28.134  -0.094 0.6000000238
35193  47.762  28.273  -0.005 0.6000000238
51590  47.945  27.376  -1.344 0.5000000000
58134  47.380  27.958  -0.101 0.5000000000
54896  50.891  15.558  -2.156 0.5000000000
32345  50.470  15.836  -3.045 0.5000000000
34354  47.285  26.075  -2.936 0.8000000119
33920  47.072  25.607  -3.642 0.8999999762
32353  50.111  16.159  -4.039 0.6000000238
54003  48.951  16.359  -4.185 0.6000000238
59915  51.334  15.844  -3.031 0.5000000000
32352  51.192  16.113  -3.905 0.6000000238
32360  50.868  16.506  -4.918 0.6000000238
33529  46.102  23.346  -5.644 0.6999999881
32707  51.454  16.892  -5.792 0.6000000238
32368  50.356  16.931  -5.914 0.5000000000
33117  45.469  20.928  -7.496 0.8000000119
32715  49.671  17.371  -6.867 0.5000000000
33121  45.863  20.447  -8.433 0.8000000119
32714  50.910  17.230  -6.717 0.5000000000
32721  48.673  17.872  -7.734 0.5000000000
32728  46.957  18.875  -8.271 0.5000000000
32720  50.143  17.572  -7.607 0.5000000000
32727  48.991  18.063  -8.534 0.5000000000
60127  50.584  17.695  -8.102 0.5000000000
32712  52.458  17.258  -6.490 0.4000000060
32711  52.840  17.421  -6.886 0.4000000060
53432  45.845  36.100  3.722 0.2000000030
58394  45.212  37.522  3.902 0.1000000015
38657  45.611  37.058  3.801 0.1000000015
38266  46.302  35.252  3.720 0.1000000015
38265  46.820  34.980  3.652 0.2000000030
37925  47.069  33.981  3.671 0.2000000030
38275  47.168  34.739  3.523 0.2000000030
37924  47.458  33.963  3.491 0.2000000030
37561  47.862  32.992  3.526 0.2000000030
37192  48.390  32.430  3.503 0.2000000030
37194  49.055  32.014  3.049 0.2000000030
58851  48.758  32.008  3.411 0.3000000119
36845  49.396  31.323  2.245 0.3000000119
36843  49.325  31.349  2.936 0.3000000119
36841  49.037  31.338  3.557 0.3000000119
56072  49.420  30.699  1.981 0.3000000119
56053  49.439  30.652  2.649 0.3000000119
36519  49.309  30.015  2.195 0.3000000119
36193  48.949  29.672  1.479 0.4000000060
60993  49.232  29.642  2.600 0.4000000060
52987  48.276  28.644  -0.174 0.6000000238
35198  48.036  27.686  -1.060 0.6000000238
35203  48.180  27.527  -1.803 0.6999999881
51560  48.041  27.094  -2.037 0.6000000238
51511  48.025  27.035  -2.378 0.6999999881
34801  47.568  26.770  -2.377 0.8999999762
34804  47.694  26.369  -3.052 0.8999999762
34357  47.450  25.881  -3.647 0.8999999762
34803  48.113  26.121  -3.982 0.6999999881
61009  47.273  25.564  -3.944 0.8999999762
33518  47.001  25.104  -4.156 0.8999999762
33922  47.658  25.535  -4.324 0.8999999762
33521  47.290  24.939  -4.726 0.8999999762
32351  51.946  16.041  -3.567 0.5000000000
33525  46.753  24.274  -5.131 0.8999999762
32359  51.918  16.479  -4.755 0.6000000238
33533  45.833  23.034  -6.499 0.8999999762
32706  52.264  16.956  -5.791 0.6000000238
32713  51.853  17.224  -6.574 0.5000000000
33120  47.088  19.233  -9.082 0.5000000000
33124  48.661  18.838  -9.889 0.6000000238
32718  52.166  17.460  -7.165 0.5000000000
32719  51.316  17.476  -7.385 0.5000000000
33116  51.585  17.653  -8.018 0.5000000000
33119  48.714  18.509  -9.342 0.5000000000
32726  50.313  17.914  -8.753 0.5000000000
33123  50.089  18.203  -9.399 0.5000000000
39024  45.310  38.051  4.024 0.1000000015
38655  46.587  35.818  3.667 0.1000000015
37564  48.672  32.734  2.994 0.2000000030
37934  47.765  34.040  3.133 0.2000000030
55700  48.913  32.530  2.629 0.3000000119
37565  48.192  33.288  3.080 0.2000000030
37198  49.151  31.980  1.866 0.3000000119
37570  48.927  32.651  2.142 0.3000000119
37196  49.188  31.986  2.501 0.3000000119
59063  49.043  31.941  1.281 0.3000000119
36847  49.278  31.225  1.470 0.3000000119
36521  49.051  30.819  0.857 0.4000000060
59507  49.173  30.339  1.333 0.4000000060
36196  48.793  29.835  0.809 0.4000000060
35886  48.527  29.258  0.600 0.6000000238
35888  48.389  29.051  -0.350 0.6000000238
35585  48.221  28.086  -0.956 0.6000000238
34807  48.586  26.081  -4.526 0.6999999881
34359  48.262  25.727  -4.679 0.8999999762
33924  47.854  25.289  -4.919 0.8999999762
34361  48.235  25.492  -5.101 0.8000000119
33926  47.728  25.127  -5.355 0.8999999762
33524  47.316  24.831  -5.255 0.8999999762
33528  46.652  24.147  -5.748 0.8999999762
33535  45.629  22.650  -7.461 0.8999999762
33125  46.950  19.851  -9.634 0.8000000119
37568  48.395  33.507  2.693 0.3000000119
37937  48.075  34.149  2.719 0.2000000030
37200  48.784  32.285  0.792 0.2000000030
37572  48.788  32.750  1.482 0.3000000119
55858  48.651  33.365  1.880 0.3000000119
37567  48.646  33.302  2.367 0.3000000119
37936  48.327  34.158  2.301 0.3000000119
38283  47.758  34.988  2.827 0.2000000030
36851  48.683  31.781  0.102 0.3000000119
38286  48.114  34.993  2.369 0.2000000030
58158  48.526  31.178  -0.440 0.3000000119
36848  48.983  31.480  0.774 0.3000000119
36523  48.730  30.855  0.147 0.3000000119
56071  48.827  30.262  0.517 0.5000000000
36200  48.385  29.115  -1.123 0.5000000000
36198  48.529  29.636  -0.042 0.5000000000
35890  48.483  28.467  -1.865 0.6000000238
35893  48.656  28.178  -2.704 0.5000000000
61127  48.584  28.031  -2.296 0.6000000238
35588  48.426  28.083  -1.699 0.6000000238
52983  48.383  28.586  -1.032 0.6000000238
35208  48.726  27.116  -3.420 0.6000000238
35590  48.803  27.792  -3.017 0.6000000238
59779  48.489  27.714  -2.261 0.6000000238
35211  48.972  27.039  -4.013 0.6000000238
35205  48.397  27.261  -2.653 0.6999999881
35210  49.062  26.723  -4.527 0.5000000000
35207  48.716  26.553  -4.096 0.6000000238
34810  48.859  26.257  -4.735 0.5000000000
34808  48.258  26.716  -3.277 0.6999999881
34812  48.817  26.025  -5.178 0.6000000238
34815  48.525  25.905  -5.656 0.6000000238
34363  48.406  25.659  -5.324 0.6999999881
34365  47.871  25.343  -5.911 0.6999999881
56556  48.015  25.333  -5.456 0.6999999881
33527  47.177  24.656  -5.804 0.8000000119
34367  47.231  25.030  -6.745 0.6999999881
33531  46.882  24.372  -6.371 0.8000000119
33532  46.449  23.916  -6.415 0.8999999762
33930  46.272  24.033  -7.557 0.8000000119
55421  46.301  23.797  -7.076 0.8000000119
59713  46.335  23.796  -6.789 0.8000000119
33126  45.838  21.002  -8.801 0.8999999762
33133  47.661  19.844  -10.996 0.8999999762
33537  45.667  22.742  -8.128 0.8000000119
33536  45.843  21.523  -9.142 0.8999999762
33130  47.342  19.779  -10.322 0.8999999762
33931  45.790  22.775  -8.799 0.8000000119
59606  48.113  30.878  -1.710 0.2000000030
37202  48.504  32.580  0.267 0.2000000030
36855  48.126  30.356  -2.314 0.2000000030
36528  48.262  30.340  -1.628 0.2000000030
37941  48.445  33.927  1.396 0.2000000030
37939  48.487  34.233  1.879 0.2000000030
38285  48.308  34.886  2.222 0.2000000030
36525  48.425  30.403  -0.768 0.3000000119
61921  48.291  29.840  -2.253 0.4000000060
56133  48.338  29.621  -1.632 0.4000000060
56070  48.610  30.163  -0.157 0.3000000119
56068  48.449  29.764  -0.727 0.4000000060
35895  48.732  28.521  -3.303 0.4000000060
36203  48.481  28.829  -2.235 0.6000000238
51790  49.016  28.013  -4.200 0.5000000000
35594  49.117  27.299  -4.377 0.4000000060
35592  48.907  27.670  -3.566 0.6000000238
34834  47.404  24.173  -13.073 0.6000000238
61926  49.168  26.946  -4.871 0.4000000060
34825  46.269  25.322  -10.436 0.6999999881
34830  47.055  24.221  -12.294 0.6000000238
34382  47.653  23.398  -13.481 0.6000000238
35595  49.181  27.563  -5.033 0.4000000060
34827  46.637  24.286  -11.361 0.6000000238
34379  47.384  23.642  -12.762 0.6000000238
35213  49.118  26.817  -5.395 0.4000000060
34824  46.319  24.445  -10.426 0.6000000238
34377  47.080  23.297  -12.101 0.6000000238
60305  47.474  22.990  -12.874 0.6000000238
58139  48.772  26.539  -5.968 0.4000000060
52006  49.064  26.468  -5.028 0.5000000000
61559  48.569  26.107  -5.955 0.6000000238
34821  46.230  25.175  -9.260 0.6000000238
34371  46.210  24.027  -9.912 0.6000000238
34375  46.572  23.380  -10.990 0.6000000238
34817  48.021  25.690  -6.240 0.6999999881
55841  46.323  23.101  -10.325 0.6000000238
34370  46.150  24.508  -8.779 0.6999999881
55535  46.071  23.458  -9.552 0.8000000119
33933  46.597  22.197  -10.925 0.8000000119
52382  45.990  23.792  -8.591 0.6999999881
34368  46.622  24.767  -7.689 0.6999999881
33932  46.222  22.346  -10.174 0.8000000119
33539  46.711  21.037  -10.692 0.8000000119
59705  45.937  22.784  -9.419 0.8000000119
33538  46.160  21.379  -9.845 0.8000000119
36861  47.929  30.347  -3.153 0.2000000030
36856  47.745  31.156  -2.195 0.2000000030
36862  47.499  31.137  -2.961 0.2000000030
36205  48.437  29.255  -2.673 0.4000000060
36206  48.570  29.140  -3.525 0.3000000119
35897  48.842  28.649  -4.055 0.4000000060
35898  49.009  28.423  -4.765 0.4000000060
34828  46.588  24.993  -11.699 0.6000000238
35223  46.374  26.000  -9.250 0.5000000000
56559  48.951  27.307  -5.982 0.4000000060
34820  46.747  25.451  -7.946 0.6999999881
50931  48.416  26.740  -6.584 0.5000000000
34816  48.220  26.123  -6.485 0.5000000000
55882  47.452  25.553  -7.007 0.6999999881
36864  47.654  30.867  -3.752 0.2000000030
36535  48.130  30.002  -4.243 0.2000000030
60656  48.333  29.637  -3.661 0.2000000030
36533  48.294  29.731  -2.941 0.2000000030
36209  48.649  29.169  -4.370 0.3000000119
36211  48.810  28.912  -5.258 0.3000000119
50793  46.347  26.408  -9.788 0.5000000000
35226  46.236  25.913  -11.010 0.5000000000
35901  49.033  28.175  -5.602 0.3000000119
35221  46.828  26.709  -8.698 0.5000000000
35601  47.468  26.817  -7.793 0.5000000000
35220  46.829  26.112  -8.286 0.5000000000
35902  48.728  28.012  -6.386 0.4000000060
60092  48.048  26.920  -7.145 0.5000000000
35218  47.650  26.242  -7.284 0.5000000000
55849  47.767  30.642  -4.499 0.2000000030
36537  48.047  30.121  -5.181 0.2000000030
36536  48.470  29.506  -4.965 0.2000000030
36540  48.041  29.948  -6.110 0.2000000030
36539  48.474  29.412  -5.699 0.2000000030
36213  48.716  28.728  -6.068 0.3000000119
35606  46.317  26.971  -10.317 0.3000000119
35598  48.460  27.387  -6.742 0.4000000060
35599  47.943  27.444  -7.414 0.5000000000
36866  47.508  30.784  -4.964 0.2000000030
36868  47.527  30.613  -5.667 0.2000000030
36542  47.899  29.781  -6.952 0.2000000030
36214  48.333  29.250  -6.521 0.2000000030
36216  48.373  28.532  -6.846 0.2000000030
36217  48.017  29.065  -7.338 0.2000000030
35603  46.761  27.242  -9.180 0.5000000000
35903  48.295  27.919  -7.004 0.4000000060
35602  47.344  27.409  -8.219 0.5000000000
36871  47.466  30.447  -6.503 0.2000000030
36543  47.335  30.272  -7.324 0.2000000030
36546  47.145  30.082  -8.080 0.2000000030
59629  46.924  29.892  -8.672 0.2000000030
36545  47.648  29.623  -7.741 0.2000000030
36548  46.913  29.417  -9.069 0.2000000030
55091  46.781  28.793  -9.457 0.2000000030
36223  46.330  28.564  -10.180 0.2000000030
36220  47.312  29.490  -8.436 0.2000000030
35911  46.251  27.838  -10.620 0.2000000030
35914  45.992  27.319  -11.441 0.2000000030
36226  45.859  28.121  -11.075 0.2000000030
35909  46.610  28.171  -9.875 0.2000000030
35905  47.795  28.224  -7.749 0.2000000030
35906  47.186  27.935  -8.713 0.2000000030
61541  47.391  28.496  -8.498 0.2000000030
35908  46.712  27.757  -9.573 0.3000000119
35607  46.409  27.624  -10.274 0.3000000119
35611  46.167  27.150  -11.006 0.3000000119
35610  46.190  26.333  -11.515 0.3000000119
36547  46.351  30.013  -9.181 0.2000000030
58760  46.426  29.307  -9.707 0.2000000030
36221  47.216  28.928  -8.793 0.2000000030
35917  45.936  26.849  -12.376 0.2000000030
36219  47.631  28.976  -8.113 0.2000000030
35907  47.018  28.360  -9.154 0.2000000030
55450  46.637  26.116  -13.923 0.2000000030
35615  46.109  26.607  -11.973 0.2000000030
35618  46.307  26.239  -12.982 0.2000000030
36549  45.928  29.799  -9.808 0.2000000030
36224  45.758  29.188  -10.415 0.2000000030
37533  46.570  31.674  4.430 0.3000000119
36181  47.622  29.096  6.457 0.3000000119
53733  48.440  27.936  5.942 0.4000000060
35182  48.331  28.131  5.146 0.5000000000
58295  48.056  26.977  1.992 0.6000000238
33895  47.979  26.673  0.702 0.6999999881
32375  46.148  19.270  -6.838 0.6000000238
61565  48.468  32.208  -0.119 0.2000000030
54929  48.615  25.838  -4.930 0.6000000238
35216  48.900  26.277  -5.511 0.6000000238
33929  47.052  24.638  -6.517 0.8000000119
33928  47.545  24.969  -5.873 0.8000000119
36853  48.325  31.035  -1.088 0.2000000030
56655  47.896  22.794  -14.172 0.6000000238
33937  46.984  22.214  -11.732 0.6999999881
33540  47.107  21.027  -11.422 0.8000000119
36877  46.456  30.380  -8.407 0.2000000030
33078  50.750  17.972  5.480 0.3000000119
33071  49.569  18.314  5.420 0.3000000119
33081  48.805  18.454  4.839 0.3000000119
30852  54.586  14.901  10.716 0.2000000030
30454  54.556  14.114  11.287 0.2000000030
33079  50.036  18.093  5.038 0.3000000119
33080  49.287  18.299  4.729 0.3000000119
33475  48.006  18.545  4.225 0.3000000119
31244  54.687  15.687  10.051 0.2000000030
33088  48.536  18.359  4.063 0.3000000119
31247  54.856  16.091  9.231 0.2000000030
31249  54.881  16.172  8.037 0.3000000119
31957  54.326  16.843  7.330 0.3000000119
32299  53.999  17.131  7.021 0.3000000119
33085  50.682  17.812  4.918 0.3000000119
33087  49.405  18.148  4.314 0.3000000119
61585  47.306  18.635  3.703 0.3000000119
33086  50.083  17.882  4.387 0.3000000119
33484  47.361  18.543  3.289 0.3000000119
32311  52.930  16.546  4.342 0.3000000119
33091  48.849  18.112  3.662 0.3000000119
33092  47.877  18.308  3.185 0.3000000119
50832  52.360  16.189  3.604 0.3000000119
32318  52.272  15.361  1.709 0.3000000119
31978  52.969  15.203  0.975 0.3000000119
33069  51.243  17.998  6.026 0.3000000119
33070  50.443  18.167  6.007 0.3000000119
33072  49.006  18.484  5.675 0.3000000119
33469  48.280  18.589  5.017 0.3000000119
30849  54.470  14.817  11.652 0.2000000030
30451  54.506  13.937  12.066 0.2000000030
33476  47.570  18.653  4.367 0.3000000119
32672  52.861  17.840  6.840 0.3000000119
32673  52.996  17.607  6.265 0.3000000119
32674  51.890  17.793  5.886 0.3000000119
52393  46.827  18.722  3.605 0.3000000119
32671  53.332  17.635  6.871 0.3000000119
32675  51.287  17.768  5.384 0.3000000119
33486  45.885  18.923  2.540 0.2000000030
52367  54.896  16.305  8.669 0.3000000119
31954  54.441  16.945  8.092 0.3000000119
32303  53.705  17.328  6.741 0.3000000119
32306  53.508  17.274  6.118 0.3000000119
32677  52.521  17.542  5.729 0.3000000119
51174  51.880  17.400  5.099 0.3000000119
61106  51.188  17.523  4.834 0.3000000119
33485  46.554  18.744  2.853 0.2000000030
32308  52.647  17.113  5.052 0.3000000119
32679  51.375  17.096  4.328 0.3000000119
58761  50.694  17.483  4.310 0.3000000119
33090  49.548  17.931  3.915 0.3000000119
58594  46.896  18.523  2.477 0.4000000060
32309  52.144  16.818  4.365 0.3000000119
32680  50.041  17.539  3.759 0.3000000119
33096  48.308  17.963  2.908 0.3000000119
33494  46.184  18.811  2.041 0.4000000060
32315  51.600  16.464  3.651 0.3000000119
32684  50.746  16.884  3.507 0.3000000119
32685  49.260  17.719  3.332 0.3000000119
33097  47.175  18.290  2.254 0.4000000060
56359  51.894  15.891  2.816 0.3000000119
32689  48.833  17.407  2.545 0.3000000119
32690  47.704  17.806  2.017 0.3000000119
32319  51.367  15.679  2.062 0.4000000060
32322  52.486  15.196  0.332 0.4000000060
32323  51.678  15.263  0.889 0.4000000060
32335  52.266  15.498  -1.736 0.5000000000
32328  52.716  15.359  -0.943 0.4000000060
51492  49.760  18.381  6.349 0.3000000119
33466  48.393  18.619  5.934 0.3000000119
33068  51.815  18.037  6.634 0.3000000119
52635  51.142  18.182  6.765 0.3000000119
33470  47.710  18.682  5.219 0.3000000119
53039  47.013  18.709  4.459 0.3000000119
31241  54.497  15.584  11.000 0.2000000030
33478  45.630  18.797  3.692 0.3000000119
60763  53.346  17.756  7.389 0.3000000119
51141  52.440  17.842  6.435 0.3000000119
33477  46.218  18.786  3.550 0.2000000030
31609  54.734  16.604  9.062 0.3000000119
33487  45.065  19.116  2.321 0.2000000030
31612  54.717  16.617  8.392 0.3000000119
32295  54.063  17.294  7.852 0.3000000119
32300  53.665  17.550  7.402 0.3000000119
33496  44.737  19.575  1.105 0.2000000030
33499  45.024  19.560  0.336 0.4000000060
32316  51.198  16.193  2.935 0.3000000119
32688  49.809  17.090  2.973 0.3000000119
33098  45.860  18.880  1.096 0.4000000060
32320  50.455  16.247  2.406 0.3000000119
32692  48.316  17.100  1.640 0.4000000060
33100  46.396  18.401  1.150 0.4000000060
33101  45.135  19.488  -0.289 0.4000000060
59927  49.984  16.042  1.522 0.4000000060
32693  47.073  17.717  1.032 0.4000000060
32694  45.740  18.658  0.008 0.4000000060
32329  51.976  15.226  -0.418 0.4000000060
32324  50.796  15.609  1.328 0.4000000060
32326  49.000  16.263  0.938 0.4000000060
32696  47.751  16.959  0.733 0.4000000060
32330  51.101  15.239  0.186 0.4000000060
32344  51.780  15.678  -2.464 0.5000000000
30449  54.173  14.353  12.861 0.2000000030
30446  54.216  13.670  13.154 0.1000000015
33060  50.496  18.351  7.010 0.3000000119
33062  49.089  18.545  6.693 0.3000000119
30850  54.371  15.575  11.696 0.2000000030
30452  54.379  14.411  12.356 0.2000000030
30448  54.421  13.765  12.723 0.1000000015
33059  51.645  18.256  7.431 0.3000000119
33471  47.023  18.730  5.477 0.3000000119
32668  52.372  18.060  7.282 0.3000000119
50821  46.331  18.731  4.586 0.3000000119
31245  54.507  16.264  10.565 0.3000000119
52846  53.007  17.907  7.384 0.3000000119
31604  54.652  16.441  9.785 0.3000000119
33479  44.521  18.873  3.304 0.2000000030
33488  43.795  19.635  1.511 0.2000000030
33497  43.938  20.123  0.495 0.3000000119
59137  43.844  20.770  -0.478 0.4000000060
33500  44.491  20.124  -0.033 0.4000000060
56715  43.835  21.428  -1.300 0.6000000238
33506  44.371  21.280  -1.629 0.5000000000
33505  44.685  20.540  -1.187 0.5000000000
52455  44.915  19.986  -1.261 0.6000000238
51125  50.159  15.580  0.640 0.4000000060
32697  46.509  17.657  -0.012 0.4000000060
31237  54.123  16.048  12.062 0.2000000030
30846  54.227  15.161  12.383 0.2000000030
33049  51.991  18.331  8.252 0.3000000119
53942  51.066  18.367  7.492 0.3000000119
33061  49.819  18.518  7.427 0.3000000119
33467  47.717  18.722  6.235 0.3000000119
31242  54.354  16.192  11.325 0.3000000119
32667  52.664  18.098  8.053 0.3000000119
60134  48.366  18.677  6.985 0.3000000119
32666  53.278  17.876  7.934 0.3000000119
33472  45.434  18.672  4.660 0.3000000119
33073  46.139  18.670  5.715 0.3000000119
33473  44.308  18.626  4.819 0.3000000119
52380  53.694  17.645  8.071 0.3000000119
33480  43.339  18.833  3.825 0.2000000030
31955  54.218  17.251  8.502 0.3000000119
33489  43.172  19.344  2.397 0.2000000030
33896  42.873  21.011  -0.125 0.3000000119
33511  44.803  22.227  -2.519 0.6000000238
33504  44.777  21.198  -2.005 0.6000000238
31233  53.840  15.818  12.776 0.2000000030
32663  52.891  18.075  8.705 0.3000000119
33040  52.320  18.276  8.828 0.3000000119
33050  51.306  18.458  8.221 0.3000000119
33051  50.558  18.522  8.102 0.3000000119
33063  47.692  18.752  7.198 0.3000000119
32662  53.430  17.852  8.638 0.3000000119
33064  46.867  18.718  6.798 0.3000000119
33074  45.046  18.515  5.904 0.3000000119
31605  54.356  16.829  10.285 0.3000000119
33075  43.810  18.250  6.105 0.2000000030
31610  54.426  16.949  9.529 0.3000000119
32296  53.878  17.559  8.580 0.3000000119
33076  43.020  18.366  5.110 0.2000000030
58043  42.575  17.953  6.268 0.2000000030
31949  54.475  16.982  8.794 0.3000000119
33889  42.489  20.391  0.929 0.2000000030
55528  42.307  19.189  3.075 0.2000000030
33082  41.897  18.636  4.178 0.2000000030
58084  39.919  18.545  4.595 0.2000000030
58107  41.395  18.000  5.585 0.2000000030
33903  43.364  22.646  -1.988 0.5000000000
59062  42.991  21.829  -1.258 0.4000000060
33897  41.607  22.113  -0.447 0.3000000119
33910  43.945  23.092  -2.680 0.5000000000
33916  44.798  23.435  -3.051 0.6000000238
33510  44.846  22.302  -2.608 0.6000000238
31234  53.377  16.362  13.135 0.2000000030
59084  54.288  16.686  10.933 0.3000000119
31596  53.967  16.818  11.617 0.2000000030
60875  51.944  18.435  8.934 0.3000000119
53737  49.785  18.654  8.573 0.3000000119
33052  49.011  18.690  7.965 0.3000000119
32660  53.076  18.064  9.352 0.3000000119
32293  53.587  17.788  9.251 0.3000000119
33065  45.676  18.540  7.007 0.3000000119
33066  44.362  18.230  7.296 0.2000000030
57583  42.819  17.890  7.515 0.2000000030
57622  41.021  17.622  7.332 0.2000000030
58074  40.883  18.078  9.276 0.2000000030
31950  54.064  17.382  9.225 0.3000000119
33890  41.102  21.354  0.748 0.3000000119
33490  41.839  20.064  2.026 0.2000000030
33481  40.652  19.482  3.050 0.2000000030
57598  39.060  18.027  6.478 0.2000000030
58106  38.407  18.717  8.905 0.2000000030
34346  45.310  25.264  -3.608 0.6000000238
34341  42.798  25.186  -2.734 0.5000000000
33904  42.074  23.188  -1.536 0.4000000060
33891  39.924  22.359  1.155 0.3000000119
33482  39.284  20.592  2.558 0.2000000030
57565  37.732  18.960  5.228 0.2000000030
58038  36.272  19.791  7.299 0.2000000030
34352  45.886  24.864  -3.626 0.6000000238
33492  39.302  21.698  2.044 0.3000000119
58042  37.837  22.055  2.858 0.2000000030
57557  36.412  21.068  4.766 0.2000000030
31590  52.829  16.819  13.508 0.2000000030
31593  53.685  16.595  12.468 0.2000000030
31601  53.987  17.152  10.835 0.3000000119
33033  52.489  18.291  9.493 0.3000000119
33034  51.881  18.512  9.594 0.3000000119
33041  51.487  18.544  9.118 0.3000000119
56404  53.629  17.712  9.924 0.3000000119
32290  53.257  18.014  9.848 0.3000000119
33042  50.867  18.593  9.026 0.3000000119
33043  50.283  18.647  9.086 0.3000000119
33053  48.096  18.785  8.063 0.3000000119
31946  54.024  17.292  10.070 0.3000000119
33054  47.234  18.816  8.041 0.3000000119
33055  46.242  18.705  8.107 0.2000000030
33047  46.723  18.920  8.965 0.3000000119
33056  44.972  18.524  8.455 0.2000000030
57642  44.178  18.887  9.864 0.2000000030
56829  42.538  18.947  10.585 0.2000000030
57641  43.116  18.262  9.126 0.2000000030
56825  40.728  19.033  10.779 0.2000000030
56823  38.307  19.949  10.877 0.2000000030
58083  38.407  21.220  11.891 0.2000000030
34347  44.785  27.096  -3.316 0.5000000000
33905  40.931  24.594  -1.267 0.4000000060
33898  40.127  23.597  -0.158 0.4000000060
56802  35.685  22.330  10.262 0.2000000030
58039  37.042  23.242  11.585 0.3000000119
34795  46.659  27.435  -2.448 0.6999999881
34790  42.486  28.409  -1.768 0.5000000000
33892  38.844  23.009  1.801 0.3000000119
57559  37.079  23.401  4.446 0.3000000119
57650  36.751  23.981  6.805 0.4000000060
34789  44.514  28.606  -1.710 0.6000000238
34334  40.199  26.303  -0.207 0.4000000060
34335  39.670  25.569  0.558 0.3000000119
34326  39.628  25.896  1.734 0.3000000119
33451  50.452  20.331  13.893 0.1000000015
33858  50.067  20.594  13.943 0.1000000015
33454  50.493  19.869  13.139 0.1000000015
56249  50.579  20.066  13.539 0.1000000015
33870  50.144  20.379  13.564 0.1000000015
33878  49.643  20.519  13.295 0.1000000015
33871  49.654  20.796  13.789 0.1000000015
34288  49.276  20.950  13.532 0.1000000015
34289  48.740  21.121  13.501 0.1000000015
34742  47.919  21.159  13.616 0.1000000015
50905  46.872  21.199  13.965 0.1000000015
56939  46.061  21.158  13.954 0.2000000030
33877  50.043  20.087  13.088 0.1000000015
34291  49.042  20.844  13.017 0.1000000015
34292  48.689  21.069  13.098 0.1000000015
50598  48.121  21.140  13.079 0.1000000015
49882  47.526  21.024  12.832 0.1000000015
57752  46.576  21.078  13.529 0.1000000015
56926  45.528  21.251  13.935 0.2000000030
32658  52.683  18.304  10.235 0.3000000119
33456  50.421  19.583  12.653 0.1000000015
33880  49.921  19.897  12.767 0.1000000015
60937  49.344  20.292  12.794 0.1000000015
50202  48.795  20.411  12.545 0.1000000015
57211  48.262  20.951  12.823 0.1000000015
62030  47.064  21.002  12.978 0.1000000015
57751  46.216  21.016  13.236 0.1000000015
31944  53.578  17.645  10.688 0.3000000119
33028  52.022  18.531  10.315 0.3000000119
54411  50.950  18.665  9.762 0.3000000119
33044  49.182  18.800  9.085 0.3000000119
57182  49.342  19.677  12.070 0.1000000015
50182  48.694  19.847  11.821 0.1000000015
57181  47.902  20.161  11.842 0.1000000015
57867  47.585  20.657  12.378 0.1000000015
57726  45.956  20.603  12.733 0.1000000015
49879  46.893  20.856  12.777 0.1000000015
56916  45.106  21.207  13.963 0.1000000015
33045  48.504  18.887  9.051 0.3000000119
50415  47.523  19.878  11.258 0.1000000015
57329  46.990  20.359  11.984 0.1000000015
57735  45.819  20.135  11.852 0.1000000015
57736  42.955  21.199  14.186 0.1000000015
57330  42.997  21.980  14.813 0.1000000015
33046  47.587  18.987  9.220 0.3000000119
57331  46.705  19.259  9.990 0.2000000030
50283  46.766  19.793  11.043 0.1000000015
56858  44.232  19.912  11.865 0.1000000015
57640  42.679  20.652  13.428 0.1000000015
58608  41.450  21.820  14.457 0.1000000015
50018  41.294  22.647  15.351 0.2000000030
57630  45.676  18.994  9.515 0.2000000030
56844  44.729  19.343  10.591 0.2000000030
56852  43.187  19.403  11.222 0.2000000030
57610  41.828  20.217  12.658 0.1000000015
58882  39.468  21.072  13.321 0.1000000015
58073  39.652  23.037  15.199 0.2000000030
58085  40.609  20.176  11.852 0.2000000030
50005  38.471  23.565  13.845 0.1000000015
58041  40.168  24.677  12.284 0.2000000030
57564  37.985  23.865  11.718 0.1000000015
49995  39.576  24.484  11.965 0.2000000030
56806  37.702  24.941  8.802 0.3000000119
57556  38.970  24.829  10.254 0.3000000119
34766  39.371  26.087  3.227 0.3000000119
50369  38.161  25.318  4.768 0.4000000060
57654  39.731  25.914  8.758 0.4000000060
34788  46.242  28.394  -1.203 0.6000000238
34780  44.479  29.228  0.530 0.4000000060
34791  41.087  27.403  -0.907 0.3000000119
34783  40.526  26.934  1.341 0.3000000119
34774  40.477  26.963  2.478 0.3000000119
55178  44.072  23.105  20.971 0.1000000015
34241  42.986  23.638  20.086 0.1000000015
34250  41.928  23.037  19.203 0.1000000015
33823  42.936  22.891  20.504 0.1000000015
34723  42.198  23.616  18.763 0.1000000015
33829  42.523  20.400  17.290 0.1000000015
34249  42.268  20.619  17.015 0.1000000015
59706  42.741  24.114  18.436 0.1000000015
35145  42.550  24.020  18.247 0.1000000015
33828  43.835  20.126  16.089 0.1000000015
34257  41.496  21.627  17.773 0.1000000015
34725  41.491  23.054  17.834 0.1000000015
33432  45.401  19.790  15.226 0.1000000015
33834  44.515  19.984  15.901 0.1000000015
33835  44.269  20.090  15.442 0.1000000015
34256  43.099  20.741  15.998 0.1000000015
34727  41.430  22.495  16.991 0.1000000015
31584  51.652  17.126  14.517 0.2000000030
33431  47.175  19.752  15.008 0.1000000015
34262  45.983  20.173  15.037 0.1000000015
58980  43.635  20.801  15.752 0.2000000030
34264  42.014  21.086  16.537 0.1000000015
32648  51.190  19.264  14.358 0.2000000030
32279  51.025  19.187  14.835 0.2000000030
33840  47.495  19.973  14.915 0.1000000015
34263  44.904  20.405  14.991 0.2000000030
51968  43.086  20.675  15.921 0.1000000015
31594  53.097  17.057  12.895 0.2000000030
32651  51.256  19.320  13.858 0.2000000030
32652  51.034  19.776  14.327 0.2000000030
33437  48.251  19.931  14.791 0.1000000015
33848  47.710  20.529  14.501 0.1000000015
34267  46.485  20.341  14.835 0.2000000030
34273  44.980  20.612  14.771 0.2000000030
34728  41.948  21.554  16.128 0.2000000030
58569  51.015  19.742  13.928 0.2000000030
33019  50.717  20.143  14.189 0.2000000030
33449  50.245  20.509  14.120 0.1000000015
33859  49.811  20.774  14.033 0.1000000015
33860  49.254  21.141  14.016 0.1000000015
34270  48.637  20.955  14.049 0.1000000015
33847  48.746  20.832  14.147 0.1000000015
34271  47.956  21.092  14.098 0.2000000030
49876  45.768  20.819  14.404 0.2000000030
50476  43.741  20.897  14.698 0.2000000030
57102  43.494  21.382  14.610 0.2000000030
32653  51.536  18.862  13.273 0.2000000030
33018  51.233  19.323  13.318 0.2000000030
33021  50.879  19.903  13.759 0.1000000015
34281  49.049  21.047  13.796 0.1000000015
34282  48.306  21.101  13.867 0.1000000015
50766  47.239  21.013  14.093 0.2000000030
57462  45.247  21.079  14.161 0.2000000030
33022  51.385  19.083  12.555 0.2000000030
33023  50.918  19.624  13.172 0.2000000030
57734  44.874  21.635  14.413 0.2000000030
50039  43.942  21.712  14.764 0.2000000030
31941  53.541  17.493  11.443 0.2000000030
32288  53.011  18.024  11.384 0.2000000030
32655  52.566  18.359  11.130 0.2000000030
33024  52.031  18.586  11.069 0.2000000030
57749  44.036  21.794  14.773 0.2000000030
50064  42.922  21.909  15.197 0.2000000030
32291  53.156  18.050  10.526 0.3000000119
59144  51.514  18.663  10.453 0.3000000119
33035  51.245  18.671  10.116 0.3000000119
33036  50.381  18.711  9.922 0.3000000119
61614  49.781  19.306  11.817 0.1000000015
50054  42.377  23.369  15.359 0.2000000030
33037  49.637  18.810  9.837 0.3000000119
61224  49.220  19.389  11.569 0.1000000015
57733  41.072  23.900  15.781 0.2000000030
33038  48.818  18.985  10.001 0.3000000119
33464  48.154  19.088  9.960 0.2000000030
57052  48.254  19.471  10.944 0.1000000015
57629  40.176  24.474  14.921 0.2000000030
57600  40.233  25.116  13.377 0.2000000030
56824  40.775  25.569  14.013 0.2000000030
57651  41.082  25.560  11.924 0.2000000030
56801  40.871  25.343  13.204 0.2000000030
58040  39.802  24.911  10.825 0.3000000119
57652  40.799  25.074  10.737 0.2000000030
56861  40.789  26.084  8.889 0.3000000119
57611  41.442  25.983  9.768 0.3000000119
50009  41.790  25.903  9.960 0.3000000119
50633  39.957  26.973  4.819 0.4000000060
49884  38.878  26.088  7.415 0.3000000119
58100  42.389  26.787  8.665 0.3000000119
34779  46.064  28.867  0.477 0.5000000000
34781  42.716  28.912  0.739 0.4000000060
34772  42.856  28.518  2.461 0.4000000060
34773  41.569  27.775  2.467 0.3000000119
34765  40.980  27.499  3.621 0.4000000060
34320  41.932  27.609  4.910 0.4000000060
34233  44.251  24.133  20.522 0.1000000015
34242  43.927  24.401  20.057 0.1000000015
33824  43.989  23.802  20.587 0.1000000015
34719  43.952  24.963  19.598 0.1000000015
33423  43.482  21.987  20.903 0.1000000015
34251  43.378  24.204  19.793 0.1000000015
34718  43.219  24.389  19.346 0.1000000015
30829  46.380  14.986  14.565 0.1000000015
33001  44.292  20.237  20.398 0.1000000015
33000  43.526  19.947  19.531 0.1000000015
33822  42.204  21.218  19.502 0.1000000015
35141  43.321  24.782  18.848 0.1000000015
55497  43.279  25.112  18.488 0.1000000015
31214  48.374  15.769  14.165 0.1000000015
30832  49.649  14.936  13.773 0.1000000015
33427  43.064  20.267  17.619 0.1000000015
33426  43.871  19.526  15.730 0.1000000015
35151  42.409  24.056  17.866 0.1000000015
31934  51.663  17.761  14.437 0.2000000030
33425  45.858  19.379  15.184 0.1000000015
31580  51.029  16.765  14.547 0.2000000030
32276  51.200  18.477  14.861 0.2000000030
52603  50.883  18.906  15.061 0.2000000030
31929  50.643  18.222  15.062 0.2000000030
33006  48.337  19.005  15.162 0.1000000015
33010  47.806  19.392  15.059 0.1000000015
34732  41.510  23.528  17.220 0.1000000015
35160  42.101  24.647  17.114 0.1000000015
32278  51.365  18.565  14.411 0.2000000030
60511  50.774  19.292  15.073 0.2000000030
32646  50.327  19.395  15.061 0.2000000030
33009  49.358  19.420  15.052 0.2000000030
33436  48.875  19.750  14.892 0.1000000015
32281  51.571  18.628  13.731 0.2000000030
32649  50.992  19.672  14.656 0.2000000030
33012  50.754  19.681  14.876 0.2000000030
33013  50.079  19.753  14.864 0.1000000015
49875  41.484  23.268  16.452 0.2000000030
31591  52.226  17.247  13.920 0.2000000030
31588  52.096  17.049  14.236 0.2000000030
33015  50.815  20.005  14.584 0.2000000030
33016  50.481  19.994  14.660 0.2000000030
33443  50.377  20.227  14.364 0.1000000015
33846  49.827  20.541  14.214 0.1000000015
54280  48.850  20.466  14.421 0.1000000015
57028  42.510  22.296  15.633 0.2000000030
31597  53.370  17.272  12.174 0.2000000030
51840  51.857  18.686  12.542 0.2000000030
33453  50.912  19.335  12.581 0.2000000030
33025  51.437  18.894  11.851 0.2000000030
33029  51.470  18.758  11.125 0.2000000030
33031  50.597  18.792  10.630 0.3000000119
33030  50.904  18.864  11.154 0.3000000119
33026  50.904  19.078  11.938 0.2000000030
33457  50.354  19.306  12.109 0.2000000030
53652  49.815  19.573  12.258 0.1000000015
57750  41.510  23.148  16.256 0.2000000030
33459  50.206  19.080  11.571 0.2000000030
56917  41.077  24.929  15.219 0.2000000030
33462  49.069  19.189  10.944 0.3000000119
56831  41.320  25.775  12.524 0.3000000119
56897  41.514  25.855  13.213 0.2000000030
50025  41.321  25.637  11.224 0.2000000030
57612  42.195  26.100  10.882 0.3000000119
50042  42.950  26.563  10.787 0.3000000119
57634  42.902  26.838  9.086 0.3000000119
58101  42.210  26.050  10.307 0.3000000119
58102  42.910  27.549  5.920 0.4000000060
50672  40.951  27.159  6.235 0.4000000060
57653  41.177  26.915  7.464 0.3000000119
56832  41.988  26.844  8.056 0.3000000119
34778  46.963  28.242  0.523 0.6000000238
34771  44.357  28.875  2.420 0.4000000060
34764  42.598  28.034  3.739 0.2000000030
57613  42.350  27.313  6.749 0.4000000060
35137  43.869  25.414  19.117 0.1000000015
55024  43.806  25.982  18.813 0.1000000015
52897  45.768  12.510  14.605 0.1000000015
30828  47.975  13.671  13.674 0.1000000015
32638  44.223  19.192  19.495 0.1000000015
31218  49.965  16.352  14.376 0.1000000015
32641  44.116  18.151  17.853 0.2000000030
33004  43.975  18.967  17.772 0.2000000030
33421  43.384  19.721  17.715 0.1000000015
35146  43.068  25.522  18.210 0.1000000015
32640  44.980  17.983  15.738 0.2000000030
33003  44.216  18.766  15.703 0.1000000015
33007  46.460  18.868  15.241 0.1000000015
35152  42.546  25.082  17.809 0.1000000015
31932  51.286  17.873  14.789 0.2000000030
31585  51.078  17.535  14.838 0.2000000030
32644  49.590  19.053  15.158 0.2000000030
32270  49.590  18.296  15.199 0.2000000030
32272  50.348  18.925  15.153 0.2000000030
32273  49.476  18.676  15.204 0.2000000030
32642  48.503  18.579  15.273 0.2000000030
35161  41.941  24.974  16.986 0.1000000015
31936  52.456  17.455  13.356 0.2000000030
50789  41.955  23.626  16.248 0.2000000030
31942  53.058  17.773  11.964 0.2000000030
32654  52.404  18.398  11.803 0.2000000030
35163  41.314  25.031  15.409 0.2000000030
32656  51.961  18.673  11.819 0.2000000030
59798  41.362  26.037  13.694 0.2000000030
58268  42.098  25.571  14.504 0.2000000030
56835  42.381  26.459  12.109 0.3000000119
56818  43.114  26.940  11.146 0.3000000119
57706  42.065  26.164  11.797 0.3000000119
57705  42.917  27.110  10.252 0.3000000119
57719  41.821  25.946  12.229 0.3000000119
57720  43.438  26.746  9.862 0.3000000119
56846  43.352  27.206  7.726 0.3000000119
56911  43.709  27.089  8.041 0.3000000119
56896  44.015  27.058  8.938 0.3000000119
34333  47.392  27.850  0.101 0.6999999881
34770  45.900  28.616  2.343 0.5000000000
34762  45.399  28.318  3.750 0.3000000119
34763  44.063  28.345  3.781 0.4000000060
34319  43.572  27.919  4.903 0.3000000119
57635  43.635  27.437  6.776 0.3000000119
32265  45.789  19.098  19.677 0.1000000015
31571  45.809  17.041  17.741 0.1000000015
31920  45.941  17.115  17.643 0.1000000015
31924  46.045  16.960  16.949 0.1000000015
52874  45.256  17.176  16.439 0.1000000015
31581  50.321  17.359  14.914 0.2000000030
31926  49.444  17.777  15.208 0.2000000030
31578  48.015  17.383  15.525 0.2000000030
32271  48.387  18.061  15.384 0.2000000030
32268  46.882  17.922  15.681 0.2000000030
31577  49.011  17.045  14.873 0.1000000015
35162  41.516  25.137  16.634 0.1000000015
31939  52.680  17.740  12.675 0.2000000030
32284  52.086  18.006  13.296 0.2000000030
31937  51.844  17.928  13.870 0.2000000030
32286  52.018  18.336  12.931 0.2000000030
32283  52.526  18.179  12.198 0.2000000030
57738  41.375  25.033  15.180 0.2000000030
57062  40.491  25.485  14.458 0.2000000030
57562  42.024  26.225  12.767 0.2000000030
57744  41.935  26.434  13.660 0.2000000030
56876  43.020  26.983  11.280 0.2000000030
56921  43.162  27.004  11.308 0.3000000119
57616  43.415  27.082  9.651 0.3000000119
60594  43.628  27.016  10.129 0.3000000119
34324  47.160  28.021  1.951 0.5000000000
34325  46.820  28.144  2.960 0.4000000060
34316  46.818  28.011  4.213 0.4000000060
34309  46.123  27.930  4.832 0.4000000060
57708  44.630  27.318  8.198 0.3000000119
57831  44.597  27.213  8.990 0.3000000119
57561  44.852  27.306  9.171 0.3000000119
34317  46.318  28.130  3.685 0.4000000060
34318  44.944  27.991  4.891 0.4000000060
34310  45.529  27.713  5.814 0.4000000060
49885  44.964  27.487  6.959 0.4000000060
49883  44.399  27.329  7.786 0.3000000119
30824  44.571  14.535  15.507 0.1000000015
31211  45.743  16.067  15.962 0.1000000015
31215  47.339  16.593  15.155 0.1000000015
31212  45.719  16.797  17.187 0.1000000015
31575  46.140  17.017  17.013 0.1000000015
31574  46.742  17.043  16.274 0.1000000015
31923  46.918  17.075  16.077 0.1000000015
52633  46.751  17.237  16.229 0.1000000015
31927  48.275  17.673  15.517 0.1000000015
57788  39.876  25.029  14.698 0.1000000015
56813  39.819  25.438  13.372 0.1000000015
57745  41.613  26.091  11.008 0.2000000030
57660  41.686  26.372  12.990 0.2000000030
56919  42.949  27.074  11.275 0.2000000030
57661  43.993  28.246  10.088 0.2000000030
57678  44.235  27.445  10.953 0.2000000030
50056  44.874  27.773  10.579 0.3000000119
51446  48.014  27.307  3.151 0.5000000000
55367  46.954  27.978  3.496 0.4000000060
60524  47.063  28.034  4.181 0.4000000060
57615  45.311  27.399  8.372 0.3000000119
50010  45.224  27.388  8.942 0.3000000119
57375  45.138  27.846  9.650 0.3000000119
57239  45.879  27.521  6.568 0.4000000060
50468  45.822  27.462  7.190 0.4000000060
56895  45.949  27.491  7.936 0.4000000060
56790  37.544  25.322  8.484 0.2000000030
49880  38.987  24.577  11.369 0.2000000030
57216  40.248  24.805  11.404 0.2000000030
57680  40.332  25.659  12.011 0.2000000030
36813  38.645  27.236  7.297 0.2000000030
57662  38.683  25.458  8.847 0.2000000030
57663  40.618  25.596  10.211 0.2000000030
57824  41.453  26.143  10.522 0.2000000030
50170  39.530  27.225  7.806 0.2000000030
56930  40.949  26.777  8.615 0.3000000119
58025  42.433  27.225  9.671 0.2000000030
56864  42.096  26.993  10.387 0.2000000030
50027  44.817  27.825  10.479 0.2000000030
34315  47.586  27.990  4.042 0.4000000060
34308  46.750  27.813  5.179 0.4000000060
50494  46.394  27.658  5.835 0.4000000060
49996  46.209  27.698  9.025 0.3000000119
57679  45.716  27.791  10.052 0.2000000030
51124  46.927  27.617  5.860 0.4000000060
59140  46.597  27.493  6.418 0.4000000060
56836  46.561  27.492  7.654 0.4000000060
58103  46.667  27.585  8.023 0.4000000060
58045  46.634  27.752  8.562 0.4000000060
56810  40.298  27.249  7.879 0.3000000119
56931  42.951  27.965  9.026 0.3000000119
57154  43.930  28.003  9.158 0.2000000030
56795  44.800  28.051  9.760 0.2000000030
50085  45.081  28.053  9.698 0.2000000030
51123  46.902  27.926  4.970 0.3000000119
58081  46.844  27.892  8.871 0.4000000060
57765  46.525  27.967  9.257 0.3000000119
56865  46.092  28.071  9.740 0.3000000119
34302  47.490  27.544  5.869 0.3000000119
56934  47.038  27.941  9.188 0.4000000060
57029  47.005  28.137  9.799 0.3000000119
56982  44.262  28.196  8.923 0.3000000119
57821  44.907  28.080  9.163 0.2000000030
35857  46.278  28.130  9.992 0.3000000119
33915  45.666  24.250  -3.522 0.6000000238
32314  52.621  15.700  2.716 0.3000000119
30050  54.585  13.176  12.516 0.2000000030
32307  53.089  17.284  5.619 0.3000000119
33495  45.483  19.168  1.552 0.2000000030
32325  49.428  16.686  2.049 0.4000000060
30844  53.850  14.998  13.057 0.2000000030
30447  53.850  14.098  13.369 0.2000000030
34340  43.851  24.565  -3.140 0.5000000000
33491  40.423  20.814  1.862 0.2000000030
58048  38.456  19.808  3.644 0.2000000030
34342  41.629  25.702  -2.061 0.4000000060
56860  37.984  24.398  9.918 0.4000000060
33899  39.353  24.175  1.019 0.3000000119
34328  38.187  23.499  2.373 0.3000000119
34327  38.761  24.598  2.097 0.3000000119
57416  37.936  24.299  3.187 0.3000000119
56888  46.981  21.117  13.277 0.1000000015
50058  44.539  21.313  14.270 0.2000000030
61758  45.565  21.238  13.984 0.1000000015
57355  48.791  20.869  12.949 0.1000000015
57101  48.187  20.557  12.409 0.1000000015
50650  47.665  20.948  12.753 0.1000000015
57737  45.929  20.909  13.223 0.1000000015
56968  44.738  20.976  13.710 0.1000000015
56915  44.558  20.491  12.947 0.1000000015
57404  47.520  19.379  10.430 0.2000000030
57732  45.738  19.570  10.780 0.1000000015
50007  40.429  21.405  14.080 0.1000000015
57599  37.896  22.884  12.616 0.1000000015
58316  38.770  26.317  6.070 0.4000000060
34782  41.446  27.939  1.028 0.3000000119
33830  41.606  22.010  19.206 0.1000000015
33833  46.563  19.809  15.129 0.1000000015
34268  45.023  20.604  14.832 0.2000000030
60691  47.945  20.923  14.157 0.1000000015
34272  46.239  20.944  14.407 0.2000000030
61295  49.406  20.793  14.104 0.1000000015
57692  42.883  22.674  15.618 0.2000000030
33461  49.780  19.035  11.109 0.1000000015
34787  46.943  28.045  -0.722 0.6999999881
33419  43.937  21.005  20.637 0.1000000015
33422  42.918  20.680  19.592 0.1000000015
33839  49.782  19.913  14.723 0.1000000015
50019  42.780  26.384  9.911 0.3000000119
58110  42.574  27.187  7.353 0.3000000119
34311  44.351  27.695  5.851 0.3000000119
32264  45.993  17.974  17.686 0.1000000015
58762  47.148  18.458  15.277 0.2000000030
56804  43.179  27.034  10.534 0.3000000119
57358  43.797  26.743  9.746 0.3000000119
57086  43.997  27.173  8.418 0.3000000119
34769  46.777  28.344  1.740 0.6000000238
50632  44.884  27.537  6.560 0.4000000060
50358  44.179  27.443  6.942 0.3000000119
35548  40.953  25.439  16.273 0.1000000015
57823  40.999  25.353  14.991 0.2000000030
57659  44.166  27.426  10.889 0.3000000119
57588  43.957  27.530  9.712 0.3000000119
57004  45.031  27.309  8.244 0.3000000119
49886  45.254  27.428  7.683 0.4000000060
57746  44.018  27.719  11.181 0.2000000030
57061  44.844  27.807  10.594 0.3000000119
50003  45.806  27.703  9.105 0.3000000119
50306  46.430  27.448  6.962 0.4000000060
57707  45.984  27.477  7.537 0.4000000060
57618  46.059  27.554  8.503 0.4000000060
57768  36.573  24.229  10.408 0.2000000030
56937  37.552  24.674  11.296 0.2000000030
56863  39.593  25.691  9.322 0.2000000030
49991  41.488  26.130  10.104 0.2000000030
57478  42.005  27.065  9.095 0.2000000030
56791  45.518  27.901  10.160 0.2000000030
34307  47.652  27.840  5.002 0.3000000119
58105  47.383  27.391  6.581 0.4000000060
56759  46.933  27.434  6.609 0.4000000060
61572  46.996  27.413  6.929 0.4000000060
56859  47.058  27.875  8.701 0.4000000060
56651  42.141  27.776  8.412 0.3000000119
57857  46.118  28.028  9.841 0.3000000119
56942  45.912  28.048  9.641 0.3000000119
31990  53.272  16.104  -4.045 0.2000000030
31992  53.557  16.230  -4.692 0.3000000119
31995  53.897  16.757  -6.179 0.2000000030
32342  52.998  16.000  -3.442 0.4000000060
32343  52.520  15.901  -3.061 0.4000000060
32334  52.940  15.631  -2.268 0.4000000060
31993  53.298  16.452  -4.837 0.3000000119
60798  54.023  17.042  -6.841 0.2000000030
31648  54.294  17.063  -7.337 0.1000000015
31650  54.456  17.090  -8.571 0.1000000015
31653  54.403  16.889  -9.086 0.1000000015
37535  45.550  32.065  4.272 0.2000000030
37534  46.073  31.759  4.411 0.2000000030
61232  52.805  16.130  -3.764 0.4000000060
32350  52.993  16.363  -4.385 0.4000000060
31996  53.527  16.714  -5.627 0.2000000030
31998  54.202  17.319  -7.818 0.1000000015
31999  54.203  17.344  -8.336 0.1000000015
32002  53.944  17.096  -9.601 0.1000000015
32000  54.083  17.248  -8.916 0.1000000015
32005  53.831  16.915  -10.479 0.2000000030
32006  53.276  17.330  -10.919 0.2000000030
32388  52.813  17.643  -10.645 0.2000000030
51256  52.528  16.261  -4.116 0.4000000060
32357  53.129  16.763  -5.371 0.3000000119
32366  53.272  17.150  -6.252 0.3000000119
32365  53.686  17.129  -6.564 0.3000000119
55136  53.883  17.367  -7.360 0.3000000119
31309  52.514  16.524  -13.871 0.1000000015
32001  53.575  17.422  -9.371 0.2000000030
32003  53.432  17.373  -10.134 0.2000000030
31669  52.620  17.123  -13.532 0.1000000015
32008  53.163  17.277  -11.640 0.2000000030
32011  53.074  17.218  -12.334 0.2000000030
32358  52.663  16.659  -5.082 0.4000000060
32367  52.823  17.063  -5.990 0.4000000060
32376  53.845  17.508  -8.079 0.2000000030
32378  53.738  17.492  -8.703 0.2000000030
31667  52.864  17.171  -13.012 0.2000000030
32372  53.385  17.443  -7.082 0.3000000119
32012  52.442  17.656  -12.768 0.2000000030
32007  52.695  17.631  -11.444 0.2000000030
32009  52.709  17.578  -12.087 0.2000000030
32014  52.208  17.678  -13.499 0.2000000030
51924  52.434  17.590  -7.585 0.3000000119
32729  52.838  17.694  -8.327 0.3000000119
32381  53.155  17.625  -9.158 0.3000000119
32384  52.976  17.636  -9.872 0.2000000030
32732  52.663  17.746  -8.990 0.3000000119
32382  52.459  17.821  -9.669 0.2000000030
32725  52.273  17.697  -8.208 0.3000000119
32730  52.072  17.812  -8.877 0.4000000060
31310  51.940  17.039  -14.495 0.1000000015
32017  52.007  17.914  -13.808 0.2000000030
31671  51.659  17.671  -14.714 0.2000000030
31306  52.349  17.107  -14.014 0.1000000015
57306  49.775  17.623  -16.162 0.3000000119
32391  51.983  17.961  -12.190 0.2000000030
32385  52.269  17.912  -10.401 0.2000000030
32018  51.399  18.090  -14.621 0.3000000119
31675  51.166  18.061  -15.325 0.2000000030
33118  51.323  17.857  -8.798 0.4000000060
31684  50.374  18.217  -16.271 0.4000000060
57447  50.218  17.936  -16.331 0.3000000119
32733  51.854  17.950  -9.526 0.3000000119
32389  52.104  17.965  -11.222 0.2000000030
31679  51.004  17.823  -15.616 0.3000000119
31697  50.053  17.942  -16.955 0.3000000119
33122  51.099  18.061  -9.439 0.4000000060
31689  50.198  17.839  -16.673 0.3000000119
32028  50.736  18.202  -15.947 0.3000000119
32023  50.763  18.375  -15.728 0.3000000119
32021  50.896  18.457  -15.054 0.3000000119
33127  50.914  18.280  -10.054 0.4000000060
32739  51.470  18.260  -10.952 0.4000000060
32736  51.651  18.114  -10.199 0.4000000060
32024  50.061  18.987  -16.024 0.4000000060
32407  49.871  19.240  -16.173 0.4000000060
32029  50.035  18.748  -16.435 0.4000000060
32402  49.974  19.102  -15.285 0.3000000119
32406  50.144  18.945  -15.824 0.4000000060
32400  50.683  18.552  -14.820 0.3000000119
33128  49.960  18.471  -9.965 0.4000000060
32737  50.758  18.491  -10.729 0.4000000060
32394  51.517  18.124  -13.291 0.3000000119
32409  49.583  19.236  -16.617 0.4000000060
32758  48.990  19.943  -16.008 0.4000000060
32015  51.452  18.095  -14.106 0.3000000119
32403  49.785  19.224  -15.884 0.4000000060
32397  50.712  18.530  -14.118 0.3000000119
32751  49.959  18.954  -14.798 0.3000000119
32039  48.684  20.046  -17.527 0.4000000060
32412  48.994  19.892  -17.056 0.4000000060
32033  49.060  19.430  -17.176 0.6000000238
32763  49.147  19.712  -16.910 0.6000000238
32760  49.048  20.045  -16.590 0.6000000238
32742  51.286  18.353  -11.805 0.3000000119
32755  49.278  19.628  -15.847 0.4000000060
32754  49.927  19.066  -15.413 0.5000000000
32395  50.655  18.566  -13.467 0.3000000119
32764  48.580  20.712  -17.454 0.3000000119
32413  48.498  20.166  -17.550 0.2000000030
61970  49.104  20.232  -17.047 0.4000000060
32761  48.857  20.432  -16.959 0.5000000000
52956  49.887  18.713  -10.569 0.4000000060
33553  48.589  21.143  -16.164 0.6000000238
33162  48.798  20.633  -16.800 0.6000000238
32740  50.597  18.642  -11.499 0.4000000060
32392  51.018  18.442  -12.706 0.4000000060
33157  48.831  20.441  -16.290 0.6000000238
32752  49.249  19.426  -15.146 0.5000000000
54783  49.117  19.503  -14.843 0.5000000000
32748  49.816  18.964  -14.020 0.3000000119
33163  48.629  21.113  -17.127 0.3000000119
33160  48.550  21.581  -17.090 0.5000000000
33131  49.803  18.901  -11.268 0.4000000060
32743  50.391  18.734  -12.328 0.4000000060
32746  50.141  18.827  -13.143 0.4000000060
33155  48.802  20.197  -15.623 0.6000000238
33142  49.497  19.106  -12.824 0.5000000000
33146  49.364  19.175  -13.507 0.5000000000
33152  48.851  19.642  -14.146 0.5000000000
33147  48.656  19.737  -13.376 0.5000000000
33129  48.755  19.044  -10.465 0.5000000000
33136  49.677  19.025  -12.039 0.5000000000
33552  48.487  20.549  -14.888 0.6999999881
33549  48.328  20.544  -14.040 0.6999999881
33143  48.797  19.513  -12.579 0.6000000238
33132  48.823  19.225  -11.115 0.5000000000
33137  48.832  19.373  -11.839 0.6000000238
33138  47.860  19.965  -11.705 0.6000000238
33144  48.065  20.128  -12.419 0.6999999881
37174  46.276  30.734  5.144 0.2000000030
32377  53.417  17.592  -7.821 0.3000000119
32379  53.322  17.630  -8.494 0.2000000030
32724  52.925  17.609  -7.645 0.3000000119
33556  48.626  21.304  -16.740 0.5000000000
35554  46.870  28.301  10.021 0.2000000030
50523  45.430  29.789  6.905 0.2000000030
36809  45.895  29.603  7.139 0.2000000030
50236  45.579  29.388  7.653 0.2000000030
54393  45.875  29.231  7.872 0.2000000030
36499  45.768  28.950  8.258 0.2000000030
50401  45.660  28.921  8.273 0.2000000030
36501  46.856  28.932  7.863 0.2000000030
36172  46.673  28.477  8.695 0.2000000030
57335  45.763  28.468  8.786 0.2000000030
50066  45.168  28.335  8.870 0.2000000030
36497  46.849  28.551  8.345 0.2000000030
36171  47.083  28.175  9.241 0.2000000030
35859  46.851  28.351  10.000 0.2000000030
35558  47.779  28.110  9.937 0.3000000119
57830  47.477  28.038  9.611 0.2000000030
36819  46.323  29.623  6.965 0.2000000030
58664  45.071  29.546  7.458 0.2000000030
50194  45.083  29.078  8.056 0.2000000030
36808  46.615  29.247  7.551 0.2000000030
36820  44.746  29.937  6.786 0.2000000030
54376  47.194  28.374  8.335 0.2000000030
35863  47.631  28.134  8.921 0.2000000030
56941  44.420  28.701  8.394 0.2000000030
35557  48.061  27.981  9.468 0.3000000119
55643  45.110  31.333  4.706 0.1000000015
61333  45.203  30.722  5.297 0.1000000015
37175  45.647  30.878  5.072 0.1000000015
37161  45.226  30.273  5.990 0.2000000030
61909  44.770  30.261  6.122 0.2000000030
37160  45.915  30.045  6.180 0.1000000015
36821  43.897  29.883  6.880 0.2000000030
57184  44.351  29.357  7.647 0.2000000030
59863  47.150  29.097  7.421 0.2000000030
35865  47.786  28.151  8.290 0.3000000119
53293  48.063  27.960  8.950 0.3000000119
57560  46.824  27.684  8.232 0.3000000119
38255  35.589  35.742  11.053 0.1000000015
37527  34.609  34.925  11.042 0.1000000015
37536  44.450  31.530  4.582 0.1000000015
57226  37.319  24.257  13.457 0.1000000015
57059  38.950  24.542  13.563 0.1000000015
37162  44.292  30.289  6.140 0.2000000030
36818  46.741  29.628  6.797 0.2000000030
37163  43.507  30.361  6.116 0.2000000030
36807  46.942  29.266  7.294 0.2000000030
36176  47.041  28.878  7.774 0.3000000119
57772  43.641  28.751  8.141 0.2000000030
35867  47.967  28.185  7.848 0.3000000119
59146  43.723  28.316  8.638 0.2000000030
35562  48.077  28.032  7.807 0.3000000119
35175  48.101  28.017  8.250 0.2000000030
57649  47.550  27.824  8.155 0.3000000119
58044  46.863  27.640  7.896 0.3000000119
38646  35.847  35.973  11.003 0.1000000015
39021  36.807  36.047  11.347 0.1000000015
39011  37.638  36.124  11.824 0.1000000015
38262  34.276  35.843  10.207 0.1000000015
38256  33.540  35.601  9.554 0.1000000015
55982  33.798  35.214  9.999 0.1000000015
37898  34.898  35.308  10.911 0.1000000015
37524  34.033  33.946  11.211 0.1000000015
37155  33.343  32.570  11.646 0.1000000015
57721  33.630  29.059  14.299 0.1000000015
56984  34.782  25.569  14.126 0.1000000015
37176  44.736  30.668  5.440 0.2000000030
37159  46.515  30.051  6.056 0.1000000015
36509  46.976  29.638  6.571 0.2000000030
36822  42.977  29.851  6.799 0.2000000030
36810  43.367  29.295  7.488 0.2000000030
36508  47.307  29.586  6.242 0.2000000030
36505  47.195  29.184  7.065 0.2000000030
36175  47.528  28.476  7.767 0.2000000030
57445  42.943  28.071  8.548 0.2000000030
36504  47.451  29.029  6.965 0.2000000030
36178  47.710  28.620  7.291 0.2000000030
35174  48.016  27.834  7.738 0.2000000030
56805  47.596  27.513  7.360 0.3000000119
57589  48.185  27.385  7.006 0.4000000060
56834  46.941  27.493  7.411 0.3000000119
57617  47.523  27.332  7.045 0.3000000119
39005  39.066  36.123  12.712 0.1000000015
39403  39.689  36.159  13.049 0.1000000015
54985  38.402  36.107  12.302 0.1000000015
52008  39.963  36.393  14.073 0.1000000015
39012  36.432  36.366  11.571 0.1000000015
59231  38.257  36.344  12.787 0.1000000015
39396  39.495  36.426  13.744 0.1000000015
39022  35.417  36.067  10.842 0.1000000015
39006  37.265  36.481  12.390 0.1000000015
39758  38.508  37.265  14.573 0.1000000015
39398  37.402  36.873  13.515 0.1000000015
39397  38.618  36.518  13.546 0.1000000015
37899  32.461  34.828  8.507 0.1000000015
37528  33.048  34.389  9.640 0.1000000015
37152  34.647  33.166  12.528 0.1000000015
37525  32.546  33.063  10.122 0.1000000015
50473  34.447  31.848  14.081 0.1000000015
37156  32.421  31.454  10.636 0.1000000015
57121  33.012  30.899  11.839 0.1000000015
56877  33.157  29.941  13.076 0.1000000015
50051  33.906  26.672  14.076 0.1000000015
56987  33.861  24.647  10.848 0.1000000015
50062  34.638  24.205  11.524 0.1000000015
57060  35.839  23.761  12.626 0.1000000015
37911  45.640  34.072  3.823 0.1000000015
37904  45.451  33.145  3.964 0.1000000015
37551  44.926  32.636  4.088 0.1000000015
37552  44.142  32.648  4.058 0.1000000015
37177  43.980  30.812  5.325 0.2000000030
57122  42.746  28.581  7.980 0.2000000030
55116  47.837  28.754  6.707 0.2000000030
35869  48.049  28.290  7.317 0.3000000119
35564  48.299  28.056  7.153 0.3000000119
35568  48.506  28.123  6.560 0.3000000119
35179  48.664  28.010  7.059 0.3000000119
35181  48.613  28.035  6.639 0.3000000119
57563  47.882  26.998  7.048 0.4000000060
58046  47.872  26.979  6.617 0.3000000119
34760  48.215  27.783  5.780 0.3000000119
34304  48.104  27.463  6.059 0.3000000119
34305  48.006  27.539  5.745 0.2000000030
34306  47.880  27.700  5.474 0.2000000030
39382  40.843  36.399  14.513 0.1000000015
39390  40.179  36.561  14.365 0.1000000015
38647  33.820  36.141  9.778 0.1000000015
39013  34.977  36.584  11.013 0.1000000015
39408  35.752  36.904  11.997 0.1000000015
39750  38.451  38.152  15.141 0.1000000015
61869  33.102  36.000  8.896 0.1000000015
38263  32.421  35.789  7.549 0.1000000015
37900  32.152  33.817  7.803 0.1000000015
37529  32.040  32.997  8.135 0.1000000015
37170  32.276  31.171  8.619 0.1000000015
36815  32.919  29.190  10.090 0.1000000015
36816  32.834  29.676  10.573 0.1000000015
56913  32.922  27.103  11.996 0.1000000015
36829  33.160  29.394  8.855 0.1000000015
36814  33.151  27.957  9.762 0.1000000015
56758  33.914  26.204  8.744 0.1000000015
37537  43.660  31.651  4.556 0.1000000015
37178  43.175  30.948  5.313 0.2000000030
50171  41.702  28.113  7.865 0.2000000030
57811  48.691  18.369  -16.910 0.2000000030
50666  47.925  18.180  -16.519 0.3000000119
61944  48.259  17.979  -16.476 0.2000000030
31336  49.478  18.593  -16.936 0.3000000119
57813  48.970  18.354  -16.917 0.2000000030
32032  49.748  19.140  -17.055 0.3000000119
56999  48.912  18.023  -16.702 0.3000000119
57812  49.162  17.932  -16.706 0.3000000119
57449  49.825  18.209  -16.823 0.3000000119
31690  50.066  18.701  -16.623 0.3000000119
37905  32.048  34.856  6.758 0.1000000015
37183  33.025  31.507  6.717 0.1000000015
37169  33.883  30.065  7.254 0.1000000015
36828  34.409  28.403  8.027 0.1000000015
57536  36.253  25.703  8.162 0.1000000015
38268  45.261  35.215  3.685 0.1000000015
37912  45.098  34.021  3.803 0.1000000015
37164  42.625  30.454  6.045 0.2000000030
36811  42.376  29.118  7.344 0.2000000030
50555  48.283  18.403  -16.848 0.3000000119
50481  49.020  18.743  -17.047 0.2000000030
32038  49.519  18.924  -16.953 0.3000000119
31698  49.860  18.305  -16.825 0.3000000119
37906  32.237  33.184  6.025 0.1000000015
37544  33.712  31.775  5.481 0.1000000015
37168  35.605  29.465  6.530 0.1000000015
36827  35.947  27.701  6.994 0.1000000015
36826  37.937  28.080  6.648 0.1000000015
36812  40.047  28.205  7.264 0.2000000030
38269  44.696  35.140  3.588 0.1000000015
37913  44.470  33.853  3.779 0.1000000015
61672  39.982  27.660  7.590 0.1000000015
60411  43.847  33.648  3.778 0.1000000015
50186  41.246  28.753  7.214 0.2000000030
37538  42.805  31.738  4.597 0.2000000030
36823  41.954  29.803  6.674 0.2000000030
34837  47.840  23.638  -14.298 0.5000000000
34385  47.994  23.059  -14.911 0.5000000000
31338  48.278  18.768  -17.081 0.3000000119
33949  48.126  22.459  -15.460 0.5000000000
31337  48.558  18.977  -17.196 0.3000000119
33946  48.033  22.234  -14.749 0.5000000000
31699  49.030  19.178  -17.151 0.4000000060
56484  47.980  22.035  -14.130 0.5000000000
32411  49.370  19.270  -16.944 0.5000000000
55189  47.770  22.297  -13.426 0.5000000000
33940  47.409  22.194  -12.571 0.6000000238
33148  48.273  20.213  -12.973 0.6000000238
33544  48.212  20.616  -13.437 0.6000000238
52769  32.574  37.206  8.422 0.1000000015
38272  32.284  35.100  4.104 0.1000000015
37921  33.156  33.563  3.971 0.1000000015
37559  34.505  32.224  4.241 0.1000000015
37181  36.684  30.523  5.575 0.1000000015
37167  37.347  29.412  6.184 0.1000000015
37166  38.834  29.705  6.159 0.2000000030
36825  39.455  28.930  6.698 0.2000000030
36834  41.616  30.658  5.797 0.2000000030
37553  43.347  32.740  4.042 0.1000000015
38274  47.402  34.897  3.241 0.1000000015
56755  47.637  24.105  -13.747 0.5000000000
33952  48.297  22.685  -16.172 0.4000000060
33554  48.483  21.994  -16.540 0.4000000060
33951  48.366  21.838  -15.890 0.5000000000
33948  48.219  21.596  -15.212 0.6000000238
33945  48.132  21.396  -14.488 0.6000000238
33545  47.861  21.146  -12.980 0.6000000238
33542  47.460  21.102  -12.180 0.6000000238
38663  32.163  36.349  4.198 0.1000000015
38653  32.256  36.710  7.113 0.1000000015
37931  34.889  34.598  3.311 0.1000000015
37543  35.777  31.396  4.870 0.2000000030
37558  36.727  32.303  4.134 0.2000000030
37542  37.568  31.489  4.929 0.2000000030
37180  38.247  30.641  5.636 0.2000000030
38259  44.876  36.345  3.584 0.1000000015
61666  39.865  30.012  6.219 0.2000000030
37165  40.513  30.681  5.798 0.2000000030
36824  40.715  29.664  6.574 0.2000000030
38658  44.338  36.337  3.491 0.1000000015
38270  43.955  34.993  3.467 0.1000000015
37539  41.880  31.621  4.837 0.2000000030
37914  43.200  34.024  3.637 0.1000000015
37179  42.429  31.036  5.311 0.2000000030
34387  48.081  23.290  -15.650 0.4000000060
33557  48.473  22.107  -17.113 0.2000000030
56198  48.479  21.074  -15.593 0.6000000238
33943  48.035  21.360  -13.761 0.6000000238
39030  31.695  38.403  5.415 0.1000000015
37920  35.741  33.342  3.503 0.1000000015
37541  38.971  31.607  5.112 0.2000000030
38659  43.704  36.527  3.400 0.1000000015
38271  43.148  35.448  3.333 0.1000000015
59219  39.487  30.743  5.717 0.2000000030
37554  42.321  32.938  4.041 0.2000000030
37540  41.049  31.315  5.145 0.2000000030
37187  40.151  31.523  5.106 0.2000000030
34831  47.026  24.821  -12.650 0.4000000060
34841  47.923  23.852  -15.063 0.3000000119
56505  33.043  37.750  3.950 0.1000000015
38671  34.483  35.824  3.258 0.1000000015
37930  36.782  34.469  3.319 0.2000000030
37557  38.328  32.512  4.461 0.2000000030
37556  39.682  32.555  4.562 0.2000000030
37915  42.410  34.495  3.502 0.2000000030
37916  41.476  33.853  3.751 0.2000000030
37555  41.011  32.452  4.463 0.2000000030
59846  34.421  36.916  3.364 0.1000000015
38670  36.327  36.657  3.028 0.1000000015
38280  36.102  35.412  3.119 0.2000000030
37919  37.571  33.454  3.813 0.2000000030
37929  38.308  34.536  3.418 0.2000000030
37918  39.029  33.555  3.981 0.2000000030
37917  40.325  33.607  3.910 0.2000000030
37926  41.736  35.008  3.353 0.2000000030
39048  35.509  38.050  3.303 0.1000000015
38279  37.507  35.572  3.080 0.2000000030
37928  39.661  34.638  3.449 0.2000000030
37927  40.843  34.812  3.394 0.2000000030
38278  38.960  35.672  3.084 0.2000000030
34301  47.893  27.298  6.277 0.2000000030
57199  45.860  28.214  9.028 0.2000000030
50305  46.468  28.256  9.220 0.2000000030
58104  47.872  27.004  6.624 0.2000000030
35552  47.567  28.154  9.795 0.2000000030
36498  46.517  28.818  8.267 0.2000000030
36495  46.019  28.353  8.990 0.2000000030
57357  45.129  28.501  8.718 0.2000000030
57374  47.710  27.968  9.435 0.3000000119
57376  47.873  27.940  8.371 0.3000000119
57764  47.361  27.916  8.825 0.3000000119
35560  48.147  27.972  8.479 0.2000000030
37903  45.904  32.917  4.003 0.1000000015
57623  47.907  27.635  7.524 0.2000000030
56878  33.628  31.847  12.852 0.1000000015
37158  46.886  29.985  6.042 0.1000000015
36179  47.155  28.928  7.636 0.2000000030
35176  48.126  27.934  7.630 0.3000000119
34753  48.244  27.687  7.164 0.3000000119
60513  34.978  24.006  12.007 0.1000000015
35872  48.048  28.533  6.973 0.3000000119
34756  48.505  27.890  6.842 0.3000000119
34300  47.988  27.036  6.488 0.3000000119
37545  32.457  32.649  6.682 0.1000000015
56969  48.681  18.023  -16.649 0.2000000030
56975  49.325  17.908  -16.545 0.3000000119
37182  34.811  30.707  5.831 0.1000000015
38673  47.431  35.840  3.036 0.1000000015
33955  48.373  22.803  -16.894 0.2000000030
61621  53.390  11.598  5.412 0.1000000015
29175  53.353  11.598  7.692 0.1000000015
29176  53.250  11.646  6.529 0.1000000015
29610  53.839  12.463  7.200 0.1000000015
29613  53.910  12.519  6.000 0.1000000015
61762  53.921  12.171  5.116 0.1000000015
29607  53.966  12.366  8.275 0.1000000015
29615  54.314  12.818  5.102 0.1000000015
51843  54.455  13.380  5.817 0.1000000015
29609  54.338  13.174  7.811 0.1000000015
29172  54.162  12.255  9.264 0.1000000015
29612  54.319  13.275  6.781 0.1000000015
29617  54.621  12.930  4.285 0.1000000015
30072  54.922  13.046  3.392 0.1000000015
29619  55.194  12.838  2.360 0.1000000015
29606  54.405  13.064  8.800 0.1000000015
59312  54.651  13.979  6.420 0.1000000015
30065  54.706  13.986  5.591 0.1000000015
30067  54.641  13.497  4.992 0.1000000015
30471  54.745  13.993  4.913 0.1000000015
30071  55.064  13.573  2.943 0.1000000015
30074  55.264  13.495  2.059 0.1000000015
30894  54.838  15.466  -7.130 0.1000000015
30897  54.945  14.883  -7.333 0.1000000015
30063  54.666  13.932  7.372 0.1000000015
30469  54.700  14.441  5.351 0.1000000015
59718  54.907  13.754  3.676 0.1000000015
30069  54.803  13.621  4.267 0.1000000015
30477  55.265  13.795  1.496 0.1000000015
30486  55.390  14.060  -2.549 0.1000000015
30489  55.187  14.055  -3.389 0.1000000015
30492  54.998  14.092  -4.290 0.1000000015
30494  54.993  13.456  -4.777 0.1000000015
30495  54.907  14.151  -5.196 0.1000000015
30888  54.918  14.155  -6.076 0.1000000015
30889  54.778  14.812  -5.691 0.1000000015
54952  54.879  14.848  -6.598 0.1000000015
31273  54.643  15.529  -6.271 0.1000000015
30467  54.844  14.653  6.892 0.1000000015
62060  54.755  14.425  6.060 0.1000000015
59527  54.738  14.227  4.391 0.1000000015
30473  54.898  13.935  3.494 0.1000000015
60152  54.997  13.914  2.772 0.1000000015
30475  54.995  14.042  2.300 0.1000000015
30479  55.483  13.631  0.704 0.1000000015
30876  55.382  14.107  -0.419 0.1000000015
30483  55.454  14.128  -1.759 0.1000000015
30870  55.179  13.998  1.793 0.1000000015
52855  55.206  14.015  1.075 0.1000000015
30873  55.291  14.035  0.396 0.1000000015
30879  55.371  14.231  -1.101 0.1000000015
30880  55.029  14.525  -1.575 0.1000000015
61943  55.151  14.405  -2.231 0.1000000015
53742  55.047  14.507  -2.938 0.1000000015
30871  54.932  14.338  1.034 0.1000000015
30874  55.015  14.400  0.100 0.1000000015
30877  55.048  14.480  -0.718 0.1000000015
30884  54.908  14.618  -3.813 0.1000000015
30886  54.795  14.723  -4.742 0.1000000015
31263  54.651  14.641  0.574 0.1000000015
31264  54.705  14.713  -0.275 0.1000000015
30882  54.794  14.705  -2.414 0.1000000015
50911  54.658  14.913  -3.313 0.1000000015
31266  54.691  14.770  -1.091 0.1000000015
52031  54.609  14.812  -1.840 0.1000000015
31268  54.633  15.154  -4.272 0.1000000015
31271  54.584  15.329  -5.230 0.1000000015
31631  54.413  14.913  -0.683 0.1000000015
31633  54.242  15.009  -1.554 0.1000000015
31267  54.321  15.051  -2.657 0.1000000015
31269  54.277  15.333  -3.811 0.1000000015
31272  54.367  15.657  -4.773 0.1000000015
58274  54.390  15.898  -5.661 0.1000000015
51258  54.719  14.905  6.047 0.1000000015
30861  54.586  14.937  5.120 0.1000000015
30863  54.619  14.585  4.045 0.1000000015
30866  54.767  14.304  3.140 0.1000000015
30868  54.658  14.479  2.650 0.1000000015
31261  54.716  14.464  1.882 0.1000000015
31262  54.540  14.632  1.471 0.1000000015
52760  54.301  14.918  0.147 0.1000000015
31636  53.934  15.242  -2.376 0.1000000015
31638  53.911  15.459  -3.301 0.1000000015
31640  53.934  15.836  -4.444 0.1000000015
61590  54.160  16.050  -5.252 0.1000000015
30859  54.810  15.351  6.800 0.1000000015
51797  54.623  15.462  6.037 0.1000000015
30864  54.447  15.174  4.578 0.1000000015
31256  54.508  14.800  3.649 0.1000000015
31259  54.380  14.798  2.510 0.1000000015
53640  54.176  14.975  0.824 0.1000000015
31629  53.889  15.094  0.084 0.1000000015
31634  54.038  15.071  -0.690 0.1000000015
31643  54.206  16.392  -5.938 0.1000000015
31646  54.281  16.734  -6.681 0.1000000015
30855  54.979  15.186  8.505 0.1000000015
31251  54.861  15.781  7.443 0.1000000015
30857  54.942  15.233  7.607 0.1000000015
31255  54.481  15.564  5.421 0.1000000015
31257  54.290  15.042  3.309 0.1000000015
31626  53.966  15.082  1.852 0.1000000015
31627  53.922  15.031  1.038 0.2000000030
31980  53.595  15.193  -0.542 0.2000000030
31983  53.705  15.241  -1.633 0.1000000015
31986  53.603  15.492  -2.733 0.1000000015
55923  53.343  15.473  -2.219 0.2000000030
31989  53.568  15.817  -3.730 0.1000000015
51833  53.867  16.339  -5.381 0.1000000015
30460  54.693  14.326  9.632 0.1000000015
30057  54.543  13.578  10.155 0.1000000015
30054  54.583  13.448  11.017 0.1000000015
53012  54.993  15.852  8.625 0.1000000015
30854  54.898  15.463  9.248 0.1000000015
59359  54.854  14.892  9.217 0.1000000015
51696  54.985  15.680  8.050 0.1000000015
61830  54.728  16.171  7.353 0.2000000030
31253  54.682  15.874  6.756 0.2000000030
51895  54.515  15.924  6.083 0.1000000015
31620  54.332  15.739  5.091 0.2000000030
31258  54.306  15.292  4.154 0.2000000030
31622  54.119  15.317  3.578 0.1000000015
58322  54.047  15.103  2.706 0.1000000015
31624  53.756  15.167  2.197 0.2000000030
31977  53.507  15.183  0.483 0.2000000030
31981  53.119  15.263  -0.176 0.2000000030
31984  53.245  15.337  -1.309 0.2000000030
31987  53.273  15.742  -3.090 0.1000000015
30052  54.601  13.331  11.799 0.1000000015
54520  54.740  12.609  12.270 0.1000000015
55351  54.675  12.704  11.586 0.1000000015
31614  54.618  16.535  7.678 0.2000000030
31617  54.497  16.344  6.802 0.2000000030
31960  54.201  16.693  6.517 0.2000000030
31619  54.330  16.198  5.885 0.2000000030
31962  54.062  16.550  5.769 0.2000000030
62089  54.445  15.868  5.647 0.2000000030
58272  53.172  16.935  5.068 0.2000000030
53352  54.160  16.144  5.281 0.2000000030
51214  54.110  15.791  4.591 0.2000000030
31965  53.543  16.553  4.821 0.2000000030
31967  53.823  15.928  4.241 0.2000000030
31968  53.438  16.070  3.932 0.2000000030
62008  53.383  15.789  3.345 0.2000000030
59898  53.015  15.973  3.452 0.2000000030
31971  53.712  15.538  3.271 0.2000000030
31972  53.268  15.514  2.662 0.2000000030
31975  52.911  15.347  1.943 0.2000000030
31974  53.405  15.221  1.556 0.2000000030
55117  54.727  14.932  9.878 0.1000000015
30457  54.603  14.231  10.450 0.1000000015
32302  53.898  16.981  6.296 0.2000000030
32305  53.760  16.808  5.590 0.2000000030
54818  53.456  17.001  5.454 0.2000000030
31964  53.899  16.336  5.036 0.2000000030
30841  53.517  14.913  13.504 0.1000000015
30842  53.217  15.515  13.647 0.1000000015
31225  52.785  15.882  13.842 0.1000000015
31226  52.240  16.434  14.130 0.1000000015
31222  51.735  16.129  14.239 0.1000000015
31217  50.891  15.650  14.055 0.1000000015
30934  51.254  16.682  -14.819 0.1000000015
31674  51.528  17.478  -15.016 0.1000000015
31229  53.494  15.633  13.328 0.1000000015
31230  53.077  16.149  13.613 0.1000000015
56364  51.117  17.037  -15.106 0.1000000015
57089  50.708  16.965  -15.279 0.1000000015
50138  50.621  16.723  -15.139 0.1000000015
31678  51.326  17.362  -15.120 0.1000000015
50260  50.258  16.761  -15.268 0.1000000015
56988  49.851  16.551  -15.041 0.1000000015
31587  52.573  16.612  13.926 0.1000000015
50197  49.415  16.368  -14.888 0.1000000015
53710  50.825  17.380  -15.498 0.1000000015
57826  49.173  16.758  -15.391 0.1000000015
57395  48.563  16.629  -15.125 0.1000000015
50437  48.054  16.724  -14.657 0.1000000015
50121  46.039  17.518  -11.950 0.1000000015
49829  48.900  16.674  -15.314 0.1000000015
49826  50.077  17.037  -15.589 0.1000000015
57448  49.762  16.920  -15.528 0.1000000015
57257  47.276  17.094  -13.883 0.1000000015
49836  44.228  18.054  -11.014 0.1000000015
50824  50.172  17.382  -15.864 0.1000000015
50079  49.826  17.207  -15.799 0.1000000015
50092  49.397  17.231  -15.857 0.1000000015
50655  48.899  17.216  -15.840 0.1000000015
31320  51.138  18.022  -15.725 0.1000000015
57804  49.338  17.570  -16.183 0.1000000015
30942  50.579  17.829  -15.958 0.2000000030
31324  50.553  17.953  -16.074 0.1000000015
49830  48.549  17.021  -15.597 0.1000000015
50403  49.851  17.885  -16.521 0.2000000030
57205  48.948  17.664  -16.284 0.1000000015
58734  48.416  17.335  -15.865 0.1000000015
49827  48.515  17.745  -16.315 0.1000000015
50252  47.990  17.766  -16.125 0.1000000015
31325  47.520  18.347  -16.450 0.2000000030
31331  47.700  18.726  -16.869 0.2000000030
31321  46.429  18.607  -15.568 0.2000000030
31326  47.176  18.164  -15.911 0.2000000030
31327  46.809  18.879  -16.297 0.1000000015
31339  47.871  19.021  -17.118 0.1000000015
31701  47.855  19.072  -17.202 0.1000000015
31700  48.144  19.026  -17.635 0.3000000119
34835  47.396  24.706  -13.486 0.3000000119
35228  46.519  25.501  -12.135 0.3000000119
35230  46.933  25.289  -13.083 0.2000000030
35614  46.434  25.900  -12.569 0.2000000030
60704  49.932  17.673  -16.153 0.1000000015
58216  51.094  18.077  -15.791 0.2000000030
31279  54.985  15.382  -7.845 0.1000000015
30465  54.877  14.566  7.929 0.1000000015
50330  46.269  17.662  -12.810 0.1000000015
39047  37.468  37.983  3.248 0.1000000015
38669  38.197  36.786  3.007 0.1000000015
38668  39.586  36.820  3.026 0.1000000015
38277  40.218  35.800  3.088 0.1000000015
38667  40.588  36.838  3.046 0.1000000015
30927  46.870  18.003  -15.122 0.1000000015
31682  43.964  19.109  -16.230 0.1000000015
52058  43.530  19.156  -16.949 0.1000000015
32025  45.561  19.827  -16.576 0.1000000015
32026  44.497  19.540  -16.701 0.1000000015
31686  42.854  19.048  -17.351 0.1000000015
31691  47.233  19.447  -17.113 0.1000000015
55699  48.341  31.839  -0.579 0.1000000015
37208  47.999  31.580  -1.335 0.1000000015
37209  47.479  32.190  -1.573 0.1000000015
37214  47.150  31.885  -2.384 0.1000000015
59221  46.999  31.589  -3.241 0.1000000015
31687  41.870  18.714  -17.329 0.1000000015
31685  46.423  19.683  -16.620 0.1000000015
52105  45.911  20.004  -17.476 0.1000000015
32030  45.096  19.466  -17.444 0.1000000015
31708  47.787  19.860  -17.739 0.1000000015
31702  47.508  19.886  -17.522 0.1000000015
31692  46.624  20.058  -17.064 0.1000000015
32414  48.178  20.460  -17.983 0.1000000015
37206  47.871  32.451  -0.836 0.1000000015
37578  47.293  33.192  -0.921 0.1000000015
37580  46.704  32.995  -1.658 0.1000000015
59065  46.406  32.424  -2.544 0.1000000015
59453  46.993  31.235  -4.213 0.1000000015
32050  46.346  21.546  -18.039 0.1000000015
32415  45.979  21.072  -18.610 0.1000000015
32424  45.818  21.235  -18.820 0.1000000015
32416  44.562  20.747  -18.983 0.1000000015
61848  45.633  20.549  -18.528 0.1000000015
50876  46.852  21.246  -18.105 0.1000000015
52248  46.114  20.660  -17.758 0.1000000015
32034  44.797  20.101  -18.154 0.1000000015
32035  43.374  19.741  -18.267 0.1000000015
34838  47.692  24.487  -14.391 0.1000000015
32421  47.232  21.246  -18.198 0.1000000015
53283  47.026  20.972  -18.161 0.1000000015
31703  46.906  20.422  -17.464 0.1000000015
32031  43.773  19.465  -17.544 0.1000000015
31693  42.508  19.236  -18.013 0.1000000015
32047  47.937  20.294  -17.802 0.1000000015
32420  47.729  21.185  -18.086 0.1000000015
32048  47.456  20.418  -17.888 0.1000000015
32049  47.099  20.557  -17.862 0.1000000015
59114  48.126  21.347  -17.999 0.1000000015
53147  48.478  35.206  1.674 0.1000000015
58975  48.427  34.755  1.498 0.1000000015
38678  48.570  36.060  1.453 0.1000000015
38679  48.322  35.767  1.969 0.1000000015
37205  48.202  32.623  -0.218 0.1000000015
37574  48.445  33.191  0.855 0.1000000015
55754  48.336  34.809  0.925 0.1000000015
38289  48.452  35.464  1.255 0.1000000015
39056  48.490  36.625  1.750 0.1000000015
37575  48.137  33.381  0.271 0.1000000015
37944  48.157  34.365  0.755 0.1000000015
38291  48.329  35.454  0.788 0.1000000015
60693  48.569  37.114  1.651 0.1000000015
39057  48.343  37.274  2.040 0.1000000015
39446  48.293  38.125  1.959 0.1000000015
37577  47.768  33.345  -0.306 0.1000000015
37946  47.808  34.345  0.110 0.1000000015
38682  48.601  36.291  0.843 0.1000000015
39059  48.685  36.943  1.259 0.1000000015
39060  48.565  37.600  1.542 0.1000000015
37947  47.395  34.292  -0.469 0.1000000015
38294  48.098  35.340  0.250 0.1000000015
39449  48.467  38.356  1.334 0.1000000015
37950  46.880  34.245  -1.079 0.1000000015
56183  48.456  36.132  0.277 0.1000000015
38685  48.657  36.715  0.292 0.1000000015
39062  48.710  37.141  0.597 0.1000000015
39448  48.658  37.749  0.945 0.1000000015
37216  46.063  32.008  -3.367 0.1000000015
37220  46.779  31.106  -5.099 0.1000000015
36869  46.727  30.972  -5.954 0.1000000015
35237  47.243  25.710  -15.267 0.1000000015
35617  46.814  25.714  -13.511 0.1000000015
58830  47.123  25.670  -14.374 0.1000000015
35239  47.607  25.009  -16.479 0.1000000015
32775  46.644  22.466  -19.004 0.1000000015
32432  46.255  21.986  -18.904 0.1000000015
32423  46.231  21.402  -19.066 0.1000000015
32042  43.363  20.189  -18.963 0.1000000015
35236  47.585  25.087  -15.702 0.1000000015
34849  47.951  24.328  -16.893 0.1000000015
34850  47.698  25.082  -16.818 0.1000000015
34853  48.257  23.948  -17.415 0.1000000015
34394  47.572  24.003  -17.815 0.1000000015
33961  47.753  23.654  -18.219 0.1000000015
33962  47.735  23.079  -18.671 0.1000000015
33564  47.357  23.021  -19.095 0.1000000015
33567  47.195  23.012  -19.227 0.1000000015
32770  46.671  22.091  -18.713 0.1000000015
35232  47.306  25.195  -13.957 0.1000000015
35234  47.523  25.151  -14.844 0.1000000015
34846  47.862  24.451  -16.124 0.1000000015
34393  48.106  23.727  -17.775 0.1000000015
33960  48.022  23.171  -18.262 0.1000000015
58866  47.998  22.954  -18.613 0.1000000015
33566  47.798  22.771  -18.551 0.1000000015
33169  47.425  22.600  -18.574 0.1000000015
32769  46.978  22.165  -18.421 0.1000000015
32422  46.705  21.772  -18.262 0.1000000015
32036  42.653  19.683  -18.655 0.1000000015
32417  43.444  20.741  -19.566 0.1000000015
34842  47.794  24.530  -15.323 0.1000000015
58511  48.217  23.556  -17.335 0.1000000015
33958  48.225  23.217  -17.797 0.1000000015
33562  48.015  22.648  -18.309 0.1000000015
33168  47.911  22.089  -18.279 0.1000000015
32768  47.988  21.952  -18.252 0.1000000015
32043  42.230  19.996  -19.170 0.1000000015
34845  47.980  23.970  -15.738 0.2000000030
34389  48.157  23.614  -16.435 0.1000000015
33957  48.344  22.769  -17.478 0.1000000015
33559  48.226  22.716  -17.851 0.1000000015
33165  48.049  22.124  -18.198 0.1000000015
58513  48.367  22.223  -17.507 0.1000000015
33561  48.294  22.084  -17.647 0.1000000015
32766  48.094  21.180  -18.008 0.1000000015
33167  48.447  21.104  -17.532 0.1000000015
39811  48.159  38.906  1.763 0.1000000015
39807  47.885  38.663  2.392 0.1000000015
38296  47.811  35.275  -0.359 0.1000000015
38297  47.436  35.218  -0.967 0.1000000015
56497  48.258  36.056  -0.312 0.1000000015
39064  48.654  37.284  -0.009 0.1000000015
39814  48.433  38.529  0.636 0.1000000015
61189  46.087  33.402  -2.050 0.1000000015
56523  47.973  35.975  -0.959 0.1000000015
38687  48.560  36.706  -0.212 0.1000000015
38688  48.342  36.694  -0.859 0.1000000015
39452  48.609  37.880  0.283 0.1000000015
39815  48.212  39.103  1.071 0.1000000015
37218  45.857  31.666  -4.339 0.1000000015
35622  46.898  26.052  -14.655 0.1000000015
61574  46.824  26.203  -15.173 0.1000000015
35240  47.349  25.518  -16.057 0.1000000015
35629  46.922  26.057  -15.962 0.1000000015
34854  47.373  24.626  -17.454 0.1000000015
59173  47.228  24.462  -17.625 0.1000000015
34858  47.233  23.810  -17.945 0.1000000015
32771  45.227  21.070  -19.518 0.1000000015
35242  47.192  25.556  -16.700 0.1000000015
60701  47.620  23.473  -18.540 0.1000000015
33963  47.319  23.254  -19.009 0.1000000015
33170  46.875  22.878  -19.073 0.1000000015
32425  43.833  21.169  -19.845 0.1000000015
34397  47.290  23.585  -18.499 0.1000000015
33965  47.048  23.222  -20.032 0.1000000015
32418  42.703  20.496  -19.726 0.1000000015
39053  47.937  37.010  2.550 0.1000000015
39443  47.975  37.857  2.520 0.1000000015
39812  47.656  39.386  2.139 0.1000000015
40152  47.408  40.024  1.746 0.1000000015
37952  46.426  34.314  -1.715 0.1000000015
40151  47.929  39.587  1.484 0.1000000015
56496  47.621  35.831  -1.498 0.1000000015
37586  45.553  33.145  -2.581 0.1000000015
38691  47.943  36.663  -1.668 0.1000000015
39066  48.504  37.332  -0.619 0.1000000015
39453  48.463  37.944  -0.370 0.1000000015
53981  47.964  39.703  0.898 0.1000000015
39067  48.256  37.429  -1.297 0.1000000015
37221  45.813  31.465  -5.307 0.1000000015
36872  46.654  30.806  -6.800 0.1000000015
35619  46.083  26.622  -13.395 0.1000000015
35245  47.095  25.237  -17.201 0.1000000015
35626  46.381  26.606  -15.433 0.1000000015
55054  46.947  26.038  -16.413 0.1000000015
35632  46.910  25.759  -16.928 0.1000000015
35248  47.060  24.974  -17.417 0.1000000015
33570  46.767  23.186  -20.339 0.1000000015
35633  46.222  26.351  -16.782 0.1000000015
35246  46.722  25.555  -17.103 0.1000000015
35249  46.812  25.288  -17.217 0.1000000015
34856  46.733  24.664  -17.565 0.1000000015
34859  46.963  23.741  -17.822 0.1000000015
34400  47.164  23.212  -19.440 0.1000000015
38676  47.891  35.996  2.537 0.1000000015
39050  47.541  36.735  2.967 0.1000000015
39054  47.573  37.585  2.974 0.1000000015
39444  47.493  38.395  2.900 0.1000000015
39808  47.307  39.128  2.739 0.1000000015
40460  46.724  40.472  1.888 0.1000000015
38300  47.068  35.209  -1.615 0.1000000015
40467  47.221  40.564  1.226 0.1000000015
37953  45.856  34.419  -2.264 0.1000000015
38303  46.593  35.325  -2.250 0.1000000015
38694  47.337  36.041  -2.140 0.1000000015
39817  48.338  38.615  -0.091 0.1000000015
40155  47.682  40.131  1.113 0.1000000015
40470  47.131  41.052  0.636 0.1000000015
39819  48.166  38.643  -0.878 0.1000000015
60654  48.054  39.434  0.246 0.1000000015
40158  47.747  40.155  0.506 0.1000000015
40466  47.488  40.566  0.719 0.1000000015
37590  44.883  32.899  -3.474 0.1000000015
37223  45.748  31.293  -6.180 0.1000000015
36874  46.560  30.614  -7.627 0.1000000015
35623  46.375  26.546  -14.469 0.1000000015
35922  45.659  27.145  -13.769 0.1000000015
35928  45.701  27.048  -15.782 0.1000000015
35636  46.167  26.185  -16.954 0.1000000015
35639  45.976  26.072  -17.204 0.1000000015
35931  45.765  26.927  -16.350 0.1000000015
35935  45.612  26.829  -16.983 0.1000000015
35637  45.539  26.872  -16.978 0.1000000015
39051  47.184  37.328  3.306 0.1000000015
39441  47.101  38.114  3.269 0.1000000015
39438  46.705  37.884  3.489 0.1000000015
40150  46.891  39.828  2.508 0.1000000015
40762  46.648  41.021  1.245 0.1000000015
38695  46.848  36.199  -2.900 0.1000000015
40763  45.907  41.363  1.175 0.1000000015
37958  45.107  34.478  -2.813 0.1000000015
38304  45.993  35.477  -2.879 0.1000000015
39072  47.529  37.040  -2.682 0.1000000015
39070  47.973  37.639  -2.077 0.1000000015
39456  48.095  38.281  -1.592 0.1000000015
39820  48.068  39.230  -0.488 0.1000000015
60248  47.740  40.206  -0.081 0.1000000015
41054  46.550  41.507  0.557 0.1000000015
37594  44.854  32.225  -4.621 0.1000000015
40162  47.919  39.546  -1.201 0.1000000015
40160  47.857  39.905  -0.560 0.1000000015
40469  47.474  40.812  0.071 0.1000000015
37227  45.666  31.104  -7.040 0.1000000015
35915  45.753  27.426  -11.867 0.1000000015
35918  45.648  27.221  -12.721 0.1000000015
35925  45.697  27.126  -14.829 0.1000000015
35923  44.802  27.694  -14.152 0.1000000015
60816  43.227  29.164  -13.248 0.1000000015
35926  44.868  27.625  -15.281 0.1000000015
35929  45.030  27.491  -16.108 0.1000000015
35932  45.063  27.460  -17.041 0.1000000015
36556  43.106  29.976  -12.763 0.1000000015
39802  46.560  38.523  3.435 0.1000000015
39805  46.827  38.912  3.159 0.1000000015
61638  46.723  39.433  3.005 0.1000000015
40760  46.013  40.937  1.918 0.1000000015
60762  44.148  32.772  -4.973 0.1000000015
37592  44.062  33.500  -4.186 0.1000000015
37961  44.461  34.689  -3.557 0.1000000015
41055  45.777  41.907  0.379 0.1000000015
39822  47.995  38.987  -1.536 0.1000000015
40472  47.614  40.694  -0.701 0.1000000015
40765  47.324  41.267  -0.550 0.1000000015
40766  47.008  41.548  -0.103 0.1000000015
37222  44.818  31.951  -5.522 0.1000000015
36875  45.620  30.887  -7.902 0.1000000015
36231  45.325  27.886  -11.967 0.1000000015
35919  44.924  27.720  -12.991 0.1000000015
36559  43.738  28.318  -13.329 0.1000000015
39798  45.532  39.307  4.085 0.1000000015
39439  46.082  38.522  3.691 0.1000000015
39803  46.026  39.201  3.624 0.1000000015
59996  46.256  39.444  3.325 0.1000000015
40147  46.166  39.886  3.167 0.1000000015
40463  45.986  40.478  2.711 0.1000000015
41052  45.073  41.634  1.170 0.1000000015
38309  45.356  35.677  -3.529 0.1000000015
39459  47.897  38.353  -2.301 0.1000000015
52303  47.883  38.945  -2.142 0.1000000015
61777  46.454  41.893  -0.035 0.1000000015
37224  44.627  31.767  -6.358 0.1000000015
39073  46.971  37.047  -3.526 0.1000000015
39461  47.707  38.024  -2.842 0.1000000015
60934  47.760  40.270  -1.170 0.1000000015
37228  44.542  31.544  -7.274 0.1000000015
39825  47.737  38.830  -2.879 0.1000000015
40165  47.696  39.691  -2.692 0.1000000015
40477  47.702  40.240  -1.924 0.1000000015
40771  47.350  41.366  -1.167 0.1000000015
40768  47.032  41.791  -0.888 0.1000000015
41058  46.538  42.053  -0.682 0.1000000015
40474  47.585  40.866  -1.489 0.1000000015
36553  45.072  28.751  -11.254 0.1000000015
36229  44.308  28.421  -12.125 0.1000000015
36890  42.975  31.085  -12.413 0.1000000015
37613  42.142  33.124  -12.339 0.1000000015
40141  45.102  40.306  4.474 0.1000000015
40142  45.028  40.066  4.636 0.1000000015
51606  45.465  39.787  4.106 0.1000000015
40145  45.669  39.948  3.792 0.1000000015
40458  45.425  40.389  3.536 0.1000000015
58785  45.392  40.984  2.542 0.1000000015
41048  45.213  41.254  1.907 0.1000000015
40757  45.156  40.970  3.274 0.1000000015
41330  44.797  42.087  0.569 0.1000000015
38312  44.841  35.831  -4.147 0.1000000015
37595  43.823  32.757  -5.635 0.1000000015
37964  43.555  33.926  -4.907 0.1000000015
38700  46.253  36.372  -3.596 0.1000000015
37963  43.997  35.144  -4.347 0.1000000015
38703  45.710  36.614  -4.356 0.1000000015
54266  46.505  37.100  -4.248 0.1000000015
39078  47.406  37.697  -3.407 0.1000000015
59988  45.265  42.490  -0.324 0.1000000015
39079  47.048  37.841  -4.203 0.1000000015
39465  47.484  38.512  -3.696 0.1000000015
41059  46.037  42.193  -0.400 0.1000000015
59413  44.598  31.291  -8.199 0.1000000015
59185  47.471  40.983  -2.153 0.1000000015
40774  47.286  41.473  -1.870 0.1000000015
41062  46.600  42.302  -1.373 0.1000000015
36878  45.591  30.661  -8.735 0.1000000015
36880  45.433  30.401  -9.482 0.1000000015
59104  43.053  28.891  -12.186 0.1000000015
36889  42.763  29.987  -11.480 0.1000000015
37985  41.454  34.266  -11.497 0.1000000015
40451  44.680  40.771  4.973 0.1000000015
40454  45.034  40.540  4.258 0.1000000015
59054  44.345  41.864  1.277 0.1000000015
37597  43.420  32.773  -6.547 0.1000000015
37967  43.104  34.140  -5.677 0.1000000015
41600  43.634  42.681  0.012 0.1000000015
37599  43.506  32.242  -7.625 0.1000000015
39081  46.524  37.642  -4.865 0.1000000015
41337  45.874  42.659  -1.306 0.1000000015
53460  46.896  38.318  -5.042 0.1000000015
39828  47.537  39.400  -3.592 0.1000000015
40772  47.000  41.931  -1.581 0.1000000015
36551  44.790  29.683  -10.746 0.1000000015
36554  43.944  29.292  -11.361 0.1000000015
36887  43.124  31.151  -11.400 0.1000000015
38330  41.144  35.747  -10.623 0.1000000015
37610  42.110  33.085  -11.379 0.1000000015
37242  42.643  32.083  -12.011 0.1000000015
40753  44.844  40.980  3.850 0.1000000015
41049  44.434  41.614  1.945 0.1000000015
41327  43.799  42.188  0.933 0.1000000015
41331  44.427  42.438  0.115 0.1000000015
38315  43.530  35.593  -5.137 0.1000000015
38704  44.813  36.561  -4.998 0.1000000015
41333  44.530  42.774  -0.494 0.1000000015
59738  46.194  37.173  -4.683 0.1000000015
41605  45.006  43.111  -1.174 0.1000000015
37229  43.631  31.890  -8.537 0.1000000015
36881  44.364  30.869  -9.816 0.1000000015
53577  45.912  37.298  -5.146 0.1000000015
39466  47.211  38.570  -4.488 0.1000000015
39832  47.328  39.175  -4.376 0.1000000015
40170  47.455  40.131  -3.503 0.1000000015
58199  47.405  40.719  -2.914 0.1000000015
40478  47.141  41.506  -2.636 0.1000000015
40775  46.872  42.028  -2.307 0.1000000015
41606  44.123  43.202  -0.958 0.1000000015
36884  44.420  30.414  -10.421 0.1000000015
39468  47.136  38.972  -5.077 0.1000000015
40174  47.272  40.013  -4.390 0.1000000015
41065  46.545  42.436  -2.049 0.1000000015
41336  46.242  42.756  -1.893 0.1000000015
36886  43.853  30.327  -10.988 0.1000000015
38328  42.041  37.710  -9.922 0.1000000015
37982  41.531  34.289  -10.602 0.1000000015
40448  44.222  41.112  5.373 0.1000000015
40455  44.769  41.053  4.710 0.1000000015
40754  44.539  41.131  4.639 0.1000000015
40755  44.453  41.460  3.775 0.1000000015
40758  44.592  41.433  2.849 0.1000000015
41322  43.867  41.847  2.660 0.1000000015
53513  43.726  41.975  1.907 0.1000000015
37969  42.752  34.340  -6.404 0.1000000015
41603  42.547  42.921  0.320 0.1000000015
41607  43.252  43.150  -0.594 0.1000000015
41894  42.408  43.461  -0.674 0.1000000015
37233  43.728  31.565  -9.252 0.1000000015
38707  44.292  36.936  -5.986 0.1000000015
53260  45.590  37.647  -6.032 0.1000000015
41893  43.576  43.766  -1.301 0.1000000015
39084  46.442  38.054  -5.738 0.1000000015
61506  47.186  39.556  -5.002 0.1000000015
40171  47.208  40.796  -3.946 0.1000000015
41339  45.820  43.304  -2.309 0.1000000015
41612  44.590  43.935  -1.833 0.1000000015
39834  47.078  39.439  -5.677 0.1000000015
40176  47.100  40.169  -5.477 0.1000000015
52845  47.077  40.842  -4.868 0.1000000015
54417  46.972  41.608  -3.619 0.1000000015
40780  46.740  42.175  -3.108 0.1000000015
41069  46.454  42.644  -2.808 0.1000000015
41344  46.152  43.047  -2.567 0.1000000015
41611  45.366  43.599  -2.001 0.1000000015
37606  42.442  32.937  -9.779 0.1000000015
37238  43.528  31.208  -10.535 0.1000000015
60658  46.713  42.411  -3.837 0.1000000015
37979  41.699  34.425  -9.677 0.1000000015
37236  42.845  32.168  -10.378 0.1000000015
37239  42.721  32.065  -11.058 0.1000000015
60070  41.350  35.693  -9.948 0.1000000015
37607  42.196  33.091  -10.508 0.1000000015
55474  44.284  41.542  4.260 0.1000000015
41045  43.688  42.022  3.714 0.1000000015
41601  42.835  42.536  1.143 0.1000000015
61138  41.334  43.596  -0.136 0.1000000015
37600  42.678  33.651  -7.173 0.1000000015
38317  43.013  35.810  -6.009 0.1000000015
37602  42.759  33.105  -8.075 0.1000000015
60532  46.216  38.181  -6.350 0.1000000015
39471  46.906  38.779  -5.794 0.1000000015
37604  42.792  32.668  -9.000 0.1000000015
40484  46.988  41.425  -4.437 0.1000000015
41897  43.905  44.570  -1.972 0.1000000015
37978  42.116  33.838  -9.126 0.1000000015
37235  43.268  31.814  -9.816 0.1000000015
55133  46.971  41.619  -5.215 0.1000000015
40783  46.804  42.239  -4.589 0.1000000015
41074  46.531  42.919  -3.576 0.1000000015
41347  46.293  43.442  -3.298 0.1000000015
41614  45.577  44.184  -2.750 0.1000000015
41615  45.170  44.367  -2.442 0.1000000015
40785  46.876  42.386  -5.575 0.1000000015
58598  46.701  43.062  -4.327 0.1000000015
41345  46.028  43.912  -3.000 0.1000000015
41077  46.790  43.101  -5.151 0.1000000015
56660  46.536  43.702  -4.035 0.1000000015
41348  46.283  44.299  -3.725 0.1000000015
41620  45.888  44.896  -3.404 0.1000000015
41902  45.378  44.985  -2.941 0.1000000015
56402  46.861  42.398  -6.433 0.1000000015
41079  46.821  43.124  -6.021 0.1000000015
41353  46.710  43.814  -4.810 0.1000000015
41625  46.518  44.476  -4.496 0.1000000015
41355  46.766  43.839  -5.622 0.1000000015
41626  46.220  45.117  -4.202 0.1000000015
41631  46.629  44.528  -5.293 0.1000000015
40750  44.223  41.291  5.222 0.1000000015
41038  43.963  41.811  4.906 0.1000000015
41042  43.932  41.895  4.261 0.1000000015
41325  43.051  42.268  2.871 0.1000000015
37971  42.490  35.550  -6.965 0.1000000015
41898  43.006  44.207  -1.533 0.1000000015
39086  46.043  38.325  -6.883 0.1000000015
39474  46.581  38.693  -6.602 0.1000000015
51524  46.948  39.320  -6.437 0.1000000015
54184  46.994  39.910  -6.921 0.1000000015
40178  47.049  40.454  -6.410 0.1000000015
40486  47.033  41.007  -5.779 0.1000000015
41903  44.761  44.971  -2.525 0.1000000015
40181  47.024  40.611  -7.392 0.1000000015
40489  47.013  41.177  -6.636 0.1000000015
40787  46.961  41.741  -6.064 0.1000000015
60898  46.924  41.792  -6.755 0.1000000015
41909  45.815  45.727  -4.002 0.1000000015
41905  45.495  45.634  -3.439 0.1000000015
41912  46.015  45.832  -4.759 0.1000000015
41891  41.550  43.257  0.737 0.1000000015
42172  39.765  44.134  0.988 0.1000000015
42175  40.667  43.932  -0.283 0.1000000015
42174  41.934  44.233  -1.268 0.1000000015
38709  45.143  37.906  -6.911 0.1000000015
42178  43.100  45.029  -2.120 0.1000000015
39476  46.460  38.918  -7.507 0.1000000015
39838  46.823  39.353  -7.268 0.1000000015
53059  46.701  39.580  -8.148 0.1000000015
54897  46.915  39.945  -7.689 0.1000000015
58338  44.087  45.284  -2.473 0.1000000015
41906  45.129  45.563  -3.053 0.1000000015
38710  43.757  37.277  -6.951 0.1000000015
39088  45.898  38.584  -7.652 0.1000000015
38712  45.028  38.274  -7.759 0.1000000015
59393  46.341  39.106  -8.113 0.1000000015
39090  45.878  38.983  -8.224 0.1000000015
42183  44.598  45.761  -2.956 0.1000000015
39479  46.401  39.580  -8.446 0.1000000015
42187  45.061  46.195  -3.482 0.1000000015
42186  45.446  46.171  -3.877 0.1000000015
42192  45.521  46.450  -4.545 0.1000000015
42171  40.521  43.712  1.275 0.1000000015
42176  39.991  44.231  -0.475 0.1000000015
41323  42.939  42.735  4.024 0.1000000015
61641  43.264  42.475  4.366 0.1000000015
36883  45.215  30.064  -10.131 0.1000000015
31328  42.679  18.704  -16.658 0.1000000015
32041  46.539  21.159  -17.718 0.1000000015
55667  45.086  20.951  -19.482 0.1000000015
32040  46.966  20.802  -17.871 0.1000000015
52915  48.221  36.545  2.168 0.1000000015
32776  46.002  22.198  -19.310 0.1000000015
32772  44.063  21.481  -20.145 0.1000000015
39455  48.327  37.927  -0.945 0.1000000015
35630  46.355  26.649  -15.970 0.1000000015
35250  45.898  25.626  -16.722 0.1000000015
36234  43.924  28.233  -14.719 0.1000000015
36238  44.129  28.145  -15.842 0.1000000015
36241  44.312  28.078  -16.804 0.1000000015
35936  45.114  27.483  -17.247 0.1000000015
51862  47.861  39.492  -1.896 0.1000000015
37232  44.600  31.040  -9.019 0.1000000015
59256  47.062  39.854  -6.198 0.1000000015
37974  42.209  34.150  -8.414 0.1000000015
41357  46.708  43.822  -6.429 0.1000000015
37972  42.326  34.430  -7.696 0.1000000015
38713  44.010  37.918  -7.890 0.1000000015
30918  53.066  15.863  -13.360 0.1000000015
30914  53.066  16.049  -13.283 0.1000000015
31301  53.451  16.167  -12.745 0.1000000015
31305  53.019  16.488  -13.290 0.1000000015
53137  53.051  16.868  -12.972 0.1000000015
31664  53.528  16.823  -11.814 0.1000000015
31666  53.408  16.611  -12.497 0.1000000015
31661  53.548  16.981  -11.210 0.1000000015
33885  47.929  26.873  6.537 0.3000000119
34299  48.010  27.126  6.486 0.3000000119
34746  48.406  21.137  13.203 0.1000000015
34752  48.037  27.310  6.945 0.3000000119
34755  48.144  27.321  6.629 0.3000000119
34758  48.716  27.848  6.221 0.3000000119
35862  48.006  27.973  9.074 0.2000000030
36830  32.587  30.164  9.932 0.1000000015
37153  32.798  30.284  10.884 0.1000000015
50321  47.913  27.968  8.931 0.3000000119
56819  47.535  27.667  7.730 0.3000000119
56920  46.376  28.074  9.870 0.3000000119
57619  46.696  27.361  6.914 0.4000000060
57681  32.666  29.141  11.276 0.1000000015
61413  47.833  27.178  6.711 0.3000000119
