#!ascii label  , from subject sub-1015 vox2ras=TkReg
371
26287  19.567  8.209  -33.836 0.2500000000
25827  19.765  7.180  -33.441 0.7500000000
27212  17.893  9.787  -37.876 0.2500000000
27196  19.006  9.287  -36.479 0.1250000000
26753  19.276  8.846  -34.632 0.2500000000
25363  19.404  6.365  -33.061 0.8750000000
26752  19.495  8.962  -34.906 0.3750000000
25838  20.369  7.248  -34.062 1.0000000000
26295  20.093  8.027  -34.119 1.0000000000
25826  20.108  6.684  -33.606 1.0000000000
60803  19.855  6.327  -33.197 1.0000000000
26763  20.094  9.060  -35.846 0.7500000000
26751  20.124  8.709  -34.652 0.8750000000
25362  20.415  6.419  -33.714 1.0000000000
25825  20.579  6.758  -34.112 1.0000000000
27668  17.732  9.916  -38.281 0.1250000000
27211  19.122  9.143  -36.990 0.6250000000
25372  20.866  6.520  -34.546 1.0000000000
25837  20.835  6.901  -34.666 1.0000000000
26294  20.745  7.683  -34.625 1.0000000000
24956  21.295  5.878  -33.765 1.0000000000
24957  20.521  6.055  -33.300 1.0000000000
28562  17.531  10.909  -39.921 0.2500000000
27667  18.125  9.885  -38.314 0.3750000000
58286  18.151  9.776  -37.852 0.5000000000
27666  18.672  9.742  -37.606 1.0000000000
27210  19.780  9.364  -36.242 1.0000000000
26762  20.548  8.663  -35.148 1.0000000000
25836  21.078  6.559  -35.249 1.0000000000
61235  21.069  7.701  -35.256 1.0000000000
25361  21.022  6.119  -34.248 1.0000000000
25371  21.289  6.287  -35.046 1.0000000000
28552  17.257  10.985  -39.941 0.3750000000
28141  18.059  9.897  -39.030 0.3750000000
55672  18.196  9.988  -38.460 0.5000000000
27676  18.808  9.830  -37.781 0.8750000000
26761  21.052  8.470  -35.739 1.0000000000
27219  19.322  9.726  -37.229 1.0000000000
59949  21.252  7.184  -35.809 1.0000000000
25378  21.531  6.346  -35.693 1.0000000000
25844  21.293  6.596  -35.816 1.0000000000
28140  18.033  10.412  -39.034 0.6250000000
28139  19.019  10.111  -37.906 1.0000000000
52744  19.449  9.855  -37.298 1.0000000000
26302  21.394  7.488  -36.348 1.0000000000
26768  21.067  8.571  -36.425 1.0000000000
27209  20.226  9.246  -36.218 1.0000000000
26301  21.588  6.650  -36.357 1.0000000000
27680  19.815  10.193  -37.658 1.0000000000
26767  21.824  7.970  -36.691 1.0000000000
27217  21.128  9.014  -36.850 1.0000000000
27218  20.096  9.664  -36.937 1.0000000000
55708  21.832  8.298  -36.884 1.0000000000
26305  21.923  7.158  -36.510 1.0000000000
28561  18.536  11.004  -39.193 0.8750000000
28145  20.133  10.370  -37.833 1.0000000000
28146  19.138  10.505  -38.300 1.0000000000
27224  21.666  9.023  -37.213 1.0000000000
27679  20.696  9.800  -37.357 1.0000000000
27223  22.197  8.091  -36.940 1.0000000000
27225  21.164  9.201  -37.046 1.0000000000
26766  22.059  7.525  -36.699 1.0000000000
25850  22.282  6.723  -36.447 0.8750000000
29415  19.459  13.174  -39.729 1.0000000000
29877  18.908  13.507  -40.480 0.3750000000
29416  18.821  12.919  -39.896 0.8750000000
28566  20.005  11.390  -38.706 1.0000000000
28144  21.060  9.893  -37.648 1.0000000000
29876  19.336  13.890  -40.470 0.8750000000
28996  19.753  12.427  -39.185 1.0000000000
29005  20.405  12.593  -39.004 1.0000000000
58454  20.135  11.798  -38.810 1.0000000000
28151  21.393  10.257  -37.904 1.0000000000
27685  21.926  9.295  -37.462 1.0000000000
30284  19.406  14.579  -41.288 0.7500000000
28995  20.667  11.874  -38.664 1.0000000000
28994  21.733  10.642  -38.071 1.0000000000
28565  20.850  11.155  -38.359 1.0000000000
29887  20.214  13.390  -39.513 1.0000000000
61279  21.364  11.303  -38.318 1.0000000000
31067  22.733  15.985  -40.914 0.1250000000
55650  22.089  15.574  -40.523 0.2500000000
30681  22.785  15.754  -40.314 0.1250000000
30690  22.579  15.117  -39.463 0.3750000000
30291  23.245  14.643  -38.211 0.3750000000
30680  23.687  15.573  -39.570 0.2500000000
55711  23.243  15.222  -39.216 0.2500000000
30689  24.038  14.770  -38.677 0.2500000000
30290  24.373  13.934  -37.951 0.2500000000
27197  18.596  9.746  -36.754 0.1250000000
26735  18.990  8.084  -33.382 0.1250000000
25352  19.399  6.004  -32.500 0.7500000000
25351  19.857  6.100  -32.873 1.0000000000
24945  20.823  5.634  -32.766 1.0000000000
28131  17.498  10.211  -39.052 0.3750000000
28553  17.077  10.642  -39.614 0.2500000000
24964  21.739  5.991  -34.703 0.8750000000
25377  22.305  6.001  -36.061 0.8750000000
25370  22.077  5.990  -35.484 0.8750000000
25843  22.339  6.078  -36.477 0.8750000000
53540  18.180  13.953  -41.179 0.1250000000
28989  18.135  11.941  -39.862 0.3750000000
28567  19.159  11.501  -39.117 0.6250000000
26772  22.318  7.515  -36.739 1.0000000000
27232  22.239  8.578  -37.212 1.0000000000
29875  19.907  14.125  -40.354 0.8750000000
54725  21.127  13.045  -38.917 1.0000000000
29004  21.352  11.831  -38.450 1.0000000000
31453  23.175  16.828  -41.667 0.1250000000
53743  21.485  16.384  -41.878 0.1250000000
30691  21.755  14.979  -39.959 0.6250000000
30292  22.609  14.167  -38.735 0.5000000000
29882  23.605  13.258  -37.949 0.5000000000
31066  23.006  15.953  -40.734 0.2500000000
30679  24.617  15.308  -38.804 0.1250000000
30289  25.450  13.596  -37.999 0.2500000000
29881  24.822  12.800  -37.799 0.3750000000
29880  25.795  12.869  -38.030 0.2500000000
30688  24.995  14.541  -38.062 0.1250000000
54907  19.149  7.493  -33.123 0.3750000000
53723  19.383  9.289  -35.854 0.1250000000
25845  21.032  6.985  -35.279 1.0000000000
52346  21.728  6.374  -36.119 0.8750000000
27675  20.197  9.772  -37.194 1.0000000000
28560  19.609  10.936  -38.504 1.0000000000
28152  20.501  10.662  -38.170 1.0000000000
28997  19.159  12.090  -39.332 1.0000000000
58675  20.960  12.611  -38.804 1.0000000000
31454  22.036  16.494  -42.061 0.1250000000
31068  21.975  16.071  -41.241 0.1250000000
26279  18.235  7.374  -32.612 0.1250000000
25820  18.679  6.540  -32.945 0.6250000000
25353  18.833  5.562  -32.370 0.7500000000
24946  19.443  5.872  -31.927 1.0000000000
56299  18.018  13.028  -40.533 0.5000000000
29417  18.220  12.607  -40.068 0.7500000000
24115  16.093  1.362  -31.909 0.7500000000
61466  16.077  -0.643  -32.200 0.7500000000
24114  17.071  1.276  -31.915 0.7500000000
24505  16.777  2.726  -32.110 0.7500000000
24504  17.532  2.417  -32.224 0.7500000000
25343  18.864  5.501  -31.298 0.7500000000
24515  19.029  4.987  -30.887 0.8750000000
24113  19.337  2.573  -30.756 0.7500000000
60985  17.763  1.890  -32.126 0.7500000000
24124  19.340  3.598  -30.557 0.7500000000
24514  19.440  4.675  -30.746 0.8750000000
24513  20.642  4.846  -31.410 0.7500000000
59992  19.968  5.797  -31.835 0.8750000000
24522  22.660  4.578  -32.762 0.3750000000
24523  21.700  5.264  -33.044 0.7500000000
61717  23.518  3.826  -33.061 0.5000000000
24531  22.917  4.939  -33.823 0.5000000000
24955  22.426  5.604  -34.231 0.7500000000
24521  23.922  3.907  -34.132 0.1250000000
24538  23.743  4.676  -35.166 0.3750000000
24963  22.798  5.454  -35.309 0.6250000000
24143  24.156  2.660  -35.081 0.1250000000
24530  23.784  2.992  -35.808 0.1250000000
24969  23.173  4.439  -35.808 0.1250000000
24537  24.227  2.960  -35.996 0.1250000000
24970  22.937  5.182  -35.997 0.6250000000
24542  23.252  2.679  -37.192 0.1250000000
24968  23.163  4.015  -36.410 0.1250000000
25376  22.911  5.204  -36.537 0.5000000000
24536  23.835  1.971  -36.732 0.1250000000
25375  22.863  4.722  -36.682 0.5000000000
25382  23.002  5.262  -36.424 0.5000000000
25849  22.669  6.161  -36.376 0.6250000000
30684  19.905  15.123  -41.626 0.5000000000
30283  20.190  14.603  -40.716 0.7500000000
25854  22.795  6.310  -36.378 0.6250000000
26311  22.757  6.855  -36.520 0.6250000000
25853  23.212  6.149  -36.112 0.5000000000
26771  22.850  7.553  -36.772 0.7500000000
28150  22.171  9.898  -37.792 0.8750000000
27684  22.579  8.623  -37.276 0.8750000000
26310  23.270  6.859  -36.325 0.5000000000
27231  22.659  8.060  -37.025 0.6250000000
26309  23.885  6.301  -35.731 0.2500000000
26779  23.204  7.512  -36.652 0.5000000000
30282  20.488  15.051  -41.060 0.6250000000
30293  21.016  14.528  -40.016 0.7500000000
29886  20.614  13.925  -39.713 0.8750000000
28574  21.979  10.949  -38.132 0.7500000000
28564  22.292  10.307  -37.966 0.8750000000
27683  22.857  8.595  -37.246 0.7500000000
30692  20.997  15.222  -40.870 0.6250000000
29425  21.682  12.140  -38.424 0.8750000000
56106  21.927  12.580  -38.453 0.7500000000
56382  22.172  11.262  -38.158 0.8750000000
28149  22.690  9.718  -37.729 0.7500000000
52592  24.366  6.958  -36.045 0.2500000000
26778  23.771  7.575  -36.529 0.5000000000
27230  22.985  8.019  -36.982 0.5000000000
25862  24.604  6.537  -35.802 0.2500000000
53856  21.913  13.926  -38.984 0.6250000000
29885  21.432  13.529  -39.014 0.7500000000
62065  22.139  13.046  -38.503 0.7500000000
29424  22.501  11.585  -38.113 0.7500000000
29884  22.648  12.290  -38.141 0.7500000000
29003  22.703  10.843  -38.021 0.7500000000
28573  22.587  10.445  -37.969 0.7500000000
27682  23.434  8.563  -37.019 0.5000000000
28148  23.278  9.243  -37.305 0.3750000000
28159  23.040  9.945  -37.724 0.6250000000
26777  24.244  7.552  -36.548 0.2500000000
29002  23.128  10.858  -37.903 0.7500000000
28572  23.052  10.318  -37.843 0.6250000000
27691  24.040  8.625  -36.905 0.3750000000
28158  23.431  9.721  -37.421 0.3750000000
26776  24.805  7.236  -36.530 0.1250000000
26784  24.429  7.865  -36.725 0.1250000000
29883  22.707  13.122  -38.260 0.7500000000
29423  23.185  11.516  -37.906 0.7500000000
51399  24.167  9.040  -36.937 0.2500000000
26782  24.801  6.843  -37.258 0.1250000000
27235  24.862  7.596  -36.911 0.1250000000
29422  23.709  11.579  -37.667 0.3750000000
55095  23.316  12.259  -37.813 0.3750000000
29001  23.793  10.892  -37.665 0.3750000000
28157  24.113  9.489  -37.066 0.2500000000
28571  23.589  10.231  -37.580 0.3750000000
27689  25.081  7.675  -36.845 0.1250000000
26321  24.740  5.794  -37.768 0.1250000000
27690  24.635  8.191  -36.740 0.1250000000
54090  24.099  12.146  -37.590 0.3750000000
28570  24.292  10.104  -37.223 0.3750000000
28156  24.899  9.097  -36.844 0.3750000000
27688  24.865  7.354  -37.705 0.1250000000
52698  24.717  8.552  -36.783 0.1250000000
26781  24.662  6.322  -37.990 0.1250000000
53670  24.795  11.841  -37.650 0.2500000000
29421  24.286  11.360  -37.576 0.2500000000
59129  25.165  9.999  -37.016 0.1250000000
60556  24.456  10.716  -37.372 0.3750000000
55469  25.786  7.280  -36.979 0.1250000000
55598  24.886  11.098  -37.421 0.2500000000
28569  25.889  9.155  -36.937 0.1250000000
27687  25.461  7.161  -38.086 0.1250000000
28154  25.800  7.721  -37.170 0.1250000000
56228  25.780  10.221  -37.029 0.1250000000
27686  25.572  6.831  -38.086 0.1250000000
27233  25.644  6.218  -38.922 0.1250000000
61151  21.612  4.816  -32.240 0.6250000000
25848  23.035  5.604  -36.144 0.6250000000
26319  23.919  6.992  -36.170 0.3750000000
55960  22.916  9.077  -37.398 0.5000000000
27229  23.622  8.023  -36.863 0.5000000000
52929  25.184  8.068  -36.801 0.1250000000
25381  23.193  4.699  -36.258 0.3750000000
25387  23.486  5.238  -35.436 0.2500000000
55033  22.565  9.201  -37.515 0.7500000000
28155  25.662  8.488  -36.715 0.1250000000
25852  24.585  5.560  -35.142 0.1250000000
23688  15.062  -1.126  -32.656 0.7500000000
24102  14.909  -0.064  -32.364 0.7500000000
24493  14.693  0.803  -32.259 0.7500000000
24506  15.520  1.993  -31.926 0.7500000000
24101  16.012  0.179  -32.053 0.7500000000
24939  18.303  4.883  -30.994 0.6250000000
23705  16.954  0.272  -31.895 0.6250000000
24123  20.111  3.282  -30.325 0.6250000000
24512  21.593  4.153  -31.472 0.5000000000
24133  24.953  1.989  -35.091 0.1250000000
24142  24.077  2.011  -35.961 0.1250000000
30683  20.497  15.582  -41.760 0.5000000000
26318  25.306  6.657  -36.334 0.1250000000
26317  25.053  6.611  -36.987 0.1250000000
30682  21.362  15.780  -41.274 0.3750000000
26780  25.102  6.741  -38.825 0.1250000000
27228  25.949  5.848  -39.617 0.1250000000
61950  25.237  11.573  -37.569 0.2500000000
28999  25.799  10.962  -37.220 0.1250000000
56574  25.994  8.801  -36.962 0.1250000000
28568  26.072  9.932  -37.069 0.1250000000
26304  22.373  6.895  -36.531 0.7500000000
56686  25.396  12.176  -37.800 0.1250000000
24931  16.190  3.116  -32.078 0.7500000000
24135  23.000  3.671  -32.015 0.2500000000
61390  23.118  3.158  -37.018 0.1250000000
26783  24.828  7.136  -36.811 0.1250000000
27234  25.191  7.009  -37.478 0.1250000000
29000  25.440  10.987  -37.271 0.1250000000
25344  18.240  5.074  -31.753 0.5000000000
24967  23.355  2.800  -37.045 0.1250000000
24975  23.221  3.888  -36.407 0.1250000000
26775  25.370  5.476  -39.072 0.1250000000
55902  14.167  -1.944  -33.283 0.6250000000
23280  14.793  -2.320  -33.177 0.6250000000
58177  15.759  -1.632  -32.609 0.3750000000
23278  16.426  -2.726  -32.618 0.2500000000
23279  16.782  -0.794  -32.073 0.3750000000
23704  17.844  0.184  -31.880 0.5000000000
24112  19.991  2.129  -30.574 0.3750000000
55231  15.719  -3.098  -33.005 0.5000000000
22876  13.785  -2.907  -33.622 0.6250000000
24932  14.868  2.453  -32.014 0.3750000000
24507  14.402  1.409  -32.239 0.3750000000
23689  14.015  -1.148  -33.051 0.6250000000
24103  13.792  -0.280  -32.873 0.6250000000
22875  14.960  -3.668  -33.354 0.3750000000
25333  15.788  3.528  -32.062 0.2500000000
22874  15.468  -3.632  -33.218 0.3750000000
23297  17.661  -0.963  -31.956 0.2500000000
24122  21.641  2.858  -29.967 0.2500000000
28990  17.188  11.946  -40.426 0.2500000000
29408  17.418  12.899  -41.033 0.2500000000
30285  19.132  14.151  -41.221 0.2500000000
28977  16.821  11.267  -40.092 0.1250000000
23690  12.463  -1.926  -33.828 0.5000000000
22484  14.432  -4.195  -33.466 0.2500000000
22877  13.094  -3.719  -33.840 0.3750000000
54005  13.341  -2.016  -33.580 0.5000000000
52884  13.071  -1.181  -33.442 0.5000000000
55363  10.905  -2.492  -34.338 0.1250000000
61933  12.089  -2.042  -34.004 0.3750000000
24494  13.596  0.524  -32.716 0.2500000000
22465  10.348  -3.820  -33.995 0.1250000000
22878  12.552  -3.436  -33.990 0.3750000000
55709  13.292  -4.591  -33.747 0.2500000000
23281  12.811  -2.810  -33.863 0.5000000000
23284  10.206  -2.899  -34.132 0.1250000000
23282  12.282  -2.607  -34.006 0.3750000000
23691  12.091  -1.467  -33.909 0.1250000000
52114  12.741  -0.362  -33.307 0.1250000000
58886  12.379  -1.150  -33.683 0.1250000000
50865  10.169  -1.937  -34.252 0.1250000000
23283  10.965  -1.859  -34.393 0.1250000000
22863  11.003  -3.284  -34.277 0.3750000000
22485  12.834  -4.285  -33.921 0.2500000000
56747  12.018  -0.650  -33.698 0.1250000000
55372  11.087  -3.960  -34.224 0.2500000000
22486  11.486  -4.534  -34.189 0.2500000000
25811  17.995  5.352  -32.939 0.1250000000
61375  19.828  15.562  -42.185 0.1250000000
31070  20.164  16.017  -42.381 0.1250000000
31069  20.867  16.209  -42.118 0.1250000000
30685  19.229  15.212  -42.104 0.1250000000
54057  20.877  16.929  -42.461 0.1250000000
56586  19.094  14.817  -41.930 0.1250000000
25345  16.658  4.934  -31.738 0.1250000000
31457  20.036  16.237  -42.727 0.1250000000
52902  20.241  16.916  -42.628 0.1250000000
31455  20.931  16.637  -42.313 0.1250000000
25812  16.679  5.723  -32.118 0.1250000000
31071  19.500  15.784  -42.502 0.1250000000
31456  20.533  16.561  -42.484 0.1250000000
51239  19.721  16.788  -42.873 0.1250000000
31814  21.208  17.066  -42.299 0.1250000000
22483  14.860  -4.394  -33.343 0.1250000000
22482  15.799  -4.162  -33.184 0.1250000000
22873  16.336  -3.269  -32.841 0.1250000000
53089  17.097  -2.841  -32.425 0.1250000000
23703  18.717  -0.012  -31.951 0.1250000000
23296  18.620  -1.066  -31.902 0.1250000000
23702  19.638  -0.155  -32.116 0.1250000000
24111  20.787  1.627  -30.436 0.1250000000
23713  22.236  1.313  -30.141 0.1250000000
59950  13.050  -5.054  -33.809 0.1250000000
58567  14.240  -4.845  -33.423 0.1250000000
22094  15.429  -5.049  -33.125 0.1250000000
55604  17.154  -3.336  -32.585 0.1250000000
23277  18.580  -1.949  -31.984 0.1250000000
23295  19.630  -1.218  -31.955 0.1250000000
24121  23.829  2.523  -31.407 0.1250000000
23701  22.532  0.816  -30.786 0.1250000000
22481  16.659  -3.998  -32.914 0.1250000000
22096  13.129  -5.605  -33.653 0.1250000000
22095  14.027  -5.435  -33.340 0.1250000000
23712  23.750  1.733  -31.486 0.1250000000
