#!ascii label  , from subject sub-1015 vox2ras=TkReg
1930
1094  5.447  -71.438  -12.205 0.6000000238
52124  -0.220  -66.078  -8.157 1.0000000000
53125  -0.131  -66.192  -7.911 1.0000000000
2650  -0.343  -65.593  -9.097 1.0000000000
2649  -0.066  -65.960  -8.857 1.0000000000
2384  0.183  -66.081  -8.574 1.0000000000
1813  2.002  -66.175  -8.706 1.0000000000
1807  3.048  -66.472  -8.193 1.0000000000
1292  3.930  -69.567  -10.194 0.8999999762
1089  4.756  -71.186  -10.890 0.6000000238
1101  4.849  -70.900  -12.818 0.6000000238
60374  -0.365  -65.831  -8.533 1.0000000000
59505  -0.487  -66.346  -7.216 1.0000000000
2894  -0.502  -64.951  -9.280 1.0000000000
2654  -0.280  -65.383  -9.760 1.0000000000
2653  0.063  -65.777  -9.545 1.0000000000
2387  0.471  -66.076  -9.419 1.0000000000
2896  -0.238  -65.122  -10.544 1.0000000000
3144  -0.276  -64.566  -11.185 1.0000000000
1491  4.328  -67.108  -8.033 0.6999999881
1806  4.311  -67.392  -8.700 0.8000000119
1090  4.311  -70.765  -10.465 0.6000000238
6164  3.994  -53.851  -24.472 0.8000000119
906  5.372  -71.638  -11.322 0.6000000238
1311  4.951  -70.591  -14.123 0.8000000119
1316  5.937  -70.754  -14.892 0.6999999881
1860  4.160  -68.579  -16.902 0.8999999762
1550  5.647  -68.964  -17.819 0.8000000119
1874  4.859  -67.603  -18.927 0.8999999762
2891  -0.600  -65.203  -8.524 1.0000000000
3138  -0.704  -64.372  -8.861 1.0000000000
3382  -0.258  -63.248  -11.557 1.0000000000
1490  4.855  -68.644  -8.417 0.6999999881
60639  4.411  -69.915  -9.062 0.6999999881
5886  3.229  -54.829  -23.327 0.8999999762
1300  3.630  -70.019  -12.096 0.8000000119
1102  4.172  -70.498  -12.419 0.6999999881
5311  3.059  -57.477  -24.555 0.8999999762
5305  3.521  -56.865  -25.113 0.8999999762
1305  4.206  -70.393  -13.262 0.6999999881
60738  4.421  -69.392  -15.927 0.8999999762
1865  5.229  -68.261  -18.408 0.8000000119
3135  -0.833  -64.438  -8.170 1.0000000000
2646  -0.515  -65.882  -7.731 1.0000000000
3141  -0.567  -64.157  -9.562 1.0000000000
2095  0.641  -66.156  -8.203 1.0000000000
1812  3.507  -66.864  -9.207 1.0000000000
1496  4.447  -68.571  -9.189 0.8000000119
1091  4.154  -70.461  -10.033 0.6999999881
1097  3.824  -70.138  -11.101 0.8000000119
6159  3.667  -53.435  -23.925 0.8000000119
5891  3.040  -55.580  -23.290 0.8999999762
1096  4.178  -70.601  -11.466 0.6999999881
1095  4.769  -71.028  -11.848 0.6000000238
1100  5.537  -71.333  -12.919 0.6000000238
919  7.583  -72.750  -14.209 0.6000000238
914  6.805  -72.180  -13.847 0.6000000238
5005  2.866  -58.478  -24.670 0.8999999762
58960  4.580  -69.104  -16.582 1.0000000000
2152  4.222  -67.455  -18.516 0.8999999762
1872  6.011  -68.502  -18.811 0.8000000119
1881  5.631  -67.504  -20.342 0.8000000119
61575  2.262  -65.947  -23.879 0.8999999762
3372  -0.841  -63.862  -8.526 1.0000000000
59517  -0.495  -62.928  -10.075 1.0000000000
2897  -0.421  -64.823  -9.887 1.0000000000
3145  -0.392  -64.364  -10.373 1.0000000000
2100  1.037  -66.097  -9.056 1.0000000000
59445  1.228  -66.222  -9.771 1.0000000000
1818  3.601  -67.546  -9.989 0.8999999762
1501  4.093  -68.989  -9.929 0.8000000119
1084  4.175  -70.301  -9.639 0.6000000238
1296  3.859  -69.843  -10.575 0.8000000119
59559  3.507  -69.560  -11.402 0.8000000119
1307  3.228  -69.495  -12.894 0.8000000119
1306  3.671  -70.029  -12.994 0.6999999881
1313  3.762  -69.962  -13.728 0.8999999762
2134  2.615  -67.678  -16.171 1.0000000000
1318  3.888  -69.788  -14.460 0.8999999762
5307  2.764  -57.159  -23.932 0.8999999762
60455  5.289  -70.518  -14.679 0.6000000238
59369  2.690  -57.918  -24.133 0.8999999762
1324  6.208  -70.486  -15.676 0.6999999881
1537  4.999  -69.639  -16.111 0.6999999881
2139  3.573  -68.229  -16.742 1.0000000000
1323  7.037  -70.793  -15.979 0.6000000238
1333  6.463  -70.201  -16.385 0.6999999881
51994  7.027  -70.256  -16.904 0.6999999881
4718  2.439  -59.259  -24.564 0.8999999762
5010  3.370  -57.891  -25.168 0.8999999762
1549  6.403  -69.212  -18.113 0.8000000119
58605  2.895  -66.069  -22.763 0.8999999762
1880  6.249  -67.830  -20.531 0.8000000119
1873  5.491  -67.794  -19.307 0.8000000119
1882  5.054  -67.238  -19.926 0.8000000119
2165  4.017  -66.498  -21.150 0.8999999762
2956  1.939  -65.138  -24.019 0.8999999762
1895  5.340  -68.011  -22.546 0.8999999762
2170  4.228  -67.402  -22.600 0.8999999762
59468  5.965  -68.144  -22.191 0.8000000119
2721  2.382  -65.987  -25.062 0.8999999762
3134  -0.868  -64.504  -7.086 0.8999999762
3374  -0.896  -63.271  -8.529 1.0000000000
3375  -0.750  -63.641  -8.975 1.0000000000
3635  -0.796  -62.903  -9.003 1.0000000000
3377  -0.627  -63.268  -9.537 1.0000000000
3888  -0.489  -61.551  -10.128 1.0000000000
3637  -0.404  -62.331  -10.426 1.0000000000
3148  -0.311  -63.822  -10.959 1.0000000000
3890  -0.089  -61.733  -11.731 1.0000000000
2658  0.027  -65.669  -10.291 1.0000000000
56209  -0.016  -65.577  -10.943 1.0000000000
51265  -0.290  -64.032  -11.792 1.0000000000
3642  -0.139  -62.586  -12.244 1.0000000000
2390  0.413  -66.009  -10.170 1.0000000000
1819  2.299  -66.440  -9.740 1.0000000000
1512  3.506  -69.057  -11.041 1.0000000000
1286  4.239  -70.150  -9.343 0.6999999881
1506  3.665  -68.786  -10.586 1.0000000000
1835  2.620  -68.126  -12.190 1.0000000000
1520  2.905  -68.867  -12.679 1.0000000000
1301  3.292  -69.469  -12.104 1.0000000000
1526  2.731  -68.684  -13.430 1.0000000000
1531  3.035  -68.963  -14.379 1.0000000000
1314  3.365  -69.667  -13.485 1.0000000000
1530  3.447  -69.253  -14.801 1.0000000000
1539  3.492  -68.947  -15.453 1.0000000000
1120  6.709  -71.087  -15.118 0.6999999881
1119  7.982  -71.816  -15.549 0.6000000238
55783  4.015  -67.984  -17.596 1.0000000000
1332  6.955  -69.708  -17.756 0.6999999881
2427  3.220  -66.681  -18.545 0.8999999762
2153  3.843  -66.861  -18.975 0.8999999762
1559  6.766  -68.946  -18.815 0.6999999881
52429  4.458  -67.030  -19.448 0.8999999762
1889  5.069  -67.227  -21.088 0.8999999762
3435  2.412  -62.994  -25.604 0.8999999762
1894  6.577  -68.378  -22.253 0.6999999881
2965  2.206  -65.157  -25.259 0.8999999762
1904  4.405  -67.983  -23.570 0.8999999762
56694  4.829  -68.019  -24.757 0.8000000119
2192  5.370  -67.755  -25.785 0.8000000119
3371  -0.963  -63.649  -7.852 1.0000000000
3638  -0.640  -62.372  -9.621 1.0000000000
3380  -0.460  -63.607  -10.186 1.0000000000
3640  -0.233  -62.439  -11.250 1.0000000000
3384  -0.238  -63.499  -12.398 1.0000000000
56234  -0.006  -61.088  -12.051 1.0000000000
2900  -0.159  -65.226  -11.434 1.0000000000
4142  0.092  -60.276  -12.967 1.0000000000
54942  0.274  -65.936  -10.890 1.0000000000
2106  0.969  -66.277  -10.211 1.0000000000
1825  2.740  -67.071  -10.399 1.0000000000
1839  1.994  -67.480  -12.685 1.0000000000
55513  3.037  -68.396  -11.543 1.0000000000
2120  1.950  -67.437  -13.517 1.0000000000
1838  2.439  -68.104  -13.073 1.0000000000
1844  2.376  -68.037  -13.972 1.0000000000
1843  2.760  -68.664  -14.011 1.0000000000
1849  2.664  -68.358  -14.617 1.0000000000
2420  2.308  -66.793  -17.314 1.0000000000
2141  2.144  -67.085  -16.490 1.0000000000
2135  2.158  -67.366  -15.653 1.0000000000
2435  2.389  -65.908  -18.547 1.0000000000
2140  2.677  -67.367  -16.940 1.0000000000
1848  3.051  -68.668  -15.096 1.0000000000
58977  3.274  -67.635  -17.284 1.0000000000
2428  2.613  -66.454  -18.123 1.0000000000
2146  3.568  -67.271  -18.093 1.0000000000
60182  7.802  -70.247  -17.545 0.6999999881
2433  3.517  -66.386  -19.448 0.8999999762
61503  6.879  -69.347  -18.299 0.6999999881
55129  6.014  -67.936  -19.685 0.8000000119
2443  3.535  -66.070  -20.999 0.8999999762
54241  7.342  -68.775  -19.589 0.6000000238
1573  7.534  -68.471  -20.584 0.6999999881
52041  3.873  -66.840  -22.273 0.8999999762
4465  3.017  -60.893  -26.386 0.8999999762
1612  7.228  -68.899  -23.530 0.6999999881
1623  6.305  -68.656  -24.414 0.8000000119
4952  -0.935  -57.189  -8.363 1.0000000000
58964  -0.752  -56.471  -9.004 1.0000000000
4137  -0.300  -60.831  -10.624 1.0000000000
5252  -0.690  -55.841  -8.955 1.0000000000
3887  -0.254  -61.642  -10.899 1.0000000000
4139  -0.080  -60.969  -11.375 1.0000000000
5559  -0.669  -55.359  -8.436 1.0000000000
3644  -0.033  -62.411  -13.186 1.0000000000
62077  -0.155  -63.079  -12.965 1.0000000000
56067  0.047  -60.858  -12.577 1.0000000000
60344  -0.598  -54.974  -7.887 1.0000000000
3892  -0.002  -61.643  -12.643 1.0000000000
4403  0.068  -59.478  -12.652 1.0000000000
3151  -0.273  -64.246  -12.613 1.0000000000
4405  0.130  -59.610  -13.507 1.0000000000
4968  0.080  -57.127  -13.558 1.0000000000
2661  0.048  -65.783  -11.566 1.0000000000
55547  -0.263  -64.743  -12.024 1.0000000000
5266  0.013  -56.499  -13.003 1.0000000000
55068  0.730  -66.301  -10.853 1.0000000000
50944  0.075  -56.147  -13.684 1.0000000000
53108  1.463  -66.618  -10.881 1.0000000000
53617  0.603  -53.011  -15.669 1.0000000000
2111  1.808  -67.091  -11.501 1.0000000000
2121  1.390  -66.991  -13.158 1.0000000000
2116  1.350  -66.986  -12.264 1.0000000000
54982  2.552  -67.717  -11.532 1.0000000000
1831  2.460  -67.234  -10.926 1.0000000000
56675  0.875  -53.170  -16.291 1.0000000000
2408  0.931  -66.521  -13.664 1.0000000000
1836  2.085  -67.442  -12.013 1.0000000000
5887  2.982  -55.241  -22.639 0.8999999762
6427  1.198  -52.829  -16.765 1.0000000000
6161  3.181  -54.369  -22.838 0.8999999762
2125  1.444  -66.915  -13.949 1.0000000000
6160  3.382  -53.934  -23.376 0.8999999762
58714  1.487  -66.840  -14.592 1.0000000000
2416  1.162  -66.210  -15.721 1.0000000000
60109  3.389  -53.111  -23.471 0.8000000119
2136  1.616  -66.705  -15.926 1.0000000000
6449  3.533  -52.538  -23.945 0.8000000119
53520  1.305  -66.127  -16.428 1.0000000000
5614  2.972  -56.252  -23.686 0.8999999762
5889  3.778  -54.817  -24.539 0.8000000119
2690  1.892  -65.671  -18.027 1.0000000000
5302  2.501  -56.918  -23.252 0.8999999762
61947  3.361  -51.769  -23.967 0.8000000119
5002  1.891  -58.266  -23.172 0.8999999762
3182  1.727  -63.892  -20.126 1.0000000000
2429  2.033  -66.217  -17.687 1.0000000000
58368  2.099  -58.603  -23.667 0.8999999762
5001  2.309  -57.843  -23.589 0.8999999762
2694  2.184  -65.376  -19.024 1.0000000000
4447  1.893  -59.911  -24.043 0.8999999762
5006  2.407  -58.567  -24.091 0.8999999762
51981  2.977  -51.170  -23.697 0.8000000119
7033  2.451  -50.312  -23.629 0.6999999881
3184  1.868  -63.916  -21.059 0.8999999762
2439  2.797  -65.669  -19.527 0.8999999762
4446  2.161  -59.897  -24.562 0.8999999762
7037  2.955  -50.246  -24.297 0.6999999881
4451  2.276  -60.449  -25.063 0.8999999762
58254  3.177  -58.689  -25.292 0.8999999762
6729  3.424  -51.072  -24.405 0.6999999881
7345  2.284  -49.452  -24.216 0.6999999881
61079  3.133  -65.649  -20.644 0.8999999762
4181  2.225  -61.090  -25.248 0.8999999762
4180  2.475  -60.897  -25.545 0.8999999762
4717  2.782  -59.400  -25.170 0.8999999762
7342  1.823  -49.585  -23.522 0.6999999881
3932  1.871  -61.536  -24.889 0.8999999762
51487  2.867  -59.903  -25.698 0.8999999762
60325  1.370  -47.888  -24.645 0.6999999881
2448  2.772  -65.575  -22.351 0.8999999762
60345  2.133  -61.714  -25.532 0.8999999762
3944  2.000  -62.033  -26.816 0.8999999762
7672  2.720  -48.137  -25.318 0.6000000238
3431  2.057  -62.534  -25.356 0.8999999762
60022  2.728  -61.264  -26.026 0.8999999762
5009  3.606  -58.366  -25.802 0.6999999881
7344  2.930  -49.288  -25.032 0.6000000238
56723  1.754  -47.606  -25.246 0.5000000000
1613  6.472  -68.762  -23.667 0.8000000119
1911  4.925  -68.220  -24.063 0.8999999762
2182  3.543  -67.420  -24.192 0.8999999762
2459  2.609  -66.582  -24.037 0.8999999762
2970  2.376  -64.392  -25.639 0.8999999762
3448  2.092  -62.145  -26.979 0.8999999762
2730  2.839  -65.302  -26.242 0.8999999762
3208  2.605  -63.690  -25.825 0.8999999762
3447  3.041  -62.992  -26.346 0.8999999762
3446  3.135  -62.577  -27.063 0.8999999762
3698  2.956  -62.124  -27.191 0.8999999762
4194  3.179  -61.278  -26.916 0.8999999762
2472  2.830  -66.326  -25.457 0.8999999762
2968  3.200  -64.909  -26.754 0.8999999762
3212  3.287  -63.285  -26.812 0.8999999762
1622  7.023  -68.865  -24.211 0.6999999881
2193  4.260  -67.281  -25.603 0.8000000119
2187  3.719  -67.242  -25.118 0.8000000119
2725  3.050  -65.994  -26.064 0.8000000119
1935  6.524  -68.058  -25.934 0.6000000238
1926  5.951  -67.721  -26.194 0.6999999881
2470  3.962  -66.797  -26.063 0.8000000119
2728  3.969  -65.944  -26.985 0.8000000119
2729  3.356  -65.647  -26.633 0.8000000119
3211  3.560  -63.851  -27.350 0.8999999762
2477  5.220  -66.799  -26.963 0.8000000119
2476  5.982  -67.307  -26.816 0.6999999881
59236  -1.004  -62.844  -8.033 1.0000000000
3633  -0.911  -62.689  -8.585 1.0000000000
3884  -0.840  -62.183  -8.945 1.0000000000
3886  -0.724  -61.477  -9.430 1.0000000000
58727  -0.122  -60.289  -11.111 1.0000000000
51619  -0.096  -59.560  -11.256 1.0000000000
4401  -0.002  -59.311  -11.925 1.0000000000
55594  0.009  -60.228  -11.976 1.0000000000
3894  0.053  -61.744  -13.461 1.0000000000
4679  0.101  -58.789  -13.213 1.0000000000
4144  0.142  -60.432  -13.838 1.0000000000
3387  -0.205  -63.737  -13.197 1.0000000000
53818  -0.018  -57.137  -12.588 1.0000000000
2394  0.446  -66.226  -11.542 1.0000000000
2904  -0.108  -65.415  -12.323 1.0000000000
2665  0.195  -66.030  -12.227 1.0000000000
5272  0.234  -55.803  -15.119 1.0000000000
5854  0.282  -54.371  -15.019 1.0000000000
5576  0.176  -55.086  -14.660 1.0000000000
2399  0.646  -66.485  -12.197 1.0000000000
5580  0.349  -55.086  -15.511 1.0000000000
2404  0.466  -66.143  -13.364 1.0000000000
2112  1.028  -66.643  -11.524 1.0000000000
6132  0.431  -53.669  -15.339 1.0000000000
2409  0.607  -66.035  -14.150 1.0000000000
2398  0.814  -66.579  -12.899 1.0000000000
6136  0.693  -53.763  -16.118 1.0000000000
2678  0.353  -65.520  -14.584 1.0000000000
6156  3.030  -54.292  -22.103 0.8999999762
2683  0.530  -65.388  -15.455 1.0000000000
2413  0.814  -65.980  -15.078 1.0000000000
53323  1.071  -66.460  -14.437 1.0000000000
6155  3.179  -53.427  -22.826 0.8999999762
2682  0.910  -65.764  -15.971 1.0000000000
5882  2.798  -55.350  -21.828 0.8999999762
60622  2.663  -55.921  -22.325 0.8999999762
2926  1.137  -65.054  -17.092 1.0000000000
2686  1.139  -65.608  -16.770 1.0000000000
6450  3.135  -52.258  -23.315 0.8000000119
2691  1.478  -65.413  -17.547 1.0000000000
58173  2.008  -57.452  -22.908 0.8999999762
5611  2.783  -56.127  -22.919 0.8999999762
60082  1.783  -65.254  -18.270 1.0000000000
4998  1.611  -57.905  -22.558 0.8999999762
2695  1.856  -64.896  -18.874 1.0000000000
2935  1.840  -64.436  -19.533 1.0000000000
4714  1.854  -59.064  -23.501 0.8999999762
55013  1.555  -60.384  -23.417 0.8999999762
59298  1.720  -60.277  -23.837 0.8999999762
7989  1.330  -47.034  -22.919 0.8999999762
2939  2.036  -64.447  -20.469 1.0000000000
4719  2.121  -59.231  -24.059 0.8999999762
2700  2.457  -64.887  -20.838 0.8999999762
4172  1.686  -60.797  -24.040 0.8999999762
4450  2.549  -60.205  -25.386 0.8999999762
2947  2.177  -64.648  -22.401 0.8999999762
8337  1.531  -46.377  -23.395 0.8999999762
3681  1.705  -61.896  -24.621 0.8999999762
4723  3.207  -59.232  -25.790 0.8999999762
7673  2.085  -48.489  -24.769 0.6999999881
7669  1.537  -48.696  -24.111 0.6999999881
3685  1.773  -62.361  -24.857 0.8999999762
4457  3.202  -59.995  -26.299 0.8000000119
2715  2.189  -65.456  -23.436 0.8999999762
54802  1.794  -64.408  -24.417 0.8999999762
3199  1.849  -63.673  -24.645 0.8999999762
3697  3.099  -62.197  -27.375 0.8000000119
2464  3.226  -66.852  -25.244 0.8000000119
2471  3.361  -66.562  -25.813 0.8000000119
3696  3.503  -62.103  -27.783 0.6999999881
54296  3.884  -62.573  -28.277 0.6999999881
2202  4.649  -67.049  -26.253 0.8000000119
2734  3.717  -65.299  -27.173 0.8000000119
59264  4.852  -65.790  -27.854 0.6999999881
2980  4.366  -64.755  -28.213 0.6999999881
2483  6.816  -66.785  -27.922 0.6000000238
2738  5.963  -65.840  -28.587 0.5000000000
4134  -0.790  -60.612  -9.220 1.0000000000
4397  -0.655  -59.840  -9.751 1.0000000000
4135  -0.570  -60.694  -9.933 1.0000000000
4398  -0.356  -59.878  -10.485 1.0000000000
54886  -0.411  -56.990  -11.009 1.0000000000
54161  -0.195  -57.060  -11.767 1.0000000000
4677  0.020  -58.666  -12.359 1.0000000000
55764  0.045  -57.942  -12.923 1.0000000000
3897  0.144  -61.343  -14.179 1.0000000000
4407  0.186  -59.740  -14.332 1.0000000000
4148  0.241  -60.565  -14.770 1.0000000000
4972  0.127  -58.102  -13.809 1.0000000000
54812  0.254  -62.058  -15.001 1.0000000000
52562  0.061  -62.251  -14.022 1.0000000000
54611  0.155  -57.507  -14.372 1.0000000000
3390  -0.116  -63.883  -13.904 1.0000000000
51838  -0.221  -64.853  -12.745 1.0000000000
5269  0.159  -56.607  -14.554 1.0000000000
2908  -0.071  -65.241  -13.230 1.0000000000
2670  0.128  -65.806  -12.949 1.0000000000
53438  0.402  -66.223  -12.734 1.0000000000
2913  0.037  -65.065  -14.070 1.0000000000
5858  0.515  -54.411  -15.838 1.0000000000
3161  0.220  -64.225  -15.230 1.0000000000
2917  0.224  -64.920  -14.929 1.0000000000
6424  0.853  -52.362  -16.059 1.0000000000
6139  1.042  -53.826  -16.916 1.0000000000
6708  1.267  -51.841  -16.681 1.0000000000
3166  0.533  -64.053  -16.073 1.0000000000
2927  0.809  -64.594  -16.612 1.0000000000
6446  3.075  -53.282  -22.132 0.8999999762
6426  1.601  -52.318  -17.333 1.0000000000
7020  2.230  -50.574  -19.073 1.0000000000
53996  0.790  -65.223  -16.286 1.0000000000
5608  1.941  -56.653  -21.948 0.8999999762
52343  1.167  -64.463  -17.441 1.0000000000
5295  1.595  -56.960  -21.676 0.8999999762
5298  2.279  -56.637  -22.493 0.8999999762
6445  3.074  -52.649  -22.561 0.8000000119
59681  1.420  -64.365  -18.097 1.0000000000
2931  1.509  -64.861  -17.979 1.0000000000
5299  1.762  -57.190  -22.272 0.8999999762
6725  2.945  -51.830  -22.702 0.8000000119
3411  1.413  -63.361  -18.697 1.0000000000
4711  1.574  -58.707  -22.852 0.8999999762
3179  1.600  -63.918  -19.223 1.0000000000
4162  0.902  -60.254  -20.738 1.0000000000
53932  1.320  -59.112  -22.479 0.8999999762
3414  1.480  -63.259  -19.742 1.0000000000
56015  1.369  -59.900  -22.705 0.8999999762
3185  1.569  -63.280  -20.695 0.8999999762
4168  1.197  -60.229  -22.119 0.8999999762
3670  1.286  -61.964  -21.698 0.8999999762
56113  1.540  -61.059  -23.647 0.8999999762
3425  1.506  -62.795  -23.020 0.8999999762
51424  1.548  -61.736  -23.927 0.8999999762
3188  1.903  -64.011  -22.002 0.8999999762
3420  1.647  -63.435  -22.541 0.8999999762
3680  1.591  -62.450  -24.269 0.8999999762
3929  1.809  -61.093  -24.525 0.8999999762
3191  1.853  -64.164  -22.917 0.8999999762
3428  1.616  -63.219  -24.218 0.8999999762
3686  1.886  -62.005  -25.235 0.8999999762
58821  2.429  -61.529  -25.794 0.8999999762
56442  1.700  -63.857  -24.129 0.8999999762
3689  2.128  -62.072  -25.719 0.8999999762
55630  3.426  -62.611  -27.609 0.8000000119
2981  3.952  -64.348  -27.866 0.6999999881
3218  3.854  -63.656  -27.955 0.8000000119
2485  4.688  -66.161  -27.323 0.8000000119
2740  4.594  -65.293  -28.096 0.8000000119
3217  4.394  -64.142  -28.555 0.6999999881
2739  5.237  -65.579  -28.359 0.6999999881
2748  6.306  -65.538  -29.154 0.5000000000
53490  -1.087  -62.164  -7.274 1.0000000000
3631  -0.982  -62.141  -8.263 1.0000000000
3883  -0.918  -61.399  -8.667 1.0000000000
56084  -0.760  -59.139  -9.496 1.0000000000
4671  -0.771  -58.317  -9.524 1.0000000000
52831  -0.611  -57.899  -10.161 1.0000000000
55084  -0.306  -59.055  -10.786 1.0000000000
5257  -0.492  -56.232  -10.679 1.0000000000
58543  -0.479  -57.590  -10.671 1.0000000000
5568  -0.364  -55.635  -11.196 1.0000000000
5260  -0.298  -56.294  -11.483 1.0000000000
5848  -0.201  -54.653  -12.159 1.0000000000
5263  -0.086  -56.366  -12.287 1.0000000000
4965  -0.071  -57.858  -12.044 1.0000000000
4682  0.162  -58.950  -14.055 1.0000000000
61298  0.259  -61.274  -14.877 1.0000000000
51444  -0.021  -55.757  -12.925 1.0000000000
4971  0.223  -57.415  -15.198 1.0000000000
58591  0.180  -53.665  -14.528 1.0000000000
3650  0.198  -62.940  -15.083 1.0000000000
3394  0.043  -63.565  -14.642 1.0000000000
3157  0.002  -64.388  -14.384 1.0000000000
5583  0.391  -55.820  -16.006 1.0000000000
3398  0.303  -63.485  -15.515 1.0000000000
5584  0.553  -55.147  -16.363 1.0000000000
3397  0.597  -63.280  -16.298 1.0000000000
2921  0.475  -64.766  -15.773 1.0000000000
5879  2.339  -55.574  -21.095 1.0000000000
6429  1.491  -53.347  -17.496 1.0000000000
5605  1.903  -56.366  -21.394 0.8999999762
5883  2.303  -56.086  -21.853 0.8999999762
6152  2.987  -53.541  -21.404 0.8999999762
3407  1.182  -63.201  -17.788 1.0000000000
5293  1.272  -57.264  -21.350 1.0000000000
6442  3.036  -52.394  -21.832 0.8999999762
59130  2.597  -51.489  -19.229 1.0000000000
3176  1.303  -63.895  -17.908 1.0000000000
3664  1.259  -62.461  -19.306 1.0000000000
4708  1.072  -58.783  -21.880 0.8999999762
4999  1.391  -57.554  -21.949 0.8999999762
55103  1.429  -49.935  -20.118 1.0000000000
4430  0.962  -59.776  -21.383 1.0000000000
4994  1.260  -58.287  -22.126 0.8999999762
7338  1.380  -49.864  -21.593 1.0000000000
3917  1.117  -61.779  -20.156 1.0000000000
7335  0.775  -49.652  -20.918 1.0000000000
3667  1.323  -62.586  -20.352 1.0000000000
58717  1.220  -62.042  -20.909 0.8999999762
4441  1.611  -59.622  -23.267 0.8999999762
6720  2.667  -51.101  -22.188 0.8999999762
7029  2.248  -50.249  -22.909 0.8000000119
3923  1.245  -61.149  -22.166 0.8999999762
53799  1.382  -62.660  -21.243 0.8999999762
55148  1.420  -61.470  -23.144 0.8999999762
3417  1.631  -63.341  -21.617 0.8999999762
7666  1.176  -47.788  -23.860 0.6999999881
3424  1.626  -63.538  -23.493 0.8999999762
7995  0.754  -47.143  -24.930 0.6999999881
8344  1.919  -46.879  -24.932 0.5000000000
55740  4.474  -62.784  -28.973 0.6999999881
3454  4.144  -63.312  -28.504 0.6000000238
2749  5.638  -65.303  -28.932 0.6000000238
4951  -1.063  -58.142  -7.682 1.0000000000
4395  -0.869  -59.718  -8.948 1.0000000000
5845  -0.307  -54.899  -11.406 1.0000000000
4673  -0.402  -58.303  -10.724 1.0000000000
51416  -0.222  -53.210  -12.102 1.0000000000
51589  -0.193  -55.494  -12.035 1.0000000000
4962  -0.281  -57.736  -11.257 1.0000000000
6124  -0.132  -52.666  -12.775 1.0000000000
61409  -0.160  -53.921  -12.758 1.0000000000
5850  -0.025  -54.424  -13.448 1.0000000000
4411  0.280  -59.737  -15.101 1.0000000000
55947  0.265  -58.998  -15.417 1.0000000000
4686  0.218  -59.148  -14.730 1.0000000000
3900  0.413  -61.109  -15.563 1.0000000000
4681  0.197  -58.324  -14.760 1.0000000000
5853  0.086  -54.403  -14.191 1.0000000000
4685  0.265  -58.185  -15.756 1.0000000000
3647  -0.072  -63.114  -13.782 1.0000000000
5271  0.276  -56.576  -15.598 1.0000000000
59451  0.550  -61.956  -16.040 1.0000000000
3654  0.403  -62.730  -15.729 1.0000000000
5587  0.563  -55.874  -16.862 1.0000000000
5278  0.554  -56.561  -17.386 1.0000000000
56029  0.977  -54.651  -17.317 1.0000000000
61109  0.664  -62.589  -16.416 1.0000000000
3403  0.883  -62.904  -17.041 1.0000000000
6707  1.701  -51.312  -17.327 1.0000000000
7331  1.798  -50.150  -19.378 1.0000000000
53300  1.064  -62.449  -17.754 1.0000000000
5292  1.511  -56.710  -21.063 1.0000000000
6714  2.251  -52.144  -18.539 1.0000000000
54484  1.242  -62.705  -18.407 1.0000000000
4704  0.861  -58.906  -21.250 1.0000000000
7023  2.316  -50.439  -19.779 1.0000000000
4705  0.972  -58.244  -21.463 1.0000000000
6149  2.826  -53.850  -20.573 1.0000000000
6439  2.965  -52.651  -20.709 1.0000000000
58421  2.932  -51.609  -21.258 0.8999999762
4434  1.117  -59.436  -21.983 0.8999999762
7658  1.198  -48.551  -21.000 1.0000000000
3920  1.096  -61.217  -21.041 1.0000000000
4165  1.079  -60.513  -21.503 0.8999999762
7030  1.958  -50.076  -22.232 0.8999999762
7663  1.199  -48.701  -22.005 1.0000000000
7337  1.388  -49.169  -22.440 0.8999999762
3421  1.456  -62.706  -22.134 0.8999999762
51349  1.463  -48.788  -23.250 0.8999999762
7662  1.270  -48.191  -22.805 0.8999999762
3673  1.392  -62.041  -22.625 0.8999999762
3677  1.463  -62.217  -23.479 0.8999999762
4955  -0.918  -57.936  -8.684 1.0000000000
4956  -0.734  -57.264  -9.463 1.0000000000
4669  -0.945  -58.760  -8.633 1.0000000000
4960  -0.571  -57.024  -10.286 1.0000000000
6123  -0.247  -53.584  -11.303 1.0000000000
51021  -0.093  -54.899  -12.842 1.0000000000
6415  -0.000  -52.351  -13.515 1.0000000000
4147  0.363  -60.298  -15.502 1.0000000000
6133  0.323  -52.840  -14.835 1.0000000000
4410  0.355  -59.673  -15.875 1.0000000000
6422  0.545  -52.247  -15.370 1.0000000000
4975  0.317  -57.351  -16.155 1.0000000000
4151  0.508  -60.393  -16.218 1.0000000000
6704  0.930  -51.486  -16.024 1.0000000000
3902  0.670  -61.183  -16.561 1.0000000000
4691  0.396  -58.926  -17.200 1.0000000000
54775  0.342  -58.134  -16.719 1.0000000000
5862  0.759  -54.510  -16.639 1.0000000000
7015  1.347  -50.728  -16.707 1.0000000000
3653  0.857  -62.013  -17.003 1.0000000000
4978  0.428  -57.317  -17.102 1.0000000000
5588  0.776  -55.295  -17.248 1.0000000000
3657  0.994  -61.788  -17.815 1.0000000000
4988  0.754  -57.741  -20.122 1.0000000000
5603  1.797  -56.091  -20.719 1.0000000000
51237  2.042  -55.463  -20.370 1.0000000000
5599  1.662  -55.809  -19.999 1.0000000000
54688  2.230  -51.160  -18.498 1.0000000000
3660  1.103  -62.028  -18.485 1.0000000000
3910  0.935  -61.255  -18.357 1.0000000000
58679  1.231  -57.009  -20.787 1.0000000000
5875  2.464  -54.785  -20.428 1.0000000000
6146  2.444  -54.037  -19.848 1.0000000000
7659  0.424  -49.368  -19.869 1.0000000000
3914  1.014  -61.496  -19.236 1.0000000000
59160  0.737  -59.393  -20.608 1.0000000000
51642  0.924  -60.856  -20.013 1.0000000000
7025  2.397  -50.641  -21.359 1.0000000000
8335  1.571  -47.177  -22.110 0.8999999762
60425  1.143  -47.487  -23.164 0.8999999762
7992  1.126  -47.048  -23.826 0.8000000119
51801  1.485  -46.584  -24.312 0.5000000000
4132  -1.010  -60.407  -8.140 1.0000000000
5253  -0.831  -56.165  -8.234 1.0000000000
5565  -0.480  -55.255  -10.438 1.0000000000
5562  -0.633  -55.143  -9.290 1.0000000000
58221  -0.480  -54.351  -9.180 1.0000000000
6411  -0.152  -52.153  -12.064 1.0000000000
58528  -0.053  -51.890  -12.935 1.0000000000
6690  -0.026  -51.242  -12.501 1.0000000000
6691  0.051  -51.159  -13.277 1.0000000000
61831  0.021  -51.758  -13.423 1.0000000000
6130  0.074  -53.015  -14.017 1.0000000000
7006  0.215  -50.724  -13.877 1.0000000000
6698  0.136  -51.624  -13.938 1.0000000000
7313  0.405  -49.853  -13.770 1.0000000000
6419  0.161  -52.353  -14.205 1.0000000000
7005  0.461  -50.246  -14.363 1.0000000000
6697  0.355  -51.076  -14.532 1.0000000000
7317  0.837  -49.620  -14.816 1.0000000000
6418  0.333  -51.930  -14.696 1.0000000000
53510  0.959  -49.971  -15.506 1.0000000000
58349  0.709  -51.887  -15.678 1.0000000000
7322  1.224  -49.213  -15.711 1.0000000000
5275  0.416  -56.563  -16.528 1.0000000000
7321  1.219  -49.830  -16.307 1.0000000000
3906  0.857  -61.183  -17.479 1.0000000000
4153  0.650  -60.425  -17.112 1.0000000000
5592  0.696  -55.991  -17.556 1.0000000000
55143  1.987  -50.926  -17.942 1.0000000000
5289  1.067  -56.961  -20.126 1.0000000000
6428  1.899  -52.761  -18.008 1.0000000000
5872  1.970  -54.922  -19.660 1.0000000000
6432  2.189  -53.099  -18.698 1.0000000000
6717  2.516  -52.507  -19.080 1.0000000000
4159  0.790  -60.586  -19.032 1.0000000000
5288  1.413  -56.485  -20.398 1.0000000000
5600  1.292  -56.215  -19.674 1.0000000000
6440  2.738  -53.264  -20.038 1.0000000000
51641  0.693  -59.830  -19.782 1.0000000000
4991  1.000  -57.592  -20.920 1.0000000000
6721  2.811  -51.293  -20.343 1.0000000000
6435  2.823  -52.435  -19.744 1.0000000000
7026  2.030  -50.173  -20.658 1.0000000000
8332  1.862  -47.531  -21.457 0.8999999762
8340  2.056  -45.833  -23.847 0.5000000000
5843  -0.331  -54.285  -10.886 1.0000000000
6408  -0.181  -52.839  -11.267 1.0000000000
5841  -0.429  -54.378  -9.958 1.0000000000
6998  0.096  -50.479  -12.825 1.0000000000
7002  0.165  -50.393  -13.376 1.0000000000
52870  1.377  -53.718  -6.288 1.0000000000
7640  0.881  -49.041  -14.118 1.0000000000
7643  1.317  -48.636  -14.990 1.0000000000
4414  0.457  -59.671  -16.724 1.0000000000
4417  0.525  -59.683  -17.636 1.0000000000
7325  1.582  -49.707  -17.252 1.0000000000
52530  0.429  -58.148  -17.779 1.0000000000
5865  1.316  -54.410  -17.868 1.0000000000
7328  1.667  -49.767  -17.912 1.0000000000
4156  0.722  -60.457  -18.055 1.0000000000
5589  1.015  -55.179  -17.904 1.0000000000
7332  0.988  -49.682  -18.647 1.0000000000
4420  0.564  -59.617  -18.663 1.0000000000
4984  0.671  -57.488  -19.266 1.0000000000
5285  0.795  -56.824  -18.956 1.0000000000
5869  1.260  -55.239  -18.519 1.0000000000
6142  1.779  -53.751  -18.289 1.0000000000
4985  0.855  -57.107  -19.574 1.0000000000
5286  1.009  -56.537  -19.330 1.0000000000
5597  1.480  -55.483  -19.252 1.0000000000
5868  1.638  -54.666  -18.761 1.0000000000
4700  0.667  -58.594  -20.409 1.0000000000
6144  2.089  -53.992  -19.084 1.0000000000
6436  2.484  -53.248  -19.395 1.0000000000
7986  1.439  -48.157  -21.468 1.0000000000
7990  1.318  -47.823  -22.216 0.8999999762
56637  1.730  -46.350  -22.529 0.8999999762
5255  -0.637  -56.173  -9.736 1.0000000000
7310  0.287  -49.774  -13.100 1.0000000000
7314  0.618  -49.137  -13.398 1.0000000000
7009  0.627  -50.498  -15.043 1.0000000000
7012  0.931  -50.657  -15.796 1.0000000000
11087  3.583  -39.492  -18.783 1.0000000000
7646  1.559  -48.891  -16.761 1.0000000000
53771  0.452  -59.004  -18.005 1.0000000000
4981  0.538  -57.237  -17.978 1.0000000000
59807  0.646  -57.163  -18.631 1.0000000000
5282  0.908  -56.197  -18.657 1.0000000000
10402  3.413  -40.111  -18.828 1.0000000000
7652  1.423  -48.919  -18.375 1.0000000000
60193  0.541  -59.094  -19.339 1.0000000000
7655  0.779  -48.744  -19.190 1.0000000000
4697  0.554  -58.339  -19.515 1.0000000000
4426  0.602  -59.043  -19.952 1.0000000000
7987  1.028  -48.534  -20.195 1.0000000000
7983  1.695  -48.988  -20.938 1.0000000000
54323  -0.120  -51.978  -11.124 1.0000000000
6120  -0.239  -53.493  -10.475 1.0000000000
6997  0.098  -50.522  -12.150 1.0000000000
6117  -0.326  -53.693  -9.546 1.0000000000
55380  0.602  -49.064  -12.719 1.0000000000
6402  0.294  -52.402  -9.832 1.0000000000
54592  -0.167  -53.904  -8.727 1.0000000000
5839  -0.509  -54.600  -8.401 1.0000000000
56690  0.388  -53.535  -8.220 1.0000000000
5837  -0.285  -54.477  -7.504 1.0000000000
6681  0.632  -51.517  -9.902 1.0000000000
50966  0.303  -53.107  -9.050 1.0000000000
6114  0.025  -54.014  -7.854 1.0000000000
6111  0.321  -53.918  -6.941 1.0000000000
6988  0.867  -50.734  -10.119 1.0000000000
7638  1.017  -48.554  -13.131 1.0000000000
6678  1.307  -52.052  -8.874 1.0000000000
52811  0.855  -53.535  -7.324 1.0000000000
7965  1.473  -48.104  -13.606 1.0000000000
7964  1.803  -47.564  -14.297 1.0000000000
6983  2.515  -49.862  -8.665 1.0000000000
6396  2.145  -53.278  -6.794 1.0000000000
6393  2.366  -53.149  -5.306 1.0000000000
61060  1.286  -48.445  -14.413 1.0000000000
54683  1.122  -46.302  -14.919 1.0000000000
7967  1.323  -48.274  -14.085 1.0000000000
58492  1.577  -47.781  -14.739 1.0000000000
11083  3.723  -39.772  -17.829 1.0000000000
11430  3.814  -39.270  -18.344 1.0000000000
56153  3.943  -38.873  -17.965 1.0000000000
55990  1.241  -46.396  -15.068 1.0000000000
8314  1.784  -47.122  -15.290 1.0000000000
55957  3.754  -38.556  -18.689 1.0000000000
7970  1.786  -47.882  -15.571 1.0000000000
8987  2.698  -45.819  -14.498 1.0000000000
8313  1.554  -46.671  -15.497 1.0000000000
54479  1.802  -48.004  -16.597 1.0000000000
7650  1.079  -48.692  -17.240 1.0000000000
55978  1.857  -49.198  -17.815 1.0000000000
10736  3.597  -40.136  -17.225 1.0000000000
7973  2.074  -47.817  -16.749 1.0000000000
10057  3.770  -41.307  -17.144 1.0000000000
4694  0.479  -58.664  -18.680 1.0000000000
55222  0.532  -57.827  -18.663 1.0000000000
8642  1.481  -46.601  -15.425 1.0000000000
8317  2.054  -47.346  -16.335 1.0000000000
7981  0.832  -48.376  -18.114 1.0000000000
58209  1.255  -48.938  -18.824 1.0000000000
7977  1.465  -48.239  -17.308 1.0000000000
8646  2.925  -47.094  -16.499 1.0000000000
8320  2.726  -48.834  -18.008 1.0000000000
7976  1.151  -48.685  -17.448 1.0000000000
10060  3.660  -40.854  -18.471 1.0000000000
8645  2.725  -47.843  -17.107 1.0000000000
7984  0.919  -49.624  -19.659 1.0000000000
9699  4.087  -41.924  -18.268 1.0000000000
8325  2.632  -49.374  -19.058 1.0000000000
7979  2.172  -49.652  -20.395 1.0000000000
9704  4.536  -42.537  -19.209 1.0000000000
8328  2.290  -46.724  -20.737 1.0000000000
8334  2.061  -46.475  -21.808 0.8999999762
8659  2.157  -45.514  -22.914 0.6000000238
8663  2.555  -45.147  -23.515 0.5000000000
6994  0.233  -50.445  -11.427 1.0000000000
56461  0.204  -51.135  -10.758 1.0000000000
6405  -0.153  -52.604  -10.506 1.0000000000
7306  0.323  -49.924  -11.896 1.0000000000
6684  0.075  -51.922  -10.434 1.0000000000
59375  -0.169  -53.034  -9.879 1.0000000000
7961  1.688  -47.945  -12.959 1.0000000000
8307  2.168  -47.432  -13.649 1.0000000000
7298  1.201  -49.383  -10.583 1.0000000000
8303  2.762  -46.460  -13.546 1.0000000000
6987  1.561  -49.876  -9.808 1.0000000000
6675  2.443  -52.240  -7.487 1.0000000000
8306  1.947  -47.151  -14.478 1.0000000000
9322  2.803  -43.802  -12.413 1.0000000000
8979  3.073  -45.048  -12.835 1.0000000000
51170  3.800  -39.445  -17.244 1.0000000000
11738  3.968  -37.958  -17.964 1.0000000000
8974  1.510  -42.351  -11.940 1.0000000000
8983  2.568  -46.080  -14.240 1.0000000000
8310  1.664  -46.878  -14.801 1.0000000000
7647  1.502  -48.451  -15.952 1.0000000000
60242  1.214  -46.411  -15.082 1.0000000000
8639  1.032  -46.280  -14.971 1.0000000000
10403  3.649  -40.406  -17.772 1.0000000000
9700  4.056  -42.673  -17.211 1.0000000000
7980  2.033  -49.269  -19.015 1.0000000000
9705  4.586  -43.217  -18.364 1.0000000000
8649  3.575  -48.467  -19.561 1.0000000000
8650  3.897  -47.721  -18.146 1.0000000000
8324  3.154  -49.101  -20.625 1.0000000000
8653  3.746  -47.511  -21.087 1.0000000000
8657  2.248  -45.618  -22.054 0.8999999762
55814  2.607  -44.959  -22.300 0.8000000119
9009  2.768  -44.512  -22.887 0.5000000000
7302  0.633  -49.669  -11.323 1.0000000000
7303  0.655  -49.189  -11.994 1.0000000000
60430  0.866  -48.753  -12.306 1.0000000000
6991  0.707  -50.217  -10.690 1.0000000000
7636  1.167  -48.413  -12.537 1.0000000000
8304  2.507  -47.085  -12.689 1.0000000000
7958  1.998  -47.744  -12.164 1.0000000000
53642  1.592  -50.860  -9.309 1.0000000000
6399  1.287  -53.042  -8.019 1.0000000000
60002  1.826  -49.030  -9.905 1.0000000000
7295  2.352  -48.944  -9.055 1.0000000000
8636  2.217  -46.344  -14.471 1.0000000000
11739  3.959  -38.704  -17.142 1.0000000000
11078  3.458  -39.737  -16.058 1.0000000000
9683  1.941  -42.888  -12.012 1.0000000000
10732  3.380  -40.277  -16.130 1.0000000000
10040  1.316  -41.949  -11.862 1.0000000000
10400  3.519  -40.572  -16.621 1.0000000000
10041  1.185  -41.469  -11.667 1.0000000000
8986  1.335  -46.316  -15.031 1.0000000000
11433  3.504  -38.968  -18.999 1.0000000000
9329  2.862  -45.748  -14.764 1.0000000000
10739  3.558  -39.931  -18.322 1.0000000000
9701  3.963  -43.671  -16.284 1.0000000000
9336  4.465  -44.073  -17.424 1.0000000000
10738  3.297  -39.602  -19.177 1.0000000000
10743  3.061  -39.747  -19.546 1.0000000000
9337  4.174  -45.105  -16.648 1.0000000000
8997  4.997  -46.226  -18.613 1.0000000000
10065  3.899  -41.506  -19.484 1.0000000000
8996  4.648  -47.010  -19.850 1.0000000000
9002  5.601  -45.383  -19.889 1.0000000000
9000  3.270  -45.786  -20.822 0.8999999762
8655  2.333  -45.569  -21.161 0.8999999762
7633  1.357  -48.364  -11.821 1.0000000000
7954  1.973  -48.048  -10.867 1.0000000000
7632  1.825  -48.565  -10.363 1.0000000000
8634  3.046  -45.204  -12.681 1.0000000000
51360  2.847  -52.402  -6.225 1.0000000000
6984  2.452  -50.966  -8.065 1.0000000000
6390  1.272  -52.529  -4.894 1.0000000000
7289  2.808  -48.778  -7.893 1.0000000000
9326  3.263  -44.750  -13.410 1.0000000000
9687  2.668  -42.893  -12.737 1.0000000000
10733  2.992  -40.539  -15.042 1.0000000000
11079  3.227  -40.107  -15.575 1.0000000000
11081  3.552  -39.941  -16.699 1.0000000000
10397  3.240  -40.650  -15.732 1.0000000000
10385  0.917  -41.226  -11.111 1.0000000000
10716  1.331  -40.507  -11.484 1.0000000000
10384  1.305  -40.962  -11.741 1.0000000000
60153  3.189  -45.012  -14.090 1.0000000000
10055  3.236  -41.943  -15.132 1.0000000000
10058  3.387  -41.212  -15.924 1.0000000000
10717  0.959  -40.714  -10.900 1.0000000000
9695  3.585  -43.241  -15.252 1.0000000000
9694  3.663  -42.261  -16.103 1.0000000000
9333  3.625  -45.000  -15.472 1.0000000000
11086  3.238  -39.056  -19.388 0.8999999762
8990  2.586  -46.321  -15.488 1.0000000000
8993  4.174  -46.380  -17.273 1.0000000000
10066  3.299  -40.435  -19.420 1.0000000000
9340  5.163  -44.656  -18.581 1.0000000000
9710  5.253  -43.684  -19.577 1.0000000000
9709  4.792  -42.596  -20.321 1.0000000000
9001  4.947  -45.994  -21.328 1.0000000000
60115  3.089  -45.217  -22.049 0.8999999762
51674  2.661  -44.769  -21.681 0.8999999762
56590  1.176  -48.875  -11.206 1.0000000000
8301  2.912  -46.572  -11.508 1.0000000000
8632  3.075  -45.865  -12.217 1.0000000000
60118  1.707  -52.008  -4.913 1.0000000000
8980  2.626  -44.352  -12.021 1.0000000000
8296  2.664  -47.008  -10.259 1.0000000000
7951  2.571  -47.439  -9.639 1.0000000000
6672  2.497  -51.687  -5.349 1.0000000000
6665  0.624  -51.522  -4.371 0.8999999762
9323  2.392  -43.767  -11.913 1.0000000000
11427  3.707  -39.200  -16.269 1.0000000000
50901  4.249  -37.058  -17.565 1.0000000000
9679  1.577  -43.122  -11.539 1.0000000000
9675  1.293  -42.438  -11.640 1.0000000000
10049  2.038  -41.818  -12.886 1.0000000000
9682  1.782  -42.180  -12.246 1.0000000000
9686  2.674  -42.216  -13.564 1.0000000000
10036  0.945  -41.852  -11.368 1.0000000000
58750  1.644  -40.969  -12.454 1.0000000000
10398  3.000  -41.100  -15.075 1.0000000000
9330  3.226  -43.574  -13.701 1.0000000000
9691  3.195  -42.713  -14.360 1.0000000000
54366  3.446  -44.237  -14.536 1.0000000000
59131  3.263  -38.248  -19.491 0.6000000238
58223  1.028  -40.402  -10.724 1.0000000000
11068  1.317  -40.170  -11.082 1.0000000000
11419  1.781  -39.908  -11.789 1.0000000000
11065  0.906  -40.179  -10.156 1.0000000000
9344  5.364  -44.143  -20.973 1.0000000000
52053  4.415  -44.907  -22.142 0.8999999762
9005  3.279  -44.149  -22.170 0.8999999762
54421  3.095  -44.023  -22.026 0.6999999881
9008  2.965  -44.228  -22.163 0.5000000000
7957  2.284  -47.458  -11.276 1.0000000000
51430  2.720  -44.776  -11.722 1.0000000000
6980  2.856  -49.754  -7.338 1.0000000000
6981  2.942  -50.972  -6.493 1.0000000000
8977  2.305  -44.206  -11.644 1.0000000000
7629  2.426  -48.220  -9.409 1.0000000000
6978  2.016  -50.271  -5.347 1.0000000000
9319  1.997  -43.757  -11.590 1.0000000000
61998  3.364  -39.493  -15.431 1.0000000000
49608  4.137  -37.710  -16.831 1.0000000000
60181  3.087  -39.879  -14.994 1.0000000000
10044  1.511  -41.476  -12.271 1.0000000000
10048  2.280  -41.289  -13.599 1.0000000000
58404  2.718  -41.104  -14.419 1.0000000000
10726  2.003  -40.756  -13.087 1.0000000000
12067  4.047  -36.781  -18.308 1.0000000000
11072  1.725  -40.252  -12.176 1.0000000000
10052  2.781  -41.643  -14.333 1.0000000000
11744  3.674  -37.556  -18.910 0.8999999762
12066  4.686  -35.632  -18.593 0.8999999762
56090  3.028  -39.288  -19.645 0.8000000119
11409  1.306  -39.890  -9.921 1.0000000000
10405  2.911  -40.014  -20.053 0.8000000119
59691  1.602  -39.689  -9.531 1.0000000000
10064  3.208  -40.855  -20.150 1.0000000000
9708  3.736  -41.849  -20.607 1.0000000000
9343  4.433  -42.956  -21.770 0.8999999762
8630  2.695  -45.108  -11.136 1.0000000000
8297  2.350  -45.877  -9.886 1.0000000000
7627  2.534  -47.898  -8.241 1.0000000000
7290  2.322  -49.471  -6.175 1.0000000000
6669  1.292  -50.947  -4.845 1.0000000000
8975  1.950  -44.219  -11.047 1.0000000000
9676  0.840  -42.519  -11.086 1.0000000000
9317  1.404  -43.480  -11.128 1.0000000000
50726  3.888  -38.538  -16.285 1.0000000000
10392  1.854  -41.215  -12.857 1.0000000000
11075  3.063  -39.471  -14.410 1.0000000000
10725  2.340  -40.359  -13.564 1.0000000000
50267  4.003  -37.918  -15.760 1.0000000000
11076  2.660  -39.906  -13.919 1.0000000000
10037  0.523  -41.617  -10.722 1.0000000000
10721  1.644  -40.616  -12.301 1.0000000000
53995  2.051  -39.947  -12.587 1.0000000000
10391  2.512  -40.678  -14.015 1.0000000000
10710  0.615  -40.430  -10.032 1.0000000000
11091  2.959  -38.817  -19.859 0.6000000238
11410  1.099  -39.986  -9.358 1.0000000000
11402  1.243  -39.798  -8.441 1.0000000000
9347  3.542  -43.129  -22.227 0.8000000119
8629  2.624  -45.488  -10.458 1.0000000000
8293  2.216  -46.173  -9.250 1.0000000000
59341  2.509  -48.767  -6.853 1.0000000000
6975  0.751  -49.745  -4.784 1.0000000000
11424  3.600  -38.843  -15.358 1.0000000000
55381  4.604  -36.551  -16.870 1.0000000000
11071  2.168  -40.135  -13.079 1.0000000000
50328  4.411  -36.879  -16.002 1.0000000000
10381  0.544  -40.948  -10.366 1.0000000000
52122  5.362  -35.048  -17.470 1.0000000000
11415  1.439  -39.836  -10.898 1.0000000000
11060  0.762  -40.149  -9.208 1.0000000000
55482  1.520  -45.360  -9.265 1.0000000000
8627  1.665  -44.549  -10.327 1.0000000000
60334  1.826  -45.117  -9.869 1.0000000000
7952  2.068  -46.455  -8.602 1.0000000000
7624  2.073  -47.945  -7.106 1.0000000000
7286  1.173  -49.138  -5.384 1.0000000000
8626  1.033  -44.697  -9.539 1.0000000000
8972  1.000  -43.744  -10.515 1.0000000000
52443  3.799  -38.118  -14.965 1.0000000000
6973  0.116  -50.289  -4.162 0.8000000119
9316  0.577  -42.957  -10.552 1.0000000000
49597  2.889  -39.158  -13.465 1.0000000000
59642  3.415  -38.694  -14.339 1.0000000000
57303  4.962  -35.591  -15.996 1.0000000000
9672  0.273  -42.136  -10.344 1.0000000000
10720  1.954  -40.416  -12.844 1.0000000000
11732  3.843  -37.770  -14.250 1.0000000000
50540  4.206  -37.064  -15.040 1.0000000000
10033  0.154  -41.317  -9.819 1.0000000000
11422  2.487  -39.751  -13.334 1.0000000000
11731  4.301  -36.569  -14.073 1.0000000000
50660  4.629  -35.726  -14.684 1.0000000000
59859  5.098  -35.609  -16.908 1.0000000000
11414  1.916  -39.503  -11.483 1.0000000000
50447  2.447  -39.054  -11.910 1.0000000000
11413  3.261  -38.276  -11.652 1.0000000000
50549  5.506  -34.602  -18.072 0.8999999762
11408  1.727  -39.579  -10.516 1.0000000000
53229  2.368  -39.065  -11.003 1.0000000000
11403  0.932  -39.815  -7.994 1.0000000000
52507  2.277  -39.267  -9.784 1.0000000000
11401  1.898  -39.488  -8.413 1.0000000000
55243  0.990  -39.104  -6.751 1.0000000000
11393  2.021  -38.879  -7.220 1.0000000000
11400  3.129  -38.479  -8.388 1.0000000000
10746  2.719  -39.538  -20.529 0.6000000238
52750  1.140  -38.964  -6.711 1.0000000000
11388  0.259  -37.179  -5.627 1.0000000000
11386  2.771  -37.968  -6.477 1.0000000000
8624  0.724  -44.956  -8.694 1.0000000000
8290  1.253  -45.735  -8.360 1.0000000000
7948  1.408  -46.450  -7.799 1.0000000000
7628  1.641  -47.158  -7.460 1.0000000000
7620  1.330  -48.354  -6.114 1.0000000000
7625  0.896  -47.402  -6.552 1.0000000000
57457  3.410  -38.373  -13.499 1.0000000000
6666  -0.055  -50.939  -3.655 0.6999999881
9315  0.318  -43.243  -9.962 1.0000000000
50343  4.582  -36.126  -15.405 1.0000000000
10029  0.001  -41.989  -9.582 1.0000000000
50499  2.847  -38.724  -12.673 1.0000000000
49605  4.876  -35.172  -15.204 1.0000000000
49607  5.399  -34.360  -16.287 1.0000000000
10377  0.214  -40.805  -9.553 1.0000000000
50658  3.927  -37.397  -13.448 1.0000000000
11407  3.216  -38.481  -10.212 1.0000000000
49593  4.508  -34.271  -11.742 1.0000000000
50742  4.713  -33.394  -12.649 1.0000000000
50611  5.669  -33.471  -16.700 0.8999999762
10711  0.387  -40.321  -9.077 1.0000000000
11406  4.202  -37.484  -10.650 1.0000000000
11395  0.606  -38.565  -6.149 1.0000000000
61948  3.698  -37.786  -7.311 1.0000000000
11394  0.318  -37.755  -5.619 1.0000000000
11712  3.775  -37.227  -6.500 1.0000000000
11717  -0.047  -35.859  -5.930 1.0000000000
11373  1.136  -37.151  -4.543 1.0000000000
11379  3.172  -37.359  -5.245 1.0000000000
11374  0.558  -36.775  -5.212 1.0000000000
8620  0.433  -45.258  -7.734 1.0000000000
8286  0.618  -45.986  -7.353 1.0000000000
9667  -0.028  -42.683  -9.381 1.0000000000
9313  0.071  -43.458  -9.214 1.0000000000
8969  0.353  -44.223  -8.983 1.0000000000
8971  0.660  -43.989  -9.804 1.0000000000
7287  0.383  -48.409  -5.355 1.0000000000
6976  -0.142  -49.108  -4.313 0.8999999762
9671  0.160  -42.586  -10.000 1.0000000000
6971  -0.429  -50.231  -3.331 0.6999999881
49598  3.565  -37.958  -12.728 1.0000000000
10030  -0.098  -41.393  -8.990 1.0000000000
10378  0.173  -40.454  -8.841 1.0000000000
51475  4.462  -36.113  -12.233 1.0000000000
50669  4.790  -34.868  -13.682 1.0000000000
49600  4.945  -34.231  -14.564 1.0000000000
50484  5.050  -32.396  -15.368 1.0000000000
11061  0.448  -40.059  -8.309 1.0000000000
49609  5.819  -33.845  -17.853 0.6000000238
62031  0.542  -39.624  -7.311 1.0000000000
11399  4.237  -37.865  -9.350 1.0000000000
12697  4.947  -31.689  -15.351 0.8999999762
59924  4.426  -37.262  -7.972 1.0000000000
11718  -0.122  -36.242  -5.482 1.0000000000
11713  2.916  -36.349  -5.858 1.0000000000
12038  3.399  -36.111  -7.335 1.0000000000
12041  -0.768  -34.638  -8.032 1.0000000000
61842  0.768  -35.678  -5.579 1.0000000000
12034  0.093  -35.098  -6.517 1.0000000000
11707  2.390  -36.755  -4.778 1.0000000000
51809  2.224  -35.028  -6.912 1.0000000000
12040  -0.951  -35.015  -7.881 1.0000000000
12033  0.601  -35.100  -6.266 1.0000000000
9309  -0.026  -43.676  -8.323 1.0000000000
8966  0.208  -44.469  -8.051 1.0000000000
7943  0.716  -46.662  -6.961 1.0000000000
7944  -0.001  -46.849  -6.256 1.0000000000
9668  -0.178  -42.071  -8.806 1.0000000000
8287  0.085  -46.272  -6.663 1.0000000000
7621  0.012  -47.607  -5.682 1.0000000000
7284  -0.420  -48.171  -4.795 0.8000000119
9653  -1.202  -42.517  -5.375 0.8999999762
54566  4.069  -37.084  -12.777 1.0000000000
50679  4.354  -36.229  -13.190 1.0000000000
10373  -0.001  -40.901  -8.931 1.0000000000
49606  5.116  -33.946  -15.309 1.0000000000
10707  0.219  -40.214  -8.291 0.8999999762
61206  4.936  -32.813  -15.034 1.0000000000
49590  3.917  -37.535  -11.504 1.0000000000
49592  3.987  -37.391  -12.100 1.0000000000
11721  4.471  -35.904  -10.544 1.0000000000
50778  4.431  -35.507  -11.381 1.0000000000
11396  0.446  -38.775  -6.091 1.0000000000
11722  4.583  -36.555  -9.396 1.0000000000
49596  3.885  -32.462  -11.689 1.0000000000
51507  4.009  -35.794  -8.451 1.0000000000
12045  3.773  -34.642  -9.536 1.0000000000
56410  -0.247  -35.939  -5.937 1.0000000000
12340  1.189  -34.646  -6.884 1.0000000000
12344  1.291  -33.783  -7.853 1.0000000000
12341  0.320  -34.257  -7.629 1.0000000000
12046  -0.029  -33.805  -8.043 1.0000000000
9310  -0.216  -43.110  -7.682 1.0000000000
8967  -0.090  -43.935  -7.429 1.0000000000
8617  -0.015  -45.620  -6.838 1.0000000000
9663  -0.178  -42.854  -8.557 1.0000000000
60550  -0.225  -41.520  -8.334 0.8999999762
9300  -1.134  -43.369  -5.773 0.8999999762
53803  -1.544  -44.059  -5.260 0.8999999762
51308  -0.163  -40.922  -8.298 0.8999999762
10374  0.020  -40.364  -8.160 0.8999999762
9295  -1.618  -43.429  -5.024 0.8999999762
50434  4.671  -35.037  -12.723 1.0000000000
49595  4.743  -32.466  -13.754 1.0000000000
50221  4.651  -31.995  -14.643 1.0000000000
11053  0.154  -38.868  -5.970 0.8999999762
11057  0.168  -39.900  -7.634 1.0000000000
49601  3.994  -31.580  -12.586 1.0000000000
12366  3.268  -30.280  -13.705 1.0000000000
57145  4.272  -30.823  -13.952 1.0000000000
50201  4.422  -31.108  -14.565 1.0000000000
49594  4.115  -34.372  -10.736 1.0000000000
12696  5.741  -32.454  -16.576 0.8999999762
11389  -0.162  -37.212  -5.306 1.0000000000
49603  3.759  -33.131  -10.994 1.0000000000
12039  2.764  -34.278  -8.215 1.0000000000
12353  3.104  -33.148  -10.270 1.0000000000
12349  -0.057  -33.016  -8.953 1.0000000000
12345  -0.056  -34.112  -8.433 1.0000000000
12047  -0.273  -33.151  -8.868 1.0000000000
9664  -0.291  -42.172  -7.889 0.8999999762
9305  -0.314  -43.417  -6.965 0.8999999762
8963  -0.417  -44.219  -6.677 0.8999999762
8621  -0.032  -44.779  -7.133 1.0000000000
53165  -0.344  -41.246  -7.597 0.8999999762
10020  -0.801  -41.594  -6.224 0.8999999762
8610  -1.600  -44.891  -5.163 0.8999999762
7940  -0.570  -46.905  -5.708 0.8999999762
10370  -0.201  -40.473  -7.551 0.8999999762
59049  -1.092  -41.170  -4.989 0.8999999762
51271  -1.423  -42.282  -4.513 0.8000000119
58546  -1.602  -42.909  -4.663 0.8000000119
10703  -0.022  -39.989  -7.579 0.8999999762
49602  2.859  -31.245  -11.870 1.0000000000
11710  -0.710  -37.331  -5.477 0.8999999762
50662  2.730  -32.037  -10.923 1.0000000000
54871  4.613  -31.185  -15.271 0.8000000119
12035  -0.069  -35.171  -6.493 1.0000000000
12347  2.405  -33.065  -9.421 1.0000000000
59181  2.195  -32.264  -10.150 1.0000000000
50526  1.973  -31.166  -11.231 1.0000000000
12348  1.514  -32.902  -8.916 1.0000000000
59214  1.796  -32.021  -9.831 1.0000000000
50846  -0.781  -34.654  -8.024 1.0000000000
12051  -0.015  -32.410  -9.939 1.0000000000
60045  0.105  -32.366  -9.822 1.0000000000
52766  -0.815  -33.735  -8.744 1.0000000000
12350  -0.407  -32.888  -9.035 1.0000000000
9659  -0.348  -42.631  -7.118 0.8999999762
10024  -0.373  -41.904  -7.195 0.8999999762
9301  -0.539  -43.034  -6.603 0.8999999762
52626  -0.576  -45.182  -6.365 0.8999999762
8282  -0.585  -46.190  -6.045 1.0000000000
8278  -0.956  -46.644  -5.465 0.8999999762
10361  -1.009  -41.158  -5.634 0.8999999762
8614  -1.132  -45.604  -5.666 0.8999999762
7614  -0.876  -48.488  -3.933 0.6999999881
10014  -1.239  -41.578  -4.417 0.8000000119
7936  -0.891  -47.232  -5.097 0.8999999762
60518  -0.890  -48.921  -3.441 0.6999999881
10699  -0.009  -39.471  -6.531 0.8999999762
10698  -0.132  -39.926  -6.773 0.8999999762
11049  0.395  -38.590  -5.098 0.8999999762
10359  -0.992  -40.745  -4.646 0.8999999762
11390  0.084  -37.848  -4.959 0.8999999762
12698  4.024  -31.559  -14.766 0.8999999762
11709  -0.269  -36.327  -5.130 0.8999999762
12361  2.798  -30.519  -12.936 1.0000000000
50735  3.920  -30.853  -13.353 1.0000000000
57210  3.144  -30.821  -13.589 1.0000000000
12694  3.108  -30.442  -14.632 0.8999999762
49599  1.909  -30.629  -12.149 1.0000000000
12354  0.322  -32.012  -10.093 1.0000000000
50609  1.531  -31.210  -10.799 1.0000000000
12342  -0.312  -34.427  -7.488 1.0000000000
58789  -0.767  -32.378  -9.749 1.0000000000
12048  0.114  -32.707  -10.013 1.0000000000
59974  -0.752  -32.332  -9.763 1.0000000000
51262  -0.471  -32.938  -9.000 1.0000000000
10367  -0.471  -40.681  -6.841 0.8999999762
10363  -0.648  -40.818  -6.408 0.8999999762
8960  -0.669  -43.657  -6.440 0.8999999762
8959  -1.147  -44.402  -5.813 0.8999999762
8283  -1.128  -46.262  -5.441 0.8999999762
7932  -1.152  -47.653  -4.382 0.6999999881
10694  0.054  -39.154  -5.892 0.8999999762
12058  2.380  -30.226  -13.646 1.0000000000
49604  1.906  -31.598  -10.492 1.0000000000
12693  3.316  -31.394  -14.460 0.8999999762
54460  -0.159  -34.880  -6.682 1.0000000000
12030  -0.881  -35.526  -5.762 0.8999999762
13024  4.883  -31.443  -15.708 0.6999999881
13020  3.240  -31.478  -14.578 0.8999999762
12669  0.552  -32.866  -8.135 1.0000000000
12671  -0.143  -32.859  -8.963 1.0000000000
8955  -1.847  -44.213  -4.673 0.6999999881
10693  -0.361  -40.158  -6.206 0.8999999762
53035  -0.851  -40.427  -5.473 0.8999999762
8611  -1.538  -46.018  -4.957 0.8000000119
8279  -1.287  -46.657  -5.015 0.8000000119
11046  -0.638  -38.422  -5.164 0.8999999762
10686  -0.338  -39.504  -4.984 0.6999999881
51139  -1.500  -42.156  -3.560 0.6000000238
9290  -1.836  -43.482  -4.369 0.6999999881
8606  -1.862  -45.158  -4.482 0.6999999881
8607  -1.813  -46.095  -4.109 0.6000000238
7937  -1.353  -47.072  -4.613 0.6999999881
11382  -0.585  -37.572  -4.652 0.8999999762
11041  0.374  -39.007  -4.762 0.5000000000
52879  -0.744  -40.259  -4.393 0.6999999881
9649  -1.731  -42.858  -3.965 0.6000000238
7933  -1.559  -47.204  -4.071 0.6000000238
11704  -1.070  -36.933  -4.653 0.8999999762
10357  -1.105  -41.249  -3.825 0.6999999881
8951  -1.956  -44.587  -4.017 0.6000000238
8275  -1.595  -46.662  -4.439 0.6999999881
52483  -1.208  -36.395  -4.847 0.8999999762
13012  0.612  -30.601  -12.963 1.0000000000
12362  1.581  -30.403  -13.213 1.0000000000
12369  2.772  -30.238  -13.921 0.8999999762
59027  1.445  -30.880  -11.527 1.0000000000
12363  1.201  -30.624  -12.310 1.0000000000
59870  2.326  -30.976  -14.225 0.8999999762
12359  0.283  -31.020  -11.163 1.0000000000
12686  0.898  -31.113  -13.758 1.0000000000
12690  1.882  -30.340  -14.046 0.8999999762
12684  1.620  -30.670  -14.383 0.8999999762
52437  0.044  -34.378  -6.910 1.0000000000
12676  -0.441  -31.847  -10.259 1.0000000000
12356  -0.089  -32.028  -10.126 1.0000000000
59450  1.000  -30.701  -11.890 1.0000000000
12685  0.948  -30.731  -14.030 0.8999999762
12674  -0.762  -31.909  -10.237 1.0000000000
13378  2.893  -31.280  -14.814 0.6999999881
12673  -0.716  -32.448  -9.557 1.0000000000
13003  -2.611  -32.304  -10.300 1.0000000000
60892  0.585  -32.730  -8.843 1.0000000000
12999  0.476  -32.892  -9.047 1.0000000000
13010  -0.532  -31.629  -10.601 1.0000000000
13356  0.084  -32.641  -8.952 1.0000000000
13001  0.168  -31.728  -9.429 1.0000000000
13006  -0.764  -31.586  -10.619 1.0000000000
14441  -2.489  -28.294  -10.467 1.0000000000
10690  -0.070  -39.041  -5.411 0.8999999762
10689  -0.238  -39.543  -5.502 0.8999999762
11045  -0.664  -38.537  -5.021 0.8999999762
11376  -0.682  -37.471  -5.060 0.8999999762
53134  -0.127  -38.978  -5.079 0.8000000119
8602  -1.963  -45.254  -3.631 0.6000000238
8945  -1.889  -44.410  -3.115 0.6000000238
12027  -1.194  -36.067  -5.138 0.8999999762
11703  -1.495  -37.007  -4.751 0.8999999762
51588  -1.849  -43.567  -3.529 0.6000000238
54617  -1.924  -44.036  -3.984 0.6000000238
12687  0.661  -30.804  -13.558 1.0000000000
55687  -0.311  -34.754  -6.429 0.8999999762
13008  0.221  -30.724  -11.972 1.0000000000
12682  0.830  -30.519  -12.829 1.0000000000
12681  1.139  -30.609  -13.065 1.0000000000
13017  1.260  -30.828  -14.259 0.8999999762
13014  0.727  -30.931  -13.634 0.8999999762
13021  1.954  -31.445  -14.523 0.8999999762
12679  0.039  -30.984  -11.338 1.0000000000
13009  -0.079  -30.827  -11.600 1.0000000000
13379  1.901  -31.085  -14.605 0.8000000119
12997  0.822  -32.780  -8.831 1.0000000000
54007  -2.483  -31.230  -9.221 1.0000000000
13365  -0.582  -31.389  -10.934 1.0000000000
53516  -0.409  -38.716  -4.800 0.8999999762
11700  -1.426  -36.705  -4.573 0.8999999762
56155  -0.080  -36.913  -4.233 0.5000000000
8272  -1.779  -46.719  -3.723 0.6000000238
56432  -0.238  -34.760  -5.620 0.8999999762
11370  0.016  -37.808  -4.488 0.6999999881
12664  0.229  -34.247  -6.393 0.8999999762
55771  0.650  -33.606  -6.878 0.8999999762
13372  0.190  -30.150  -13.041 1.0000000000
13374  1.346  -30.948  -14.422 0.8999999762
59667  -0.199  -30.604  -11.879 1.0000000000
13367  -0.020  -30.448  -12.064 1.0000000000
13376  0.395  -29.902  -13.545 0.8999999762
13018  0.953  -30.585  -14.145 0.8999999762
12667  1.002  -32.908  -7.750 1.0000000000
55424  -2.512  -29.842  -10.355 1.0000000000
13364  -2.527  -31.350  -11.409 1.0000000000
13370  -0.054  -30.305  -12.470 1.0000000000
13737  0.278  -29.872  -13.214 0.8999999762
13730  -2.532  -30.742  -9.875 1.0000000000
13361  -2.589  -31.471  -10.560 1.0000000000
54504  -2.358  -31.238  -8.540 1.0000000000
13732  -2.532  -30.623  -10.874 1.0000000000
13733  -2.437  -30.534  -11.758 1.0000000000
13358  -2.553  -31.693  -9.740 1.0000000000
54148  -2.498  -29.016  -9.941 1.0000000000
11375  -0.834  -37.820  -4.821 0.8999999762
13015  0.720  -30.757  -13.585 1.0000000000
12666  0.932  -33.025  -6.900 0.8999999762
13369  0.312  -30.466  -12.744 1.0000000000
13740  0.528  -29.753  -13.549 0.8999999762
12996  0.940  -32.845  -7.505 1.0000000000
14109  -2.487  -29.093  -10.814 1.0000000000
13738  -0.099  -30.047  -12.935 1.0000000000
13375  0.953  -29.878  -14.112 0.8999999762
13354  -2.137  -31.213  -7.747 1.0000000000
13735  -2.258  -30.380  -12.611 1.0000000000
14107  -2.490  -29.788  -9.356 1.0000000000
13727  -2.456  -30.567  -8.988 1.0000000000
58315  -2.479  -29.817  -11.236 1.0000000000
14111  -2.389  -29.681  -12.043 1.0000000000
55491  -0.560  -35.826  -4.896 0.8000000119
11697  -0.399  -36.023  -4.444 0.6999999881
12660  0.265  -34.482  -5.506 0.6999999881
12024  -0.008  -35.673  -4.617 0.6000000238
12662  0.939  -32.812  -6.516 0.6000000238
58749  0.482  -33.866  -5.989 0.6000000238
12658  0.758  -33.237  -5.951 0.6000000238
12663  0.729  -33.450  -6.572 0.8000000119
61427  0.899  -32.544  -6.722 0.8000000119
14116  0.295  -29.736  -13.439 1.0000000000
14113  -2.251  -29.497  -12.863 1.0000000000
14443  -2.460  -28.465  -11.323 1.0000000000
61938  -2.449  -29.152  -11.532 1.0000000000
14114  -2.110  -29.380  -13.615 1.0000000000
13725  -2.338  -30.388  -8.199 1.0000000000
61747  -2.445  -30.028  -8.736 1.0000000000
14445  -2.382  -28.724  -12.212 1.0000000000
12659  0.567  -33.788  -5.275 0.5000000000
12336  0.157  -35.093  -4.995 0.4000000060
13353  1.087  -32.274  -6.303 0.6999999881
14771  -2.153  -27.126  -14.975 0.8999999762
14453  -1.960  -27.932  -15.467 0.8999999762
13351  0.976  -32.250  -6.195 0.6999999881
14449  -2.144  -27.914  -14.587 1.0000000000
54423  -2.030  -28.580  -15.031 0.8999999762
14117  -1.925  -29.166  -14.856 0.8999999762
14119  0.566  -29.249  -13.891 0.8999999762
13722  -1.845  -30.533  -6.590 0.6999999881
13352  -1.895  -31.109  -7.066 0.8999999762
56099  -2.254  -28.665  -13.208 1.0000000000
14447  -2.256  -27.883  -13.687 1.0000000000
14450  -2.097  -28.775  -14.193 1.0000000000
13723  -2.124  -30.469  -7.348 1.0000000000
55778  -2.476  -27.650  -11.066 1.0000000000
58207  -2.437  -27.910  -11.817 1.0000000000
14767  -2.372  -27.724  -12.669 1.0000000000
61134  -2.485  -28.969  -9.175 1.0000000000
55591  -2.493  -28.149  -9.455 1.0000000000
14764  -2.493  -27.433  -10.173 1.0000000000
12654  0.832  -32.947  -5.173 0.4000000060
12993  0.965  -32.489  -5.871 0.6000000238
15103  -2.171  -26.306  -15.336 0.8999999762
14773  -1.950  -27.044  -15.779 0.8999999762
14458  -1.690  -28.474  -15.927 0.8999999762
14120  -1.882  -28.990  -15.434 0.8999999762
14128  -1.857  -28.834  -15.714 0.8999999762
14101  -2.136  -29.752  -6.851 0.6999999881
15101  -2.300  -26.370  -14.482 1.0000000000
56601  -2.297  -29.821  -7.639 0.8000000119
56063  -2.455  -27.015  -11.794 1.0000000000
13745  1.139  -29.241  -13.936 0.8999999762
14104  -2.429  -29.386  -8.396 1.0000000000
54956  -2.355  -27.055  -13.331 1.0000000000
14439  -2.476  -28.546  -8.698 1.0000000000
56065  -2.496  -27.039  -9.201 1.0000000000
55588  -2.496  -26.048  -10.413 1.0000000000
13720  0.895  -31.291  -5.857 0.4000000060
14100  -1.878  -29.875  -6.097 0.5000000000
55379  -2.270  -27.145  -14.140 1.0000000000
55587  -2.485  -26.088  -11.318 1.0000000000
56116  -2.420  -26.829  -12.627 1.0000000000
56064  -2.488  -26.815  -10.802 1.0000000000
55561  -2.484  -27.797  -8.497 1.0000000000
14099  -2.010  -29.133  -5.783 0.5000000000
15400  -2.146  -25.528  -15.750 0.8000000119
61347  -2.090  -29.440  -6.320 0.6000000238
15399  -2.332  -25.441  -14.818 1.0000000000
54476  -2.229  -29.020  -6.581 0.6000000238
15703  -2.394  -24.500  -14.670 1.0000000000
14434  -2.379  -28.364  -7.035 0.8000000119
54136  -2.431  -24.971  -14.159 1.0000000000
14436  -2.443  -28.474  -7.936 0.8999999762
16042  -2.414  -23.682  -14.410 1.0000000000
59842  -2.410  -25.676  -13.820 1.0000000000
55586  -2.463  -26.118  -12.245 1.0000000000
15098  -2.421  -26.243  -13.104 1.0000000000
55589  -2.499  -26.109  -9.535 1.0000000000
54139  -2.497  -25.282  -10.850 1.0000000000
58923  -2.497  -26.686  -10.028 1.0000000000
14098  0.334  -30.197  -5.737 0.4000000060
15705  -2.266  -24.721  -15.446 0.8000000119
56428  -2.409  -27.598  -6.609 0.6000000238
55718  -2.459  -27.671  -7.554 0.6999999881
16040  -2.469  -23.590  -13.553 1.0000000000
56073  -2.490  -26.947  -8.102 0.8000000119
54138  -2.488  -25.273  -11.797 1.0000000000
62064  -2.462  -24.919  -13.568 1.0000000000
58505  -2.458  -24.329  -13.913 1.0000000000
54137  -2.468  -25.284  -12.840 1.0000000000
55590  -2.498  -26.170  -8.598 0.8999999762
54140  -2.499  -25.324  -9.932 1.0000000000
15697  -2.498  -24.463  -11.293 1.0000000000
14096  -1.773  -29.143  -5.006 0.4000000060
14754  -2.321  -27.545  -5.654 0.5000000000
14432  -2.259  -28.333  -6.120 0.5000000000
16044  -2.298  -23.878  -15.247 0.8999999762
51371  -2.140  -24.150  -15.915 0.8000000119
56078  -2.474  -26.875  -7.121 0.6999999881
16363  -2.423  -22.840  -14.080 1.0000000000
16047  -2.067  -23.240  -15.996 0.6999999881
15699  -2.492  -24.429  -12.242 1.0000000000
16038  -2.491  -23.598  -12.667 1.0000000000
15701  -2.482  -24.352  -13.126 1.0000000000
16036  -2.498  -23.634  -11.745 1.0000000000
54141  -2.500  -25.383  -9.024 0.8000000119
16358  -2.493  -22.819  -12.208 1.0000000000
15695  -2.500  -24.507  -10.335 1.0000000000
56079  -2.443  -26.816  -6.171 0.5000000000
16366  -2.311  -23.011  -15.000 1.0000000000
55568  -2.495  -26.138  -7.622 0.6999999881
16360  -2.475  -22.799  -13.138 1.0000000000
54142  -2.499  -25.389  -8.100 0.6999999881
15688  -2.500  -24.668  -8.559 0.6999999881
16034  -2.499  -23.665  -10.782 1.0000000000
16356  -2.498  -22.840  -11.273 1.0000000000
15707  -2.038  -24.828  -16.183 0.6999999881
54143  -2.498  -25.342  -7.153 0.6999999881
55569  -2.486  -26.086  -6.662 0.6999999881
61042  -2.185  -22.454  -15.520 0.8000000119
16698  -1.810  -21.583  -16.479 0.6999999881
58538  -2.500  -24.064  -8.944 0.6999999881
15692  -2.500  -24.610  -9.420 0.6999999881
16031  -2.500  -23.698  -9.714 0.6999999881
52201  -2.487  -22.059  -11.737 1.0000000000
55570  -2.470  -26.043  -5.725 0.4000000060
54144  -2.493  -25.285  -6.183 0.4000000060
15682  -2.499  -24.521  -6.718 0.6000000238
16050  -1.812  -24.089  -16.609 0.6999999881
15685  -2.500  -24.599  -7.664 0.6999999881
52199  -2.436  -21.993  -13.653 1.0000000000
52786  -2.322  -22.025  -14.734 1.0000000000
16369  -1.980  -22.319  -16.190 0.6999999881
16028  -2.500  -23.934  -8.211 0.6999999881
16696  -2.110  -21.712  -15.664 0.8000000119
54131  -2.500  -23.395  -8.812 0.6999999881
52200  -2.473  -21.998  -12.664 1.0000000000
16691  -2.425  -21.171  -13.150 1.0000000000
54129  -2.441  -21.165  -12.063 1.0000000000
16353  -2.499  -22.844  -10.306 0.8000000119
16025  -2.500  -23.710  -7.283 0.6000000238
16693  -2.375  -21.158  -14.141 0.8999999762
16348  -2.500  -23.155  -8.024 0.6000000238
53044  -2.234  -21.052  -15.079 0.8000000119
17030  -2.125  -20.220  -15.389 0.8000000119
16351  -2.499  -22.797  -9.367 0.6999999881
52203  -2.495  -22.046  -9.846 0.6999999881
17024  -2.331  -20.350  -12.698 1.0000000000
61379  -2.484  -21.426  -10.908 0.8000000119
54130  -2.447  -20.905  -11.109 0.8999999762
16687  -2.480  -21.516  -11.339 1.0000000000
52202  -2.493  -22.003  -10.826 0.8000000119
59734  -2.499  -22.733  -8.603 0.5000000000
17026  -2.339  -20.388  -13.656 0.8999999762
16684  -2.479  -21.259  -10.329 0.6999999881
17021  -2.320  -20.171  -11.686 0.8000000119
17028  -2.296  -20.342  -14.564 0.8000000119
16682  -2.485  -21.296  -9.337 0.6000000238
17016  -2.452  -20.562  -9.782 0.5000000000
17325  -2.110  -19.589  -12.363 1.0000000000
17018  -2.442  -20.579  -10.484 0.6000000238
58257  -2.105  -19.429  -11.642 0.6000000238
53015  -1.770  -18.954  -12.015 0.6000000238
17327  -2.151  -19.680  -13.247 0.8999999762
17640  -1.216  -18.561  -12.540 0.8000000119
17641  -1.776  -19.079  -12.886 0.8000000119
17322  -2.244  -19.620  -10.978 0.5000000000
17330  -2.204  -19.676  -14.137 0.8999999762
17656  -2.017  -19.045  -14.653 0.8000000119
17647  -1.877  -19.123  -13.764 0.8999999762
51244  -1.499  -18.746  -14.283 0.8000000119
17646  -1.324  -18.716  -13.435 0.8000000119
51928  -0.825  -18.544  -14.019 0.8000000119
17645  -0.592  -18.392  -13.196 0.5000000000
2890  -0.766  -65.257  -7.448 1.0000000000
2105  1.813  -66.596  -10.341 1.0000000000
1824  3.377  -67.945  -10.558 1.0000000000
2124  1.912  -67.287  -14.321 1.0000000000
2129  1.783  -67.052  -15.084 1.0000000000
1850  2.242  -67.688  -14.842 1.0000000000
2421  1.770  -66.492  -16.859 1.0000000000
2434  2.976  -66.150  -19.002 1.0000000000
2147  2.913  -67.038  -17.716 1.0000000000
2164  4.455  -67.029  -21.706 0.8999999762
5885  3.567  -54.381  -23.923 0.8000000119
2934  2.157  -64.904  -19.812 1.0000000000
2166  3.602  -66.361  -21.873 0.8999999762
1903  5.112  -68.252  -23.321 0.8999999762
61186  7.677  -71.274  -15.912 0.6000000238
2172  3.255  -66.555  -22.747 0.8999999762
2171  3.618  -67.235  -23.137 0.8999999762
1902  5.958  -68.464  -22.979 0.6999999881
6723  2.679  -51.043  -23.066 0.8000000119
2211  6.747  -67.231  -27.253 0.6000000238
7340  1.587  -49.662  -22.898 0.8999999762
4688  0.325  -58.929  -16.285 1.0000000000
6687  -0.057  -51.237  -11.681 1.0000000000
7307  0.272  -49.811  -12.466 1.0000000000
8329  2.243  -47.914  -20.326 1.0000000000
6109  0.622  -53.829  -6.143 1.0000000000
59037  4.762  -45.321  -17.664 1.0000000000
6662  -0.021  -51.565  -3.543 0.8000000119
49591  4.307  -36.728  -11.443 1.0000000000
55751  -0.514  -49.373  -3.658 0.6999999881
6968  -0.659  -50.344  -2.580 0.6000000238
51610  -0.472  -41.367  -6.875 0.8999999762
12355  0.157  -31.830  -10.403 1.0000000000
13350  1.014  -31.886  -5.952 0.5000000000
59328  -2.360  -26.500  -13.774 1.0000000000
14430  -2.046  -28.354  -5.090 0.4000000060
16368  -1.824  -22.756  -16.623 0.6999999881
56047  -2.397  -26.739  -5.253 0.4000000060
17333  -2.197  -19.609  -14.946 0.8000000119
55747  -2.386  -20.236  -10.913 0.6000000238
17319  -2.372  -19.968  -10.292 0.5000000000
1859  4.783  -68.627  -17.485 0.8999999762
4195  2.864  -61.574  -26.555 0.8999999762
2643  -0.658  -65.878  -6.912 1.0000000000
1106  6.042  -71.578  -13.485 0.6000000238
1536  5.750  -69.935  -16.283 0.6999999881
918  8.218  -72.880  -14.776 0.5000000000
925  8.753  -72.756  -15.223 0.5000000000
1331  7.706  -70.847  -16.564 0.6999999881
1548  7.421  -69.460  -18.514 0.6000000238
1634  7.540  -68.852  -24.622 0.5000000000
4729  3.731  -58.968  -26.535 0.6999999881
4193  3.563  -60.987  -27.505 0.6999999881
53052  7.457  -68.797  -22.916 0.5000000000
3941  3.701  -61.518  -27.954 0.6999999881
2484  6.078  -66.840  -27.456 0.6999999881
7036  3.512  -50.296  -25.005 0.6999999881
3705  3.881  -61.962  -28.279 0.6999999881
3704  4.279  -62.097  -28.796 0.6999999881
3453  4.749  -63.548  -29.112 0.6000000238
2491  6.387  -66.335  -28.298 0.6000000238
2737  6.678  -66.039  -28.900 0.5000000000
3216  5.100  -64.283  -29.178 0.5000000000
5556  -0.788  -55.528  -7.735 1.0000000000
59493  0.723  -53.681  -5.499 1.0000000000
53204  1.261  -53.354  -5.491 1.0000000000
10742  2.851  -39.343  -19.995 0.6000000238
10070  3.090  -41.216  -20.859 0.8000000119
9713  3.508  -42.106  -21.410 0.6999999881
51014  -0.627  -42.279  -6.538 0.8999999762
13383  4.431  -30.899  -15.147 0.6999999881
8603  -1.907  -46.091  -3.226 0.6000000238
7929  -1.680  -47.299  -3.419 0.6000000238
13380  1.350  -29.940  -14.308 0.8999999762
14776  -1.558  -27.677  -16.274 0.8000000119
15105  -1.941  -26.275  -16.103 0.8000000119
16049  -1.364  -23.662  -17.280 0.6999999881
52204  -2.497  -22.076  -8.900 0.6000000238
3881  -1.091  -61.241  -7.480 1.0000000000
4728  4.041  -59.153  -27.353 0.6999999881
4456  3.660  -59.741  -26.954 0.8000000119
4192  4.038  -60.817  -28.245 0.6999999881
11743  3.374  -37.143  -19.680 0.6999999881
11090  2.780  -38.813  -20.375 0.6000000238
10409  2.817  -40.352  -20.640 0.6999999881
14777  -1.698  -26.876  -16.375 0.8000000119
15402  -1.838  -25.554  -16.468 0.6999999881
15407  -1.717  -24.901  -16.745 0.6999999881
14781  0.178  -27.084  -16.240 0.6999999881
910  5.970  -71.943  -12.636 0.6000000238
1808  1.476  -66.194  -7.879 1.0000000000
60433  4.696  -70.632  -13.549 0.6999999881
6454  3.993  -52.841  -24.473 0.8000000119
1317  4.613  -70.108  -14.794 1.0000000000
1312  4.317  -70.267  -13.997 0.8000000119
1114  5.650  -70.956  -14.165 0.6999999881
1113  6.404  -71.365  -14.332 0.6000000238
1866  4.614  -67.999  -18.176 0.8999999762
1543  6.215  -69.680  -17.172 0.8000000119
56575  5.316  -69.349  -16.914 0.8000000119
5306  3.197  -56.535  -24.414 0.8000000119
1326  4.665  -69.773  -15.514 1.0000000000
1529  4.039  -69.466  -15.296 1.0000000000
1538  3.899  -68.886  -16.121 1.0000000000
5890  3.321  -55.376  -23.932 0.8000000119
1107  5.285  -70.980  -13.507 0.6000000238
920  7.142  -71.818  -14.608 0.6000000238
1112  7.776  -72.185  -14.946 0.6000000238
1871  6.581  -68.303  -19.617 0.8000000119
1888  5.660  -67.693  -21.533 0.8000000119
52777  4.872  -67.550  -22.118 0.8999999762
2453  2.694  -66.374  -23.371 0.8999999762
2722  2.080  -65.622  -24.591 0.8999999762
1516  3.166  -68.925  -11.841 1.0000000000
1524  3.379  -69.504  -14.093 1.0000000000
59182  3.033  -67.865  -16.618 1.0000000000
1855  2.631  -68.025  -15.388 1.0000000000
1854  3.159  -68.347  -15.943 1.0000000000
1325  5.350  -70.165  -15.415 0.6999999881
60189  7.404  -71.481  -15.340 0.6000000238
2454  2.507  -65.823  -23.136 0.8999999762
55253  3.215  -65.918  -21.875 0.8999999762
2177  3.038  -66.898  -23.549 0.8999999762
1879  6.919  -68.187  -20.531 0.6999999881
2158  4.563  -66.838  -20.572 0.8999999762
2159  4.046  -66.570  -19.974 0.8999999762
1887  6.421  -68.045  -21.462 0.8000000119
2960  1.927  -64.958  -24.705 0.8999999762
2951  2.045  -64.870  -23.241 0.8999999762
1896  4.627  -67.869  -22.906 0.8999999762
2726  2.569  -65.663  -25.685 0.8999999762
2465  2.741  -66.652  -24.747 0.8999999762
1830  3.179  -68.163  -11.068 1.0000000000
1525  3.032  -69.185  -13.646 1.0000000000
1128  8.222  -71.459  -16.143 0.5000000000
50873  2.124  -63.337  -25.145 0.8999999762
1587  7.123  -68.326  -21.440 0.6999999881
1601  6.811  -68.680  -22.960 0.6999999881
2969  2.776  -64.422  -26.211 0.8999999762
1905  3.810  -67.632  -23.682 0.8999999762
1918  4.175  -67.822  -24.269 0.8999999762
2186  4.228  -67.640  -24.970 0.8000000119
1917  4.815  -67.733  -25.376 0.8000000119
1910  5.686  -68.529  -23.846 0.8000000119
58585  5.433  -68.081  -25.240 0.8000000119
1915  6.244  -68.367  -25.204 0.6000000238
2201  5.331  -67.363  -26.317 0.8000000119
2422  1.555  -65.928  -17.223 1.0000000000
58635  3.706  -66.257  -20.314 0.8999999762
2438  3.307  -65.988  -19.977 1.0000000000
4464  3.397  -60.505  -26.942 0.8000000119
1646  6.998  -68.681  -24.895 0.6000000238
55779  0.080  -61.052  -13.276 1.0000000000
53519  0.141  -55.754  -14.350 1.0000000000
61219  3.234  -55.979  -24.159 0.8000000119
5613  3.524  -55.744  -24.621 0.8000000119
58175  1.848  -60.637  -24.357 0.8999999762
60801  2.897  -51.575  -23.214 0.8000000119
54707  2.641  -65.257  -20.167 0.8999999762
2444  2.869  -65.343  -21.313 0.8999999762
3928  1.675  -61.343  -24.309 0.8999999762
2705  2.536  -65.019  -21.884 0.8999999762
2710  2.382  -65.259  -22.783 0.8999999762
2183  3.032  -67.053  -24.162 0.8999999762
3203  2.080  -64.256  -25.052 0.8999999762
3207  2.980  -63.536  -26.257 0.8999999762
2974  3.598  -64.594  -27.285 0.8000000119
1925  7.132  -68.380  -25.600 0.5000000000
2478  4.329  -66.529  -26.682 0.8000000119
2733  4.287  -65.600  -27.549 0.8000000119
59603  5.578  -66.228  -27.832 0.6999999881
5574  0.038  -55.198  -13.731 1.0000000000
2675  0.201  -65.651  -13.738 1.0000000000
55832  1.645  -64.433  -18.690 1.0000000000
58288  1.380  -60.685  -22.890 0.8999999762
2943  2.195  -64.493  -21.444 0.8999999762
3195  1.794  -64.358  -23.727 0.8999999762
2979  4.935  -64.909  -28.694 0.6999999881
4675  -0.121  -58.635  -11.451 1.0000000000
3153  -0.175  -64.512  -13.464 1.0000000000
54227  0.924  -63.798  -17.013 1.0000000000
51647  -0.567  -58.921  -10.150 1.0000000000
51140  -0.249  -54.088  -11.768 1.0000000000
5878  2.844  -54.615  -21.200 1.0000000000
7021  2.067  -50.182  -18.453 1.0000000000
56020  -1.078  -59.334  -7.645 1.0000000000
6127  -0.079  -53.154  -13.257 1.0000000000
6711  1.965  -51.768  -17.912 1.0000000000
4701  0.804  -58.203  -20.858 1.0000000000
6129  -0.007  -53.755  -13.708 1.0000000000
6701  0.596  -51.406  -15.300 1.0000000000
61836  0.598  -49.693  -14.237 1.0000000000
5593  0.853  -55.797  -18.009 1.0000000000
5281  0.700  -56.518  -18.189 1.0000000000
7018  1.805  -50.371  -17.616 1.0000000000
60452  1.545  -49.347  -17.618 1.0000000000
5594  1.024  -55.665  -18.416 1.0000000000
5283  1.149  -55.899  -18.971 1.0000000000
7969  2.031  -47.365  -16.018 1.0000000000
8321  1.721  -48.087  -17.154 1.0000000000
8994  3.576  -46.110  -16.180 1.0000000000
10729  2.813  -40.249  -14.507 1.0000000000
49610  4.668  -36.140  -17.680 1.0000000000
11064  1.123  -40.017  -10.326 1.0000000000
8300  2.839  -46.529  -10.634 1.0000000000
7947  2.245  -47.159  -8.474 1.0000000000
12070  3.820  -36.445  -19.200 0.8000000119
11418  2.307  -39.493  -12.479 1.0000000000
11387  1.452  -38.413  -6.018 1.0000000000
59403  0.263  -48.883  -4.904 1.0000000000
49611  4.923  -33.059  -14.695 1.0000000000
10017  -1.135  -41.721  -5.153 0.8999999762
10371  -0.061  -40.003  -7.361 0.8999999762
12689  2.120  -31.236  -14.248 0.8999999762
7616  -1.377  -47.812  -3.704 0.6000000238
12358  1.127  -30.821  -11.512 1.0000000000
14454  -1.957  -28.625  -15.560 0.8999999762
13349  1.052  -31.948  -5.809 0.4000000060
14102  -2.341  -29.129  -7.407 0.8000000119
16046  -1.739  -23.295  -16.777 0.6999999881
52176  -2.498  -22.276  -7.906 0.4000000060
17633  -1.931  -18.925  -11.148 0.5000000000
1354  8.264  -69.868  -18.474 0.6000000238
1127  8.916  -71.706  -16.267 0.5000000000
1330  8.470  -71.021  -16.877 0.5000000000
933  9.584  -71.995  -16.233 0.5000000000
1557  8.601  -69.512  -19.273 0.5000000000
1139  10.295  -71.229  -17.292 0.4000000060
1352  9.858  -70.142  -18.764 0.4000000060
1341  9.641  -70.660  -17.914 0.5000000000
1342  8.772  -70.534  -17.732 0.5000000000
1572  8.170  -68.901  -20.066 0.5000000000
1586  7.974  -68.585  -21.345 0.5000000000
55925  8.866  -69.249  -19.970 0.5000000000
1585  8.747  -68.888  -21.767 0.5000000000
1600  7.319  -68.542  -22.268 0.5000000000
1558  7.955  -69.307  -19.174 0.5000000000
5310  4.009  -56.477  -25.809 0.5000000000
1556  9.307  -69.666  -19.413 0.4000000060
1118  8.569  -72.077  -15.676 0.5000000000
1140  9.407  -71.298  -16.981 0.5000000000
5315  3.827  -57.405  -25.785 0.5000000000
61004  3.129  -66.440  -7.490 0.8000000119
58529  1.699  -66.250  -7.288 0.8999999762
1487  3.897  -66.674  -7.180 0.6999999881
2092  0.027  -66.338  -7.198 0.8999999762
934  9.236  -72.403  -15.713 0.4000000060
5314  4.257  -56.939  -26.450 0.5000000000
2088  0.293  -66.703  -5.761 0.8000000119
1802  1.993  -66.288  -6.700 0.8000000119
2091  0.226  -66.584  -6.390 0.8999999762
5616  3.782  -56.025  -25.237 0.6999999881
5615  4.278  -55.651  -25.762 0.5000000000
61254  3.971  -59.986  -27.722 0.6000000238
2379  -0.528  -66.542  -6.428 0.8999999762
59767  3.484  -56.284  -24.849 0.6999999881
6169  4.294  -54.322  -25.063 0.6999999881
5015  4.024  -57.882  -26.485 0.5000000000
5894  4.575  -54.831  -25.629 0.5000000000
3949  4.159  -61.472  -28.587 0.6000000238
3948  4.606  -61.587  -29.103 0.6000000238
5895  4.026  -55.224  -25.164 0.6000000238
6453  4.360  -52.151  -25.133 0.6000000238
54489  5.143  -62.935  -29.540 0.4000000060
55027  3.772  -51.900  -24.486 0.6000000238
6728  3.947  -51.168  -25.042 0.6000000238
3630  -1.024  -62.940  -7.003 0.8999999762
3879  -1.102  -61.584  -6.592 0.8999999762
4130  -1.170  -60.251  -7.071 0.8999999762
4392  -1.221  -59.498  -6.567 0.8999999762
4667  -1.230  -58.662  -6.791 0.8999999762
56256  -1.249  -58.210  -6.162 0.8000000119
4665  -1.223  -58.880  -6.039 0.8999999762
4390  -1.089  -59.622  -5.766 0.8999999762
4948  -1.215  -57.933  -6.815 0.8999999762
61500  -1.179  -58.450  -5.719 0.8000000119
4661  -1.069  -57.863  -5.399 0.8000000119
5247  -1.104  -56.674  -6.512 0.8000000119
55226  -1.097  -56.944  -5.682 0.8000000119
60396  -0.992  -56.290  -7.301 0.8999999762
5248  -0.924  -55.845  -6.806 0.8999999762
52022  -0.952  -56.157  -5.926 0.8000000119
5244  -0.850  -56.442  -5.262 0.8000000119
5241  -0.407  -56.369  -4.646 0.8000000119
5555  -0.584  -55.004  -7.216 0.8999999762
5552  -0.567  -55.262  -6.270 0.8000000119
6099  0.343  -53.314  -2.924 0.6999999881
5544  0.522  -55.329  -3.340 0.6999999881
55007  1.120  -54.613  -3.759 0.8000000119
5549  -0.414  -55.658  -5.300 0.8000000119
5831  0.232  -54.463  -5.775 0.8000000119
6103  0.738  -53.308  -3.792 0.6999999881
6100  0.052  -52.228  -3.244 0.6999999881
5546  0.360  -55.780  -4.348 0.8000000119
6106  0.716  -54.178  -4.745 0.8000000119
6388  0.539  -52.280  -4.159 0.6999999881
6383  -0.381  -51.614  -2.728 0.6999999881
6663  -0.388  -50.988  -3.006 0.6000000238
13742  4.108  -30.173  -15.049 0.6000000238
14124  3.406  -29.816  -14.808 0.6000000238
13743  2.231  -29.946  -14.603 0.8000000119
58998  2.186  -28.412  -15.183 0.5000000000
52467  0.964  -28.728  -14.379 0.8000000119
13744  1.472  -29.284  -14.387 0.8000000119
14125  2.282  -29.107  -14.720 0.5000000000
14132  1.742  -27.798  -15.469 0.6000000238
14127  0.655  -28.926  -14.262 0.8000000119
14126  1.425  -28.352  -14.871 0.6999999881
14457  0.831  -28.300  -14.817 0.6999999881
14461  1.096  -27.613  -15.421 0.6000000238
14775  0.295  -27.458  -15.897 0.6000000238
14780  0.997  -26.984  -16.053 0.6000000238
14782  -1.548  -26.273  -16.718 0.6000000238
15406  -1.306  -25.467  -17.096 0.6000000238
16695  -1.957  -20.878  -15.941 0.6999999881
16371  -1.466  -22.728  -17.271 0.6000000238
51623  -1.727  -22.212  -16.801 0.6000000238
17339  -2.007  -19.481  -15.582 0.6999999881
17654  -0.364  -18.508  -14.498 0.6999999881
16705  -1.405  -21.709  -17.347 0.6000000238
17032  -1.488  -20.734  -16.824 0.6000000238
51223  -0.091  -18.390  -13.880 0.6999999881
51009  -0.186  -18.593  -15.161 0.4000000060
53046  0.575  -18.276  -13.944 0.4000000060
17653  0.287  -18.432  -14.556 0.5000000000
17652  1.100  -18.237  -14.561 0.4000000060
17662  0.629  -18.494  -15.300 0.4000000060
1353  9.065  -70.080  -18.599 0.5000000000
2378  -0.349  -66.764  -6.049 0.8000000119
60443  4.258  -59.271  -27.822 0.5000000000
5014  4.234  -58.279  -27.222 0.5000000000
5019  4.819  -57.714  -27.865 0.5000000000
55627  -0.551  -57.620  -4.593 0.8000000119
5238  0.021  -56.148  -3.812 0.8000000119
15108  0.310  -26.891  -16.444 0.6000000238
17995  -1.899  -18.657  -15.365 0.6999999881
17674  -1.480  -19.194  -15.955 0.6000000238
17655  -1.000  -18.620  -14.878 0.6999999881
4944  -0.804  -57.014  -4.927 0.8000000119
17665  -1.495  -18.726  -15.447 0.6000000238
60720  -0.439  -66.567  -6.547 0.8999999762
5834  -0.067  -54.407  -6.675 0.8999999762
54721  0.922  -53.157  -4.823 0.8000000119
17334  -2.129  -19.051  -15.265 0.6999999881
17988  -1.713  -18.690  -14.979 0.6999999881
1599  8.005  -68.760  -22.405 0.5000000000
1598  8.566  -68.890  -22.666 0.5000000000
15710  -1.333  -24.539  -17.201 0.6000000238
17666  -1.978  -18.991  -15.621 0.6999999881
1571  8.744  -68.927  -20.763 0.5000000000
4191  4.486  -60.102  -28.568 0.5000000000
6459  4.441  -53.302  -25.021 0.6000000238
55121  -1.207  -57.471  -6.286 0.8000000119
5250  -1.079  -57.140  -7.283 0.8999999762
5830  0.397  -55.059  -4.876 0.8000000119
14131  4.271  -29.529  -15.095 0.6000000238
17033  -1.748  -20.035  -16.101 0.6000000238
17338  -1.157  -19.856  -16.704 0.6000000238
17664  -0.774  -18.817  -15.687 0.5000000000
17673  -0.484  -19.245  -16.534 0.5000000000
2376  -0.304  -66.580  -5.771 0.6999999881
2640  -0.603  -66.026  -6.061 0.6999999881
54180  -0.014  -65.335  -4.660 0.6000000238
2886  -0.353  -65.317  -5.636 0.6000000238
2637  -0.195  -66.006  -5.256 0.6000000238
3131  -0.616  -64.540  -6.092 0.6999999881
2888  -0.729  -65.304  -6.506 0.6999999881
3129  -0.097  -64.467  -5.138 0.6000000238
3625  -0.268  -62.425  -4.984 0.6999999881
3363  -0.156  -63.484  -5.108 0.6000000238
54769  -1.007  -61.077  -6.007 0.8000000119
51689  -0.817  -61.943  -5.874 0.6999999881
3365  -0.452  -63.834  -5.788 0.6000000238
3628  -0.740  -62.955  -5.940 0.6000000238
3368  -0.865  -63.742  -6.592 0.6999999881
4123  -0.382  -60.654  -4.738 0.6000000238
3875  -0.090  -61.582  -4.401 0.5000000000
3877  -0.588  -61.353  -5.256 0.6999999881
4125  -0.861  -60.458  -5.501 0.6999999881
4128  -1.159  -60.290  -6.240 0.8000000119
55940  -1.163  -60.871  -6.648 0.8000000119
59498  -1.017  -62.305  -6.496 0.6999999881
4388  -0.675  -59.756  -5.033 0.6999999881
4385  -0.425  -59.037  -4.612 0.5000000000
56330  -0.955  -58.847  -5.329 0.6999999881
4658  -0.124  -58.264  -4.339 0.6000000238
59618  -0.696  -58.328  -4.819 0.6999999881
13382  5.494  -31.895  -16.166 0.5000000000
13748  4.589  -30.434  -15.049 0.5000000000
17644  0.338  -18.104  -13.144 0.5000000000
4941  -0.265  -56.842  -4.240 0.6999999881
1126  10.202  -71.902  -16.532 0.4000000060
4940  0.114  -57.381  -4.014 0.6000000238
17051  0.741  -20.491  -18.409 0.3000000119
16718  0.985  -20.968  -18.755 0.4000000060
17038  1.223  -19.924  -18.011 0.3000000119
16719  0.421  -20.965  -18.701 0.4000000060
56449  2.209  -24.858  -16.332 0.3000000119
15713  1.445  -23.788  -16.412 0.3000000119
926  8.268  -72.345  -15.224 0.6000000238
1897  4.088  -67.683  -23.188 0.8999999762
1916  5.548  -68.360  -24.594 0.8000000119
2130  1.294  -66.535  -15.150 1.0000000000
2176  3.347  -67.303  -23.746 0.8999999762
2181  3.767  -67.473  -24.643 0.8000000119
2188  3.298  -67.145  -24.685 0.8999999762
2194  3.679  -66.967  -25.574 0.8000000119
2466  2.341  -66.210  -24.476 0.8999999762
2479  3.641  -66.269  -26.390 0.8000000119
2964  2.495  -65.008  -25.841 0.8999999762
2973  4.063  -64.998  -27.718 0.6999999881
2975  3.222  -64.093  -26.775 0.8999999762
3379  -0.334  -63.067  -10.724 1.0000000000
3430  1.815  -62.918  -24.786 0.8999999762
3436  2.259  -62.276  -25.844 0.8999999762
3440  2.720  -63.090  -25.933 0.8999999762
3441  2.310  -62.128  -26.007 0.8999999762
3445  3.507  -63.149  -27.418 0.8000000119
3455  2.795  -62.051  -27.023 0.8999999762
3676  1.511  -62.845  -23.728 0.8999999762
3690  1.896  -62.007  -25.890 0.8999999762
3699  2.061  -62.045  -26.528 0.8999999762
3706  2.201  -62.350  -27.171 0.8999999762
3707  2.010  -62.178  -26.902 0.8999999762
3939  1.988  -62.023  -26.140 0.8999999762
3942  3.299  -61.678  -27.383 0.6999999881
3943  3.015  -61.850  -27.014 0.8999999762
3950  1.992  -62.242  -27.056 0.8999999762
3951  2.012  -62.112  -26.905 0.8999999762
4175  2.008  -61.127  -24.896 0.8999999762
4182  2.045  -60.544  -24.703 0.8999999762
4187  2.236  -61.931  -26.232 0.8999999762
4196  2.238  -61.939  -26.547 0.8999999762
4445  2.402  -59.862  -24.948 0.8999999762
4458  2.778  -60.563  -25.868 0.8999999762
4995  1.139  -57.778  -21.583 1.0000000000
7641  1.002  -48.630  -13.628 1.0000000000
11380  1.885  -37.974  -4.934 1.0000000000
11381  1.217  -37.404  -5.056 1.0000000000
11708  1.025  -36.104  -5.192 1.0000000000
11714  0.361  -35.933  -5.584 1.0000000000
14121  -1.979  -28.838  -15.610 0.8999999762
17657  -2.042  -18.762  -15.165 0.6999999881
18004  -1.847  -18.787  -15.615 0.6999999881
51714  2.605  -62.715  -25.818 0.8999999762
53211  2.509  -61.814  -26.432 0.8999999762
58302  -2.060  -18.767  -15.448 0.6999999881
58413  0.945  -36.813  -5.054 1.0000000000
58480  3.732  -63.067  -27.950 0.6999999881
58674  1.511  -35.652  -5.782 1.0000000000
58840  2.404  -62.088  -27.067 0.8999999762
59537  0.082  -62.796  -14.510 1.0000000000
59570  2.353  -63.738  -25.442 0.8999999762
60545  5.893  -68.023  -25.676 0.8000000119
61238  3.518  -69.806  -11.680 0.8000000119
61398  1.489  -64.019  -18.518 1.0000000000
61529  6.204  -66.564  -27.886 0.6000000238
61605  4.874  -67.451  -25.868 0.8000000119
61796  2.950  -69.089  -13.173 1.0000000000
62010  -0.173  -53.235  -12.730 1.0000000000
