#!ascii label  , from subject sub-1016 vox2ras=TkReg
484
26806  -14.989  8.457  46.454 0.0000000000
30160  -34.087  18.502  36.191 0.0000000000
31157  -37.796  21.033  33.512 0.0000000000
29511  -27.334  16.737  37.766 0.0000000000
32532  -43.439  25.403  25.368 0.0000000000
31855  -41.234  23.396  29.371 0.0000000000
31142  -32.111  21.051  36.216 0.0000000000
48733  -30.457  17.906  37.247 0.0000000000
33836  -42.789  28.578  23.969 0.0000000000
33517  -43.371  28.649  20.600 0.0000000000
33852  -45.082  29.715  17.938 0.0000000000
32514  -38.608  24.685  31.004 0.0000000000
31515  -39.494  22.432  31.474 0.0000000000
32839  -40.310  25.863  29.917 0.0000000000
33196  -41.767  27.752  28.086 0.0000000000
28567  -24.253  12.629  41.258 0.0000000000
52852  -11.010  7.879  46.886 0.0000000000
30818  -36.268  19.532  35.101 0.0000000000
32164  -36.248  23.369  32.870 0.0000000000
28576  -26.700  12.828  39.088 0.0000000000
28893  -29.743  14.442  37.590 0.0000000000
32876  -47.885  26.056  17.635 0.0000000000
33856  -47.000  29.168  16.377 0.0000000000
53686  -42.490  24.724  27.800 0.0000000000
33504  -42.391  28.522  26.227 0.0000000000
26814  -17.950  8.435  44.868 0.0000000000
25143  -8.438  3.235  48.002 0.0000000000
33842  -42.864  28.835  22.201 0.0000000000
32517  -39.098  25.521  30.490 0.0000000000
27877  -23.829  11.245  42.034 0.0000000000
26797  -12.698  8.006  46.881 0.0000000000
30162  -35.799  18.034  35.583 0.0000000000
30475  -35.379  19.255  35.647 0.0000000000
29206  -26.855  15.041  38.224 0.0000000000
28580  -28.011  13.201  38.363 0.0000000000
29210  -28.404  15.353  37.645 0.0000000000
30158  -32.249  18.048  36.726 0.0000000000
29518  -31.405  16.425  37.000 0.0000000000
29520  -33.096  16.303  36.431 0.0000000000
29830  -26.001  17.469  38.188 0.0000000000
29203  -25.314  14.771  39.339 0.0000000000
32543  -44.935  25.211  21.364 0.0000000000
32872  -46.695  25.952  18.619 0.0000000000
33854  -46.344  29.078  17.040 0.0000000000
31518  -40.599  22.603  30.372 0.0000000000
32181  -41.808  24.136  28.617 0.0000000000
47577  -42.280  27.481  27.387 0.0000000000
53158  -21.565  10.914  43.936 0.0000000000
27504  -20.393  11.010  44.509 0.0000000000
27502  -18.758  10.896  44.908 0.0000000000
26484  -19.253  8.204  44.423 0.0000000000
25146  -10.984  3.486  48.350 0.0000000000
30812  -33.021  20.091  36.233 0.0000000000
56171  -34.248  20.266  35.733 0.0000000000
31146  -33.390  21.091  35.583 0.0000000000
30467  -28.797  18.982  37.544 0.0000000000
50618  -29.615  17.712  37.426 0.0000000000
30468  -30.320  19.478  37.245 0.0000000000
30470  -32.038  19.465  36.735 0.0000000000
33203  -43.062  27.037  24.743 0.0000000000
33206  -43.316  26.967  23.000 0.0000000000
33210  -43.626  27.321  21.400 0.0000000000
33213  -44.450  27.225  20.004 0.0000000000
33216  -45.606  27.330  18.569 0.0000000000
33849  -44.386  28.735  19.080 0.0000000000
31848  -38.415  22.856  32.031 0.0000000000
51401  -38.915  21.324  32.535 0.0000000000
31850  -39.024  23.098  31.518 0.0000000000
32175  -39.803  24.058  30.560 0.0000000000
32520  -40.712  25.003  29.770 0.0000000000
32523  -41.677  25.481  28.924 0.0000000000
33192  -41.268  26.792  29.131 0.0000000000
28879  -23.275  13.576  41.927 0.0000000000
27512  -22.894  10.529  42.943 0.0000000000
33532  -49.337  28.022  15.381 0.0000000000
26793  -9.087  7.742  46.631 0.0000000000
30479  -36.874  18.785  34.969 0.0000000000
31154  -37.292  20.630  34.034 0.0000000000
31149  -35.507  20.635  35.058 0.0000000000
31504  -36.302  21.493  34.146 0.0000000000
31844  -37.111  22.526  33.021 0.0000000000
32511  -37.268  24.435  31.775 0.0000000000
57159  -30.442  15.895  37.288 0.0000000000
29202  -24.698  15.270  39.689 0.0000000000
28574  -25.104  13.405  40.036 0.0000000000
33219  -46.108  27.549  17.963 0.0000000000
33526  -46.935  28.245  16.863 0.0000000000
33528  -48.248  27.794  16.093 0.0000000000
34183  -47.604  29.715  14.990 0.0000000000
55146  -15.292  6.079  46.530 0.0000000000
25802  -13.361  5.774  47.363 0.0000000000
32529  -43.048  25.220  26.826 0.0000000000
32846  -42.495  26.042  27.757 0.0000000000
32847  -42.787  25.916  27.230 0.0000000000
33199  -42.875  26.896  26.178 0.0000000000
33833  -42.695  28.609  24.797 0.0000000000
26808  -16.607  8.551  45.559 0.0000000000
26119  -12.002  5.574  47.785 0.0000000000
25800  -10.093  5.380  47.819 0.0000000000
25798  -7.780  5.158  47.314 0.0000000000
26799  -14.238  8.327  46.676 0.0000000000
29840  -33.961  17.711  36.196 0.0000000000
29842  -34.878  18.002  35.916 0.0000000000
30161  -34.804  18.829  35.951 0.0000000000
29509  -27.040  15.915  37.944 0.0000000000
29209  -27.641  15.215  37.843 0.0000000000
29512  -27.881  16.050  37.700 0.0000000000
30159  -33.216  18.137  36.432 0.0000000000
29839  -32.811  17.250  36.543 0.0000000000
57236  -33.403  17.542  36.358 0.0000000000
52957  -33.616  17.015  36.256 0.0000000000
30151  -27.339  18.291  37.758 0.0000000000
30150  -26.434  18.285  37.974 0.0000000000
29832  -26.868  17.494  37.853 0.0000000000
29508  -26.465  16.669  38.012 0.0000000000
32870  -46.356  25.476  19.359 0.0000000000
30824  -37.934  20.267  33.820 0.0000000000
31158  -38.448  20.609  33.305 0.0000000000
31854  -40.737  23.374  29.934 0.0000000000
31520  -41.153  22.578  29.811 0.0000000000
31857  -41.617  23.508  28.903 0.0000000000
27509  -21.399  10.171  44.061 0.0000000000
50010  -21.035  10.891  44.244 0.0000000000
27166  -20.901  9.555  44.269 0.0000000000
27161  -20.181  9.595  44.507 0.0000000000
26490  -20.031  8.070  44.204 0.0000000000
31144  -33.594  20.478  35.863 0.0000000000
31143  -32.806  20.779  36.033 0.0000000000
30804  -28.363  19.947  37.474 0.0000000000
53016  -29.417  19.641  37.380 0.0000000000
54855  -29.954  20.118  37.226 0.0000000000
31140  -31.538  20.918  36.549 0.0000000000
30807  -31.565  20.187  36.775 0.0000000000
30811  -32.229  20.493  36.401 0.0000000000
30808  -32.337  19.951  36.538 0.0000000000
33509  -42.921  27.817  24.366 0.0000000000
33205  -43.159  27.014  23.891 0.0000000000
33511  -43.003  27.789  23.467 0.0000000000
33515  -43.233  28.253  21.362 0.0000000000
33518  -43.824  27.818  20.475 0.0000000000
33211  -44.214  26.880  20.709 0.0000000000
33520  -44.366  27.915  19.556 0.0000000000
33846  -43.819  28.644  19.863 0.0000000000
53118  -37.992  23.434  31.948 0.0000000000
32171  -38.516  23.691  31.511 0.0000000000
32838  -39.600  26.190  30.180 0.0000000000
32515  -39.401  24.761  30.576 0.0000000000
32518  -40.053  24.891  30.178 0.0000000000
32176  -40.410  24.153  30.088 0.0000000000
32841  -41.123  25.877  29.405 0.0000000000
33191  -40.718  26.702  29.584 0.0000000000
29198  -23.713  14.990  40.861 0.0000000000
28882  -23.498  14.274  41.410 0.0000000000
28570  -23.892  13.438  41.333 0.0000000000
27876  -23.178  11.298  42.607 0.0000000000
33860  -48.502  28.754  14.950 0.0000000000
33536  -49.272  28.525  14.526 0.0000000000
26795  -10.305  8.139  46.696 0.0000000000
52307  -36.069  18.727  35.410 0.0000000000
30165  -36.568  18.115  35.222 0.0000000000
30482  -37.171  19.466  34.587 0.0000000000
30820  -36.733  20.224  34.549 0.0000000000
31499  -34.075  21.407  35.137 0.0000000000
30817  -34.843  20.419  35.452 0.0000000000
31503  -34.842  21.801  34.627 0.0000000000
31842  -35.769  22.879  33.452 0.0000000000
52236  -36.066  22.231  33.799 0.0000000000
31843  -36.499  22.693  33.227 0.0000000000
31506  -36.789  22.038  33.533 0.0000000000
31846  -36.963  23.159  32.683 0.0000000000
32169  -36.745  23.897  32.303 0.0000000000
28586  -28.501  13.680  38.000 0.0000000000
29835  -29.449  16.940  37.440 0.0000000000
29836  -30.175  17.068  37.309 0.0000000000
29217  -31.756  15.603  36.942 0.0000000000
52538  -24.583  16.017  39.542 0.0000000000
28888  -25.904  14.113  39.128 0.0000000000
28887  -25.260  14.018  39.676 0.0000000000
28575  -25.822  13.231  39.500 0.0000000000
28236  -25.824  11.612  40.077 0.0000000000
33523  -45.585  28.149  18.127 0.0000000000
34180  -46.461  30.009  16.630 0.0000000000
33527  -47.568  28.349  16.223 0.0000000000
33530  -48.030  28.448  15.779 0.0000000000
34181  -47.015  30.184  15.799 0.0000000000
31512  -39.313  21.642  32.013 0.0000000000
31161  -39.356  20.788  32.450 0.0000000000
32185  -43.060  23.705  26.990 0.0000000000
53689  -42.860  24.557  27.238 0.0000000000
33194  -41.736  26.869  28.574 0.0000000000
32844  -42.069  25.995  28.396 0.0000000000
52494  -42.189  26.812  27.942 0.0000000000
33502  -42.348  28.053  26.761 0.0000000000
32849  -42.586  26.632  27.305 0.0000000000
33198  -42.634  27.188  26.737 0.0000000000
32850  -42.940  26.242  26.633 0.0000000000
33505  -42.677  27.736  26.053 0.0000000000
33507  -42.827  27.811  25.204 0.0000000000
33830  -42.555  28.559  25.590 0.0000000000
27159  -18.299  9.278  44.802 0.0000000000
27158  -17.729  9.802  44.983 0.0000000000
27153  -16.907  9.510  45.299 0.0000000000
55052  -17.241  8.245  45.199 0.0000000000
26132  -16.312  6.880  45.892 0.0000000000
53310  -17.037  6.863  45.403 0.0000000000
25475  -13.403  4.809  47.602 0.0000000000
25801  -12.641  5.882  47.539 0.0000000000
25466  -12.098  4.714  48.027 0.0000000000
56525  -9.613  3.435  48.221 0.0000000000
25464  -10.593  4.165  48.206 0.0000000000
25474  -9.390  4.800  47.861 0.0000000000
25799  -8.708  5.403  47.515 0.0000000000
25473  -8.460  4.543  47.716 0.0000000000
30805  -30.087  20.709  37.046 0.0000000000
33835  -42.691  29.166  23.618 0.0000000000
33839  -42.832  28.591  23.116 0.0000000000
33841  -42.575  29.752  22.140 0.0000000000
28233  -24.592  11.904  41.148 0.0000000000
28232  -24.032  11.975  41.676 0.0000000000
27148  -12.403  9.618  46.685 0.0000000000
26796  -11.832  7.722  46.957 0.0000000000
29844  -35.468  17.272  35.647 0.0000000000
56952  -35.406  18.581  35.738 0.0000000000
32510  -36.530  24.736  31.907 0.0000000000
28890  -26.655  14.198  38.585 0.0000000000
28579  -27.160  13.422  38.619 0.0000000000
56366  -27.664  14.212  38.030 0.0000000000
57257  -28.096  14.799  37.775 0.0000000000
28892  -28.707  14.476  37.718 0.0000000000
30157  -31.341  17.991  37.000 0.0000000000
29837  -30.978  17.184  37.104 0.0000000000
29838  -31.840  17.227  36.851 0.0000000000
29519  -32.250  16.391  36.736 0.0000000000
29521  -33.908  16.219  36.103 0.0000000000
29829  -25.197  17.459  38.704 0.0000000000
29204  -25.289  15.721  39.008 0.0000000000
29507  -25.641  16.632  38.528 0.0000000000
29205  -26.018  14.939  38.756 0.0000000000
32541  -44.655  24.964  22.263 0.0000000000
32873  -47.486  25.633  18.268 0.0000000000
33853  -45.667  28.978  17.692 0.0000000000
31517  -40.064  22.537  30.913 0.0000000000
31858  -42.039  23.254  28.481 0.0000000000
32182  -42.230  24.026  28.099 0.0000000000
33825  -41.506  28.797  27.895 0.0000000000
33500  -41.975  28.361  27.374 0.0000000000
28227  -22.203  12.147  43.289 0.0000000000
28226  -21.594  12.201  43.733 0.0000000000
27866  -20.278  11.800  44.464 0.0000000000
50152  -19.557  11.284  44.742 0.0000000000
27160  -19.268  9.628  44.682 0.0000000000
26815  -18.823  8.707  44.616 0.0000000000
26138  -17.805  6.867  44.891 0.0000000000
26483  -18.443  7.758  44.625 0.0000000000
51319  -33.401  18.978  36.368 0.0000000000
30474  -34.178  19.273  36.102 0.0000000000
30813  -33.876  19.904  36.006 0.0000000000
31147  -34.176  20.777  35.491 0.0000000000
30152  -28.256  18.254  37.621 0.0000000000
29834  -28.726  17.396  37.548 0.0000000000
50617  -29.045  18.215  37.520 0.0000000000
30153  -29.791  18.679  37.396 0.0000000000
30154  -30.809  18.731  37.157 0.0000000000
53217  -30.678  20.139  37.072 0.0000000000
30469  -31.197  19.477  37.016 0.0000000000
30155  -31.707  18.772  36.892 0.0000000000
30472  -32.577  18.830  36.620 0.0000000000
30466  -27.841  19.082  37.672 0.0000000000
32854  -43.214  26.261  25.079 0.0000000000
32535  -43.533  25.612  24.641 0.0000000000
32856  -43.360  26.258  24.279 0.0000000000
32859  -43.549  26.246  23.435 0.0000000000
32862  -43.713  26.285  22.683 0.0000000000
33513  -43.158  27.774  22.382 0.0000000000
33208  -43.648  26.795  22.143 0.0000000000
32863  -44.185  25.900  21.954 0.0000000000
32865  -44.578  26.058  20.992 0.0000000000
32868  -44.974  26.405  20.049 0.0000000000
49455  -45.780  26.387  19.114 0.0000000000
33215  -45.000  27.195  19.327 0.0000000000
33521  -44.977  28.021  18.817 0.0000000000
33850  -45.009  28.856  18.360 0.0000000000
33848  -43.805  29.447  19.368 0.0000000000
34175  -44.450  30.426  18.226 0.0000000000
31510  -38.220  22.207  32.532 0.0000000000
31508  -38.366  21.414  32.911 0.0000000000
56970  -38.569  22.341  32.234 0.0000000000
31514  -38.925  22.387  31.959 0.0000000000
32173  -39.165  23.930  31.040 0.0000000000
31852  -39.625  23.240  31.012 0.0000000000
31853  -40.203  23.333  30.486 0.0000000000
32178  -40.949  24.188  29.579 0.0000000000
32179  -41.412  24.175  29.098 0.0000000000
32521  -41.273  24.936  29.293 0.0000000000
32842  -41.614  26.222  28.923 0.0000000000
49877  -41.333  27.552  28.802 0.0000000000
56486  -40.931  28.049  29.022 0.0000000000
33498  -41.235  28.341  28.539 0.0000000000
28878  -22.611  13.712  42.513 0.0000000000
28230  -23.419  12.041  42.229 0.0000000000
28229  -22.813  12.098  42.789 0.0000000000
53280  -22.126  10.539  43.544 0.0000000000
30821  -37.414  20.019  34.228 0.0000000000
30814  -34.699  19.774  35.774 0.0000000000
30478  -35.474  19.980  35.363 0.0000000000
55045  -36.042  20.236  34.960 0.0000000000
31151  -35.569  21.281  34.670 0.0000000000
31152  -36.156  20.794  34.616 0.0000000000
31153  -36.719  20.891  34.226 0.0000000000
31156  -37.092  21.337  33.778 0.0000000000
31507  -37.584  21.912  33.120 0.0000000000
31847  -37.676  22.820  32.498 0.0000000000
50481  -37.434  23.649  32.132 0.0000000000
32170  -37.933  24.163  31.592 0.0000000000
32512  -37.133  25.089  31.508 0.0000000000
29513  -28.822  16.297  37.533 0.0000000000
29211  -29.307  15.337  37.516 0.0000000000
29515  -30.644  16.414  37.215 0.0000000000
58461  -30.807  15.067  37.284 0.0000000000
29201  -24.010  15.755  40.197 0.0000000000
29199  -24.324  14.793  40.273 0.0000000000
56971  -24.838  14.576  39.841 0.0000000000
28571  -24.582  13.234  40.672 0.0000000000
28235  -25.142  11.812  40.631 0.0000000000
33217  -46.344  26.801  18.252 0.0000000000
32875  -47.126  26.391  17.908 0.0000000000
33524  -46.225  28.206  17.492 0.0000000000
33220  -46.836  27.312  17.472 0.0000000000
33221  -47.550  26.729  17.330 0.0000000000
32881  -48.230  26.564  17.007 0.0000000000
50062  -48.484  27.101  16.482 0.0000000000
33224  -49.108  27.382  16.046 0.0000000000
33531  -48.620  28.238  15.634 0.0000000000
33859  -48.071  28.812  15.379 0.0000000000
57594  -14.939  7.128  46.581 0.0000000000
26470  -14.360  6.927  46.805 0.0000000000
26127  -14.843  6.442  46.702 0.0000000000
30828  -39.055  20.277  33.008 0.0000000000
48717  -43.241  25.451  26.118 0.0000000000
53619  -41.656  24.764  28.876 0.0000000000
32524  -42.069  24.962  28.405 0.0000000000
32526  -42.405  25.435  28.000 0.0000000000
32527  -42.715  25.339  27.502 0.0000000000
32852  -43.099  26.221  25.834 0.0000000000
33201  -42.976  27.012  25.537 0.0000000000
27151  -15.385  9.265  46.224 0.0000000000
27152  -16.146  9.330  45.782 0.0000000000
26807  -15.758  8.503  46.090 0.0000000000
26131  -15.516  6.865  46.325 0.0000000000
52975  -15.880  6.114  46.197 0.0000000000
26468  -13.186  7.343  47.001 0.0000000000
26467  -12.443  7.135  47.127 0.0000000000
53716  -11.822  6.901  47.251 0.0000000000
25465  -11.420  4.271  48.211 0.0000000000
55385  -11.320  5.548  47.865 0.0000000000
49593  -10.743  6.546  47.442 0.0000000000
26464  -9.457  7.050  47.034 0.0000000000
57769  -8.453  6.457  47.022 0.0000000000
25152  -7.806  3.410  47.795 0.0000000000
25472  -7.623  4.155  47.554 0.0000000000
27150  -14.539  9.232  46.541 0.0000000000
50411  -28.102  16.799  37.634 0.0000000000
29833  -27.765  17.500  37.679 0.0000000000
26822  -21.117  8.982  44.045 0.0000000000
26817  -20.507  8.889  44.273 0.0000000000
52361  -29.184  20.564  37.201 0.0000000000
55121  -39.692  25.453  30.244 0.0000000000
28884  -24.105  14.129  40.806 0.0000000000
34186  -48.073  29.762  14.158 0.0000000000
56751  -11.484  8.458  46.752 0.0000000000
27139  -10.877  8.679  46.606 0.0000000000
31148  -34.852  21.057  35.101 0.0000000000
28241  -26.212  12.239  39.564 0.0000000000
28578  -26.438  13.548  38.970 0.0000000000
33857  -47.582  29.120  15.762 0.0000000000
31166  -40.006  21.645  31.329 0.0000000000
32184  -42.648  23.861  27.538 0.0000000000
26813  -17.436  8.965  45.069 0.0000000000
26482  -17.514  7.640  45.057 0.0000000000
25467  -12.762  4.210  47.964 0.0000000000
25144  -9.102  2.987  48.210 0.0000000000
25463  -9.846  4.066  48.116 0.0000000000
25462  -9.020  3.848  48.016 0.0000000000
25153  -8.268  3.843  47.835 0.0000000000
32834  -38.417  25.669  30.747 0.0000000000
27141  -13.079  9.004  46.741 0.0000000000
27140  -12.168  8.692  46.767 0.0000000000
30148  -25.578  18.263  38.357 0.0000000000
52487  -26.198  15.818  38.380 0.0000000000
57370  -40.468  21.971  30.764 0.0000000000
49413  -42.057  28.976  26.721 0.0000000000
27873  -21.901  11.447  43.645 0.0000000000
27871  -21.310  11.524  44.024 0.0000000000
27505  -20.660  10.262  44.428 0.0000000000
27870  -20.791  11.482  44.289 0.0000000000
54836  -19.909  10.369  44.652 0.0000000000
26816  -19.698  8.859  44.479 0.0000000000
55296  -33.466  19.552  36.247 0.0000000000
30473  -32.816  19.490  36.481 0.0000000000
55446  -44.035  26.582  21.438 0.0000000000
52970  -44.415  29.554  18.618 0.0000000000
28881  -22.917  14.391  41.970 0.0000000000
28563  -23.045  12.849  42.387 0.0000000000
27874  -22.522  11.346  43.156 0.0000000000
30166  -37.314  18.119  34.877 0.0000000000
50047  -35.635  21.849  34.282 0.0000000000
32513  -37.794  25.101  31.236 0.0000000000
28251  -27.540  12.626  38.815 0.0000000000
29514  -29.878  16.184  37.379 0.0000000000
29212  -30.268  15.286  37.378 0.0000000000
28885  -24.687  14.026  40.223 0.0000000000
51282  -24.770  12.431  40.788 0.0000000000
28572  -25.333  12.563  40.183 0.0000000000
34177  -45.772  29.856  17.272 0.0000000000
33223  -47.671  27.406  16.723 0.0000000000
31160  -38.834  20.885  32.863 0.0000000000
53163  -43.168  24.347  26.730 0.0000000000
32189  -43.428  24.533  26.149 0.0000000000
26475  -15.323  7.722  46.371 0.0000000000
26476  -16.056  7.694  45.985 0.0000000000
53462  -16.574  6.082  45.749 0.0000000000
26126  -14.175  6.108  47.028 0.0000000000
52788  -13.650  6.696  47.046 0.0000000000
26125  -12.915  6.532  47.270 0.0000000000
26124  -12.210  6.374  47.433 0.0000000000
26123  -11.437  6.272  47.572 0.0000000000
25792  -10.160  4.687  48.035 0.0000000000
25793  -10.845  4.997  48.029 0.0000000000
26118  -10.739  5.845  47.739 0.0000000000
53253  -9.973  6.282  47.453 0.0000000000
26122  -8.978  6.264  47.257 0.0000000000
52887  -8.228  5.977  47.151 0.0000000000
26121  -7.996  6.573  46.783 0.0000000000
50451  -7.230  3.501  47.574 0.0000000000
26798  -13.493  8.181  46.816 0.0000000000
30465  -26.907  19.084  37.832 0.0000000000
32866  -45.293  25.495  20.511 0.0000000000
30822  -37.926  19.528  34.132 0.0000000000
30806  -30.854  20.780  36.850 0.0000000000
29196  -23.115  15.098  41.479 0.0000000000
26794  -9.755  7.731  46.776 0.0000000000
31837  -35.299  22.391  34.025 0.0000000000
32826  -36.735  25.403  31.471 0.0000000000
25805  -15.467  5.415  46.505 0.0000000000
25804  -14.781  5.557  46.902 0.0000000000
31163  -39.802  21.023  31.887 0.0000000000
50548  -18.566  10.112  44.864 0.0000000000
55160  -17.983  10.622  44.996 0.0000000000
26481  -16.790  7.645  45.531 0.0000000000
25795  -12.715  5.161  47.738 0.0000000000
25145  -10.247  3.459  48.304 0.0000000000
55747  -9.429  5.631  47.609 0.0000000000
33838  -42.648  29.419  22.967 0.0000000000
33844  -42.918  29.265  21.197 0.0000000000
49772  -43.279  29.350  20.191 0.0000000000
33188  -40.097  26.809  29.911 0.0000000000
29505  -24.869  16.663  39.125 0.0000000000
28224  -20.891  12.219  44.121 0.0000000000
27503  -19.238  10.454  44.800 0.0000000000
31495  -32.463  21.507  35.773 0.0000000000
30803  -27.352  19.861  37.688 0.0000000000
32857  -43.870  25.398  23.839 0.0000000000
32869  -45.677  25.742  19.815 0.0000000000
31511  -38.717  21.891  32.377 0.0000000000
57700  -40.437  27.340  29.644 0.0000000000
33496  -40.876  27.430  29.293 0.0000000000
28566  -23.656  12.758  41.822 0.0000000000
28562  -22.457  12.872  42.917 0.0000000000
30480  -37.770  18.710  34.492 0.0000000000
57048  -34.780  19.289  35.897 0.0000000000
29213  -30.952  15.666  37.183 0.0000000000
53601  -47.547  30.782  14.447 0.0000000000
26474  -14.632  7.680  46.630 0.0000000000
25803  -14.044  5.256  47.268 0.0000000000
56654  -43.482  24.994  25.789 0.0000000000
51640  -15.763  10.041  45.934 0.0000000000
26469  -13.925  7.524  46.829 0.0000000000
26466  -11.201  7.083  47.206 0.0000000000
52276  -12.087  4.014  48.187 0.0000000000
25794  -11.545  5.025  48.016 0.0000000000
26465  -10.352  7.239  47.082 0.0000000000
26463  -8.611  7.020  46.824 0.0000000000
24797  -8.468  2.494  48.149 0.0000000000
56468  -7.947  2.829  47.948 0.0000000000
