#!ascii label  , from subject sub-1016 vox2ras=TkReg
1712
22046  -10.382  -5.342  47.131 0.2222220004
58063  -11.678  -5.739  47.053 0.3333329856
54689  -13.586  -4.565  46.998 0.4444440007
22379  -14.296  -4.309  46.953 0.5555559993
55497  -14.993  -3.612  46.879 0.5555559993
22380  -15.088  -4.455  46.878 0.5555559993
22381  -15.832  -4.192  46.774 0.4444440007
54865  -16.522  -3.770  46.652 0.5555559993
47580  -10.649  -4.646  47.176 0.4444440007
22376  -11.403  -4.470  47.103 0.3333329856
22047  -11.182  -5.350  47.085 0.3333329856
22373  -8.692  -3.920  47.161 0.3333329856
22044  -9.160  -4.880  47.090 0.3333329856
22374  -9.565  -4.047  47.291 0.3333329856
47643  -9.951  -4.738  47.193 0.3333329856
22377  -12.088  -4.205  47.062 0.4444440007
22048  -12.181  -5.185  47.039 0.4444440007
22049  -13.216  -5.148  47.003 0.4444440007
22378  -12.866  -4.314  47.025 0.5555559993
48936  -13.519  -3.909  47.002 0.5555559993
22729  -14.075  -3.412  46.957 0.5555559993
23076  -15.237  -2.833  46.792 0.6666669846
22730  -15.849  -3.300  46.759 0.5555559993
22735  -16.610  -2.941  46.618 0.6666669846
22385  -17.048  -4.395  46.456 0.4444440007
23077  -15.843  -2.451  46.664 0.6666669846
23083  -17.420  -2.628  46.412 0.7777780294
23419  -15.721  -1.592  46.559 0.7777780294
23082  -16.647  -2.002  46.486 0.7777780294
55441  -17.041  -1.360  46.265 0.7777780294
50335  -17.469  -1.883  46.288 0.7777780294
23424  -15.534  -0.746  46.479 0.7777780294
23760  -16.058  -0.451  46.273 0.7777780294
23425  -16.313  -1.133  46.365 0.7777780294
22375  -10.208  -4.124  47.295 0.3333329856
22725  -10.796  -3.839  47.268 0.4444440007
23071  -8.162  -2.467  47.328 0.4444440007
22717  -8.645  -3.082  47.328 0.1111110002
22724  -9.284  -3.270  47.432 0.4444440007
22718  -9.650  -2.756  47.607 0.4444440007
22726  -11.561  -3.594  47.181 0.4444440007
57342  -13.020  -3.706  47.029 0.5555559993
23063  -9.050  -2.465  47.583 0.4444440007
52062  -10.167  -2.480  47.655 0.4444440007
22719  -10.910  -2.876  47.453 0.5555559993
23072  -11.772  -2.748  47.281 0.5555559993
22727  -12.440  -3.458  47.083 0.5555559993
56856  -13.837  -2.725  46.967 0.5555559993
51276  -9.326  -1.715  47.848 0.5555559993
23064  -10.019  -1.746  47.864 0.4444440007
23065  -10.706  -1.962  47.711 0.5555559993
23073  -12.544  -2.514  47.146 0.5555559993
23074  -13.285  -2.244  47.045 0.5555559993
22728  -13.247  -3.138  47.019 0.5555559993
23075  -14.525  -2.776  46.883 0.5555559993
48364  -10.560  -1.071  47.995 0.5555559993
55015  -11.314  -2.185  47.526 0.5555559993
23066  -11.918  -1.908  47.419 0.6666669846
23415  -12.651  -1.627  47.243 0.6666669846
51193  -14.032  -2.053  46.923 0.7777780294
23418  -14.937  -2.007  46.740 0.7777780294
23085  -19.012  -2.300  45.769 0.7777780294
48712  -18.905  -2.901  45.865 0.4444440007
23747  -10.103  -0.438  48.206 0.5555559993
55162  -11.263  -0.744  47.943 0.5555559993
48836  -11.991  -0.955  47.633 0.6666669846
23416  -13.408  -1.424  47.073 0.7777780294
23417  -14.196  -1.140  46.879 0.7777780294
23084  -18.257  -2.252  46.089 0.7777780294
47776  -10.821  -0.113  48.218 0.3333329856
23748  -11.641  -0.125  47.988 0.4444440007
23749  -12.380  -0.085  47.715 0.6666669846
23410  -12.843  -0.786  47.352 0.6666669846
47602  -13.486  -0.718  47.103 0.7777780294
52050  -15.005  -1.160  46.653 0.7777780294
23754  -13.876  -0.327  47.005 0.6666669846
23761  -16.810  -0.580  46.074 0.7777780294
23426  -17.888  -1.164  45.942 0.7777780294
49253  -13.926  0.427  47.062 0.5555559993
24101  -15.472  0.199  46.461 0.6666669846
56343  -16.196  0.077  46.133 0.6666669846
48485  -16.724  0.259  45.862 0.7777780294
24103  -17.434  -0.156  45.726 0.6666669846
24096  -14.624  0.733  46.763 0.5555559993
23755  -14.656  -0.287  46.744 0.5555559993
23086  -19.434  -2.612  45.565 0.6666669846
23427  -18.831  -1.695  45.738 0.7777780294
55552  -15.180  1.054  46.497 0.5555559993
24102  -15.974  1.017  46.118 0.6666669846
51202  -16.860  0.932  45.647 0.6666669846
58332  -17.158  0.383  45.644 0.5555559993
23428  -19.593  -2.021  45.431 0.8888890147
23088  -20.025  -2.583  45.206 0.5555559993
22743  -20.463  -3.142  44.925 0.4444440007
23431  -20.095  -1.521  45.066 0.8888890147
23430  -19.389  -1.349  45.355 0.8888890147
23765  -19.835  -0.994  45.061 0.8888890147
54737  -18.753  -1.051  45.569 0.7777780294
23763  -18.375  -0.292  45.430 0.7777780294
54631  -19.109  -0.066  45.038 0.7777780294
24105  -17.638  0.568  45.372 0.5555559993
24106  -19.475  0.467  44.679 0.7777780294
24463  -18.525  0.622  44.979 0.4444440007
56224  -19.010  1.135  44.543 0.6666669846
24462  -18.211  1.614  44.727 0.5555559993
23090  -21.705  -2.196  44.462 0.4444440007
49943  -20.282  -2.046  45.032 0.8888890147
23089  -20.791  -2.429  44.800 0.5555559993
23782  -29.343  -0.561  42.620 0.3333329856
23769  -20.948  -0.302  44.458 0.8888890147
23766  -20.524  -0.972  44.807 0.8888890147
23779  -29.718  0.229  42.648 0.4444440007
24121  -30.525  0.421  42.548 0.5555559993
56091  -19.933  -0.335  44.828 0.8888890147
24117  -30.901  1.272  42.623 0.5555559993
24107  -20.370  0.331  44.408 0.8888890147
24835  -31.246  2.229  42.626 0.6666669846
25506  -32.114  4.287  42.191 0.8888890147
53274  -31.784  3.645  42.398 0.7777780294
25511  -34.543  4.185  40.753 0.3333329856
24466  -19.892  1.203  44.186 0.6666669846
50688  -33.235  4.787  41.526 0.6666669846
25841  -33.697  5.246  41.180 0.6666669846
25842  -34.351  5.025  40.842 0.6666669846
25840  -33.035  5.492  41.474 0.7777780294
23091  -22.703  -2.013  44.182 0.2222220004
23093  -22.314  -2.801  44.200 0.1111110002
23441  -28.451  -0.622  42.800 0.2222220004
23432  -20.974  -1.643  44.731 0.7777780294
23778  -29.043  0.008  42.695 0.5555559993
23767  -21.297  -0.963  44.543 0.8888890147
24116  -30.062  1.038  42.714 0.5555559993
24479  -30.386  1.856  42.784 0.5555559993
24108  -21.602  0.224  44.073 0.8888890147
50132  -31.105  3.244  42.647 0.7777780294
25512  -35.392  4.448  40.271 0.5555559993
24467  -20.974  0.815  43.996 0.7777780294
51793  -34.943  4.878  40.494 0.5555559993
25836  -31.645  5.131  42.175 0.8888890147
25837  -32.550  4.949  41.870 0.8888890147
25844  -34.141  5.725  40.804 0.6666669846
24471  -20.660  1.731  43.665 0.6666669846
25839  -32.311  5.733  41.747 1.0000000000
24817  -19.799  2.200  43.876 0.5555559993
26166  -33.504  5.852  41.118 0.8888890147
24819  -20.450  2.701  43.532 0.6666669846
26511  -32.847  6.379  41.255 0.8888890147
49874  -23.624  -1.895  43.978 0.1111110002
23435  -23.185  -1.305  44.075 0.5555559993
23433  -22.089  -1.331  44.344 0.7777780294
23770  -21.890  -0.512  44.257 0.7777780294
23771  -22.815  -0.647  44.092 0.7777780294
48837  -29.163  0.775  42.738 0.5555559993
55116  -29.622  1.609  42.807 0.6666669846
24830  -30.577  2.579  42.790 0.8888890147
25846  -35.579  5.212  40.146 0.5555559993
26169  -35.320  5.888  40.122 0.5555559993
24468  -22.228  0.692  43.745 0.8888890147
57698  -21.624  0.752  43.842 0.8888890147
25505  -31.322  4.186  42.468 1.0000000000
25845  -34.842  5.505  40.473 0.5555559993
24472  -21.667  1.351  43.525 0.6666669846
24820  -21.318  2.337  43.286 0.6666669846
26168  -33.737  6.417  40.762 0.8888890147
26514  -34.056  7.071  40.251 0.8888890147
54747  -32.113  6.361  41.601 1.0000000000
26513  -33.179  7.166  40.715 0.8888890147
25165  -20.116  3.589  43.538 0.4444440007
25166  -21.106  3.446  43.185 0.6666669846
25167  -21.874  2.846  43.001 0.7777780294
57557  -32.660  7.004  41.068 1.0000000000
53324  -22.078  3.620  42.755 0.6666669846
52879  -24.349  -1.816  43.823 0.1111110002
23095  -24.108  -2.405  43.809 0.1111110002
23440  -28.086  -1.491  42.871 0.2222220004
23777  -27.681  -0.126  42.875 0.3333329856
50370  -28.523  0.160  42.746 0.4444440007
24115  -28.254  0.727  42.756 0.6666669846
24109  -23.389  -0.067  43.875 0.7777780294
24478  -28.829  1.569  42.776 0.6666669846
25847  -36.282  5.213  39.818 0.4444440007
55641  -22.534  0.038  43.980 0.7777780294
57065  -29.362  1.986  42.827 0.7777780294
24829  -29.835  2.380  42.854 0.6666669846
25513  -36.088  4.647  39.929 0.3333329856
25172  -30.247  3.169  42.805 0.8888890147
55216  -23.196  0.594  43.655 0.7777780294
25504  -30.560  3.934  42.674 1.0000000000
24473  -22.693  1.314  43.352 0.7777780294
26515  -34.626  6.303  40.311 0.8888890147
24821  -22.224  2.087  43.109 0.6666669846
24823  -24.213  2.043  42.758 0.7777780294
26160  -31.602  6.062  41.908 1.0000000000
50209  -23.162  2.027  42.933 0.7777780294
25835  -30.854  5.790  42.199 0.8888890147
24822  -22.642  2.801  42.764 0.7777780294
24831  -23.518  2.766  42.507 0.7777780294
26510  -32.136  6.973  41.329 1.0000000000
25174  -23.750  3.435  42.211 0.7777780294
24832  -24.367  2.926  42.296 0.7777780294
26165  -31.651  6.655  41.664 0.8888890147
25493  -21.419  4.644  42.935 0.5555559993
25173  -22.989  3.548  42.404 0.5555559993
25498  -23.531  4.280  42.070 0.6666669846
25497  -22.473  4.489  42.442 0.4444440007
57801  -24.236  4.352  41.859 0.6666669846
23437  -25.011  -1.376  43.669 0.1111110002
23096  -24.877  -2.162  43.649 0.1111110002
23436  -24.099  -1.282  43.895 0.1111110002
23438  -26.027  -1.230  43.367 0.1111110002
50666  -26.845  -0.731  43.106 0.3333329856
23772  -23.740  -0.658  43.928 0.6666669846
23774  -25.513  -0.638  43.479 0.2222220004
23776  -26.781  -0.034  43.050 0.6666669846
24114  -27.385  0.607  42.856 0.7777780294
47668  -27.886  1.345  42.755 0.7777780294
25516  -36.736  4.809  39.617 0.2222220004
25849  -36.064  5.895  39.768 0.6666669846
25850  -36.829  5.499  39.494 0.2222220004
57062  -23.730  0.290  43.701 0.7777780294
25170  -28.585  3.001  42.734 1.0000000000
24828  -29.082  2.361  42.819 1.0000000000
24469  -24.053  0.666  43.488 0.7777780294
25171  -29.470  3.078  42.831 1.0000000000
26171  -35.402  6.525  39.806 0.6666669846
24474  -24.551  1.253  43.125 0.7777780294
25503  -29.856  3.781  42.761 1.0000000000
26518  -34.809  7.003  39.865 0.7777780294
26522  -36.283  7.037  39.027 0.8888890147
26520  -36.781  6.313  39.218 0.5555559993
25502  -29.542  4.371  42.644 1.0000000000
52228  -30.640  4.841  42.491 1.0000000000
58251  -35.245  6.993  39.643 0.7777780294
57261  -36.053  6.570  39.475 0.6666669846
25834  -29.925  4.841  42.552 1.0000000000
26847  -35.102  7.399  39.460 0.8888890147
26519  -35.630  7.042  39.409 0.8888890147
24833  -25.138  2.434  42.485 0.8888890147
55850  -24.352  3.749  42.012 0.7777780294
25175  -25.192  3.306  42.121 0.8888890147
56545  -32.464  7.495  40.916 0.8888890147
25499  -26.047  3.785  42.034 0.8888890147
25827  -22.932  5.339  42.149 0.5555559993
25828  -24.046  5.116  41.727 0.5555559993
51829  -25.014  4.298  41.774 0.6666669846
25830  -26.000  4.674  41.763 0.6666669846
25829  -25.144  5.286  41.513 0.6666669846
23773  -24.638  -0.659  43.728 0.6666669846
56265  -25.999  -0.009  43.240 0.7777780294
24110  -25.169  -0.020  43.456 0.6666669846
24113  -26.571  0.601  42.995 0.7777780294
24112  -25.732  0.604  43.129 0.7777780294
24477  -27.122  1.150  42.821 1.0000000000
25851  -37.458  4.970  39.191 0.3333329856
51007  -24.238  0.018  43.686 0.7777780294
24827  -28.286  2.128  42.735 1.0000000000
24476  -26.376  1.344  42.845 0.7777780294
24826  -27.337  1.899  42.706 1.0000000000
48567  -27.846  2.590  42.657 1.0000000000
26172  -37.447  5.759  39.055 0.4444440007
26174  -37.522  6.387  38.730 0.4444440007
24470  -24.869  0.613  43.343 0.7777780294
26175  -37.976  5.934  38.605 0.4444440007
24824  -25.035  1.764  42.827 0.7777780294
24475  -25.405  1.234  43.005 0.7777780294
24825  -26.575  2.117  42.649 0.8888890147
26523  -37.047  6.961  38.663 0.6666669846
26525  -38.008  6.422  38.341 0.4444440007
24834  -25.795  1.929  42.698 0.8888890147
25825  -28.841  4.440  42.536 1.0000000000
25495  -29.125  3.753  42.723 1.0000000000
26851  -36.514  7.661  38.402 0.8888890147
26852  -37.325  7.419  38.116 0.6666669846
26524  -37.705  6.877  38.287 0.4444440007
26850  -35.607  7.689  38.925 0.8888890147
26527  -37.879  7.251  37.856 0.4444440007
25176  -26.142  2.790  42.371 0.8888890147
25833  -29.312  5.034  42.453 0.8888890147
26849  -34.909  7.936  39.207 0.8888890147
27200  -35.825  8.302  38.282 0.8888890147
26854  -37.017  7.998  37.795 0.8888890147
50470  -29.956  5.573  42.356 0.8888890147
26842  -33.569  7.813  40.138 1.0000000000
27195  -34.450  8.345  39.236 0.8888890147
27199  -34.988  8.508  38.700 0.8888890147
27201  -36.430  8.252  37.936 0.8888890147
48563  -26.831  4.289  42.058 0.8888890147
25831  -27.520  4.865  42.081 0.8888890147
26158  -30.216  6.389  42.069 0.8888890147
26159  -30.980  6.659  41.851 0.8888890147
26841  -32.848  7.946  40.465 0.8888890147
27194  -33.745  8.526  39.579 0.8888890147
27203  -35.363  9.004  38.012 0.8888890147
54875  -26.710  4.971  41.833 0.6666669846
26155  -26.997  5.566  41.693 0.8888890147
26836  -31.072  7.853  41.313 0.8888890147
26837  -31.785  7.690  41.138 0.8888890147
26845  -33.136  8.376  40.024 0.7777780294
27204  -36.053  8.762  37.701 0.7777780294
48946  -26.106  5.485  41.553 0.6666669846
26839  -31.448  8.395  40.913 0.8888890147
26840  -32.165  8.177  40.703 0.8888890147
27189  -32.553  8.620  40.234 0.7777780294
27198  -34.184  8.980  38.937 0.8888890147
27193  -32.983  8.993  39.739 0.7777780294
27530  -33.440  9.361  39.187 0.7777780294
27535  -34.613  9.357  38.300 0.8888890147
27181  -31.159  9.082  40.610 0.7777780294
27188  -31.870  8.867  40.445 0.7777780294
27534  -33.857  9.758  38.554 0.7777780294
27538  -35.011  9.739  37.638 0.7777780294
27539  -35.688  9.388  37.391 0.8888890147
27525  -31.584  9.545  40.145 0.5555559993
27192  -32.288  9.306  39.949 0.7777780294
27529  -32.711  9.719  39.409 0.6666669846
27533  -33.115  10.121  38.804 0.7777780294
27537  -34.271  10.144  37.877 0.6666669846
27528  -31.984  10.008  39.614 0.6666669846
27898  -33.498  10.546  38.117 0.5555559993
27903  -34.720  10.503  37.192 0.6666669846
27894  -32.392  10.428  39.034 0.5555559993
27897  -32.754  10.849  38.397 0.3333329856
27902  -33.952  10.978  37.388 0.5555559993
27901  -33.092  11.462  37.640 0.4444440007
27906  -34.508  11.325  36.695 0.5555559993
25853  -37.907  5.401  38.813 0.3333329856
25168  -27.124  2.683  42.576 1.0000000000
26176  -38.431  6.113  38.116 0.4444440007
25494  -28.370  3.826  42.585 1.0000000000
25169  -27.770  3.263  42.567 1.0000000000
26528  -38.307  6.776  37.840 0.4444440007
25177  -26.949  3.460  42.315 1.0000000000
25500  -27.625  4.022  42.338 1.0000000000
26855  -37.671  7.747  37.560 0.7777780294
25501  -28.174  4.466  42.384 0.8888890147
55343  -29.573  6.238  42.111 0.8888890147
27206  -37.360  8.331  37.184 0.8888890147
25832  -28.441  5.173  42.234 0.8888890147
48224  -29.098  5.772  42.189 0.8888890147
55280  -30.819  7.337  41.600 0.8888890147
55273  -27.751  5.576  41.913 0.7777780294
26502  -30.277  7.124  41.771 0.8888890147
27209  -36.976  8.946  36.807 0.8888890147
26163  -26.345  6.330  41.272 0.4444440007
27208  -36.298  9.113  37.088 0.7777780294
26835  -30.363  7.820  41.451 0.7777780294
27542  -35.982  9.691  36.862 0.7777780294
27180  -30.598  8.592  41.048 0.7777780294
27541  -35.422  10.067  36.991 0.7777780294
27187  -30.538  9.289  40.658 0.5555559993
27524  -30.893  9.718  40.292 0.5555559993
27907  -35.211  10.814  36.538 0.7777780294
27893  -30.916  10.710  39.540 0.4444440007
27527  -31.267  10.189  39.815 0.5555559993
56526  -32.133  11.036  38.649 0.4444440007
28247  -31.593  10.750  39.176 0.3333329856
28257  -32.342  11.545  38.103 0.1111110002
55365  -32.540  12.074  37.588 0.1111110002
28263  -33.739  11.987  36.840 0.3333329856
28261  -32.994  12.398  37.147 0.1111110002
25854  -38.386  5.475  38.374 0.2222220004
26178  -38.799  6.362  37.616 0.4444440007
26856  -38.281  7.411  37.339 0.8888890147
26858  -38.046  8.057  36.917 0.8888890147
26156  -28.304  6.041  41.900 0.7777780294
26157  -28.945  6.534  41.890 0.8888890147
27210  -37.686  8.730  36.508 0.8888890147
26501  -29.608  6.876  41.875 0.8888890147
26506  -27.011  7.024  41.112 0.6666669846
26164  -27.439  6.231  41.544 0.6666669846
26834  -29.659  7.600  41.573 0.7777780294
26833  -27.549  7.722  40.985 0.4444440007
49332  -29.748  8.359  41.229 0.6666669846
27517  -29.822  9.181  40.807 0.6666669846
27523  -30.202  9.800  40.390 0.5555559993
27887  -30.569  10.304  39.965 0.5555559993
28246  -30.870  11.281  39.042 0.1111110002
28256  -31.541  11.579  38.427 0.1111110002
28584  -31.206  12.448  37.895 0.1111110002
28260  -31.928  12.211  37.743 0.1111110002
28595  -33.996  12.894  36.319 0.3333329856
28264  -34.488  12.178  36.230 0.4444440007
25856  -38.968  5.657  37.731 0.2222220004
26179  -39.289  6.273  37.125 0.1111110002
26530  -38.897  6.949  37.125 0.5555559993
26531  -39.507  6.854  36.579 0.1111110002
26859  -38.796  7.698  36.611 0.7777780294
27211  -38.408  8.469  36.203 0.8888890147
26507  -28.095  6.934  41.479 0.6666669846
26508  -28.949  7.290  41.590 0.7777780294
58174  -28.358  7.692  41.258 0.5555559993
48616  -28.990  8.042  41.270 0.6666669846
27544  -37.276  9.462  36.136 0.8888890147
27214  -38.035  9.236  35.805 0.8888890147
27886  -29.863  10.372  40.043 0.3333329856
25857  -39.621  5.576  37.063 0.1111110002
26181  -39.892  6.214  36.533 0.1111110002
58016  -39.195  7.256  36.616 0.5555559993
26182  -40.527  6.148  36.019 0.1111110002
26860  -39.546  7.545  36.100 0.2222220004
26863  -39.112  8.243  35.867 0.7777780294
27549  -37.649  10.150  35.404 1.0000000000
27550  -38.452  9.766  35.139 1.0000000000
52609  -40.828  6.624  35.562 0.1111110002
26532  -40.199  6.908  35.929 0.2222220004
26864  -39.684  8.127  35.528 0.4444440007
27216  -39.440  8.727  35.228 0.6666669846
27218  -39.158  9.478  34.878 1.0000000000
27215  -38.764  8.966  35.509 1.0000000000
27554  -38.911  10.301  34.563 1.0000000000
26536  -41.430  6.704  35.052 0.1111110002
49480  -40.829  7.260  35.222 0.2222220004
26535  -40.199  7.719  35.424 0.2222220004
26868  -40.798  8.073  34.733 0.2222220004
26867  -40.086  8.449  34.995 0.5555559993
27220  -40.514  8.902  34.401 0.5555559993
27219  -39.839  9.201  34.639 0.8888890147
27555  -39.596  10.023  34.327 1.0000000000
57200  -38.697  11.044  34.415 1.0000000000
55379  -38.809  11.933  34.196 1.0000000000
26537  -41.453  7.543  34.584 0.2222220004
57542  -41.308  8.094  34.363 0.3333329856
27221  -41.157  8.608  34.138 0.2222220004
27556  -40.263  9.717  34.096 0.7777780294
27558  -40.052  10.495  33.888 1.0000000000
27916  -39.418  11.020  34.067 1.0000000000
28272  -39.318  12.783  33.861 1.0000000000
58110  -41.910  7.016  34.523 0.1111110002
26869  -41.779  8.165  33.956 0.2222220004
27224  -40.923  9.411  33.821 0.5555559993
27559  -40.673  10.308  33.573 0.7777780294
27917  -39.588  11.948  33.803 1.0000000000
28608  -39.822  13.500  33.564 1.0000000000
28911  -39.563  14.355  33.720 0.7777780294
28607  -39.082  13.704  33.944 0.8888890147
29231  -39.237  15.115  33.941 0.4444440007
26870  -42.033  7.493  34.160 0.1111110002
27225  -41.598  9.045  33.553 0.4444440007
27560  -41.369  9.937  33.243 0.7777780294
27918  -40.336  11.422  33.460 1.0000000000
27920  -41.075  11.744  32.931 0.8888890147
27562  -41.141  10.881  33.019 0.8888890147
28274  -40.057  12.566  33.463 1.0000000000
28611  -40.568  13.312  33.128 1.0000000000
28912  -40.332  14.246  33.294 0.7777780294
29229  -39.638  15.843  33.815 0.3333329856
56552  -40.542  15.007  33.224 0.3333329856
48780  -40.357  15.706  33.399 0.2222220004
26538  -42.420  6.983  34.083 0.1111110002
27226  -42.294  8.649  33.250 0.3333329856
27228  -42.065  9.532  32.919 0.4444440007
27921  -41.713  11.474  32.531 0.7777780294
27923  -42.363  12.224  32.000 0.7777780294
28280  -43.112  12.470  31.520 0.6666669846
28275  -40.740  12.421  33.060 1.0000000000
57150  -40.992  12.955  32.859 1.0000000000
28277  -41.434  12.525  32.585 1.0000000000
28614  -42.005  13.307  32.159 1.0000000000
28615  -42.778  13.186  31.688 0.7777780294
28616  -43.445  13.120  31.224 0.7777780294
57650  -40.801  13.914  32.995 0.8888890147
28612  -41.234  13.549  32.695 1.0000000000
28918  -42.544  14.059  31.858 1.0000000000
53272  -43.210  13.891  31.396 1.0000000000
28914  -41.059  14.525  32.868 0.8888890147
28915  -41.812  14.268  32.348 1.0000000000
28916  -42.379  14.937  32.025 1.0000000000
28919  -43.077  14.706  31.556 1.0000000000
29535  -40.827  16.243  33.128 0.2222220004
29234  -40.999  15.458  32.979 0.4444440007
29235  -41.669  15.179  32.523 0.6666669846
29539  -41.502  16.034  32.675 0.3333329856
29238  -42.940  15.541  31.689 0.8888890147
51945  -41.987  16.717  32.299 0.5555559993
29236  -42.222  15.804  32.182 0.5555559993
26871  -42.555  7.747  33.587 0.1111110002
27229  -42.753  9.136  32.594 0.2222220004
27563  -41.875  10.471  32.667 0.4444440007
27922  -42.470  11.025  32.103 0.7777780294
27924  -43.155  11.584  31.613 0.6666669846
28281  -43.831  12.212  31.101 0.6666669846
28618  -44.065  13.160  30.751 0.7777780294
53682  -43.724  13.747  31.004 0.8888890147
28922  -44.176  14.039  30.571 0.8888890147
28923  -44.792  14.442  29.906 0.8888890147
28920  -43.691  14.455  31.081 0.8888890147
29241  -44.207  14.974  30.634 0.7777780294
29239  -43.610  15.282  31.202 0.7777780294
29543  -43.477  16.089  31.298 0.8888890147
29860  -42.637  17.163  31.749 0.5555559993
29542  -42.779  16.367  31.772 0.7777780294
51609  -43.328  16.848  31.320 0.7777780294
26540  -43.044  7.010  33.547 0.1111110002
26874  -43.014  8.302  32.881 0.1111110002
27564  -42.585  10.016  32.319 0.3333329856
27231  -43.157  9.558  32.040 0.3333329856
27566  -43.296  10.445  31.735 0.3333329856
27925  -43.889  11.135  31.255 0.3333329856
27928  -44.496  11.527  30.759 0.3333329856
28283  -44.549  12.425  30.471 0.6666669846
28619  -44.612  13.342  30.125 0.7777780294
28285  -45.103  11.712  30.230 0.3333329856
28284  -45.114  12.525  29.832 0.5555559993
28621  -45.206  13.406  29.476 0.7777780294
29242  -44.751  15.671  30.161 0.7777780294
29546  -44.111  15.843  30.806 0.8888890147
30179  -43.179  17.553  31.256 0.6666669846
29544  -43.976  16.589  30.896 0.7777780294
29862  -44.481  17.033  30.447 0.6666669846
29861  -43.823  17.297  30.878 0.6666669846
30184  -44.222  17.839  30.406 0.6666669846
27230  -43.475  8.829  32.251 0.2222220004
26879  -44.249  8.607  31.885 0.1111110002
27567  -44.018  10.338  31.320 0.3333329856
27571  -44.517  10.701  30.976 0.3333329856
27233  -44.763  9.159  31.405 0.2222220004
27572  -45.045  10.324  30.837 0.3333329856
27929  -45.069  10.947  30.551 0.3333329856
27933  -45.790  11.719  29.662 0.3333329856
28286  -45.631  12.590  29.308 0.5555559993
29244  -45.335  15.222  29.461 0.7777780294
28925  -45.462  14.247  29.149 0.8888890147
28622  -45.871  13.227  28.830 0.7777780294
28926  -45.946  14.105  28.625 0.7777780294
29550  -45.773  15.757  29.051 0.7777780294
29245  -45.857  14.909  28.840 0.7777780294
29547  -44.480  16.355  30.515 0.7777780294
29549  -45.326  16.141  29.627 0.7777780294
29548  -44.897  16.554  30.113 0.7777780294
52692  -45.722  16.543  29.088 0.7777780294
56687  -44.886  17.025  30.080 0.7777780294
29863  -45.250  16.988  29.660 0.7777780294
30185  -44.817  17.474  30.008 0.7777780294
30189  -45.177  17.754  29.438 0.7777780294
29866  -45.643  17.319  28.964 0.7777780294
30500  -45.013  18.474  29.208 0.5555559993
30191  -45.506  18.081  28.778 0.5555559993
30503  -45.341  18.873  28.466 0.5555559993
30194  -45.797  18.349  28.173 0.5555559993
27232  -43.921  9.540  31.665 0.3333329856
27568  -44.593  9.949  31.188 0.3333329856
27235  -45.307  9.679  30.977 0.3333329856
27573  -45.704  10.350  30.499 0.3333329856
27236  -46.062  9.496  30.678 0.2222220004
27930  -45.593  11.115  30.183 0.3333329856
27931  -46.216  10.823  29.952 0.2222220004
27574  -46.501  10.034  30.227 0.2222220004
27934  -46.627  11.249  29.378 0.2222220004
27578  -46.966  10.459  29.730 0.2222220004
28287  -46.331  12.146  28.998 0.3333329856
27935  -47.398  10.863  29.198 0.2222220004
55971  -46.823  12.117  28.670 0.4444440007
28290  -47.281  12.099  28.331 0.3333329856
28624  -46.586  12.656  28.476 0.6666669846
28928  -46.362  13.531  28.266 0.6666669846
29247  -46.179  15.470  28.449 0.7777780294
28931  -46.341  14.515  28.163 0.7777780294
29551  -46.068  16.149  28.649 0.7777780294
29867  -46.133  16.825  28.383 0.7777780294
30192  -45.967  17.681  28.266 0.6666669846
30846  -44.999  19.529  28.461 0.5555559993
30195  -46.302  18.194  27.553 0.6666669846
30848  -44.843  20.111  28.150 0.1111110002
30849  -45.434  19.621  27.842 0.3333329856
30505  -45.900  18.920  27.779 0.5555559993
30506  -46.390  18.968  27.151 0.6666669846
28291  -48.093  11.697  28.061 0.2222220004
27939  -48.504  10.953  28.430 0.1111110002
28625  -46.974  12.978  27.943 0.5555559993
28929  -46.716  13.760  27.767 0.6666669846
29249  -46.650  15.307  27.807 0.7777780294
28932  -46.859  14.430  27.413 0.7777780294
29553  -46.442  16.083  28.120 0.7777780294
51214  -46.602  16.638  27.770 0.7777780294
29869  -46.468  17.323  27.698 0.6666669846
57994  -46.833  17.714  27.119 0.7777780294
30850  -45.981  19.440  27.344 0.5555559993
29873  -46.925  18.433  26.777 0.7777780294
52339  -47.437  17.711  26.461 0.7777780294
30853  -45.765  20.041  27.123 0.3333329856
30854  -46.384  19.640  26.804 0.5555559993
57112  -47.387  18.365  26.319 0.7777780294
28293  -47.668  12.488  27.650 0.4444440007
27943  -48.823  11.327  27.802 0.2222220004
28628  -47.271  13.411  27.164 0.4444440007
29250  -47.158  15.237  27.116 0.5555559993
29554  -46.940  16.043  27.504 0.7777780294
29870  -47.084  16.898  27.126 0.7777780294
29557  -47.496  16.033  26.855 0.7777780294
29874  -47.786  16.773  26.405 0.7777780294
30198  -47.901  18.394  25.850 0.7777780294
30855  -47.050  19.738  26.134 0.7777780294
30510  -47.321  18.900  26.236 0.7777780294
31185  -46.198  20.453  26.380 0.4444440007
51747  -47.778  19.263  25.673 0.7777780294
28294  -48.414  12.075  27.390 0.3333329856
28629  -48.006  12.779  27.022 0.4444440007
28934  -47.362  14.366  26.646 0.5555559993
29558  -48.068  15.974  26.247 0.5555559993
30199  -48.289  17.393  25.780 0.6666669846
30512  -48.319  18.881  25.299 0.7777780294
30857  -46.930  20.567  25.633 0.4444440007
30858  -47.655  20.035  25.351 0.7777780294
28297  -48.717  12.546  26.678 0.3333329856
28631  -48.074  13.514  26.333 0.4444440007
28935  -47.974  14.516  26.142 0.4444440007
29252  -47.723  15.223  26.491 0.5555559993
29253  -48.324  15.217  25.938 0.5555559993
29875  -48.340  16.577  25.941 0.5555559993
29877  -48.864  16.708  25.492 0.5555559993
30200  -49.001  17.373  25.216 0.5555559993
30202  -48.744  18.176  25.171 0.6666669846
31191  -47.485  20.758  24.920 0.2222220004
30859  -48.286  19.528  25.047 0.7777780294
31190  -46.787  21.183  25.141 0.2222220004
31197  -48.948  21.013  23.054 0.7777780294
31546  -49.280  21.336  22.320 0.7777780294
28633  -49.211  13.178  25.926 0.4444440007
28937  -48.761  14.341  25.747 0.4444440007
29559  -48.637  15.974  25.724 0.4444440007
29256  -49.572  15.368  25.070 0.4444440007
29560  -49.246  16.034  25.245 0.4444440007
29562  -49.855  16.007  24.795 0.4444440007
53640  -49.543  16.813  24.923 0.4444440007
29879  -49.984  17.185  24.480 0.4444440007
30203  -49.527  17.719  24.701 0.5555559993
31538  -47.194  21.375  24.489 0.3333329856
30861  -48.257  20.258  24.572 0.7777780294
30862  -48.732  19.652  24.536 0.7777780294
31540  -46.794  21.910  24.078 0.2222220004
31193  -47.918  21.019  24.185 0.6666669846
31194  -48.619  20.682  23.792 0.7777780294
31195  -49.261  20.370  23.362 0.7777780294
31885  -49.194  22.296  21.268 0.6666669846
57263  -49.362  14.750  25.310 0.4444440007
52880  -50.189  16.571  24.437 0.4444440007
30204  -50.104  17.641  24.218 0.5555559993
30514  -48.872  18.999  24.757 0.7777780294
52729  -49.290  18.419  24.620 0.7777780294
30515  -49.397  18.839  24.306 0.7777780294
30863  -49.218  19.392  24.195 0.7777780294
30518  -49.750  19.053  23.833 0.7777780294
30866  -49.534  19.715  23.613 0.7777780294
30865  -48.952  20.024  24.029 0.7777780294
31199  -50.243  20.362  22.265 0.7777780294
31201  -49.960  21.049  21.941 0.7777780294
31549  -49.631  21.707  21.581 0.7777780294
31889  -49.358  22.768  20.581 0.4444440007
29258  -50.072  15.379  24.710 0.4444440007
29563  -50.423  15.827  24.369 0.4444440007
29566  -50.802  16.419  24.008 0.4444440007
29880  -50.475  17.119  24.069 0.4444440007
30516  -49.870  18.316  24.129 0.6666669846
30519  -50.326  18.650  23.455 0.5555559993
30867  -50.100  19.359  23.217 0.7777780294
30872  -50.954  19.955  21.865 0.7777780294
31202  -50.630  20.727  21.581 0.7777780294
31550  -50.359  21.421  21.215 0.7777780294
31552  -50.026  22.188  20.737 0.7777780294
29882  -51.087  17.031  23.576 0.5555559993
30206  -50.599  17.819  23.658 0.5555559993
30209  -50.958  18.332  23.019 0.5555559993
32206  -49.445  23.166  20.013 0.4444440007
31891  -49.973  22.838  20.039 0.5555559993
32210  -49.212  23.672  19.509 0.4444440007
29567  -51.445  16.276  23.567 0.3333329856
30207  -51.310  17.623  23.082 0.5555559993
30522  -51.231  18.749  22.439 0.6666669846
30524  -50.965  19.316  22.304 0.6666669846
31203  -51.199  20.454  21.247 0.6666669846
31205  -51.051  21.066  20.921 0.7777780294
31553  -50.834  21.749  20.503 0.7777780294
31892  -50.732  22.445  19.864 0.7777780294
30210  -51.544  18.123  22.561 0.6666669846
30525  -51.529  19.198  21.810 0.6666669846
30873  -51.617  19.894  21.225 0.6666669846
31554  -51.488  21.365  20.273 0.7777780294
31556  -51.284  21.931  19.939 0.7777780294
32211  -49.816  23.301  19.600 0.6666669846
32212  -50.395  23.127  19.378 0.6666669846
29884  -52.298  16.529  22.674 0.3333329856
29883  -51.788  16.902  23.024 0.4444440007
29887  -52.283  17.142  22.348 0.3333329856
29886  -51.831  17.548  22.625 0.5555559993
30212  -51.715  18.532  22.090 0.6666669846
30213  -52.127  17.944  22.031 0.5555559993
30526  -52.097  18.645  21.574 0.6666669846
30528  -52.073  19.267  21.127 0.6666669846
31206  -51.740  20.597  20.639 0.6666669846
30875  -52.211  19.879  20.674 0.6666669846
31209  -52.124  21.063  19.941 0.6666669846
31557  -51.833  21.712  19.637 0.7777780294
32554  -49.398  24.330  18.606 0.4444440007
32213  -49.996  23.699  19.020 0.5555559993
31894  -51.092  22.931  19.054 0.7777780294
29890  -52.760  17.418  21.530 0.4444440007
52650  -52.556  19.330  20.663 0.6666669846
31207  -52.434  20.396  20.147 0.6666669846
32555  -50.336  24.185  18.285 0.5555559993
48114  -51.484  22.324  19.364 0.7777780294
32214  -50.732  23.556  18.686 0.5555559993
30215  -52.512  18.177  21.387 0.4444440007
52856  -53.240  16.647  21.290 0.4444440007
30529  -52.557  18.754  20.976 0.6666669846
30876  -52.775  19.754  20.205 0.6666669846
30877  -52.921  20.222  19.771 0.5555559993
31210  -52.717  20.794  19.576 0.6666669846
31558  -52.439  21.441  19.295 0.7777780294
31895  -51.778  22.761  18.679 0.7777780294
31560  -52.125  22.100  18.963 0.7777780294
30878  -53.333  19.672  19.612 0.5555559993
30533  -54.071  18.594  19.182 0.3333329856
31213  -53.014  21.131  18.965 0.6666669846
31561  -52.740  21.797  18.637 0.7777780294
30535  -53.821  19.315  19.202 0.4444440007
31211  -53.244  20.447  19.247 0.6666669846
30536  -54.212  19.313  18.641 0.3333329856
31562  -53.297  21.463  18.342 0.7777780294
30880  -53.793  20.007  18.834 0.5555559993
31214  -53.541  20.789  18.621 0.6666669846
31217  -53.803  21.116  17.991 0.6666669846
31566  -54.065  21.435  17.335 0.5555559993
30881  -54.299  19.953  18.159 0.4444440007
31215  -53.964  20.504  18.253 0.4444440007
31218  -54.324  20.627  17.613 0.5555559993
31198  -49.599  20.703  22.659 0.7777780294
31548  -48.922  21.921  21.971 0.7777780294
30869  -49.868  20.037  22.956 0.7777780294
30521  -50.676  19.016  22.843 0.7777780294
30870  -50.452  19.667  22.566 0.7777780294
22736  -17.296  -3.502  46.469 0.5555559993
22737  -18.136  -3.194  46.203 0.5555559993
54655  -10.085  -3.347  47.478 0.4444440007
23062  -8.602  -1.764  47.651 0.5555559993
54810  -9.645  -2.231  47.747 0.5555559993
23408  -9.711  -1.039  48.047 0.5555559993
23409  -11.294  -1.470  47.740 0.5555559993
23764  -19.233  -0.699  45.223 0.7777780294
58133  -17.903  1.074  45.059 0.5555559993
55791  -35.225  3.818  40.337 0.2222220004
57590  -33.844  4.580  41.183 0.4444440007
25508  -32.842  4.215  41.836 0.7777780294
57579  -20.979  0.248  44.242 0.8888890147
47966  -27.555  -1.010  42.969 0.2222220004
57418  -23.655  1.296  43.226 0.7777780294
26509  -31.407  7.199  41.505 0.8888890147
57386  -26.227  -0.529  43.255 0.4444440007
56805  -30.116  4.356  42.647 1.0000000000
26846  -34.385  7.733  39.686 0.8888890147
27205  -36.694  8.555  37.428 0.8888890147
55053  -33.418  12.835  36.712 0.1111110002
27522  -29.485  9.857  40.403 0.5555559993
27892  -30.205  10.950  39.541 0.3333329856
25858  -40.232  5.529  36.489 0.1111110002
27553  -38.241  10.580  34.798 1.0000000000
27915  -38.132  11.399  34.577 1.0000000000
28908  -38.944  14.459  34.033 0.8888890147
29232  -39.947  15.055  33.564 0.5555559993
29538  -41.240  16.760  32.827 0.2222220004
28288  -47.051  11.614  28.872 0.2222220004
27938  -47.771  11.289  28.667 0.2222220004
30509  -46.821  19.144  26.623 0.7777780294
31188  -46.224  21.114  25.711 0.3333329856
28295  -49.162  11.708  27.110 0.2222220004
31545  -48.592  21.611  22.686 0.7777780294
28298  -49.517  12.160  26.390 0.3333329856
29255  -48.972  15.280  25.485 0.4444440007
28940  -49.914  14.749  24.945 0.4444440007
30216  -52.978  18.144  20.814 0.5555559993
30530  -53.073  18.973  20.289 0.5555559993
23070  -7.350  -2.756  47.078 0.2222220004
23414  -7.860  -1.745  47.398 0.3333329856
23407  -8.926  -1.050  47.937 0.4444440007
23746  -9.336  -0.225  48.220 0.4444440007
23745  -8.324  -0.386  47.912 0.3333329856
24085  -7.980  0.468  47.965 0.3333329856
24084  -7.233  0.661  47.657 0.2222220004
48954  -8.381  1.008  48.187 0.3333329856
24086  -8.745  0.452  48.231 0.3333329856
24088  -10.672  0.738  48.437 0.3333329856
56551  -10.086  0.248  48.384 0.4444440007
24442  -7.784  1.235  47.982 0.3333329856
24087  -9.494  0.658  48.415 0.3333329856
47774  -8.997  1.212  48.361 0.2222220004
56904  -9.731  1.393  48.486 0.2222220004
47773  -10.449  1.428  48.529 0.1111110002
24449  -6.516  0.877  47.291 0.2222220004
24089  -11.388  0.616  48.260 0.3333329856
47772  -11.173  1.375  48.451 0.1111110002
47691  -11.987  1.316  48.217 0.1111110002
24443  -8.419  1.691  48.210 0.2222220004
24798  -9.235  2.096  48.367 0.2222220004
48355  -10.119  2.098  48.485 0.2222220004
47546  -6.363  1.661  47.286 0.2222220004
24090  -12.003  0.503  48.022 0.3333329856
48353  -11.608  2.069  48.436 0.2222220004
48354  -10.879  2.088  48.510 0.1111110002
51306  -11.995  2.748  48.350 0.1111110002
24091  -12.617  0.769  47.811 0.1111110002
24450  -13.331  1.037  47.480 0.3333329856
24444  -12.825  1.758  47.950 0.1111110002
57632  -12.227  2.112  48.272 0.2222220004
50821  -10.568  2.785  48.435 0.2222220004
24799  -12.664  2.658  48.164 0.1111110002
23750  -13.196  0.052  47.361 0.4444440007
24800  -13.360  2.553  47.833 0.1111110002
24445  -13.538  1.841  47.575 0.2222220004
24804  -14.029  2.064  47.308 0.3333329856
50820  -11.302  2.773  48.444 0.1111110002
58576  -13.709  2.288  47.584 0.1111110002
24451  -13.996  1.306  47.165 0.3333329856
24452  -14.629  1.685  46.822 0.4444440007
24457  -15.267  1.655  46.408 0.3333329856
25149  -13.079  3.355  47.990 0.1111110002
25154  -13.693  3.281  47.694 0.1111110002
57797  -13.910  2.674  47.503 0.1111110002
24805  -14.424  2.558  47.080 0.1111110002
25155  -14.231  3.272  47.323 0.1111110002
25158  -14.810  3.214  46.879 0.1111110002
24810  -15.020  2.390  46.614 0.1111110002
24458  -15.659  2.136  46.136 0.1111110002
24811  -15.400  3.058  46.341 0.1111110002
24812  -16.073  2.849  45.852 0.2222220004
24459  -16.436  1.856  45.726 0.5555559993
25160  -16.494  3.601  45.594 0.1111110002
24461  -17.313  1.585  45.225 0.5555559993
24813  -16.803  2.644  45.371 0.5555559993
24814  -17.575  2.545  44.887 0.3333329856
25162  -17.848  3.421  44.669 0.2222220004
25487  -17.513  4.114  44.932 0.1111110002
25489  -18.109  4.281  44.536 0.1111110002
24465  -19.025  1.897  44.235 0.4444440007
25163  -18.561  3.512  44.223 0.3333329856
24816  -19.102  2.786  44.014 0.3333329856
25164  -19.324  3.605  43.871 0.3333329856
25490  -18.863  4.373  44.095 0.2222220004
24818  -19.745  2.968  43.748 0.4444440007
25492  -20.490  4.422  43.341 0.3333329856
52069  -20.685  5.207  43.260 0.2222220004
48439  -21.598  6.521  42.966 0.2222220004
25824  -21.982  5.533  42.639 0.3333329856
26151  -22.420  6.378  42.466 0.3333329856
26149  -22.839  7.225  42.407 0.3333329856
49526  -23.327  6.226  41.935 0.3333329856
26153  -24.323  6.127  41.511 0.3333329856
27543  -36.547  9.616  36.511 0.6666669846
27547  -35.971  10.349  36.327 0.6666669846
27548  -36.797  10.243  35.867 0.6666669846
27912  -37.692  10.925  34.930 0.8888890147
27911  -37.072  10.944  35.259 0.7777780294
27914  -37.426  11.632  34.802 0.7777780294
27910  -36.291  11.034  35.632 0.6666669846
28267  -36.649  11.777  35.111 0.7777780294
28271  -37.955  12.293  34.488 0.7777780294
55934  -35.638  11.120  35.984 0.6666669846
28270  -37.138  12.505  34.736 0.7777780294
27909  -35.069  11.583  36.064 0.5555559993
52239  -35.770  11.929  35.521 0.6666669846
28269  -36.318  12.685  35.009 0.6666669846
28599  -35.522  13.058  35.392 0.5555559993
28603  -37.691  13.248  34.497 0.7777780294
28266  -35.089  12.344  35.784 0.5555559993
28601  -36.173  13.495  35.007 0.4444440007
28602  -36.864  13.396  34.766 0.4444440007
28598  -34.703  13.015  35.858 0.4444440007
28905  -36.536  14.246  34.913 0.4444440007
27178  -28.147  8.438  40.826 0.3333329856
28604  -38.527  13.012  34.204 0.7777780294
27185  -28.418  9.254  40.525 0.3333329856
28907  -38.288  14.069  34.281 0.6666669846
28906  -37.387  14.170  34.611 0.4444440007
29227  -37.854  14.818  34.488 0.4444440007
27179  -29.045  8.797  40.925 0.3333329856
48635  -38.520  15.005  34.258 0.2222220004
27186  -29.108  9.411  40.635 0.3333329856
29228  -38.785  15.908  34.243 0.2222220004
29853  -40.285  17.356  33.396 0.1111110002
53422  -40.687  16.871  33.202 0.1111110002
30188  -44.687  18.142  29.822 0.4444440007
30502  -44.785  19.177  29.007 0.4444440007
30174  -40.468  18.005  33.071 0.1111110002
30496  -44.219  18.468  30.083 0.4444440007
29856  -41.469  17.280  32.574 0.1111110002
29857  -41.941  17.567  32.135 0.1111110002
31898  -52.000  23.194  18.098 0.6666669846
31896  -52.479  22.571  18.191 0.6666669846
31899  -53.170  22.649  17.453 0.6666669846
32219  -52.490  23.428  17.499 0.6666669846
32215  -51.421  23.377  18.375 0.6666669846
32220  -53.082  23.470  16.867 0.6666669846
31901  -53.627  22.893  16.687 0.6666669846
31905  -53.500  23.599  16.206 0.6666669846
31542  -48.261  21.314  23.431 0.5555559993
31564  -53.050  22.064  18.065 0.6666669846
32227  -53.859  23.705  15.508 0.6666669846
32218  -51.794  23.796  17.763 0.6666669846
32222  -52.644  23.984  16.905 0.6666669846
32223  -52.989  24.159  16.396 0.6666669846
32226  -53.331  24.313  15.737 0.6666669846
31907  -54.386  23.073  15.209 0.6666669846
32561  -52.138  24.200  17.154 0.6666669846
32217  -51.103  24.011  18.013 0.5555559993
31544  -47.851  21.881  23.013 0.5555559993
58335  -54.401  22.646  15.603 0.3333329856
32230  -54.161  23.805  14.806 0.6666669846
32559  -50.755  24.658  17.584 0.4444440007
53243  -51.485  24.450  17.373 0.5555559993
32564  -52.456  24.576  16.577 0.6666669846
32229  -53.665  24.385  15.065 0.6666669846
32558  -49.931  24.847  17.781 0.4444440007
32560  -51.853  24.878  16.777 0.6666669846
32880  -51.166  25.128  16.960 0.4444440007
30538  -54.662  19.321  18.014 0.1111110002
30223  -54.572  18.671  18.419 0.1111110002
29578  -53.703  16.650  20.541 0.2222220004
29893  -53.896  17.316  19.995 0.2222220004
30219  -54.095  17.843  19.475 0.2222220004
31568  -53.805  22.176  17.067 0.5555559993
31880  -48.187  22.147  22.255 0.3333329856
31910  -54.667  23.266  14.492 0.5555559993
32566  -52.793  24.853  15.965 0.6666669846
32563  -52.196  25.265  16.188 0.6666669846
32879  -50.401  25.353  17.123 0.4444440007
29891  -53.361  17.391  20.698 0.2222220004
30218  -53.594  18.176  20.025 0.2222220004
30532  -53.595  18.951  19.671 0.2222220004
32232  -54.427  23.894  14.108 0.6666669846
32889  -53.117  25.060  15.199 0.6666669846
32569  -53.936  24.432  14.421 0.6666669846
32883  -50.045  26.098  16.673 0.3333329856
32884  -50.821  25.847  16.544 0.4444440007
32885  -51.540  25.586  16.378 0.4444440007
32571  -54.102  24.492  13.730 0.4444440007
32888  -52.487  25.563  15.531 0.4444440007
32568  -53.520  24.881  14.657 0.6666669846
32238  -54.750  23.984  12.527 0.4444440007
32572  -54.197  24.538  12.968 0.4444440007
32891  -52.670  25.814  14.839 0.6666669846
32892  -53.161  25.425  14.450 0.6666669846
32893  -53.624  24.996  14.076 0.6666669846
32896  -53.700  25.071  13.368 0.5555559993
32899  -53.231  25.618  12.987 0.5555559993
33229  -52.101  26.257  15.089 0.4444440007
33234  -52.656  26.098  14.085 0.5555559993
32895  -53.208  25.571  13.730 0.5555559993
33232  -51.734  26.934  14.486 0.5555559993
33233  -52.276  26.344  14.534 0.5555559993
50095  -52.133  26.636  14.088 0.5555559993
33236  -51.693  27.165  13.715 0.3333329856
33544  -51.644  27.283  12.956 0.4444440007
33541  -51.121  27.617  13.909 0.4444440007
33543  -51.077  27.808  13.156 0.3333329856
31569  -54.291  21.769  16.661 0.4444440007
31902  -54.045  22.938  15.956 0.6666669846
31572  -54.480  22.177  15.962 0.4444440007
31220  -54.567  21.047  16.909 0.3333329856
31565  -53.546  21.829  17.719 0.6666669846
30183  -43.607  17.882  30.838 0.5555559993
27885  -29.132  10.408  40.021 0.1111110002
30178  -42.504  17.908  31.589 0.1111110002
57914  -7.572  -2.209  47.210 0.2222220004
23744  -7.431  -0.165  47.597 0.2222220004
24095  -6.656  0.059  47.259 0.2222220004
57296  -10.088  0.890  48.492 0.3333329856
24441  -7.062  1.474  47.663 0.2222220004
24815  -18.343  2.614  44.406 0.3333329856
25161  -17.161  3.449  45.112 0.2222220004
25815  -17.584  5.037  44.964 0.1111110002
25491  -19.658  4.408  43.712 0.3333329856
27177  -27.007  8.483  40.559 0.3333329856
29854  -40.905  17.377  32.959 0.1111110002
32878  -49.559  25.595  17.254 0.4444440007
33239  -52.724  26.139  13.284 0.5555559993
33237  -52.195  26.667  13.506 0.4444440007
31224  -54.810  21.380  16.227 0.3333329856
57737  -54.049  22.398  16.471 0.6666669846
22050  -14.016  -5.126  46.959 0.3333329856
21719  -13.684  -5.727  46.959 0.2222220004
21718  -12.952  -5.947  47.000 0.2222220004
21723  -14.534  -5.920  46.838 0.2222220004
22058  -17.752  -4.969  46.112 0.1111110002
22057  -16.972  -5.320  46.330 0.3333329856
22386  -17.949  -4.089  46.186 0.3333329856
22388  -18.523  -4.679  45.841 0.2222220004
23783  -30.129  -0.380  42.479 0.2222220004
23784  -30.878  -0.259  42.296 0.2222220004
54748  -30.493  -0.900  42.283 0.1111110002
24122  -31.414  0.574  42.311 0.2222220004
24123  -32.084  1.024  42.122 0.2222220004
24480  -31.688  1.495  42.399 0.3333329856
23785  -32.149  0.346  41.897 0.2222220004
24125  -32.770  1.032  41.699 0.2222220004
54765  -31.589  -0.306  41.978 0.2222220004
48578  -33.633  2.866  41.319 0.3333329856
25182  -34.019  3.396  41.054 0.2222220004
58344  -33.796  3.977  41.205 0.3333329856
25509  -33.388  4.212  41.477 0.3333329856
24481  -32.342  1.655  42.108 0.2222220004
24484  -33.318  1.572  41.422 0.2222220004
57390  -32.483  2.148  42.090 0.3333329856
24483  -32.902  2.005  41.798 0.2222220004
24839  -33.515  2.228  41.352 0.2222220004
24836  -32.056  2.200  42.317 0.3333329856
24837  -32.610  2.713  42.030 0.3333329856
24838  -33.190  2.661  41.648 0.3333329856
25178  -31.886  2.935  42.399 0.5555559993
25181  -33.237  3.457  41.598 0.3333329856
25179  -32.426  3.549  42.112 0.3333329856
22738  -18.855  -3.805  45.811 0.2222220004
57383  -16.441  -4.294  46.642 0.3333329856
22051  -14.758  -5.067  46.881 0.3333329856
47805  -8.239  -4.839  46.925 0.1111110002
57713  -8.729  -5.365  46.949 0.1111110002
21716  -11.291  -6.127  47.058 0.1111110002
21717  -12.067  -6.272  47.028 0.1111110002
22741  -19.537  -3.984  45.414 0.1111110002
22390  -19.808  -4.467  45.171 0.1111110002
22389  -19.222  -4.559  45.494 0.1111110002
55312  -15.413  -5.898  46.675 0.1111110002
21391  -15.992  -6.629  46.417 0.1111110002
21725  -16.848  -6.214  46.208 0.1111110002
22742  -19.624  -3.263  45.426 0.2222220004
21384  -12.867  -6.851  46.956 0.1111110002
21722  -13.692  -6.471  46.901 0.1111110002
57255  -15.060  -5.494  46.793 0.1111110002
22055  -15.532  -5.088  46.761 0.1111110002
47583  -16.342  -4.826  46.604 0.2222220004
31541  -47.534  21.620  23.770 0.2222220004
32574  -54.229  24.594  12.127 0.3333329856
31576  -55.306  22.077  14.753 0.2222220004
31908  -55.166  22.718  14.223 0.3333329856
32900  -53.705  25.120  12.592 0.3333329856
33242  -52.732  26.145  12.491 0.2222220004
56312  -53.207  25.621  12.290 0.2222220004
55817  -53.573  25.236  11.661 0.3333329856
31575  -54.744  22.400  15.305 0.2222220004
55841  -54.856  22.713  14.797 0.2222220004
32233  -54.959  23.321  13.779 0.3333329856
32235  -54.636  23.936  13.352 0.3333329856
22045  -9.751  -5.372  47.108 0.2222220004
47963  -10.715  -5.907  47.090 0.1111110002
22744  -21.347  -2.997  44.513 0.2222220004
22056  -16.187  -5.664  46.514 0.1111110002
22062  -18.353  -5.489  45.774 0.1111110002
51251  -35.978  -0.796  39.096 0.1111110002
23118  -35.059  -2.023  39.541 0.1111110002
24490  -35.853  1.481  39.421 0.1111110002
24133  -35.283  0.747  39.702 0.1111110002
23796  -35.654  -0.052  39.316 0.1111110002
24134  -36.009  0.700  39.135 0.1111110002
23455  -34.787  -1.198  39.770 0.1111110002
23795  -34.985  -0.209  39.767 0.1111110002
55240  -35.384  -0.741  39.447 0.1111110002
23115  -33.654  -2.270  40.372 0.1111110002
23452  -33.955  -1.364  40.292 0.1111110002
55417  -33.478  -2.993  40.455 0.1111110002
22775  -34.047  -2.987  40.051 0.1111110002
22776  -34.950  -2.977  39.602 0.1111110002
22772  -33.671  -3.654  40.367 0.1111110002
24845  -35.825  2.431  39.681 0.1111110002
24130  -34.561  0.421  40.201 0.1111110002
49803  -34.755  1.138  40.200 0.1111110002
23448  -31.754  -1.099  41.677 0.1111110002
54841  -33.883  0.243  40.668 0.1111110002
24129  -34.186  1.029  40.629 0.1111110002
57388  -31.946  -1.737  41.459 0.1111110002
23112  -32.428  -2.090  41.147 0.1111110002
23451  -33.111  -1.529  40.811 0.1111110002
23789  -33.259  0.125  41.090 0.1111110002
22771  -33.044  -3.449  40.725 0.1111110002
22414  -33.271  -4.152  40.650 0.1111110002
25190  -36.124  3.226  39.711 0.1111110002
24842  -34.998  2.499  40.283 0.1111110002
24489  -35.205  1.689  39.959 0.1111110002
24487  -34.541  1.770  40.503 0.1111110002
23445  -31.088  -1.003  42.014 0.1111110002
24126  -33.485  0.895  41.144 0.1111110002
24486  -33.879  1.678  41.005 0.1111110002
23787  -32.239  -0.441  41.580 0.1111110002
23788  -32.864  -0.574  41.146 0.1111110002
56847  -36.511  4.266  39.694 0.1111110002
25185  -35.936  3.908  39.955 0.1111110002
24843  -35.485  3.206  40.104 0.1111110002
25184  -34.754  3.284  40.588 0.1111110002
24841  -34.193  2.541  40.881 0.1111110002
23439  -26.847  -1.474  43.134 0.2222220004
28903  -35.733  14.076  35.219 0.2222220004
51605  -32.723  0.182  41.473 0.1111110002
57139  -33.063  0.563  41.368 0.1111110002
23456  -35.528  -1.452  39.336 0.1111110002
23799  -36.345  -0.054  38.882 0.1111110002
23117  -34.392  -2.141  39.911 0.1111110002
23792  -34.278  -0.447  40.225 0.1111110002
23791  -33.550  -0.588  40.701 0.1111110002
22418  -34.369  -3.837  39.975 0.1111110002
22419  -35.198  -4.107  39.565 0.1111110002
23449  -32.382  -1.240  41.294 0.1111110002
23114  -33.004  -2.575  40.786 0.1111110002
49966  -27.445  -1.651  43.003 0.1111110002
30498  -43.916  19.038  29.963 0.2222220004
30499  -44.499  18.805  29.607 0.2222220004
30842  -44.198  19.488  29.387 0.2222220004
30182  -43.051  18.216  31.052 0.2222220004
52732  -43.638  18.500  30.506 0.1111110002
28942  -50.959  14.086  24.399 0.3333329856
31527  -43.600  22.030  27.400 0.1111110002
31183  -44.598  21.278  27.095 0.1111110002
31187  -45.411  21.280  26.249 0.1111110002
29259  -50.574  14.933  24.438 0.3333329856
32526  -42.405  25.435  28.000 0.1111110002
32182  -42.230  24.026  28.099 0.1111110002
53686  -42.490  24.724  27.800 0.1111110002
31860  -42.536  23.108  27.940 0.1111110002
31861  -42.991  22.962  27.375 0.1111110002
31529  -44.033  22.136  26.757 0.1111110002
32184  -42.648  23.861  27.538 0.1111110002
32185  -43.060  23.705  26.990 0.1111110002
31863  -43.476  22.838  26.828 0.1111110002
32187  -43.460  23.608  26.415 0.1111110002
31864  -43.949  22.712  26.243 0.1111110002
31866  -44.508  22.465  25.700 0.1111110002
31532  -45.077  21.886  25.817 0.1111110002
31533  -45.679  21.654  25.561 0.1111110002
32190  -43.925  23.484  25.672 0.1111110002
31867  -45.162  22.173  25.288 0.1111110002
31534  -46.229  21.520  25.240 0.1111110002
31536  -45.840  21.929  24.982 0.1111110002
32529  -43.048  25.220  26.826 0.1111110002
32527  -42.715  25.339  27.502 0.1111110002
53163  -43.168  24.347  26.730 0.1111110002
31871  -46.060  22.161  24.365 0.1111110002
31537  -46.507  21.687  24.732 0.1111110002
31869  -44.604  22.868  25.067 0.1111110002
32192  -44.237  23.777  24.883 0.1111110002
32193  -44.848  23.131  24.394 0.1111110002
31873  -45.553  22.681  24.031 0.1111110002
32195  -44.533  23.918  24.144 0.1111110002
31877  -45.773  22.879  23.457 0.1111110002
31875  -47.050  22.152  23.329 0.1111110002
32196  -45.148  23.307  23.729 0.1111110002
31878  -46.416  22.771  22.880 0.1111110002
31879  -47.366  22.403  22.534 0.1111110002
32198  -45.516  23.379  23.006 0.1111110002
31882  -46.903  22.899  22.100 0.1111110002
32201  -46.944  23.303  21.392 0.1111110002
31883  -47.775  22.735  21.665 0.1111110002
31884  -48.544  22.367  21.638 0.3333329856
32539  -45.098  24.110  22.581 0.1111110002
32199  -46.042  23.479  22.095 0.1111110002
32203  -46.249  23.943  21.188 0.1111110002
31887  -47.816  23.338  20.703 0.1111110002
31888  -48.596  22.791  21.033 0.3333329856
32204  -46.978  23.758  20.752 0.1111110002
32205  -48.797  23.248  20.284 0.3333329856
49357  -44.295  24.555  23.827 0.1111110002
32538  -44.438  24.754  23.132 0.1111110002
48695  -45.393  24.340  21.693 0.1111110002
32209  -48.286  23.814  19.835 0.2222220004
32545  -46.523  24.324  20.426 0.1111110002
32208  -47.372  24.033  20.090 0.1111110002
32541  -44.655  24.964  22.263 0.1111110002
32543  -44.935  25.211  21.364 0.1111110002
32544  -45.719  24.694  20.865 0.1111110002
32550  -48.655  24.195  19.161 0.2222220004
32548  -46.871  24.728  19.682 0.1111110002
32549  -47.817  24.508  19.265 0.1111110002
32552  -47.173  25.197  18.953 0.1111110002
32553  -47.849  25.062  18.614 0.1111110002
49454  -48.513  24.740  18.599 0.2222220004
32556  -48.235  25.347  18.030 0.1111110002
32557  -49.063  25.090  17.930 0.2222220004
32860  -44.042  25.581  22.885 0.1111110002
32863  -44.185  25.900  21.954 0.1111110002
32865  -44.578  26.058  20.992 0.1111110002
32866  -45.293  25.495  20.511 0.1111110002
32868  -44.974  26.405  20.049 0.1111110002
32869  -45.677  25.742  19.815 0.1111110002
32547  -46.054  25.044  20.094 0.1111110002
32870  -46.356  25.476  19.359 0.1111110002
32873  -47.486  25.633  18.268 0.1111110002
32877  -48.692  25.832  17.411 0.1111110002
33226  -51.160  26.328  15.966 0.3333329856
32887  -51.855  25.996  15.765 0.3333329856
32862  -43.713  26.285  22.683 0.1111110002
33213  -44.450  27.225  20.004 0.1111110002
33215  -45.000  27.195  19.327 0.1111110002
49455  -45.780  26.387  19.114 0.1111110002
32872  -46.695  25.952  18.619 0.1111110002
32875  -47.126  26.391  17.908 0.1111110002
32876  -47.885  26.056  17.635 0.1111110002
32881  -48.230  26.564  17.007 0.1111110002
32882  -49.143  26.471  16.726 0.1111110002
33225  -50.434  26.563  16.139 0.1111110002
33211  -44.214  26.880  20.709 0.1111110002
33216  -45.606  27.330  18.569 0.1111110002
33219  -46.108  27.549  17.963 0.1111110002
33217  -46.344  26.801  18.252 0.1111110002
33221  -47.550  26.729  17.330 0.1111110002
50062  -48.484  27.101  16.482 0.1111110002
51665  -49.761  26.757  16.266 0.1111110002
33228  -50.671  27.035  15.574 0.1111110002
51635  -51.381  26.813  15.250 0.3333329856
33524  -46.225  28.206  17.492 0.1111110002
33220  -46.836  27.312  17.472 0.1111110002
33526  -46.935  28.245  16.863 0.1111110002
33223  -47.671  27.406  16.723 0.1111110002
33528  -48.248  27.794  16.093 0.1111110002
33224  -49.108  27.382  16.046 0.1111110002
33227  -49.947  27.266  15.775 0.1111110002
33534  -50.729  27.406  15.038 0.1111110002
33856  -47.000  29.168  16.377 0.1111110002
33527  -47.568  28.349  16.223 0.1111110002
33532  -49.337  28.022  15.381 0.1111110002
33533  -50.092  27.711  15.155 0.1111110002
33538  -51.001  27.475  14.566 0.2222220004
33530  -48.030  28.448  15.779 0.1111110002
33859  -48.071  28.812  15.379 0.1111110002
33860  -48.502  28.754  14.950 0.1111110002
33531  -48.620  28.238  15.634 0.1111110002
33536  -49.272  28.525  14.526 0.1111110002
33537  -50.250  27.932  14.543 0.1111110002
33238  -52.187  26.717  12.739 0.3333329856
34186  -48.073  29.762  14.158 0.1111110002
33540  -50.451  28.046  13.986 0.1111110002
32902  -52.795  26.041  11.570 0.2222220004
33863  -49.660  28.549  13.909 0.1111110002
33867  -50.444  28.203  13.329 0.1111110002
33546  -50.995  28.029  12.302 0.1111110002
33547  -51.599  27.395  12.118 0.2222220004
33241  -52.160  26.744  11.882 0.2222220004
32579  -53.753  25.142  9.765 0.2222220004
32583  -54.327  24.591  9.344 0.2222220004
34187  -48.667  29.385  13.638 0.1111110002
56211  -49.903  28.537  13.468 0.1111110002
33870  -50.308  28.516  12.498 0.1111110002
33549  -51.015  28.229  11.403 0.1111110002
33550  -51.594  27.508  11.222 0.2222220004
31938  -56.357  22.517  5.353 0.1111110002
32265  -55.727  23.037  5.588 0.1111110002
33245  -52.129  26.810  10.943 0.2222220004
32261  -55.776  23.135  6.398 0.1111110002
32904  -52.658  26.209  10.556 0.2222220004
56459  -55.769  23.220  7.107 0.1111110002
33248  -52.148  26.943  9.969 0.2222220004
32905  -53.183  25.677  10.151 0.2222220004
32252  -54.875  24.031  8.903 0.1111110002
51989  -49.109  29.183  13.149 0.1111110002
33866  -49.628  28.888  12.763 0.1111110002
32264  -55.074  23.578  5.873 0.1111110002
33553  -51.649  27.651  10.281 0.2222220004
32260  -55.122  23.683  6.722 0.1111110002
55361  -54.817  24.012  7.295 0.1111110002
32907  -52.684  26.321  9.608 0.2222220004
32257  -55.367  23.583  7.569 0.1111110002
32908  -53.239  25.753  9.218 0.2222220004
32256  -54.860  24.030  8.013 0.1111110002
32587  -54.328  24.586  8.399 0.1111110002
32582  -53.800  25.189  8.808 0.2222220004
33873  -50.254  29.060  11.473 0.1111110002
33875  -50.590  29.207  10.612 0.1111110002
32593  -54.558  24.048  6.131 0.1111110002
33552  -51.142  28.399  10.508 0.2222220004
51171  -54.375  24.307  6.712 0.1111110002
33251  -52.282  27.098  9.014 0.2222220004
32911  -52.765  26.440  8.655 0.2222220004
32590  -54.282  24.514  7.495 0.1111110002
33555  -51.795  27.831  9.311 0.2222220004
32592  -53.912  24.693  5.915 0.2222220004
32589  -53.615  25.155  6.736 0.2222220004
32586  -53.762  25.194  7.828 0.1111110002
32912  -53.266  25.830  8.255 0.1111110002
33253  -52.425  27.237  8.087 0.2222220004
32915  -53.182  25.915  7.290 0.2222220004
32914  -52.799  26.552  7.726 0.2222220004
28938  -49.574  14.032  25.318 0.3333329856
28941  -50.295  14.046  24.871 0.3333329856
28301  -49.913  12.561  25.836 0.3333329856
31578  -55.660  22.151  13.969 0.1111110002
49883  -55.472  22.713  13.515 0.3333329856
27575  -47.204  9.692  30.025 0.1111110002
27579  -47.712  10.092  29.529 0.1111110002
31184  -45.437  20.696  26.877 0.1111110002
29564  -51.069  15.639  23.998 0.3333329856
30837  -43.354  19.161  30.294 0.1111110002
31530  -44.590  21.935  26.298 0.1111110002
31526  -42.983  22.385  27.859 0.1111110002
53689  -42.860  24.557  27.238 0.1111110002
32189  -43.428  24.533  26.149 0.1111110002
31870  -45.319  22.441  24.665 0.1111110002
31874  -46.283  22.410  23.691 0.1111110002
32197  -44.817  23.991  23.402 0.1111110002
33857  -47.582  29.120  15.762 0.1111110002
52888  -53.171  25.642  10.951 0.2222220004
32576  -53.695  25.132  10.694 0.2222220004
34193  -49.465  29.428  11.838 0.1111110002
34201  -50.579  30.332  9.976 0.1111110002
33879  -51.347  28.620  9.594 0.1111110002
33557  -52.044  27.970  8.403 0.2222220004
26154  -25.325  6.140  41.309 0.2222220004
25822  -20.011  5.208  43.585 0.2222220004
26152  -23.715  7.084  41.833 0.2222220004
26162  -25.432  6.821  41.122 0.2222220004
26499  -24.162  7.841  41.708 0.2222220004
26504  -25.015  7.573  41.207 0.2222220004
26505  -25.957  7.253  40.963 0.2222220004
26831  -25.494  8.105  40.960 0.2222220004
25819  -19.239  5.207  43.973 0.1111110002
26146  -20.411  5.931  43.504 0.1111110002
25823  -21.138  5.764  43.077 0.1111110002
26147  -20.839  6.636  43.420 0.1111110002
26148  -22.032  7.298  42.953 0.1111110002
26498  -23.311  8.038  42.332 0.1111110002
27175  -25.172  8.854  41.124 0.1111110002
26832  -26.496  7.841  40.764 0.2222220004
27184  -27.463  9.170  40.323 0.1111110002
27520  -27.864  9.858  40.123 0.1111110002
26830  -24.682  8.456  41.450 0.1111110002
27516  -25.343  9.570  40.951 0.1111110002
27183  -26.349  9.308  40.392 0.1111110002
49468  -26.829  9.942  40.107 0.1111110002
27521  -28.733  9.878  40.288 0.1111110002
52864  -35.002  13.869  35.596 0.1111110002
28597  -34.257  13.765  36.002 0.1111110002
55302  -37.978  15.596  34.544 0.1111110002
56181  -38.145  16.307  34.555 0.1111110002
29226  -37.096  15.190  34.801 0.1111110002
29532  -39.300  16.639  34.031 0.1111110002
29531  -38.574  16.776  34.383 0.1111110002
29534  -40.122  16.575  33.575 0.1111110002
29849  -38.277  17.457  34.495 0.1111110002
29850  -38.945  17.365  34.167 0.1111110002
31181  -45.126  20.411  27.496 0.2222220004
26500  -24.615  6.932  41.370 0.2222220004
29223  -35.996  15.101  35.186 0.1111110002
26495  -22.412  8.196  43.008 0.1111110002
27176  -25.921  8.677  40.683 0.1111110002
27174  -24.571  9.424  41.572 0.1111110002
28902  -35.273  14.642  35.446 0.1111110002
28901  -34.600  14.629  35.771 0.1111110002
26584  -57.815  7.292  18.492 0.1111110002
26586  -58.336  7.340  17.832 0.1111110002
51623  -59.044  4.741  17.051 0.1111110002
25587  -58.735  3.976  17.334 0.1111110002
27273  -56.718  9.152  17.919 0.1111110002
27271  -57.143  8.481  18.274 0.1111110002
26920  -57.840  8.079  17.951 0.1111110002
26245  -58.684  6.641  17.651 0.1111110002
26243  -58.907  6.042  17.425 0.1111110002
52727  -59.212  5.701  16.746 0.1111110002
25256  -58.361  3.414  17.470 0.1111110002
27270  -56.403  8.784  18.547 0.1111110002
26918  -56.803  8.079  18.866 0.1111110002
26919  -57.388  7.854  18.559 0.1111110002
27269  -55.632  9.156  18.901 0.1111110002
26585  -58.249  6.627  18.329 0.1111110002
26242  -58.572  5.906  18.109 0.1111110002
25918  -58.878  5.364  17.597 0.1111110002
27610  -55.935  9.555  18.238 0.1111110002
27614  -56.239  9.881  17.586 0.1111110002
25255  -58.338  3.792  17.946 0.1111110002
26239  -57.703  6.498  19.037 0.1111110002
58254  -58.153  6.012  18.711 0.1111110002
25917  -58.581  5.204  18.200 0.1111110002
25586  -58.658  4.570  17.906 0.1111110002
27613  -55.576  10.437  18.007 0.1111110002
27977  -56.870  10.653  15.582 0.1111110002
28663  -56.803  13.649  13.197 0.1111110002
25251  -57.796  3.536  18.554 0.1111110002
27267  -55.372  8.705  19.539 0.1111110002
27268  -56.074  8.376  19.158 0.1111110002
52471  -56.435  7.655  19.456 0.1111110002
27606  -54.990  9.563  19.465 0.1111110002
26582  -57.177  7.286  19.121 0.1111110002
25580  -57.950  4.249  18.949 0.1111110002
50068  -58.321  4.755  18.577 0.1111110002
25583  -58.266  4.180  18.417 0.1111110002
25914  -58.275  5.400  18.697 0.1111110002
27609  -55.211  10.188  18.773 0.1111110002
27970  -55.790  10.745  17.334 0.1111110002
27617  -56.465  10.164  16.919 0.1111110002
27976  -56.160  11.336  15.917 0.1111110002
28659  -56.441  13.507  14.740 0.1111110002
28967  -56.582  14.403  14.435 0.1111110002
28331  -56.409  11.525  15.232 0.1111110002
28661  -56.670  13.576  13.998 0.1111110002
28969  -56.717  14.457  13.628 0.1111110002
28336  -56.598  12.653  14.299 0.1111110002
28970  -56.783  14.524  12.795 0.1111110002
25243  -55.085  3.150  22.820 0.1111110002
24908  -56.482  2.438  20.579 0.1111110002
24909  -56.743  1.858  19.946 0.1111110002
48702  -54.695  3.743  22.919 0.1111110002
56584  -57.286  3.014  19.018 0.1111110002
26916  -55.733  7.975  19.742 0.1111110002
26581  -56.651  6.917  19.732 0.1111110002
57336  -57.158  6.602  19.500 0.1111110002
25913  -57.801  5.592  19.273 0.1111110002
25911  -57.977  4.892  19.149 0.1111110002
27608  -54.645  10.516  19.570 0.1111110002
27967  -55.153  11.006  18.423 0.1111110002
27973  -55.954  11.065  16.632 0.1111110002
28327  -55.694  12.292  16.472 0.1111110002
28656  -56.142  13.439  15.429 0.1111110002
29284  -56.671  15.270  14.053 0.1111110002
27974  -56.667  10.424  16.241 0.1111110002
28330  -56.012  12.424  15.663 0.1111110002
28333  -56.316  12.547  14.979 0.1111110002
29597  -56.759  16.049  13.590 0.1111110002
29286  -56.759  15.289  13.222 0.1111110002
29598  -56.950  16.793  13.034 0.1111110002
29599  -56.856  15.984  12.861 0.1111110002
26895  -51.137  8.233  26.697 0.1111110002
56936  -51.393  7.875  26.207 0.1111110002
26564  -51.534  7.111  25.928 0.1111110002
26217  -51.796  6.357  25.398 0.1111110002
26218  -52.242  6.353  24.703 0.1111110002
25896  -53.104  5.383  23.780 0.1111110002
58030  -53.517  5.060  23.469 0.1111110002
25569  -53.905  4.852  23.159 0.1111110002
24906  -56.267  2.105  21.386 0.1111110002
25567  -54.154  4.033  23.309 0.1111110002
25570  -54.559  4.558  22.599 0.1111110002
25571  -55.142  3.883  22.356 0.1111110002
25246  -56.032  3.410  21.506 0.1111110002
54662  -56.302  2.925  21.145 0.1111110002
27264  -54.224  9.236  20.632 0.1111110002
25249  -56.889  2.964  19.742 0.1111110002
50385  -57.045  2.204  19.139 0.1111110002
27605  -54.443  9.873  20.137 0.1111110002
27266  -54.769  9.020  20.038 0.1111110002
26915  -55.082  8.261  20.101 0.1111110002
56967  -57.447  3.711  19.294 0.1111110002
26237  -57.287  5.991  19.628 0.1111110002
27966  -54.790  11.201  19.030 0.1111110002
27969  -55.329  11.379  17.871 0.1111110002
28326  -55.523  11.774  17.206 0.1111110002
28654  -55.817  13.377  16.121 0.1111110002
28963  -56.056  14.314  15.878 0.1111110002
28965  -56.355  14.354  15.182 0.1111110002
29283  -56.523  15.215  14.866 0.1111110002
52934  -56.644  16.152  14.503 0.1111110002
58575  -56.781  16.717  13.865 0.1111110002
29910  -56.883  17.410  13.707 0.1111110002
26900  -51.750  8.085  25.560 0.1111110002
26901  -52.173  7.996  24.669 0.1111110002
56837  -53.108  9.434  22.098 0.1111110002
26566  -51.991  7.185  25.099 0.1111110002
26567  -52.441  7.126  24.285 0.1111110002
26221  -52.731  6.255  23.996 0.1111110002
26222  -53.193  6.103  23.424 0.1111110002
27602  -53.317  10.366  21.701 0.1111110002
25898  -53.576  5.535  23.200 0.1111110002
27263  -53.664  9.371  21.330 0.1111110002
25574  -55.655  3.985  21.703 0.1111110002
26910  -54.079  8.526  21.039 0.1111110002
26911  -54.734  7.781  20.742 0.1111110002
57647  -56.367  3.579  20.974 0.1111110002
25248  -56.599  3.355  20.486 0.1111110002
27603  -53.897  10.118  20.854 0.1111110002
49436  -54.568  8.552  20.490 0.1111110002
26578  -55.391  7.000  20.599 0.1111110002
26912  -55.391  7.648  20.233 0.1111110002
26580  -55.982  7.263  20.022 0.1111110002
26233  -56.169  6.387  20.330 0.1111110002
26234  -56.772  5.586  20.206 0.1111110002
25908  -57.107  4.766  20.157 0.1111110002
57853  -57.386  4.533  19.843 0.1111110002
25577  -57.109  3.999  19.951 0.1111110002
26236  -56.832  6.297  19.891 0.1111110002
54964  -57.326  5.370  19.791 0.1111110002
25579  -57.615  4.395  19.506 0.1111110002
25910  -57.561  4.928  19.640 0.1111110002
29595  -56.692  17.106  14.467 0.1111110002
29905  -56.568  17.526  15.015 0.1111110002
29907  -56.736  18.007  14.345 0.1111110002
28653  -55.522  13.394  16.825 0.1111110002
53197  -56.464  15.883  15.277 0.1111110002
29593  -56.499  16.747  15.300 0.1111110002
29908  -56.933  18.067  13.539 0.1111110002
30234  -57.056  18.445  12.943 0.1111110002
26224  -53.618  6.348  22.771 0.1111110002
25899  -54.098  5.455  22.609 0.1111110002
25573  -55.198  4.634  21.873 0.1111110002
25575  -56.154  4.084  21.093 0.1111110002
55406  -56.670  4.103  20.583 0.1111110002
25907  -56.428  4.784  20.667 0.1111110002
27963  -54.149  10.804  20.316 0.1111110002
27965  -54.358  11.485  19.769 0.1111110002
28320  -54.956  11.849  18.507 0.1111110002
52798  -56.280  16.895  16.006 0.1111110002
30550  -56.570  18.944  14.653 0.1111110002
28322  -55.156  12.492  17.858 0.1111110002
30232  -56.850  18.721  13.724 0.1111110002
57888  -55.416  12.681  17.163 0.1111110002
28960  -55.739  14.278  16.566 0.1111110002
29279  -55.999  15.152  16.320 0.1111110002
29281  -56.297  15.176  15.609 0.1111110002
30552  -56.974  19.263  12.935 0.1111110002
27955  -52.207  11.618  23.586 0.1111110002
52514  -52.290  10.837  23.653 0.1111110002
27957  -52.594  11.056  22.980 0.1111110002
27600  -52.859  10.247  22.555 0.1111110002
27598  -52.508  10.226  23.334 0.1111110002
58225  -52.953  10.943  22.288 0.1111110002
26908  -53.545  8.591  21.787 0.1111110002
26229  -54.658  6.824  21.349 0.1111110002
25903  -55.329  5.376  21.393 0.1111110002
25904  -55.784  4.711  21.230 0.1111110002
27962  -53.661  11.075  21.070 0.1111110002
25906  -55.997  5.495  20.801 0.1111110002
28318  -54.560  12.178  19.226 0.1111110002
28648  -54.784  12.823  18.665 0.1111110002
28650  -54.955  13.496  18.176 0.1111110002
28651  -55.237  13.413  17.497 0.1111110002
28959  -55.409  14.233  17.244 0.1111110002
29278  -55.653  15.085  17.025 0.1111110002
29590  -56.240  16.071  15.999 0.1111110002
29902  -56.379  17.515  15.680 0.1111110002
30230  -56.486  18.197  15.217 0.1111110002
26906  -53.078  8.653  22.577 0.1111110002
26575  -54.049  7.757  21.531 0.1111110002
27960  -53.225  11.386  21.786 0.1111110002
26230  -55.409  6.166  20.995 0.1111110002
27964  -53.923  11.755  20.523 0.1111110002
28317  -54.156  12.454  19.989 0.1111110002
52289  -54.669  13.646  18.791 0.1111110002
28957  -55.126  14.126  17.828 0.1111110002
29276  -55.239  14.997  17.795 0.1111110002
29588  -55.900  15.897  16.762 0.1111110002
53092  -56.042  16.664  16.573 0.1111110002
28299  -50.189  11.831  26.060 0.2222220004
27951  -50.772  11.558  25.746 0.1111110002
28634  -50.036  13.239  25.353 0.2222220004
28302  -50.537  12.417  25.393 0.2222220004
28303  -51.115  11.919  25.137 0.1111110002
28306  -51.519  12.328  24.454 0.1111110002
28305  -51.035  12.638  24.819 0.1111110002
27954  -51.837  11.736  24.197 0.1111110002
27952  -51.548  11.332  24.843 0.1111110002
28308  -51.953  12.375  23.812 0.1111110002
27953  -51.976  11.022  24.226 0.1111110002
53411  -52.526  11.841  22.963 0.1111110002
27260  -52.758  9.459  22.946 0.1111110002
26573  -53.478  7.852  22.275 0.1111110002
26228  -53.901  7.019  22.097 0.1111110002
27959  -52.839  11.653  22.428 0.1111110002
50373  -54.883  5.966  21.547 0.1111110002
53088  -53.498  12.012  21.259 0.1111110002
28315  -53.757  12.680  20.747 0.1111110002
28645  -54.000  13.361  20.249 0.1111110002
28953  -54.181  13.963  19.854 0.1111110002
28646  -54.392  13.239  19.430 0.1111110002
28954  -54.460  14.210  19.251 0.1111110002
28956  -54.838  14.430  18.477 0.1111110002
29585  -55.799  17.159  17.062 0.1111110002
29587  -55.539  15.855  17.440 0.1111110002
56425  -55.760  16.472  17.130 0.1111110002
49814  -56.113  17.418  16.388 0.1111110002
28636  -50.694  13.277  24.840 0.2222220004
58317  -51.754  12.976  23.954 0.1111110002
28309  -52.326  12.433  23.201 0.1111110002
28639  -52.119  13.127  23.431 0.1111110002
28311  -52.709  12.413  22.590 0.1111110002
28641  -52.547  13.175  22.810 0.1111110002
28313  -53.093  12.247  21.951 0.1111110002
28642  -52.967  13.075  22.157 0.1111110002
28643  -53.363  12.898  21.469 0.1111110002
28644  -53.630  13.567  20.977 0.1111110002
28952  -53.892  14.219  20.467 0.1111110002
51784  -54.565  15.181  19.110 0.1111110002
29274  -54.922  15.272  18.438 0.1111110002
29275  -55.130  15.880  18.113 0.1111110002
29584  -55.406  16.716  17.759 0.1111110002
28637  -51.335  13.307  24.312 0.2222220004
28944  -51.490  14.123  23.987 0.2222220004
28945  -51.849  13.713  23.726 0.2222220004
28947  -52.366  14.027  23.073 0.1111110002
28949  -52.852  13.894  22.383 0.1111110002
52961  -53.251  13.751  21.694 0.1111110002
28951  -53.530  14.434  21.201 0.1111110002
29269  -53.829  15.188  20.620 0.1111110002
51104  -54.191  14.743  19.863 0.1111110002
29272  -54.198  15.635  19.832 0.1111110002
29581  -54.523  16.083  19.195 0.1111110002
51839  -54.817  15.806  18.695 0.1111110002
29582  -54.889  16.545  18.587 0.1111110002
30227  -55.824  17.965  16.853 0.1111110002
29260  -51.313  14.829  23.990 0.2222220004
53493  -51.937  14.649  23.510 0.2222220004
53514  -52.407  14.841  22.989 0.1111110002
28950  -53.146  14.561  21.916 0.1111110002
29267  -53.401  15.238  21.459 0.1111110002
29270  -53.912  16.005  20.378 0.1111110002
29579  -54.167  16.535  19.790 0.1111110002
53683  -54.516  16.724  19.154 0.1111110002
29262  -51.705  15.499  23.568 0.2222220004
29263  -52.232  15.415  23.102 0.2222220004
29265  -52.651  15.348  22.638 0.2222220004
28948  -52.755  14.677  22.538 0.1111110002
29266  -53.019  15.277  22.119 0.1111110002
29571  -52.847  15.815  22.279 0.1111110002
29576  -53.570  15.955  21.027 0.1111110002
29894  -54.334  17.249  19.355 0.1111110002
29568  -52.026  16.107  23.120 0.2222220004
29570  -52.495  15.962  22.672 0.2222220004
29574  -53.174  15.920  21.741 0.1111110002
29573  -52.756  16.498  22.099 0.2222220004
31221  -55.065  20.631  16.495 0.1111110002
30886  -55.201  19.840  16.834 0.2222220004
30545  -55.695  19.399  16.341 0.1111110002
30889  -55.561  20.139  16.069 0.1111110002
30891  -55.880  20.432  15.318 0.1111110002
31225  -55.361  20.934  15.794 0.1111110002
31227  -55.627  21.247  15.058 0.1111110002
32236  -55.236  23.274  12.910 0.2222220004
32242  -54.788  24.027  11.661 0.2222220004
32577  -54.245  24.603  11.221 0.2222220004
31573  -55.068  21.710  15.523 0.1111110002
23406  -8.265  -1.185  47.696 0.2222220004
24915  -57.911  3.075  17.876 0.1111110002
26893  -50.823  8.695  27.216 0.1111110002
26898  -51.407  8.476  26.140 0.1111110002
25893  -52.028  5.582  25.028 0.1111110002
25895  -52.528  5.546  24.423 0.1111110002
25566  -53.502  4.488  23.780 0.1111110002
25244  -55.586  3.242  22.165 0.1111110002
27252  -51.593  9.010  25.713 0.1111110002
32239  -55.263  23.433  12.031 0.1111110002
48327  -6.707  -3.182  46.887 0.1111110002
57178  -5.614  -1.653  46.803 0.1111110002
23412  -5.314  -1.221  46.696 0.1111110002
23067  -4.515  -1.727  46.472 0.1111110002
48326  -7.327  -3.624  46.949 0.1111110002
23069  -6.916  -1.901  47.080 0.1111110002
23413  -6.075  -1.359  46.941 0.1111110002
23405  -7.604  -1.019  47.474 0.1111110002
23753  -6.780  -0.814  47.213 0.1111110002
23411  -4.609  -0.907  46.418 0.1111110002
24094  -5.926  0.275  46.936 0.1111110002
23751  -4.684  -0.149  46.316 0.1111110002
24448  -5.840  1.065  46.944 0.1111110002
24093  -5.279  0.457  46.605 0.1111110002
24796  -7.688  2.125  47.942 0.1111110002
49560  -5.763  1.810  46.919 0.1111110002
50466  -6.208  2.407  47.200 0.1111110002
24803  -7.356  2.876  47.732 0.1111110002
24801  -5.311  1.989  46.500 0.1111110002
25151  -6.659  3.097  47.395 0.1111110002
50451  -7.230  3.501  47.574 0.1111110002
57918  -6.357  3.518  47.147 0.1111110002
56468  -7.947  2.829  47.948 0.1111110002
58325  -5.740  2.434  46.858 0.1111110002
25472  -7.623  4.155  47.554 0.1111110002
25471  -6.770  3.934  47.262 0.1111110002
25153  -8.268  3.843  47.835 0.1111110002
25150  -6.008  3.100  46.977 0.1111110002
25143  -8.438  3.235  48.002 0.1111110002
24809  -5.214  2.522  46.185 0.1111110002
25473  -8.460  4.543  47.716 0.1111110002
25796  -6.503  4.632  46.856 0.1111110002
25469  -5.686  3.448  46.590 0.1111110002
25157  -5.325  3.337  46.099 0.1111110002
26120  -7.489  5.972  46.839 0.1111110002
25798  -7.780  5.158  47.314 0.1111110002
25799  -8.708  5.403  47.515 0.1111110002
25797  -6.969  5.302  46.857 0.1111110002
25474  -9.390  4.800  47.861 0.1111110002
57924  -5.523  4.655  45.961 0.1111110002
26129  -6.772  6.027  46.321 0.1111110002
25807  -5.728  5.264  45.878 0.1111110002
31916  -55.716  22.879  11.545 0.1111110002
32243  -55.300  23.458  11.178 0.1111110002
32246  -55.341  23.461  10.282 0.1111110002
32245  -54.816  24.027  10.763 0.1111110002
30885  -54.792  20.415  17.084 0.1111110002
32248  -54.851  24.025  9.837 0.1111110002
32580  -54.289  24.583  10.288 0.1111110002
32267  -54.901  23.583  4.927 0.1111110002
32596  -54.313  24.166  5.413 0.1111110002
32268  -55.750  22.871  4.784 0.1111110002
31944  -55.988  22.497  3.986 0.1111110002
32599  -54.122  24.367  4.654 0.1111110002
32595  -53.604  25.164  4.875 0.1111110002
32918  -53.271  25.697  5.616 0.1111110002
32917  -52.973  26.265  6.309 0.1111110002
56510  -55.120  23.295  3.961 0.1111110002
32921  -53.221  26.284  4.750 0.1111110002
32920  -52.961  27.025  5.257 0.1111110002
49242  -54.350  24.134  4.025 0.1111110002
33559  -52.274  28.102  7.559 0.1111110002
33255  -52.537  27.378  7.183 0.1111110002
33256  -52.781  26.683  6.922 0.1111110002
51550  -51.674  28.914  8.592 0.1111110002
52918  -52.025  28.736  7.869 0.1111110002
33258  -52.707  27.473  6.196 0.1111110002
22746  -20.926  -3.783  44.593 0.1111110002
24802  -6.871  2.277  47.573 0.1111110002
47806  -9.213  -5.869  46.991 0.1111110002
23752  -6.004  -0.558  46.930 0.1111110002
50433  -5.292  -0.342  46.626 0.1111110002
25152  -7.806  3.410  47.795 0.1111110002
25470  -6.092  3.909  46.827 0.1111110002
55694  -5.544  2.808  46.552 0.1111110002
49808  -7.113  4.645  47.198 0.1111110002
25156  -4.948  2.643  45.643 0.1111110002
25480  -5.605  4.041  46.305 0.1111110002
25806  -5.235  4.228  45.749 0.1111110002
25808  -6.311  5.308  46.371 0.1111110002
25481  -5.941  4.633  46.387 0.1111110002
25792  -10.160  4.687  48.035 0.1111110002
33260  -53.273  27.318  4.289 0.1111110002
33561  -52.494  28.323  6.708 0.1111110002
