#!ascii label  , from subject sub-1016 vox2ras=TkReg
383
39420  -51.831  47.721  -2.545 0.0000000000
42019  -47.039  58.081  -8.436 0.0000000000
41276  -47.939  55.354  -2.639 0.0000000000
39967  -51.350  49.973  -7.684 0.0000000000
55177  -48.904  54.445  -10.908 0.0000000000
41053  -49.973  53.549  -8.303 0.0000000000
40259  -50.651  50.832  -10.552 0.0000000000
55848  -51.931  46.919  -9.903 0.0000000000
39406  -48.217  48.102  1.862 0.0000000000
57206  -48.366  49.027  -0.655 0.0000000000
42962  -45.042  61.530  -8.607 0.0000000000
42023  -46.690  58.592  -11.652 0.0000000000
41072  -47.650  54.489  -14.167 0.0000000000
40232  -49.454  51.270  -2.738 0.0000000000
41768  -47.990  56.514  -5.326 0.0000000000
40790  -50.096  52.696  -4.995 0.0000000000
39690  -51.380  49.216  -5.069 0.0000000000
39149  -52.600  46.754  -7.361 0.0000000000
56801  -53.253  43.400  -9.135 0.0000000000
49073  -52.311  47.226  -3.425 0.0000000000
40806  -49.296  52.887  -12.172 0.0000000000
54802  -49.738  52.776  -11.039 0.0000000000
40261  -50.147  51.017  -11.926 0.0000000000
39709  -50.785  48.910  -11.773 0.0000000000
39936  -47.654  48.748  -0.129 0.0000000000
39935  -47.443  49.796  0.418 0.0000000000
43198  -43.830  63.037  -7.179 0.0000000000
41558  -47.252  56.100  -13.316 0.0000000000
40503  -48.765  52.277  -1.731 0.0000000000
40782  -48.964  53.274  -2.658 0.0000000000
42475  -46.070  59.364  -7.061 0.0000000000
41772  -47.801  56.932  -6.641 0.0000000000
40521  -50.698  52.113  -7.790 0.0000000000
41046  -50.098  53.457  -6.912 0.0000000000
40518  -50.984  51.213  -6.937 0.0000000000
40241  -50.622  51.235  -5.311 0.0000000000
39960  -51.556  49.242  -6.477 0.0000000000
39431  -52.113  47.876  -6.363 0.0000000000
39696  -51.867  48.444  -7.701 0.0000000000
38570  -52.691  45.000  -9.699 0.0000000000
41783  -48.032  56.654  -10.032 0.0000000000
41549  -48.528  55.901  -8.606 0.0000000000
41056  -49.423  54.156  -9.580 0.0000000000
40530  -50.411  52.264  -9.274 0.0000000000
39971  -51.114  50.217  -8.952 0.0000000000
39699  -51.673  48.605  -8.692 0.0000000000
50415  -51.248  48.672  -10.213 0.0000000000
38861  -51.487  46.571  -11.420 0.0000000000
50479  -49.251  47.585  1.036 0.0000000000
39677  -49.707  48.246  -0.485 0.0000000000
39683  -50.330  48.869  -1.791 0.0000000000
43190  -44.095  62.329  -5.172 0.0000000000
42956  -45.024  61.202  -6.928 0.0000000000
42481  -46.239  59.441  -8.485 0.0000000000
42020  -47.159  58.125  -9.905 0.0000000000
41786  -47.920  56.456  -11.156 0.0000000000
41069  -48.495  53.984  -12.798 0.0000000000
40547  -48.657  52.300  -14.303 0.0000000000
40550  -48.329  52.022  -15.145 0.0000000000
40224  -48.299  51.257  -0.708 0.0000000000
39945  -49.292  50.066  -1.847 0.0000000000
39948  -50.206  49.765  -2.881 0.0000000000
41536  -48.279  55.747  -4.183 0.0000000000
41288  -48.910  55.374  -7.144 0.0000000000
41283  -49.176  54.694  -5.062 0.0000000000
41038  -49.276  53.974  -4.106 0.0000000000
40786  -49.917  52.402  -4.192 0.0000000000
39954  -50.608  50.217  -4.243 0.0000000000
56534  -51.766  48.310  -3.582 0.0000000000
39139  -52.466  47.192  -5.014 0.0000000000
57966  -52.855  46.407  -5.960 0.0000000000
51500  -53.291  44.809  -7.405 0.0000000000
38854  -52.498  46.400  -8.642 0.0000000000
38568  -53.164  44.886  -8.246 0.0000000000
56573  -53.482  43.523  -8.044 0.0000000000
39419  -51.499  47.832  -1.974 0.0000000000
39134  -52.154  47.229  -2.751 0.0000000000
39423  -51.968  47.809  -3.158 0.0000000000
40543  -49.392  51.990  -13.033 0.0000000000
40544  -49.798  51.498  -12.514 0.0000000000
40264  -49.997  50.718  -12.707 0.0000000000
39983  -50.173  49.831  -12.869 0.0000000000
41273  -48.236  54.600  -2.376 0.0000000000
42246  -46.767  58.454  -7.754 0.0000000000
40248  -51.091  50.689  -8.198 0.0000000000
40517  -50.780  51.889  -7.012 0.0000000000
40246  -51.143  50.648  -7.312 0.0000000000
40244  -51.102  50.637  -6.549 0.0000000000
39963  -51.355  49.956  -6.907 0.0000000000
39964  -51.605  49.256  -7.278 0.0000000000
39968  -51.543  49.294  -8.084 0.0000000000
41301  -48.631  55.159  -10.690 0.0000000000
55405  -48.723  55.345  -9.895 0.0000000000
41060  -49.284  53.957  -10.432 0.0000000000
40258  -50.300  51.310  -11.142 0.0000000000
40534  -50.271  52.208  -10.036 0.0000000000
40254  -50.449  51.545  -10.364 0.0000000000
40535  -50.603  51.669  -9.621 0.0000000000
39974  -50.942  50.372  -9.826 0.0000000000
39703  -51.074  49.520  -10.086 0.0000000000
39977  -50.819  50.052  -10.704 0.0000000000
39443  -50.982  47.995  -11.814 0.0000000000
39676  -48.686  48.387  -0.234 0.0000000000
39679  -49.172  48.841  -0.911 0.0000000000
39680  -50.022  48.602  -1.169 0.0000000000
39943  -49.586  49.249  -1.541 0.0000000000
53258  -44.769  61.890  -8.037 0.0000000000
42958  -44.693  61.876  -7.321 0.0000000000
42959  -45.101  61.295  -7.815 0.0000000000
42480  -45.896  59.935  -8.100 0.0000000000
42963  -45.520  60.705  -8.517 0.0000000000
42256  -46.566  59.002  -11.147 0.0000000000
42253  -46.681  58.913  -9.974 0.0000000000
42257  -46.916  58.444  -11.029 0.0000000000
50110  -47.763  57.019  -10.630 0.0000000000
41785  -47.507  57.215  -11.361 0.0000000000
41310  -47.572  55.180  -13.614 0.0000000000
41559  -47.736  55.636  -12.710 0.0000000000
41073  -48.048  54.273  -13.533 0.0000000000
40811  -48.465  53.464  -13.496 0.0000000000
55642  -48.445  52.996  -14.066 0.0000000000
41077  -47.990  53.697  -14.296 0.0000000000
41024  -47.043  54.134  0.370 0.0000000000
41021  -47.145  53.493  0.854 0.0000000000
40773  -47.544  53.260  0.209 0.0000000000
40496  -47.941  51.729  0.039 0.0000000000
40774  -48.002  52.607  -0.264 0.0000000000
40501  -49.002  51.562  -1.947 0.0000000000
40228  -49.198  50.807  -2.115 0.0000000000
40229  -49.622  50.310  -2.525 0.0000000000
40233  -49.913  50.545  -3.188 0.0000000000
41767  -47.514  57.058  -4.885 0.0000000000
41765  -47.405  56.970  -4.062 0.0000000000
41538  -47.910  56.415  -4.518 0.0000000000
41292  -49.002  55.176  -8.140 0.0000000000
41546  -48.502  55.973  -7.741 0.0000000000
41293  -49.374  54.645  -7.364 0.0000000000
41043  -50.002  53.536  -6.162 0.0000000000
41042  -49.692  54.046  -5.866 0.0000000000
49069  -49.515  54.220  -5.371 0.0000000000
41281  -49.050  54.572  -4.338 0.0000000000
40785  -49.652  53.306  -4.356 0.0000000000
55582  -51.137  49.805  -5.383 0.0000000000
39957  -50.767  50.390  -4.986 0.0000000000
39955  -51.070  49.575  -4.576 0.0000000000
39952  -50.860  49.607  -3.894 0.0000000000
55340  -51.498  48.959  -4.566 0.0000000000
39427  -52.120  47.845  -4.655 0.0000000000
39691  -51.750  48.579  -5.107 0.0000000000
39145  -52.382  47.294  -6.838 0.0000000000
39142  -52.513  47.115  -5.942 0.0000000000
39146  -52.740  46.607  -6.610 0.0000000000
38564  -53.147  45.391  -6.919 0.0000000000
38852  -52.917  46.078  -7.146 0.0000000000
39439  -51.820  47.532  -9.575 0.0000000000
49688  -51.911  47.764  -8.955 0.0000000000
39153  -52.104  47.022  -9.166 0.0000000000
53548  -52.984  44.105  -9.567 0.0000000000
55900  -52.998  44.806  -9.008 0.0000000000
38300  -53.287  44.002  -8.635 0.0000000000
38038  -53.450  43.095  -8.514 0.0000000000
37765  -53.563  42.142  -8.281 0.0000000000
39414  -50.952  47.477  -0.606 0.0000000000
38846  -52.872  45.900  -4.133 0.0000000000
41067  -48.939  53.677  -12.015 0.0000000000
40801  -49.531  53.308  -10.755 0.0000000000
40807  -49.688  52.492  -11.620 0.0000000000
40541  -49.951  51.783  -11.750 0.0000000000
39976  -50.496  50.543  -11.325 0.0000000000
39981  -50.664  49.765  -11.501 0.0000000000
39708  -50.492  49.564  -12.172 0.0000000000
39673  -48.238  48.080  0.819 0.0000000000
39672  -47.309  48.795  0.761 0.0000000000
39939  -47.971  49.698  -0.480 0.0000000000
43203  -44.609  62.174  -8.604 0.0000000000
42027  -47.170  57.300  -12.240 0.0000000000
41315  -47.211  55.028  -14.528 0.0000000000
41076  -47.422  54.255  -14.863 0.0000000000
40777  -48.372  52.668  -1.096 0.0000000000
40779  -48.667  52.992  -1.906 0.0000000000
40780  -49.145  52.336  -2.484 0.0000000000
41771  -48.047  56.552  -6.046 0.0000000000
40796  -50.379  52.812  -8.035 0.0000000000
41048  -49.829  53.923  -7.488 0.0000000000
40794  -50.463  52.724  -7.166 0.0000000000
51253  -50.293  53.006  -6.481 0.0000000000
49990  -50.537  52.357  -6.373 0.0000000000
40513  -50.461  52.094  -5.573 0.0000000000
40514  -50.802  51.443  -6.217 0.0000000000
40242  -50.952  50.575  -5.771 0.0000000000
39958  -51.468  49.209  -5.702 0.0000000000
39693  -51.806  48.550  -5.997 0.0000000000
39433  -52.079  47.929  -7.078 0.0000000000
39148  -52.222  47.483  -7.675 0.0000000000
56812  -52.403  45.656  -9.783 0.0000000000
41532  -47.611  56.091  -2.925 0.0000000000
41782  -47.931  56.855  -9.150 0.0000000000
41779  -48.140  56.513  -8.352 0.0000000000
56809  -48.257  56.337  -8.888 0.0000000000
49733  -48.827  55.324  -9.082 0.0000000000
52323  -49.627  54.041  -8.827 0.0000000000
41061  -49.703  53.427  -10.001 0.0000000000
40800  -50.077  52.840  -9.623 0.0000000000
40798  -50.216  52.863  -8.828 0.0000000000
40526  -50.558  52.236  -8.549 0.0000000000
40527  -50.836  51.551  -8.377 0.0000000000
56358  -51.287  49.935  -8.342 0.0000000000
39698  -51.344  49.474  -8.819 0.0000000000
39701  -51.331  49.039  -9.455 0.0000000000
56174  -51.527  47.701  -10.303 0.0000000000
39706  -50.963  49.217  -10.891 0.0000000000
39441  -51.122  48.323  -11.032 0.0000000000
39410  -49.390  47.848  0.304 0.0000000000
39413  -50.285  47.666  -0.115 0.0000000000
39416  -50.495  48.064  -0.838 0.0000000000
39417  -51.061  47.913  -1.317 0.0000000000
39684  -50.967  48.429  -1.952 0.0000000000
42722  -44.919  61.163  -6.034 0.0000000000
42955  -44.603  61.822  -6.456 0.0000000000
42723  -45.327  60.514  -6.464 0.0000000000
42477  -45.885  59.777  -7.437 0.0000000000
42478  -46.268  59.214  -7.755 0.0000000000
42248  -46.606  58.824  -8.468 0.0000000000
42967  -45.303  61.146  -9.336 0.0000000000
42487  -46.127  59.833  -9.839 0.0000000000
42251  -46.426  59.248  -9.152 0.0000000000
41781  -47.371  57.699  -9.148 0.0000000000
49565  -47.615  57.368  -9.933 0.0000000000
57265  -48.020  56.539  -10.568 0.0000000000
41554  -48.240  55.627  -11.284 0.0000000000
56309  -47.602  56.699  -11.849 0.0000000000
41308  -48.142  55.230  -12.041 0.0000000000
41066  -48.474  54.455  -12.099 0.0000000000
40809  -48.902  53.208  -12.796 0.0000000000
40812  -48.909  52.623  -13.474 0.0000000000
40548  -48.891  51.493  -14.573 0.0000000000
40814  -47.658  53.470  -15.160 0.0000000000
40220  -47.965  50.641  -0.126 0.0000000000
40221  -48.318  50.431  -0.800 0.0000000000
40500  -48.600  51.785  -1.246 0.0000000000
40225  -48.754  50.814  -1.424 0.0000000000
39940  -48.763  49.728  -1.118 0.0000000000
39947  -50.638  49.055  -2.477 0.0000000000
39422  -51.409  48.454  -2.829 0.0000000000
41533  -48.126  55.571  -3.406 0.0000000000
41776  -47.990  56.710  -7.498 0.0000000000
41773  -48.378  56.136  -6.728 0.0000000000
41541  -48.437  55.975  -5.790 0.0000000000
41045  -49.672  54.176  -6.614 0.0000000000
41542  -48.867  55.399  -6.267 0.0000000000
41285  -48.843  55.321  -5.430 0.0000000000
41282  -48.748  55.224  -4.638 0.0000000000
41280  -48.613  55.062  -3.881 0.0000000000
41277  -48.443  54.845  -3.131 0.0000000000
41034  -49.228  53.530  -3.488 0.0000000000
40783  -49.339  52.823  -3.129 0.0000000000
40508  -49.640  52.079  -3.377 0.0000000000
40511  -50.286  51.846  -4.766 0.0000000000
40509  -50.065  51.566  -4.021 0.0000000000
40506  -49.850  51.249  -3.435 0.0000000000
39951  -50.411  50.012  -3.564 0.0000000000
39949  -50.829  49.305  -3.244 0.0000000000
39425  -52.088  47.811  -3.872 0.0000000000
39137  -52.415  47.201  -4.181 0.0000000000
39140  -52.723  46.575  -4.511 0.0000000000
39429  -52.126  47.855  -5.511 0.0000000000
39143  -52.789  46.530  -5.299 0.0000000000
38848  -53.034  45.774  -5.547 0.0000000000
38563  -53.176  45.242  -6.183 0.0000000000
52048  -53.313  44.730  -6.661 0.0000000000
39435  -51.991  47.915  -8.296 0.0000000000
39150  -52.208  47.238  -8.457 0.0000000000
39151  -52.485  46.826  -8.007 0.0000000000
38567  -52.697  45.577  -9.109 0.0000000000
38857  -52.891  45.644  -8.386 0.0000000000
38566  -53.058  45.510  -7.673 0.0000000000
51524  -53.407  44.148  -7.811 0.0000000000
39132  -51.935  47.201  -2.061 0.0000000000
40263  -49.602  51.231  -13.276 0.0000000000
40267  -49.792  50.423  -13.488 0.0000000000
55665  -47.176  57.849  -7.774 0.0000000000
41778  -47.596  57.301  -8.239 0.0000000000
40522  -50.954  51.367  -7.604 0.0000000000
41302  -49.011  54.650  -10.172 0.0000000000
40255  -50.733  51.107  -9.903 0.0000000000
42489  -46.178  59.558  -11.263 0.0000000000
42024  -47.088  57.931  -11.549 0.0000000000
41770  -47.552  57.172  -5.774 0.0000000000
41052  -49.526  54.336  -8.168 0.0000000000
40792  -50.235  52.889  -5.812 0.0000000000
40789  -49.835  53.551  -5.323 0.0000000000
41040  -49.443  54.065  -4.751 0.0000000000
37767  -53.344  42.612  -9.117 0.0000000000
39129  -51.547  47.169  -1.219 0.0000000000
39135  -52.634  46.510  -3.630 0.0000000000
40804  -49.395  53.152  -11.469 0.0000000000
39980  -50.333  50.245  -12.089 0.0000000000
39711  -50.479  49.029  -12.596 0.0000000000
39933  -47.316  49.557  1.412 0.0000000000
43202  -44.157  62.777  -8.647 0.0000000000
41562  -46.961  55.893  -14.211 0.0000000000
58062  -46.793  55.503  -14.931 0.0000000000
41031  -48.486  53.815  -2.130 0.0000000000
39959  -51.263  49.909  -6.138 0.0000000000
39694  -51.843  48.555  -6.816 0.0000000000
41551  -48.399  56.072  -9.444 0.0000000000
41299  -49.058  54.826  -9.523 0.0000000000
41296  -49.269  54.653  -8.889 0.0000000000
40802  -49.920  52.786  -10.400 0.0000000000
41057  -49.856  53.484  -9.195 0.0000000000
40251  -50.886  51.066  -9.127 0.0000000000
39438  -51.588  48.224  -9.532 0.0000000000
39156  -51.310  47.424  -11.197 0.0000000000
39681  -50.624  48.386  -1.404 0.0000000000
43187  -43.997  62.257  -4.495 0.0000000000
42953  -44.507  61.774  -5.597 0.0000000000
43194  -43.790  62.977  -6.326 0.0000000000
43195  -44.242  62.441  -6.851 0.0000000000
42724  -45.499  60.483  -7.442 0.0000000000
42727  -45.717  60.481  -9.356 0.0000000000
42254  -46.985  58.438  -10.455 0.0000000000
42249  -46.882  58.482  -9.187 0.0000000000
41788  -47.437  56.444  -12.524 0.0000000000
41311  -48.081  54.796  -12.803 0.0000000000
55230  -49.148  51.768  -13.791 0.0000000000
40815  -48.156  52.871  -14.744 0.0000000000
40495  -47.516  51.958  0.868 0.0000000000
39946  -49.937  49.525  -2.199 0.0000000000
41535  -47.780  56.277  -3.716 0.0000000000
41286  -49.308  54.685  -5.889 0.0000000000
41539  -48.388  55.876  -4.975 0.0000000000
41037  -48.912  54.354  -3.631 0.0000000000
51393  -49.584  52.840  -3.697 0.0000000000
40238  -50.426  51.008  -4.532 0.0000000000
40235  -50.182  50.758  -3.849 0.0000000000
39687  -51.358  48.963  -3.840 0.0000000000
38297  -53.389  44.103  -6.309 0.0000000000
52045  -53.439  44.129  -7.048 0.0000000000
57905  -52.962  45.232  -8.699 0.0000000000
38036  -53.530  43.484  -7.399 0.0000000000
38841  -52.291  46.625  -2.351 0.0000000000
40540  -49.571  52.208  -12.318 0.0000000000
41033  -48.733  54.079  -2.894 0.0000000000
42016  -47.002  58.024  -7.130 0.0000000000
42017  -47.481  57.402  -7.300 0.0000000000
41552  -48.304  55.992  -10.443 0.0000000000
40538  -50.062  52.131  -10.913 0.0000000000
54985  -51.152  49.729  -9.424 0.0000000000
43192  -43.747  62.918  -5.482 0.0000000000
43199  -44.317  62.501  -7.809 0.0000000000
42483  -46.000  59.955  -8.915 0.0000000000
48178  -46.392  59.379  -10.599 0.0000000000
42022  -47.323  57.807  -10.701 0.0000000000
41266  -46.753  55.040  0.127 0.0000000000
40498  -47.711  52.490  0.375 0.0000000000
58163  -48.269  52.028  -0.642 0.0000000000
39688  -51.803  48.427  -4.263 0.0000000000
38850  -53.010  45.930  -6.398 0.0000000000
39127  -51.274  46.784  -0.308 0.0000000000
41306  -48.789  54.240  -11.527 0.0000000000
51580  -49.136  53.790  -11.185 0.0000000000
39669  -47.558  48.624  1.646 0.0000000000
41049  -50.175  53.305  -7.579 0.0000000000
38859  -52.091  46.157  -10.202 0.0000000000
38572  -52.297  45.301  -10.429 0.0000000000
38302  -52.618  44.537  -10.220 0.0000000000
56561  -53.063  43.162  -9.775 0.0000000000
40531  -50.684  51.766  -8.992 0.0000000000
39126  -50.753  47.139  0.063 0.0000000000
43193  -44.174  62.389  -5.984 0.0000000000
42721  -45.217  60.483  -5.587 0.0000000000
42474  -45.719  59.868  -6.795 0.0000000000
41305  -48.515  54.853  -11.421 0.0000000000
41556  -47.863  56.025  -11.933 0.0000000000
56123  -49.217  52.581  -12.763 0.0000000000
40818  -47.833  52.725  -15.498 0.0000000000
40218  -47.606  50.982  0.659 0.0000000000
41289  -49.240  54.862  -6.651 0.0000000000
51570  -52.924  46.021  -4.830 0.0000000000
38562  -53.178  44.922  -5.485 0.0000000000
38855  -52.774  46.212  -7.877 0.0000000000
52648  -52.277  46.282  -9.467 0.0000000000
56399  -46.729  58.847  -10.645 0.0000000000
