#!ascii label  , from subject sub-1016 vox2ras=TkReg
473
28269  -36.318  12.685  35.009 0.0000000000
27176  -25.921  8.677  40.683 0.0000000000
28256  -31.541  11.579  38.427 0.0000000000
32869  -45.677  25.742  19.815 0.0000000000
51665  -49.761  26.757  16.266 0.0000000000
26822  -21.117  8.982  44.045 0.0000000000
32860  -44.042  25.581  22.885 0.0000000000
28908  -38.944  14.459  34.033 0.0000000000
28263  -33.739  11.987  36.840 0.0000000000
26827  -22.971  8.942  42.793 0.0000000000
25493  -21.419  4.644  42.935 0.0000000000
29222  -35.095  15.484  35.581 0.0000000000
29530  -37.914  16.909  34.677 0.0000000000
27885  -29.132  10.408  40.021 0.0000000000
29218  -32.578  15.473  36.651 0.0000000000
31183  -44.598  21.278  27.095 0.0000000000
31536  -45.840  21.929  24.982 0.0000000000
31879  -47.366  22.403  22.534 0.0000000000
25483  -15.658  4.624  46.344 0.0000000000
25148  -12.394  3.409  48.208 0.0000000000
30486  -39.866  18.743  33.206 0.0000000000
30491  -41.485  19.637  31.317 0.0000000000
31173  -43.087  20.712  29.292 0.0000000000
25489  -18.109  4.281  44.536 0.0000000000
26162  -25.432  6.821  41.122 0.0000000000
26833  -27.549  7.722  40.985 0.0000000000
28266  -35.089  12.344  35.784 0.0000000000
27880  -24.926  11.310  40.989 0.0000000000
27174  -24.571  9.424  41.572 0.0000000000
26152  -23.715  7.084  41.833 0.0000000000
29841  -34.528  16.982  35.943 0.0000000000
29221  -34.229  15.411  35.943 0.0000000000
31864  -43.949  22.712  26.243 0.0000000000
31532  -45.077  21.886  25.817 0.0000000000
32192  -44.237  23.777  24.883 0.0000000000
32199  -46.042  23.479  22.095 0.0000000000
32203  -46.249  23.943  21.188 0.0000000000
31887  -47.816  23.338  20.703 0.0000000000
32208  -47.372  24.033  20.090 0.0000000000
49454  -48.513  24.740  18.599 0.0000000000
30822  -37.926  19.528  34.132 0.0000000000
29850  -38.945  17.365  34.167 0.0000000000
30825  -38.651  19.756  33.581 0.0000000000
31164  -40.369  20.755  31.494 0.0000000000
31168  -41.382  21.027  30.385 0.0000000000
30836  -42.771  19.602  30.395 0.0000000000
31172  -42.397  21.480  29.286 0.0000000000
31523  -42.560  22.247  28.496 0.0000000000
27892  -30.205  10.950  39.541 0.0000000000
25816  -18.085  6.007  44.694 0.0000000000
57600  -19.402  6.739  44.129 0.0000000000
47772  -11.173  1.375  48.451 0.0000000000
47774  -8.997  1.212  48.361 0.0000000000
32857  -43.870  25.398  23.839 0.0000000000
56552  -40.542  15.007  33.224 0.0000000000
27901  -33.092  11.462  37.640 0.0000000000
26825  -22.327  9.058  43.286 0.0000000000
26147  -20.839  6.636  43.420 0.0000000000
26151  -22.420  6.378  42.466 0.0000000000
33228  -50.671  27.035  15.574 0.0000000000
28903  -35.733  14.076  35.219 0.0000000000
29226  -37.096  15.190  34.801 0.0000000000
29526  -36.763  16.844  35.090 0.0000000000
27883  -26.288  10.757  40.057 0.0000000000
27184  -27.463  9.170  40.323 0.0000000000
27889  -27.831  11.252  39.420 0.0000000000
28253  -29.338  12.169  38.697 0.0000000000
28583  -30.481  12.721  38.015 0.0000000000
29214  -31.291  14.911  37.161 0.0000000000
28590  -31.675  13.069  37.417 0.0000000000
28594  -33.540  13.623  36.440 0.0000000000
28597  -34.257  13.765  36.002 0.0000000000
30848  -44.843  20.111  28.150 0.0000000000
32196  -45.148  23.307  23.729 0.0000000000
31874  -46.283  22.410  23.691 0.0000000000
32557  -49.063  25.090  17.930 0.0000000000
52254  -14.005  3.817  47.501 0.0000000000
24444  -12.825  1.758  47.950 0.0000000000
29228  -38.785  15.908  34.243 0.0000000000
29229  -39.638  15.843  33.815 0.0000000000
53422  -40.687  16.871  33.202 0.0000000000
30831  -40.003  20.330  32.130 0.0000000000
30487  -40.687  18.620  32.623 0.0000000000
29857  -41.941  17.567  32.135 0.0000000000
30178  -42.504  17.908  31.589 0.0000000000
52732  -43.638  18.500  30.506 0.0000000000
30842  -44.198  19.488  29.387 0.0000000000
31176  -43.611  20.960  28.619 0.0000000000
31861  -42.991  22.962  27.375 0.0000000000
27179  -29.045  8.797  40.925 0.0000000000
53462  -16.574  6.082  45.749 0.0000000000
25486  -16.958  4.334  45.343 0.0000000000
25492  -20.490  4.422  43.341 0.0000000000
24084  -7.233  0.661  47.657 0.0000000000
26831  -25.494  8.105  40.960 0.0000000000
26505  -25.957  7.253  40.963 0.0000000000
26832  -26.496  7.841  40.764 0.0000000000
52239  -35.770  11.929  35.521 0.0000000000
27516  -25.343  9.570  40.951 0.0000000000
57715  -24.797  9.984  41.356 0.0000000000
27175  -25.172  8.854  41.124 0.0000000000
26504  -25.015  7.573  41.207 0.0000000000
32189  -43.428  24.533  26.149 0.0000000000
32190  -43.925  23.484  25.672 0.0000000000
32533  -43.740  24.505  25.427 0.0000000000
32866  -45.293  25.495  20.511 0.0000000000
32544  -45.719  24.694  20.865 0.0000000000
32547  -46.054  25.044  20.094 0.0000000000
32545  -46.523  24.324  20.426 0.0000000000
32548  -46.871  24.728  19.682 0.0000000000
32552  -47.173  25.197  18.953 0.0000000000
30483  -38.558  18.945  33.982 0.0000000000
31170  -40.989  21.851  30.332 0.0000000000
31171  -41.650  21.737  29.821 0.0000000000
31521  -41.784  22.579  29.137 0.0000000000
31858  -42.039  23.254  28.481 0.0000000000
28246  -30.870  11.281  39.042 0.0000000000
27893  -30.916  10.710  39.540 0.0000000000
28247  -31.593  10.750  39.176 0.0000000000
26489  -19.263  7.508  44.299 0.0000000000
51453  -19.873  7.300  44.064 0.0000000000
32883  -50.045  26.098  16.673 0.0000000000
47773  -10.449  1.428  48.529 0.0000000000
28607  -39.082  13.704  33.944 0.0000000000
28911  -39.563  14.355  33.720 0.0000000000
27902  -33.952  10.978  37.388 0.0000000000
27513  -23.577  10.501  42.369 0.0000000000
27171  -23.309  9.733  42.621 0.0000000000
27170  -22.598  9.737  43.171 0.0000000000
26148  -22.032  7.298  42.953 0.0000000000
26149  -22.839  7.225  42.407 0.0000000000
26153  -24.323  6.127  41.511 0.0000000000
25828  -24.046  5.116  41.727 0.0000000000
29223  -35.996  15.101  35.186 0.0000000000
49776  -35.774  15.957  35.372 0.0000000000
28241  -26.212  12.239  39.564 0.0000000000
28237  -26.721  11.355  39.609 0.0000000000
28242  -27.125  12.004  39.190 0.0000000000
28581  -28.871  12.973  38.255 0.0000000000
28582  -29.711  12.861  38.130 0.0000000000
28254  -30.095  12.269  38.450 0.0000000000
28588  -30.152  13.556  37.737 0.0000000000
29217  -31.756  15.603  36.942 0.0000000000
28897  -32.037  14.690  36.926 0.0000000000
28895  -31.475  14.020  37.242 0.0000000000
52845  -32.211  13.701  37.018 0.0000000000
28593  -32.888  13.282  36.842 0.0000000000
28898  -32.916  14.392  36.602 0.0000000000
29523  -34.603  16.119  35.843 0.0000000000
28901  -34.600  14.629  35.771 0.0000000000
52864  -35.002  13.869  35.596 0.0000000000
31180  -44.587  20.703  27.827 0.0000000000
31181  -45.126  20.411  27.496 0.0000000000
31867  -45.162  22.173  25.288 0.0000000000
31187  -45.411  21.280  26.249 0.0000000000
49357  -44.295  24.555  23.827 0.0000000000
32538  -44.438  24.754  23.132 0.0000000000
31878  -46.416  22.771  22.880 0.0000000000
31875  -47.050  22.152  23.329 0.0000000000
32556  -48.235  25.347  18.030 0.0000000000
32877  -48.692  25.832  17.411 0.0000000000
25805  -15.467  5.415  46.505 0.0000000000
52511  -14.504  4.820  47.163 0.0000000000
25482  -15.211  3.920  46.620 0.0000000000
24445  -13.538  1.841  47.575 0.0000000000
24090  -12.003  0.503  48.022 0.0000000000
29529  -37.403  16.286  34.816 0.0000000000
55302  -37.978  15.596  34.544 0.0000000000
56181  -38.145  16.307  34.555 0.0000000000
30170  -39.242  17.844  33.928 0.0000000000
29532  -39.300  16.639  34.031 0.0000000000
29851  -39.632  17.300  33.809 0.0000000000
29534  -40.122  16.575  33.575 0.0000000000
29853  -40.285  17.356  33.396 0.0000000000
31163  -39.802  21.023  31.887 0.0000000000
30834  -41.080  20.437  31.044 0.0000000000
30832  -40.714  19.941  31.761 0.0000000000
30490  -41.123  19.064  32.004 0.0000000000
58548  -41.194  18.494  32.283 0.0000000000
30492  -41.743  18.361  31.923 0.0000000000
30493  -42.384  18.603  31.316 0.0000000000
30840  -42.664  20.335  29.932 0.0000000000
30841  -43.429  19.793  29.774 0.0000000000
30498  -43.916  19.038  29.963 0.0000000000
30844  -43.873  20.222  29.057 0.0000000000
31860  -42.536  23.108  27.940 0.0000000000
31526  -42.983  22.385  27.859 0.0000000000
32184  -42.648  23.861  27.538 0.0000000000
50162  -28.298  10.472  39.871 0.0000000000
27185  -28.418  9.254  40.525 0.0000000000
27186  -29.108  9.411  40.635 0.0000000000
25818  -18.430  5.170  44.393 0.0000000000
25815  -17.584  5.037  44.964 0.0000000000
25487  -17.513  4.114  44.932 0.0000000000
25823  -21.138  5.764  43.077 0.0000000000
52069  -20.685  5.207  43.260 0.0000000000
26154  -25.325  6.140  41.309 0.0000000000
26163  -26.345  6.330  41.272 0.0000000000
26506  -27.011  7.024  41.112 0.0000000000
26507  -28.095  6.934  41.479 0.0000000000
28264  -34.488  12.178  36.230 0.0000000000
27906  -34.508  11.325  36.695 0.0000000000
27879  -24.446  11.232  41.460 0.0000000000
27515  -24.308  10.391  41.738 0.0000000000
26828  -23.843  8.892  42.115 0.0000000000
26498  -23.311  8.038  42.332 0.0000000000
26499  -24.162  7.841  41.708 0.0000000000
26500  -24.615  6.932  41.370 0.0000000000
29524  -35.251  16.429  35.631 0.0000000000
29844  -35.468  17.272  35.647 0.0000000000
29520  -33.096  16.303  36.431 0.0000000000
29219  -33.415  15.400  36.300 0.0000000000
29521  -33.908  16.219  36.103 0.0000000000
31529  -44.033  22.136  26.757 0.0000000000
31530  -44.590  21.935  26.298 0.0000000000
31866  -44.508  22.465  25.700 0.0000000000
31870  -45.319  22.441  24.665 0.0000000000
32539  -45.098  24.110  22.581 0.0000000000
48695  -45.393  24.340  21.693 0.0000000000
32201  -46.944  23.303  21.392 0.0000000000
31883  -47.775  22.735  21.665 0.0000000000
32204  -46.978  23.758  20.752 0.0000000000
32209  -48.286  23.814  19.835 0.0000000000
32549  -47.817  24.508  19.265 0.0000000000
32553  -47.849  25.062  18.614 0.0000000000
24812  -16.073  2.849  45.852 0.0000000000
24811  -15.400  3.058  46.341 0.0000000000
24457  -15.267  1.655  46.408 0.0000000000
30168  -37.925  17.991  34.588 0.0000000000
29849  -38.277  17.457  34.495 0.0000000000
30169  -38.571  18.115  34.222 0.0000000000
30172  -39.211  18.453  33.771 0.0000000000
30485  -39.140  19.085  33.537 0.0000000000
31166  -40.006  21.645  31.329 0.0000000000
57370  -40.468  21.971  30.764 0.0000000000
31167  -40.706  21.265  30.882 0.0000000000
30494  -42.224  19.302  30.983 0.0000000000
30835  -41.961  20.168  30.568 0.0000000000
30839  -42.121  20.934  29.948 0.0000000000
31175  -42.997  21.405  28.769 0.0000000000
27891  -29.512  10.832  39.733 0.0000000000
27522  -29.485  9.857  40.403 0.0000000000
27887  -30.569  10.304  39.965 0.0000000000
26139  -18.630  6.834  44.471 0.0000000000
25819  -19.239  5.207  43.973 0.0000000000
51306  -11.995  2.748  48.350 0.0000000000
25147  -11.709  3.453  48.332 0.0000000000
48354  -10.879  2.088  48.510 0.0000000000
48355  -10.119  2.098  48.485 0.0000000000
24798  -9.235  2.096  48.367 0.0000000000
29234  -40.999  15.458  32.979 0.0000000000
28257  -32.342  11.545  38.103 0.0000000000
56526  -32.133  11.036  38.649 0.0000000000
27169  -21.944  9.619  43.660 0.0000000000
26824  -21.715  8.785  43.656 0.0000000000
26144  -20.533  7.397  43.823 0.0000000000
26492  -21.700  7.980  43.425 0.0000000000
48439  -21.598  6.521  42.966 0.0000000000
25824  -21.982  5.533  42.639 0.0000000000
49526  -23.327  6.226  41.935 0.0000000000
25827  -22.932  5.339  42.149 0.0000000000
25497  -22.473  4.489  42.442 0.0000000000
33225  -50.434  26.563  16.139 0.0000000000
28601  -36.173  13.495  35.007 0.0000000000
28602  -36.864  13.396  34.766 0.0000000000
28905  -36.536  14.246  34.913 0.0000000000
29527  -37.354  17.032  34.891 0.0000000000
29845  -36.278  17.426  35.339 0.0000000000
29846  -36.999  17.524  35.048 0.0000000000
30166  -37.314  18.119  34.877 0.0000000000
30480  -37.770  18.710  34.492 0.0000000000
27519  -25.837  10.186  40.493 0.0000000000
27183  -26.349  9.308  40.392 0.0000000000
49468  -26.829  9.942  40.107 0.0000000000
27884  -27.302  10.567  39.812 0.0000000000
28251  -27.540  12.626  38.815 0.0000000000
28243  -28.633  11.694  39.136 0.0000000000
28244  -29.457  11.391  39.301 0.0000000000
28245  -30.135  11.677  38.940 0.0000000000
28255  -30.727  11.970  38.451 0.0000000000
28584  -31.206  12.448  37.895 0.0000000000
28894  -30.681  14.381  37.425 0.0000000000
28589  -30.950  13.358  37.597 0.0000000000
28260  -31.928  12.211  37.743 0.0000000000
55365  -32.540  12.074  37.588 0.0000000000
28261  -32.994  12.398  37.147 0.0000000000
55053  -33.418  12.835  36.712 0.0000000000
28899  -33.816  14.544  36.165 0.0000000000
28595  -33.996  12.894  36.319 0.0000000000
28598  -34.703  13.015  35.858 0.0000000000
28599  -35.522  13.058  35.392 0.0000000000
27882  -25.481  11.036  40.556 0.0000000000
32536  -43.946  24.748  24.604 0.0000000000
32195  -44.533  23.918  24.144 0.0000000000
31873  -45.553  22.681  24.031 0.0000000000
32198  -45.516  23.379  23.006 0.0000000000
31877  -45.773  22.879  23.457 0.0000000000
31871  -46.060  22.161  24.365 0.0000000000
31540  -46.794  21.910  24.078 0.0000000000
32558  -49.931  24.847  17.781 0.0000000000
32878  -49.559  25.595  17.254 0.0000000000
32882  -49.143  26.471  16.726 0.0000000000
25476  -14.018  4.464  47.451 0.0000000000
25468  -13.500  3.993  47.732 0.0000000000
24805  -14.424  2.558  47.080 0.0000000000
24800  -13.360  2.553  47.833 0.0000000000
24799  -12.664  2.658  48.164 0.0000000000
47691  -11.987  1.316  48.217 0.0000000000
28906  -37.387  14.170  34.611 0.0000000000
48635  -38.520  15.005  34.258 0.0000000000
29531  -38.574  16.776  34.383 0.0000000000
29231  -39.237  15.115  33.941 0.0000000000
48780  -40.357  15.706  33.399 0.0000000000
29535  -40.827  16.243  33.128 0.0000000000
30826  -39.420  19.561  33.096 0.0000000000
30489  -40.209  19.472  32.515 0.0000000000
30174  -40.468  18.005  33.071 0.0000000000
29856  -41.469  17.280  32.574 0.0000000000
30182  -43.051  18.216  31.052 0.0000000000
30845  -44.517  19.847  28.766 0.0000000000
31177  -44.260  20.509  28.404 0.0000000000
31179  -44.001  21.184  27.920 0.0000000000
31524  -43.294  21.685  28.171 0.0000000000
31527  -43.600  22.030  27.400 0.0000000000
31863  -43.476  22.838  26.828 0.0000000000
32187  -43.460  23.608  26.415 0.0000000000
27177  -27.007  8.483  40.559 0.0000000000
27178  -28.147  8.438  40.826 0.0000000000
27517  -29.822  9.181  40.807 0.0000000000
25809  -16.115  5.336  46.061 0.0000000000
26137  -17.298  6.026  45.219 0.0000000000
25810  -16.799  5.230  45.555 0.0000000000
25484  -16.303  4.495  45.851 0.0000000000
25160  -16.494  3.601  45.594 0.0000000000
26143  -20.124  6.683  43.814 0.0000000000
25822  -20.011  5.208  43.585 0.0000000000
25490  -18.863  4.373  44.095 0.0000000000
23745  -8.324  -0.386  47.912 0.0000000000
48954  -8.381  1.008  48.187 0.0000000000
24796  -7.688  2.125  47.942 0.0000000000
28270  -37.138  12.505  34.736 0.0000000000
56654  -43.482  24.994  25.789 0.0000000000
32870  -46.356  25.476  19.359 0.0000000000
26817  -20.507  8.889  44.273 0.0000000000
26490  -20.031  8.070  44.204 0.0000000000
26495  -22.412  8.196  43.008 0.0000000000
28587  -29.285  13.646  37.865 0.0000000000
28902  -35.273  14.642  35.446 0.0000000000
31533  -45.679  21.654  25.561 0.0000000000
31882  -46.903  22.899  22.100 0.0000000000
25478  -15.048  4.739  46.829 0.0000000000
30173  -39.799  17.957  33.564 0.0000000000
57290  -41.798  18.984  31.518 0.0000000000
27521  -28.733  9.878  40.288 0.0000000000
25162  -17.848  3.421  44.669 0.0000000000
25467  -12.762  4.210  47.964 0.0000000000
28604  -38.527  13.012  34.204 0.0000000000
48946  -26.106  5.485  41.553 0.0000000000
26164  -27.439  6.231  41.544 0.0000000000
27909  -35.069  11.583  36.064 0.0000000000
28233  -24.592  11.904  41.148 0.0000000000
27172  -23.924  9.790  42.114 0.0000000000
26830  -24.682  8.456  41.450 0.0000000000
31869  -44.604  22.868  25.067 0.0000000000
32543  -44.935  25.211  21.364 0.0000000000
57875  -42.576  20.858  29.615 0.0000000000
27886  -29.863  10.372  40.043 0.0000000000
27527  -31.267  10.189  39.815 0.0000000000
27524  -30.893  9.718  40.292 0.0000000000
26142  -18.887  6.010  44.236 0.0000000000
48353  -11.608  2.069  48.436 0.0000000000
56904  -9.731  1.393  48.486 0.0000000000
28912  -40.332  14.246  33.294 0.0000000000
27897  -32.754  10.849  38.397 0.0000000000
25498  -23.531  4.280  42.070 0.0000000000
29224  -36.508  16.024  35.097 0.0000000000
29525  -36.014  16.674  35.372 0.0000000000
30165  -36.568  18.115  35.222 0.0000000000
28252  -28.384  12.425  38.705 0.0000000000
29213  -30.952  15.666  37.183 0.0000000000
58461  -30.807  15.067  37.284 0.0000000000
28591  -32.358  12.774  37.267 0.0000000000
28236  -25.824  11.612  40.077 0.0000000000
30846  -44.999  19.529  28.461 0.0000000000
30849  -45.434  19.621  27.842 0.0000000000
32193  -44.848  23.131  24.394 0.0000000000
31541  -47.534  21.620  23.770 0.0000000000
32550  -48.655  24.195  19.161 0.0000000000
32554  -49.398  24.330  18.606 0.0000000000
25477  -14.562  4.043  47.154 0.0000000000
24810  -15.020  2.390  46.614 0.0000000000
25158  -14.810  3.214  46.879 0.0000000000
58576  -13.709  2.288  47.584 0.0000000000
57632  -12.227  2.112  48.272 0.0000000000
29227  -37.854  14.818  34.488 0.0000000000
31161  -39.356  20.788  32.450 0.0000000000
30829  -39.601  20.073  32.645 0.0000000000
30176  -41.209  17.957  32.529 0.0000000000
30837  -43.354  19.161  30.294 0.0000000000
30495  -42.918  18.890  30.766 0.0000000000
30499  -44.499  18.805  29.607 0.0000000000
30502  -44.785  19.177  29.007 0.0000000000
53163  -43.168  24.347  26.730 0.0000000000
58174  -28.358  7.692  41.258 0.0000000000
48616  -28.990  8.042  41.270 0.0000000000
27523  -30.202  9.800  40.390 0.0000000000
27894  -32.392  10.428  39.034 0.0000000000
26138  -17.805  6.867  44.891 0.0000000000
25491  -19.658  4.408  43.712 0.0000000000
24085  -7.980  0.468  47.965 0.0000000000
24442  -7.784  1.235  47.982 0.0000000000
24443  -8.419  1.691  48.210 0.0000000000
49955  -25.006  10.534  41.089 0.0000000000
32879  -50.401  25.353  17.123 0.0000000000
24088  -10.672  0.738  48.437 0.0000000000
57296  -10.088  0.890  48.492 0.0000000000
24087  -9.494  0.658  48.415 0.0000000000
29232  -39.947  15.055  33.564 0.0000000000
27512  -22.894  10.529  42.943 0.0000000000
28580  -28.011  13.201  38.363 0.0000000000
31184  -45.437  20.696  26.877 0.0000000000
32197  -44.817  23.991  23.402 0.0000000000
24091  -12.617  0.769  47.811 0.0000000000
32185  -43.060  23.705  26.990 0.0000000000
27520  -27.864  9.858  40.123 0.0000000000
25161  -17.161  3.449  45.112 0.0000000000
26146  -20.411  5.931  43.504 0.0000000000
25829  -25.144  5.286  41.513 0.0000000000
32541  -44.655  24.964  22.263 0.0000000000
53089  -15.835  3.771  46.094 0.0000000000
32182  -42.230  24.026  28.099 0.0000000000
53324  -22.078  3.620  42.755 0.0000000000
50820  -11.302  2.773  48.444 0.0000000000
50821  -10.568  2.785  48.435 0.0000000000
51562  -9.821  2.810  48.361 0.0000000000
25144  -9.102  2.987  48.210 0.0000000000
32535  -43.533  25.612  24.641 0.0000000000
27167  -21.420  9.426  43.972 0.0000000000
26491  -21.003  8.217  43.887 0.0000000000
26494  -21.281  7.365  43.417 0.0000000000
29847  -37.642  17.518  34.777 0.0000000000
30482  -37.171  19.466  34.587 0.0000000000
27890  -28.825  10.994  39.587 0.0000000000
56933  -27.904  11.985  39.049 0.0000000000
28893  -29.743  14.442  37.590 0.0000000000
28235  -25.142  11.812  40.631 0.0000000000
31537  -46.507  21.687  24.732 0.0000000000
25475  -13.403  4.809  47.602 0.0000000000
25149  -13.079  3.355  47.990 0.0000000000
25155  -14.231  3.272  47.323 0.0000000000
24804  -14.029  2.064  47.308 0.0000000000
57797  -13.910  2.674  47.503 0.0000000000
25154  -13.693  3.281  47.694 0.0000000000
24089  -11.388  0.616  48.260 0.0000000000
30828  -39.055  20.277  33.008 0.0000000000
29854  -40.905  17.377  32.959 0.0000000000
29538  -41.240  16.760  32.827 0.0000000000
29539  -41.502  16.034  32.675 0.0000000000
49332  -29.748  8.359  41.229 0.0000000000
27528  -31.984  10.008  39.614 0.0000000000
52975  -15.880  6.114  46.197 0.0000000000
53310  -17.037  6.863  45.403 0.0000000000
24813  -16.803  2.644  45.371 0.0000000000
25820  -19.673  5.981  43.875 0.0000000000
25166  -21.106  3.446  43.185 0.0000000000
25164  -19.324  3.605  43.871 0.0000000000
25163  -18.561  3.512  44.223 0.0000000000
23746  -9.336  -0.225  48.220 0.0000000000
24086  -8.745  0.452  48.231 0.0000000000
24797  -8.468  2.494  48.149 0.0000000000
24449  -6.516  0.877  47.291 0.0000000000
47546  -6.363  1.661  47.286 0.0000000000
24441  -7.062  1.474  47.663 0.0000000000
