#!ascii label  , from subject sub-1016 vox2ras=TkReg
647
30500  -45.013  18.474  29.208 0.0000000000
31554  -51.488  21.365  20.273 0.0000000000
30861  -48.257  20.258  24.572 0.0000000000
48485  -16.724  0.259  45.862 0.0000000000
29539  -41.502  16.034  32.675 0.0000000000
25504  -30.560  3.934  42.674 0.0000000000
25849  -36.064  5.895  39.768 0.0000000000
27550  -38.452  9.766  35.139 0.0000000000
27918  -40.336  11.422  33.460 0.0000000000
51829  -25.014  4.298  41.774 0.0000000000
24826  -27.337  1.899  42.706 0.0000000000
26156  -28.304  6.041  41.900 0.0000000000
27194  -33.745  8.526  39.579 0.0000000000
27208  -36.298  9.113  37.088 0.0000000000
28923  -44.792  14.442  29.906 0.0000000000
28931  -46.341  14.515  28.163 0.0000000000
31199  -50.243  20.362  22.265 0.0000000000
30506  -46.390  18.968  27.151 0.0000000000
32214  -50.732  23.556  18.686 0.0000000000
47602  -13.486  -0.718  47.103 0.0000000000
28615  -42.778  13.186  31.688 0.0000000000
51609  -43.328  16.848  31.320 0.0000000000
26836  -31.072  7.853  41.313 0.0000000000
25840  -33.035  5.492  41.474 0.0000000000
29558  -48.068  15.974  26.247 0.0000000000
32229  -53.665  24.385  15.065 0.0000000000
27912  -37.692  10.925  34.930 0.0000000000
55379  -38.809  11.933  34.196 0.0000000000
26155  -26.997  5.566  41.693 0.0000000000
27541  -35.422  10.067  36.991 0.0000000000
27910  -36.291  11.034  35.632 0.0000000000
27544  -37.276  9.462  36.136 0.0000000000
29548  -44.897  16.554  30.113 0.0000000000
28925  -45.462  14.247  29.149 0.0000000000
52692  -45.722  16.543  29.088 0.0000000000
31202  -50.630  20.727  21.581 0.0000000000
30524  -50.965  19.316  22.304 0.0000000000
31558  -52.439  21.441  19.295 0.0000000000
24459  -16.436  1.856  45.726 0.0000000000
24101  -15.472  0.199  46.461 0.0000000000
57650  -40.801  13.914  32.995 0.0000000000
27921  -41.713  11.474  32.531 0.0000000000
28915  -41.812  14.268  32.348 0.0000000000
28919  -43.077  14.706  31.556 0.0000000000
29542  -42.779  16.367  31.772 0.0000000000
25170  -28.585  3.001  42.734 0.0000000000
47668  -27.886  1.345  42.755 0.0000000000
24829  -29.835  2.380  42.854 0.0000000000
24835  -31.246  2.229  42.626 0.0000000000
27523  -30.202  9.800  40.390 0.0000000000
27525  -31.584  9.545  40.145 0.0000000000
26847  -35.102  7.399  39.460 0.0000000000
26514  -34.056  7.071  40.251 0.0000000000
25845  -34.842  5.505  40.473 0.0000000000
58344  -33.796  3.977  41.205 0.0000000000
24471  -20.660  1.731  43.665 0.0000000000
24108  -21.602  0.224  44.073 0.0000000000
23432  -20.974  -1.643  44.731 0.0000000000
51747  -47.778  19.263  25.673 0.0000000000
52339  -47.437  17.711  26.461 0.0000000000
30202  -48.744  18.176  25.171 0.0000000000
32232  -54.427  23.894  14.108 0.0000000000
23077  -15.843  -2.451  46.664 0.0000000000
26864  -39.684  8.127  35.528 0.0000000000
27220  -40.514  8.902  34.401 0.0000000000
27555  -39.596  10.023  34.327 0.0000000000
28274  -40.057  12.566  33.463 0.0000000000
24823  -24.213  2.043  42.758 0.0000000000
24475  -25.405  1.234  43.005 0.0000000000
25176  -26.142  2.790  42.371 0.0000000000
25501  -28.174  4.466  42.384 0.0000000000
25833  -29.312  5.034  42.453 0.0000000000
27529  -32.711  9.719  39.409 0.0000000000
27537  -34.271  10.144  37.877 0.0000000000
27199  -34.988  8.508  38.700 0.0000000000
26851  -36.514  7.661  38.402 0.0000000000
26855  -37.671  7.747  37.560 0.0000000000
27211  -38.408  8.469  36.203 0.0000000000
25498  -23.531  4.280  42.070 0.0000000000
27928  -44.496  11.527  30.759 0.0000000000
27573  -45.704  10.350  30.499 0.0000000000
28284  -45.114  12.525  29.832 0.0000000000
28287  -46.331  12.146  28.998 0.0000000000
31195  -49.261  20.370  23.362 0.0000000000
30515  -49.397  18.839  24.306 0.0000000000
30519  -50.326  18.650  23.455 0.0000000000
22717  -8.645  -3.082  47.328 0.0000000000
30194  -45.797  18.349  28.173 0.0000000000
31188  -46.224  21.114  25.711 0.0000000000
31542  -48.261  21.314  23.431 0.0000000000
31545  -48.592  21.611  22.686 0.0000000000
31549  -49.631  21.707  21.581 0.0000000000
31892  -50.732  22.445  19.864 0.0000000000
48114  -51.484  22.324  19.364 0.0000000000
32213  -49.996  23.699  19.020 0.0000000000
56856  -13.837  -2.725  46.967 0.0000000000
23072  -11.772  -2.748  47.281 0.0000000000
54655  -10.085  -3.347  47.478 0.0000000000
27230  -43.475  8.829  32.251 0.0000000000
27560  -41.369  9.937  33.243 0.0000000000
27564  -42.585  10.016  32.319 0.0000000000
27924  -43.155  11.584  31.613 0.0000000000
53682  -43.724  13.747  31.004 0.0000000000
29546  -44.111  15.843  30.806 0.0000000000
30184  -44.222  17.839  30.406 0.0000000000
56265  -25.999  -0.009  43.240 0.0000000000
26834  -29.659  7.600  41.573 0.0000000000
25835  -30.854  5.790  42.199 0.0000000000
27189  -32.553  8.620  40.234 0.0000000000
26510  -32.136  6.973  41.329 0.0000000000
25836  -31.645  5.131  42.175 0.0000000000
25179  -32.426  3.549  42.112 0.0000000000
24814  -17.575  2.545  44.887 0.0000000000
24465  -19.025  1.897  44.235 0.0000000000
23763  -18.375  -0.292  45.430 0.0000000000
29869  -46.468  17.323  27.698 0.0000000000
29250  -47.158  15.237  27.116 0.0000000000
28631  -48.074  13.514  26.333 0.0000000000
53640  -49.543  16.813  24.923 0.0000000000
31895  -51.778  22.761  18.679 0.0000000000
31899  -53.170  22.649  17.453 0.0000000000
31901  -53.627  22.893  16.687 0.0000000000
32223  -52.989  24.159  16.396 0.0000000000
31902  -54.045  22.938  15.956 0.0000000000
27914  -37.426  11.632  34.802 0.0000000000
28271  -37.955  12.293  34.488 0.0000000000
28270  -37.138  12.505  34.736 0.0000000000
55934  -35.638  11.120  35.984 0.0000000000
28267  -36.649  11.777  35.111 0.0000000000
27911  -37.072  10.944  35.259 0.0000000000
29863  -45.250  16.988  29.660 0.0000000000
29549  -45.326  16.141  29.627 0.0000000000
29866  -45.643  17.319  28.964 0.0000000000
31205  -51.051  21.066  20.921 0.0000000000
30873  -51.617  19.894  21.225 0.0000000000
31206  -51.740  20.597  20.639 0.0000000000
31207  -52.434  20.396  20.147 0.0000000000
31209  -52.124  21.063  19.941 0.0000000000
51202  -16.860  0.932  45.647 0.0000000000
24102  -15.974  1.017  46.118 0.0000000000
56343  -16.196  0.077  46.133 0.0000000000
28914  -41.059  14.525  32.868 0.0000000000
28612  -41.234  13.549  32.695 0.0000000000
29235  -41.669  15.179  32.523 0.0000000000
29236  -42.222  15.804  32.182 0.0000000000
24109  -23.389  -0.067  43.875 0.0000000000
25503  -29.856  3.781  42.761 0.0000000000
24828  -29.082  2.361  42.819 0.0000000000
25172  -30.247  3.169  42.805 0.0000000000
24830  -30.577  2.579  42.790 0.0000000000
50132  -31.105  3.244  42.647 0.0000000000
26171  -35.402  6.525  39.806 0.0000000000
26518  -34.809  7.003  39.865 0.0000000000
26169  -35.320  5.888  40.122 0.0000000000
51793  -34.943  4.878  40.494 0.0000000000
24473  -22.693  1.314  43.352 0.0000000000
55641  -22.534  0.038  43.980 0.0000000000
23770  -21.890  -0.512  44.257 0.0000000000
26879  -44.249  8.607  31.885 0.0000000000
30859  -48.286  19.528  25.047 0.0000000000
30198  -47.901  18.394  25.850 0.0000000000
30512  -48.319  18.881  25.299 0.0000000000
27215  -38.764  8.966  35.509 0.0000000000
27219  -39.839  9.201  34.639 0.0000000000
27554  -38.911  10.301  34.563 0.0000000000
28272  -39.318  12.783  33.861 0.0000000000
28608  -39.822  13.500  33.564 0.0000000000
55850  -24.352  3.749  42.012 0.0000000000
24833  -25.138  2.434  42.485 0.0000000000
25499  -26.047  3.785  42.034 0.0000000000
55273  -27.751  5.576  41.913 0.0000000000
25831  -27.520  4.865  42.081 0.0000000000
25832  -28.441  5.173  42.234 0.0000000000
25825  -28.841  4.440  42.536 0.0000000000
48224  -29.098  5.772  42.189 0.0000000000
27898  -33.498  10.546  38.117 0.0000000000
27539  -35.688  9.388  37.391 0.0000000000
27538  -35.011  9.739  37.638 0.0000000000
27203  -35.363  9.004  38.012 0.0000000000
27200  -35.825  8.302  38.282 0.0000000000
27201  -36.430  8.252  37.936 0.0000000000
26854  -37.017  7.998  37.795 0.0000000000
27205  -36.694  8.555  37.428 0.0000000000
27214  -38.035  9.236  35.805 0.0000000000
27210  -37.686  8.730  36.508 0.0000000000
26863  -39.112  8.243  35.867 0.0000000000
57801  -24.236  4.352  41.859 0.0000000000
28619  -44.612  13.342  30.125 0.0000000000
28285  -45.103  11.712  30.230 0.0000000000
29245  -45.857  14.909  28.840 0.0000000000
28622  -45.871  13.227  28.830 0.0000000000
28928  -46.362  13.531  28.266 0.0000000000
28624  -46.586  12.656  28.476 0.0000000000
28929  -46.716  13.760  27.767 0.0000000000
30869  -49.868  20.037  22.956 0.0000000000
30866  -49.534  19.715  23.613 0.0000000000
30867  -50.100  19.359  23.217 0.0000000000
30212  -51.715  18.532  22.090 0.0000000000
31880  -48.187  22.147  22.255 0.0000000000
31885  -49.194  22.296  21.268 0.0000000000
31889  -49.358  22.768  20.581 0.0000000000
31552  -50.026  22.188  20.737 0.0000000000
31891  -49.973  22.838  20.039 0.0000000000
32212  -50.395  23.127  19.378 0.0000000000
49253  -13.926  0.427  47.062 0.0000000000
23749  -12.380  -0.085  47.715 0.0000000000
55497  -14.993  -3.612  46.879 0.0000000000
23418  -14.937  -2.007  46.740 0.0000000000
22729  -14.075  -3.412  46.957 0.0000000000
22377  -12.088  -4.205  47.062 0.0000000000
22376  -11.403  -4.470  47.103 0.0000000000
22719  -10.910  -2.876  47.453 0.0000000000
22375  -10.208  -4.124  47.295 0.0000000000
22374  -9.565  -4.047  47.291 0.0000000000
27559  -40.673  10.308  33.573 0.0000000000
27224  -40.923  9.411  33.821 0.0000000000
27923  -42.363  12.224  32.000 0.0000000000
27922  -42.470  11.025  32.103 0.0000000000
28281  -43.831  12.212  31.101 0.0000000000
28616  -43.445  13.120  31.224 0.0000000000
29543  -43.477  16.089  31.298 0.0000000000
29239  -43.610  15.282  31.202 0.0000000000
29544  -43.976  16.589  30.896 0.0000000000
29862  -44.481  17.033  30.447 0.0000000000
29861  -43.823  17.297  30.878 0.0000000000
24825  -26.575  2.117  42.649 0.0000000000
24112  -25.732  0.604  43.129 0.0000000000
24477  -27.122  1.150  42.821 0.0000000000
27180  -30.598  8.592  41.048 0.0000000000
49332  -29.748  8.359  41.229 0.0000000000
26835  -30.363  7.820  41.451 0.0000000000
26502  -30.277  7.124  41.771 0.0000000000
55280  -30.819  7.337  41.600 0.0000000000
27530  -33.440  9.361  39.187 0.0000000000
26845  -33.136  8.376  40.024 0.0000000000
26166  -33.504  5.852  41.118 0.0000000000
26513  -33.179  7.166  40.715 0.0000000000
26511  -32.847  6.379  41.255 0.0000000000
25839  -32.311  5.733  41.747 0.0000000000
25837  -32.550  4.949  41.870 0.0000000000
25506  -32.114  4.287  42.191 0.0000000000
25508  -32.842  4.215  41.836 0.0000000000
26525  -38.008  6.422  38.341 0.0000000000
24817  -19.799  2.200  43.876 0.0000000000
24466  -19.892  1.203  44.186 0.0000000000
56224  -19.010  1.135  44.543 0.0000000000
49943  -20.282  -2.046  45.032 0.0000000000
30195  -46.302  18.194  27.553 0.0000000000
29874  -47.786  16.773  26.405 0.0000000000
29557  -47.496  16.033  26.855 0.0000000000
29252  -47.723  15.223  26.491 0.0000000000
28934  -47.362  14.366  26.646 0.0000000000
28935  -47.974  14.516  26.142 0.0000000000
30204  -50.104  17.641  24.218 0.0000000000
30203  -49.527  17.719  24.701 0.0000000000
52880  -50.189  16.571  24.437 0.0000000000
31894  -51.092  22.931  19.054 0.0000000000
32215  -51.421  23.377  18.375 0.0000000000
32219  -52.490  23.428  17.499 0.0000000000
32220  -53.082  23.470  16.867 0.0000000000
32889  -53.117  25.060  15.199 0.0000000000
32566  -52.793  24.853  15.965 0.0000000000
32226  -53.331  24.313  15.737 0.0000000000
31905  -53.500  23.599  16.206 0.0000000000
32227  -53.859  23.705  15.508 0.0000000000
31907  -54.386  23.073  15.209 0.0000000000
31908  -55.166  22.718  14.223 0.0000000000
27553  -38.241  10.580  34.798 0.0000000000
57200  -38.697  11.044  34.415 0.0000000000
27915  -38.132  11.399  34.577 0.0000000000
28604  -38.527  13.012  34.204 0.0000000000
25830  -26.000  4.674  41.763 0.0000000000
27909  -35.069  11.583  36.064 0.0000000000
27547  -35.971  10.349  36.327 0.0000000000
27543  -36.547  9.616  36.511 0.0000000000
27209  -36.976  8.946  36.807 0.0000000000
27548  -36.797  10.243  35.867 0.0000000000
27549  -37.649  10.150  35.404 0.0000000000
29242  -44.751  15.671  30.161 0.0000000000
29244  -45.335  15.222  29.461 0.0000000000
29550  -45.773  15.757  29.051 0.0000000000
29551  -46.068  16.149  28.649 0.0000000000
30870  -50.452  19.667  22.566 0.0000000000
30872  -50.954  19.955  21.865 0.0000000000
30525  -51.529  19.198  21.810 0.0000000000
31213  -53.014  21.131  18.965 0.0000000000
24096  -14.624  0.733  46.763 0.0000000000
23754  -13.876  -0.327  47.005 0.0000000000
28275  -40.740  12.421  33.060 0.0000000000
27920  -41.075  11.744  32.931 0.0000000000
57150  -40.992  12.955  32.859 0.0000000000
28614  -42.005  13.307  32.159 0.0000000000
28918  -42.544  14.059  31.858 0.0000000000
28916  -42.379  14.937  32.025 0.0000000000
29238  -42.940  15.541  31.689 0.0000000000
48567  -27.846  2.590  42.657 0.0000000000
24827  -28.286  2.128  42.735 0.0000000000
24478  -28.829  1.569  42.776 0.0000000000
24117  -30.901  1.272  42.623 0.0000000000
27524  -30.893  9.718  40.292 0.0000000000
27181  -31.159  9.082  40.610 0.0000000000
27195  -34.450  8.345  39.236 0.0000000000
26842  -33.569  7.813  40.138 0.0000000000
25844  -34.141  5.725  40.804 0.0000000000
57590  -33.844  4.580  41.183 0.0000000000
25842  -34.351  5.025  40.842 0.0000000000
53324  -22.078  3.620  42.755 0.0000000000
24821  -22.224  2.087  43.109 0.0000000000
57579  -20.979  0.248  44.242 0.0000000000
23766  -20.524  -0.972  44.807 0.0000000000
23767  -21.297  -0.963  44.543 0.0000000000
30855  -47.050  19.738  26.134 0.0000000000
29873  -46.925  18.433  26.777 0.0000000000
57112  -47.387  18.365  26.319 0.0000000000
30199  -48.289  17.393  25.780 0.0000000000
32559  -50.755  24.658  17.584 0.0000000000
32217  -51.103  24.011  18.013 0.0000000000
32568  -53.520  24.881  14.657 0.0000000000
32230  -54.161  23.805  14.806 0.0000000000
32569  -53.936  24.432  14.421 0.0000000000
32571  -54.102  24.492  13.730 0.0000000000
55441  -17.041  -1.360  46.265 0.0000000000
23425  -16.313  -1.133  46.365 0.0000000000
26868  -40.798  8.073  34.733 0.0000000000
26867  -40.086  8.449  34.995 0.0000000000
27556  -40.263  9.717  34.096 0.0000000000
27558  -40.052  10.495  33.888 0.0000000000
27916  -39.418  11.020  34.067 0.0000000000
27917  -39.588  11.948  33.803 0.0000000000
28611  -40.568  13.312  33.128 0.0000000000
28912  -40.332  14.246  33.294 0.0000000000
57418  -23.655  1.296  43.226 0.0000000000
24474  -24.551  1.253  43.125 0.0000000000
24824  -25.035  1.764  42.827 0.0000000000
24834  -25.795  1.929  42.698 0.0000000000
25168  -27.124  2.683  42.576 0.0000000000
48563  -26.831  4.289  42.058 0.0000000000
25177  -26.949  3.460  42.315 0.0000000000
25169  -27.770  3.263  42.567 0.0000000000
25494  -28.370  3.826  42.585 0.0000000000
25502  -29.542  4.371  42.644 0.0000000000
25834  -29.925  4.841  42.552 0.0000000000
27533  -33.115  10.121  38.804 0.0000000000
27534  -33.857  9.758  38.554 0.0000000000
27903  -34.720  10.503  37.192 0.0000000000
27535  -34.613  9.357  38.300 0.0000000000
27198  -34.184  8.980  38.937 0.0000000000
26849  -34.909  7.936  39.207 0.0000000000
26850  -35.607  7.689  38.925 0.0000000000
26522  -36.283  7.037  39.027 0.0000000000
26520  -36.781  6.313  39.218 0.0000000000
26523  -37.047  6.961  38.663 0.0000000000
26852  -37.325  7.419  38.116 0.0000000000
26527  -37.879  7.251  37.856 0.0000000000
27206  -37.360  8.331  37.184 0.0000000000
26858  -38.046  8.057  36.917 0.0000000000
26856  -38.281  7.411  37.339 0.0000000000
58016  -39.195  7.256  36.616 0.0000000000
25173  -22.989  3.548  42.404 0.0000000000
27571  -44.517  10.701  30.976 0.0000000000
27929  -45.069  10.947  30.551 0.0000000000
27930  -45.593  11.115  30.183 0.0000000000
27933  -45.790  11.719  29.662 0.0000000000
28621  -45.206  13.406  29.476 0.0000000000
28286  -45.631  12.590  29.308 0.0000000000
30865  -48.952  20.024  24.029 0.0000000000
30514  -48.872  18.999  24.757 0.0000000000
30863  -49.218  19.392  24.195 0.0000000000
30516  -49.870  18.316  24.129 0.0000000000
30206  -50.599  17.819  23.658 0.0000000000
30521  -50.676  19.016  22.843 0.0000000000
30209  -50.958  18.332  23.019 0.0000000000
30502  -44.785  19.177  29.007 0.0000000000
30191  -45.506  18.081  28.778 0.0000000000
30503  -45.341  18.873  28.466 0.0000000000
30849  -45.434  19.621  27.842 0.0000000000
30850  -45.981  19.440  27.344 0.0000000000
30854  -46.384  19.640  26.804 0.0000000000
30858  -47.655  20.035  25.351 0.0000000000
31191  -47.485  20.758  24.920 0.0000000000
31193  -47.918  21.019  24.185 0.0000000000
31194  -48.619  20.682  23.792 0.0000000000
31197  -48.948  21.013  23.054 0.0000000000
31546  -49.280  21.336  22.320 0.0000000000
31884  -48.544  22.367  21.638 0.0000000000
31548  -48.922  21.921  21.971 0.0000000000
31201  -49.960  21.049  21.941 0.0000000000
31550  -50.359  21.421  21.215 0.0000000000
31553  -50.834  21.749  20.503 0.0000000000
31556  -51.284  21.931  19.939 0.0000000000
32555  -50.336  24.185  18.285 0.0000000000
23419  -15.721  -1.592  46.559 0.0000000000
23417  -14.196  -1.140  46.879 0.0000000000
23416  -13.408  -1.424  47.073 0.0000000000
48936  -13.519  -3.909  47.002 0.0000000000
23074  -13.285  -2.244  47.045 0.0000000000
23415  -12.651  -1.627  47.243 0.0000000000
23066  -11.918  -1.908  47.419 0.0000000000
23065  -10.706  -1.962  47.711 0.0000000000
23064  -10.019  -1.746  47.864 0.0000000000
22724  -9.284  -3.270  47.432 0.0000000000
27232  -43.921  9.540  31.665 0.0000000000
27225  -41.598  9.045  33.553 0.0000000000
27562  -41.141  10.881  33.019 0.0000000000
27563  -41.875  10.471  32.667 0.0000000000
27566  -43.296  10.445  31.735 0.0000000000
27567  -44.018  10.338  31.320 0.0000000000
27925  -43.889  11.135  31.255 0.0000000000
28618  -44.065  13.160  30.751 0.0000000000
28922  -44.176  14.039  30.571 0.0000000000
53272  -43.210  13.891  31.396 0.0000000000
28920  -43.691  14.455  31.081 0.0000000000
29241  -44.207  14.974  30.634 0.0000000000
29547  -44.480  16.355  30.515 0.0000000000
56687  -44.886  17.025  30.080 0.0000000000
30188  -44.687  18.142  29.822 0.0000000000
29538  -41.240  16.760  32.827 0.0000000000
51945  -41.987  16.717  32.299 0.0000000000
29860  -42.637  17.163  31.749 0.0000000000
30179  -43.179  17.553  31.256 0.0000000000
30183  -43.607  17.882  30.838 0.0000000000
30496  -44.219  18.468  30.083 0.0000000000
30499  -44.499  18.805  29.607 0.0000000000
24114  -27.385  0.607  42.856 0.0000000000
58174  -28.358  7.692  41.258 0.0000000000
48616  -28.990  8.042  41.270 0.0000000000
26157  -28.945  6.534  41.890 0.0000000000
55343  -29.573  6.238  42.111 0.0000000000
50470  -29.956  5.573  42.356 0.0000000000
52228  -30.640  4.841  42.491 0.0000000000
27528  -31.984  10.008  39.614 0.0000000000
27192  -32.288  9.306  39.949 0.0000000000
26840  -32.165  8.177  40.703 0.0000000000
26841  -32.848  7.946  40.465 0.0000000000
56545  -32.464  7.495  40.916 0.0000000000
26837  -31.785  7.690  41.138 0.0000000000
26165  -31.651  6.655  41.664 0.0000000000
25505  -31.322  4.186  42.468 0.0000000000
53274  -31.784  3.645  42.398 0.0000000000
25178  -31.886  2.935  42.399 0.0000000000
24813  -16.803  2.644  45.371 0.0000000000
24818  -19.745  2.968  43.748 0.0000000000
25163  -18.561  3.512  44.223 0.0000000000
24462  -18.211  1.614  44.727 0.0000000000
58133  -17.903  1.074  45.059 0.0000000000
24103  -17.434  -0.156  45.726 0.0000000000
23426  -17.888  -1.164  45.942 0.0000000000
23431  -20.095  -1.521  45.066 0.0000000000
30192  -45.967  17.681  28.266 0.0000000000
29867  -46.133  16.825  28.383 0.0000000000
29553  -46.442  16.083  28.120 0.0000000000
29870  -47.084  16.898  27.126 0.0000000000
29554  -46.940  16.043  27.504 0.0000000000
29249  -46.650  15.307  27.807 0.0000000000
28932  -46.859  14.430  27.413 0.0000000000
30200  -49.001  17.373  25.216 0.0000000000
29877  -48.864  16.708  25.492 0.0000000000
31557  -51.833  21.712  19.637 0.0000000000
31560  -52.125  22.100  18.963 0.0000000000
31561  -52.740  21.797  18.637 0.0000000000
31898  -52.000  23.194  18.098 0.0000000000
31896  -52.479  22.571  18.191 0.0000000000
31564  -53.050  22.064  18.065 0.0000000000
31565  -53.546  21.829  17.719 0.0000000000
31568  -53.805  22.176  17.067 0.0000000000
57737  -54.049  22.398  16.471 0.0000000000
31910  -54.667  23.266  14.492 0.0000000000
30189  -45.177  17.754  29.438 0.0000000000
30875  -52.211  19.879  20.674 0.0000000000
29234  -40.999  15.458  32.979 0.0000000000
57062  -23.730  0.290  43.701 0.0000000000
57261  -36.053  6.570  39.475 0.0000000000
27218  -39.158  9.478  34.878 0.0000000000
28607  -39.082  13.704  33.944 0.0000000000
25175  -25.192  3.306  42.121 0.0000000000
27542  -35.982  9.691  36.862 0.0000000000
27204  -36.053  8.762  37.701 0.0000000000
29247  -46.179  15.470  28.449 0.0000000000
28926  -45.946  14.105  28.625 0.0000000000
31198  -49.599  20.703  22.659 0.0000000000
29886  -51.831  17.548  22.625 0.0000000000
31544  -47.851  21.881  23.013 0.0000000000
32206  -49.445  23.166  20.013 0.0000000000
23750  -13.196  0.052  47.361 0.0000000000
23410  -12.843  -0.786  47.352 0.0000000000
22379  -14.296  -4.309  46.953 0.0000000000
22725  -10.796  -3.839  47.268 0.0000000000
47643  -9.951  -4.738  47.193 0.0000000000
28280  -43.112  12.470  31.520 0.0000000000
24476  -26.376  1.344  42.845 0.0000000000
27193  -32.983  8.993  39.739 0.0000000000
50688  -33.235  4.787  41.526 0.0000000000
56091  -19.933  -0.335  44.828 0.0000000000
29253  -48.324  15.217  25.938 0.0000000000
29879  -49.984  17.185  24.480 0.0000000000
32222  -52.644  23.984  16.905 0.0000000000
28603  -37.691  13.248  34.497 0.0000000000
30528  -52.073  19.267  21.127 0.0000000000
30526  -52.097  18.645  21.574 0.0000000000
31210  -52.717  20.794  19.576 0.0000000000
55552  -15.180  1.054  46.497 0.0000000000
23755  -14.656  -0.287  46.744 0.0000000000
57065  -29.362  1.986  42.827 0.0000000000
24479  -30.386  1.856  42.784 0.0000000000
26846  -34.385  7.733  39.686 0.0000000000
26515  -34.626  6.303  40.311 0.0000000000
24822  -22.642  2.801  42.764 0.0000000000
25167  -21.874  2.846  43.001 0.0000000000
24468  -22.228  0.692  43.745 0.0000000000
23769  -20.948  -0.302  44.458 0.0000000000
23771  -22.815  -0.647  44.092 0.0000000000
30510  -47.321  18.900  26.236 0.0000000000
22381  -15.832  -4.192  46.774 0.0000000000
54875  -26.710  4.971  41.833 0.0000000000
25500  -27.625  4.022  42.338 0.0000000000
26519  -35.630  7.042  39.409 0.0000000000
26859  -38.796  7.698  36.611 0.0000000000
55971  -46.823  12.117  28.670 0.0000000000
28290  -47.281  12.099  28.331 0.0000000000
30518  -49.750  19.053  23.833 0.0000000000
23062  -8.602  -1.764  47.651 0.0000000000
23071  -8.162  -2.467  47.328 0.0000000000
30853  -45.765  20.041  27.123 0.0000000000
31185  -46.198  20.453  26.380 0.0000000000
30857  -46.930  20.567  25.633 0.0000000000
32211  -49.816  23.301  19.600 0.0000000000
23748  -11.641  -0.125  47.988 0.0000000000
23075  -14.525  -2.776  46.883 0.0000000000
51193  -14.032  -2.053  46.923 0.0000000000
54689  -13.586  -4.565  46.998 0.0000000000
22727  -12.440  -3.458  47.083 0.0000000000
23073  -12.544  -2.514  47.146 0.0000000000
52062  -10.167  -2.480  47.655 0.0000000000
22718  -9.650  -2.756  47.607 0.0000000000
22044  -9.160  -4.880  47.090 0.0000000000
27221  -41.157  8.608  34.138 0.0000000000
27228  -42.065  9.532  32.919 0.0000000000
27229  -42.753  9.136  32.594 0.0000000000
30185  -44.817  17.474  30.008 0.0000000000
29857  -41.941  17.567  32.135 0.0000000000
30178  -42.504  17.908  31.589 0.0000000000
30182  -43.051  18.216  31.052 0.0000000000
52732  -43.638  18.500  30.506 0.0000000000
24470  -24.869  0.613  43.343 0.0000000000
26501  -29.608  6.876  41.875 0.0000000000
26159  -30.980  6.659  41.851 0.0000000000
26158  -30.216  6.389  42.069 0.0000000000
27894  -32.392  10.428  39.034 0.0000000000
27188  -31.870  8.867  40.445 0.0000000000
57557  -32.660  7.004  41.068 0.0000000000
54747  -32.113  6.361  41.601 0.0000000000
26160  -31.602  6.062  41.908 0.0000000000
25509  -33.388  4.212  41.477 0.0000000000
24461  -17.313  1.585  45.225 0.0000000000
24820  -21.318  2.337  43.286 0.0000000000
25166  -21.106  3.446  43.185 0.0000000000
24819  -20.450  2.701  43.532 0.0000000000
24816  -19.102  2.786  44.014 0.0000000000
24815  -18.343  2.614  44.406 0.0000000000
24463  -18.525  0.622  44.979 0.0000000000
24105  -17.638  0.568  45.372 0.0000000000
27235  -45.307  9.679  30.977 0.0000000000
51214  -46.602  16.638  27.770 0.0000000000
57994  -46.833  17.714  27.119 0.0000000000
28629  -48.006  12.779  27.022 0.0000000000
52729  -49.290  18.419  24.620 0.0000000000
29560  -49.246  16.034  25.245 0.0000000000
32218  -51.794  23.796  17.763 0.0000000000
31572  -54.480  22.177  15.962 0.0000000000
52239  -35.770  11.929  35.521 0.0000000000
31203  -51.199  20.454  21.247 0.0000000000
30877  -52.921  20.222  19.771 0.0000000000
25171  -29.470  3.078  42.831 0.0000000000
58251  -35.245  6.993  39.643 0.0000000000
25846  -35.579  5.212  40.146 0.0000000000
27216  -39.440  8.727  35.228 0.0000000000
24832  -24.367  2.926  42.296 0.0000000000
28283  -44.549  12.425  30.471 0.0000000000
30522  -51.231  18.749  22.439 0.0000000000
30210  -51.544  18.123  22.561 0.0000000000
31217  -53.803  21.116  17.991 0.0000000000
48836  -11.991  -0.955  47.633 0.0000000000
23076  -15.237  -2.833  46.792 0.0000000000
22378  -12.866  -4.314  47.025 0.0000000000
22726  -11.561  -3.594  47.181 0.0000000000
24113  -26.571  0.601  42.995 0.0000000000
24115  -28.254  0.727  42.756 0.0000000000
27187  -30.538  9.289  40.658 0.0000000000
27517  -29.822  9.181  40.807 0.0000000000
26168  -33.737  6.417  40.762 0.0000000000
24106  -19.475  0.467  44.679 0.0000000000
54631  -19.109  -0.066  45.038 0.0000000000
30505  -45.900  18.920  27.779 0.0000000000
58335  -54.401  22.646  15.603 0.0000000000
32233  -54.959  23.321  13.779 0.0000000000
26164  -27.439  6.231  41.544 0.0000000000
26507  -28.095  6.934  41.479 0.0000000000
27906  -34.508  11.325  36.695 0.0000000000
27907  -35.211  10.814  36.538 0.0000000000
24457  -15.267  1.655  46.408 0.0000000000
24452  -14.629  1.685  46.822 0.0000000000
28277  -41.434  12.525  32.585 0.0000000000
26839  -31.448  8.395  40.913 0.0000000000
25841  -33.697  5.246  41.180 0.0000000000
25511  -34.543  4.185  40.753 0.0000000000
24472  -21.667  1.351  43.525 0.0000000000
24107  -20.370  0.331  44.408 0.0000000000
30509  -46.821  19.144  26.623 0.0000000000
29875  -48.340  16.577  25.941 0.0000000000
53243  -51.485  24.450  17.373 0.0000000000
32893  -53.624  24.996  14.076 0.0000000000
23761  -16.810  -0.580  46.074 0.0000000000
23082  -16.647  -2.002  46.486 0.0000000000
22730  -15.849  -3.300  46.759 0.0000000000
24469  -24.053  0.666  43.488 0.0000000000
25495  -29.125  3.753  42.723 0.0000000000
56805  -30.116  4.356  42.647 0.0000000000
27901  -33.092  11.462  37.640 0.0000000000
27902  -33.952  10.978  37.388 0.0000000000
26174  -37.522  6.387  38.730 0.0000000000
26524  -37.705  6.877  38.287 0.0000000000
26528  -38.307  6.776  37.840 0.0000000000
26530  -38.897  6.949  37.125 0.0000000000
25174  -23.750  3.435  42.211 0.0000000000
24831  -23.518  2.766  42.507 0.0000000000
30862  -48.732  19.652  24.536 0.0000000000
29880  -50.475  17.119  24.069 0.0000000000
51276  -9.326  -1.715  47.848 0.0000000000
23760  -16.058  -0.451  46.273 0.0000000000
23424  -15.534  -0.746  46.479 0.0000000000
52050  -15.005  -1.160  46.653 0.0000000000
57342  -13.020  -3.706  47.029 0.0000000000
22728  -13.247  -3.138  47.019 0.0000000000
55015  -11.314  -2.185  47.526 0.0000000000
54810  -9.645  -2.231  47.747 0.0000000000
23063  -9.050  -2.465  47.583 0.0000000000
22373  -8.692  -3.920  47.161 0.0000000000
27231  -43.157  9.558  32.040 0.0000000000
30498  -43.916  19.038  29.963 0.0000000000
51007  -24.238  0.018  43.686 0.0000000000
26509  -31.407  7.199  41.505 0.0000000000
25181  -33.237  3.457  41.598 0.0000000000
58332  -17.158  0.383  45.644 0.0000000000
28628  -47.271  13.411  27.164 0.0000000000
29559  -48.637  15.974  25.724 0.0000000000
31562  -53.297  21.463  18.342 0.0000000000
31566  -54.065  21.435  17.335 0.0000000000
