#!ascii label  , from subject sub-1016 vox2ras=TkReg
1285
22055  -15.532  -5.088  46.761 0.4444440007
55312  -15.413  -5.898  46.675 0.4444440007
47583  -16.342  -4.826  46.604 0.5555559993
21724  -15.156  -6.581  46.643 0.4444440007
21391  -15.992  -6.629  46.417 0.4444440007
22056  -16.187  -5.664  46.514 0.5555559993
21075  -14.420  -7.963  46.614 0.4444440007
20711  -13.334  -9.231  46.687 0.3333329856
20712  -14.294  -9.062  46.513 0.4444440007
21076  -15.215  -8.541  46.353 0.4444440007
21390  -15.354  -7.476  46.465 0.4444440007
20418  -13.102  -10.089  46.653 0.3333329856
51270  -13.823  -9.827  46.547 0.3333329856
55056  -13.405  -11.538  46.479 0.3333329856
20419  -13.871  -10.732  46.457 0.3333329856
57383  -16.441  -4.294  46.642 0.4444440007
22385  -17.048  -4.395  46.456 0.4444440007
22057  -16.972  -5.320  46.330 0.5555559993
22058  -17.752  -4.969  46.112 0.4444440007
57404  -16.178  -7.457  46.240 0.4444440007
21725  -16.848  -6.214  46.208 0.5555559993
22061  -17.622  -5.845  46.000 0.4444440007
21077  -16.024  -8.184  46.193 0.4444440007
55677  -16.781  -7.091  46.090 0.4444440007
21728  -17.525  -6.732  45.902 0.5555559993
21729  -18.271  -6.349  45.693 0.6666669846
50835  -14.499  -10.029  46.384 0.3333329856
20713  -15.213  -9.523  46.255 0.4444440007
21395  -17.436  -7.612  45.858 0.5555559993
57915  -14.564  -10.577  46.316 0.3333329856
21078  -16.687  -8.678  46.010 0.5555559993
21081  -17.284  -8.342  45.889 0.4444440007
20420  -15.198  -10.465  46.196 0.3333329856
20721  -18.384  -9.334  45.544 0.3333329856
22386  -17.949  -4.089  46.186 0.3333329856
22738  -18.855  -3.805  45.811 0.3333329856
22388  -18.523  -4.679  45.841 0.4444440007
57040  -18.952  -5.184  45.552 0.4444440007
21730  -18.976  -5.918  45.454 0.6666669846
21396  -18.193  -7.270  45.644 0.6666669846
21397  -18.924  -6.831  45.391 0.6666669846
24125  -32.770  1.032  41.699 0.7777780294
24484  -33.318  1.572  41.422 0.7777780294
21082  -18.094  -8.312  45.653 0.4444440007
20720  -17.436  -9.176  45.846 0.4444440007
22389  -19.222  -4.559  45.494 0.4444440007
22063  -19.648  -5.287  45.144 0.6666669846
24121  -30.525  0.421  42.548 0.6666669846
23784  -30.878  -0.259  42.296 0.7777780294
51448  -19.626  -6.359  45.042 0.6666669846
54765  -31.589  -0.306  41.978 0.7777780294
24123  -32.084  1.024  42.122 0.7777780294
24481  -32.342  1.655  42.108 0.7777780294
24483  -32.902  2.005  41.798 0.7777780294
24839  -33.515  2.228  41.352 0.7777780294
25184  -34.754  3.284  40.588 0.8888890147
24842  -34.998  2.499  40.283 0.8888890147
52634  -18.969  -8.644  45.289 0.3333329856
21083  -18.871  -7.750  45.363 0.4444440007
21084  -19.444  -8.086  45.049 0.4444440007
24486  -33.879  1.678  41.005 0.7777780294
24487  -34.541  1.770  40.503 0.6666669846
22742  -19.624  -3.263  45.426 0.3333329856
22391  -20.141  -3.875  45.054 0.4444440007
22741  -19.537  -3.984  45.414 0.3333329856
22390  -19.808  -4.467  45.171 0.4444440007
22393  -20.475  -4.680  44.692 0.6666669846
23783  -30.129  -0.380  42.479 0.6666669846
23444  -29.819  -1.286  42.436 0.7777780294
21733  -20.443  -5.877  44.542 0.6666669846
54748  -30.493  -0.900  42.283 0.4444440007
24122  -31.414  0.574  42.311 0.7777780294
21398  -19.525  -7.309  45.034 0.5555559993
21400  -20.192  -6.928  44.620 0.5555559993
23107  -30.549  -1.609  42.134 0.3333329856
21401  -20.724  -7.481  44.216 0.3333329856
23109  -30.581  -2.498  42.000 0.3333329856
24836  -32.056  2.200  42.317 0.6666669846
24837  -32.610  2.713  42.030 0.6666669846
24838  -33.190  2.661  41.648 0.6666669846
24841  -34.193  2.541  40.881 0.8888890147
24843  -35.485  3.206  40.104 0.8888890147
20724  -19.776  -8.817  44.824 0.2222220004
25181  -33.237  3.457  41.598 0.6666669846
48578  -33.633  2.866  41.319 0.6666669846
51420  -20.284  -9.360  44.444 0.2222220004
21403  -21.252  -7.896  43.801 0.2222220004
49803  -34.755  1.138  40.200 0.5555559993
24489  -35.205  1.689  39.959 0.6666669846
24845  -35.825  2.431  39.681 0.6666669846
20728  -20.918  -9.522  43.949 0.1111110002
22746  -20.926  -3.783  44.593 0.5555559993
55509  -21.278  -4.391  44.293 0.6666669846
23782  -29.343  -0.561  42.620 0.6666669846
22065  -21.206  -5.191  44.203 0.5555559993
21734  -21.296  -6.084  44.084 0.4444440007
23105  -29.314  -2.126  42.512 0.3333329856
23106  -30.005  -2.090  42.284 0.3333329856
24117  -30.901  1.272  42.623 0.7777780294
49738  -20.815  -6.669  44.249 0.3333329856
22763  -29.753  -2.942  42.293 0.3333329856
24480  -31.688  1.495  42.399 0.6666669846
25185  -35.936  3.908  39.955 0.8888890147
25190  -36.124  3.226  39.711 0.8888890147
21402  -21.472  -6.990  43.850 0.3333329856
22766  -30.529  -3.441  41.942 0.3333329856
58344  -33.796  3.977  41.205 0.6666669846
25182  -34.019  3.396  41.054 0.7777780294
55791  -35.225  3.818  40.337 0.8888890147
25179  -32.426  3.549  42.112 0.6666669846
24846  -36.695  2.843  39.231 0.7777780294
21088  -21.560  -8.751  43.513 0.2222220004
23093  -22.314  -2.801  44.200 0.6666669846
22748  -22.947  -3.378  43.925 0.6666669846
23094  -23.260  -2.591  43.984 0.6666669846
22744  -21.347  -2.997  44.513 0.4444440007
22747  -21.924  -3.729  44.169 0.6666669846
23440  -28.086  -1.491  42.871 0.6666669846
23441  -28.451  -0.622  42.800 0.5555559993
22395  -22.759  -4.230  43.831 0.5555559993
23443  -28.909  -1.383  42.685 0.6666669846
23779  -29.718  0.229  42.648 0.5555559993
22394  -21.960  -4.681  44.008 0.5555559993
21735  -21.920  -6.268  43.765 0.4444440007
23104  -28.431  -2.251  42.751 0.4444440007
22405  -28.257  -3.879  42.664 0.3333329856
22762  -28.969  -2.827  42.562 0.4444440007
22406  -29.008  -3.668  42.478 0.3333329856
25178  -31.886  2.935  42.399 0.4444440007
25186  -36.628  3.681  39.529 0.8888890147
21404  -21.994  -7.735  43.405 0.2222220004
21738  -22.345  -6.809  43.449 0.2222220004
51313  -28.603  -4.491  42.501 0.3333329856
50647  -29.277  -4.424  42.311 0.3333329856
22079  -29.856  -4.812  42.100 0.3333329856
25508  -32.842  4.215  41.836 0.5555559993
25509  -33.388  4.212  41.477 0.5555559993
57590  -33.844  4.580  41.183 0.6666669846
21089  -22.517  -8.508  43.125 0.2222220004
22078  -29.076  -5.196  42.287 0.3333329856
20729  -21.675  -9.779  43.410 0.1111110002
55318  -22.224  -9.277  43.181 0.1111110002
21750  -29.811  -5.698  42.053 0.3333329856
49343  -22.499  -10.007  43.107 0.1111110002
22749  -23.834  -3.129  43.739 0.6666669846
49966  -27.445  -1.651  43.003 0.6666669846
22396  -23.591  -3.896  43.647 0.5555559993
22757  -27.680  -2.727  42.895 0.5555559993
22067  -22.675  -5.096  43.701 0.4444440007
22398  -23.446  -4.687  43.509 0.4444440007
22760  -27.626  -3.557  42.832 0.4444440007
22069  -23.361  -5.553  43.364 0.4444440007
22761  -28.331  -3.153  42.711 0.4444440007
21736  -22.573  -5.948  43.572 0.2222220004
56847  -36.511  4.266  39.694 0.8888890147
21739  -23.193  -6.465  43.230 0.2222220004
22076  -27.437  -5.495  42.594 0.3333329856
25512  -35.392  4.448  40.271 0.7777780294
21405  -23.027  -7.510  43.104 0.2222220004
21748  -28.172  -6.121  42.345 0.3333329856
22077  -28.278  -5.247  42.475 0.3333329856
24847  -37.295  3.538  39.077 0.8888890147
54986  -28.646  -5.651  42.337 0.3333329856
21090  -23.457  -8.482  42.906 0.2222220004
21414  -28.755  -6.872  42.090 0.3333329856
21749  -29.027  -6.027  42.193 0.3333329856
24850  -37.477  2.756  38.697 0.6666669846
24494  -37.618  1.811  38.298 0.5555559993
23095  -24.108  -2.405  43.809 0.6666669846
22750  -24.673  -2.908  43.568 0.4444440007
23099  -25.562  -2.641  43.358 0.6666669846
22753  -24.411  -3.682  43.444 0.4444440007
22754  -25.220  -3.487  43.277 0.4444440007
54674  -26.359  -2.680  43.156 0.4444440007
23101  -27.027  -2.241  43.061 0.5555559993
22399  -24.129  -4.341  43.373 0.4444440007
57747  -25.589  -3.903  43.132 0.4444440007
22755  -26.073  -3.431  43.107 0.4444440007
22756  -26.937  -3.099  43.009 0.4444440007
22400  -25.040  -4.424  43.149 0.4444440007
22402  -26.849  -3.959  42.920 0.4444440007
22070  -24.174  -5.091  43.216 0.3333329856
22073  -26.730  -4.867  42.819 0.3333329856
25513  -36.088  4.647  39.929 0.8888890147
25516  -36.736  4.809  39.617 1.0000000000
49122  -23.774  -6.936  43.018 0.2222220004
21740  -24.131  -6.106  43.071 0.2222220004
22404  -27.689  -4.504  42.703 0.3333329856
25517  -37.094  4.248  39.375 1.0000000000
21747  -27.188  -6.432  42.464 0.3333329856
21406  -24.003  -7.683  42.851 0.2222220004
25193  -37.997  3.440  38.584 0.8888890147
21410  -24.894  -7.718  42.611 0.2222220004
21413  -27.821  -7.118  42.197 0.3333329856
23096  -24.877  -2.162  43.649 0.6666669846
23097  -25.541  -1.878  43.491 0.6666669846
22401  -26.021  -4.289  43.012 0.4444440007
22071  -24.963  -5.518  43.008 0.3333329856
21742  -25.649  -6.060  42.807 0.3333329856
22072  -25.826  -5.155  42.918 0.3333329856
21741  -24.929  -6.301  42.890 0.2222220004
22075  -26.521  -5.786  42.704 0.3333329856
25851  -37.458  4.970  39.191 0.8888890147
21407  -24.518  -6.937  42.857 0.2222220004
21745  -25.362  -6.903  42.695 0.2222220004
21746  -26.256  -6.709  42.572 0.3333329856
25519  -37.769  4.200  38.927 0.8888890147
21411  -25.910  -7.727  42.451 0.2222220004
21093  -25.269  -8.583  42.504 0.2222220004
24851  -38.184  2.614  38.180 0.5555559993
25853  -37.907  5.401  38.813 1.0000000000
25520  -38.147  4.845  38.676 0.8888890147
25194  -38.435  4.139  38.402 0.7777780294
25197  -38.685  3.350  38.040 0.7777780294
24854  -38.874  2.491  37.649 0.5555559993
24497  -39.063  1.621  37.330 0.3333329856
58210  -39.303  0.889  37.170 0.2222220004
25522  -38.760  4.859  38.126 1.0000000000
25523  -39.091  4.114  37.835 0.8888890147
51419  -39.408  3.271  37.403 0.7777780294
24855  -39.481  2.279  37.086 0.6666669846
24498  -39.651  1.362  36.883 0.2222220004
24143  -39.908  0.404  36.952 0.2222220004
24146  -40.630  0.174  36.560 0.1111110002
50480  -40.327  1.035  36.472 0.2222220004
25854  -38.386  5.475  38.374 1.0000000000
53506  -39.370  4.881  37.519 0.8888890147
25526  -39.692  4.157  37.258 0.8888890147
25199  -39.953  3.593  36.954 0.7777780294
24858  -39.967  2.878  36.792 0.6666669846
49370  -40.072  1.985  36.548 0.4444440007
24500  -40.721  1.706  36.021 0.5555559993
24147  -41.121  0.665  35.997 0.2222220004
25856  -38.968  5.657  37.731 1.0000000000
25857  -39.621  5.576  37.063 1.0000000000
53505  -39.958  4.868  36.921 1.0000000000
25527  -40.232  4.177  36.717 0.8888890147
24859  -40.513  2.639  36.224 0.8888890147
25200  -40.404  3.458  36.484 0.8888890147
24502  -41.442  1.525  35.497 0.5555559993
53504  -40.532  4.836  36.371 1.0000000000
25529  -40.770  4.108  36.181 1.0000000000
25202  -40.934  3.320  35.921 0.7777780294
24861  -41.112  2.451  35.653 0.6666669846
25858  -40.232  5.529  36.489 1.0000000000
25860  -40.823  5.482  35.968 1.0000000000
53503  -41.095  4.785  35.835 1.0000000000
25203  -41.503  3.200  35.335 0.6666669846
24504  -42.173  1.450  34.971 0.6666669846
26184  -41.105  6.078  35.541 1.0000000000
25530  -41.317  4.027  35.615 1.0000000000
24862  -41.758  2.321  35.094 0.6666669846
24863  -42.417  2.241  34.549 0.6666669846
26536  -41.430  6.704  35.052 0.8888890147
25861  -41.380  5.443  35.467 1.0000000000
25532  -41.889  3.953  35.031 0.8888890147
53502  -41.657  4.745  35.288 1.0000000000
25862  -41.941  5.471  34.955 1.0000000000
25205  -42.103  3.100  34.749 0.7777780294
53507  -42.248  4.718  34.720 0.8888890147
24505  -42.893  1.442  34.470 0.5555559993
24864  -43.058  2.213  34.037 0.5555559993
24509  -45.016  1.696  33.065 0.2222220004
57405  -45.397  3.016  32.297 0.3333329856
24868  -45.239  2.465  32.581 0.2222220004
26185  -41.607  6.014  35.142 1.0000000000
26187  -42.119  6.301  34.618 1.0000000000
53379  -42.556  5.510  34.388 1.0000000000
25206  -42.721  3.005  34.188 0.6666669846
25533  -42.498  3.874  34.433 0.7777780294
25535  -43.183  3.748  33.797 0.7777780294
25867  -44.515  5.074  32.698 0.8888890147
26193  -44.599  5.803  32.556 0.8888890147
25207  -43.257  2.884  33.760 0.6666669846
25539  -44.846  4.298  32.498 0.5555559993
24508  -43.603  1.518  33.996 0.1111110002
49281  -43.717  2.328  33.597 0.4444440007
25210  -44.289  3.627  32.919 0.3333329856
51850  -44.291  1.658  33.519 0.2222220004
24866  -44.420  2.577  33.011 0.3333329856
25211  -44.963  3.276  32.548 0.3333329856
25868  -45.053  5.220  32.300 0.6666669846
25540  -45.409  4.648  32.056 0.3333329856
25212  -45.586  3.700  31.986 0.3333329856
24869  -45.835  2.665  32.131 0.2222220004
58110  -41.910  7.016  34.523 1.0000000000
53570  -42.878  4.679  34.120 0.8888890147
25538  -44.139  4.520  33.003 0.7777780294
55672  -43.762  3.947  33.304 0.6666669846
25208  -43.737  3.174  33.350 0.6666669846
26194  -45.271  6.092  32.045 0.8888890147
25870  -45.647  5.348  31.879 0.8888890147
24872  -46.296  3.137  31.544 0.2222220004
25214  -46.198  3.981  31.425 0.2222220004
26538  -42.420  6.983  34.083 1.0000000000
26188  -42.816  6.284  33.985 1.0000000000
25865  -43.944  5.478  33.116 0.8888890147
25536  -43.518  4.656  33.520 0.7777780294
57612  -44.706  6.508  32.368 1.0000000000
26196  -45.823  6.666  31.562 0.8888890147
25542  -45.943  4.647  31.647 0.5555559993
55553  -45.882  5.975  31.652 0.7777780294
26549  -46.460  7.196  31.066 0.8888890147
26197  -46.396  6.280  31.273 0.6666669846
26200  -47.019  6.608  30.823 0.7777780294
25871  -46.218  5.458  31.418 0.3333329856
25215  -46.671  3.722  30.959 0.2222220004
25543  -46.536  4.721  31.019 0.3333329856
26540  -43.044  7.010  33.547 1.0000000000
25864  -43.205  5.500  33.766 1.0000000000
26190  -43.483  6.303  33.391 1.0000000000
26541  -43.676  7.063  32.978 1.0000000000
26191  -44.131  6.392  32.819 1.0000000000
26544  -45.146  7.080  31.925 1.0000000000
26548  -45.778  7.370  31.430 0.8888890147
26880  -46.092  8.011  31.105 1.0000000000
26882  -46.844  8.040  30.668 1.0000000000
25873  -46.811  5.732  30.907 0.5555559993
26551  -47.206  7.378  30.580 0.8888890147
52721  -47.518  6.886  30.436 0.6666669846
26883  -47.553  8.054  30.297 1.0000000000
25545  -46.983  4.315  30.514 0.2222220004
25874  -47.134  5.151  30.436 0.2222220004
26552  -47.806  7.448  30.229 0.8888890147
25546  -47.475  4.487  29.897 0.2222220004
26872  -43.223  7.605  33.111 1.0000000000
26543  -44.366  7.140  32.453 1.0000000000
26876  -44.654  7.850  31.996 1.0000000000
26547  -45.362  7.915  31.523 1.0000000000
27237  -46.445  8.756  30.726 1.0000000000
27238  -47.262  8.837  30.292 1.0000000000
26201  -47.460  6.117  30.364 0.6666669846
26884  -48.095  7.982  30.026 0.8888890147
27239  -48.008  8.584  29.985 1.0000000000
25877  -47.587  5.451  29.959 0.2222220004
26202  -47.972  6.817  30.066 0.4444440007
26553  -48.360  7.484  29.868 0.5555559993
26204  -48.008  6.099  29.777 0.4444440007
26205  -48.516  6.785  29.599 0.4444440007
26554  -48.966  7.512  29.460 0.5555559993
26886  -48.633  8.264  29.681 0.6666669846
53087  -48.477  6.016  29.229 0.3333329856
53468  -48.868  5.865  28.759 0.2222220004
26874  -43.014  8.302  32.881 1.0000000000
26875  -43.812  7.910  32.515 1.0000000000
54965  -44.922  8.452  31.586 1.0000000000
27234  -45.578  8.779  31.152 1.0000000000
27236  -46.062  9.496  30.678 0.8888890147
55967  -46.717  9.366  30.402 1.0000000000
27241  -47.888  9.320  29.826 1.0000000000
56675  -48.434  8.971  29.641 1.0000000000
27580  -48.495  9.675  29.288 1.0000000000
26206  -49.093  6.702  29.032 0.3333329856
27242  -48.980  8.950  29.281 0.6666669846
26887  -49.285  8.239  29.194 0.4444440007
27583  -49.217  9.567  28.831 0.7777780294
53501  -49.625  6.969  28.621 0.2222220004
26555  -49.513  7.537  28.976 0.3333329856
26889  -49.799  8.190  28.720 0.5555559993
27245  -49.561  8.881  28.799 0.6666669846
27230  -43.475  8.829  32.251 1.0000000000
26879  -44.249  8.607  31.885 1.0000000000
27235  -45.307  9.679  30.977 0.8888890147
27575  -47.204  9.692  30.025 1.0000000000
27579  -47.712  10.092  29.529 1.0000000000
27936  -48.155  10.525  29.000 1.0000000000
27582  -48.851  10.241  28.719 1.0000000000
26890  -50.159  8.107  28.305 0.5555559993
27246  -50.058  8.729  28.297 0.6666669846
56631  -49.374  10.048  28.411 0.7777780294
27574  -46.501  10.034  30.227 1.0000000000
27939  -48.504  10.953  28.430 0.8888890147
27584  -49.805  9.524  28.268 0.7777780294
27247  -50.377  9.225  27.674 0.5555559993
27588  -50.096  9.881  27.696 0.6666669846
27940  -49.147  10.625  28.162 1.0000000000
27587  -49.685  10.249  27.924 0.8888890147
27589  -50.472  9.926  27.192 0.7777780294
27249  -50.768  9.392  27.044 0.7777780294
27943  -48.823  11.327  27.802 1.0000000000
27944  -49.489  10.935  27.539 0.8888890147
27947  -49.936  11.264  26.793 1.0000000000
27590  -50.928  9.967  26.580 0.7777780294
28295  -49.162  11.708  27.110 0.7777780294
28298  -49.517  12.160  26.390 0.7777780294
27948  -50.529  10.613  26.746 0.7777780294
28299  -50.189  11.831  26.060 0.8888890147
57250  -50.508  11.201  26.296 0.8888890147
28301  -49.913  12.561  25.836 0.6666669846
27951  -50.772  11.558  25.746 0.8888890147
28302  -50.537  12.417  25.393 0.6666669846
28303  -51.115  11.919  25.137 0.6666669846
28305  -51.035  12.638  24.819 0.4444440007
28637  -51.335  13.307  24.312 0.2222220004
28944  -51.490  14.123  23.987 0.2222220004
58317  -51.754  12.976  23.954 0.3333329856
28945  -51.849  13.713  23.726 0.3333329856
28947  -52.366  14.027  23.073 0.3333329856
28634  -50.036  13.239  25.353 0.6666669846
28636  -50.694  13.277  24.840 0.5555559993
28942  -50.959  14.086  24.399 0.4444440007
53493  -51.937  14.649  23.510 0.3333329856
28949  -52.852  13.894  22.383 0.3333329856
28938  -49.574  14.032  25.318 0.6666669846
28941  -50.295  14.046  24.871 0.5555559993
29263  -52.232  15.415  23.102 0.4444440007
53514  -52.407  14.841  22.989 0.4444440007
28940  -49.914  14.749  24.945 0.6666669846
29259  -50.574  14.933  24.438 0.5555559993
29260  -51.313  14.829  23.990 0.5555559993
29564  -51.069  15.639  23.998 0.4444440007
29262  -51.705  15.499  23.568 0.5555559993
28948  -52.755  14.677  22.538 0.4444440007
29567  -51.445  16.276  23.567 0.4444440007
29568  -52.026  16.107  23.120 0.4444440007
29266  -53.019  15.277  22.119 0.3333329856
28950  -53.146  14.561  21.916 0.3333329856
29269  -53.829  15.188  20.620 0.2222220004
51839  -54.817  15.806  18.695 0.2222220004
29275  -55.130  15.880  18.113 0.2222220004
29884  -52.298  16.529  22.674 0.3333329856
29570  -52.495  15.962  22.672 0.3333329856
29571  -52.847  15.815  22.279 0.3333329856
29265  -52.651  15.348  22.638 0.2222220004
29574  -53.174  15.920  21.741 0.3333329856
29267  -53.401  15.238  21.459 0.2222220004
29576  -53.570  15.955  21.027 0.2222220004
29272  -54.198  15.635  19.832 0.2222220004
29581  -54.523  16.083  19.195 0.2222220004
53683  -54.516  16.724  19.154 0.2222220004
29582  -54.889  16.545  18.587 0.2222220004
29270  -53.912  16.005  20.378 0.2222220004
29579  -54.167  16.535  19.790 0.2222220004
29897  -55.022  17.358  18.284 0.2222220004
29584  -55.406  16.716  17.759 0.2222220004
29887  -52.283  17.142  22.348 0.2222220004
29573  -52.756  16.498  22.099 0.2222220004
29890  -52.760  17.418  21.530 0.2222220004
52856  -53.240  16.647  21.290 0.2222220004
29578  -53.703  16.650  20.541 0.2222220004
29893  -53.896  17.316  19.995 0.2222220004
29896  -54.679  17.158  18.846 0.2222220004
29891  -53.361  17.391  20.698 0.3333329856
29894  -54.334  17.249  19.355 0.2222220004
29899  -55.451  17.658  17.579 0.2222220004
49814  -56.113  17.418  16.388 0.2222220004
30229  -56.174  18.248  16.050 0.2222220004
30216  -52.978  18.144  20.814 0.2222220004
30530  -53.073  18.973  20.289 0.2222220004
30218  -53.594  18.176  20.025 0.3333329856
30532  -53.595  18.951  19.671 0.2222220004
30219  -54.095  17.843  19.475 0.3333329856
30533  -54.071  18.594  19.182 0.3333329856
30221  -54.551  17.865  18.807 0.3333329856
30224  -55.004  18.150  18.050 0.2222220004
30226  -55.399  18.535  17.340 0.3333329856
30227  -55.824  17.965  16.853 0.2222220004
30542  -55.797  18.719  16.602 0.2222220004
30546  -56.033  18.971  16.020 0.2222220004
30890  -56.056  19.580  15.594 0.2222220004
30891  -55.880  20.432  15.318 0.2222220004
30223  -54.572  18.671  18.419 0.3333329856
53070  -54.962  18.792  17.857 0.3333329856
30541  -55.455  19.153  16.915 0.3333329856
30545  -55.695  19.399  16.341 0.2222220004
30889  -55.561  20.139  16.069 0.2222220004
31225  -55.361  20.934  15.794 0.2222220004
31576  -55.306  22.077  14.753 0.2222220004
31227  -55.627  21.247  15.058 0.2222220004
30536  -54.212  19.313  18.641 0.3333329856
30539  -55.090  19.263  17.425 0.3333329856
31221  -55.065  20.631  16.495 0.2222220004
31573  -55.068  21.710  15.523 0.2222220004
30538  -54.662  19.321  18.014 0.3333329856
31565  -53.546  21.829  17.719 0.2222220004
31566  -54.065  21.435  17.335 0.2222220004
30886  -55.201  19.840  16.834 0.3333329856
31569  -54.291  21.769  16.661 0.2222220004
31224  -54.810  21.380  16.227 0.2222220004
31572  -54.480  22.177  15.962 0.2222220004
30881  -54.299  19.953  18.159 0.2222220004
31218  -54.324  20.627  17.613 0.3333329856
30883  -54.747  19.909  17.533 0.3333329856
31220  -54.567  21.047  16.909 0.2222220004
30885  -54.792  20.415  17.084 0.2222220004
28641  -52.547  13.175  22.810 0.3333329856
21074  -13.534  -8.341  46.737 0.4444440007
22062  -18.353  -5.489  45.774 0.4444440007
21392  -16.734  -7.898  46.044 0.5555559993
20714  -15.978  -9.054  46.120 0.5555559993
51271  -14.670  -11.086  46.248 0.3333329856
51344  -16.085  -10.003  46.068 0.3333329856
20715  -16.649  -9.395  46.010 0.5555559993
20421  -15.902  -10.779  46.075 0.3333329856
22736  -17.296  -3.502  46.469 0.3333329856
23445  -31.088  -1.003  42.014 0.6666669846
57390  -32.483  2.148  42.090 0.6666669846
21086  -20.050  -7.865  44.663 0.4444440007
22743  -20.463  -3.142  44.925 0.5555559993
20725  -20.643  -8.533  44.199 0.2222220004
24490  -35.853  1.481  39.421 0.6666669846
22407  -29.828  -3.940  42.168 0.3333329856
24491  -36.437  1.970  39.112 0.7777780294
22066  -21.935  -5.535  43.885 0.4444440007
24835  -31.246  2.229  42.626 0.6666669846
25511  -34.543  4.185  40.753 0.7777780294
23102  -27.731  -2.067  42.925 0.5555559993
24495  -38.413  1.743  37.779 0.5555559993
55688  -41.197  -0.142  36.315 0.2222220004
24148  -41.791  -0.135  35.932 0.2222220004
52609  -40.828  6.624  35.562 1.0000000000
55802  -44.817  1.049  33.558 0.2222220004
25878  -47.975  5.278  29.453 0.3333329856
26557  -49.957  7.553  28.499 0.3333329856
27233  -44.763  9.159  31.405 0.8888890147
27935  -47.398  10.863  29.198 0.8888890147
27578  -46.966  10.459  29.730 0.8888890147
26893  -50.823  8.695  27.216 0.5555559993
27945  -50.055  10.476  27.333 0.8888890147
28297  -48.717  12.546  26.678 0.7777780294
29563  -50.423  15.827  24.369 0.4444440007
23796  -35.654  -0.052  39.316 0.1111110002
24134  -36.009  0.700  39.135 0.1111110002
57604  -36.372  1.282  39.000 0.2222220004
24849  -37.034  2.188  38.804 0.5555559993
51251  -35.978  -0.796  39.096 0.1111110002
23799  -36.345  -0.054  38.882 0.1111110002
24136  -36.673  0.709  38.726 0.2222220004
24493  -36.914  1.479  38.695 0.2222220004
24130  -34.561  0.421  40.201 0.4444440007
24133  -35.283  0.747  39.702 0.4444440007
23795  -34.985  -0.209  39.767 0.2222220004
23455  -34.787  -1.198  39.770 0.1111110002
23118  -35.059  -2.023  39.541 0.1111110002
23119  -35.725  -2.322  39.273 0.1111110002
23458  -36.264  -1.614  39.006 0.1111110002
22419  -35.198  -4.107  39.565 0.1111110002
23121  -36.549  -2.475  38.991 0.1111110002
23792  -34.278  -0.447  40.225 0.2222220004
23452  -33.955  -1.364  40.292 0.2222220004
23117  -34.392  -2.141  39.911 0.2222220004
22418  -34.369  -3.837  39.975 0.1111110002
22776  -34.950  -2.977  39.602 0.1111110002
22088  -33.998  -5.315  40.455 0.1111110002
22416  -34.572  -4.780  40.003 0.1111110002
21384  -12.867  -6.851  46.956 0.3333329856
24126  -33.485  0.895  41.144 0.6666669846
54841  -33.883  0.243  40.668 0.4444440007
23791  -33.550  -0.588  40.701 0.2222220004
23115  -33.654  -2.270  40.372 0.2222220004
25846  -35.579  5.212  40.146 0.5555559993
25847  -36.282  5.213  39.818 0.5555559993
25850  -36.829  5.499  39.494 0.7777780294
26172  -37.447  5.759  39.055 0.5555559993
55417  -33.478  -2.993  40.455 0.1111110002
25849  -36.064  5.895  39.768 0.3333329856
26520  -36.781  6.313  39.218 0.5555559993
22415  -33.849  -4.459  40.377 0.1111110002
22048  -12.181  -5.185  47.039 0.2222220004
21718  -12.952  -5.947  47.000 0.3333329856
57342  -13.020  -3.706  47.029 0.1111110002
22728  -13.247  -3.138  47.019 0.1111110002
56856  -13.837  -2.725  46.967 0.1111110002
57139  -33.063  0.563  41.368 0.3333329856
23788  -32.864  -0.574  41.146 0.2222220004
23451  -33.111  -1.529  40.811 0.2222220004
23114  -33.004  -2.575  40.786 0.2222220004
26176  -38.431  6.113  38.116 0.6666669846
25845  -34.842  5.505  40.473 0.4444440007
51793  -34.943  4.878  40.494 0.4444440007
26174  -37.522  6.387  38.730 0.5555559993
26175  -37.976  5.934  38.605 0.5555559993
22771  -33.044  -3.449  40.725 0.2222220004
26515  -34.626  6.303  40.311 0.3333329856
26169  -35.320  5.888  40.122 0.4444440007
57261  -36.053  6.570  39.475 0.3333329856
26524  -37.705  6.877  38.287 0.5555559993
26527  -37.879  7.251  37.856 0.5555559993
22087  -33.226  -4.958  40.799 0.1111110002
22414  -33.271  -4.152  40.650 0.1111110002
26171  -35.402  6.525  39.806 0.2222220004
26522  -36.283  7.037  39.027 0.3333329856
26523  -37.047  6.961  38.663 0.3333329856
26852  -37.325  7.419  38.116 0.3333329856
26518  -34.809  7.003  39.865 0.2222220004
58251  -35.245  6.993  39.643 0.2222220004
26519  -35.630  7.042  39.409 0.1111110002
26850  -35.607  7.689  38.925 0.1111110002
26851  -36.514  7.661  38.402 0.1111110002
26854  -37.017  7.998  37.795 0.1111110002
21722  -13.692  -6.471  46.901 0.3333329856
21388  -13.632  -7.394  46.822 0.3333329856
21389  -14.469  -6.969  46.732 0.3333329856
22049  -13.216  -5.148  47.003 0.2222220004
21719  -13.684  -5.727  46.959 0.3333329856
22378  -12.866  -4.314  47.025 0.2222220004
48936  -13.519  -3.909  47.002 0.2222220004
22729  -14.075  -3.412  46.957 0.1111110002
23075  -14.525  -2.776  46.883 0.1111110002
51605  -32.723  0.182  41.473 0.5555559993
23449  -32.382  -1.240  41.294 0.2222220004
50431  -32.289  -3.093  41.141 0.1111110002
23112  -32.428  -2.090  41.147 0.2222220004
25842  -34.351  5.025  40.842 0.4444440007
26178  -38.799  6.362  37.616 0.7777780294
22768  -31.790  -3.943  41.389 0.1111110002
25844  -34.141  5.725  40.804 0.3333329856
26528  -38.307  6.776  37.840 0.5555559993
22411  -32.066  -4.685  41.329 0.1111110002
26514  -34.056  7.071  40.251 0.1111110002
26525  -38.008  6.422  38.341 0.5555559993
55189  -32.554  -5.010  41.150 0.1111110002
22412  -32.591  -4.194  41.001 0.1111110002
26855  -37.671  7.747  37.560 0.2222220004
22084  -32.834  -5.674  41.131 0.1111110002
26847  -35.102  7.399  39.460 0.1111110002
27200  -35.825  8.302  38.282 0.1111110002
27201  -36.430  8.252  37.936 0.1111110002
27206  -37.360  8.331  37.184 0.1111110002
26849  -34.909  7.936  39.207 0.1111110002
27205  -36.694  8.555  37.428 0.1111110002
27199  -34.988  8.508  38.700 0.1111110002
27204  -36.053  8.762  37.701 0.1111110002
20452  -31.883  -10.254  40.527 0.1111110002
22050  -14.016  -5.126  46.959 0.2222220004
21723  -14.534  -5.920  46.838 0.3333329856
54689  -13.586  -4.565  46.998 0.2222220004
55497  -14.993  -3.612  46.879 0.1111110002
23418  -14.937  -2.007  46.740 0.1111110002
55458  -17.015  -10.042  45.932 0.3333329856
20427  -17.860  -10.087  45.731 0.3333329856
23785  -32.149  0.346  41.897 0.4444440007
23787  -32.239  -0.441  41.580 0.3333329856
20428  -18.680  -10.220  45.409 0.2222220004
23448  -31.754  -1.099  41.677 0.1111110002
20722  -19.188  -9.508  45.167 0.2222220004
57388  -31.946  -1.737  41.459 0.2222220004
26179  -39.289  6.273  37.125 0.8888890147
23111  -31.859  -2.366  41.410 0.1111110002
20431  -20.293  -10.219  44.404 0.1111110002
25841  -33.697  5.246  41.180 0.4444440007
26181  -39.892  6.214  36.533 0.8888890147
21092  -24.375  -8.535  42.699 0.1111110002
22083  -32.021  -5.506  41.414 0.1111110002
20731  -23.889  -9.352  42.824 0.1111110002
21754  -31.601  -6.341  41.599 0.1111110002
26858  -38.046  8.057  36.917 0.1111110002
20734  -24.781  -9.391  42.657 0.1111110002
20735  -25.615  -9.431  42.481 0.1111110002
21755  -32.472  -6.424  41.320 0.1111110002
20439  -25.202  -10.194  42.644 0.1111110002
50420  -30.826  -7.939  41.518 0.1111110002
26846  -34.385  7.733  39.686 0.1111110002
27209  -36.976  8.946  36.807 0.1111110002
20440  -26.028  -10.223  42.412 0.1111110002
50834  -31.625  -7.793  41.405 0.1111110002
27203  -35.363  9.004  38.012 0.1111110002
27208  -36.298  9.113  37.088 0.1111110002
20441  -26.784  -10.461  42.084 0.1111110002
20742  -30.979  -9.226  41.098 0.1111110002
20447  -30.271  -10.608  40.830 0.1111110002
20139  -27.713  -11.805  41.667 0.1111110002
20448  -31.045  -9.996  40.839 0.1111110002
19809  -27.469  -12.749  41.958 0.1111110002
19812  -28.264  -12.615  41.464 0.1111110002
20141  -30.272  -11.511  40.652 0.1111110002
19814  -29.636  -12.875  40.852 0.1111110002
22379  -14.296  -4.309  46.953 0.2222220004
23076  -15.237  -2.833  46.792 0.2222220004
23077  -15.843  -2.451  46.664 0.1111110002
23110  -31.297  -1.899  41.741 0.1111110002
22409  -30.539  -4.350  41.887 0.2222220004
50578  -31.107  -3.901  41.675 0.2222220004
26530  -38.897  6.949  37.125 0.6666669846
26531  -39.507  6.854  36.579 0.8888890147
22410  -31.340  -4.754  41.614 0.1111110002
26182  -40.527  6.148  36.019 0.8888890147
22081  -30.582  -5.253  41.889 0.1111110002
25840  -33.035  5.492  41.474 0.2222220004
26166  -33.504  5.852  41.118 0.2222220004
26859  -38.796  7.698  36.611 0.4444440007
21412  -26.881  -7.373  42.329 0.1111110002
21753  -30.631  -6.277  41.826 0.1111110002
22082  -31.248  -5.626  41.699 0.1111110002
26168  -33.737  6.417  40.762 0.1111110002
50364  -26.631  -8.151  42.245 0.1111110002
48110  -26.817  -8.861  42.119 0.1111110002
27211  -38.408  8.469  36.203 0.1111110002
21094  -26.091  -8.701  42.339 0.1111110002
21418  -30.281  -7.277  41.752 0.1111110002
21419  -31.167  -7.120  41.623 0.1111110002
27210  -37.686  8.730  36.508 0.1111110002
50684  -26.504  -9.953  42.207 0.1111110002
20737  -26.900  -9.637  42.042 0.1111110002
21098  -27.525  -9.110  41.884 0.1111110002
21100  -29.984  -8.160  41.586 0.1111110002
27195  -34.450  8.345  39.236 0.1111110002
20739  -27.488  -9.967  41.747 0.1111110002
20740  -28.300  -9.464  41.536 0.1111110002
56254  -30.527  -8.730  41.343 0.1111110002
27544  -37.276  9.462  36.136 0.1111110002
51458  -28.021  -10.298  41.464 0.1111110002
54789  -28.681  -10.245  41.241 0.1111110002
20741  -29.252  -9.517  41.309 0.1111110002
47669  -30.197  -9.612  41.119 0.1111110002
21101  -31.310  -8.550  41.246 0.1111110002
20444  -27.500  -10.832  41.689 0.1111110002
20446  -29.469  -10.343  41.059 0.1111110002
27539  -35.688  9.388  37.391 0.1111110002
27542  -35.982  9.691  36.862 0.1111110002
20445  -28.221  -10.977  41.311 0.1111110002
57237  -28.905  -10.900  41.083 0.1111110002
20140  -28.708  -11.738  41.135 0.1111110002
55917  -29.515  -11.190  40.879 0.1111110002
19813  -28.992  -12.537  41.098 0.1111110002
47628  -29.563  -12.044  40.843 0.1111110002
57255  -15.060  -5.494  46.793 0.3333329856
22051  -14.758  -5.067  46.881 0.2222220004
22380  -15.088  -4.455  46.878 0.2222220004
22381  -15.832  -4.192  46.774 0.3333329856
22730  -15.849  -3.300  46.759 0.2222220004
22735  -16.610  -2.941  46.618 0.1111110002
23082  -16.647  -2.002  46.486 0.1111110002
58016  -39.195  7.256  36.616 0.4444440007
26860  -39.546  7.545  36.100 0.7777780294
26532  -40.199  6.908  35.929 0.7777780294
25506  -32.114  4.287  42.191 0.1111110002
25837  -32.550  4.949  41.870 0.2222220004
21752  -29.656  -6.618  41.982 0.2222220004
26863  -39.112  8.243  35.867 0.1111110002
26864  -39.684  8.127  35.528 0.3333329856
26867  -40.086  8.449  34.995 0.4444440007
21095  -27.462  -8.134  42.032 0.1111110002
25839  -32.311  5.733  41.747 0.1111110002
21417  -28.441  -7.806  41.933 0.1111110002
54813  -29.368  -7.548  41.836 0.1111110002
26511  -32.847  6.379  41.255 0.1111110002
26513  -33.179  7.166  40.715 0.1111110002
27215  -38.764  8.966  35.509 0.1111110002
27216  -39.440  8.727  35.228 0.2222220004
21099  -28.160  -8.614  41.805 0.1111110002
26842  -33.569  7.813  40.138 0.1111110002
48751  -29.049  -8.570  41.624 0.1111110002
54990  -29.810  -8.916  41.407 0.1111110002
27543  -36.547  9.616  36.511 0.1111110002
54865  -16.522  -3.770  46.652 0.2222220004
23083  -17.420  -2.628  46.412 0.1111110002
23090  -21.705  -2.196  44.462 0.1111110002
49480  -40.829  7.260  35.222 0.7777780294
53274  -31.784  3.645  42.398 0.1111110002
26535  -40.199  7.719  35.424 0.7777780294
25505  -31.322  4.186  42.468 0.1111110002
25836  -31.645  5.131  42.175 0.1111110002
27220  -40.514  8.902  34.401 0.4444440007
22737  -18.136  -3.194  46.203 0.1111110002
48712  -18.905  -2.901  45.865 0.1111110002
23086  -19.434  -2.612  45.565 0.1111110002
24116  -30.062  1.038  42.714 0.4444440007
24479  -30.386  1.856  42.784 0.4444440007
24829  -29.835  2.380  42.854 0.3333329856
55116  -29.622  1.609  42.807 0.3333329856
50132  -31.105  3.244  42.647 0.2222220004
26537  -41.453  7.543  34.584 0.7777780294
24830  -30.577  2.579  42.790 0.2222220004
26870  -42.033  7.493  34.160 0.8888890147
25172  -30.247  3.169  42.805 0.1111110002
26868  -40.798  8.073  34.733 0.7777780294
57542  -41.308  8.094  34.363 0.7777780294
23091  -22.703  -2.013  44.182 0.5555559993
49874  -23.624  -1.895  43.978 0.5555559993
23436  -24.099  -1.282  43.895 0.5555559993
23437  -25.011  -1.376  43.669 0.5555559993
23777  -27.681  -0.126  42.875 0.5555559993
24115  -28.254  0.727  42.756 0.3333329856
23778  -29.043  0.008  42.695 0.4444440007
26871  -42.555  7.747  33.587 0.8888890147
24478  -28.829  1.569  42.776 0.3333329856
48837  -29.163  0.775  42.738 0.4444440007
57065  -29.362  1.986  42.827 0.2222220004
26869  -41.779  8.165  33.956 0.7777780294
25171  -29.470  3.078  42.831 0.1111110002
25503  -29.856  3.781  42.761 0.1111110002
52879  -24.349  -1.816  43.823 0.6666669846
23438  -26.027  -1.230  43.367 0.6666669846
47966  -27.555  -1.010  42.969 0.5555559993
27226  -42.294  8.649  33.250 0.7777780294
27229  -42.753  9.136  32.594 0.7777780294
27228  -42.065  9.532  32.919 0.5555559993
27563  -41.875  10.471  32.667 0.5555559993
27564  -42.585  10.016  32.319 0.6666669846
26892  -50.476  8.371  27.853 0.4444440007
27231  -43.157  9.558  32.040 0.6666669846
27232  -43.921  9.540  31.665 0.6666669846
27922  -42.470  11.025  32.103 0.5555559993
26560  -50.790  7.757  27.362 0.4444440007
27566  -43.296  10.445  31.735 0.6666669846
27924  -43.155  11.584  31.613 0.4444440007
27923  -42.363  12.224  32.000 0.3333329856
28614  -42.005  13.307  32.159 0.1111110002
26898  -51.407  8.476  26.140 0.4444440007
26895  -51.137  8.233  26.697 0.6666669846
27567  -44.018  10.338  31.320 0.6666669846
28280  -43.112  12.470  31.520 0.3333329856
28615  -42.778  13.186  31.688 0.1111110002
27252  -51.593  9.010  25.713 0.4444440007
52743  -51.959  8.835  24.997 0.3333329856
56090  -51.173  11.254  25.453 0.5555559993
27594  -51.774  10.340  24.892 0.4444440007
27256  -52.082  9.545  24.540 0.4444440007
27596  -52.181  10.249  24.083 0.4444440007
27925  -43.889  11.135  31.255 0.6666669846
28918  -42.544  14.059  31.858 0.1111110002
27250  -51.168  9.112  26.474 0.6666669846
27592  -51.405  9.933  25.789 0.4444440007
56527  -51.390  10.725  25.423 0.6666669846
27949  -50.995  10.759  26.038 0.6666669846
27253  -51.772  9.542  25.204 0.4444440007
50463  -52.319  8.757  24.206 0.4444440007
27568  -44.593  9.949  31.188 0.6666669846
27571  -44.517  10.701  30.976 0.6666669846
28281  -43.831  12.212  31.101 0.4444440007
28616  -43.445  13.120  31.224 0.3333329856
53272  -43.210  13.891  31.396 0.1111110002
28633  -49.211  13.178  25.926 0.5555559993
29255  -48.972  15.280  25.485 0.4444440007
28937  -48.761  14.341  25.747 0.4444440007
57263  -49.362  14.750  25.310 0.5555559993
29558  -48.068  15.974  26.247 0.3333329856
29253  -48.324  15.217  25.938 0.3333329856
29874  -47.786  16.773  26.405 0.3333329856
29875  -48.340  16.577  25.941 0.3333329856
29559  -48.637  15.974  25.724 0.3333329856
29560  -49.246  16.034  25.245 0.4444440007
29256  -49.572  15.368  25.070 0.5555559993
29877  -48.864  16.708  25.492 0.3333329856
30199  -48.289  17.393  25.780 0.2222220004
30200  -49.001  17.373  25.216 0.3333329856
30202  -48.744  18.176  25.171 0.2222220004
27572  -45.045  10.324  30.837 0.6666669846
27573  -45.704  10.350  30.499 0.6666669846
27929  -45.069  10.947  30.551 0.6666669846
27928  -44.496  11.527  30.759 0.6666669846
28631  -48.074  13.514  26.333 0.5555559993
28935  -47.974  14.516  26.142 0.4444440007
29252  -47.723  15.223  26.491 0.3333329856
29562  -49.855  16.007  24.795 0.4444440007
29258  -50.072  15.379  24.710 0.4444440007
53640  -49.543  16.813  24.923 0.3333329856
30203  -49.527  17.719  24.701 0.2222220004
27930  -45.593  11.115  30.183 0.6666669846
27931  -46.216  10.823  29.952 0.7777780294
28285  -45.103  11.712  30.230 0.6666669846
28618  -44.065  13.160  30.751 0.3333329856
29250  -47.158  15.237  27.116 0.3333329856
28934  -47.362  14.366  26.646 0.5555559993
52880  -50.189  16.571  24.437 0.4444440007
29879  -49.984  17.185  24.480 0.4444440007
27934  -46.627  11.249  29.378 0.7777780294
28283  -44.549  12.425  30.471 0.5555559993
27938  -47.771  11.289  28.667 0.7777780294
28624  -46.586  12.656  28.476 0.5555559993
28291  -48.093  11.697  28.061 0.7777780294
28625  -46.974  12.978  27.943 0.5555559993
28293  -47.668  12.488  27.650 0.5555559993
28294  -48.414  12.075  27.390 0.6666669846
28628  -47.271  13.411  27.164 0.5555559993
28629  -48.006  12.779  27.022 0.6666669846
28932  -46.859  14.430  27.413 0.3333329856
29566  -50.802  16.419  24.008 0.3333329856
30204  -50.104  17.641  24.218 0.3333329856
29880  -50.475  17.119  24.069 0.3333329856
27933  -45.790  11.719  29.662 0.6666669846
28287  -46.331  12.146  28.998 0.7777780294
28288  -47.051  11.614  28.872 0.7777780294
28284  -45.114  12.525  29.832 0.6666669846
28286  -45.631  12.590  29.308 0.6666669846
55971  -46.823  12.117  28.670 0.6666669846
28290  -47.281  12.099  28.331 0.6666669846
29882  -51.087  17.031  23.576 0.3333329856
23089  -20.791  -2.429  44.800 0.1111110002
23088  -20.025  -2.583  45.206 0.1111110002
23439  -26.847  -1.474  43.134 0.6666669846
24129  -34.186  1.029  40.629 0.5555559993
50688  -33.235  4.787  41.526 0.3333329856
23100  -26.224  -2.018  43.276 0.6666669846
55240  -35.384  -0.741  39.447 0.1111110002
23456  -35.528  -1.452  39.336 0.1111110002
23800  -36.733  -0.878  38.737 0.1111110002
22777  -36.005  -3.365  39.189 0.1111110002
22779  -36.842  -3.169  38.944 0.1111110002
22775  -34.047  -2.987  40.051 0.2222220004
22772  -33.671  -3.654  40.367 0.1111110002
23789  -33.259  0.125  41.090 0.3333329856
26856  -38.281  7.411  37.339 0.5555559993
49148  -19.797  -9.655  44.777 0.1111110002
22767  -31.346  -3.019  41.601 0.1111110002
20437  -24.349  -10.206  42.806 0.1111110002
20736  -26.320  -9.469  42.263 0.1111110002
20136  -26.930  -11.421  42.085 0.1111110002
20142  -31.135  -11.030  40.531 0.1111110002
27214  -38.035  9.236  35.805 0.1111110002
27221  -41.157  8.608  34.138 0.7777780294
23435  -23.185  -1.305  44.075 0.4444440007
50370  -28.523  0.160  42.746 0.4444440007
24828  -29.082  2.361  42.819 0.1111110002
23774  -25.513  -0.638  43.479 0.5555559993
50666  -26.845  -0.731  43.106 0.5555559993
27952  -51.548  11.332  24.843 0.3333329856
24138  -38.065  0.904  37.878 0.3333329856
24139  -38.565  0.087  37.668 0.2222220004
55471  -38.751  0.906  37.483 0.3333329856
23805  -39.150  -0.656  37.575 0.2222220004
24142  -39.245  0.184  37.336 0.2222220004
27219  -39.839  9.201  34.639 0.2222220004
27218  -39.158  9.478  34.878 0.2222220004
27224  -40.923  9.411  33.821 0.4444440007
27225  -41.598  9.045  33.553 0.5555559993
27560  -41.369  9.937  33.243 0.4444440007
28621  -45.206  13.406  29.476 0.4444440007
28622  -45.871  13.227  28.830 0.3333329856
28925  -45.462  14.247  29.149 0.3333329856
28926  -45.946  14.105  28.625 0.3333329856
28928  -46.362  13.531  28.266 0.3333329856
28929  -46.716  13.760  27.767 0.3333329856
30519  -50.326  18.650  23.455 0.3333329856
30867  -50.100  19.359  23.217 0.1111110002
31199  -50.243  20.362  22.265 0.1111110002
30524  -50.965  19.316  22.304 0.2222220004
30870  -50.452  19.667  22.566 0.2222220004
30872  -50.954  19.955  21.865 0.2222220004
31202  -50.630  20.727  21.581 0.1111110002
31203  -51.199  20.454  21.247 0.2222220004
30873  -51.617  19.894  21.225 0.2222220004
31206  -51.740  20.597  20.639 0.2222220004
31205  -51.051  21.066  20.921 0.1111110002
30525  -51.529  19.198  21.810 0.1111110002
31554  -51.488  21.365  20.273 0.1111110002
30875  -52.211  19.879  20.674 0.1111110002
31207  -52.434  20.396  20.147 0.1111110002
30877  -52.921  20.222  19.771 0.2222220004
31210  -52.717  20.794  19.576 0.2222220004
30878  -53.333  19.672  19.612 0.2222220004
31211  -53.244  20.447  19.247 0.2222220004
30880  -53.793  20.007  18.834 0.1111110002
31558  -52.439  21.441  19.295 0.3333329856
31213  -53.014  21.131  18.965 0.1111110002
31215  -53.964  20.504  18.253 0.1111110002
31214  -53.541  20.789  18.621 0.1111110002
31562  -53.297  21.463  18.342 0.1111110002
31564  -53.050  22.064  18.065 0.1111110002
31217  -53.803  21.116  17.991 0.1111110002
30521  -50.676  19.016  22.843 0.2222220004
31209  -52.124  21.063  19.941 0.2222220004
31561  -52.740  21.797  18.637 0.2222220004
24137  -37.352  0.820  38.314 0.1111110002
51583  -37.849  -0.002  38.067 0.1111110002
57386  -26.227  -0.529  43.255 0.3333329856
25879  -48.438  5.156  28.878 0.1111110002
24886  -50.152  1.994  28.275 0.1111110002
25222  -49.747  3.014  27.907 0.1111110002
25224  -50.450  3.236  27.330 0.1111110002
53190  -50.452  4.387  26.792 0.1111110002
24889  -50.511  2.436  27.808 0.1111110002
26564  -51.534  7.111  25.928 0.1111110002
56936  -51.393  7.875  26.207 0.1111110002
25550  -48.577  4.167  28.570 0.1111110002
25220  -48.956  3.117  28.421 0.1111110002
25881  -48.917  5.144  28.330 0.1111110002
25552  -49.142  4.115  27.974 0.1111110002
25882  -49.434  5.199  27.810 0.1111110002
24885  -49.442  2.303  28.439 0.1111110002
25553  -49.762  4.190  27.405 0.1111110002
26211  -50.751  6.824  27.110 0.1111110002
25886  -50.566  5.766  26.767 0.1111110002
26562  -51.136  7.400  26.655 0.1111110002
53394  -51.131  5.669  26.190 0.1111110002
26212  -51.098  6.522  26.460 0.1111110002
26214  -51.429  6.261  25.942 0.1111110002
26207  -49.391  6.141  28.351 0.1111110002
26208  -50.024  6.830  28.109 0.1111110002
53285  -49.808  6.013  27.819 0.1111110002
26558  -50.369  7.625  28.017 0.1111110002
25884  -49.951  5.365  27.276 0.1111110002
26209  -50.261  6.346  27.482 0.1111110002
53306  -50.485  7.083  27.667 0.1111110002
29557  -47.496  16.033  26.855 0.2222220004
28931  -46.341  14.515  28.163 0.1111110002
29249  -46.650  15.307  27.807 0.1111110002
29883  -51.788  16.902  23.024 0.2222220004
30516  -49.870  18.316  24.129 0.2222220004
30209  -50.958  18.332  23.019 0.2222220004
30210  -51.544  18.123  22.561 0.2222220004
30522  -51.231  18.749  22.439 0.1111110002
30206  -50.599  17.819  23.658 0.2222220004
30207  -51.310  17.623  23.082 0.2222220004
25887  -50.871  4.956  26.357 0.1111110002
24150  -41.951  0.649  35.447 0.1111110002
24151  -42.734  0.640  34.961 0.1111110002
27562  -41.141  10.881  33.019 0.2222220004
27921  -41.713  11.474  32.531 0.2222220004
27920  -41.075  11.744  32.931 0.1111110002
28619  -44.612  13.342  30.125 0.2222220004
26900  -51.750  8.085  25.560 0.1111110002
27258  -52.422  9.494  23.758 0.3333329856
52514  -52.290  10.837  23.653 0.2222220004
28306  -51.519  12.328  24.454 0.2222220004
27954  -51.837  11.736  24.197 0.2222220004
27953  -51.976  11.022  24.226 0.2222220004
28308  -51.953  12.375  23.812 0.2222220004
28309  -52.326  12.433  23.201 0.2222220004
52961  -53.251  13.751  21.694 0.2222220004
28311  -52.709  12.413  22.590 0.2222220004
28642  -52.967  13.075  22.157 0.2222220004
27957  -52.594  11.056  22.980 0.2222220004
28313  -53.093  12.247  21.951 0.2222220004
28639  -52.119  13.127  23.431 0.2222220004
28951  -53.530  14.434  21.201 0.2222220004
27598  -52.508  10.226  23.334 0.2222220004
27955  -52.207  11.618  23.586 0.2222220004
24870  -46.645  2.102  31.863 0.1111110002
24517  -47.211  1.401  31.880 0.1111110002
24873  -47.004  2.785  31.079 0.1111110002
24874  -47.427  1.886  31.301 0.1111110002
25217  -47.787  3.390  29.710 0.1111110002
24518  -47.787  1.100  31.597 0.1111110002
24521  -48.104  1.469  30.893 0.1111110002
24877  -47.736  2.434  30.412 0.1111110002
24876  -47.233  3.498  30.388 0.1111110002
24512  -45.909  1.660  32.613 0.1111110002
23772  -23.740  -0.658  43.928 0.1111110002
23776  -26.781  -0.034  43.050 0.2222220004
24114  -27.385  0.607  42.856 0.2222220004
47668  -27.886  1.345  42.755 0.2222220004
56265  -25.999  -0.009  43.240 0.1111110002
23773  -24.638  -0.659  43.728 0.1111110002
23802  -38.428  -0.767  37.918 0.1111110002
28923  -44.792  14.442  29.906 0.1111110002
29886  -51.831  17.548  22.625 0.1111110002
52729  -49.290  18.419  24.620 0.1111110002
30515  -49.397  18.839  24.306 0.1111110002
57201  -56.345  19.323  15.121 0.1111110002
31228  -56.111  20.759  14.561 0.1111110002
30213  -52.127  17.944  22.031 0.1111110002
30894  -56.492  20.386  13.922 0.1111110002
30212  -51.715  18.532  22.090 0.1111110002
30215  -52.512  18.177  21.387 0.1111110002
31231  -56.248  21.052  13.928 0.1111110002
30526  -52.097  18.645  21.574 0.1111110002
31230  -55.871  21.498  14.322 0.1111110002
30529  -52.557  18.754  20.976 0.1111110002
31578  -55.660  22.151  13.969 0.1111110002
31579  -56.103  21.616  13.595 0.1111110002
31908  -55.166  22.718  14.223 0.1111110002
49883  -55.472  22.713  13.515 0.1111110002
32246  -55.341  23.461  10.282 0.1111110002
32233  -54.959  23.321  13.779 0.1111110002
32236  -55.236  23.274  12.910 0.1111110002
32239  -55.263  23.433  12.031 0.1111110002
32243  -55.300  23.458  11.178 0.1111110002
31919  -55.773  22.889  10.683 0.1111110002
55841  -54.856  22.713  14.797 0.1111110002
31910  -54.667  23.266  14.492 0.1111110002
32235  -54.636  23.936  13.352 0.1111110002
32238  -54.750  23.984  12.527 0.1111110002
32242  -54.788  24.027  11.661 0.1111110002
32245  -54.816  24.027  10.763 0.1111110002
32248  -54.851  24.025  9.837 0.1111110002
30535  -53.821  19.315  19.202 0.2222220004
58335  -54.401  22.646  15.603 0.1111110002
32232  -54.427  23.894  14.108 0.1111110002
32572  -54.197  24.538  12.968 0.1111110002
32577  -54.245  24.603  11.221 0.1111110002
31907  -54.386  23.073  15.209 0.1111110002
32230  -54.161  23.805  14.806 0.1111110002
32571  -54.102  24.492  13.730 0.1111110002
32574  -54.229  24.594  12.127 0.1111110002
32580  -54.289  24.583  10.288 0.1111110002
32583  -54.327  24.591  9.344 0.1111110002
32896  -53.700  25.071  13.368 0.1111110002
32900  -53.705  25.120  12.592 0.1111110002
55817  -53.573  25.236  11.661 0.1111110002
32576  -53.695  25.132  10.694 0.1111110002
32587  -54.328  24.586  8.399 0.1111110002
32579  -53.753  25.142  9.765 0.1111110002
32905  -53.183  25.677  10.151 0.1111110002
32582  -53.800  25.189  8.808 0.1111110002
30892  -56.350  19.864  14.737 0.1111110002
31575  -54.744  22.400  15.305 0.1111110002
31568  -53.805  22.176  17.067 0.1111110002
24113  -26.571  0.601  42.995 0.2222220004
31581  -55.878  22.173  13.338 0.1111110002
31922  -55.854  22.915  9.788 0.1111110002
22377  -12.088  -4.205  47.062 0.1111110002
21383  -12.059  -7.240  46.984 0.2222220004
20111  -14.092  -11.645  46.321 0.2222220004
21387  -12.801  -7.768  46.890 0.2222220004
21072  -12.053  -8.908  46.860 0.2222220004
21073  -12.709  -8.639  46.824 0.2222220004
20710  -12.537  -9.448  46.781 0.2222220004
21069  -12.008  -8.148  46.919 0.2222220004
55470  -12.778  -11.042  46.626 0.2222220004
50838  -15.416  -11.256  46.119 0.2222220004
20112  -14.852  -11.808  46.165 0.2222220004
48385  -15.653  -11.912  46.079 0.2222220004
19788  -16.461  -11.989  45.997 0.2222220004
47888  -15.971  -12.280  46.054 0.2222220004
48303  -16.766  -12.315  45.948 0.2222220004
19201  -16.999  -13.640  45.822 0.2222220004
19502  -17.633  -13.605  45.617 0.2222220004
19205  -17.382  -14.233  45.510 0.1111110002
20417  -12.273  -10.253  46.754 0.2222220004
51307  -16.172  -11.386  46.039 0.2222220004
19495  -17.382  -12.287  45.822 0.2222220004
19496  -18.183  -13.209  45.469 0.2222220004
19207  -18.744  -13.641  44.995 0.1111110002
19210  -19.191  -14.100  44.562 0.1111110002
20422  -16.597  -10.754  45.993 0.2222220004
20113  -16.941  -11.450  45.935 0.2222220004
19789  -17.237  -12.032  45.860 0.2222220004
20114  -17.709  -11.493  45.758 0.2222220004
19790  -18.086  -11.977  45.600 0.2222220004
26904  -52.593  7.916  23.832 0.1111110002
26567  -52.441  7.126  24.285 0.1111110002
26570  -52.989  6.985  23.430 0.1111110002
26224  -53.618  6.348  22.771 0.1111110002
25902  -54.725  5.349  22.001 0.1111110002
48445  -52.688  8.699  23.390 0.1111110002
26572  -53.020  7.890  23.028 0.1111110002
26225  -54.290  6.147  22.034 0.1111110002
55499  -53.390  7.219  22.712 0.1111110002
25903  -55.329  5.376  21.393 0.1111110002
25573  -55.198  4.634  21.873 0.1111110002
26228  -53.901  7.019  22.097 0.1111110002
26573  -53.478  7.852  22.275 0.1111110002
26229  -54.658  6.824  21.349 0.1111110002
50373  -54.883  5.966  21.547 0.1111110002
18896  -17.876  -14.766  45.049 0.1111110002
19206  -18.069  -13.972  45.267 0.1111110002
26222  -53.193  6.103  23.424 0.1111110002
26906  -53.078  8.653  22.577 0.1111110002
19781  -8.041  -12.381  46.170 0.1111110002
19490  -7.862  -13.202  46.193 0.1111110002
19480  -8.120  -13.841  46.338 0.1111110002
22045  -9.751  -5.372  47.108 0.1111110002
21714  -10.067  -6.011  47.078 0.1111110002
21380  -9.705  -6.869  46.979 0.1111110002
19491  -8.515  -13.169  46.362 0.1111110002
19481  -8.941  -13.874  46.607 0.1111110002
21713  -8.811  -6.692  46.836 0.1111110002
48525  -7.181  -11.959  45.975 0.1111110002
19774  -9.122  -13.151  46.578 0.1111110002
22046  -10.382  -5.342  47.131 0.1111110002
47963  -10.715  -5.907  47.090 0.1111110002
21715  -10.676  -6.680  47.036 0.1111110002
19775  -9.579  -12.715  46.629 0.1111110002
47908  -9.078  -7.535  46.850 0.1111110002
20108  -7.857  -11.312  46.120 0.1111110002
19783  -9.451  -11.906  46.476 0.1111110002
48221  -10.101  -13.008  46.796 0.1111110002
20109  -8.691  -11.622  46.263 0.1111110002
19782  -8.915  -12.500  46.389 0.1111110002
48154  -9.792  -7.842  46.903 0.1111110002
54899  -9.938  -8.551  46.829 0.1111110002
20415  -9.329  -10.936  46.395 0.1111110002
20102  -9.918  -11.429  46.593 0.1111110002
19776  -10.175  -12.199  46.723 0.1111110002
55029  -9.216  -8.471  46.741 0.1111110002
20701  -9.045  -9.399  46.507 0.1111110002
20414  -8.978  -10.161  46.342 0.1111110002
20103  -10.516  -11.384  46.725 0.1111110002
56814  -10.839  -12.027  46.782 0.1111110002
19777  -11.432  -12.284  46.774 0.1111110002
19494  -15.262  -13.403  46.125 0.1111110002
21716  -11.291  -6.127  47.058 0.1111110002
21382  -11.182  -7.604  46.970 0.1111110002
21067  -10.493  -8.200  46.909 0.1111110002
49798  -10.452  -9.045  46.825 0.1111110002
48785  -9.755  -9.222  46.679 0.1111110002
20703  -10.276  -9.878  46.702 0.1111110002
20411  -10.776  -10.570  46.759 0.1111110002
20416  -11.508  -10.401  46.789 0.1111110002
20110  -11.976  -10.953  46.737 0.1111110002
19784  -12.787  -11.990  46.570 0.1111110002
19785  -13.496  -12.239  46.391 0.1111110002
19786  -14.219  -12.392  46.223 0.1111110002
19787  -14.996  -12.374  46.134 0.1111110002
55592  -18.958  -12.020  45.149 0.1111110002
19504  -19.460  -13.443  44.576 0.1111110002
22047  -11.182  -5.350  47.085 0.1111110002
54629  -11.450  -6.787  47.026 0.1111110002
21068  -11.272  -8.738  46.890 0.1111110002
20704  -11.003  -9.701  46.821 0.1111110002
20120  -18.343  -11.501  45.522 0.1111110002
50267  -18.755  -11.761  45.299 0.1111110002
19794  -19.371  -11.694  44.924 0.1111110002
58063  -11.678  -5.739  47.053 0.1111110002
21717  -12.067  -6.272  47.028 0.1111110002
20423  -17.396  -10.802  45.856 0.1111110002
50535  -18.954  -11.104  45.232 0.1111110002
20121  -19.813  -11.049  44.691 0.1111110002
49713  -18.169  -10.890  45.617 0.1111110002
20429  -19.461  -10.312  44.974 0.1111110002
48444  -20.086  -11.564  44.452 0.1111110002
27556  -40.263  9.717  34.096 0.1111110002
27559  -40.673  10.308  33.573 0.1111110002
53682  -43.724  13.747  31.004 0.1111110002
28922  -44.176  14.039  30.571 0.1111110002
29585  -55.799  17.159  17.062 0.1111110002
29587  -55.539  15.855  17.440 0.1111110002
56425  -55.760  16.472  17.130 0.1111110002
29276  -55.239  14.997  17.795 0.1111110002
28959  -55.409  14.233  17.244 0.1111110002
28650  -54.955  13.496  18.176 0.1111110002
28651  -55.237  13.413  17.497 0.1111110002
28648  -54.784  12.823  18.665 0.1111110002
28318  -54.560  12.178  19.226 0.1111110002
27963  -54.149  10.804  20.316 0.1111110002
56837  -53.108  9.434  22.098 0.1111110002
27602  -53.317  10.366  21.701 0.1111110002
27603  -53.897  10.118  20.854 0.1111110002
28956  -54.838  14.430  18.477 0.1111110002
51784  -54.565  15.181  19.110 0.1111110002
52289  -54.669  13.646  18.791 0.1111110002
28954  -54.460  14.210  19.251 0.1111110002
27260  -52.758  9.459  22.946 0.1111110002
27600  -52.859  10.247  22.555 0.1111110002
58225  -52.953  10.943  22.288 0.1111110002
27962  -53.661  11.075  21.070 0.1111110002
28317  -54.156  12.454  19.989 0.1111110002
29588  -55.900  15.897  16.762 0.1111110002
27960  -53.225  11.386  21.786 0.1111110002
28646  -54.392  13.239  19.430 0.1111110002
28953  -54.181  13.963  19.854 0.1111110002
29279  -55.999  15.152  16.320 0.1111110002
27964  -53.923  11.755  20.523 0.1111110002
28645  -54.000  13.361  20.249 0.1111110002
28963  -56.056  14.314  15.878 0.1111110002
53088  -53.498  12.012  21.259 0.1111110002
28315  -53.757  12.680  20.747 0.1111110002
28656  -56.142  13.439  15.429 0.1111110002
28659  -56.441  13.507  14.740 0.1111110002
28336  -56.598  12.653  14.299 0.1111110002
28340  -56.827  12.748  13.563 0.1111110002
28663  -56.803  13.649  13.197 0.1111110002
28665  -56.854  13.729  12.368 0.1111110002
53092  -56.042  16.664  16.573 0.1111110002
27959  -52.839  11.653  22.428 0.1111110002
28952  -53.892  14.219  20.467 0.1111110002
51104  -54.191  14.743  19.863 0.1111110002
28965  -56.355  14.354  15.182 0.1111110002
28967  -56.582  14.403  14.435 0.1111110002
28661  -56.670  13.576  13.998 0.1111110002
29284  -56.671  15.270  14.053 0.1111110002
28970  -56.783  14.524  12.795 0.1111110002
28969  -56.717  14.457  13.628 0.1111110002
53411  -52.526  11.841  22.963 0.1111110002
28643  -53.363  12.898  21.469 0.1111110002
28644  -53.630  13.567  20.977 0.1111110002
29590  -56.240  16.071  15.999 0.1111110002
52798  -56.280  16.895  16.006 0.1111110002
29281  -56.297  15.176  15.609 0.1111110002
53197  -56.464  15.883  15.277 0.1111110002
29283  -56.523  15.215  14.866 0.1111110002
52934  -56.644  16.152  14.503 0.1111110002
29593  -56.499  16.747  15.300 0.1111110002
29286  -56.759  15.289  13.222 0.1111110002
29597  -56.759  16.049  13.590 0.1111110002
29902  -56.379  17.515  15.680 0.1111110002
29905  -56.568  17.526  15.015 0.1111110002
29274  -54.922  15.272  18.438 0.1111110002
20709  -11.767  -9.574  46.829 0.1111110002
20105  -12.060  -11.704  46.699 0.1111110002
47806  -9.213  -5.869  46.991 0.1111110002
21381  -10.362  -7.438  46.975 0.1111110002
20702  -9.588  -10.042  46.507 0.1111110002
20410  -10.072  -10.706  46.619 0.1111110002
20104  -11.297  -11.339  46.777 0.1111110002
19493  -14.147  -13.101  46.188 0.1111110002
19796  -19.504  -11.942  44.777 0.1111110002
29278  -55.653  15.085  17.025 0.1111110002
28957  -55.126  14.126  17.828 0.1111110002
28320  -54.956  11.849  18.507 0.1111110002
27965  -54.358  11.485  19.769 0.1111110002
28333  -56.316  12.547  14.979 0.1111110002
28341  -56.959  12.844  12.761 0.1111110002
