#!ascii label  , from subject sub-1016 vox2ras=TkReg
1051
39416  -50.495  48.064  -0.838 0.6000000238
39130  -52.059  46.524  -1.583 0.6000000238
38841  -52.291  46.625  -2.351 0.5000000000
38839  -52.672  45.478  -2.251 0.5000000000
38556  -52.848  45.180  -2.869 0.4000000060
38291  -53.035  44.381  -3.289 0.4000000060
57755  -53.130  44.054  -3.762 0.3000000119
38026  -53.230  43.766  -4.210 0.4000000060
37759  -53.592  42.653  -5.185 0.2000000030
37495  -53.795  41.884  -5.743 0.2000000030
39414  -50.952  47.477  -0.606 0.6000000238
39129  -51.547  47.169  -1.219 0.6000000238
39677  -49.707  48.246  -0.485 0.6000000238
39132  -51.935  47.201  -2.061 0.6000000238
39417  -51.061  47.913  -1.317 0.6999999881
38842  -52.621  46.053  -2.777 0.6000000238
38558  -52.950  45.178  -3.745 0.4000000060
38029  -53.334  43.573  -5.009 0.3000000119
39419  -51.499  47.832  -1.974 0.6999999881
38844  -52.807  45.778  -3.428 0.4000000060
49709  -53.082  44.508  -4.088 0.4000000060
37761  -53.726  41.998  -6.596 0.2000000030
37758  -53.600  42.696  -6.165 0.2000000030
39134  -52.154  47.229  -2.751 0.6000000238
56536  -52.431  46.738  -2.985 0.6000000238
39135  -52.634  46.510  -3.630 0.6999999881
38846  -52.872  45.900  -4.133 0.5000000000
38293  -53.171  44.372  -4.846 0.4000000060
38032  -53.432  43.442  -5.821 0.3000000119
38295  -53.288  44.182  -5.593 0.4000000060
39149  -52.600  46.754  -7.361 0.8000000119
39681  -50.624  48.386  -1.404 0.6000000238
39684  -50.967  48.429  -1.952 0.6999999881
39420  -51.831  47.721  -2.545 0.6999999881
39423  -51.968  47.809  -3.158 0.8000000119
39422  -51.409  48.454  -2.829 0.8999999762
38560  -53.046  45.252  -4.667 0.5000000000
49073  -52.311  47.226  -3.425 0.8999999762
56534  -51.766  48.310  -3.582 0.8999999762
39137  -52.415  47.201  -4.181 0.8000000119
39425  -52.088  47.811  -3.872 0.8999999762
38562  -53.178  44.922  -5.485 0.6000000238
51570  -52.924  46.021  -4.830 0.6999999881
39140  -52.723  46.575  -4.511 0.6999999881
39427  -52.120  47.845  -4.655 0.8999999762
39688  -51.803  48.427  -4.263 0.8999999762
38848  -53.034  45.774  -5.547 0.6999999881
39139  -52.466  47.192  -5.014 0.8000000119
39143  -52.789  46.530  -5.299 0.8000000119
38034  -53.504  43.442  -6.632 0.4000000060
52045  -53.439  44.129  -7.048 0.6999999881
50632  -53.604  42.765  -7.003 0.3000000119
38036  -53.530  43.484  -7.399 0.4000000060
51500  -53.291  44.809  -7.405 0.6999999881
38564  -53.147  45.391  -6.919 0.6999999881
38852  -52.917  46.078  -7.146 0.8000000119
39145  -52.382  47.294  -6.838 0.8000000119
39148  -52.222  47.483  -7.675 0.8000000119
39151  -52.485  46.826  -8.007 0.8000000119
39947  -50.638  49.055  -2.477 0.8000000119
39948  -50.206  49.765  -2.881 0.8999999762
39949  -50.829  49.305  -3.244 0.8999999762
39687  -51.358  48.963  -3.840 0.8999999762
55340  -51.498  48.959  -4.566 0.8999999762
39691  -51.750  48.579  -5.107 0.8999999762
38297  -53.389  44.103  -6.309 0.6000000238
39429  -52.126  47.855  -5.511 0.8000000119
40233  -49.913  50.545  -3.188 0.8000000119
39952  -50.860  49.607  -3.894 0.8999999762
39955  -51.070  49.575  -4.576 0.8999999762
53295  -53.286  44.646  -6.052 0.6000000238
38563  -53.176  45.242  -6.183 0.8000000119
57966  -52.855  46.407  -5.960 0.8000000119
39142  -52.513  47.115  -5.942 0.8000000119
52048  -53.313  44.730  -6.661 0.6999999881
38850  -53.010  45.930  -6.398 0.8000000119
39693  -51.806  48.550  -5.997 0.8000000119
39958  -51.468  49.209  -5.702 0.8000000119
39951  -50.411  50.012  -3.564 0.8999999762
39954  -50.608  50.217  -4.243 0.8999999762
39957  -50.767  50.390  -4.986 1.0000000000
40238  -50.426  51.008  -4.532 1.0000000000
39690  -51.380  49.216  -5.069 0.8999999762
40511  -50.286  51.846  -4.766 1.0000000000
40241  -50.622  51.235  -5.311 1.0000000000
55582  -51.137  49.805  -5.383 1.0000000000
39146  -52.740  46.607  -6.610 0.8000000119
39431  -52.113  47.876  -6.363 0.8000000119
39960  -51.556  49.242  -6.477 0.8000000119
39694  -51.843  48.555  -6.816 0.8000000119
39433  -52.079  47.929  -7.078 0.8000000119
39964  -51.605  49.256  -7.278 0.8000000119
39696  -51.867  48.444  -7.701 0.8000000119
40506  -49.850  51.249  -3.435 0.8000000119
40235  -50.182  50.758  -3.849 0.8999999762
40785  -49.652  53.306  -4.356 0.8999999762
40790  -50.096  52.696  -4.995 1.0000000000
40242  -50.952  50.575  -5.771 1.0000000000
40513  -50.461  52.094  -5.573 1.0000000000
39959  -51.263  49.909  -6.138 0.8999999762
39963  -51.355  49.956  -6.907 0.8000000119
39968  -51.543  49.294  -8.084 0.8000000119
39699  -51.673  48.605  -8.692 0.8000000119
40509  -50.065  51.566  -4.021 0.8999999762
40508  -49.640  52.079  -3.377 0.8999999762
40786  -49.917  52.402  -4.192 1.0000000000
40789  -49.835  53.551  -5.323 1.0000000000
49069  -49.515  54.220  -5.371 0.8000000119
40792  -50.235  52.889  -5.812 0.8999999762
49990  -50.537  52.357  -6.373 1.0000000000
40514  -50.802  51.443  -6.217 1.0000000000
40244  -51.102  50.637  -6.549 1.0000000000
41043  -50.002  53.536  -6.162 1.0000000000
40518  -50.984  51.213  -6.937 1.0000000000
41042  -49.692  54.046  -5.866 0.8000000119
51253  -50.293  53.006  -6.481 1.0000000000
40517  -50.780  51.889  -7.012 1.0000000000
40246  -51.143  50.648  -7.312 1.0000000000
39967  -51.350  49.973  -7.684 0.8999999762
56358  -51.287  49.935  -8.342 0.8999999762
39698  -51.344  49.474  -8.819 0.8999999762
41286  -49.308  54.685  -5.889 0.8000000119
41046  -50.098  53.457  -6.912 1.0000000000
40794  -50.463  52.724  -7.166 1.0000000000
40522  -50.954  51.367  -7.604 0.8999999762
40248  -51.091  50.689  -8.198 0.8999999762
39971  -51.114  50.217  -8.952 0.8999999762
41045  -49.672  54.176  -6.614 0.8999999762
41049  -50.175  53.305  -7.579 1.0000000000
40796  -50.379  52.812  -8.035 1.0000000000
40521  -50.698  52.113  -7.790 1.0000000000
40527  -50.836  51.551  -8.377 1.0000000000
40251  -50.886  51.066  -9.127 1.0000000000
39703  -51.074  49.520  -10.086 0.8999999762
54985  -51.152  49.729  -9.424 0.8999999762
41048  -49.829  53.923  -7.488 0.8999999762
41053  -49.973  53.549  -8.303 1.0000000000
40798  -50.216  52.863  -8.828 1.0000000000
40526  -50.558  52.236  -8.549 1.0000000000
39977  -50.819  50.052  -10.704 0.8000000119
39974  -50.942  50.372  -9.826 1.0000000000
40531  -50.684  51.766  -8.992 1.0000000000
40530  -50.411  52.264  -9.274 1.0000000000
40255  -50.733  51.107  -9.903 1.0000000000
40535  -50.603  51.669  -9.621 1.0000000000
40259  -50.651  50.832  -10.552 1.0000000000
40254  -50.449  51.545  -10.364 1.0000000000
37767  -53.344  42.612  -9.117 0.5000000000
38038  -53.450  43.095  -8.514 0.5000000000
56573  -53.482  43.523  -8.044 0.5000000000
51524  -53.407  44.148  -7.811 0.6000000238
37506  -53.001  41.374  -10.222 0.3000000119
37770  -53.119  42.159  -9.864 0.3000000119
58223  -53.247  41.336  -9.610 0.4000000060
38300  -53.287  44.002  -8.635 0.6000000238
37508  -52.713  41.222  -10.955 0.2000000030
37231  -52.805  40.352  -10.820 0.1000000015
56801  -53.253  43.400  -9.135 0.5000000000
38568  -53.164  44.886  -8.246 0.6999999881
38566  -53.058  45.510  -7.673 0.6999999881
37234  -52.482  40.625  -11.529 0.1000000015
50274  -52.539  41.926  -11.290 0.3000000119
39680  -50.022  48.602  -1.169 0.6000000238
51036  -52.791  42.035  -10.685 0.3000000119
37769  -52.791  42.881  -10.517 0.3000000119
39683  -50.330  48.869  -1.791 0.6000000238
56561  -53.063  43.162  -9.775 0.6000000238
53548  -52.984  44.105  -9.567 0.6000000238
55900  -52.998  44.806  -9.008 0.6000000238
57905  -52.962  45.232  -8.699 0.6999999881
38857  -52.891  45.644  -8.386 0.6999999881
38855  -52.774  46.212  -7.877 0.6999999881
39935  -47.443  49.796  0.418 0.2000000030
39672  -47.309  48.795  0.761 0.3000000119
39939  -47.971  49.698  -0.480 0.3000000119
39676  -48.686  48.387  -0.234 0.5000000000
39679  -49.172  48.841  -0.911 0.5000000000
39943  -49.586  49.249  -1.541 0.5000000000
37510  -52.378  41.467  -11.722 0.2000000030
37772  -52.512  42.626  -11.226 0.3000000119
38041  -52.721  43.782  -10.375 0.6000000238
38570  -52.691  45.000  -9.699 0.6000000238
38854  -52.498  46.400  -8.642 0.6000000238
40496  -47.941  51.729  0.039 0.1000000015
40217  -47.305  51.310  1.483 0.1000000015
40495  -47.516  51.958  0.868 0.1000000015
40218  -47.606  50.982  0.659 0.1000000015
40492  -47.065  51.572  2.310 0.1000000015
40220  -47.965  50.641  -0.126 0.2000000030
40214  -47.280  50.507  2.140 0.1000000015
40215  -47.401  50.423  1.229 0.1000000015
39928  -47.230  49.942  4.050 0.1000000015
39930  -47.280  50.153  3.102 0.1000000015
39946  -49.937  49.525  -2.199 0.5000000000
40229  -49.622  50.310  -2.525 0.6000000238
39933  -47.316  49.557  1.412 0.2000000030
39940  -48.763  49.728  -1.118 0.3000000119
39945  -49.292  50.066  -1.847 0.5000000000
39936  -47.654  48.748  -0.129 0.3000000119
57206  -48.366  49.027  -0.655 0.4000000060
37775  -52.280  42.268  -11.847 0.2000000030
38043  -52.437  43.494  -11.128 0.5000000000
38302  -52.618  44.537  -10.220 0.6000000238
38567  -52.697  45.577  -9.109 0.6000000238
40500  -48.600  51.785  -1.246 0.3000000119
40224  -48.299  51.257  -0.708 0.2000000030
40225  -48.754  50.814  -1.424 0.4000000060
39931  -47.469  49.430  2.386 0.2000000030
40221  -48.318  50.431  -0.800 0.4000000060
38046  -52.173  43.130  -11.858 0.4000000060
38304  -52.307  44.486  -10.979 0.6000000238
38576  -52.015  45.290  -11.142 0.6000000238
38572  -52.297  45.301  -10.429 0.6000000238
56812  -52.403  45.656  -9.783 0.6000000238
39150  -52.208  47.238  -8.457 0.6999999881
38862  -51.890  45.981  -10.923 0.6000000238
38859  -52.091  46.157  -10.202 0.6000000238
52648  -52.277  46.282  -9.467 0.6000000238
39153  -52.104  47.022  -9.166 0.6000000238
38861  -51.487  46.571  -11.420 0.4000000060
56126  -51.720  46.799  -10.666 0.5000000000
39158  -51.112  47.149  -11.961 0.5000000000
39156  -51.310  47.424  -11.197 0.5000000000
39712  -50.705  48.402  -12.350 0.6000000238
39443  -50.982  47.995  -11.814 0.6000000238
39708  -50.492  49.564  -12.172 0.6000000238
39709  -50.785  48.910  -11.773 0.6000000238
39441  -51.122  48.323  -11.032 0.6000000238
39981  -50.664  49.765  -11.501 0.6999999881
39980  -50.333  50.245  -12.089 0.6999999881
39976  -50.496  50.543  -11.325 0.8000000119
40261  -50.147  51.017  -11.926 0.6999999881
40258  -50.300  51.310  -11.142 0.6999999881
40541  -49.951  51.783  -11.750 0.6999999881
40538  -50.062  52.131  -10.913 0.6999999881
58163  -48.269  52.028  -0.642 0.1000000015
56368  -46.845  52.295  2.458 0.1000000015
40768  -47.129  52.322  1.694 0.1000000015
40232  -49.454  51.270  -2.738 0.6999999881
55848  -51.931  46.919  -9.903 0.6000000238
49688  -51.911  47.764  -8.955 0.6000000238
39435  -51.991  47.915  -8.296 0.6999999881
39439  -51.820  47.532  -9.575 0.6000000238
56174  -51.527  47.701  -10.303 0.5000000000
39438  -51.588  48.224  -9.532 0.6999999881
39445  -50.450  48.321  -13.005 0.4000000060
39711  -50.479  49.029  -12.596 0.6000000238
39706  -50.963  49.217  -10.891 0.6000000238
39983  -50.173  49.831  -12.869 0.6000000238
40264  -49.997  50.718  -12.707 0.6000000238
40498  -47.711  52.490  0.375 0.1000000015
40774  -48.002  52.607  -0.264 0.1000000015
40771  -47.365  52.807  0.932 0.1000000015
40228  -49.198  50.807  -2.115 0.6000000238
51393  -49.584  52.840  -3.697 0.8000000119
39701  -51.331  49.039  -9.455 0.8000000119
50415  -51.248  48.672  -10.213 0.6000000238
39715  -50.159  49.066  -13.346 0.4000000060
40267  -49.792  50.423  -13.488 0.5000000000
40544  -49.798  51.498  -12.514 0.6999999881
56182  -46.710  52.975  2.236 0.1000000015
40770  -46.970  53.241  1.505 0.1000000015
40501  -49.002  51.562  -1.947 0.5000000000
41280  -48.613  55.062  -3.881 0.5000000000
41037  -48.912  54.354  -3.631 0.6000000238
41038  -49.276  53.974  -4.106 0.6999999881
41281  -49.050  54.572  -4.338 0.6000000238
41282  -48.748  55.224  -4.638 0.5000000000
41040  -49.443  54.065  -4.751 0.8000000119
41283  -49.176  54.694  -5.062 0.6999999881
41539  -48.388  55.876  -4.975 0.5000000000
41285  -48.843  55.321  -5.430 0.5000000000
39987  -49.919  49.714  -13.631 0.5000000000
40534  -50.271  52.208  -10.036 0.8999999762
40800  -50.077  52.840  -9.623 0.8999999762
41057  -49.856  53.484  -9.195 0.8999999762
40263  -49.602  51.231  -13.276 0.6000000238
41021  -47.145  53.493  0.854 0.1000000015
40773  -47.544  53.260  0.209 0.1000000015
41535  -47.780  56.277  -3.716 0.4000000060
41533  -48.126  55.571  -3.406 0.4000000060
41034  -49.228  53.530  -3.488 0.6000000238
40783  -49.339  52.823  -3.129 0.8000000119
41536  -48.279  55.747  -4.183 0.4000000060
41765  -47.405  56.970  -4.062 0.3000000119
41538  -47.910  56.415  -4.518 0.4000000060
41767  -47.514  57.058  -4.885 0.4000000060
41768  -47.990  56.514  -5.326 0.5000000000
41542  -48.867  55.399  -6.267 0.6000000238
41541  -48.437  55.975  -5.790 0.5000000000
41289  -49.240  54.862  -6.651 0.6999999881
41293  -49.374  54.645  -7.364 0.6999999881
41024  -47.043  54.134  0.370 0.1000000015
41020  -46.741  53.992  1.221 0.1000000015
40780  -49.145  52.336  -2.484 0.8999999762
40782  -48.964  53.274  -2.658 0.6999999881
41762  -47.262  56.827  -3.234 0.4000000060
41532  -47.611  56.091  -2.925 0.4000000060
41276  -47.939  55.354  -2.639 0.4000000060
41277  -48.443  54.845  -3.131 0.5000000000
41033  -48.733  54.079  -2.894 0.5000000000
41764  -46.873  57.572  -3.588 0.3000000119
54802  -49.738  52.776  -11.039 0.8000000119
40804  -49.395  53.152  -11.469 0.8000000119
40807  -49.688  52.492  -11.620 0.6999999881
40802  -49.920  52.786  -10.400 0.8000000119
41061  -49.703  53.427  -10.001 0.8000000119
40540  -49.571  52.208  -12.318 0.6999999881
40543  -49.392  51.990  -13.033 0.5000000000
39986  -49.539  50.027  -14.303 0.4000000060
40266  -49.368  50.949  -14.054 0.5000000000
40777  -48.372  52.668  -1.096 0.3000000119
40503  -48.765  52.277  -1.731 0.5000000000
41771  -48.047  56.552  -6.046 0.5000000000
40806  -49.296  52.887  -12.172 0.6000000238
55718  -47.505  53.885  -0.261 0.2000000030
40776  -47.910  53.351  -0.605 0.3000000119
57474  -52.958  40.763  -10.399 0.2000000030
37504  -53.411  41.690  -9.050 0.5000000000
40212  -47.073  51.046  3.010 0.1000000015
53711  -52.042  44.041  -11.771 0.6000000238
38575  -51.850  44.917  -11.710 0.6000000238
39119  -49.966  46.346  2.672 0.1000000015
38827  -50.653  45.920  1.985 0.2000000030
38828  -51.124  45.902  1.061 0.2000000030
39118  -49.378  46.705  3.378 0.1000000015
38541  -51.335  45.093  1.685 0.2000000030
39112  -48.947  46.693  4.990 0.1000000015
39114  -48.894  47.079  4.138 0.1000000015
38824  -49.841  45.972  3.543 0.1000000015
39115  -49.369  46.323  4.253 0.1000000015
38818  -48.997  46.353  5.664 0.1000000015
38819  -49.410  45.912  5.142 0.1000000015
38815  -48.762  46.381  6.370 0.1000000015
38816  -49.250  45.810  6.024 0.1000000015
54837  -50.051  46.686  1.767 0.1000000015
38831  -50.614  46.460  1.233 0.2000000030
38545  -51.597  45.356  0.799 0.2000000030
39121  -49.349  47.118  2.412 0.1000000015
39117  -48.841  47.413  3.273 0.1000000015
38537  -51.188  44.503  2.579 0.2000000030
38546  -51.909  44.617  0.936 0.2000000030
38833  -51.556  45.979  0.149 0.3000000119
39404  -48.602  47.785  2.523 0.1000000015
39124  -50.967  46.602  0.525 0.4000000060
38548  -51.989  45.155  0.139 0.2000000030
39402  -48.406  47.805  3.968 0.1000000015
38277  -51.778  44.016  1.869 0.2000000030
38281  -52.374  44.260  0.091 0.2000000030
39127  -51.274  46.784  -0.308 0.4000000060
39407  -48.873  47.639  1.699 0.2000000030
50479  -49.251  47.585  1.036 0.3000000119
39411  -50.148  47.162  0.806 0.3000000119
39126  -50.753  47.139  0.063 0.4000000060
38834  -52.000  45.657  -0.470 0.3000000119
39664  -48.003  48.514  3.670 0.2000000030
58247  -48.369  48.005  3.221 0.2000000030
54786  -49.564  47.237  1.550 0.2000000030
39399  -47.959  48.334  4.554 0.1000000015
38550  -52.367  44.995  -0.719 0.2000000030
38284  -52.662  44.250  -0.682 0.2000000030
38282  -52.806  43.659  -0.357 0.2000000030
57163  -53.022  43.320  -0.662 0.1000000015
39413  -50.285  47.666  -0.115 0.4000000060
39410  -49.390  47.848  0.304 0.3000000119
38836  -51.798  46.329  -0.761 0.4000000060
39406  -48.217  48.102  1.862 0.2000000030
39673  -48.238  48.080  0.819 0.3000000119
39667  -47.976  48.533  2.665 0.2000000030
38837  -52.204  45.793  -1.182 0.3000000119
39660  -47.001  49.462  5.516 0.1000000015
39926  -47.268  49.501  4.756 0.1000000015
39663  -47.598  49.076  4.240 0.1000000015
39666  -47.620  49.289  3.357 0.2000000030
38553  -52.545  45.278  -1.589 0.3000000119
38551  -52.735  44.552  -1.340 0.2000000030
48844  -52.956  44.457  -2.536 0.2000000030
38554  -52.801  44.855  -2.077 0.2000000030
38287  -52.979  44.131  -1.890 0.2000000030
38024  -53.250  43.552  -3.457 0.2000000030
38285  -52.944  43.750  -1.101 0.2000000030
38289  -53.142  43.704  -2.566 0.2000000030
50342  -53.159  43.393  -1.751 0.2000000030
58500  -53.335  43.064  -2.213 0.2000000030
39669  -47.558  48.624  1.646 0.2000000030
38838  -52.427  45.968  -1.953 0.3000000119
58518  -53.361  43.273  -3.917 0.2000000030
38030  -53.463  43.042  -4.374 0.2000000030
50915  -53.574  42.856  -7.786 0.4000000060
41028  -48.215  53.553  -1.366 0.2000000030
40779  -48.667  52.992  -1.906 0.5000000000
41027  -47.740  54.097  -0.894 0.2000000030
38306  -51.661  44.524  -12.314 0.4000000060
38049  -51.422  43.775  -13.352 0.3000000119
38045  -51.751  43.679  -12.605 0.4000000060
38308  -51.301  44.592  -13.094 0.3000000119
38577  -51.375  45.400  -12.405 0.3000000119
38863  -51.657  45.750  -11.629 0.3000000119
38872  -50.178  46.676  -14.345 0.3000000119
39453  -49.771  47.904  -14.594 0.3000000119
39448  -50.065  48.268  -13.852 0.3000000119
54851  -49.723  48.611  -14.489 0.3000000119
39720  -49.834  49.165  -14.085 0.3000000119
39452  -49.391  48.429  -15.053 0.3000000119
52488  -51.256  46.313  -12.138 0.3000000119
38312  -51.123  44.187  -13.866 0.3000000119
38579  -50.886  45.014  -13.906 0.3000000119
38580  -50.976  45.599  -13.253 0.3000000119
38867  -51.036  46.129  -12.752 0.3000000119
39162  -50.893  46.863  -12.668 0.3000000119
38582  -50.513  45.201  -14.752 0.3000000119
38870  -50.544  45.991  -14.056 0.3000000119
38866  -50.688  46.455  -13.300 0.3000000119
39446  -50.778  47.698  -12.526 0.5000000000
38875  -50.105  46.186  -14.969 0.3000000119
48440  -50.352  46.767  -13.811 0.3000000119
39161  -50.449  47.392  -13.314 0.3000000119
39165  -50.092  47.353  -14.112 0.3000000119
39456  -49.018  48.113  -15.658 0.2000000030
39719  -49.447  49.218  -14.788 0.3000000119
38052  -51.240  43.393  -13.898 0.3000000119
39722  -48.941  49.067  -15.568 0.2000000030
39992  -49.090  49.927  -15.131 0.3000000119
39724  -48.603  48.501  -16.081 0.2000000030
39459  -48.671  47.767  -16.261 0.2000000030
55230  -49.148  51.768  -13.791 0.4000000060
40270  -49.077  50.694  -14.807 0.3000000119
56123  -49.217  52.581  -12.763 0.5000000000
40812  -48.909  52.623  -13.474 0.4000000060
40548  -48.891  51.493  -14.573 0.3000000119
40547  -48.657  52.300  -14.303 0.3000000119
41056  -49.423  54.156  -9.580 0.6999999881
40801  -49.531  53.308  -10.755 0.6999999881
41067  -48.939  53.677  -12.015 0.6999999881
40809  -48.902  53.208  -12.796 0.6999999881
39991  -48.615  49.966  -15.830 0.2000000030
40274  -48.775  50.525  -15.413 0.3000000119
41299  -49.058  54.826  -9.523 0.6999999881
41302  -49.011  54.650  -10.172 0.6999999881
41060  -49.284  53.957  -10.432 0.6999999881
55177  -48.904  54.445  -10.908 0.6999999881
51580  -49.136  53.790  -11.185 0.6999999881
41306  -48.789  54.240  -11.527 0.6999999881
53194  -48.282  49.231  -16.364 0.2000000030
55642  -48.445  52.996  -14.066 0.4000000060
40550  -48.329  52.022  -15.145 0.3000000119
41052  -49.526  54.336  -8.168 0.8000000119
52323  -49.627  54.041  -8.827 0.8000000119
55405  -48.723  55.345  -9.895 0.6999999881
41301  -48.631  55.159  -10.690 0.6999999881
41305  -48.515  54.853  -11.421 0.6999999881
41066  -48.474  54.455  -12.099 0.6999999881
41069  -48.495  53.984  -12.798 0.6999999881
40811  -48.465  53.464  -13.496 0.6000000238
40269  -48.628  51.182  -15.279 0.3000000119
41288  -48.910  55.374  -7.144 0.6000000238
50110  -47.763  57.019  -10.630 0.6999999881
49565  -47.615  57.368  -9.933 0.6999999881
57265  -48.020  56.539  -10.568 0.6999999881
41783  -48.032  56.654  -10.032 0.6999999881
41552  -48.304  55.992  -10.443 0.6999999881
41786  -47.920  56.456  -11.156 0.6999999881
41554  -48.240  55.627  -11.284 0.6999999881
41308  -48.142  55.230  -12.041 0.6999999881
39458  -48.148  48.305  -16.610 0.2000000030
41556  -47.863  56.025  -11.933 0.6999999881
39997  -47.797  49.660  -16.898 0.2000000030
41559  -47.736  55.636  -12.710 0.6999999881
41311  -48.081  54.796  -12.803 0.6999999881
39725  -47.670  48.892  -17.027 0.2000000030
39994  -48.099  50.163  -16.465 0.2000000030
40273  -48.342  50.814  -15.959 0.2000000030
41073  -48.048  54.273  -13.533 0.6000000238
40278  -47.919  50.836  -16.580 0.2000000030
55188  -47.914  51.447  -16.310 0.3000000119
57837  -48.226  51.509  -15.721 0.2000000030
40815  -48.156  52.871  -14.744 0.4000000060
41292  -49.002  55.176  -8.140 0.6000000238
41296  -49.269  54.653  -8.889 0.6999999881
41310  -47.572  55.180  -13.614 0.6000000238
41077  -47.990  53.697  -14.296 0.4000000060
41549  -48.528  55.901  -8.606 0.6000000238
41776  -47.990  56.710  -7.498 0.5000000000
41779  -48.140  56.513  -8.352 0.6000000238
49733  -48.827  55.324  -9.082 0.6999999881
41778  -47.596  57.301  -8.239 0.5000000000
56809  -48.257  56.337  -8.888 0.6999999881
42019  -47.039  58.081  -8.436 0.5000000000
41782  -47.931  56.855  -9.150 0.6999999881
41551  -48.399  56.072  -9.444 0.6999999881
42478  -46.268  59.214  -7.755 0.5000000000
41781  -47.371  57.699  -9.148 0.6000000238
41785  -47.507  57.215  -11.361 0.6999999881
39461  -47.581  47.984  -17.184 0.2000000030
40814  -47.658  53.470  -15.160 0.3000000119
40818  -47.833  52.725  -15.498 0.3000000119
42722  -44.919  61.163  -6.034 0.4000000060
42723  -45.327  60.514  -6.464 0.4000000060
42956  -45.024  61.202  -6.928 0.4000000060
42477  -45.885  59.777  -7.437 0.4000000060
42480  -45.896  59.935  -8.100 0.5000000000
42248  -46.606  58.824  -8.468 0.5000000000
42249  -46.882  58.482  -9.187 0.6000000238
42020  -47.159  58.125  -9.905 0.6000000238
56309  -47.602  56.699  -11.849 0.6999999881
41788  -47.437  56.444  -12.524 0.6000000238
41558  -47.252  56.100  -13.316 0.6000000238
41072  -47.650  54.489  -14.167 0.5000000000
49850  -47.587  50.416  -17.141 0.3000000119
40554  -47.887  52.077  -15.909 0.4000000060
42724  -45.499  60.483  -7.442 0.4000000060
42481  -46.239  59.441  -8.485 0.5000000000
42024  -47.088  57.931  -11.549 0.6000000238
42022  -47.323  57.807  -10.701 0.6000000238
42027  -47.170  57.300  -12.240 0.6999999881
41076  -47.422  54.255  -14.863 0.4000000060
40553  -47.536  52.625  -16.109 0.4000000060
40817  -47.368  53.246  -15.898 0.4000000060
39400  -48.393  47.525  4.967 0.1000000015
39661  -47.521  48.891  5.063 0.1000000015
56704  -46.589  50.129  5.531 0.1000000015
39925  -46.893  50.091  4.887 0.1000000015
39169  -49.862  47.091  -14.787 0.3000000119
38311  -50.829  44.516  -14.410 0.3000000119
55665  -47.176  57.849  -7.774 0.5000000000
39463  -47.092  48.621  -17.759 0.2000000030
42251  -46.426  59.248  -9.152 0.5000000000
37229  -53.701  40.257  -8.297 0.1000000015
37226  -53.813  40.648  -7.501 0.1000000015
49150  -53.799  41.350  -7.026 0.1000000015
58003  -53.940  40.684  -6.706 0.1000000015
37498  -53.907  41.206  -6.235 0.1000000015
58292  -53.576  39.933  -8.874 0.1000000015
37496  -53.884  41.708  -4.888 0.1000000015
36942  -53.352  40.016  -9.501 0.1000000015
36051  -53.686  36.767  -9.236 0.1000000015
36366  -53.697  37.618  -9.109 0.1000000015
50679  -53.561  39.274  -9.126 0.1000000015
37756  -53.724  42.251  -4.294 0.1000000015
37754  -53.842  41.901  -3.566 0.1000000015
56915  -53.692  41.477  -7.709 0.1000000015
36652  -53.504  38.518  -9.466 0.1000000015
37752  -53.703  42.210  -2.897 0.1000000015
38022  -53.388  42.791  -1.715 0.1000000015
56958  -53.488  37.226  -9.683 0.1000000015
36368  -53.371  37.881  -9.893 0.1000000015
37751  -53.559  42.474  -2.208 0.1000000015
56507  -53.426  42.958  -2.827 0.1000000015
37230  -53.450  40.728  -9.069 0.2000000030
37502  -53.612  41.155  -8.320 0.2000000030
38027  -53.546  42.741  -3.620 0.1000000015
37765  -53.563  42.142  -8.281 0.2000000030
37763  -53.665  42.098  -7.405 0.1000000015
36944  -53.244  39.315  -9.947 0.1000000015
56848  -53.190  40.726  -9.830 0.2000000030
36654  -53.229  38.564  -10.125 0.1000000015
56642  -53.064  40.142  -10.169 0.1000000015
36947  -52.958  39.009  -10.646 0.1000000015
37232  -52.947  39.696  -10.573 0.1000000015
41546  -48.502  55.973  -7.741 0.4000000060
41772  -47.801  56.932  -6.641 0.4000000060
41773  -48.378  56.136  -6.728 0.4000000060
42017  -47.481  57.402  -7.300 0.4000000060
42016  -47.002  58.024  -7.130 0.4000000060
42014  -47.284  57.599  -6.525 0.4000000060
42013  -46.842  58.158  -6.487 0.4000000060
42011  -46.985  57.900  -5.839 0.4000000060
41770  -47.552  57.172  -5.774 0.4000000060
42244  -46.492  58.720  -6.938 0.4000000060
42246  -46.767  58.454  -7.754 0.4000000060
42010  -47.138  57.612  -5.200 0.4000000060
42241  -46.482  58.577  -6.012 0.4000000060
52332  -46.596  58.292  -5.069 0.4000000060
42243  -46.016  59.234  -6.367 0.4000000060
42254  -46.985  58.438  -10.455 0.4000000060
42009  -47.006  57.634  -4.470 0.3000000119
42238  -46.108  58.873  -4.553 0.3000000119
42240  -45.980  59.168  -5.394 0.4000000060
42473  -45.605  59.848  -5.976 0.4000000060
42475  -46.070  59.364  -7.061 0.4000000060
42253  -46.681  58.913  -9.974 0.4000000060
42257  -46.916  58.444  -11.029 0.5000000000
49513  -46.271  58.269  -3.029 0.2000000030
42008  -46.462  58.292  -4.061 0.2000000030
42237  -45.639  59.531  -4.566 0.2000000030
49686  -45.502  59.871  -5.235 0.4000000060
42474  -45.719  59.868  -6.795 0.3000000119
42023  -46.690  58.592  -11.652 0.3000000119
42026  -46.730  58.144  -12.259 0.3000000119
42006  -46.270  57.899  -2.151 0.2000000030
41761  -46.745  57.398  -2.716 0.2000000030
42235  -45.836  59.073  -3.709 0.2000000030
42719  -45.134  60.347  -4.658 0.3000000119
48178  -46.392  59.379  -10.599 0.4000000060
42483  -46.000  59.955  -8.915 0.4000000060
42487  -46.127  59.833  -9.839 0.4000000060
41758  -46.615  57.150  -1.903 0.3000000119
41759  -47.090  56.617  -2.430 0.3000000119
42231  -45.480  59.019  -1.926 0.2000000030
42232  -45.917  58.526  -2.289 0.2000000030
42234  -45.662  59.058  -2.742 0.2000000030
42470  -45.357  59.607  -3.180 0.2000000030
42472  -45.296  59.872  -3.872 0.2000000030
42721  -45.217  60.483  -5.587 0.4000000060
42963  -45.520  60.705  -8.517 0.4000000060
42256  -46.566  59.002  -11.147 0.3000000119
41529  -46.924  56.386  -1.642 0.3000000119
41530  -47.424  55.869  -2.147 0.3000000119
41273  -48.236  54.600  -2.376 0.4000000060
42467  -45.014  59.816  -2.359 0.2000000030
42712  -44.388  60.542  -2.047 0.2000000030
57928  -44.581  60.516  -2.731 0.2000000030
42469  -44.937  60.209  -3.239 0.2000000030
42716  -44.470  60.959  -3.398 0.2000000030
42959  -45.101  61.295  -7.815 0.3000000119
41272  -47.726  55.113  -1.880 0.3000000119
41030  -47.996  54.346  -1.623 0.3000000119
42714  -44.110  61.071  -2.600 0.2000000030
56400  -44.004  61.559  -3.117 0.2000000030
42717  -44.901  60.497  -3.892 0.2000000030
42718  -44.646  61.082  -4.294 0.2000000030
42951  -44.116  61.774  -3.890 0.2000000030
42720  -44.805  61.108  -5.158 0.3000000119
42953  -44.507  61.774  -5.597 0.3000000119
42955  -44.603  61.822  -6.456 0.3000000119
42958  -44.693  61.876  -7.321 0.3000000119
42727  -45.717  60.481  -9.356 0.3000000119
42486  -45.950  60.044  -10.698 0.3000000119
41756  -46.442  56.899  -1.128 0.3000000119
41527  -47.215  55.620  -1.383 0.3000000119
41031  -48.486  53.815  -2.130 0.2000000030
42946  -43.286  62.042  -1.812 0.2000000030
42948  -43.678  61.769  -2.492 0.2000000030
42711  -43.805  61.255  -1.727 0.2000000030
43186  -43.660  62.569  -3.931 0.2000000030
43187  -43.997  62.257  -4.495 0.2000000030
43190  -44.095  62.329  -5.172 0.2000000030
43193  -44.174  62.389  -5.984 0.2000000030
42952  -44.377  61.738  -4.768 0.2000000030
43195  -44.242  62.441  -6.851 0.3000000119
43199  -44.317  62.501  -7.809 0.2000000030
53258  -44.769  61.890  -8.037 0.3000000119
42962  -45.042  61.530  -8.607 0.3000000119
43183  -42.911  63.100  -2.376 0.2000000030
43184  -43.273  62.492  -2.474 0.2000000030
42950  -43.652  62.206  -3.187 0.2000000030
43424  -43.182  63.034  -3.185 0.2000000030
43192  -43.747  62.918  -5.482 0.2000000030
43194  -43.790  62.977  -6.326 0.2000000030
43427  -43.272  63.258  -4.111 0.2000000030
43189  -43.695  62.807  -4.690 0.2000000030
43198  -43.830  63.037  -7.179 0.2000000030
43676  -42.256  64.202  -2.192 0.2000000030
43423  -42.670  63.659  -2.659 0.2000000030
43430  -43.315  63.414  -4.927 0.2000000030
43433  -43.328  63.512  -5.782 0.2000000030
43441  -43.427  63.544  -7.407 0.2000000030
43203  -44.609  62.174  -8.604 0.2000000030
43440  -42.959  64.032  -7.096 0.2000000030
43429  -42.944  63.798  -4.374 0.2000000030
43432  -42.797  64.098  -5.114 0.2000000030
43436  -42.869  64.082  -6.165 0.2000000030
43437  -43.377  63.534  -6.662 0.2000000030
51780  -43.774  63.204  -7.996 0.2000000030
43692  -42.407  64.612  -6.650 0.2000000030
43684  -42.201  64.784  -4.700 0.2000000030
43688  -42.308  64.703  -5.670 0.2000000030
43202  -44.157  62.777  -8.647 0.2000000030
43687  -41.744  65.310  -5.142 0.2000000030
43691  -41.761  65.301  -6.231 0.2000000030
42005  -45.825  58.349  -1.622 0.2000000030
42003  -46.147  57.647  -1.378 0.3000000119
40208  -46.742  50.724  4.325 0.1000000015
40209  -47.018  50.656  3.645 0.1000000015
36955  -51.437  39.107  -13.392 0.1000000015
58309  -51.533  39.890  -13.348 0.1000000015
37236  -51.796  40.504  -12.929 0.1000000015
56563  -51.728  38.904  -12.883 0.1000000015
37237  -52.141  40.964  -12.267 0.1000000015
36664  -50.933  39.024  -14.162 0.1000000015
57341  -51.863  41.315  -12.856 0.1000000015
37512  -52.062  41.790  -12.410 0.1000000015
37774  -51.953  42.660  -12.541 0.1000000015
41269  -46.987  55.345  -0.631 0.2000000030
41270  -47.491  54.851  -1.134 0.2000000030
36954  -51.166  39.808  -13.952 0.1000000015
37240  -51.378  40.539  -13.709 0.1000000015
50391  -51.559  41.251  -13.450 0.1000000015
36957  -50.696  39.758  -14.654 0.1000000015
37244  -51.186  41.246  -14.130 0.1000000015
37511  -51.690  42.061  -13.185 0.1000000015
41526  -46.719  56.128  -0.877 0.2000000030
56929  -49.909  39.109  -15.568 0.1000000015
36960  -50.189  39.761  -15.353 0.1000000015
37243  -50.962  40.525  -14.401 0.1000000015
37515  -51.358  41.835  -13.836 0.1000000015
37779  -51.318  42.559  -13.874 0.2000000030
56229  -51.586  43.021  -13.254 0.2000000030
41523  -45.991  56.364  0.381 0.1000000015
41524  -46.489  55.852  -0.121 0.1000000015
41753  -46.229  56.636  -0.370 0.1000000015
36383  -49.248  37.824  -16.050 0.1000000015
37248  -50.498  40.527  -15.094 0.1000000015
37518  -50.994  42.063  -14.515 0.2000000030
36670  -49.459  38.807  -16.053 0.1000000015
36963  -49.099  39.293  -16.630 0.2000000030
36959  -49.624  39.722  -16.072 0.2000000030
37247  -49.985  40.543  -15.790 0.2000000030
37517  -50.775  41.262  -14.815 0.1000000015
37521  -50.313  41.307  -15.509 0.2000000030
51568  -50.594  41.900  -15.181 0.2000000030
37781  -50.629  42.647  -15.178 0.2000000030
38055  -50.970  42.999  -14.521 0.2000000030
38051  -50.918  43.826  -14.481 0.2000000030
41999  -45.478  57.882  -0.129 0.1000000015
41755  -45.962  57.397  -0.621 0.2000000030
42002  -45.676  58.126  -0.876 0.1000000015
52467  -49.195  39.988  -16.672 0.2000000030
37251  -49.492  40.546  -16.427 0.2000000030
38054  -50.628  43.522  -15.136 0.2000000030
42229  -45.360  58.821  -1.145 0.1000000015
42464  -45.000  59.494  -1.430 0.1000000015
37520  -49.761  41.383  -16.278 0.2000000030
37784  -50.188  42.221  -15.858 0.2000000030
52614  -49.312  41.077  -16.778 0.2000000030
38058  -50.280  43.182  -15.800 0.2000000030
38315  -50.602  44.345  -15.007 0.2000000030
38057  -49.949  43.639  -16.316 0.2000000030
38318  -50.239  44.141  -15.769 0.2000000030
52065  -50.308  44.852  -15.414 0.2000000030
38584  -50.142  45.474  -15.424 0.2000000030
42701  -43.370  60.591  0.751 0.1000000015
42459  -43.899  60.163  0.295 0.1000000015
42935  -43.038  61.289  0.456 0.1000000015
42934  -42.524  61.717  0.911 0.1000000015
42933  -42.003  62.124  1.401 0.1000000015
43173  -41.706  62.905  1.148 0.1000000015
43170  -40.794  63.137  2.318 0.1000000015
43408  -40.569  63.845  1.971 0.1000000015
42228  -44.883  59.278  -0.658 0.1000000015
42460  -44.397  59.721  -0.179 0.1000000015
42704  -43.563  60.852  -0.000 0.1000000015
43174  -42.235  62.461  0.656 0.1000000015
43409  -41.138  63.374  1.589 0.1000000015
43407  -40.003  64.269  2.359 0.1000000015
42463  -44.539  59.921  -0.927 0.1000000015
42705  -44.063  60.388  -0.469 0.1000000015
42709  -44.193  60.542  -1.258 0.1000000015
38317  -49.761  44.340  -16.536 0.1000000015
56059  -49.923  45.086  -16.053 0.2000000030
38874  -49.748  46.021  -15.863 0.2000000030
39172  -49.630  46.816  -15.474 0.2000000030
42937  -42.717  61.999  0.172 0.1000000015
42938  -43.205  61.538  -0.301 0.1000000015
43412  -41.431  63.666  0.833 0.1000000015
43411  -40.874  64.114  1.249 0.1000000015
42708  -43.706  61.068  -0.797 0.1000000015
38060  -49.515  43.599  -16.982 0.1000000015
56160  -49.551  45.639  -16.438 0.1000000015
39168  -49.455  47.609  -15.229 0.2000000030
42941  -42.873  62.230  -0.589 0.1000000015
42942  -43.317  61.757  -1.075 0.1000000015
51072  -49.476  45.088  -16.775 0.1000000015
42945  -42.998  62.357  -1.246 0.1000000015
43179  -42.609  62.978  -0.979 0.1000000015
43181  -42.935  62.757  -1.776 0.1000000015
43421  -42.537  63.525  -1.768 0.1000000015
43672  -42.077  64.195  -1.401 0.1000000015
43928  -41.090  65.242  -0.617 0.1000000015
43675  -41.818  64.775  -1.817 0.1000000015
43931  -41.319  65.327  -1.445 0.1000000015
43930  -40.693  65.901  -1.075 0.1000000015
44181  -40.106  66.246  -0.506 0.1000000015
43934  -41.536  65.300  -2.262 0.1000000015
51210  -49.378  46.667  -16.065 0.1000000015
44177  -39.325  66.422  0.657 0.1000000015
44179  -38.926  66.940  0.271 0.1000000015
44183  -39.099  67.045  -0.520 0.1000000015
44180  -39.524  66.583  -0.107 0.1000000015
44184  -39.700  66.720  -0.848 0.1000000015
43933  -41.016  65.844  -1.978 0.1000000015
44188  -40.457  66.359  -1.759 0.1000000015
43679  -42.392  64.199  -2.887 0.1000000015
43678  -41.996  64.751  -2.662 0.1000000015
44192  -40.699  66.287  -2.549 0.1000000015
43426  -42.763  63.840  -3.540 0.1000000015
43938  -41.693  65.229  -2.891 0.1000000015
43937  -41.266  65.731  -2.861 0.1000000015
44191  -40.341  66.701  -3.203 0.1000000015
39171  -49.174  47.313  -15.871 0.1000000015
44429  -38.317  67.306  0.648 0.1000000015
44691  -37.250  68.132  0.537 0.1000000015
44431  -37.891  67.795  0.200 0.1000000015
44432  -38.510  67.432  -0.157 0.1000000015
44434  -38.082  67.909  -0.617 0.1000000015
44435  -38.705  67.542  -0.970 0.1000000015
44436  -39.321  67.167  -1.295 0.1000000015
54752  -39.903  66.789  -1.566 0.1000000015
44443  -39.794  67.126  -2.776 0.1000000015
44187  -40.138  66.766  -2.315 0.1000000015
50204  -39.734  67.251  -3.515 0.1000000015
43682  -42.284  64.501  -3.393 0.1000000015
43685  -42.519  64.327  -4.165 0.1000000015
50042  -42.061  64.880  -3.866 0.1000000015
43944  -41.702  65.330  -4.237 0.1000000015
50205  -40.884  66.183  -3.244 0.1000000015
50203  -39.672  67.349  -4.414 0.1000000015
38588  -49.185  45.750  -16.922 0.1000000015
38878  -49.306  46.225  -16.479 0.1000000015
38877  -48.931  46.320  -16.926 0.1000000015
39175  -48.897  46.926  -16.537 0.1000000015
44695  -37.455  68.258  -0.275 0.1000000015
44439  -38.917  67.622  -1.814 0.1000000015
44440  -39.551  67.202  -2.086 0.1000000015
44442  -39.164  67.621  -2.789 0.1000000015
44446  -39.119  67.759  -3.807 0.1000000015
44195  -40.794  66.303  -3.934 0.1000000015
44194  -40.249  66.830  -4.139 0.1000000015
44199  -40.723  66.376  -4.789 0.1000000015
44198  -40.174  66.906  -5.012 0.1000000015
38587  -49.002  45.224  -17.382 0.1000000015
38880  -48.713  45.983  -17.410 0.1000000015
48848  -48.464  46.711  -17.192 0.1000000015
39174  -48.238  47.465  -16.864 0.1000000015
39177  -47.806  47.161  -17.490 0.1000000015
41562  -46.961  55.893  -14.211 0.3000000119
54741  -46.470  56.653  -14.320 0.3000000119
41315  -47.211  55.028  -14.528 0.2000000030
58062  -46.793  55.503  -14.931 0.3000000119
41314  -46.886  54.844  -15.392 0.3000000119
41080  -47.150  53.995  -15.648 0.3000000119
40277  -47.582  51.296  -16.993 0.2000000030
40557  -47.450  52.117  -16.662 0.3000000119
44438  -38.261  68.002  -1.450 0.1000000015
44448  -39.061  67.856  -4.785 0.1000000015
43943  -41.246  65.840  -4.544 0.1000000015
44449  -39.640  67.392  -5.258 0.1000000015
42967  -45.303  61.146  -9.336 0.2000000030
42974  -44.790  61.362  -11.477 0.1000000015
52810  -48.380  45.456  -18.026 0.1000000015
42735  -45.409  60.288  -12.055 0.1000000015
42491  -45.930  59.578  -12.022 0.2000000030
42261  -46.334  58.845  -12.216 0.2000000030
42029  -46.651  57.692  -12.974 0.4000000060
42260  -45.878  59.139  -12.773 0.1000000015
42262  -46.279  58.439  -12.858 0.2000000030
41791  -46.989  56.899  -13.103 0.4000000060
42264  -45.846  58.717  -13.323 0.1000000015
42032  -46.117  58.064  -13.541 0.2000000030
41790  -46.454  57.248  -13.770 0.4000000060
55352  -46.836  56.561  -13.747 0.3000000119
42035  -45.834  57.716  -14.339 0.2000000030
57509  -46.176  57.135  -14.333 0.3000000119
41561  -46.425  56.149  -14.949 0.3000000119
41565  -46.407  55.563  -15.542 0.3000000119
41082  -46.911  53.701  -16.402 0.3000000119
40821  -47.136  52.943  -16.578 0.3000000119
43946  -41.205  65.882  -5.460 0.1000000015
44202  -40.636  66.458  -5.661 0.1000000015
44201  -40.091  66.987  -5.834 0.1000000015
57325  -39.229  67.749  -5.533 0.1000000015
44453  -39.588  67.454  -6.004 0.1000000015
43206  -44.435  62.413  -9.194 0.1000000015
42966  -44.830  61.859  -9.299 0.1000000015
48812  -45.576  60.693  -10.148 0.2000000030
42973  -44.236  62.007  -11.514 0.1000000015
42975  -45.167  61.129  -10.809 0.1000000015
47448  -45.742  60.145  -11.409 0.2000000030
42489  -46.178  59.558  -11.263 0.2000000030
42731  -45.280  60.742  -11.464 0.2000000030
55609  -46.359  59.124  -11.667 0.2000000030
49105  -45.430  59.845  -12.692 0.1000000015
42734  -44.919  60.900  -12.106 0.1000000015
42739  -45.042  60.449  -12.586 0.1000000015
42496  -45.324  59.360  -13.454 0.1000000015
42031  -45.554  58.566  -13.942 0.2000000030
41795  -45.944  56.948  -14.918 0.3000000119
39996  -47.314  49.566  -17.461 0.1000000015
41799  -45.867  56.297  -15.732 0.3000000119
54792  -46.445  55.058  -16.002 0.3000000119
40282  -47.185  51.039  -17.628 0.2000000030
44709  -38.514  68.226  -4.135 0.1000000015
44715  -38.740  68.124  -5.513 0.1000000015
44452  -39.099  67.875  -6.129 0.1000000015
43948  -41.086  66.001  -6.388 0.1000000015
44206  -40.504  66.589  -6.489 0.1000000015
44205  -39.974  67.105  -6.595 0.1000000015
44456  -39.463  67.570  -6.696 0.1000000015
43694  -42.015  65.027  -7.130 0.1000000015
43951  -41.502  65.570  -7.161 0.1000000015
43443  -43.146  63.898  -8.085 0.1000000015
43444  -43.638  63.388  -8.828 0.1000000015
43205  -44.030  62.899  -9.427 0.1000000015
42970  -45.020  61.507  -10.060 0.2000000030
42969  -44.438  62.288  -9.973 0.1000000015
42732  -45.560  60.564  -10.909 0.2000000030
53316  -43.629  63.030  -10.890 0.1000000015
43211  -44.091  62.471  -10.819 0.1000000015
48208  -44.641  61.805  -10.777 0.1000000015
43210  -43.687  62.701  -11.541 0.1000000015
42977  -43.820  62.196  -12.309 0.1000000015
42978  -44.411  61.529  -12.175 0.1000000015
42738  -44.516  60.986  -12.846 0.1000000015
42493  -44.890  60.204  -13.198 0.1000000015
42495  -44.655  59.900  -13.925 0.1000000015
42266  -44.948  59.140  -14.269 0.1000000015
39464  -47.205  47.656  -17.856 0.1000000015
42034  -45.169  58.390  -14.680 0.1000000015
39179  -46.993  47.425  -18.525 0.1000000015
41794  -45.328  57.653  -15.146 0.3000000119
39728  -46.904  49.504  -18.215 0.2000000030
41079  -46.671  54.443  -16.172 0.3000000119
40000  -47.090  50.289  -17.884 0.1000000015
40560  -47.113  51.807  -17.436 0.2000000030
40824  -46.923  52.586  -17.267 0.3000000119
40281  -46.791  51.500  -18.067 0.1000000015
57186  -39.009  67.950  -6.728 0.1000000015
43695  -42.503  64.542  -7.589 0.1000000015
43950  -40.873  66.218  -7.316 0.1000000015
44209  -40.323  66.769  -7.137 0.1000000015
44208  -39.830  67.231  -7.408 0.1000000015
43698  -42.537  64.538  -8.553 0.1000000015
43697  -41.912  65.161  -8.002 0.1000000015
43446  -43.075  63.991  -9.106 0.1000000015
43447  -43.511  63.480  -9.680 0.1000000015
43450  -43.343  63.520  -10.491 0.1000000015
42981  -44.081  61.645  -12.751 0.1000000015
42742  -44.299  60.653  -13.630 0.1000000015
42037  -44.719  58.295  -15.399 0.2000000030
56521  -46.895  48.081  -18.336 0.1000000015
41798  -45.447  57.042  -15.603 0.2000000030
41569  -46.022  55.538  -16.243 0.3000000119
39732  -46.727  48.751  -18.584 0.1000000015
56743  -46.865  50.862  -18.186 0.1000000015
41323  -46.405  54.148  -16.921 0.3000000119
40820  -46.663  53.369  -17.133 0.3000000119
40559  -46.646  52.233  -17.923 0.3000000119
44455  -39.242  67.753  -7.314 0.1000000015
43700  -41.994  65.073  -9.026 0.1000000015
50443  -41.334  65.745  -7.882 0.1000000015
43953  -40.907  66.162  -8.266 0.1000000015
44212  -40.385  66.691  -7.863 0.1000000015
43701  -42.525  64.537  -9.485 0.1000000015
43449  -42.979  64.033  -9.978 0.1000000015
43452  -42.831  64.056  -10.764 0.1000000015
43453  -43.141  63.483  -11.375 0.1000000015
43214  -43.186  63.003  -12.330 0.1000000015
42980  -43.716  62.008  -12.971 0.1000000015
42737  -43.875  61.455  -13.409 0.1000000015
42500  -44.351  59.649  -14.613 0.1000000015
52364  -44.583  58.978  -14.963 0.1000000015
41797  -44.842  57.564  -15.958 0.2000000030
41564  -45.212  56.758  -16.255 0.2000000030
39727  -46.546  49.492  -18.930 0.1000000015
41568  -45.499  56.045  -16.559 0.2000000030
41319  -46.181  54.872  -16.619 0.3000000119
39999  -46.659  50.299  -18.633 0.1000000015
40823  -46.433  52.975  -17.797 0.3000000119
50202  -38.513  68.304  -6.322 0.1000000015
44211  -39.888  67.125  -8.297 0.1000000015
43954  -41.438  65.627  -8.646 0.1000000015
43704  -42.467  64.521  -10.302 0.1000000015
43703  -42.005  65.010  -9.910 0.1000000015
43707  -42.547  64.168  -11.444 0.1000000015
43455  -42.650  63.795  -12.113 0.1000000015
55083  -43.416  62.464  -12.860 0.1000000015
42741  -43.813  61.018  -14.051 0.1000000015
42745  -44.062  60.376  -14.335 0.1000000015
41318  -45.676  55.381  -16.966 0.2000000030
41322  -45.851  54.660  -17.377 0.2000000030
41089  -46.078  53.788  -17.748 0.3000000119
50201  -38.691  68.177  -7.180 0.1000000015
44458  -38.941  67.957  -7.925 0.1000000015
50407  -40.411  66.607  -8.720 0.1000000015
43957  -40.938  66.074  -9.138 0.1000000015
43958  -41.479  65.535  -9.530 0.1000000015
51781  -41.995  64.920  -10.684 0.1000000015
56467  -42.376  64.496  -10.937 0.1000000015
43706  -41.989  64.759  -11.448 0.1000000015
43217  -42.996  62.846  -13.178 0.1000000015
56682  -45.211  55.846  -17.171 0.2000000030
41321  -45.181  55.283  -17.740 0.2000000030
40828  -46.183  52.590  -18.378 0.1000000015
44459  -39.451  67.543  -7.932 0.1000000015
41084  -45.440  54.409  -18.139 0.2000000030
56245  -46.015  53.204  -18.248 0.1000000015
40563  -45.884  52.239  -18.958 0.1000000015
41327  -44.774  54.882  -18.524 0.1000000015
41087  -45.010  54.108  -18.822 0.1000000015
41088  -45.597  53.651  -18.489 0.1000000015
40827  -45.717  52.954  -18.760 0.1000000015
41326  -44.070  55.254  -18.890 0.1000000015
41094  -45.186  53.359  -19.091 0.1000000015
42466  -44.637  60.068  -1.600 0.1000000015
36951  -51.854  39.482  -12.728 0.1000000015
36668  -50.377  38.903  -14.915 0.1000000015
51585  -50.700  38.249  -14.327 0.1000000015
36673  -48.990  38.533  -16.575 0.2000000030
42226  -45.196  58.595  -0.390 0.1000000015
49381  -49.706  42.198  -16.533 0.2000000030
43406  -40.263  63.590  2.657 0.1000000015
43660  -40.302  64.543  1.649 0.1000000015
43420  -42.260  63.674  -1.027 0.1000000015
43671  -41.618  64.736  -1.015 0.1000000015
43419  -41.880  64.120  -0.651 0.1000000015
43668  -40.855  65.049  0.172 0.1000000015
43927  -40.511  65.682  -0.186 0.1000000015
43926  -39.921  66.058  0.252 0.1000000015
44185  -40.186  66.420  -1.141 0.1000000015
43681  -41.943  64.948  -3.250 0.1000000015
43941  -41.662  65.331  -3.464 0.1000000015
43940  -41.267  65.799  -3.709 0.1000000015
44427  -37.012  67.988  1.371 0.1000000015
43208  -43.855  62.957  -10.217 0.1000000015
41801  -44.599  57.148  -16.699 0.2000000030
44215  -40.389  66.514  -9.584 0.1000000015
43962  -41.497  65.420  -10.384 0.1000000015
41267  -47.252  54.560  -0.405 0.1000000015
41521  -46.243  55.572  0.637 0.1000000015
41266  -46.753  55.040  0.127 0.1000000015
41750  -45.494  56.870  0.869 0.1000000015
38536  -50.678  44.886  3.181 0.1000000015
38533  -50.467  44.587  3.977 0.1000000015
38825  -50.374  45.603  2.926 0.1000000015
38540  -50.866  45.212  2.476 0.1000000015
38274  -50.942  44.127  3.421 0.1000000015
38272  -51.205  43.327  3.714 0.1000000015
38275  -51.474  43.660  2.845 0.1000000015
37735  -51.410  42.554  4.074 0.1000000015
37738  -51.771  42.736  3.128 0.1000000015
38279  -52.251  43.760  0.986 0.1000000015
37736  -52.291  41.805  2.940 0.1000000015
38009  -52.268  42.558  2.281 0.1000000015
37743  -52.722  42.445  1.473 0.1000000015
38014  -52.562  43.094  1.020 0.1000000015
38017  -52.662  43.396  0.363 0.1000000015
38015  -52.940  42.697  0.642 0.1000000015
38018  -53.088  42.940  -0.170 0.1000000015
38008  -51.913  43.233  2.356 0.1000000015
38011  -52.248  43.184  1.661 0.1000000015
37783  -49.859  42.922  -16.434 0.1000000015
42040  -44.244  58.296  -16.074 0.1000000015
41571  -44.696  56.069  -17.596 0.1000000015
41567  -44.939  56.449  -16.954 0.1000000015
56665  -44.282  57.765  -16.514 0.1000000015
50527  -43.762  58.289  -16.739 0.1000000015
42039  -43.957  57.553  -17.116 0.1000000015
41804  -44.306  56.800  -17.382 0.1000000015
42044  -43.227  58.141  -17.503 0.1000000015
41803  -43.554  57.195  -17.874 0.1000000015
56399  -46.729  58.847  -10.645 0.4000000060
