#!ascii label  , from subject sub-1016 vox2ras=TkReg
161
19430  -32.635  -16.078  -31.382 0.0000000000
49410  -32.003  -16.659  -34.505 0.0000000000
18544  -34.339  -18.359  -35.650 0.0000000000
18247  -31.490  -19.285  -37.635 0.0000000000
22012  -40.768  -4.320  -34.286 0.0000000000
21622  -39.389  -7.281  -30.232 0.0000000000
20651  -34.422  -9.296  -30.558 0.0000000000
17260  -28.636  -21.149  -38.552 0.0000000000
18541  -31.873  -17.621  -35.653 0.0000000000
18555  -30.390  -18.232  -36.800 0.0000000000
21997  -40.454  -5.367  -32.319 0.0000000000
21634  -38.010  -5.662  -30.549 0.0000000000
19745  -31.447  -14.943  -31.121 0.0000000000
20649  -32.648  -10.520  -30.958 0.0000000000
20047  -32.665  -11.714  -29.614 0.0000000000
20347  -35.173  -10.452  -28.898 0.0000000000
55662  -32.384  -14.836  -28.481 0.0000000000
19431  -33.530  -16.947  -31.507 0.0000000000
19446  -31.272  -15.224  -31.794 0.0000000000
19144  -33.024  -16.421  -33.084 0.0000000000
19145  -33.863  -16.867  -32.784 0.0000000000
18869  -33.235  -17.482  -35.044 0.0000000000
18558  -33.118  -18.433  -36.343 0.0000000000
17588  -32.845  -20.332  -38.334 0.0000000000
21312  -36.175  -6.868  -30.607 0.0000000000
48557  -36.311  -8.575  -29.843 0.0000000000
20636  -37.766  -9.806  -28.939 0.0000000000
18235  -28.819  -19.168  -37.659 0.0000000000
17586  -29.711  -20.577  -38.443 0.0000000000
18540  -30.696  -17.766  -36.237 0.0000000000
18554  -29.554  -18.213  -36.919 0.0000000000
21955  -38.734  -4.944  -31.051 0.0000000000
21633  -37.427  -4.884  -30.990 0.0000000000
19718  -31.535  -14.706  -30.609 0.0000000000
20046  -31.625  -12.422  -30.075 0.0000000000
19719  -31.757  -13.936  -29.568 0.0000000000
20040  -33.142  -12.712  -28.809 0.0000000000
49487  -32.619  -15.964  -30.210 0.0000000000
19448  -33.707  -16.838  -32.235 0.0000000000
55290  -32.077  -16.123  -33.458 0.0000000000
19447  -32.204  -16.076  -32.832 0.0000000000
49131  -32.662  -16.385  -33.591 0.0000000000
49286  -33.275  -16.658  -33.769 0.0000000000
18848  -32.830  -16.811  -34.350 0.0000000000
18238  -31.808  -18.763  -37.086 0.0000000000
18557  -32.126  -18.231  -36.375 0.0000000000
18248  -32.347  -19.271  -37.538 0.0000000000
18249  -33.158  -19.325  -37.480 0.0000000000
17921  -32.079  -19.812  -38.015 0.0000000000
22336  -40.181  -3.216  -33.869 0.0000000000
22351  -40.453  -3.307  -35.973 0.0000000000
22020  -40.668  -3.695  -35.137 0.0000000000
48036  -41.137  -4.184  -36.202 0.0000000000
47623  -40.817  -5.078  -33.358 0.0000000000
21636  -39.708  -6.633  -30.749 0.0000000000
20358  -33.615  -10.394  -30.085 0.0000000000
20652  -35.471  -8.153  -30.503 0.0000000000
20973  -36.753  -7.583  -30.160 0.0000000000
55704  -35.360  -9.094  -30.074 0.0000000000
20338  -35.825  -11.120  -28.095 0.0000000000
55176  -36.493  -10.079  -28.773 0.0000000000
20339  -37.386  -10.977  -28.215 0.0000000000
50298  -34.415  -17.597  -34.555 0.0000000000
19152  -34.396  -17.207  -33.298 0.0000000000
17584  -28.377  -20.625  -38.345 0.0000000000
17917  -28.530  -19.931  -38.066 0.0000000000
17918  -29.267  -19.887  -38.091 0.0000000000
17585  -28.885  -20.560  -38.368 0.0000000000
18867  -31.563  -17.010  -35.089 0.0000000000
51685  -31.076  -17.358  -35.657 0.0000000000
18556  -31.226  -18.270  -36.649 0.0000000000
18237  -30.932  -18.759  -37.214 0.0000000000
22011  -40.281  -4.032  -33.329 0.0000000000
21972  -39.610  -4.850  -31.626 0.0000000000
55875  -39.427  -5.221  -31.155 0.0000000000
21621  -38.588  -6.601  -30.264 0.0000000000
47478  -30.844  -13.446  -30.997 0.0000000000
19717  -31.140  -13.043  -30.541 0.0000000000
20357  -32.606  -10.922  -30.386 0.0000000000
20642  -34.694  -9.885  -29.715 0.0000000000
20346  -33.906  -11.021  -29.216 0.0000000000
20337  -34.471  -11.755  -28.306 0.0000000000
20032  -33.911  -13.614  -27.353 0.0000000000
19709  -32.909  -16.105  -26.815 0.0000000000
16932  -28.622  -22.314  -38.844 0.0000000000
16936  -28.818  -21.801  -38.760 0.0000000000
49181  -32.458  -16.021  -32.158 0.0000000000
49782  -33.119  -16.365  -32.172 0.0000000000
55815  -33.325  -16.513  -32.723 0.0000000000
50489  -33.767  -17.158  -34.322 0.0000000000
18849  -34.027  -17.786  -35.061 0.0000000000
18542  -32.722  -17.866  -35.692 0.0000000000
18559  -33.955  -18.643  -36.298 0.0000000000
18240  -33.559  -18.953  -36.929 0.0000000000
17922  -33.503  -19.851  -37.934 0.0000000000
55093  -41.023  -6.014  -32.893 0.0000000000
54647  -36.925  -5.909  -30.654 0.0000000000
21313  -37.344  -6.602  -30.346 0.0000000000
21302  -38.604  -7.636  -29.990 0.0000000000
20643  -35.823  -9.485  -29.424 0.0000000000
20644  -36.995  -9.137  -29.299 0.0000000000
20975  -38.714  -8.496  -29.601 0.0000000000
19146  -34.633  -17.352  -32.837 0.0000000000
18553  -28.734  -18.311  -37.045 0.0000000000
53269  -29.350  -18.726  -37.354 0.0000000000
18245  -29.700  -19.274  -37.728 0.0000000000
17919  -30.189  -19.918  -38.123 0.0000000000
17261  -29.230  -21.218  -38.646 0.0000000000
56540  -30.746  -20.668  -38.534 0.0000000000
17920  -31.152  -19.896  -38.100 0.0000000000
19429  -32.288  -15.750  -31.511 0.0000000000
57193  -31.936  -15.341  -30.506 0.0000000000
19150  -31.557  -16.102  -33.886 0.0000000000
19163  -32.250  -16.411  -33.961 0.0000000000
22013  -41.172  -4.544  -35.314 0.0000000000
21687  -41.361  -5.244  -34.386 0.0000000000
21303  -39.485  -8.101  -30.044 0.0000000000
20033  -35.187  -12.282  -27.504 0.0000000000
18525  -34.707  -18.044  -35.049 0.0000000000
17259  -28.436  -21.495  -38.628 0.0000000000
49720  -26.909  -21.270  -38.340 0.0000000000
19176  -30.684  -16.688  -35.035 0.0000000000
18236  -30.081  -18.738  -37.307 0.0000000000
21995  -39.500  -3.404  -32.609 0.0000000000
21996  -39.969  -4.364  -32.446 0.0000000000
21971  -38.718  -4.060  -31.645 0.0000000000
21635  -39.120  -5.720  -30.792 0.0000000000
19720  -33.594  -17.556  -30.484 0.0000000000
19449  -34.331  -17.363  -32.245 0.0000000000
56555  -27.185  -22.060  -38.558 0.0000000000
18868  -32.380  -17.240  -35.064 0.0000000000
18239  -32.696  -18.819  -36.980 0.0000000000
18543  -33.578  -18.101  -35.688 0.0000000000
51732  -32.797  -19.699  -37.887 0.0000000000
20356  -31.917  -11.426  -30.722 0.0000000000
21327  -34.916  -7.284  -31.045 0.0000000000
21301  -37.770  -7.280  -30.054 0.0000000000
20974  -37.589  -8.189  -29.690 0.0000000000
56571  -37.989  -8.964  -29.320 0.0000000000
20956  -38.801  -9.412  -29.275 0.0000000000
17908  -28.328  -19.433  -37.807 0.0000000000
18234  -28.374  -18.727  -37.361 0.0000000000
18246  -30.591  -19.298  -37.705 0.0000000000
18866  -30.229  -17.211  -35.746 0.0000000000
18539  -29.862  -17.695  -36.366 0.0000000000
49518  -31.459  -15.713  -32.921 0.0000000000
54757  -40.805  -3.893  -35.888 0.0000000000
21956  -40.034  -5.808  -31.422 0.0000000000
20992  -33.759  -9.060  -31.179 0.0000000000
20993  -34.476  -8.374  -30.981 0.0000000000
18843  -34.450  -17.330  -33.921 0.0000000000
18850  -34.983  -17.724  -34.422 0.0000000000
17916  -28.220  -19.979  -38.082 0.0000000000
19162  -31.335  -16.482  -34.580 0.0000000000
56779  -31.399  -17.857  -36.119 0.0000000000
20025  -35.430  -13.239  -26.359 0.0000000000
20024  -34.481  -15.033  -25.453 0.0000000000
19710  -32.919  -17.044  -28.751 0.0000000000
19151  -33.798  -16.824  -33.413 0.0000000000
21655  -40.800  -6.388  -32.188 0.0000000000
17262  -30.060  -21.291  -38.758 0.0000000000
