#!ascii label  , from subject sub-1016 vox2ras=TkReg
1172
9488  -36.196  -44.817  -37.177 0.5000000000
53892  -36.532  -45.122  -36.706 0.5000000000
54087  -36.450  -44.174  -36.946 0.4000000060
47194  -36.770  -44.354  -36.410 0.5000000000
47293  -36.791  -33.375  -38.199 0.5000000000
54090  -36.969  -32.885  -37.814 0.4000000060
47195  -36.799  -32.113  -37.949 0.4000000060
47283  -37.124  -32.129  -37.291 0.5000000000
47326  -36.205  -30.722  -37.844 0.5000000000
54089  -36.507  -30.653  -37.410 0.4000000060
47325  -36.907  -30.645  -36.799 0.4000000060
9476  -36.220  -45.593  -36.966 0.5000000000
55874  -36.435  -45.777  -36.676 0.4000000060
54007  -36.817  -45.257  -36.032 0.5000000000
53959  -36.886  -45.079  -35.312 0.5000000000
54084  -36.920  -44.416  -35.690 0.5000000000
54395  -36.941  -43.606  -36.067 0.5000000000
47282  -36.760  -34.312  -38.130 0.5000000000
56860  -37.059  -34.480  -37.692 0.5000000000
46819  -37.056  -33.742  -37.766 0.5000000000
54478  -37.716  -30.109  -35.477 0.3000000119
47263  -37.057  -30.069  -36.705 0.4000000060
47346  -37.230  -30.633  -36.257 0.3000000119
46832  -37.505  -29.961  -36.167 0.4000000060
54466  -36.731  -43.474  -36.712 0.5000000000
47416  -37.261  -33.246  -37.186 0.6000000238
47396  -37.766  -29.412  -35.734 0.3000000119
6482  -38.791  -53.312  -28.571 0.3000000119
6813  -39.415  -52.850  -28.886 0.3000000119
6485  -39.011  -53.275  -29.561 0.4000000060
6489  -38.366  -53.863  -29.975 0.4000000060
6490  -38.918  -53.511  -30.485 0.4000000060
6166  -38.426  -53.908  -30.971 0.4000000060
6170  -38.379  -53.900  -31.690 0.4000000060
6497  -38.543  -53.562  -32.083 0.4000000060
6814  -39.954  -52.691  -29.591 0.3000000119
6486  -39.549  -53.084  -30.196 0.4000000060
6491  -39.635  -53.087  -30.842 0.4000000060
6494  -39.015  -53.401  -31.225 0.4000000060
6498  -39.130  -53.181  -31.761 0.4000000060
6828  -38.711  -53.154  -32.264 0.4000000060
6811  -40.785  -52.085  -29.383 0.3000000119
54720  -40.636  -52.429  -30.045 0.3000000119
6817  -40.205  -52.788  -30.428 0.4000000060
6495  -39.669  -53.010  -31.394 0.4000000060
56189  -39.993  -52.538  -32.287 0.4000000060
6825  -39.323  -52.915  -32.129 0.4000000060
7138  -39.867  -52.047  -33.034 0.4000000060
48761  -39.554  -52.495  -32.492 0.4000000060
7121  -41.018  -51.560  -28.475 0.3000000119
6815  -41.276  -52.032  -30.121 0.3000000119
6818  -40.883  -52.426  -30.638 0.3000000119
6492  -40.389  -52.733  -31.171 0.3000000119
6826  -40.041  -52.750  -31.848 0.4000000060
53323  -40.278  -52.188  -32.709 0.4000000060
7143  -40.059  -51.601  -33.519 0.4000000060
7124  -41.715  -51.435  -29.444 0.3000000119
6819  -41.524  -52.021  -30.790 0.3000000119
6823  -41.093  -52.316  -31.165 0.4000000060
49106  -40.892  -52.366  -31.702 0.4000000060
7139  -41.001  -51.910  -32.798 0.3000000119
6827  -40.632  -52.341  -32.286 0.4000000060
7476  -40.517  -51.761  -33.272 0.3000000119
47495  -42.653  -50.418  -28.349 0.3000000119
7451  -42.515  -50.758  -29.171 0.3000000119
7452  -43.250  -50.257  -28.981 0.3000000119
7127  -41.964  -51.574  -30.345 0.3000000119
7128  -42.583  -51.145  -30.696 0.3000000119
6820  -42.055  -51.605  -30.937 0.3000000119
55608  -41.676  -51.858  -31.458 0.3000000119
7134  -41.386  -51.921  -32.193 0.3000000119
7477  -41.249  -51.370  -33.343 0.3000000119
7486  -40.595  -51.142  -33.864 0.4000000060
7485  -39.793  -51.081  -33.816 0.4000000060
7454  -43.082  -50.558  -29.635 0.3000000119
7125  -42.529  -51.009  -29.965 0.3000000119
7132  -42.463  -51.260  -31.338 0.3000000119
7135  -42.259  -51.317  -32.062 0.3000000119
7469  -42.445  -51.047  -32.659 0.3000000119
7468  -41.780  -51.481  -32.752 0.3000000119
7487  -41.419  -50.767  -33.878 0.3000000119
7804  -40.898  -50.396  -34.235 0.3000000119
7493  -39.742  -50.441  -34.172 0.4000000060
7455  -43.760  -50.199  -29.623 0.3000000119
7783  -44.076  -49.892  -28.852 0.3000000119
7457  -43.326  -50.589  -30.346 0.3000000119
55136  -44.548  -49.832  -29.572 0.3000000119
7458  -43.929  -50.377  -30.940 0.3000000119
7787  -45.376  -49.523  -29.630 0.3000000119
7470  -43.022  -50.782  -32.301 0.3000000119
7462  -43.073  -50.851  -31.717 0.3000000119
7478  -42.116  -50.863  -33.283 0.3000000119
7494  -40.225  -50.511  -34.221 0.4000000060
7813  -39.977  -50.020  -34.399 0.4000000060
47334  -38.932  -50.140  -33.868 0.5000000000
50130  -44.215  -50.125  -30.264 0.3000000119
7129  -43.177  -50.788  -31.108 0.3000000119
7463  -43.677  -50.542  -31.461 0.3000000119
7471  -43.801  -50.434  -31.978 0.3000000119
7790  -45.963  -49.338  -30.286 0.3000000119
7479  -42.968  -50.613  -32.890 0.3000000119
7788  -46.153  -49.164  -29.361 0.3000000119
7798  -42.070  -50.297  -33.928 0.3000000119
8099  -46.533  -48.960  -30.744 0.3000000119
56601  -41.506  -50.222  -34.230 0.3000000119
8131  -39.496  -49.892  -34.295 0.4000000060
7459  -44.762  -49.980  -30.819 0.3000000119
7786  -44.872  -49.829  -30.148 0.3000000119
7464  -44.324  -50.233  -31.450 0.3000000119
7465  -45.009  -49.899  -31.428 0.3000000119
7795  -43.566  -50.428  -32.530 0.3000000119
56247  -45.318  -49.668  -30.381 0.3000000119
7799  -42.801  -50.207  -33.491 0.3000000119
57135  -45.961  -49.390  -31.000 0.3000000119
8102  -46.049  -48.969  -32.039 0.3000000119
8117  -41.920  -49.768  -34.385 0.3000000119
8116  -41.219  -49.749  -34.484 0.3000000119
7814  -40.508  -49.864  -34.475 0.3000000119
7472  -44.602  -50.048  -31.905 0.3000000119
7800  -43.707  -50.057  -33.075 0.3000000119
7480  -44.231  -50.101  -32.431 0.3000000119
7481  -44.942  -49.739  -32.247 0.3000000119
7473  -45.158  -49.769  -31.811 0.3000000119
49083  -44.595  -49.636  -32.838 0.3000000119
56732  -45.568  -49.596  -31.455 0.3000000119
8118  -42.600  -49.763  -34.107 0.3000000119
53131  -45.448  -48.831  -32.980 0.3000000119
8107  -45.384  -49.218  -32.568 0.3000000119
8429  -45.384  -48.364  -33.404 0.3000000119
8108  -45.961  -48.531  -32.694 0.3000000119
8133  -40.843  -49.134  -34.708 0.4000000060
8423  -46.063  -47.811  -33.155 0.3000000119
8132  -40.048  -49.326  -34.600 0.4000000060
8762  -46.091  -47.122  -33.525 0.3000000119
8147  -39.505  -49.198  -34.532 0.4000000060
54839  -46.597  -46.590  -33.339 0.3000000119
53901  -39.071  -49.397  -34.242 0.5000000000
54416  -38.558  -49.567  -33.808 0.5000000000
8105  -43.363  -49.622  -33.784 0.3000000119
8427  -43.769  -48.962  -34.105 0.3000000119
8106  -44.185  -49.373  -33.485 0.3000000119
8428  -44.563  -48.662  -33.809 0.3000000119
8134  -41.726  -49.078  -34.734 0.4000000060
8760  -44.864  -47.786  -34.124 0.3000000119
8761  -45.595  -47.615  -33.685 0.3000000119
8780  -45.473  -46.892  -34.138 0.4000000060
9106  -46.126  -46.510  -33.810 0.3000000119
55558  -38.752  -48.943  -34.113 0.6000000238
53856  -38.310  -48.869  -33.618 0.6000000238
8119  -43.001  -49.182  -34.352 0.3000000119
8440  -43.296  -48.513  -34.646 0.3000000119
56575  -42.364  -49.337  -34.521 0.3000000119
8441  -44.065  -48.242  -34.387 0.3000000119
8779  -44.207  -47.603  -34.630 0.4000000060
8455  -40.408  -48.411  -34.857 0.5000000000
8797  -44.618  -46.992  -34.670 0.4000000060
9119  -45.044  -46.081  -34.787 0.4000000060
54523  -39.782  -48.729  -34.704 0.5000000000
54019  -39.239  -48.609  -34.510 0.6000000238
49117  -45.842  -46.033  -34.245 0.3000000119
53857  -37.811  -48.836  -32.892 0.6999999881
8135  -42.520  -48.752  -34.765 0.3000000119
8439  -42.718  -47.957  -35.111 0.3000000119
8456  -41.269  -48.361  -34.966 0.3000000119
8778  -43.574  -47.814  -34.871 0.3000000119
8795  -43.203  -47.333  -35.211 0.4000000060
8796  -43.854  -47.131  -35.032 0.4000000060
9118  -44.172  -46.384  -35.197 0.4000000060
54031  -39.800  -48.061  -34.821 0.5000000000
9458  -44.429  -45.587  -35.358 0.4000000060
53796  -38.688  -48.235  -34.073 0.6000000238
9459  -45.046  -45.204  -35.105 0.4000000060
54191  -38.156  -47.967  -33.328 0.6999999881
47077  -37.225  -47.984  -31.746 0.6999999881
54373  -37.347  -48.782  -32.134 0.6999999881
8457  -41.997  -48.354  -35.003 0.4000000060
8794  -42.566  -47.119  -35.456 0.4000000060
8793  -41.798  -47.596  -35.313 0.4000000060
8792  -40.916  -47.620  -35.172 0.4000000060
9117  -43.298  -46.603  -35.510 0.4000000060
9457  -43.709  -45.822  -35.671 0.4000000060
47159  -39.240  -47.613  -34.554 0.6000000238
9468  -44.570  -44.911  -35.500 0.4000000060
54041  -38.641  -47.393  -33.936 0.6999999881
54415  -37.647  -48.033  -32.509 0.6999999881
54148  -36.949  -48.734  -31.413 0.6999999881
8464  -40.308  -47.646  -35.023 0.4000000060
54120  -39.898  -47.262  -34.962 0.5000000000
9129  -42.481  -46.357  -35.824 0.4000000060
9130  -43.038  -45.927  -35.897 0.4000000060
9466  -43.262  -45.269  -36.075 0.4000000060
54245  -38.262  -47.045  -33.302 0.6999999881
9467  -43.984  -45.065  -35.804 0.4000000060
47089  -37.548  -47.255  -32.119 0.6999999881
9790  -44.309  -44.208  -35.834 0.4000000060
53774  -36.816  -47.918  -30.966 0.6999999881
10111  -44.345  -43.242  -35.998 0.4000000060
10429  -44.947  -42.784  -35.720 0.4000000060
8803  -40.493  -46.887  -35.355 0.4000000060
8804  -41.266  -46.855  -35.541 0.4000000060
8805  -41.940  -46.803  -35.628 0.4000000060
54693  -39.481  -46.856  -34.820 0.5000000000
54030  -39.042  -46.792  -34.324 0.6999999881
9465  -42.415  -45.471  -36.186 0.4000000060
58164  -38.634  -46.719  -33.782 0.6999999881
56487  -41.668  -45.256  -36.290 0.4000000060
47062  -37.930  -46.558  -32.603 0.6999999881
9788  -42.822  -44.688  -36.400 0.4000000060
47073  -37.898  -47.371  -32.777 0.6999999881
9789  -43.530  -44.501  -36.192 0.4000000060
48825  -43.090  -44.082  -36.482 0.4000000060
10110  -43.623  -43.605  -36.325 0.4000000060
10437  -44.339  -42.386  -36.157 0.4000000060
9126  -40.320  -46.144  -35.592 0.4000000060
9127  -40.869  -46.151  -35.767 0.4000000060
47275  -39.891  -46.492  -35.233 0.5000000000
53890  -37.030  -42.879  -35.655 0.4000000060
53896  -36.978  -42.971  -34.792 0.5000000000
9464  -41.083  -45.416  -36.137 0.4000000060
47075  -38.376  -46.280  -33.322 0.6000000238
9478  -41.265  -44.677  -36.486 0.4000000060
53822  -37.500  -46.426  -31.755 0.6999999881
9787  -42.034  -44.573  -36.583 0.4000000060
52791  -42.589  -44.116  -36.650 0.4000000060
53786  -36.731  -47.007  -30.565 0.6999999881
10109  -42.853  -43.443  -36.710 0.4000000060
10118  -43.343  -42.902  -36.594 0.4000000060
10436  -43.548  -42.028  -36.652 0.4000000060
51077  -39.338  -46.052  -34.785 0.6000000238
9463  -40.482  -45.491  -35.911 0.5000000000
53893  -36.972  -42.790  -36.425 0.3000000119
54034  -38.151  -45.804  -32.816 0.6000000238
46793  -38.783  -46.084  -34.012 0.6000000238
53831  -37.104  -46.179  -30.929 0.6999999881
54262  -36.689  -46.160  -30.183 0.8000000119
10108  -42.141  -43.701  -36.862 0.4000000060
53103  -42.328  -43.039  -36.988 0.4000000060
10435  -42.828  -42.603  -36.887 0.4000000060
10759  -42.688  -41.812  -37.089 0.4000000060
10769  -43.814  -41.101  -36.690 0.4000000060
54040  -38.465  -45.475  -33.429 0.6000000238
46878  -38.940  -45.171  -34.301 0.6000000238
47381  -39.891  -45.603  -35.474 0.5000000000
54465  -37.079  -42.069  -36.058 0.4000000060
54394  -37.056  -42.141  -35.202 0.4000000060
53795  -37.825  -45.723  -32.134 0.6000000238
54346  -36.960  -42.258  -34.305 0.5000000000
54585  -36.949  -45.593  -30.382 0.6999999881
55513  -37.489  -45.692  -31.451 0.6999999881
54515  -36.644  -45.423  -29.799 0.6999999881
47960  -40.111  -44.730  -35.978 0.5000000000
54422  -36.829  -42.402  -33.409 0.6999999881
53759  -36.084  -44.994  -28.782 0.6999999881
53762  -36.312  -45.231  -29.204 0.6999999881
54378  -36.404  -45.827  -29.610 0.6999999881
9796  -40.410  -44.151  -36.398 0.5000000000
54564  -36.627  -41.890  -32.040 0.6999999881
54349  -36.673  -42.542  -32.530 0.6999999881
54572  -36.081  -45.855  -29.094 0.6999999881
54387  -35.947  -45.838  -28.894 0.6999999881
9797  -40.837  -44.036  -36.644 0.4000000060
9798  -41.452  -43.905  -36.830 0.4000000060
10117  -41.652  -43.010  -37.135 0.4000000060
10434  -42.185  -42.386  -37.178 0.4000000060
46797  -39.410  -45.264  -35.040 0.5000000000
53912  -37.705  -44.857  -31.628 0.6999999881
47164  -38.131  -44.984  -32.632 0.6000000238
46900  -36.986  -44.924  -30.176 0.6999999881
54344  -37.280  -45.265  -30.877 0.6999999881
46799  -39.282  -44.509  -34.981 0.5000000000
46800  -39.668  -44.886  -35.473 0.5000000000
53974  -36.931  -41.565  -33.793 0.6999999881
54179  -39.663  -44.193  -35.689 0.5000000000
47074  -36.789  -41.734  -32.905 0.6999999881
54547  -35.849  -45.011  -28.490 0.6999999881
54076  -40.021  -43.838  -36.282 0.4000000060
53909  -35.781  -45.111  -28.540 0.6999999881
54286  -35.747  -44.064  -28.051 0.6000000238
10115  -40.390  -43.366  -36.759 0.4000000060
54214  -36.439  -42.036  -31.204 0.6999999881
54270  -35.712  -43.815  -28.203 0.6000000238
10116  -40.967  -43.289  -37.002 0.4000000060
10127  -40.624  -42.817  -37.088 0.4000000060
10128  -41.060  -42.516  -37.272 0.4000000060
10439  -41.561  -42.093  -37.362 0.4000000060
10758  -42.060  -41.708  -37.324 0.4000000060
10767  -42.351  -41.068  -37.338 0.4000000060
47333  -38.519  -44.524  -33.438 0.6000000238
47083  -37.104  -41.274  -36.491 0.6000000238
54086  -37.123  -41.284  -35.634 0.6000000238
47107  -37.052  -41.393  -34.708 0.6999999881
54388  -36.303  -44.411  -28.809 0.6000000238
54380  -36.650  -44.580  -29.445 0.6000000238
54525  -36.100  -44.243  -28.424 0.6000000238
54232  -35.796  -44.111  -27.850 0.6000000238
57031  -35.799  -44.101  -27.939 0.6999999881
54614  -36.742  -41.082  -32.386 0.6999999881
47187  -39.647  -43.312  -35.949 0.4000000060
54168  -39.995  -43.134  -36.560 0.4000000060
58158  -40.150  -42.948  -36.810 0.4000000060
54353  -36.196  -42.259  -30.312 0.6999999881
54283  -35.944  -42.070  -29.403 0.6999999881
54234  -35.765  -42.676  -28.952 0.6000000238
10126  -40.312  -42.678  -37.010 0.4000000060
10446  -40.568  -42.219  -37.238 0.4000000060
10765  -40.964  -41.716  -37.422 0.4000000060
10766  -41.556  -41.176  -37.496 0.4000000060
11087  -40.880  -40.851  -37.538 0.3000000119
47114  -37.189  -40.414  -36.123 0.5000000000
53758  -36.617  -43.561  -28.973 0.6000000238
46899  -37.073  -43.794  -29.923 0.6000000238
47256  -37.387  -44.341  -30.764 0.6000000238
54042  -38.063  -44.162  -32.216 0.6000000238
57491  -38.268  -44.340  -32.789 0.6000000238
54567  -36.253  -43.667  -28.385 0.6000000238
54161  -38.925  -44.224  -34.266 0.4000000060
47250  -38.683  -43.771  -33.709 0.5000000000
57616  -39.110  -43.967  -34.735 0.4000000060
54423  -37.033  -40.701  -34.149 0.8000000119
54549  -35.840  -43.387  -27.611 0.6000000238
47360  -38.955  -43.346  -34.451 0.4000000060
47233  -39.303  -43.731  -35.208 0.4000000060
54347  -36.892  -40.903  -33.258 0.6999999881
47053  -35.605  -43.408  -27.042 0.6000000238
54300  -36.571  -41.245  -31.530 0.6999999881
54487  -35.646  -42.948  -28.026 0.6000000238
47246  -39.796  -42.718  -36.385 0.4000000060
54140  -40.058  -42.500  -36.787 0.4000000060
53800  -36.365  -41.389  -30.693 0.6999999881
53904  -35.652  -42.406  -28.365 0.6999999881
47224  -39.756  -42.067  -36.456 0.4000000060
10445  -40.274  -42.115  -37.081 0.4000000060
54301  -36.133  -41.422  -29.898 0.6999999881
47144  -39.689  -41.193  -36.523 0.3000000119
10776  -40.414  -41.402  -37.284 0.4000000060
47225  -40.056  -40.852  -37.035 0.4000000060
46791  -37.765  -43.820  -31.400 0.6000000238
54467  -37.156  -40.416  -35.119 0.6000000238
46796  -38.372  -43.682  -32.904 0.5000000000
54218  -36.060  -43.564  -28.025 0.6000000238
53271  -38.619  -43.042  -33.529 0.5000000000
47055  -35.696  -42.778  -26.846 0.6000000238
54570  -36.038  -42.960  -27.792 0.6000000238
46877  -38.813  -42.455  -34.071 0.4000000060
54075  -39.252  -42.944  -35.300 0.4000000060
54595  -35.682  -42.492  -27.253 0.6000000238
46802  -39.030  -42.536  -34.762 0.4000000060
54284  -36.688  -40.432  -31.857 0.6999999881
54607  -35.685  -42.138  -28.057 0.6999999881
54028  -38.517  -39.936  -33.248 0.5000000000
47186  -38.547  -40.888  -33.251 0.5000000000
47140  -38.766  -40.968  -34.170 0.5000000000
47364  -38.930  -41.739  -34.629 0.4000000060
46804  -39.194  -42.146  -35.355 0.4000000060
54352  -36.504  -40.586  -31.015 0.6999999881
54215  -36.288  -40.712  -30.233 0.6999999881
47063  -35.898  -41.269  -29.171 0.6999999881
54483  -35.735  -41.880  -28.694 0.6999999881
55364  -38.666  -40.312  -33.868 0.5000000000
54027  -38.950  -40.960  -34.889 0.4000000060
46805  -39.150  -41.363  -35.409 0.4000000060
54139  -39.421  -41.730  -35.977 0.4000000060
54011  -38.510  -39.082  -33.331 0.4000000060
54158  -38.843  -40.196  -34.674 0.4000000060
47370  -39.122  -40.513  -35.538 0.4000000060
57167  -39.345  -41.057  -35.980 0.4000000060
47236  -38.669  -39.565  -34.021 0.4000000060
46806  -39.016  -39.768  -35.354 0.4000000060
53994  -39.464  -40.456  -36.292 0.4000000060
54141  -39.782  -40.457  -36.767 0.4000000060
54246  -37.299  -42.927  -30.056 0.6000000238
54278  -37.489  -43.379  -30.634 0.6000000238
54528  -36.393  -43.015  -28.363 0.6000000238
50044  -37.019  -42.800  -29.419 0.6000000238
54071  -37.811  -42.891  -31.230 0.5000000000
46879  -38.086  -43.266  -32.028 0.5000000000
54200  -36.174  -42.971  -27.998 0.6000000238
47134  -38.089  -42.377  -31.822 0.5000000000
54017  -38.375  -42.632  -32.684 0.5000000000
56937  -37.220  -39.629  -35.042 0.6000000238
54276  -35.793  -42.717  -27.150 0.6000000238
53825  -36.986  -40.068  -33.572 0.8000000119
47154  -38.326  -41.189  -32.382 0.5000000000
56452  -38.289  -41.908  -32.290 0.5000000000
46798  -38.610  -42.327  -33.377 0.5000000000
54237  -35.744  -41.778  -27.094 0.6000000238
47420  -38.160  -39.781  -31.777 0.5000000000
46885  -37.944  -40.144  -30.993 0.5000000000
54018  -38.493  -41.778  -32.936 0.5000000000
54074  -38.686  -41.698  -33.732 0.4000000060
54560  -36.843  -40.261  -32.714 0.8000000119
54587  -35.744  -41.692  -28.199 0.6999999881
54073  -38.136  -40.678  -31.706 0.5000000000
54091  -38.342  -40.321  -32.481 0.5000000000
54609  -35.833  -41.055  -28.387 0.6999999881
46803  -38.351  -39.446  -32.567 0.4000000060
54565  -36.082  -40.782  -29.622 0.6999999881
54441  -37.296  -39.413  -36.621 0.5000000000
54220  -36.357  -42.292  -28.021 0.6000000238
54261  -36.680  -42.496  -28.639 0.6000000238
47248  -37.565  -42.485  -30.507 0.5000000000
47184  -37.847  -41.992  -31.080 0.5000000000
53872  -37.243  -38.719  -37.343 0.5000000000
53847  -37.263  -39.632  -35.695 0.5000000000
54499  -35.712  -41.874  -26.597 0.6000000238
53838  -35.845  -42.054  -27.117 0.6000000238
47183  -37.889  -41.072  -30.979 0.5000000000
57002  -38.105  -41.541  -31.696 0.5000000000
54236  -35.716  -41.904  -26.451 0.6000000238
53813  -35.617  -40.940  -25.754 0.6000000238
46792  -37.656  -40.489  -30.158 0.5000000000
53895  -37.126  -39.860  -34.405 0.6999999881
54279  -35.798  -41.319  -27.356 0.6000000238
54611  -36.929  -39.444  -33.012 0.6999999881
47193  -37.971  -39.150  -31.034 0.4000000060
54372  -38.195  -38.929  -31.930 0.5000000000
54455  -38.234  -38.259  -32.123 0.5000000000
54293  -36.788  -39.621  -32.174 0.6999999881
47269  -38.362  -38.622  -32.665 0.4000000060
47226  -38.808  -37.705  -34.662 0.4000000060
54135  -39.079  -37.636  -35.504 0.5000000000
47222  -38.962  -36.904  -35.085 0.5000000000
54147  -39.385  -37.586  -36.162 0.5000000000
54057  -39.291  -36.872  -35.890 0.5000000000
47137  -37.327  -42.127  -29.797 0.5000000000
54530  -36.061  -42.216  -27.563 0.6000000238
46891  -37.041  -41.743  -28.980 0.6000000238
54149  -37.617  -41.562  -30.326 0.5000000000
54489  -37.424  -38.172  -36.655 0.5000000000
53791  -35.590  -41.184  -26.511 0.6000000238
54573  -36.231  -41.512  -27.592 0.6000000238
54199  -36.653  -41.567  -28.177 0.6000000238
53910  -37.290  -39.128  -35.286 0.6000000238
53779  -35.839  -41.035  -26.351 0.6000000238
47103  -37.381  -41.170  -29.547 0.5000000000
54397  -37.200  -39.106  -34.655 0.6999999881
54015  -35.626  -40.680  -25.305 0.6000000238
54197  -37.787  -39.664  -30.398 0.5000000000
54356  -37.069  -39.236  -33.854 0.6999999881
47305  -37.734  -38.934  -30.160 0.4000000060
47109  -37.864  -38.259  -30.624 0.5000000000
54355  -35.996  -40.351  -29.110 0.6999999881
54271  -35.860  -40.716  -27.670 0.6999999881
53830  -38.074  -38.308  -31.443 0.5000000000
54444  -38.343  -36.773  -32.671 0.4000000060
46876  -38.507  -36.922  -33.408 0.4000000060
54612  -36.186  -40.099  -29.736 0.6999999881
53977  -38.708  -36.959  -34.254 0.4000000060
53768  -36.624  -39.764  -31.321 0.6999999881
47104  -39.730  -37.014  -36.646 0.5000000000
47199  -40.176  -36.772  -37.228 0.5000000000
47079  -36.023  -40.700  -27.176 0.6000000238
54527  -36.454  -40.803  -27.674 0.5000000000
54038  -37.372  -38.789  -35.871 0.6000000238
54274  -35.494  -40.586  -26.567 0.6000000238
46898  -37.178  -40.843  -28.906 0.5000000000
53943  -37.316  -38.476  -35.116 0.6000000238
46911  -35.883  -40.125  -25.158 0.5000000000
53918  -35.030  -39.916  -25.956 0.5000000000
54070  -37.370  -40.192  -29.246 0.5000000000
47337  -37.582  -39.565  -29.742 0.5000000000
54593  -36.020  -40.267  -25.792 0.6000000238
47147  -37.409  -39.218  -29.091 0.6000000238
57665  -37.548  -38.831  -29.534 0.5000000000
46817  -37.164  -38.312  -34.177 0.6999999881
54282  -35.933  -40.361  -28.112 0.6999999881
57328  -37.776  -37.566  -30.318 0.5000000000
54457  -38.010  -36.519  -31.233 0.4000000060
54559  -36.321  -39.320  -29.914 0.6999999881
54369  -37.986  -37.476  -31.118 0.5000000000
53899  -38.184  -37.046  -31.958 0.4000000060
54295  -36.424  -39.924  -30.486 0.6999999881
54399  -38.443  -36.144  -33.119 0.4000000060
47286  -38.625  -36.260  -33.910 0.4000000060
54566  -36.999  -38.634  -33.261 0.6999999881
54350  -36.732  -38.974  -31.655 0.6999999881
54134  -38.828  -36.245  -34.649 0.4000000060
54216  -36.867  -38.843  -32.465 0.6999999881
53888  -39.139  -35.985  -35.450 0.4000000060
54111  -39.572  -36.085  -36.309 0.5000000000
53971  -37.061  -40.487  -28.433 0.5000000000
54162  -35.709  -39.981  -26.736 0.5000000000
54384  -36.375  -39.944  -27.403 0.5000000000
47056  -36.864  -40.011  -28.006 0.5000000000
54251  -37.231  -39.712  -28.589 0.5000000000
54451  -37.430  -37.887  -35.749 0.6000000238
54610  -34.925  -39.325  -25.993 0.5000000000
46890  -37.207  -40.305  -28.788 0.5000000000
54594  -35.794  -39.417  -24.946 0.5000000000
54238  -36.132  -39.372  -26.055 0.6000000238
54606  -36.030  -39.375  -27.007 0.6999999881
58280  -37.616  -38.076  -29.767 0.5000000000
47076  -37.808  -36.850  -30.445 0.4000000060
54294  -36.009  -39.665  -28.316 0.8000000119
54083  -37.588  -37.137  -29.752 0.5000000000
53876  -38.222  -36.062  -32.149 0.4000000060
54409  -38.583  -35.529  -33.702 0.4000000060
54348  -36.268  -38.735  -29.382 0.6000000238
54285  -36.548  -39.021  -30.748 0.6999999881
54615  -36.432  -38.650  -30.066 0.6000000238
47064  -36.473  -38.074  -29.749 0.6000000238
56769  -38.887  -35.598  -34.821 0.4000000060
54303  -36.924  -38.177  -32.695 0.6999999881
53802  -36.811  -38.218  -31.971 0.6000000238
54558  -36.695  -38.377  -31.249 0.6999999881
54298  -36.589  -38.146  -30.558 0.6000000238
54338  -36.746  -37.550  -31.317 0.6000000238
47115  -36.878  -36.714  -31.767 0.6000000238
47081  -36.792  -36.787  -31.003 0.6000000238
46814  -39.988  -36.123  -36.946 0.5000000000
47220  -40.305  -36.090  -37.342 0.5000000000
54471  -37.414  -37.288  -37.011 0.5000000000
53840  -37.041  -38.895  -27.832 0.6000000238
53833  -37.154  -39.086  -28.189 0.6000000238
53898  -37.318  -37.622  -34.905 0.6000000238
54249  -35.186  -38.910  -25.820 0.6000000238
47060  -36.157  -39.275  -26.994 0.6000000238
46886  -37.288  -38.648  -28.556 0.5000000000
53998  -37.414  -38.305  -29.066 0.5000000000
54063  -37.474  -37.237  -36.330 0.6000000238
54470  -37.426  -37.001  -35.544 0.6000000238
47191  -36.120  -39.206  -24.904 0.6000000238
53967  -35.902  -37.926  -24.964 0.6000000238
53849  -37.218  -37.564  -28.592 0.5000000000
53952  -37.345  -36.543  -29.191 0.5000000000
54183  -37.846  -36.044  -30.541 0.4000000060
54351  -36.087  -38.705  -27.466 0.6999999881
54557  -36.106  -38.385  -27.050 0.6000000238
46881  -37.374  -37.425  -29.153 0.5000000000
54477  -37.631  -36.351  -29.849 0.5000000000
53852  -38.391  -35.293  -32.871 0.4000000060
54563  -36.283  -38.201  -29.091 0.6999999881
54337  -36.508  -37.572  -29.265 0.6999999881
46884  -37.196  -36.875  -28.807 0.5000000000
54430  -38.770  -35.030  -34.402 0.4000000060
53908  -37.180  -37.318  -34.068 0.6000000238
53818  -36.679  -37.190  -29.039 0.6999999881
54391  -37.037  -37.799  -33.325 0.6999999881
54036  -36.673  -37.278  -30.244 0.6000000238
54616  -36.801  -36.784  -29.477 0.6000000238
54340  -39.051  -34.972  -35.230 0.4000000060
53845  -36.916  -37.410  -32.428 0.6000000238
54026  -36.862  -36.237  -30.439 0.6000000238
54428  -39.445  -35.183  -36.020 0.4000000060
57563  -36.861  -36.232  -31.277 0.6000000238
46816  -39.871  -35.290  -36.713 0.5000000000
47509  -40.253  -35.436  -37.238 0.5000000000
53997  -40.624  -34.812  -37.601 0.5000000000
54275  -35.594  -37.817  -25.306 0.6000000238
54273  -36.497  -38.647  -27.146 0.6000000238
54390  -37.146  -38.007  -28.085 0.6000000238
54329  -36.026  -37.840  -26.305 0.6000000238
54437  -37.305  -36.742  -34.728 0.6000000238
54037  -36.049  -37.963  -26.137 0.6000000238
47161  -36.130  -37.327  -27.067 0.6000000238
46902  -37.007  -37.238  -28.130 0.5000000000
47210  -36.911  -36.105  -28.381 0.5000000000
46887  -37.042  -36.633  -28.547 0.5000000000
54400  -38.017  -35.618  -31.241 0.4000000060
54442  -38.185  -35.019  -31.959 0.4000000060
53801  -36.109  -38.121  -27.971 0.6999999881
54035  -36.204  -36.944  -27.857 0.5000000000
54163  -37.016  -37.019  -28.352 0.5000000000
54243  -38.575  -34.687  -33.589 0.4000000060
53844  -36.982  -35.929  -29.512 0.6000000238
58151  -38.904  -34.536  -34.790 0.4000000060
53878  -37.060  -36.960  -33.284 0.6000000238
54447  -36.982  -36.488  -32.609 0.6000000238
53865  -39.296  -34.435  -35.807 0.4000000060
46818  -40.183  -34.553  -37.126 0.4000000060
13050  -41.093  -34.695  -38.007 0.4000000060
53837  -37.046  -38.055  -27.561 0.6000000238
53792  -37.016  -38.006  -27.367 0.5000000000
47228  -37.049  -35.405  -28.485 0.5000000000
54492  -37.233  -35.914  -28.889 0.5000000000
53900  -37.663  -35.973  -29.524 0.5000000000
47099  -37.871  -35.344  -30.586 0.4000000060
54180  -37.394  -36.127  -35.345 0.6000000238
53919  -36.212  -37.366  -26.873 0.6000000238
53984  -36.934  -35.341  -28.088 0.5000000000
46882  -37.014  -36.039  -28.492 0.5000000000
46880  -37.123  -36.207  -28.686 0.5000000000
54432  -38.375  -34.288  -32.700 0.4000000060
46895  -36.830  -36.621  -28.436 0.5000000000
54366  -37.176  -36.489  -33.942 0.6000000238
58427  -37.077  -36.278  -33.293 0.6000000238
54496  -36.941  -35.144  -30.428 0.6000000238
54342  -39.366  -33.688  -35.964 0.4000000060
54494  -36.935  -35.871  -31.978 0.6000000238
53821  -39.717  -34.299  -36.482 0.4000000060
53917  -36.912  -35.615  -31.216 0.6000000238
54069  -40.497  -33.811  -37.517 0.3000000119
13374  -40.886  -33.888  -37.901 0.4000000060
13384  -41.518  -33.068  -38.319 0.3000000119
54476  -37.303  -35.318  -28.930 0.5000000000
53829  -37.563  -34.826  -29.460 0.5000000000
47084  -37.982  -34.701  -31.025 0.5000000000
54318  -38.162  -34.126  -31.768 0.5000000000
54119  -36.994  -34.966  -27.824 0.5000000000
47113  -37.270  -35.907  -34.520 0.6000000238
53989  -37.144  -35.747  -33.712 0.6000000238
47097  -37.057  -34.692  -28.640 0.6000000238
54401  -38.591  -33.839  -33.534 0.4000000060
53868  -38.783  -34.121  -34.306 0.4000000060
47098  -37.037  -35.731  -32.884 0.6000000238
47363  -36.906  -34.809  -29.244 0.6999999881
53863  -39.051  -34.007  -35.182 0.3000000119
54446  -36.993  -35.030  -32.337 0.6000000238
46897  -36.991  -34.078  -29.322 0.6000000238
54127  -36.957  -34.197  -30.082 0.6000000238
57295  -36.937  -35.349  -31.747 0.6000000238
53916  -36.935  -34.911  -31.457 0.6000000238
54495  -36.931  -34.177  -31.033 0.6000000238
53820  -40.093  -33.603  -37.055 0.3000000119
47403  -40.725  -33.063  -37.847 0.3000000119
13383  -41.074  -33.110  -38.151 0.3000000119
54371  -37.231  -34.417  -28.722 0.6000000238
53851  -37.714  -33.874  -29.893 0.5000000000
54405  -37.869  -34.162  -30.480 0.5000000000
47303  -37.016  -34.133  -28.298 0.6000000238
54617  -38.295  -33.627  -32.266 0.4000000060
54448  -37.230  -35.097  -34.238 0.6000000238
57543  -38.729  -33.535  -34.026 0.3000000119
54367  -37.108  -35.007  -33.342 0.6000000238
53906  -37.082  -34.201  -32.942 0.6000000238
53855  -39.724  -33.292  -36.539 0.3000000119
13708  -40.908  -32.485  -38.071 0.3000000119
13709  -41.276  -32.319  -38.304 0.3000000119
54195  -37.091  -33.748  -27.984 0.6000000238
54408  -37.475  -33.869  -29.193 0.6000000238
54241  -37.853  -33.565  -30.424 0.5000000000
54118  -37.006  -34.149  -28.250 0.6000000238
55594  -38.330  -33.052  -32.327 0.4000000060
53780  -38.449  -33.400  -32.894 0.4000000060
46894  -36.752  -33.875  -28.857 0.6000000238
54317  -38.656  -32.985  -33.666 0.4000000060
54341  -38.899  -33.186  -34.579 0.3000000119
53828  -37.200  -34.266  -33.900 0.6000000238
57005  -36.948  -33.393  -29.326 0.6000000238
53950  -36.933  -33.537  -29.820 0.6000000238
47070  -39.650  -32.449  -36.512 0.3000000119
53879  -36.983  -34.181  -31.990 0.6000000238
54450  -36.970  -33.372  -31.630 0.6000000238
54068  -40.215  -32.215  -37.435 0.3000000119
14013  -41.134  -31.102  -37.834 0.3000000119
53924  -37.105  -32.932  -27.933 0.6000000238
46883  -37.596  -33.333  -28.958 0.5000000000
54402  -37.866  -32.939  -30.494 0.5000000000
53867  -37.987  -33.239  -30.923 0.4000000060
54403  -38.160  -33.266  -31.632 0.4000000060
53961  -36.941  -33.224  -27.857 0.6000000238
54434  -38.471  -32.601  -32.850 0.4000000060
53875  -36.951  -33.133  -28.312 0.6000000238
54113  -39.086  -32.298  -35.086 0.3000000119
54449  -37.189  -33.329  -33.530 0.6000000238
47072  -39.346  -32.328  -35.866 0.3000000119
54244  -36.931  -33.265  -30.633 0.6000000238
54365  -37.064  -33.416  -32.537 0.6000000238
54049  -37.060  -32.760  -28.386 0.6000000238
53807  -37.710  -32.844  -30.041 0.4000000060
56153  -38.067  -32.630  -31.154 0.4000000060
54242  -38.282  -32.374  -31.990 0.4000000060
47239  -37.007  -32.552  -28.468 0.5000000000
47176  -36.728  -32.486  -26.670 0.5000000000
54406  -38.650  -32.067  -33.487 0.4000000060
54159  -36.951  -32.929  -28.946 0.5000000000
47094  -38.849  -32.255  -34.256 0.3000000119
53992  -36.959  -32.774  -29.809 0.5000000000
54343  -39.240  -31.528  -35.590 0.3000000119
47157  -36.951  -32.314  -30.717 0.5000000000
46815  -36.967  -32.559  -31.396 0.6000000238
47143  -37.140  -32.764  -32.931 0.6000000238
53990  -37.044  -32.656  -32.207 0.6000000238
54153  -37.163  -32.041  -32.832 0.5000000000
53771  -37.481  -31.871  -29.908 0.4000000060
54334  -37.763  -32.706  -30.008 0.3000000119
54359  -37.762  -32.040  -30.230 0.4000000060
54436  -38.159  -31.951  -31.364 0.4000000060
53913  -37.068  -31.992  -29.166 0.5000000000
46893  -36.934  -32.636  -28.105 0.4000000060
54407  -38.303  -31.442  -31.930 0.3000000119
53850  -38.476  -31.739  -32.717 0.3000000119
54023  -36.878  -32.021  -29.364 0.5000000000
54240  -38.673  -31.241  -33.411 0.3000000119
54429  -39.005  -31.400  -34.696 0.3000000119
53999  -39.958  -30.657  -36.560 0.3000000119
54599  -38.144  -31.597  -30.323 0.3000000119
54254  -38.059  -31.269  -30.725 0.3000000119
47066  -38.173  -31.297  -31.210 0.3000000119
54392  -37.182  -31.634  -29.710 0.3000000119
46801  -37.149  -31.748  -29.637 0.4000000060
54435  -38.488  -30.738  -32.626 0.3000000119
54160  -36.808  -32.161  -30.128 0.4000000060
56336  -38.868  -31.003  -34.038 0.3000000119
54024  -36.977  -32.025  -31.284 0.5000000000
58441  -39.793  -30.356  -36.205 0.3000000119
47054  -37.048  -31.809  -31.951 0.5000000000
54518  -38.222  -31.060  -30.560 0.3000000119
54020  -37.300  -31.115  -30.502 0.3000000119
54404  -38.784  -30.335  -33.560 0.3000000119
54427  -36.916  -31.062  -31.204 0.3000000119
54336  -36.801  -31.369  -30.573 0.3000000119
53866  -39.227  -29.872  -34.891 0.3000000119
53915  -36.989  -31.547  -31.137 0.4000000060
47148  -39.635  -30.038  -35.830 0.3000000119
53956  -40.043  -29.884  -36.262 0.3000000119
46875  -37.241  -31.149  -32.821 0.4000000060
47231  -40.392  -30.274  -36.757 0.3000000119
47245  -40.870  -29.879  -36.968 0.3000000119
46808  -37.659  -30.545  -30.829 0.3000000119
57008  -37.906  -31.091  -30.224 0.3000000119
54357  -38.139  -30.595  -31.118 0.3000000119
54314  -38.280  -30.645  -31.750 0.3000000119
56820  -38.364  -30.045  -32.191 0.3000000119
53808  -38.569  -29.784  -32.816 0.3000000119
57240  -37.168  -30.724  -30.963 0.3000000119
54001  -39.371  -29.568  -35.134 0.3000000119
53817  -37.159  -30.864  -32.145 0.4000000060
54122  -39.762  -29.289  -35.742 0.3000000119
54166  -40.576  -29.372  -36.541 0.3000000119
47380  -41.021  -28.837  -36.817 0.3000000119
50614  -41.400  -28.330  -37.102 0.3000000119
53826  -37.982  -30.039  -31.019 0.3000000119
54602  -37.999  -29.944  -31.119 0.3000000119
54225  -38.182  -29.904  -31.612 0.3000000119
54358  -38.335  -29.233  -32.211 0.3000000119
54132  -36.767  -30.184  -31.618 0.3000000119
47090  -37.513  -30.126  -31.229 0.3000000119
54321  -38.832  -28.883  -33.661 0.3000000119
54672  -39.073  -29.362  -34.348 0.3000000119
57273  -39.223  -28.914  -34.630 0.3000000119
54116  -39.562  -28.684  -35.200 0.3000000119
55431  -37.342  -30.143  -32.365 0.4000000060
54393  -37.418  -30.207  -32.887 0.4000000060
47118  -37.475  -30.573  -33.705 0.4000000060
54312  -38.075  -29.145  -31.505 0.3000000119
54335  -37.903  -29.411  -31.174 0.3000000119
54362  -37.846  -29.130  -30.880 0.3000000119
57562  -38.679  -28.590  -33.264 0.3000000119
57123  -37.542  -29.503  -32.131 0.3000000119
54625  -39.922  -28.511  -35.680 0.3000000119
46835  -40.642  -28.296  -36.435 0.3000000119
47088  -37.812  -29.652  -34.461 0.3000000119
15307  -41.563  -27.549  -37.239 0.3000000119
15308  -41.930  -27.616  -37.374 0.3000000119
54598  -38.556  -28.121  -33.034 0.3000000119
54022  -37.772  -29.158  -31.452 0.3000000119
57714  -37.946  -28.585  -31.334 0.3000000119
46820  -38.960  -28.624  -33.999 0.3000000119
54309  -39.243  -27.997  -34.592 0.3000000119
54541  -39.723  -27.682  -35.380 0.3000000119
54538  -40.128  -28.006  -35.878 0.3000000119
47258  -40.991  -27.640  -36.821 0.3000000119
15636  -40.877  -27.011  -36.930 0.3000000119
15318  -41.267  -27.426  -37.080 0.3000000119
15618  -42.280  -26.877  -37.318 0.3000000119
47051  -37.972  -28.368  -31.349 0.3000000119
54252  -38.004  -28.416  -31.459 0.3000000119
53781  -38.193  -28.409  -31.969 0.3000000119
47166  -37.930  -28.130  -31.550 0.3000000119
54319  -37.999  -27.379  -31.816 0.3000000119
54360  -38.122  -27.295  -32.126 0.3000000119
54310  -38.578  -27.678  -33.194 0.3000000119
54579  -38.845  -27.834  -33.820 0.3000000119
47155  -37.737  -28.656  -31.998 0.3000000119
54305  -37.920  -28.250  -32.809 0.3000000119
47179  -40.793  -26.806  -36.790 0.3000000119
15627  -41.706  -26.849  -37.282 0.3000000119
53945  -37.933  -27.492  -31.610 0.3000000119
54066  -37.948  -27.361  -32.060 0.3000000119
53816  -37.952  -28.121  -31.418 0.3000000119
54021  -37.940  -27.704  -32.514 0.3000000119
54117  -36.862  -36.781  -28.345 0.5000000000
46810  -36.740  -35.961  -29.136 0.6000000238
6478  -38.641  -53.328  -27.606 0.3000000119
6484  -38.268  -53.827  -29.100 0.4000000060
57535  -38.396  -53.898  -30.502 0.4000000060
6169  -37.908  -54.459  -31.310 0.4000000060
6503  -38.083  -54.025  -32.166 0.4000000060
7137  -39.190  -52.422  -32.709 0.4000000060
7784  -44.896  -49.533  -28.830 0.3000000119
7785  -45.660  -49.271  -28.753 0.3000000119
46786  -39.319  -50.649  -33.863 0.5000000000
8096  -46.674  -48.912  -29.829 0.3000000119
9090  -47.113  -46.059  -33.090 0.3000000119
9431  -46.546  -45.849  -33.755 0.3000000119
9446  -45.621  -45.388  -34.654 0.4000000060
48686  -45.514  -44.754  -34.924 0.4000000060
9772  -45.763  -43.914  -34.953 0.4000000060
9781  -44.982  -43.625  -35.537 0.4000000060
53191  -45.457  -43.134  -35.327 0.4000000060
54468  -36.971  -43.690  -35.261 0.5000000000
54379  -36.420  -47.776  -30.159 0.6999999881
10752  -44.994  -41.923  -35.861 0.4000000060
58313  -36.237  -47.076  -29.650 0.6999999881
10760  -44.351  -41.518  -36.320 0.4000000060
53859  -36.865  -43.090  -33.903 0.5000000000
53894  -36.714  -43.219  -33.011 0.6000000238
53823  -36.532  -43.320  -32.134 0.8000000119
53784  -36.485  -46.737  -30.045 0.8000000119
54524  -36.052  -46.475  -28.831 0.8000000119
54613  -36.495  -42.650  -31.694 0.8000000119
54568  -35.742  -45.724  -28.602 0.8000000119
10768  -43.137  -41.085  -37.025 0.4000000060
54486  -35.753  -44.879  -28.610 0.8000000119
54608  -35.965  -42.936  -29.662 0.6999999881
54605  -35.811  -44.114  -29.169 0.8000000119
54588  -35.821  -43.542  -29.243 0.6000000238
11088  -41.323  -40.434  -37.627 0.3000000119
54025  -40.023  -40.053  -37.108 0.4000000060
47192  -40.393  -40.318  -37.427 0.4000000060
54078  -38.849  -39.274  -34.840 0.4000000060
46809  -39.682  -39.727  -36.704 0.4000000060
47188  -38.680  -38.585  -34.160 0.4000000060
46811  -39.233  -38.304  -35.946 0.4000000060
58218  -38.501  -38.334  -33.328 0.5000000000
54077  -38.592  -37.699  -33.759 0.4000000060
54058  -39.680  -38.089  -36.663 0.5000000000
54112  -40.022  -37.525  -37.095 0.5000000000
53881  -38.170  -37.755  -31.869 0.5000000000
54458  -38.362  -37.678  -32.722 0.4000000060
12407  -40.594  -36.400  -37.619 0.5000000000
12731  -40.855  -35.558  -37.819 0.5000000000
55498  -37.257  -37.186  -37.453 0.5000000000
13375  -41.328  -33.834  -38.187 0.4000000060
53880  -37.286  -36.609  -37.231 0.6000000238
54453  -37.432  -36.671  -36.741 0.6000000238
47108  -37.467  -36.388  -36.146 0.6000000238
56457  -42.004  -32.972  -38.329 0.3000000119
13701  -42.333  -32.336  -38.280 0.3000000119
54474  -37.357  -35.262  -35.102 0.6000000238
54368  -37.306  -33.566  -34.510 0.6000000238
53988  -37.321  -32.724  -34.319 0.6000000238
54503  -37.251  -32.379  -33.574 0.5000000000
47117  -37.320  -31.516  -33.584 0.4000000060
15617  -42.171  -25.868  -37.224 0.3000000119
54519  -37.973  -28.000  -32.986 0.3000000119
47197  -40.469  -37.457  -37.498 0.5000000000
7793  -45.461  -49.653  -30.925 0.3000000119
7796  -45.556  -49.462  -31.941 0.3000000119
47631  -44.956  -49.056  -33.197 0.3000000119
56308  -46.154  -45.416  -34.253 0.4000000060
9782  -45.040  -44.444  -35.324 0.4000000060
9128  -41.656  -46.061  -35.941 0.4000000060
54374  -37.135  -47.135  -31.339 0.6999999881
10119  -43.841  -42.831  -36.350 0.4000000060
9477  -40.683  -44.768  -36.285 0.5000000000
46906  -35.704  -43.519  -27.491 0.6000000238
54280  -35.706  -43.183  -28.647 0.6000000238
11090  -42.740  -40.274  -37.329 0.4000000060
11089  -41.933  -40.356  -37.554 0.3000000119
54136  -39.501  -42.500  -35.938 0.3000000119
53995  -40.050  -41.697  -36.895 0.3000000119
47375  -39.288  -39.759  -36.008 0.4000000060
53776  -35.918  -40.558  -26.768 0.6999999881
53944  -37.312  -37.826  -37.404 0.5000000000
47078  -36.944  -41.114  -28.497 0.5000000000
54484  -35.942  -40.098  -27.107 0.6999999881
53824  -36.127  -39.488  -29.120 0.8000000119
54288  -36.116  -38.858  -26.366 0.6000000238
54213  -36.130  -38.737  -28.433 0.6999999881
12730  -40.528  -35.672  -37.539 0.5000000000
54299  -36.248  -38.043  -28.679 0.6999999881
53843  -36.430  -37.647  -28.580 0.6999999881
54370  -37.885  -35.640  -30.205 0.4000000060
54277  -36.744  -37.128  -27.890 0.5000000000
54443  -37.793  -34.763  -30.200 0.5000000000
54431  -37.998  -33.844  -31.030 0.4000000060
55329  -39.188  -33.084  -35.476 0.3000000119
55921  -39.444  -32.974  -36.092 0.3000000119
47146  -40.353  -32.927  -37.484 0.3000000119
13385  -41.750  -32.513  -38.363 0.3000000119
54000  -39.998  -32.708  -37.041 0.3000000119
54320  -37.552  -33.408  -29.469 0.6000000238
53962  -37.529  -33.251  -29.136 0.5000000000
54516  -37.316  -32.630  -28.998 0.4000000060
54315  -37.960  -32.112  -30.694 0.4000000060
54597  -38.810  -31.591  -33.984 0.3000000119
55145  -39.662  -30.546  -36.115 0.3000000119
57560  -36.775  -31.507  -31.003 0.3000000119
53819  -39.411  -30.145  -35.460 0.3000000119
14999  -41.285  -29.474  -37.156 0.3000000119
54311  -38.010  -30.855  -30.714 0.3000000119
54114  -40.232  -28.902  -36.092 0.3000000119
52638  -41.776  -28.310  -37.329 0.3000000119
54255  -38.723  -28.372  -33.423 0.3000000119
54554  -40.516  -27.122  -36.419 0.3000000119
15626  -41.323  -26.844  -37.148 0.3000000119
15619  -42.953  -26.384  -37.137 0.3000000119
54581  -38.348  -27.464  -32.665 0.3000000119
49329  -41.427  -26.162  -37.132 0.3000000119
53777  -35.582  -46.046  -28.365 0.8000000119
47312  -39.457  -38.984  -36.353 0.4000000060
54110  -38.930  -38.433  -35.142 0.4000000060
12077  -43.952  -36.832  -37.354 0.3000000119
12410  -42.473  -36.692  -37.909 0.4000000060
12403  -43.928  -35.831  -37.489 0.3000000119
58000  -40.849  -36.957  -37.812 0.4000000060
12409  -41.792  -36.240  -38.028 0.4000000060
52560  -42.549  -35.829  -37.983 0.3000000119
12408  -41.087  -36.268  -37.931 0.4000000060
56708  -41.999  -35.403  -38.099 0.3000000119
12732  -41.388  -35.462  -38.056 0.4000000060
13041  -43.313  -34.701  -37.869 0.3000000119
12733  -42.608  -34.881  -38.073 0.3000000119
55843  -43.017  -34.080  -38.015 0.3000000119
56791  -42.373  -34.101  -38.194 0.3000000119
13051  -41.779  -34.579  -38.173 0.3000000119
53942  -37.364  -35.824  -36.826 0.5000000000
54452  -37.206  -35.036  -37.324 0.5000000000
54439  -37.433  -35.473  -35.970 0.5000000000
13377  -42.602  -33.286  -38.192 0.3000000119
13376  -41.908  -33.644  -38.269 0.3000000119
53907  -37.322  -34.415  -34.807 0.5000000000
54438  -37.414  -33.858  -36.788 0.5000000000
54473  -37.449  -33.881  -36.167 0.5000000000
54440  -37.404  -33.744  -35.373 0.4000000060
47259  -37.438  -33.337  -36.546 0.5000000000
46823  -37.410  -32.931  -35.123 0.5000000000
46821  -37.404  -32.617  -36.557 0.4000000060
50701  -37.466  -33.115  -35.921 0.4000000060
47413  -37.479  -32.206  -35.716 0.5000000000
54512  -37.422  -32.244  -34.905 0.4000000060
46829  -37.254  -30.920  -36.376 0.5000000000
53949  -37.383  -31.901  -34.297 0.4000000060
54504  -37.516  -30.823  -35.588 0.3000000119
46827  -37.431  -30.914  -35.963 0.3000000119
53987  -37.484  -31.083  -34.360 0.3000000119
54505  -37.569  -30.602  -35.758 0.3000000119
53921  -37.628  -30.496  -35.340 0.3000000119
53902  -37.749  -30.013  -34.943 0.3000000119
12078  -44.699  -36.913  -36.975 0.3000000119
51666  -41.339  -36.976  -37.937 0.4000000060
54475  -37.277  -34.170  -37.274 0.5000000000
53889  -40.097  -38.258  -37.246 0.4000000060
12411  -43.209  -36.306  -37.729 0.3000000119
49978  -41.896  -37.024  -37.960 0.4000000060
12084  -40.978  -37.683  -37.831 0.4000000060
13368  -43.451  -33.339  -37.898 0.3000000119
54472  -37.107  -35.911  -37.486 0.5000000000
47180  -36.909  -35.175  -37.801 0.5000000000
53897  -37.404  -34.684  -36.609 0.5000000000
53871  -37.420  -34.573  -35.682 0.5000000000
54354  -36.374  -44.093  -31.703 0.6999999881
54589  -35.757  -45.116  -29.108 0.6999999881
53790  -35.852  -44.458  -29.503 0.6999999881
54485  -35.978  -43.825  -29.941 0.6999999881
54296  -36.340  -43.326  -31.301 0.6999999881
54082  -40.234  -39.550  -37.376 0.3000000119
11439  -40.349  -39.135  -37.512 0.3000000119
54059  -40.147  -38.952  -37.337 0.3000000119
47309  -39.978  -39.436  -37.140 0.3000000119
53798  -36.159  -43.180  -30.484 0.6999999881
47177  -39.843  -38.913  -36.949 0.3000000119
11768  -40.562  -38.581  -37.633 0.3000000119
11769  -41.277  -38.445  -37.860 0.3000000119
11762  -42.097  -38.437  -37.813 0.3000000119
54561  -36.329  -42.708  -30.988 0.6000000238
47447  -39.095  -39.088  -35.634 0.3000000119
12085  -41.631  -37.682  -37.927 0.3000000119
12086  -42.337  -37.521  -37.841 0.3000000119
53797  -35.596  -46.115  -28.618 0.6999999881
54287  -36.180  -43.931  -30.842 0.6999999881
11424  -40.920  -40.037  -37.654 0.3000000119
11431  -40.528  -39.475  -37.620 0.3000000119
11760  -41.016  -39.228  -37.795 0.3000000119
11761  -41.599  -39.061  -37.820 0.3000000119
11770  -42.895  -38.074  -37.621 0.3000000119
12087  -43.089  -37.207  -37.660 0.3000000119
47373  -38.171  -51.126  -32.932 0.4000000060
54417  -37.820  -50.496  -32.829 0.4000000060
47331  -38.771  -50.976  -33.338 0.4000000060
53891  -37.315  -50.719  -32.163 0.4000000060
54418  -38.031  -49.645  -33.214 0.5000000000
46784  -38.379  -50.335  -33.386 0.4000000060
53832  -37.477  -49.711  -32.405 0.5000000000
54265  -36.985  -50.091  -31.701 0.5000000000
54469  -37.081  -49.371  -31.773 0.5000000000
54105  -36.596  -50.281  -31.135 0.5000000000
54258  -36.121  -50.233  -30.459 0.5000000000
47058  -36.737  -49.502  -31.194 0.5000000000
54228  -36.359  -49.663  -30.603 0.5000000000
54550  -35.697  -49.089  -29.880 0.6000000238
47046  -36.036  -49.468  -30.161 0.5000000000
53932  -35.537  -48.973  -29.772 0.5000000000
47170  -35.486  -48.630  -29.391 0.5000000000
55367  -35.800  -47.941  -31.105 0.5000000000
53835  -35.662  -47.919  -30.682 0.5000000000
54364  -35.426  -48.165  -30.202 0.5000000000
54324  -35.574  -47.662  -30.255 0.5000000000
53958  -36.691  -45.400  -33.653 0.4000000060
54264  -36.569  -48.757  -30.697 0.6000000238
47135  -36.642  -44.729  -33.122 0.5000000000
53763  -36.238  -48.760  -30.107 0.5000000000
54531  -36.061  -48.650  -29.752 0.6000000238
54464  -36.526  -45.544  -32.801 0.5000000000
46775  -35.473  -48.428  -29.160 0.6000000238
54217  -35.489  -48.686  -29.375 0.5000000000
47298  -36.225  -46.858  -32.002 0.5000000000
54269  -35.382  -48.243  -30.002 0.5000000000
46780  -35.557  -47.684  -30.043 0.5000000000
53887  -36.817  -45.363  -34.569 0.4000000060
53975  -36.801  -44.610  -34.018 0.5000000000
53972  -36.442  -44.884  -32.199 0.5000000000
54231  -35.882  -48.226  -29.340 0.6000000238
54586  -35.634  -48.125  -29.207 0.6000000238
54413  -35.792  -47.223  -30.747 0.5000000000
47254  -35.616  -47.774  -29.315 0.6000000238
46785  -35.857  -46.507  -30.437 0.5000000000
46795  -36.905  -44.488  -34.881 0.4000000060
54424  -36.582  -44.031  -32.605 0.5000000000
54259  -36.145  -47.895  -29.622 0.6000000238
46910  -36.194  -45.015  -31.185 0.5000000000
54156  -36.298  -45.859  -31.857 0.5000000000
54219  -36.232  -48.029  -29.426 0.6000000238
47174  -35.686  -47.717  -29.119 0.6000000238
54192  -36.041  -46.505  -31.117 0.5000000000
47347  -35.650  -47.022  -30.270 0.5000000000
54345  -36.759  -43.910  -33.505 0.5000000000
54201  -36.040  -47.094  -29.270 0.6000000238
54548  -35.924  -47.900  -29.230 0.6000000238
57468  -36.129  -45.792  -31.133 0.5000000000
54272  -35.990  -44.738  -30.232 0.6000000238
46782  -35.631  -46.882  -28.700 0.6000000238
54100  -35.977  -45.728  -30.502 0.5000000000
47112  -35.622  -46.937  -28.954 0.6000000238
47202  -35.850  -46.066  -30.051 0.5000000000
54425  -36.894  -43.790  -34.394 0.5000000000
54281  -35.844  -45.345  -29.737 0.6000000238
54233  -35.774  -45.891  -29.431 0.5000000000
54196  -36.436  -46.368  -32.702 0.5000000000
56804  -36.138  -46.538  -29.362 0.6000000238
46772  -35.665  -46.668  -28.871 0.6000000238
54130  -35.693  -46.954  -28.807 0.6000000238
54389  -36.156  -50.052  -30.104 0.5000000000
54569  -35.859  -47.131  -29.065 0.6000000238
47308  -35.621  -47.107  -29.072 0.6000000238
49605  -46.053  -44.778  -34.534 0.3000000119
9447  -46.632  -44.984  -34.017 0.3000000119
9773  -46.544  -44.154  -34.323 0.3000000119
9760  -47.189  -44.382  -33.724 0.3000000119
10100  -47.123  -43.397  -34.066 0.3000000119
10099  -46.430  -43.426  -34.588 0.3000000119
10424  -46.670  -42.693  -34.583 0.3000000119
10423  -46.019  -42.949  -34.987 0.3000000119
11079  -45.023  -41.032  -36.034 0.3000000119
11411  -45.022  -40.178  -36.221 0.3000000119
11091  -43.647  -40.235  -36.938 0.3000000119
11085  -44.382  -40.645  -36.480 0.3000000119
10092  -47.772  -43.773  -33.376 0.3000000119
54684  -36.477  -50.304  -30.923 0.4000000060
10101  -47.820  -42.880  -33.607 0.3000000119
10430  -45.562  -42.390  -35.407 0.3000000119
10753  -45.744  -41.432  -35.501 0.3000000119
51963  -46.447  -41.393  -35.052 0.3000000119
11081  -46.325  -40.675  -35.315 0.3000000119
11080  -45.642  -40.490  -35.786 0.3000000119
10425  -47.328  -42.404  -34.153 0.3000000119
7832  -35.017  -50.127  -35.968 0.4000000060
8146  -35.256  -49.334  -36.150 0.3000000119
54760  -35.685  -48.984  -35.823 0.3000000119
54363  -35.931  -48.264  -31.641 0.4000000060
53809  -35.369  -48.744  -30.874 0.4000000060
54323  -36.163  -47.740  -32.204 0.4000000060
53810  -35.988  -47.432  -31.434 0.4000000060
57504  -35.445  -48.537  -30.518 0.4000000060
53788  -35.289  -48.718  -30.225 0.4000000060
47276  -35.166  -48.943  -30.043 0.4000000060
54414  -36.800  -45.862  -35.298 0.3000000119
58410  -36.767  -45.966  -34.701 0.3000000119
54521  -36.584  -46.030  -33.337 0.4000000060
47059  -35.804  -49.110  -31.819 0.4000000060
54268  -35.666  -48.688  -31.126 0.4000000060
6174  -38.045  -54.285  -32.106 0.3000000119
6502  -38.054  -53.840  -32.237 0.3000000119
56146  -38.489  -53.002  -32.375 0.3000000119
47357  -37.837  -52.504  -32.420 0.3000000119
57334  -37.339  -52.896  -32.303 0.3000000119
53836  -36.875  -52.640  -32.152 0.3000000119
54375  -37.454  -52.170  -32.353 0.3000000119
54227  -36.424  -52.241  -31.742 0.3000000119
46781  -37.925  -51.789  -32.592 0.3000000119
54376  -37.632  -51.350  -32.512 0.3000000119
53787  -37.022  -51.684  -31.982 0.3000000119
54381  -36.810  -50.913  -31.563 0.3000000119
46762  -35.516  -48.433  -29.236 0.6000000238
46769  -35.624  -45.893  -28.480 0.8000000119
46783  -35.341  -47.240  -28.143 0.6000000238
46789  -36.029  -36.855  -26.810 0.6000000238
46790  -36.798  -32.332  -26.408 0.5000000000
46794  -36.893  -32.000  -27.323 0.5000000000
46812  -38.731  -35.737  -34.303 0.4000000060
46888  -36.794  -32.352  -26.117 0.5000000000
46889  -36.834  -32.230  -25.943 0.5000000000
46892  -36.749  -32.451  -26.497 0.5000000000
46896  -36.057  -37.535  -26.485 0.6000000238
46901  -36.771  -32.370  -26.145 0.5000000000
46903  -35.600  -37.758  -23.443 0.6000000238
46904  -35.594  -39.051  -24.683 0.5000000000
46905  -35.830  -40.658  -25.327 0.5000000000
46907  -36.147  -38.850  -25.272 0.6000000238
46908  -35.521  -37.961  -23.264 0.6000000238
46909  -35.489  -37.995  -23.323 0.6000000238
47068  -35.431  -40.087  -25.278 0.5000000000
47106  -35.747  -40.492  -25.240 0.6000000238
47130  -36.653  -32.744  -26.710 0.5000000000
47132  -35.913  -38.011  -24.786 0.6000000238
47138  -37.149  -32.605  -27.979 0.5000000000
47142  -36.881  -33.124  -27.761 0.6000000238
47167  -35.890  -37.853  -24.695 0.6000000238
47190  -35.585  -39.716  -24.888 0.5000000000
47200  -35.796  -37.990  -24.318 0.6000000238
47241  -36.730  -37.043  -28.047 0.5000000000
47319  -35.510  -37.996  -23.375 0.6000000238
47358  -35.395  -39.206  -24.171 0.6000000238
47371  -36.553  -32.032  -26.933 0.5000000000
47377  -36.289  -37.142  -27.302 0.5000000000
47462  -35.707  -38.003  -24.150 0.6000000238
53778  -35.778  -40.832  -25.631 0.6000000238
53793  -35.657  -42.959  -25.939 0.6000000238
53794  -35.615  -45.895  -28.365 0.6999999881
53799  -35.852  -39.933  -27.764 0.6999999881
53812  -35.651  -38.393  -25.966 0.6000000238
53814  -35.085  -38.452  -24.337 0.6000000238
53884  -35.942  -32.823  -26.884 0.5000000000
53937  -35.777  -38.302  -23.838 0.6000000238
53948  -35.893  -37.857  -25.721 0.6000000238
53968  -35.710  -38.039  -24.059 0.6000000238
53976  -36.788  -36.888  -28.207 0.5000000000
53985  -36.610  -32.830  -26.726 0.5000000000
53986  -36.912  -32.655  -28.125 0.5000000000
54013  -35.093  -39.155  -24.978 0.5000000000
54014  -36.853  -32.284  -26.498 0.5000000000
54016  -35.715  -42.447  -26.596 0.6000000238
54046  -36.961  -33.265  -27.882 0.6000000238
54047  -35.960  -33.130  -26.704 0.5000000000
54048  -36.831  -31.814  -27.683 0.5000000000
54080  -36.164  -38.728  -24.899 0.6000000238
54081  -36.043  -39.099  -24.494 0.5000000000
54138  -35.572  -38.093  -23.708 0.6000000238
54151  -35.570  -38.005  -23.506 0.6000000238
54194  -37.157  -32.936  -27.549 0.6000000238
54235  -36.142  -40.138  -25.073 0.6000000238
54239  -36.256  -39.783  -25.240 0.6000000238
54247  -36.414  -37.708  -26.951 0.6000000238
54248  -35.015  -40.197  -26.061 0.5000000000
54250  -35.723  -37.809  -24.170 0.6000000238
54297  -36.173  -36.987  -27.810 0.6000000238
54302  -36.106  -38.383  -26.379 0.6000000238
54325  -36.457  -37.119  -27.383 0.5000000000
54326  -35.010  -39.081  -25.179 0.6000000238
54327  -34.999  -40.276  -25.947 0.5000000000
54328  -35.444  -37.926  -25.025 0.6000000238
54330  -35.882  -38.802  -26.515 0.6000000238
54331  -35.526  -38.098  -23.793 0.6000000238
54339  -36.112  -37.861  -27.069 0.6000000238
54385  -35.874  -41.375  -27.088 0.6000000238
54386  -37.080  -37.638  -27.828 0.5000000000
54433  -37.726  -33.325  -29.995 0.5000000000
54460  -36.385  -33.142  -27.035 0.6000000238
54497  -35.234  -39.583  -25.699 0.5000000000
54498  -34.746  -38.633  -24.284 0.6000000238
54500  -36.362  -38.207  -26.830 0.6000000238
54501  -34.854  -38.778  -25.019 0.6000000238
54502  -34.768  -39.997  -25.942 0.5000000000
54562  -36.031  -38.751  -27.966 0.6999999881
54590  -35.898  -40.588  -25.365 0.6000000238
54591  -36.050  -39.909  -26.328 0.6000000238
54592  -36.206  -38.934  -25.334 0.6000000238
54596  -36.107  -39.199  -24.903 0.5000000000
54682  -36.724  -40.893  -28.044 0.5000000000
56944  -35.438  -39.382  -26.333 0.5000000000
