#!ascii label  , from subject sub-1016 vox2ras=TkReg
505
2023  -29.616  -67.200  -22.685 0.5000000000
2354  -29.289  -66.934  -23.473 0.6000000238
2331  -33.894  -66.555  -20.028 0.3000000119
2022  -28.871  -67.409  -22.892 0.5000000000
2348  -32.301  -66.354  -21.662 0.4000000060
2671  -33.106  -66.030  -21.276 0.4000000060
2340  -33.513  -66.347  -20.604 0.4000000060
2703  -29.100  -66.001  -25.831 0.5000000000
2381  -29.413  -66.178  -24.884 0.5000000000
2369  -29.731  -66.406  -24.010 0.5000000000
2368  -28.980  -66.698  -24.326 0.6000000238
2327  -34.783  -66.669  -19.021 0.3000000119
2357  -31.491  -66.347  -22.315 0.5000000000
2332  -34.469  -66.337  -19.674 0.3000000119
2380  -28.670  -66.530  -25.178 0.6000000238
2031  -28.434  -67.227  -23.766 0.5000000000
2680  -32.082  -65.703  -22.533 0.5000000000
2662  -34.150  -66.004  -20.315 0.3000000119
3015  -31.958  -65.205  -23.252 0.4000000060
2681  -32.825  -65.602  -21.994 0.4000000060
2720  -29.768  -65.070  -27.751 0.6999999881
2716  -29.695  -65.318  -27.101 0.6999999881
2710  -29.728  -65.496  -26.306 0.6999999881
2355  -30.048  -66.680  -23.171 0.5000000000
3041  -29.483  -64.969  -28.385 0.6999999881
2709  -29.076  -65.732  -26.756 0.6999999881
2356  -30.781  -66.456  -22.825 0.5000000000
2719  -29.045  -65.450  -27.697 0.6999999881
2396  -28.294  -65.985  -27.176 0.6000000238
2688  -31.297  -65.748  -23.258 0.5000000000
2389  -28.571  -66.120  -26.415 0.5000000000
3021  -31.513  -64.976  -24.065 0.4000000060
58355  -33.426  -65.478  -21.572 0.4000000060
2672  -33.785  -65.712  -20.986 0.4000000060
3022  -32.248  -64.605  -23.641 0.3000000119
3387  -29.930  -63.353  -31.111 0.5000000000
3380  -29.454  -63.932  -30.478 0.6000000238
3375  -30.330  -63.790  -29.607 0.6000000238
49905  -29.818  -64.551  -28.872 0.6000000238
3042  -30.243  -64.601  -28.201 0.6000000238
3397  -29.560  -62.989  -32.713 0.5000000000
3392  -29.400  -63.394  -31.853 0.5000000000
3386  -29.239  -63.772  -31.192 0.6000000238
3054  -29.753  -64.192  -29.612 0.6000000238
2704  -29.871  -65.637  -25.428 0.6000000238
1992  -36.339  -67.184  -16.518 0.3000000119
3396  -28.748  -63.215  -33.024 0.6999999881
54838  -28.894  -63.425  -32.362 0.6000000238
3053  -28.973  -64.484  -29.971 0.6999999881
3046  -29.206  -64.757  -29.152 0.6999999881
2696  -30.127  -65.837  -24.534 0.6000000238
2370  -30.474  -66.105  -23.667 0.5000000000
3675  -29.290  -62.812  -33.565 0.6999999881
2726  -28.720  -65.247  -28.613 0.6999999881
2322  -35.083  -66.918  -18.435 0.3000000119
3683  -28.936  -62.604  -34.382 0.6999999881
3401  -28.470  -63.055  -33.736 0.6000000238
3058  -28.763  -64.230  -30.808 0.6000000238
3052  -28.200  -64.733  -30.328 0.6000000238
2705  -30.507  -65.299  -25.048 0.5000000000
2697  -30.810  -65.484  -24.208 0.5000000000
3390  -28.164  -63.719  -32.566 0.6000000238
3057  -28.043  -64.461  -31.169 0.6000000238
3045  -28.424  -65.000  -29.459 0.6000000238
2404  -28.196  -65.702  -28.074 0.6000000238
3027  -31.016  -65.019  -24.739 0.5000000000
53452  -28.116  -63.403  -33.245 0.6999999881
2731  -27.508  -65.243  -29.808 0.5000000000
56709  -27.715  -66.059  -27.714 0.5000000000
3358  -32.575  -63.985  -24.054 0.3000000119
2682  -33.351  -64.997  -22.119 0.4000000060
3357  -31.968  -64.299  -24.480 0.3000000119
3016  -32.670  -64.992  -22.792 0.4000000060
3667  -30.121  -62.907  -32.026 0.5000000000
49225  -30.535  -62.226  -33.922 0.5000000000
3676  -30.088  -62.554  -33.391 0.5000000000
3381  -30.094  -63.619  -30.224 0.5000000000
3047  -30.318  -64.136  -29.001 0.6000000238
3684  -29.842  -62.411  -34.119 0.5000000000
3036  -30.274  -64.900  -27.342 0.6000000238
57716  -30.169  -65.133  -26.701 0.8000000119
1988  -36.539  -67.401  -15.809 0.3000000119
3691  -29.619  -62.231  -34.729 0.6000000238
3037  -30.667  -64.771  -26.719 0.4000000060
2711  -30.405  -65.129  -25.977 0.5000000000
2323  -35.679  -66.776  -17.916 0.3000000119
3689  -28.280  -62.612  -35.000 0.6999999881
49055  -30.921  -64.715  -26.121 0.4000000060
2328  -35.441  -66.365  -18.633 0.3000000119
3682  -28.025  -62.989  -34.420 0.6000000238
3032  -30.936  -64.863  -25.449 0.4000000060
3056  -27.404  -64.655  -31.470 0.5000000000
3051  -27.453  -64.911  -30.757 0.5000000000
2725  -27.906  -65.480  -28.896 0.6000000238
3033  -31.316  -64.399  -25.788 0.4000000060
3028  -31.404  -64.577  -24.969 0.4000000060
49444  -32.345  -63.702  -24.869 0.3000000119
3017  -33.286  -64.501  -22.688 0.4000000060
3395  -27.553  -63.775  -33.158 0.6000000238
3063  -26.938  -64.587  -32.166 0.5000000000
2724  -27.105  -65.720  -29.079 0.5000000000
2403  -27.462  -65.908  -28.346 0.6000000238
57988  -27.105  -66.270  -27.818 0.5000000000
3361  -31.801  -64.044  -25.343 0.3000000119
3071  -27.466  -64.115  -32.570 0.5000000000
51216  -26.721  -65.572  -29.725 0.5000000000
3677  -30.886  -62.250  -33.248 0.5000000000
3668  -30.716  -62.714  -31.378 0.5000000000
3388  -30.469  -63.161  -30.631 0.5000000000
3382  -30.640  -63.342  -29.972 0.5000000000
3685  -30.448  -61.974  -34.684 0.5000000000
47943  -30.304  -62.622  -32.750 0.5000000000
3376  -30.787  -63.617  -29.257 0.4000000060
3048  -30.870  -63.975  -28.472 0.4000000060
2310  -37.128  -67.023  -15.460 0.3000000119
3982  -29.785  -61.907  -35.291 0.6000000238
3043  -30.930  -64.330  -27.501 0.4000000060
3690  -28.986  -62.230  -35.122 0.6000000238
2318  -36.739  -66.603  -16.884 0.3000000119
2324  -36.451  -66.341  -17.557 0.3000000119
3038  -31.192  -64.336  -26.587 0.4000000060
3695  -28.220  -62.319  -35.621 0.6000000238
2657  -35.123  -66.024  -19.284 0.3000000119
56014  -27.890  -62.666  -35.361 0.6999999881
3364  -31.673  -63.904  -26.213 0.3000000119
3672  -30.798  -62.426  -32.343 0.5000000000
3663  -30.971  -62.814  -30.489 0.4000000060
3377  -31.309  -63.338  -28.845 0.4000000060
2314  -36.955  -66.838  -16.194 0.3000000119
3988  -29.036  -61.834  -35.703 0.6000000238
3368  -31.551  -63.821  -27.090 0.4000000060
3694  -27.414  -62.767  -35.698 0.6000000238
49159  -31.339  -62.212  -31.929 0.4000000060
3669  -31.435  -62.293  -31.133 0.4000000060
3686  -31.259  -61.822  -34.106 0.5000000000
3678  -31.558  -61.888  -33.413 0.5000000000
3984  -31.243  -61.429  -34.974 0.6000000238
3383  -31.159  -63.048  -29.676 0.4000000060
3983  -30.601  -61.488  -35.474 0.6000000238
3372  -31.430  -63.644  -27.978 0.4000000060
3651  -31.903  -63.217  -27.510 0.4000000060
53603  -29.041  -61.317  -36.171 0.6000000238
3365  -32.012  -63.354  -26.649 0.4000000060
2658  -35.803  -65.716  -18.907 0.3000000119
2654  -36.119  -66.039  -18.231 0.3000000119
3987  -28.282  -61.796  -36.150 0.6000000238
3996  -27.604  -62.308  -36.201 0.6000000238
4290  -28.265  -61.270  -36.632 0.6999999881
4277  -29.013  -60.732  -36.607 0.6999999881
50225  -27.604  -61.821  -36.647 0.6000000238
4593  -28.171  -60.601  -36.952 0.6999999881
4289  -27.397  -61.174  -37.079 0.6000000238
47561  -28.855  -59.983  -36.924 0.6999999881
49843  -27.972  -59.880  -37.194 0.6999999881
3673  -31.454  -62.065  -32.726 0.5000000000
3978  -31.992  -61.511  -33.829 0.5000000000
56145  -31.675  -62.040  -31.706 0.5000000000
4272  -31.253  -61.113  -35.581 0.6000000238
3985  -31.899  -61.238  -34.571 0.6000000238
3659  -31.650  -62.604  -29.296 0.4000000060
3989  -29.823  -61.434  -35.811 0.6000000238
4273  -31.879  -60.891  -35.359 0.6000000238
4279  -30.516  -61.095  -35.933 0.6000000238
47494  -31.129  -60.858  -35.943 0.6000000238
4585  -31.639  -60.279  -36.178 0.6000000238
4281  -32.122  -60.546  -35.869 0.6000000238
3655  -31.760  -62.963  -28.360 0.4000000060
3656  -32.175  -62.473  -27.834 0.4000000060
4278  -29.830  -60.900  -36.230 0.6000000238
4584  -30.639  -60.540  -36.209 0.6000000238
49094  -32.276  -59.715  -36.193 0.6000000238
3652  -32.238  -62.841  -27.048 0.4000000060
4583  -29.843  -60.148  -36.588 0.6000000238
4594  -30.778  -59.882  -36.466 0.6000000238
49223  -31.481  -59.457  -36.323 0.6000000238
48122  -32.053  -58.943  -36.053 0.6999999881
56082  -30.207  -59.524  -36.674 0.6000000238
5192  -32.510  -58.478  -35.577 0.6000000238
49620  -30.728  -59.172  -36.524 0.6000000238
5198  -31.279  -58.624  -36.291 0.6000000238
5199  -31.890  -58.098  -35.962 0.6000000238
5197  -30.476  -58.445  -36.607 0.5000000000
56378  -30.130  -59.016  -36.740 0.5000000000
4592  -27.500  -60.446  -37.216 0.6999999881
49984  -28.577  -59.098  -37.149 0.5000000000
57278  -29.193  -58.795  -37.024 0.6000000238
5196  -29.709  -58.576  -36.889 0.5000000000
5195  -28.973  -58.160  -37.081 0.6000000238
6206  -22.502  -55.637  -37.962 0.6000000238
6207  -23.412  -55.685  -37.871 0.6000000238
5866  -22.916  -56.362  -38.012 0.6000000238
3974  -32.030  -61.670  -33.092 0.5000000000
3970  -31.947  -61.826  -32.243 0.5000000000
3961  -31.866  -61.967  -30.699 0.5000000000
3664  -31.494  -62.480  -30.212 0.4000000060
4282  -32.509  -60.453  -35.682 0.5000000000
3979  -32.463  -61.036  -34.205 0.5000000000
4270  -32.875  -60.546  -34.449 0.5000000000
56439  -31.818  -62.094  -29.967 0.4000000060
3660  -31.951  -62.354  -28.666 0.4000000060
4274  -32.456  -60.762  -34.944 0.5000000000
4895  -32.854  -59.864  -35.862 0.5000000000
4581  -33.051  -60.222  -35.050 0.5000000000
4894  -32.702  -59.227  -35.746 0.6000000238
4890  -33.028  -59.546  -35.206 0.6000000238
5487  -32.434  -57.626  -35.504 0.4000000060
46776  -32.908  -58.046  -35.030 0.4000000060
5489  -31.053  -57.556  -36.343 0.6000000238
5490  -31.904  -57.319  -35.930 0.6000000238
46773  -32.925  -57.139  -34.977 0.4000000060
4591  -26.804  -60.599  -37.419 0.6999999881
56232  -29.939  -57.688  -36.778 0.5000000000
5850  -31.595  -56.667  -36.085 0.5000000000
5844  -32.341  -56.639  -35.537 0.4000000060
52483  -30.384  -56.999  -36.588 0.5000000000
6538  -22.101  -54.857  -37.829 0.6999999881
6539  -23.076  -55.003  -37.734 0.6000000238
6522  -22.770  -54.337  -37.515 0.6999999881
6523  -23.648  -54.447  -37.414 0.6000000238
6540  -23.971  -55.115  -37.656 0.6000000238
6854  -24.188  -53.878  -37.030 0.6000000238
6855  -25.130  -53.903  -36.978 0.6000000238
5867  -23.803  -56.326  -37.921 0.5000000000
6208  -24.162  -55.729  -37.796 0.6000000238
6524  -24.561  -54.540  -37.358 0.6000000238
3965  -31.962  -61.848  -31.479 0.5000000000
5853  -24.235  -57.023  -37.906 0.5000000000
6209  -24.910  -55.347  -37.613 0.5000000000
6525  -25.461  -54.615  -37.276 0.5000000000
3975  -32.505  -61.214  -33.503 0.4000000060
3971  -32.509  -61.329  -32.740 0.5000000000
5868  -24.669  -56.223  -37.803 0.5000000000
6194  -25.777  -55.246  -37.435 0.5000000000
3960  -32.013  -61.842  -29.350 0.4000000060
3958  -32.194  -61.816  -28.508 0.4000000060
5869  -25.680  -56.074  -37.617 0.5000000000
5855  -26.015  -56.980  -37.626 0.6000000238
4578  -33.167  -59.867  -34.455 0.4000000060
48794  -25.123  -59.012  -37.781 0.6000000238
5189  -32.941  -58.832  -35.133 0.5000000000
4891  -33.216  -59.103  -34.585 0.4000000060
4907  -25.811  -59.617  -37.670 0.6000000238
57086  -26.447  -60.014  -37.535 0.6000000238
51625  -27.150  -59.908  -37.377 0.6000000238
46912  -33.344  -57.682  -34.375 0.4000000060
48016  -27.955  -58.321  -37.306 0.6000000238
5498  -28.268  -57.439  -37.200 0.6000000238
6853  -23.270  -53.825  -37.114 0.6999999881
7177  -23.746  -53.289  -36.635 0.6000000238
7178  -24.713  -53.258  -36.594 0.6999999881
3966  -32.414  -61.376  -31.921 0.5000000000
3962  -32.276  -61.414  -31.089 0.5000000000
6856  -26.045  -53.980  -36.938 0.6000000238
49599  -32.114  -61.547  -30.247 0.5000000000
6195  -26.488  -55.513  -37.344 0.6000000238
6526  -26.307  -54.726  -37.181 0.6000000238
52100  -32.834  -60.811  -33.858 0.5000000000
50174  -25.377  -58.176  -37.739 0.4000000060
5495  -25.524  -57.500  -37.721 0.6000000238
5856  -26.660  -56.374  -37.450 0.6000000238
4267  -33.137  -60.354  -33.852 0.4000000060
5205  -26.021  -58.726  -37.631 0.5000000000
49818  -26.221  -57.827  -37.608 0.5000000000
6196  -27.345  -55.765  -37.201 0.6000000238
57276  -26.845  -57.776  -37.503 0.6000000238
5496  -26.796  -57.220  -37.493 0.6000000238
6527  -27.136  -54.922  -37.064 0.6000000238
5857  -27.600  -56.714  -37.281 0.6000000238
6197  -28.179  -55.951  -37.045 0.6000000238
4908  -26.650  -59.308  -37.510 0.6000000238
5206  -26.949  -58.399  -37.485 0.6000000238
5497  -27.404  -57.647  -37.393 0.6000000238
5499  -29.137  -57.176  -36.978 0.5000000000
53159  -29.799  -56.884  -36.771 0.5000000000
53742  -22.074  -54.201  -37.603 0.6999999881
6852  -22.404  -53.740  -37.261 0.6999999881
6850  -20.553  -53.614  -37.518 0.6999999881
7175  -21.944  -53.131  -36.974 0.6999999881
7176  -22.823  -53.235  -36.763 0.6999999881
7158  -25.175  -52.582  -36.137 0.5000000000
6835  -25.774  -53.174  -36.561 0.5000000000
4257  -32.504  -60.824  -30.587 0.5000000000
55962  -32.292  -61.082  -29.714 0.5000000000
4266  -32.966  -60.756  -33.206 0.4000000060
53927  -32.719  -60.784  -31.518 0.4000000060
6511  -26.908  -54.129  -36.862 0.6000000238
6528  -27.994  -55.132  -36.932 0.6000000238
6512  -27.771  -54.279  -36.778 0.6000000238
5858  -28.534  -56.604  -37.059 0.6000000238
57213  -28.724  -56.064  -36.944 0.5000000000
5859  -29.304  -56.275  -36.836 0.5000000000
7173  -20.177  -52.924  -37.201 0.6999999881
7174  -21.066  -53.024  -37.133 0.6999999881
7155  -22.330  -52.622  -36.399 0.6000000238
7156  -23.231  -52.727  -36.173 0.4000000060
51991  -21.502  -52.488  -36.667 0.6000000238
7157  -24.197  -52.702  -36.114 0.5000000000
7172  -19.281  -52.862  -37.238 0.6999999881
7507  -24.632  -52.103  -35.542 0.5000000000
7171  -18.376  -52.825  -37.284 0.6999999881
7151  -18.017  -52.111  -36.960 0.6000000238
7150  -17.144  -52.000  -37.059 0.6000000238
56868  -16.216  -51.112  -36.837 0.5000000000
7817  -16.612  -50.570  -36.392 0.5000000000
48697  -22.682  -52.125  -35.715 0.5000000000
7154  -20.681  -52.349  -36.799 0.6000000238
50482  -21.826  -51.979  -36.103 0.6000000238
7506  -23.647  -52.174  -35.546 0.5000000000
7152  -18.908  -52.163  -36.918 0.6999999881
7153  -19.813  -52.216  -36.878 0.6000000238
56238  -21.131  -51.927  -36.432 0.6000000238
7504  -21.233  -51.353  -36.003 0.6000000238
7502  -19.428  -51.520  -36.557 0.6000000238
7503  -20.387  -51.564  -36.436 0.6000000238
7501  -18.539  -51.468  -36.594 0.6000000238
7820  -19.838  -50.972  -36.189 0.6000000238
7500  -17.676  -51.426  -36.651 0.6000000238
7819  -19.063  -50.819  -36.216 0.6000000238
7499  -16.871  -51.296  -36.747 0.5000000000
49804  -17.361  -50.847  -36.389 0.5000000000
7818  -18.138  -50.785  -36.270 0.6000000238
7497  -15.088  -50.654  -37.153 0.5000000000
7806  -17.523  -50.119  -35.975 0.6000000238
7807  -18.651  -50.025  -35.819 0.6000000238
49627  -15.339  -50.014  -36.648 0.5000000000
8139  -16.009  -50.087  -36.342 0.5000000000
7489  -23.117  -51.576  -35.033 0.5000000000
7505  -22.095  -51.360  -35.372 0.6000000238
7821  -20.542  -50.791  -35.906 0.6000000238
7822  -21.340  -50.682  -35.462 0.6999999881
7808  -19.758  -50.199  -35.792 0.6000000238
8138  -14.305  -49.172  -36.935 0.5000000000
8461  -15.783  -49.392  -36.101 0.5000000000
8140  -16.596  -49.768  -35.983 0.4000000060
8124  -18.079  -49.450  -35.550 0.6000000238
8123  -17.240  -49.304  -35.598 0.5000000000
7490  -24.098  -51.597  -34.910 0.5000000000
7809  -22.732  -50.833  -34.733 0.5000000000
7810  -23.627  -51.007  -34.391 0.5000000000
8141  -20.705  -50.036  -35.432 0.6000000238
8125  -19.299  -49.391  -35.374 0.6999999881
49995  -20.141  -49.531  -35.320 0.6000000238
58564  -18.659  -49.462  -35.495 0.6000000238
8121  -15.920  -48.735  -35.724 0.5000000000
8122  -16.467  -49.059  -35.656 0.4000000060
8111  -16.337  -48.476  -35.405 0.4000000060
8112  -16.976  -48.644  -35.233 0.5000000000
8446  -17.781  -48.865  -35.132 0.5000000000
7823  -22.004  -50.587  -35.025 0.6000000238
8128  -23.193  -50.310  -34.082 0.5000000000
8126  -21.541  -49.949  -34.994 0.6000000238
8127  -22.368  -50.069  -34.563 0.5000000000
8450  -20.910  -49.199  -34.884 0.6000000238
8451  -21.980  -49.227  -34.388 0.5000000000
8449  -20.004  -48.937  -34.943 0.5000000000
8447  -18.577  -49.036  -35.186 0.6000000238
9752  -13.968  -44.503  -33.583 0.4000000060
9753  -14.187  -44.607  -33.617 0.4000000060
49899  -22.801  -49.541  -34.026 0.5000000000
9766  -13.954  -45.066  -34.126 0.3000000119
9437  -15.114  -45.584  -34.284 0.3000000119
9092  -14.947  -46.118  -34.902 0.3000000119
8448  -19.227  -48.754  -34.822 0.6999999881
8432  -17.406  -48.353  -34.689 0.5000000000
8433  -18.347  -48.505  -34.616 0.5000000000
9740  -13.780  -43.786  -33.117 0.3000000119
9741  -14.145  -44.115  -33.221 0.3000000119
8788  -21.449  -48.467  -34.247 0.5000000000
9088  -15.833  -46.029  -34.007 0.4000000060
49882  -15.529  -45.273  -33.552 0.4000000060
8787  -20.557  -48.449  -34.506 0.5000000000
9093  -15.560  -46.353  -34.614 0.4000000060
8786  -19.832  -48.450  -34.554 0.5000000000
8768  -19.209  -48.354  -34.204 0.5000000000
54660  -16.582  -47.940  -34.934 0.3000000119
8766  -17.086  -47.818  -34.391 0.4000000060
8767  -18.203  -48.586  -33.654 0.4000000060
52243  -13.828  -43.172  -32.640 0.3000000119
10074  -14.072  -43.440  -32.822 0.3000000119
10075  -15.174  -43.711  -32.618 0.4000000060
9742  -15.302  -44.495  -33.052 0.4000000060
8452  -23.066  -48.999  -33.504 0.4000000060
8789  -22.383  -48.486  -33.753 0.4000000060
9094  -16.227  -46.712  -34.342 0.3000000119
49382  -20.063  -48.018  -34.076 0.5000000000
58533  -17.341  -48.102  -33.877 0.3000000119
10085  -15.675  -44.169  -32.469 0.3000000119
8434  -23.958  -48.934  -32.606 0.4000000060
57219  -25.609  -48.482  -31.905 0.4000000060
9754  -15.819  -44.963  -32.884 0.4000000060
9426  -16.207  -45.870  -33.293 0.3000000119
9438  -16.356  -46.532  -33.827 0.3000000119
9095  -16.855  -47.282  -33.952 0.3000000119
10398  -13.933  -42.861  -32.337 0.3000000119
10399  -15.055  -42.958  -32.186 0.4000000060
10413  -15.487  -43.327  -32.067 0.4000000060
8773  -24.817  -48.155  -32.158 0.4000000060
8790  -23.151  -48.366  -33.133 0.4000000060
8771  -22.810  -47.673  -33.128 0.4000000060
8770  -21.901  -47.754  -33.612 0.4000000060
9427  -16.975  -46.102  -33.001 0.3000000119
8769  -20.984  -47.844  -33.960 0.5000000000
9439  -16.861  -46.822  -33.306 0.3000000119
8759  -19.299  -48.038  -33.376 0.4000000060
58029  -17.719  -48.231  -34.277 0.4000000060
10732  -14.939  -42.230  -31.632 0.3000000119
52248  -15.971  -43.667  -31.825 0.3000000119
9767  -16.026  -44.720  -32.528 0.3000000119
8772  -23.791  -47.780  -32.727 0.4000000060
9755  -16.758  -45.134  -32.717 0.3000000119
9096  -17.246  -48.044  -33.105 0.3000000119
8758  -18.255  -48.423  -32.411 0.3000000119
10086  -16.318  -44.320  -32.242 0.3000000119
10414  -16.919  -43.562  -31.749 0.3000000119
10087  -16.894  -44.587  -31.684 0.3000000119
9100  -23.583  -46.770  -32.874 0.4000000060
9417  -17.763  -45.852  -32.525 0.3000000119
9428  -17.646  -46.987  -32.542 0.3000000119
9097  -20.369  -47.482  -33.425 0.3000000119
9743  -17.844  -45.393  -31.585 0.3000000119
9099  -22.469  -46.879  -33.007 0.3000000119
9084  -18.322  -47.608  -31.724 0.3000000119
9098  -21.426  -47.140  -33.417 0.3000000119
9744  -18.564  -45.853  -31.063 0.3000000119
9418  -18.197  -46.688  -31.736 0.3000000119
2317  -36.091  -66.964  -17.197 0.3000000119
3391  -28.618  -63.904  -31.700 0.6000000238
3064  -27.775  -64.248  -31.940 0.5000000000
2663  -34.796  -65.692  -19.953 0.3000000119
3400  -27.694  -63.365  -33.791 0.6000000238
3350  -32.910  -64.266  -23.305 0.3000000119
2673  -34.440  -65.349  -20.642 0.3000000119
2730  -26.753  -65.314  -30.455 0.5000000000
57188  -30.897  -61.154  -35.752 0.6000000238
4899  -29.509  -59.320  -36.892 0.6000000238
4910  -32.162  -60.089  -36.158 0.6000000238
4587  -32.720  -60.117  -36.006 0.5000000000
4909  -27.543  -59.159  -37.357 0.6999999881
55889  -33.179  -58.452  -34.638 0.4000000060
5854  -25.165  -56.899  -37.773 0.5000000000
5494  -24.819  -57.619  -37.830 0.4000000060
4579  -33.328  -59.826  -33.772 0.5000000000
7170  -17.482  -52.735  -37.379 0.6000000238
57886  -22.537  -49.038  -33.962 0.4000000060
2742  -25.147  -65.387  -32.269 0.5000000000
50054  -25.348  -65.552  -31.474 0.5000000000
2736  -26.066  -65.426  -31.024 0.5000000000
2748  -24.947  -65.291  -33.058 0.5000000000
3062  -26.022  -65.124  -31.987 0.5000000000
2760  -24.721  -65.146  -33.814 0.4000000060
2737  -26.782  -65.017  -31.314 0.4000000060
3073  -25.137  -64.810  -34.259 0.5000000000
2761  -25.530  -64.851  -33.544 0.5000000000
2749  -25.579  -65.080  -32.752 0.5000000000
3074  -25.742  -64.435  -34.311 0.5000000000
3069  -26.213  -64.707  -32.859 0.5000000000
52196  -26.303  -64.345  -33.653 0.5000000000
3070  -26.906  -64.226  -33.026 0.5000000000
53121  -25.293  -63.301  -36.754 0.5000000000
3079  -25.143  -64.536  -34.976 0.5000000000
3092  -25.476  -64.117  -35.539 0.5000000000
3080  -25.915  -64.078  -34.992 0.5000000000
3412  -26.140  -63.622  -35.643 0.5000000000
3075  -26.446  -63.985  -34.388 0.5000000000
3405  -26.524  -63.693  -34.995 0.5000000000
3399  -27.012  -63.862  -33.766 0.5000000000
3411  -25.293  -63.822  -36.208 0.5000000000
3418  -26.089  -63.144  -36.399 0.5000000000
3699  -25.692  -62.766  -37.021 0.5000000000
3700  -26.486  -62.526  -36.806 0.5000000000
3413  -26.703  -63.113  -35.891 0.5000000000
3701  -26.921  -62.721  -36.303 0.5000000000
49754  -26.926  -63.265  -35.320 0.5000000000
3406  -27.166  -63.429  -34.537 0.5000000000
4590  -25.830  -60.610  -37.665 0.5000000000
4288  -26.442  -61.354  -37.388 0.6000000238
3994  -26.075  -62.107  -37.252 0.5000000000
3995  -26.875  -61.913  -37.005 0.5000000000
55021  -27.106  -62.275  -36.608 0.5000000000
3407  -27.621  -62.956  -35.069 0.5000000000
6205  -21.530  -55.599  -38.054 0.5000000000
6204  -20.537  -55.519  -38.157 0.5000000000
6537  -21.162  -54.908  -37.959 0.5000000000
6520  -20.865  -54.276  -37.794 0.5000000000
6521  -21.547  -54.390  -37.760 0.6000000238
6519  -20.028  -54.231  -37.814 0.5000000000
6851  -21.501  -53.752  -37.469 0.6000000238
6849  -19.658  -53.553  -37.543 0.5000000000
6848  -18.761  -53.518  -37.589 0.5000000000
7169  -16.619  -52.575  -37.536 0.6000000238
6846  -16.952  -53.312  -37.842 0.5000000000
7149  -16.242  -51.789  -37.220 0.6000000238
3009  -34.493  -64.203  -21.608 0.3000000119
3352  -34.258  -63.641  -22.264 0.3000000119
2999  -34.020  -64.974  -21.439 0.3000000119
3351  -33.560  -63.781  -22.959 0.3000000119
3008  -33.838  -64.361  -22.188 0.3000000119
4280  -31.647  -60.800  -35.850 0.6000000238
4283  -33.131  -60.519  -36.220 0.5000000000
4291  -32.783  -60.417  -36.085 0.5000000000
4586  -32.620  -60.229  -36.013 0.5000000000
4900  -32.609  -60.109  -36.025 0.5000000000
4911  -32.755  -60.131  -36.027 0.5000000000
46917  -32.083  -60.262  -36.191 0.6000000238
46918  -32.745  -60.164  -36.069 0.5000000000
