#!ascii label  , from subject sub-1016 vox2ras=TkReg
2048
49567  -17.698  -74.370  2.716 0.0000000000
6199  -7.446  -54.856  -38.048 0.0000000000
10029  -9.772  -43.662  -17.475 0.0000000000
1766  -22.119  -68.174  -26.078 0.0000000000
47356  -11.094  -42.468  -28.198 0.0000000000
54713  -7.911  -54.861  -6.428 0.0000000000
48851  -9.953  -73.932  2.003 0.0000000000
147  -20.538  -77.585  -6.521 0.0000000000
4620  -11.691  -59.903  -41.188 0.0000000000
11318  -8.416  -39.323  -14.437 0.0000000000
9690  -9.157  -44.009  -14.140 0.0000000000
11343  -11.117  -39.251  -21.212 0.0000000000
12027  -9.430  -39.281  -24.166 0.0000000000
4459  -7.988  -60.804  -3.119 0.0000000000
3260  -8.367  -64.391  -3.265 0.0000000000
2619  -9.219  -66.612  -7.571 0.0000000000
1924  -8.896  -68.026  -2.747 0.0000000000
375  -13.558  -75.091  2.667 0.0000000000
50985  -11.125  -76.250  -2.433 0.0000000000
90  -15.053  -77.199  -2.381 0.0000000000
15  -15.596  -78.251  -7.838 0.0000000000
263  -19.276  -76.347  -2.059 0.0000000000
900  -27.722  -72.512  0.020 0.0000000000
6830  -8.225  -52.715  -34.670 0.0000000000
8756  -9.747  -47.480  -33.926 0.0000000000
8161  -8.738  -49.245  -38.184 0.0000000000
57007  -17.657  -65.246  -35.127 0.0000000000
2807  -12.032  -65.065  -37.431 0.0000000000
3716  -17.153  -63.060  -39.000 0.0000000000
772  -28.021  -74.126  -13.485 0.0000000000
968  -26.692  -72.288  -18.507 0.0000000000
1131  -30.882  -71.619  -15.753 0.0000000000
11327  -10.091  -39.586  -17.305 0.0000000000
2142  -21.880  -66.849  -32.177 0.0000000000
1733  -25.640  -68.679  -23.168 0.0000000000
8693  -9.000  -47.114  -12.417 0.0000000000
8034  -7.681  -49.392  -7.957 0.0000000000
52052  -8.437  -53.048  -10.266 0.0000000000
5091  -8.272  -58.697  -7.281 0.0000000000
1437  -8.160  -70.182  1.797 0.0000000000
1091  -9.444  -72.529  -2.965 0.0000000000
437  -24.963  -75.685  -4.992 0.0000000000
605  -26.209  -74.934  -9.846 0.0000000000
47230  -9.716  -44.907  -29.938 0.0000000000
49600  -8.193  -57.054  -40.934 0.0000000000
6544  -13.509  -54.113  -39.907 0.0000000000
7535  -10.435  -51.540  -40.254 0.0000000000
10008  -8.214  -43.610  -12.067 0.0000000000
3554  -8.086  -63.399  -1.111 0.0000000000
2919  -8.235  -64.933  -1.140 0.0000000000
2603  -8.816  -66.467  -3.581 0.0000000000
2258  -8.658  -67.538  -1.445 0.0000000000
523  -16.775  -73.670  5.057 0.0000000000
520  -14.739  -74.255  4.502 0.0000000000
377  -15.412  -74.956  2.704 0.0000000000
244  -14.359  -76.178  -0.053 0.0000000000
246  -16.612  -75.912  -0.237 0.0000000000
91  -16.696  -77.109  -2.627 0.0000000000
405  -18.394  -75.377  -0.121 0.0000000000
5483  -6.805  -56.984  -34.889 0.0000000000
6834  -7.753  -53.381  -36.332 0.0000000000
7496  -8.213  -51.241  -36.325 0.0000000000
7179  -8.172  -52.215  -38.274 0.0000000000
2802  -19.866  -64.957  -36.447 0.0000000000
3117  -17.139  -64.333  -37.798 0.0000000000
3719  -19.648  -63.482  -38.029 0.0000000000
940  -30.048  -72.953  -12.605 0.0000000000
783  -29.761  -72.946  -14.762 0.0000000000
948  -31.226  -72.018  -13.792 0.0000000000
49625  -9.588  -41.775  -15.977 0.0000000000
11322  -9.155  -39.742  -15.549 0.0000000000
10671  -10.195  -41.453  -17.504 0.0000000000
10675  -10.372  -41.863  -18.876 0.0000000000
1787  -20.340  -68.258  -28.249 0.0000000000
2123  -19.965  -67.601  -31.551 0.0000000000
2096  -21.625  -67.726  -29.361 0.0000000000
1325  -28.420  -70.459  -19.368 0.0000000000
1331  -25.853  -70.694  -20.796 0.0000000000
1530  -27.694  -69.085  -21.477 0.0000000000
49464  -10.126  -41.022  -25.875 0.0000000000
11359  -11.242  -40.477  -23.271 0.0000000000
53861  -11.690  -44.485  -25.081 0.0000000000
48330  -7.854  -53.264  -6.680 0.0000000000
7054  -7.787  -51.959  -7.904 0.0000000000
6406  -7.829  -54.013  -8.051 0.0000000000
5730  -8.128  -55.791  -8.785 0.0000000000
3865  -8.050  -61.999  -4.969 0.0000000000
4796  -8.046  -59.638  -5.335 0.0000000000
4171  -8.287  -60.944  -6.909 0.0000000000
1238  -7.758  -70.803  4.393 0.0000000000
1076  -8.552  -71.643  2.129 0.0000000000
1258  -8.798  -70.755  -0.270 0.0000000000
903  -9.573  -73.249  -0.525 0.0000000000
126  -11.084  -77.273  -5.624 0.0000000000
287  -9.810  -76.219  -5.695 0.0000000000
49053  -17.937  -78.179  -7.741 0.0000000000
892  -25.091  -72.534  1.419 0.0000000000
911  -28.710  -72.692  -1.776 0.0000000000
58424  -26.441  -74.196  -2.496 0.0000000000
582  -27.795  -74.010  -3.961 0.0000000000
445  -25.877  -75.357  -6.759 0.0000000000
594  -27.897  -74.229  -6.379 0.0000000000
755  -28.438  -73.707  -8.678 0.0000000000
746  -29.619  -72.995  -5.546 0.0000000000
8697  -9.337  -47.591  -13.995 0.0000000000
47242  -9.464  -47.170  -30.660 0.0000000000
9448  -10.638  -46.318  -34.990 0.0000000000
9748  -10.348  -45.309  -33.128 0.0000000000
48436  -12.081  -63.306  -39.799 0.0000000000
3110  -9.272  -64.352  -37.498 0.0000000000
4015  -9.532  -61.989  -39.853 0.0000000000
4611  -7.343  -60.259  -39.696 0.0000000000
5226  -10.502  -58.515  -41.510 0.0000000000
6863  -12.014  -53.005  -40.026 0.0000000000
7524  -12.923  -50.966  -38.969 0.0000000000
8485  -10.861  -48.744  -39.996 0.0000000000
10661  -8.713  -41.645  -14.022 0.0000000000
10020  -9.441  -43.393  -15.527 0.0000000000
11670  -10.845  -37.729  -18.935 0.0000000000
12329  -11.540  -37.791  -20.863 0.0000000000
12643  -10.098  -38.058  -23.561 0.0000000000
12976  -9.826  -36.835  -23.929 0.0000000000
48470  -10.557  -36.862  -24.842 0.0000000000
11044  -10.168  -41.867  -27.275 0.0000000000
4146  -7.973  -60.902  -1.506 0.0000000000
3857  -8.030  -62.374  -3.350 0.0000000000
3567  -8.276  -63.947  -5.260 0.0000000000
52470  -8.516  -65.322  -5.521 0.0000000000
1939  -9.078  -67.737  -5.699 0.0000000000
1660  -9.664  -69.459  -5.853 0.0000000000
51658  -12.315  -74.119  4.683 0.0000000000
543  -10.960  -74.689  2.687 0.0000000000
562  -10.638  -74.877  -0.392 0.0000000000
234  -12.168  -75.798  0.411 0.0000000000
87  -12.891  -76.903  -2.138 0.0000000000
129  -13.277  -77.842  -5.723 0.0000000000
131  -15.297  -77.850  -5.224 0.0000000000
120  -17.456  -77.678  -4.551 0.0000000000
110  -19.825  -77.197  -4.248 0.0000000000
1072  -27.374  -71.626  1.992 0.0000000000
1252  -29.948  -70.478  1.061 0.0000000000
7466  -8.781  -51.894  -32.834 0.0000000000
8422  -9.402  -48.707  -32.878 0.0000000000
8110  -8.989  -49.960  -34.395 0.0000000000
8458  -9.188  -48.749  -36.129 0.0000000000
9120  -10.322  -47.319  -37.058 0.0000000000
2460  -16.172  -65.908  -33.562 0.0000000000
2458  -13.152  -65.991  -34.119 0.0000000000
2801  -14.848  -65.044  -36.617 0.0000000000
3432  -14.345  -64.091  -39.197 0.0000000000
50434  -14.837  -61.683  -40.246 0.0000000000
780  -27.524  -73.799  -15.556 0.0000000000
959  -28.944  -72.266  -16.634 0.0000000000
55362  -29.914  -70.558  -18.058 0.0000000000
57572  -9.831  -37.713  -17.384 0.0000000000
49573  -10.820  -39.501  -19.275 0.0000000000
867  -19.160  -72.781  5.327 0.0000000000
708  -19.700  -73.716  2.592 0.0000000000
1048  -21.200  -71.983  5.561 0.0000000000
5194  -6.002  -58.187  -36.632 0.0000000000
2137  -18.090  -67.011  -32.289 0.0000000000
2464  -20.404  -66.265  -34.019 0.0000000000
2773  -21.886  -65.660  -34.854 0.0000000000
973  -24.727  -72.448  -19.783 0.0000000000
1351  -23.950  -70.223  -22.220 0.0000000000
1741  -23.622  -68.688  -24.237 0.0000000000
55653  -27.051  -67.699  -23.985 0.0000000000
2041  -25.305  -67.666  -25.436 0.0000000000
2085  -23.519  -67.262  -27.948 0.0000000000
2413  -23.381  -66.700  -30.819 0.0000000000
9353  -8.299  -45.276  -11.383 0.0000000000
9017  -7.906  -45.631  -10.285 0.0000000000
8366  -8.536  -48.828  -10.040 0.0000000000
7724  -8.926  -50.303  -11.067 0.0000000000
8028  -7.470  -49.669  -7.214 0.0000000000
7384  -8.289  -51.713  -9.592 0.0000000000
56981  -7.982  -55.543  -5.257 0.0000000000
5390  -8.029  -58.039  -5.163 0.0000000000
50631  -7.975  -56.957  -6.235 0.0000000000
57397  -7.260  -68.939  3.590 0.0000000000
1914  -8.027  -68.069  1.049 0.0000000000
1644  -8.623  -69.093  -0.864 0.0000000000
55879  -9.208  -71.004  -3.209 0.0000000000
1272  -9.741  -72.009  -5.914 0.0000000000
574  -9.934  -74.966  -2.579 0.0000000000
744  -9.286  -74.219  -5.932 0.0000000000
400  -20.465  -74.858  0.356 0.0000000000
51359  -21.237  -75.476  -1.181 0.0000000000
278  -22.000  -76.548  -3.884 0.0000000000
430  -24.664  -75.149  -3.074 0.0000000000
289  -22.677  -76.888  -5.476 0.0000000000
156  -23.172  -77.046  -8.036 0.0000000000
613  -27.222  -74.540  -11.082 0.0000000000
763  -29.048  -73.417  -10.717 0.0000000000
9031  -8.925  -45.907  -12.513 0.0000000000
53202  -9.307  -45.788  -14.444 0.0000000000
55246  -10.571  -43.104  -29.002 0.0000000000
9413  -9.709  -46.194  -31.924 0.0000000000
9732  -10.524  -43.688  -31.264 0.0000000000
5207  -6.062  -59.125  -38.513 0.0000000000
46920  -7.611  -56.004  -39.444 0.0000000000
5221  -15.376  -58.460  -40.275 0.0000000000
5872  -15.763  -56.227  -39.684 0.0000000000
5525  -13.345  -57.173  -41.027 0.0000000000
6224  -11.458  -55.653  -40.964 0.0000000000
6545  -9.966  -54.617  -40.132 0.0000000000
7184  -8.722  -52.884  -39.156 0.0000000000
7855  -9.206  -50.422  -39.777 0.0000000000
9489  -10.121  -46.841  -39.711 0.0000000000
10327  -7.723  -42.148  -11.749 0.0000000000
10007  -7.828  -42.987  -11.538 0.0000000000
53362  -8.478  -66.557  -1.082 0.0000000000
533  -17.552  -74.120  3.526 0.0000000000
531  -16.136  -74.344  4.031 0.0000000000
545  -16.978  -74.739  2.372 0.0000000000
394  -15.485  -75.427  1.286 0.0000000000
386  -17.109  -74.970  1.602 0.0000000000
404  -17.463  -75.549  -0.051 0.0000000000
387  -17.960  -74.868  1.231 0.0000000000
5847  -6.948  -56.095  -36.308 0.0000000000
6505  -7.459  -54.964  -35.569 0.0000000000
47683  -7.629  -53.724  -37.112 0.0000000000
47598  -7.773  -52.924  -37.029 0.0000000000
6844  -7.816  -53.403  -37.739 0.0000000000
3104  -21.078  -64.671  -36.821 0.0000000000
3120  -19.867  -64.262  -37.382 0.0000000000
3424  -21.126  -63.767  -37.551 0.0000000000
49010  -9.586  -42.599  -15.989 0.0000000000
10343  -9.875  -42.047  -16.751 0.0000000000
47955  -9.826  -42.920  -17.019 0.0000000000
49787  -9.927  -43.167  -17.995 0.0000000000
1764  -20.277  -68.665  -26.278 0.0000000000
1788  -21.116  -68.013  -27.995 0.0000000000
1800  -20.872  -68.017  -28.961 0.0000000000
2069  -21.914  -67.777  -27.868 0.0000000000
1515  -28.990  -69.884  -19.725 0.0000000000
1521  -27.997  -69.596  -20.709 0.0000000000
1721  -28.595  -68.957  -21.128 0.0000000000
46954  -10.539  -41.812  -26.916 0.0000000000
47376  -11.027  -43.007  -25.773 0.0000000000
47240  -11.172  -42.545  -26.855 0.0000000000
47091  -12.193  -43.104  -27.534 0.0000000000
47122  -11.303  -42.528  -27.817 0.0000000000
6400  -7.851  -54.117  -6.930 0.0000000000
6741  -7.803  -53.438  -7.402 0.0000000000
6403  -7.810  -54.163  -7.632 0.0000000000
6082  -8.024  -55.054  -8.919 0.0000000000
54997  -7.877  -55.429  -7.161 0.0000000000
3870  -8.159  -62.522  -5.767 0.0000000000
4167  -8.110  -61.642  -5.820 0.0000000000
534  -9.926  -73.999  3.311 0.0000000000
878  -8.462  -72.023  3.601 0.0000000000
713  -9.324  -73.152  2.007 0.0000000000
896  -9.074  -72.468  0.728 0.0000000000
49779  -9.960  -73.825  0.678 0.0000000000
151  -11.351  -77.697  -7.168 0.0000000000
18  -18.796  -78.001  -7.216 0.0000000000
53308  -18.148  -78.388  -8.776 0.0000000000
30  -19.633  -78.017  -8.453 0.0000000000
20  -20.477  -77.722  -8.244 0.0000000000
1065  -25.293  -71.632  3.113 0.0000000000
914  -28.932  -72.818  -2.649 0.0000000000
734  -28.413  -73.315  -2.886 0.0000000000
741  -28.350  -73.715  -4.075 0.0000000000
58566  -27.990  -74.157  -5.118 0.0000000000
742  -28.863  -73.410  -4.424 0.0000000000
595  -28.690  -73.772  -6.250 0.0000000000
7456  -9.223  -51.569  -30.737 0.0000000000
54164  -9.433  -48.025  -30.160 0.0000000000
51154  -9.438  -48.705  -30.664 0.0000000000
4310  -12.228  -61.523  -40.740 0.0000000000
4016  -10.407  -61.967  -40.206 0.0000000000
4319  -11.075  -60.921  -40.910 0.0000000000
51727  -10.271  -59.930  -41.234 0.0000000000
4931  -10.838  -59.402  -41.386 0.0000000000
10332  -8.502  -42.385  -13.281 0.0000000000
10658  -8.263  -41.393  -13.279 0.0000000000
10335  -9.000  -42.530  -14.208 0.0000000000
10336  -9.322  -42.625  -15.044 0.0000000000
9694  -9.352  -44.115  -15.066 0.0000000000
1337  -22.273  -71.059  -22.101 0.0000000000
11674  -11.107  -38.554  -19.784 0.0000000000
12325  -11.322  -37.502  -19.713 0.0000000000
12006  -11.295  -38.372  -21.525 0.0000000000
12336  -10.001  -38.497  -23.191 0.0000000000
12334  -8.107  -36.999  -22.583 0.0000000000
12968  -9.730  -37.317  -23.911 0.0000000000
12341  -8.353  -37.180  -23.341 0.0000000000
12352  -8.956  -37.061  -24.070 0.0000000000
3257  -8.256  -64.245  -2.403 0.0000000000
3557  -8.126  -63.354  -2.152 0.0000000000
47511  -8.182  -63.618  -3.620 0.0000000000
3267  -8.190  -63.512  -4.503 0.0000000000
3263  -8.327  -64.155  -4.018 0.0000000000
53730  -8.411  -64.731  -5.246 0.0000000000
2929  -8.584  -65.333  -4.739 0.0000000000
2264  -8.875  -67.293  -3.333 0.0000000000
53527  -8.810  -66.858  -4.060 0.0000000000
2268  -8.857  -67.284  -3.954 0.0000000000
1934  -9.238  -68.526  -5.376 0.0000000000
51765  -9.010  -69.070  -4.040 0.0000000000
53484  -15.167  -72.607  7.077 0.0000000000
528  -13.731  -74.777  3.511 0.0000000000
688  -13.242  -74.068  4.848 0.0000000000
527  -12.885  -74.864  3.271 0.0000000000
535  -11.355  -74.607  3.453 0.0000000000
373  -12.050  -75.168  2.208 0.0000000000
390  -11.714  -75.445  0.873 0.0000000000
381  -12.597  -75.412  1.675 0.0000000000
258  -14.239  -76.764  -1.313 0.0000000000
85  -13.466  -76.559  -0.919 0.0000000000
49477  -13.557  -77.165  -2.654 0.0000000000
47557  -13.046  -77.558  -4.299 0.0000000000
103  -13.856  -77.603  -4.082 0.0000000000
56870  -13.955  -77.837  -5.527 0.0000000000
104  -14.759  -77.600  -3.752 0.0000000000
262  -18.392  -76.506  -2.043 0.0000000000
50081  -17.043  -77.311  -3.314 0.0000000000
97  -18.350  -77.049  -3.222 0.0000000000
121  -18.278  -77.536  -4.454 0.0000000000
270  -19.771  -76.588  -2.822 0.0000000000
1241  -28.765  -69.900  3.665 0.0000000000
57708  -7.939  -54.310  -34.028 0.0000000000
55171  -8.339  -53.735  -32.881 0.0000000000
6824  -8.574  -53.340  -32.291 0.0000000000
7136  -8.588  -52.297  -33.352 0.0000000000
7797  -8.799  -50.745  -34.146 0.0000000000
7482  -8.561  -51.373  -34.553 0.0000000000
7834  -8.405  -50.172  -37.480 0.0000000000
8136  -8.780  -49.477  -36.360 0.0000000000
47529  -8.909  -48.923  -36.999 0.0000000000
8798  -9.945  -47.631  -36.699 0.0000000000
8807  -9.672  -47.789  -37.485 0.0000000000
2755  -16.726  -65.660  -34.189 0.0000000000
2768  -15.317  -65.259  -35.273 0.0000000000
2785  -16.154  -65.117  -35.645 0.0000000000
55737  -16.169  -64.036  -38.565 0.0000000000
3725  -14.315  -63.051  -39.982 0.0000000000
56213  -15.697  -61.884  -39.938 0.0000000000
47528  -27.194  -74.576  -13.574 0.0000000000
632  -26.789  -74.197  -15.523 0.0000000000
777  -28.128  -73.903  -14.440 0.0000000000
950  -30.025  -72.516  -15.404 0.0000000000
960  -29.520  -72.406  -16.030 0.0000000000
1136  -29.731  -71.742  -16.693 0.0000000000
1142  -29.470  -71.277  -17.481 0.0000000000
11002  -9.635  -40.086  -16.304 0.0000000000
11663  -9.022  -37.981  -15.991 0.0000000000
11664  -9.567  -38.560  -16.655 0.0000000000
11666  -9.947  -38.475  -17.395 0.0000000000
11669  -10.334  -38.155  -18.116 0.0000000000
11331  -10.488  -39.093  -18.300 0.0000000000
868  -19.965  -72.610  5.026 0.0000000000
1818  -18.466  -67.821  -30.960 0.0000000000
2141  -21.163  -67.007  -32.259 0.0000000000
2151  -20.185  -66.988  -32.720 0.0000000000
2446  -20.789  -66.586  -33.303 0.0000000000
55434  -20.743  -65.984  -34.596 0.0000000000
57291  -21.998  -66.158  -33.693 0.0000000000
967  -25.936  -72.592  -18.806 0.0000000000
1528  -26.026  -69.508  -21.892 0.0000000000
1330  -25.043  -71.044  -20.927 0.0000000000
1527  -24.633  -70.026  -22.055 0.0000000000
1547  -23.758  -69.206  -23.443 0.0000000000
1742  -24.341  -68.609  -24.014 0.0000000000
2394  -26.322  -66.973  -26.674 0.0000000000
2073  -25.017  -67.069  -27.386 0.0000000000
2072  -24.158  -67.319  -27.241 0.0000000000
2086  -24.375  -67.003  -28.181 0.0000000000
2098  -23.323  -67.074  -29.288 0.0000000000
2407  -24.586  -66.428  -29.651 0.0000000000
12354  -10.037  -38.137  -24.211 0.0000000000
11698  -12.284  -38.569  -22.601 0.0000000000
9347  -7.711  -45.064  -9.986 0.0000000000
8363  -7.803  -48.338  -8.774 0.0000000000
8680  -7.725  -47.446  -9.015 0.0000000000
8037  -8.193  -49.171  -9.249 0.0000000000
8041  -8.771  -49.530  -10.573 0.0000000000
8038  -8.563  -49.606  -9.890 0.0000000000
7711  -7.574  -50.469  -7.026 0.0000000000
57738  -7.992  -52.773  -9.124 0.0000000000
52828  -7.832  -51.930  -8.179 0.0000000000
7059  -8.222  -52.467  -9.640 0.0000000000
57770  -8.008  -59.193  -3.168 0.0000000000
4799  -8.083  -59.546  -5.837 0.0000000000
5086  -8.035  -58.997  -4.856 0.0000000000
5391  -8.034  -57.965  -5.853 0.0000000000
50897  -8.000  -57.174  -5.706 0.0000000000
5393  -8.104  -57.881  -7.198 0.0000000000
5396  -8.297  -57.308  -8.142 0.0000000000
5093  -8.433  -58.319  -7.922 0.0000000000
56770  -8.021  -70.334  2.650 0.0000000000
1429  -7.383  -69.587  3.804 0.0000000000
1631  -7.580  -69.268  3.066 0.0000000000
1908  -7.678  -68.211  2.351 0.0000000000
1635  -8.088  -69.400  1.505 0.0000000000
1641  -8.368  -68.925  -0.041 0.0000000000
1442  -8.314  -69.502  0.540 0.0000000000
1088  -9.402  -72.581  -1.968 0.0000000000
1261  -8.854  -70.309  -0.879 0.0000000000
1263  -9.291  -71.651  -3.036 0.0000000000
1267  -9.460  -71.198  -4.521 0.0000000000
1096  -9.485  -72.156  -4.483 0.0000000000
410  -10.813  -75.355  -1.220 0.0000000000
409  -10.353  -74.844  -1.262 0.0000000000
426  -10.325  -75.817  -2.912 0.0000000000
57199  -9.438  -75.672  -7.338 0.0000000000
593  -9.315  -75.032  -6.172 0.0000000000
751  -9.275  -74.446  -7.573 0.0000000000
36  -14.440  -78.591  -9.801 0.0000000000
704  -20.984  -73.238  2.833 0.0000000000
548  -20.712  -74.054  1.606 0.0000000000
557  -21.996  -74.536  0.153 0.0000000000
417  -22.048  -75.274  -1.266 0.0000000000
427  -22.060  -75.886  -2.550 0.0000000000
424  -23.272  -75.240  -2.064 0.0000000000
1077  -27.239  -71.995  1.368 0.0000000000
894  -26.782  -72.378  0.970 0.0000000000
899  -27.052  -72.689  0.277 0.0000000000
581  -26.106  -74.693  -3.711 0.0000000000
576  -25.244  -74.719  -2.642 0.0000000000
434  -24.832  -75.336  -3.713 0.0000000000
280  -23.725  -76.074  -4.195 0.0000000000
285  -24.127  -76.182  -5.050 0.0000000000
294  -23.221  -76.951  -7.147 0.0000000000
295  -23.986  -76.607  -6.937 0.0000000000
451  -25.882  -75.226  -8.315 0.0000000000
303  -24.658  -76.185  -8.472 0.0000000000
453  -25.347  -75.667  -9.636 0.0000000000
465  -25.977  -75.490  -11.988 0.0000000000
457  -26.423  -74.960  -10.745 0.0000000000
753  -29.449  -73.124  -7.705 0.0000000000
759  -28.697  -73.520  -9.376 0.0000000000
929  -29.995  -72.709  -8.346 0.0000000000
933  -30.423  -72.391  -10.018 0.0000000000
9022  -8.409  -46.076  -11.234 0.0000000000
9354  -8.615  -45.795  -11.827 0.0000000000
9027  -8.780  -46.426  -12.011 0.0000000000
9035  -9.355  -46.731  -14.427 0.0000000000
9369  -9.457  -45.647  -16.002 0.0000000000
46950  -9.444  -45.114  -29.098 0.0000000000
54109  -9.724  -44.392  -29.063 0.0000000000
10057  -10.014  -43.132  -28.316 0.0000000000
47207  -10.137  -44.016  -29.902 0.0000000000
8421  -9.545  -48.044  -33.392 0.0000000000
9083  -9.601  -46.951  -32.228 0.0000000000
49607  -9.832  -46.347  -32.813 0.0000000000
9738  -10.444  -44.600  -32.444 0.0000000000
10387  -10.821  -43.329  -31.512 0.0000000000
10382  -10.839  -43.256  -30.748 0.0000000000
2782  -12.025  -65.597  -36.199 0.0000000000
2472  -11.407  -66.096  -34.956 0.0000000000
2483  -10.394  -65.730  -35.830 0.0000000000
5224  -7.840  -58.607  -40.900 0.0000000000
4608  -6.328  -59.728  -38.928 0.0000000000
5518  -7.160  -57.739  -40.555 0.0000000000
56774  -6.533  -57.385  -39.518 0.0000000000
47395  -8.253  -56.371  -40.315 0.0000000000
58217  -14.550  -55.265  -39.974 0.0000000000
5877  -14.513  -56.730  -40.447 0.0000000000
6218  -12.695  -55.576  -40.772 0.0000000000
5887  -11.875  -56.331  -41.163 0.0000000000
6217  -12.286  -55.465  -40.808 0.0000000000
7190  -10.522  -52.452  -40.236 0.0000000000
6869  -10.696  -53.483  -40.237 0.0000000000
6868  -10.015  -52.971  -40.168 0.0000000000
47216  -9.310  -53.801  -39.668 0.0000000000
7537  -9.276  -51.710  -40.008 0.0000000000
56098  -8.812  -51.733  -39.568 0.0000000000
52612  -9.475  -50.996  -40.136 0.0000000000
47433  -10.046  -47.574  -40.367 0.0000000000
9149  -11.044  -47.266  -38.920 0.0000000000
10328  -8.113  -42.718  -12.345 0.0000000000
10010  -8.542  -43.365  -12.908 0.0000000000
3255  -8.198  -64.156  -1.564 0.0000000000
50513  -8.337  -64.800  -1.892 0.0000000000
55451  -8.590  -65.154  -3.304 0.0000000000
48103  -8.510  -65.648  -1.754 0.0000000000
2599  -8.733  -66.629  -2.066 0.0000000000
58472  -8.835  -68.043  -2.089 0.0000000000
680  -16.485  -73.319  5.730 0.0000000000
679  -15.637  -73.315  5.849 0.0000000000
691  -15.967  -73.720  5.200 0.0000000000
530  -15.324  -74.508  3.949 0.0000000000
376  -14.502  -74.992  2.871 0.0000000000
393  -13.944  -75.634  1.218 0.0000000000
50425  -14.704  -75.513  1.315 0.0000000000
245  -15.105  -76.056  0.108 0.0000000000
50357  -15.780  -76.638  -1.301 0.0000000000
52356  -15.812  -77.068  -2.208 0.0000000000
251  -16.533  -76.336  -0.995 0.0000000000
413  -18.112  -75.810  -0.772 0.0000000000
414  -18.982  -75.658  -0.732 0.0000000000
6504  -7.709  -54.633  -34.726 0.0000000000
6831  -7.963  -53.054  -35.534 0.0000000000
7488  -8.361  -51.433  -35.417 0.0000000000
7147  -7.932  -52.569  -36.241 0.0000000000
7517  -8.138  -51.101  -37.339 0.0000000000
7833  -8.335  -50.653  -38.107 0.0000000000
55895  -18.745  -65.079  -35.927 0.0000000000
3086  -17.472  -64.891  -36.156 0.0000000000
3101  -18.549  -64.648  -37.053 0.0000000000
3134  -18.369  -64.050  -38.006 0.0000000000
3718  -18.808  -63.195  -38.453 0.0000000000
773  -28.998  -73.648  -13.278 0.0000000000
54888  -28.716  -73.706  -14.012 0.0000000000
774  -29.813  -73.153  -13.365 0.0000000000
947  -30.781  -72.413  -14.105 0.0000000000
1126  -31.062  -71.823  -15.104 0.0000000000
50137  -9.023  -40.761  -14.987 0.0000000000
11321  -8.772  -39.150  -15.074 0.0000000000
10999  -9.298  -40.476  -15.581 0.0000000000
10668  -9.773  -41.089  -16.365 0.0000000000
11006  -10.080  -40.598  -17.118 0.0000000000
11010  -10.441  -40.756  -18.160 0.0000000000
1809  -19.225  -68.049  -30.584 0.0000000000
48091  -20.470  -68.035  -29.800 0.0000000000
1811  -21.135  -67.756  -30.188 0.0000000000
2125  -21.954  -67.100  -31.467 0.0000000000
1145  -27.180  -71.620  -18.864 0.0000000000
1144  -26.382  -71.900  -19.192 0.0000000000
1317  -26.923  -71.054  -19.714 0.0000000000
1520  -27.156  -69.799  -20.967 0.0000000000
1726  -26.489  -69.022  -22.159 0.0000000000
11709  -9.312  -40.169  -24.556 0.0000000000
11703  -10.223  -40.249  -23.343 0.0000000000
11365  -10.518  -41.619  -24.123 0.0000000000
11030  -11.646  -42.889  -23.714 0.0000000000
11032  -12.948  -43.540  -23.891 0.0000000000
50119  -7.760  -51.481  -5.948 0.0000000000
7374  -7.701  -51.287  -6.694 0.0000000000
57907  -7.803  -52.764  -7.141 0.0000000000
6743  -7.809  -53.448  -7.989 0.0000000000
6410  -8.057  -53.904  -9.343 0.0000000000
6407  -8.155  -54.578  -9.455 0.0000000000
55744  -8.578  -55.655  -10.059 0.0000000000
4162  -8.004  -61.196  -4.579 0.0000000000
4464  -7.998  -60.361  -4.026 0.0000000000
4166  -8.049  -61.201  -5.439 0.0000000000
4475  -8.087  -60.222  -5.958 0.0000000000
54733  -8.485  -60.168  -7.482 0.0000000000
1054  -8.081  -71.450  4.278 0.0000000000
1061  -8.291  -71.499  3.193 0.0000000000
49523  -8.328  -70.899  2.002 0.0000000000
1254  -8.588  -70.632  0.518 0.0000000000
1080  -8.746  -71.359  0.913 0.0000000000
902  -9.219  -72.579  -0.036 0.0000000000
909  -9.559  -73.304  -1.837 0.0000000000
100  -10.942  -76.861  -4.002 0.0000000000
275  -10.139  -76.331  -4.202 0.0000000000
293  -10.213  -76.730  -5.974 0.0000000000
16  -16.408  -78.323  -8.110 0.0000000000
37  -15.940  -78.678  -9.488 0.0000000000
38  -16.743  -78.720  -9.724 0.0000000000
891  -23.803  -73.002  1.323 0.0000000000
901  -28.378  -72.297  -0.316 0.0000000000
727  -27.131  -73.306  -0.990 0.0000000000
730  -27.550  -73.454  -1.825 0.0000000000
578  -26.680  -74.295  -3.153 0.0000000000
584  -26.249  -74.844  -4.530 0.0000000000
444  -25.283  -75.723  -6.265 0.0000000000
590  -26.779  -74.780  -5.680 0.0000000000
442  -26.600  -74.932  -6.462 0.0000000000
598  -27.247  -74.412  -7.897 0.0000000000
603  -27.694  -74.069  -8.717 0.0000000000
748  -28.401  -73.884  -7.090 0.0000000000
749  -29.073  -73.463  -6.987 0.0000000000
924  -30.201  -72.515  -6.767 0.0000000000
8694  -9.210  -47.482  -13.156 0.0000000000
47327  -9.550  -45.670  -30.253 0.0000000000
9091  -10.240  -46.576  -34.418 0.0000000000
55882  -10.007  -46.025  -33.085 0.0000000000
9762  -10.580  -45.329  -33.663 0.0000000000
3127  -11.656  -64.379  -38.670 0.0000000000
3112  -10.237  -64.675  -37.655 0.0000000000
3429  -10.053  -63.445  -38.909 0.0000000000
3428  -9.212  -63.248  -38.642 0.0000000000
3704  -7.927  -62.914  -38.082 0.0000000000
3998  -6.929  -61.896  -38.213 0.0000000000
4315  -8.519  -60.625  -40.278 0.0000000000
4929  -8.729  -59.280  -41.072 0.0000000000
5528  -9.295  -57.641  -41.386 0.0000000000
6858  -14.128  -53.200  -39.179 0.0000000000
54699  -13.630  -53.713  -39.661 0.0000000000
6872  -13.019  -53.985  -39.993 0.0000000000
7189  -13.227  -52.760  -39.405 0.0000000000
7187  -11.806  -52.179  -39.957 0.0000000000
7530  -11.583  -51.348  -39.883 0.0000000000
56344  -10.394  -49.901  -40.273 0.0000000000
8164  -12.036  -49.871  -39.289 0.0000000000
10995  -8.318  -39.891  -14.018 0.0000000000
10991  -8.157  -40.541  -13.448 0.0000000000
50297  -8.628  -40.755  -14.261 0.0000000000
10664  -9.037  -41.382  -14.785 0.0000000000
10025  -9.640  -43.513  -16.450 0.0000000000
1553  -21.893  -69.101  -24.474 0.0000000000
12630  -10.696  -35.981  -18.739 0.0000000000
50021  -11.482  -35.829  -19.684 0.0000000000
12636  -11.730  -37.161  -21.247 0.0000000000
12337  -10.735  -38.004  -22.307 0.0000000000
49960  -11.708  -36.868  -21.872 0.0000000000
12962  -10.791  -37.608  -22.959 0.0000000000
12969  -10.925  -36.786  -23.183 0.0000000000
12982  -9.918  -36.588  -24.271 0.0000000000
12353  -9.560  -38.245  -24.344 0.0000000000
53669  -9.619  -38.869  -24.015 0.0000000000
11716  -9.337  -40.652  -25.431 0.0000000000
55941  -10.237  -41.496  -26.799 0.0000000000
11047  -10.603  -42.058  -27.692 0.0000000000
48160  -7.929  -53.929  -6.001 0.0000000000
4455  -7.979  -60.453  -2.255 0.0000000000
4143  -7.983  -62.076  -0.786 0.0000000000
3855  -8.043  -62.296  -2.461 0.0000000000
4153  -8.001  -61.663  -3.206 0.0000000000
3860  -8.013  -61.996  -4.070 0.0000000000
3566  -8.139  -62.891  -5.286 0.0000000000
3571  -8.239  -63.498  -5.664 0.0000000000
3273  -8.535  -64.374  -6.898 0.0000000000
2936  -8.511  -65.263  -5.821 0.0000000000
2614  -8.607  -65.810  -5.669 0.0000000000
2606  -8.718  -66.219  -4.403 0.0000000000
2610  -8.634  -66.025  -5.187 0.0000000000
2282  -9.028  -66.732  -6.848 0.0000000000
2278  -9.258  -67.563  -6.540 0.0000000000
1664  -9.942  -69.142  -6.739 0.0000000000
1465  -10.308  -70.012  -7.118 0.0000000000
53305  -14.261  -73.538  5.639 0.0000000000
676  -12.590  -73.375  5.896 0.0000000000
48821  -10.504  -74.299  3.498 0.0000000000
542  -10.372  -74.334  2.675 0.0000000000
550  -10.167  -74.139  1.341 0.0000000000
389  -11.096  -75.004  1.073 0.0000000000
402  -11.316  -75.347  0.223 0.0000000000
256  -11.456  -76.150  -1.846 0.0000000000
242  -13.016  -76.224  -0.251 0.0000000000
257  -12.428  -76.546  -1.638 0.0000000000
268  -11.573  -76.585  -2.596 0.0000000000
47640  -12.059  -77.194  -3.640 0.0000000000
51088  -12.116  -77.610  -5.277 0.0000000000
5  -12.562  -77.993  -6.947 0.0000000000
6  -13.341  -78.084  -7.121 0.0000000000
53356  -14.114  -78.113  -7.245 0.0000000000
7  -15.496  -78.099  -6.999 0.0000000000
52201  -16.305  -77.448  -3.361 0.0000000000
119  -16.648  -77.777  -4.671 0.0000000000
3  -16.886  -78.028  -6.185 0.0000000000
4  -17.760  -77.971  -6.080 0.0000000000
52008  -19.088  -77.787  -5.889 0.0000000000
122  -20.190  -77.367  -4.918 0.0000000000
1060  -26.974  -71.046  3.402 0.0000000000
1243  -27.626  -70.762  3.476 0.0000000000
58013  -28.008  -71.328  2.050 0.0000000000
1074  -28.585  -71.187  1.703 0.0000000000
1432  -30.206  -69.494  2.612 0.0000000000
1249  -29.615  -70.438  1.744 0.0000000000
1078  -28.725  -71.471  0.925 0.0000000000
1085  -28.988  -72.034  -0.697 0.0000000000
7791  -9.185  -50.567  -31.965 0.0000000000
49809  -9.302  -49.782  -31.847 0.0000000000
7794  -9.135  -50.210  -32.817 0.0000000000
8104  -9.214  -49.534  -33.514 0.0000000000
8430  -9.502  -48.434  -34.298 0.0000000000
7805  -8.522  -50.601  -35.705 0.0000000000
8120  -9.023  -49.311  -35.610 0.0000000000
8763  -9.761  -47.741  -34.654 0.0000000000
9108  -10.242  -47.086  -35.325 0.0000000000
9109  -10.689  -46.763  -35.674 0.0000000000
9449  -11.069  -46.295  -35.534 0.0000000000
52347  -14.065  -65.783  -34.099 0.0000000000
2766  -13.310  -65.582  -35.481 0.0000000000
2799  -13.347  -65.206  -36.889 0.0000000000
3099  -16.420  -64.560  -37.316 0.0000000000
3115  -14.697  -64.696  -38.070 0.0000000000
2810  -13.301  -64.766  -38.229 0.0000000000
49196  -12.853  -63.517  -39.767 0.0000000000
4019  -13.082  -62.404  -40.383 0.0000000000
58023  -13.516  -61.205  -40.641 0.0000000000
55494  -25.949  -74.497  -15.862 0.0000000000
785  -26.392  -73.994  -16.332 0.0000000000
957  -27.252  -72.938  -17.137 0.0000000000
788  -28.631  -73.247  -15.488 0.0000000000
958  -28.085  -72.724  -16.714 0.0000000000
964  -27.710  -72.353  -17.475 0.0000000000
1147  -28.471  -71.342  -18.169 0.0000000000
1320  -29.249  -70.339  -18.905 0.0000000000
1516  -29.733  -69.621  -19.491 0.0000000000
1118  -32.228  -71.066  -13.320 0.0000000000
1121  -32.240  -71.017  -13.866 0.0000000000
1128  -32.105  -70.762  -15.170 0.0000000000
11660  -8.646  -38.291  -15.233 0.0000000000
11997  -10.076  -37.237  -17.822 0.0000000000
11673  -10.825  -38.727  -19.061 0.0000000000
11016  -10.645  -41.030  -19.488 0.0000000000
693  -18.461  -73.226  4.823 0.0000000000
698  -18.808  -73.453  3.939 0.0000000000
540  -18.965  -74.009  2.441 0.0000000000
699  -19.542  -73.225  3.778 0.0000000000
873  -20.247  -72.848  4.127 0.0000000000
874  -21.202  -72.560  4.089 0.0000000000
53657  -6.220  -58.161  -34.926 0.0000000000
5846  -6.653  -56.704  -36.659 0.0000000000
2442  -16.745  -66.288  -32.881 0.0000000000
2462  -17.924  -66.187  -33.568 0.0000000000
2138  -18.893  -67.244  -32.198 0.0000000000
2445  -19.093  -66.528  -33.370 0.0000000000
2474  -19.188  -65.807  -34.676 0.0000000000
2772  -19.763  -65.558  -35.284 0.0000000000
51976  -21.020  -65.288  -35.914 0.0000000000
1150  -25.352  -71.891  -19.969 0.0000000000
1329  -24.272  -71.482  -20.940 0.0000000000
1169  -23.734  -71.280  -21.388 0.0000000000
1350  -23.238  -70.317  -22.435 0.0000000000
1740  -22.826  -69.018  -24.102 0.0000000000
1767  -22.857  -68.192  -25.571 0.0000000000
1728  -28.296  -68.525  -21.809 0.0000000000
1735  -27.259  -68.089  -23.055 0.0000000000
1744  -26.396  -68.149  -23.556 0.0000000000
2042  -26.124  -67.529  -25.233 0.0000000000
1743  -25.649  -68.133  -24.028 0.0000000000
2040  -24.423  -67.841  -25.531 0.0000000000
2055  -23.882  -67.648  -26.359 0.0000000000
2070  -22.418  -67.786  -27.051 0.0000000000
2097  -22.522  -67.387  -29.366 0.0000000000
2110  -22.924  -67.094  -30.082 0.0000000000
2422  -22.538  -66.840  -31.657 0.0000000000
2448  -23.007  -66.157  -32.960 0.0000000000
9676  -7.963  -44.595  -10.924 0.0000000000
9350  -7.998  -45.393  -10.584 0.0000000000
8689  -8.411  -46.392  -11.057 0.0000000000
8684  -7.992  -47.124  -9.841 0.0000000000
8690  -8.801  -47.758  -11.162 0.0000000000
8044  -9.001  -49.462  -11.423 0.0000000000
7726  -9.110  -50.285  -11.954 0.0000000000
8031  -7.589  -49.474  -7.735 0.0000000000
7377  -7.702  -51.194  -7.486 0.0000000000
7380  -7.779  -51.086  -7.977 0.0000000000
7720  -8.379  -50.203  -9.492 0.0000000000
53216  -8.523  -51.071  -9.902 0.0000000000
48532  -7.990  -54.978  -4.764 0.0000000000
50896  -7.962  -55.621  -5.950 0.0000000000
4788  -8.011  -59.314  -3.913 0.0000000000
49675  -8.022  -58.394  -4.239 0.0000000000
5722  -7.994  -56.377  -5.312 0.0000000000
5725  -7.965  -56.352  -6.178 0.0000000000
50630  -7.911  -55.600  -6.674 0.0000000000
5728  -8.011  -56.284  -7.970 0.0000000000
2252  -8.100  -67.544  0.581 0.0000000000
1920  -8.473  -68.268  -0.659 0.0000000000
52270  -8.884  -68.641  -2.205 0.0000000000
1443  -8.736  -70.360  -0.267 0.0000000000
1450  -8.874  -69.750  -1.534 0.0000000000
1651  -9.044  -69.713  -3.492 0.0000000000
1654  -9.238  -69.848  -4.325 0.0000000000
57773  -9.794  -70.347  -5.673 0.0000000000
1462  -10.255  -71.016  -6.855 0.0000000000
561  -10.239  -74.348  -0.279 0.0000000000
568  -9.951  -74.495  -1.753 0.0000000000
735  -9.578  -74.080  -3.201 0.0000000000
431  -9.826  -75.840  -4.160 0.0000000000
740  -9.542  -74.745  -4.004 0.0000000000
48562  -9.471  -73.876  -4.239 0.0000000000
921  -9.427  -73.375  -5.727 0.0000000000
1275  -9.936  -71.919  -6.638 0.0000000000
552  -19.074  -74.265  1.728 0.0000000000
398  -19.557  -74.830  0.621 0.0000000000
415  -19.820  -75.489  -0.654 0.0000000000
416  -20.677  -75.240  -0.461 0.0000000000
264  -20.284  -76.127  -2.080 0.0000000000
271  -20.707  -76.430  -2.963 0.0000000000
277  -21.124  -76.697  -3.734 0.0000000000
123  -20.984  -77.249  -5.097 0.0000000000
887  -25.746  -72.128  1.812 0.0000000000
718  -25.479  -72.978  0.637 0.0000000000
726  -26.231  -73.625  -0.837 0.0000000000
58197  -23.920  -74.985  -2.084 0.0000000000
274  -23.340  -75.894  -3.413 0.0000000000
283  -22.365  -76.752  -4.661 0.0000000000
138  -22.092  -77.179  -6.141 0.0000000000
155  -21.995  -77.300  -7.718 0.0000000000
299  -24.520  -76.290  -7.571 0.0000000000
470  -26.492  -75.047  -13.294 0.0000000000
49780  -27.931  -74.304  -12.688 0.0000000000
610  -27.818  -74.088  -10.390 0.0000000000
611  -28.477  -73.815  -10.844 0.0000000000
766  -28.842  -73.702  -11.567 0.0000000000
55728  -29.455  -73.228  -11.315 0.0000000000
9680  -8.270  -44.467  -11.733 0.0000000000
9684  -8.670  -44.331  -12.675 0.0000000000
9685  -9.075  -44.608  -13.570 0.0000000000
53318  -9.250  -46.931  -13.547 0.0000000000
9362  -9.179  -45.320  -13.800 0.0000000000
9365  -9.289  -44.888  -14.531 0.0000000000
52948  -9.425  -44.888  -15.556 0.0000000000
9372  -9.512  -44.973  -16.544 0.0000000000
10377  -9.865  -42.633  -27.716 0.0000000000
10704  -10.513  -42.326  -28.023 0.0000000000
53951  -10.943  -42.591  -28.462 0.0000000000
8749  -9.503  -47.564  -31.561 0.0000000000
9080  -9.545  -46.795  -31.445 0.0000000000
47322  -9.790  -45.226  -30.897 0.0000000000
9416  -10.040  -45.508  -32.459 0.0000000000
9734  -10.119  -44.871  -31.734 0.0000000000
9731  -10.151  -44.326  -30.876 0.0000000000
47213  -10.595  -43.419  -29.881 0.0000000000
54128  -11.156  -42.899  -29.273 0.0000000000
4299  -6.185  -60.886  -38.217 0.0000000000
5200  -5.831  -58.702  -37.403 0.0000000000
5860  -6.783  -56.330  -38.624 0.0000000000
6529  -7.770  -55.147  -38.757 0.0000000000
4314  -16.091  -61.001  -39.978 0.0000000000
51959  -15.006  -60.170  -40.416 0.0000000000
4933  -13.391  -59.573  -40.934 0.0000000000
5515  -15.282  -57.549  -40.229 0.0000000000
5219  -13.776  -57.954  -40.900 0.0000000000
5228  -11.894  -58.559  -41.382 0.0000000000
5232  -11.756  -57.791  -41.422 0.0000000000
5522  -10.675  -57.013  -41.420 0.0000000000
5885  -10.042  -56.037  -40.941 0.0000000000
48807  -11.799  -54.238  -40.357 0.0000000000
48253  -10.313  -55.297  -40.555 0.0000000000
6222  -9.033  -55.932  -40.292 0.0000000000
46924  -8.708  -55.505  -39.757 0.0000000000
46922  -8.359  -55.090  -39.198 0.0000000000
57670  -8.214  -53.731  -38.520 0.0000000000
7185  -8.430  -52.558  -38.788 0.0000000000
49100  -8.632  -50.848  -39.063 0.0000000000
8477  -9.122  -49.235  -39.334 0.0000000000
8486  -9.922  -49.186  -40.390 0.0000000000
8482  -9.273  -48.375  -39.836 0.0000000000
49085  -9.254  -48.117  -38.778 0.0000000000
10325  -7.552  -42.460  -11.110 0.0000000000
53063  -7.916  -43.801  -11.249 0.0000000000
538  -16.772  -74.476  3.281 0.0000000000
49151  -17.609  -74.672  1.984 0.0000000000
6193  -7.165  -55.255  -37.361 0.0000000000
6186  -7.216  -55.286  -36.496 0.0000000000
6516  -7.410  -54.557  -37.216 0.0000000000
55245  -7.645  -54.073  -37.743 0.0000000000
3105  -21.910  -64.739  -36.655 0.0000000000
3121  -20.701  -64.238  -37.243 0.0000000000
3122  -21.558  -64.259  -37.151 0.0000000000
48828  -21.569  -68.697  -25.340 0.0000000000
1765  -21.134  -68.436  -26.246 0.0000000000
1777  -21.532  -68.040  -27.075 0.0000000000
1523  -29.445  -69.358  -20.094 0.0000000000
1522  -28.806  -69.447  -20.408 0.0000000000
11378  -10.617  -41.939  -27.370 0.0000000000
6078  -7.845  -54.880  -7.162 0.0000000000
6080  -7.833  -54.725  -7.645 0.0000000000
51381  -8.400  -61.759  -7.082 0.0000000000
541  -9.910  -73.967  2.610 0.0000000000
701  -9.435  -73.507  3.213 0.0000000000
706  -9.108  -73.087  2.808 0.0000000000
707  -9.589  -73.559  2.395 0.0000000000
890  -9.548  -73.279  1.264 0.0000000000
714  -9.779  -73.647  1.630 0.0000000000
11  -11.247  -77.767  -7.877 0.0000000000
48455  -10.813  -77.465  -8.229 0.0000000000
152  -19.748  -77.808  -7.051 0.0000000000
19  -19.387  -77.968  -7.726 0.0000000000
58540  -19.962  -77.834  -7.776 0.0000000000
153  -20.565  -77.629  -7.404 0.0000000000
1066  -26.153  -71.350  3.299 0.0000000000
917  -29.334  -72.686  -3.446 0.0000000000
738  -28.768  -73.238  -3.557 0.0000000000
739  -29.229  -73.002  -4.058 0.0000000000
743  -29.408  -73.032  -4.738 0.0000000000
57789  -9.260  -51.043  -30.915 0.0000000000
8095  -9.379  -49.989  -30.339 0.0000000000
8098  -9.368  -49.470  -30.993 0.0000000000
4320  -11.442  -60.619  -41.005 0.0000000000
58200  -11.296  -61.311  -40.762 0.0000000000
4619  -11.220  -60.128  -41.172 0.0000000000
4622  -11.588  -59.343  -41.321 0.0000000000
10014  -8.919  -43.245  -13.736 0.0000000000
10015  -9.239  -43.315  -14.610 0.0000000000
11679  -11.238  -38.773  -20.756 0.0000000000
51239  -8.793  -38.118  -23.173 0.0000000000
12009  -8.185  -37.057  -22.584 0.0000000000
12010  -8.249  -37.280  -22.804 0.0000000000
12340  -7.809  -37.054  -22.956 0.0000000000
12014  -8.758  -37.799  -23.364 0.0000000000
3559  -8.174  -63.733  -2.913 0.0000000000
3264  -8.389  -64.422  -4.658 0.0000000000
2928  -8.553  -64.838  -3.981 0.0000000000
1927  -8.887  -67.888  -3.301 0.0000000000
1930  -8.997  -68.444  -4.571 0.0000000000
845  -15.865  -72.616  7.037 0.0000000000
536  -12.112  -74.913  2.991 0.0000000000
374  -12.748  -75.153  2.453 0.0000000000
259  -15.023  -76.901  -1.680 0.0000000000
89  -14.317  -77.118  -2.187 0.0000000000
50269  -14.038  -77.428  -3.255 0.0000000000
94  -14.631  -77.364  -2.876 0.0000000000
95  -15.471  -77.414  -3.014 0.0000000000
269  -18.136  -76.815  -2.598 0.0000000000
51575  -18.865  -76.728  -2.708 0.0000000000
6499  -8.210  -53.549  -33.756 0.0000000000
55803  -8.398  -52.735  -33.816 0.0000000000
7140  -8.477  -52.054  -34.197 0.0000000000
55599  -8.357  -51.944  -34.890 0.0000000000
8148  -8.619  -49.430  -37.617 0.0000000000
50525  -8.581  -49.654  -37.005 0.0000000000
48790  -8.890  -48.792  -37.805 0.0000000000
8465  -9.187  -48.346  -37.413 0.0000000000
2770  -17.284  -65.400  -34.745 0.0000000000
2769  -16.370  -65.304  -34.929 0.0000000000
51908  -17.071  -65.111  -35.500 0.0000000000
3434  -16.574  -63.649  -38.791 0.0000000000
3715  -16.151  -63.230  -39.248 0.0000000000
4008  -15.607  -62.787  -39.673 0.0000000000
4009  -16.457  -62.488  -39.494 0.0000000000
623  -27.402  -74.335  -14.189 0.0000000000
955  -30.580  -72.120  -15.404 0.0000000000
954  -30.240  -71.995  -15.958 0.0000000000
1137  -30.563  -71.358  -16.437 0.0000000000
2152  -20.801  -66.935  -32.631 0.0000000000
2447  -21.386  -66.735  -32.816 0.0000000000
2465  -21.530  -66.402  -33.397 0.0000000000
962  -26.260  -72.907  -18.154 0.0000000000
802  -25.536  -73.214  -18.397 0.0000000000
1537  -25.974  -69.047  -22.468 0.0000000000
52848  -25.232  -69.430  -22.417 0.0000000000
1536  -24.721  -68.999  -23.245 0.0000000000
55099  -25.053  -68.502  -23.812 0.0000000000
2099  -24.102  -66.817  -29.081 0.0000000000
12021  -10.168  -38.479  -24.061 0.0000000000
6749  -8.134  -53.263  -9.565 0.0000000000
52232  -7.995  -59.837  -3.002 0.0000000000
4801  -8.212  -59.414  -6.999 0.0000000000
5089  -8.064  -58.825  -5.597 0.0000000000
51641  -8.084  -58.772  -5.924 0.0000000000
1433  -7.735  -69.853  3.118 0.0000000000
48982  -7.913  -69.668  2.425 0.0000000000
1632  -7.808  -68.949  2.356 0.0000000000
1439  -8.326  -70.085  0.975 0.0000000000
1090  -9.239  -71.756  -2.173 0.0000000000
1093  -9.408  -72.145  -3.640 0.0000000000
916  -9.473  -72.883  -3.931 0.0000000000
255  -10.988  -75.842  -1.910 0.0000000000
420  -10.523  -75.473  -2.109 0.0000000000
266  -10.732  -76.041  -2.637 0.0000000000
25  -14.854  -78.364  -8.385 0.0000000000
47518  -14.404  -78.505  -9.019 0.0000000000
48526  -15.111  -78.594  -9.234 0.0000000000
559  -23.732  -74.132  -0.357 0.0000000000
558  -22.916  -74.321  -0.160 0.0000000000
564  -23.261  -74.567  -0.873 0.0000000000
423  -22.472  -75.476  -1.965 0.0000000000
569  -23.610  -74.784  -1.540 0.0000000000
895  -27.499  -72.229  0.745 0.0000000000
435  -25.392  -75.205  -4.244 0.0000000000
580  -25.375  -74.955  -3.381 0.0000000000
436  -24.537  -75.695  -4.294 0.0000000000
291  -24.095  -76.462  -6.171 0.0000000000
286  -24.664  -76.069  -5.749 0.0000000000
454  -25.766  -75.247  -9.238 0.0000000000
456  -25.710  -75.477  -10.357 0.0000000000
926  -29.955  -72.767  -7.467 0.0000000000
51198  -8.679  -46.616  -11.583 0.0000000000
54170  -10.137  -43.636  -29.049 0.0000000000
8757  -9.667  -47.141  -33.130 0.0000000000
10386  -11.019  -43.028  -31.223 0.0000000000
2798  -12.447  -65.297  -36.833 0.0000000000
58113  -11.510  -65.664  -36.185 0.0000000000
2797  -11.550  -65.406  -36.678 0.0000000000
5519  -8.013  -57.832  -41.093 0.0000000000
48583  -7.503  -57.995  -40.814 0.0000000000
51494  -7.564  -57.443  -40.812 0.0000000000
5882  -7.617  -56.915  -40.526 0.0000000000
58496  -13.877  -55.288  -40.303 0.0000000000
6219  -14.180  -55.927  -40.389 0.0000000000
6543  -12.894  -54.787  -40.402 0.0000000000
7193  -9.915  -52.013  -40.246 0.0000000000
7192  -9.506  -52.470  -40.037 0.0000000000
7538  -9.545  -51.636  -40.190 0.0000000000
7534  -9.877  -51.020  -40.294 0.0000000000
2922  -8.476  -65.018  -2.580 0.0000000000
2261  -8.848  -67.397  -2.438 0.0000000000
522  -16.297  -74.012  4.644 0.0000000000
537  -15.828  -74.686  3.339 0.0000000000
51204  -15.119  -74.780  3.339 0.0000000000
384  -15.007  -75.191  2.016 0.0000000000
383  -14.170  -75.279  1.983 0.0000000000
239  -15.890  -75.757  0.453 0.0000000000
52029  -15.806  -76.206  -0.451 0.0000000000
53720  -17.941  -75.190  0.476 0.0000000000
5482  -6.760  -57.272  -34.161 0.0000000000
6179  -7.393  -55.625  -34.691 0.0000000000
48278  -7.730  -54.007  -35.542 0.0000000000
7167  -7.885  -52.599  -37.700 0.0000000000
7495  -7.933  -52.032  -36.917 0.0000000000
48281  -7.976  -51.878  -37.711 0.0000000000
7523  -8.149  -51.413  -38.191 0.0000000000
2787  -19.443  -65.186  -35.889 0.0000000000
3088  -19.055  -64.899  -36.461 0.0000000000
56383  -19.530  -63.940  -37.769 0.0000000000
3119  -18.975  -64.278  -37.622 0.0000000000
770  -29.478  -73.383  -12.757 0.0000000000
942  -31.262  -71.958  -13.041 0.0000000000
944  -30.604  -72.574  -13.357 0.0000000000
951  -31.175  -71.964  -14.459 0.0000000000
10665  -9.357  -41.228  -15.497 0.0000000000
1776  -20.576  -68.343  -27.233 0.0000000000
53387  -19.904  -68.456  -27.739 0.0000000000
1799  -20.024  -68.269  -29.087 0.0000000000
54951  -21.022  -67.903  -29.589 0.0000000000
52576  -21.593  -67.421  -30.914 0.0000000000
1318  -27.774  -71.003  -19.131 0.0000000000
56828  -27.759  -70.550  -19.693 0.0000000000
1529  -26.813  -69.356  -21.640 0.0000000000
1727  -27.199  -68.719  -22.191 0.0000000000
11717  -9.822  -41.147  -25.013 0.0000000000
11710  -9.839  -40.802  -24.176 0.0000000000
11711  -10.038  -41.532  -24.837 0.0000000000
11035  -10.898  -43.289  -24.562 0.0000000000
10694  -11.120  -44.325  -23.761 0.0000000000
56448  -12.296  -42.954  -23.104 0.0000000000
11031  -12.114  -44.371  -23.489 0.0000000000
53870  -13.318  -44.659  -24.744 0.0000000000
7050  -7.822  -52.292  -6.467 0.0000000000
6746  -7.837  -53.426  -8.247 0.0000000000
6083  -8.291  -55.369  -9.487 0.0000000000
5732  -8.501  -56.253  -9.485 0.0000000000
4170  -8.096  -60.835  -5.867 0.0000000000
863  -8.253  -71.834  4.823 0.0000000000
1069  -8.436  -71.782  2.931 0.0000000000
1062  -8.380  -71.831  3.456 0.0000000000
1068  -8.397  -71.428  2.482 0.0000000000
55227  -8.540  -71.406  1.812 0.0000000000
1075  -8.607  -71.140  1.151 0.0000000000
52057  -8.668  -71.514  1.443 0.0000000000
897  -9.503  -73.111  0.480 0.0000000000
908  -9.354  -72.713  -1.024 0.0000000000
52737  -9.611  -73.419  -1.250 0.0000000000
113  -10.985  -77.092  -4.812 0.0000000000
125  -10.565  -76.928  -5.423 0.0000000000
17  -17.061  -78.193  -7.495 0.0000000000
27  -16.571  -78.558  -8.932 0.0000000000
28  -17.243  -78.369  -8.386 0.0000000000
39  -18.009  -78.586  -9.655 0.0000000000
31  -20.364  -77.916  -9.161 0.0000000000
886  -24.305  -72.430  1.974 0.0000000000
58298  -24.435  -72.757  1.369 0.0000000000
52922  -23.836  -73.455  0.698 0.0000000000
717  -24.550  -73.127  0.801 0.0000000000
906  -28.524  -72.538  -1.058 0.0000000000
910  -28.117  -72.994  -1.474 0.0000000000
737  -28.125  -73.667  -3.394 0.0000000000
736  -27.439  -73.999  -3.277 0.0000000000
50670  -26.998  -74.394  -4.027 0.0000000000
589  -26.341  -74.951  -5.205 0.0000000000
585  -26.957  -74.628  -4.925 0.0000000000
592  -28.271  -74.026  -5.554 0.0000000000
48272  -27.219  -74.585  -6.178 0.0000000000
51867  -27.203  -74.554  -6.921 0.0000000000
50531  -27.777  -74.220  -7.230 0.0000000000
53220  -29.336  -73.316  -6.201 0.0000000000
53600  -29.809  -72.903  -6.240 0.0000000000
750  -29.663  -73.044  -6.886 0.0000000000
922  -30.092  -72.478  -5.832 0.0000000000
8045  -9.192  -49.459  -12.329 0.0000000000
46949  -9.435  -46.410  -30.015 0.0000000000
9433  -10.609  -45.774  -34.252 0.0000000000
3439  -10.935  -63.345  -39.391 0.0000000000
3430  -10.586  -63.602  -39.033 0.0000000000
3438  -10.689  -63.183  -39.414 0.0000000000
3720  -10.083  -62.729  -39.533 0.0000000000
3712  -9.269  -62.604  -39.250 0.0000000000
3711  -8.440  -62.579  -38.796 0.0000000000
4014  -8.724  -61.922  -39.506 0.0000000000
4013  -7.955  -61.753  -39.176 0.0000000000
4306  -8.988  -61.287  -40.088 0.0000000000
4930  -9.989  -59.201  -41.403 0.0000000000
4617  -9.426  -59.825  -41.102 0.0000000000
4934  -9.286  -59.032  -41.296 0.0000000000
5230  -8.685  -58.417  -41.274 0.0000000000
5225  -9.643  -58.418  -41.455 0.0000000000
7182  -14.041  -52.656  -38.941 0.0000000000
6866  -13.827  -53.133  -39.294 0.0000000000
6865  -13.338  -53.394  -39.626 0.0000000000
7180  -13.060  -51.934  -39.191 0.0000000000
7531  -12.342  -51.590  -39.547 0.0000000000
52573  -12.071  -50.666  -39.484 0.0000000000
7849  -11.272  -50.507  -39.911 0.0000000000
58491  -8.428  -41.083  -13.748 0.0000000000
10338  -9.106  -42.015  -14.665 0.0000000000
9697  -9.503  -44.197  -16.012 0.0000000000
1546  -22.112  -69.634  -23.681 0.0000000000
12321  -10.343  -36.635  -18.284 0.0000000000
12324  -10.922  -36.898  -19.049 0.0000000000
12631  -11.460  -36.851  -19.807 0.0000000000
11685  -11.043  -39.012  -22.002 0.0000000000
11684  -10.054  -38.983  -22.796 0.0000000000
12644  -10.592  -38.050  -22.632 0.0000000000
58282  -9.217  -36.462  -24.017 0.0000000000
11040  -9.876  -41.341  -26.487 0.0000000000
11045  -10.280  -41.608  -26.982 0.0000000000
4451  -7.899  -60.134  -1.435 0.0000000000
52321  -8.006  -62.758  -0.710 0.0000000000
3852  -8.050  -62.601  -1.467 0.0000000000
50294  -8.088  -63.042  -3.074 0.0000000000
50234  -8.074  -62.656  -4.574 0.0000000000
3270  -8.390  -64.565  -5.656 0.0000000000
2602  -8.726  -65.896  -2.853 0.0000000000
2924  -8.712  -65.655  -3.826 0.0000000000
2273  -8.738  -66.660  -4.708 0.0000000000
2277  -8.669  -66.307  -5.367 0.0000000000
1940  -9.491  -68.435  -6.215 0.0000000000
56998  -9.989  -69.725  -6.512 0.0000000000
690  -15.010  -73.748  5.270 0.0000000000
678  -14.806  -73.216  6.013 0.0000000000
677  -13.432  -73.579  5.627 0.0000000000
58021  -12.716  -73.776  5.303 0.0000000000
378  -10.765  -74.670  1.916 0.0000000000
241  -11.813  -75.716  -0.040 0.0000000000
240  -11.457  -75.643  -0.491 0.0000000000
56523  -11.914  -76.070  -1.032 0.0000000000
236  -13.812  -75.979  0.501 0.0000000000
52689  -13.261  -76.055  0.304 0.0000000000
243  -13.672  -76.246  -0.174 0.0000000000
58140  -12.997  -76.688  -1.465 0.0000000000
54714  -11.913  -76.420  -1.905 0.0000000000
86  -12.219  -76.786  -2.371 0.0000000000
56793  -11.973  -76.955  -2.999 0.0000000000
93  -12.649  -77.125  -3.004 0.0000000000
102  -12.220  -77.469  -4.464 0.0000000000
115  -12.766  -77.681  -5.107 0.0000000000
128  -12.460  -77.792  -5.996 0.0000000000
143  -13.095  -77.942  -6.432 0.0000000000
130  -14.620  -77.899  -5.794 0.0000000000
0  -14.726  -78.012  -6.683 0.0000000000
1  -15.416  -77.979  -6.124 0.0000000000
260  -16.575  -76.726  -1.770 0.0000000000
58495  -16.072  -77.283  -2.788 0.0000000000
107  -17.737  -77.363  -3.744 0.0000000000
106  -16.911  -77.550  -3.944 0.0000000000
132  -16.204  -77.928  -5.524 0.0000000000
133  -17.157  -77.894  -5.361 0.0000000000
134  -17.996  -77.786  -5.205 0.0000000000
109  -19.053  -77.370  -4.323 0.0000000000
48047  -18.871  -77.649  -5.106 0.0000000000
57969  -19.529  -77.453  -4.793 0.0000000000
135  -19.656  -77.598  -5.416 0.0000000000
1239  -27.237  -70.603  4.068 0.0000000000
1240  -27.962  -70.295  3.916 0.0000000000
1245  -28.953  -70.333  2.814 0.0000000000
1244  -28.252  -70.596  3.193 0.0000000000
1073  -28.438  -70.907  2.444 0.0000000000
1251  -29.236  -70.914  1.350 0.0000000000
1079  -29.406  -71.153  0.556 0.0000000000
1082  -28.893  -71.748  0.104 0.0000000000
7133  -8.699  -52.572  -32.544 0.0000000000
7460  -8.917  -51.977  -32.061 0.0000000000
7467  -8.971  -51.158  -32.610 0.0000000000
54768  -9.005  -50.258  -33.720 0.0000000000
8431  -9.221  -49.205  -34.184 0.0000000000
8109  -9.183  -49.237  -34.842 0.0000000000
8442  -9.446  -48.482  -35.256 0.0000000000
8781  -9.771  -47.708  -35.318 0.0000000000
8443  -9.555  -48.157  -35.876 0.0000000000
8783  -10.376  -47.247  -36.199 0.0000000000
9121  -10.879  -46.826  -36.403 0.0000000000
2441  -15.707  -66.116  -32.859 0.0000000000
2440  -14.644  -66.093  -32.810 0.0000000000
2459  -14.971  -65.840  -33.658 0.0000000000
2767  -14.238  -65.390  -35.372 0.0000000000
2784  -14.682  -65.201  -36.005 0.0000000000
2783  -13.848  -65.324  -36.188 0.0000000000
2800  -14.174  -65.112  -36.858 0.0000000000
3100  -17.487  -64.621  -36.970 0.0000000000
3085  -16.525  -64.848  -36.374 0.0000000000
3131  -15.418  -64.326  -38.502 0.0000000000
3130  -14.530  -64.420  -38.718 0.0000000000
3114  -14.020  -64.688  -38.343 0.0000000000
3129  -13.681  -64.387  -38.908 0.0000000000
3441  -12.948  -64.083  -39.256 0.0000000000
3431  -13.768  -63.750  -39.610 0.0000000000
4021  -14.910  -62.452  -40.035 0.0000000000
4020  -13.943  -62.081  -40.383 0.0000000000
4311  -12.993  -61.723  -40.592 0.0000000000
4312  -14.335  -60.931  -40.529 0.0000000000
786  -27.164  -73.679  -16.123 0.0000000000
791  -26.790  -73.483  -16.799 0.0000000000
792  -27.463  -73.243  -16.552 0.0000000000
778  -29.423  -73.318  -14.054 0.0000000000
51983  -28.894  -73.412  -14.778 0.0000000000
953  -28.760  -72.836  -16.046 0.0000000000
1134  -28.426  -72.033  -17.202 0.0000000000
1140  -28.117  -71.787  -17.852 0.0000000000
1141  -28.774  -71.539  -17.662 0.0000000000
1314  -29.065  -71.003  -18.164 0.0000000000
1509  -30.116  -69.885  -18.787 0.0000000000
1124  -32.211  -70.895  -14.494 0.0000000000
11325  -9.288  -39.045  -15.992 0.0000000000
52491  -9.465  -36.991  -16.991 0.0000000000
12319  -9.681  -36.327  -17.452 0.0000000000
52898  -10.652  -40.055  -18.766 0.0000000000
56800  -10.891  -40.921  -21.609 0.0000000000
866  -18.493  -72.928  5.582 0.0000000000
697  -17.952  -73.722  4.112 0.0000000000
872  -19.349  -73.003  4.496 0.0000000000
869  -20.807  -72.394  4.858 0.0000000000
870  -21.772  -72.056  4.798 0.0000000000
4893  -5.788  -58.961  -35.256 0.0000000000
5191  -6.121  -58.170  -35.735 0.0000000000
52502  -6.319  -57.413  -37.054 0.0000000000
2432  -17.256  -66.736  -32.287 0.0000000000
2443  -17.755  -66.515  -32.950 0.0000000000
1820  -19.807  -67.830  -31.031 0.0000000000
1819  -19.197  -67.677  -31.465 0.0000000000
2157  -19.909  -66.627  -33.378 0.0000000000
2150  -19.404  -66.954  -32.777 0.0000000000
2463  -19.551  -66.228  -34.011 0.0000000000
56696  -18.586  -66.079  -33.968 0.0000000000
48888  -20.060  -65.950  -34.651 0.0000000000
2475  -21.223  -65.804  -34.864 0.0000000000
2804  -21.753  -65.149  -36.033 0.0000000000
816  -24.195  -73.243  -19.212 0.0000000000
972  -23.792  -72.795  -19.890 0.0000000000
987  -24.078  -72.143  -20.397 0.0000000000
1323  -26.191  -71.029  -20.232 0.0000000000
1151  -25.999  -71.585  -19.819 0.0000000000
1158  -25.554  -71.348  -20.361 0.0000000000
1339  -24.365  -70.740  -21.564 0.0000000000
1338  -23.530  -70.816  -21.884 0.0000000000
1754  -23.206  -68.432  -24.879 0.0000000000
52203  -26.303  -67.778  -24.403 0.0000000000
2057  -25.822  -67.317  -26.074 0.0000000000
2029  -25.661  -67.840  -24.745 0.0000000000
1756  -24.918  -68.111  -24.620 0.0000000000
2071  -23.276  -67.537  -27.126 0.0000000000
2054  -23.013  -67.868  -26.288 0.0000000000
2084  -22.704  -67.490  -27.871 0.0000000000
53239  -22.984  -67.301  -28.627 0.0000000000
2111  -23.759  -66.740  -29.902 0.0000000000
2126  -22.486  -67.087  -30.918 0.0000000000
56591  -22.918  -66.801  -31.280 0.0000000000
12659  -10.143  -35.995  -24.050 0.0000000000
11702  -11.151  -39.810  -23.213 0.0000000000
11352  -11.061  -39.155  -22.162 0.0000000000
9021  -8.147  -46.016  -10.680 0.0000000000
48718  -8.123  -48.130  -9.527 0.0000000000
8685  -8.435  -47.926  -10.344 0.0000000000
8369  -8.791  -48.669  -10.878 0.0000000000
53408  -9.000  -51.093  -11.589 0.0000000000
7714  -7.660  -50.311  -7.656 0.0000000000
7052  -7.761  -52.044  -7.276 0.0000000000
49140  -8.155  -51.017  -9.155 0.0000000000
7717  -7.753  -50.037  -7.977 0.0000000000
7387  -8.899  -51.917  -11.273 0.0000000000
48331  -7.960  -54.857  -5.596 0.0000000000
4793  -8.017  -59.747  -4.652 0.0000000000
5388  -8.016  -57.639  -4.473 0.0000000000
50932  -8.007  -57.218  -5.020 0.0000000000
5726  -7.940  -56.152  -6.686 0.0000000000
5395  -8.023  -57.001  -7.428 0.0000000000
1425  -7.408  -70.095  4.463 0.0000000000
55933  -7.156  -69.499  4.545 0.0000000000
1626  -7.076  -68.951  4.254 0.0000000000
1921  -8.732  -68.493  -1.500 0.0000000000
1645  -8.845  -69.223  -1.607 0.0000000000
57734  -8.745  -70.783  0.037 0.0000000000
1262  -9.100  -70.981  -2.468 0.0000000000
1453  -9.049  -70.338  -2.945 0.0000000000
1648  -8.891  -69.149  -2.146 0.0000000000
1454  -9.256  -70.578  -3.836 0.0000000000
1270  -9.635  -71.654  -5.248 0.0000000000
48045  -9.648  -70.815  -5.176 0.0000000000
49830  -9.914  -71.160  -5.966 0.0000000000
556  -10.420  -74.459  0.494 0.0000000000
419  -10.172  -75.055  -2.067 0.0000000000
732  -9.703  -74.393  -2.492 0.0000000000
49932  -9.695  -74.861  -3.233 0.0000000000
281  -9.956  -76.292  -4.826 0.0000000000
439  -9.620  -75.733  -4.976 0.0000000000
588  -9.416  -74.835  -5.078 0.0000000000
49095  -9.384  -73.913  -5.170 0.0000000000
918  -9.474  -73.144  -4.835 0.0000000000
1100  -9.707  -72.752  -7.308 0.0000000000
547  -19.790  -74.066  1.850 0.0000000000
399  -20.202  -74.466  1.089 0.0000000000
57297  -19.960  -75.143  -0.043 0.0000000000
408  -21.601  -75.060  -0.553 0.0000000000
421  -20.435  -75.693  -1.242 0.0000000000
56305  -20.968  -75.803  -1.750 0.0000000000
265  -21.209  -76.011  -2.402 0.0000000000
272  -21.601  -76.293  -3.135 0.0000000000
282  -21.505  -76.928  -4.493 0.0000000000
48505  -26.783  -71.490  2.622 0.0000000000
1071  -25.947  -71.751  2.476 0.0000000000
888  -26.557  -71.973  1.773 0.0000000000
898  -26.315  -72.855  0.463 0.0000000000
893  -25.998  -72.464  1.172 0.0000000000
51555  -25.860  -73.349  -0.082 0.0000000000
729  -26.581  -73.863  -1.740 0.0000000000
571  -25.083  -74.461  -1.922 0.0000000000
575  -24.516  -74.878  -2.367 0.0000000000
429  -23.834  -75.364  -2.749 0.0000000000
284  -23.233  -76.516  -4.841 0.0000000000
124  -21.822  -77.091  -5.290 0.0000000000
148  -21.443  -77.409  -6.935 0.0000000000
149  -22.398  -77.189  -6.975 0.0000000000
56778  -22.658  -77.155  -7.660 0.0000000000
162  -22.496  -77.268  -8.441 0.0000000000
55724  -25.207  -75.812  -7.100 0.0000000000
177  -24.291  -76.663  -9.779 0.0000000000
462  -26.609  -75.004  -11.613 0.0000000000
466  -26.620  -75.032  -12.444 0.0000000000
618  -27.300  -74.614  -12.923 0.0000000000
463  -27.445  -74.539  -12.053 0.0000000000
607  -27.358  -74.192  -9.528 0.0000000000
760  -29.170  -73.220  -9.832 0.0000000000
762  -28.552  -73.637  -10.119 0.0000000000
614  -28.036  -74.146  -11.364 0.0000000000
9357  -8.635  -45.169  -12.169 0.0000000000
9361  -8.978  -45.232  -13.013 0.0000000000
54716  -9.386  -45.486  -15.165 0.0000000000
10380  -10.355  -42.652  -28.263 0.0000000000
54165  -10.778  -42.783  -28.772 0.0000000000
8101  -9.320  -49.384  -32.553 0.0000000000
51518  -9.405  -48.672  -31.723 0.0000000000
52006  -9.563  -46.134  -30.957 0.0000000000
55689  -9.815  -45.560  -31.611 0.0000000000
58142  -10.384  -44.223  -31.709 0.0000000000
54108  -10.464  -43.651  -30.566 0.0000000000
10708  -11.477  -42.886  -30.138 0.0000000000
47211  -11.012  -43.081  -29.809 0.0000000000
46953  -11.605  -42.873  -29.285 0.0000000000
2439  -12.989  -66.245  -33.280 0.0000000000
3111  -9.970  -64.507  -37.733 0.0000000000
2795  -9.846  -65.240  -36.486 0.0000000000
53626  -9.338  -65.136  -36.471 0.0000000000
4304  -6.985  -60.706  -39.145 0.0000000000
53431  -6.264  -59.121  -38.989 0.0000000000
4604  -6.036  -60.276  -38.362 0.0000000000
4596  -5.828  -59.920  -38.044 0.0000000000
4589  -5.617  -59.915  -37.448 0.0000000000
57842  -5.445  -59.840  -36.467 0.0000000000
51498  -5.980  -58.770  -38.160 0.0000000000
6216  -7.129  -56.622  -39.825 0.0000000000
5509  -6.584  -56.951  -39.149 0.0000000000
5871  -6.862  -56.487  -39.257 0.0000000000
6211  -7.225  -55.995  -39.070 0.0000000000
4300  -16.668  -61.638  -39.701 0.0000000000
4925  -15.736  -59.535  -40.170 0.0000000000
4924  -14.805  -59.227  -40.508 0.0000000000
49609  -14.173  -59.881  -40.681 0.0000000000
6212  -15.501  -55.194  -39.443 0.0000000000
6213  -16.402  -55.751  -39.179 0.0000000000
5878  -15.227  -56.783  -40.114 0.0000000000
5513  -13.990  -57.185  -40.765 0.0000000000
5229  -13.150  -58.711  -41.108 0.0000000000
5524  -12.202  -57.643  -41.339 0.0000000000
5889  -12.132  -57.054  -41.292 0.0000000000
5523  -11.466  -57.057  -41.383 0.0000000000
5886  -11.119  -56.366  -41.253 0.0000000000
58447  -10.465  -56.401  -41.233 0.0000000000
53641  -10.715  -55.803  -40.981 0.0000000000
6871  -12.248  -53.784  -40.140 0.0000000000
6870  -11.517  -53.599  -40.244 0.0000000000
6874  -10.134  -53.821  -40.162 0.0000000000
6546  -10.520  -54.449  -40.323 0.0000000000
6223  -9.695  -55.561  -40.412 0.0000000000
47320  -9.389  -54.819  -39.857 0.0000000000
46927  -9.042  -53.215  -39.494 0.0000000000
46926  -8.970  -54.398  -39.444 0.0000000000
48863  -8.699  -53.877  -39.082 0.0000000000
46923  -8.280  -54.243  -38.729 0.0000000000
47399  -8.440  -53.411  -38.754 0.0000000000
7532  -8.960  -51.178  -39.678 0.0000000000
7533  -8.701  -51.363  -39.361 0.0000000000
7851  -8.924  -50.632  -39.469 0.0000000000
8163  -8.891  -50.060  -39.179 0.0000000000
8166  -9.171  -49.798  -39.580 0.0000000000
8172  -10.618  -49.385  -40.152 0.0000000000
8171  -10.157  -49.409  -40.338 0.0000000000
8488  -10.326  -48.759  -40.270 0.0000000000
47315  -9.950  -47.135  -40.292 0.0000000000
47384  -9.652  -48.134  -40.335 0.0000000000
55865  -9.035  -48.164  -40.041 0.0000000000
8819  -9.258  -47.903  -39.157 0.0000000000
9146  -9.292  -47.729  -39.619 0.0000000000
47651  -8.267  -65.745  -0.714 0.0000000000
2594  -8.238  -66.445  -0.257 0.0000000000
532  -17.007  -74.009  4.234 0.0000000000
544  -16.216  -74.855  2.619 0.0000000000
385  -15.825  -75.110  1.966 0.0000000000
49233  -16.497  -75.001  1.962 0.0000000000
395  -16.386  -75.277  1.213 0.0000000000
403  -16.711  -75.530  0.431 0.0000000000
396  -17.255  -75.225  0.815 0.0000000000
5843  -6.797  -56.699  -35.725 0.0000000000
48658  -7.063  -56.330  -35.051 0.0000000000
6181  -7.152  -55.837  -35.634 0.0000000000
6510  -7.518  -54.312  -36.378 0.0000000000
2803  -20.645  -65.004  -36.420 0.0000000000
3103  -20.281  -64.655  -36.921 0.0000000000
3423  -20.239  -63.833  -37.648 0.0000000000
10346  -10.079  -42.426  -17.857 0.0000000000
10032  -9.926  -43.713  -18.693 0.0000000000
57772  -21.544  -67.826  -28.569 0.0000000000
1514  -28.241  -70.031  -20.028 0.0000000000
11374  -10.401  -41.816  -25.959 0.0000000000
53934  -12.046  -43.477  -26.420 0.0000000000
53885  -12.550  -43.063  -28.649 0.0000000000
3869  -8.098  -62.048  -5.573 0.0000000000
871  -8.468  -72.110  4.256 0.0000000000
700  -8.968  -72.996  3.470 0.0000000000
883  -8.855  -72.610  2.403 0.0000000000
889  -9.094  -72.674  1.458 0.0000000000
719  -9.884  -73.779  -0.275 0.0000000000
141  -11.202  -77.456  -6.461 0.0000000000
140  -10.671  -77.084  -6.228 0.0000000000
150  -10.743  -77.277  -7.248 0.0000000000
29  -18.804  -78.133  -8.128 0.0000000000
51503  -18.957  -78.242  -8.828 0.0000000000
40  -18.733  -78.415  -9.465 0.0000000000
52  -19.264  -78.320  -10.133 0.0000000000
41  -19.482  -78.178  -9.311 0.0000000000
1070  -25.129  -72.003  2.244 0.0000000000
731  -28.286  -73.170  -2.203 0.0000000000
586  -27.696  -74.234  -4.661 0.0000000000
56350  -28.063  -73.974  -4.367 0.0000000000
587  -28.342  -73.889  -4.787 0.0000000000
745  -28.970  -73.529  -5.349 0.0000000000
50721  -9.472  -48.020  -30.942 0.0000000000
9434  -11.158  -45.674  -34.669 0.0000000000
3722  -11.176  -62.468  -40.098 0.0000000000
3721  -10.822  -62.621  -39.882 0.0000000000
4017  -11.021  -62.143  -40.251 0.0000000000
4308  -10.989  -61.599  -40.568 0.0000000000
4318  -10.486  -61.166  -40.718 0.0000000000
4317  -9.957  -60.574  -40.907 0.0000000000
4618  -10.646  -60.477  -41.068 0.0000000000
7850  -12.574  -50.223  -38.992 0.0000000000
51969  -22.554  -70.463  -22.586 0.0000000000
12002  -11.326  -38.189  -20.225 0.0000000000
12642  -9.453  -37.907  -22.866 0.0000000000
12961  -9.610  -37.931  -23.466 0.0000000000
12967  -7.906  -36.839  -22.862 0.0000000000
12649  -8.212  -37.013  -23.189 0.0000000000
12650  -9.057  -37.058  -23.895 0.0000000000
12654  -9.692  -36.560  -24.204 0.0000000000
12346  -9.122  -36.925  -24.054 0.0000000000
3562  -8.079  -62.868  -3.880 0.0000000000
2600  -8.842  -66.747  -2.864 0.0000000000
51413  -8.971  -67.895  -5.004 0.0000000000
1657  -9.244  -69.229  -4.888 0.0000000000
519  -13.893  -74.390  4.305 0.0000000000
689  -14.092  -73.947  5.038 0.0000000000
518  -13.035  -74.492  4.086 0.0000000000
526  -12.186  -74.581  3.818 0.0000000000
372  -11.551  -74.927  2.654 0.0000000000
379  -11.417  -75.065  1.858 0.0000000000
380  -12.006  -75.368  1.531 0.0000000000
391  -12.362  -75.671  0.999 0.0000000000
249  -14.132  -76.451  -0.641 0.0000000000
88  -13.573  -76.897  -1.768 0.0000000000
48117  -13.293  -77.386  -3.504 0.0000000000
116  -13.556  -77.723  -4.922 0.0000000000
117  -14.463  -77.765  -4.818 0.0000000000
56365  -15.209  -77.737  -4.452 0.0000000000
261  -17.484  -76.714  -2.108 0.0000000000
96  -17.570  -77.042  -2.939 0.0000000000
108  -18.535  -77.279  -3.848 0.0000000000
98  -19.236  -77.006  -3.539 0.0000000000
1427  -28.893  -69.343  4.304 0.0000000000
7474  -8.724  -51.449  -33.642 0.0000000000
7475  -8.923  -50.763  -33.446 0.0000000000
48856  -8.682  -50.684  -34.907 0.0000000000
7815  -8.427  -50.309  -36.575 0.0000000000
8459  -9.463  -48.167  -36.666 0.0000000000
2754  -15.696  -65.544  -34.343 0.0000000000
3084  -15.512  -65.024  -36.135 0.0000000000
3132  -16.881  -64.032  -38.368 0.0000000000
53638  -16.262  -64.322  -38.075 0.0000000000
3433  -15.700  -63.796  -38.992 0.0000000000
58061  -15.203  -63.739  -39.251 0.0000000000
3713  -14.725  -63.634  -39.503 0.0000000000
3726  -14.998  -63.095  -39.754 0.0000000000
622  -26.734  -74.799  -14.013 0.0000000000
626  -26.148  -74.752  -15.124 0.0000000000
51145  -26.809  -74.536  -14.705 0.0000000000
627  -27.473  -74.069  -14.936 0.0000000000
782  -29.295  -72.929  -15.429 0.0000000000
1135  -29.076  -71.779  -17.131 0.0000000000
1310  -30.227  -70.997  -17.189 0.0000000000
11995  -9.432  -37.762  -16.728 0.0000000000
10680  -10.413  -42.039  -20.285 0.0000000000
860  -18.937  -72.537  6.186 0.0000000000
4898  -5.826  -58.739  -36.069 0.0000000000
2122  -18.312  -67.464  -31.668 0.0000000000
2140  -20.524  -67.283  -32.010 0.0000000000
2139  -19.694  -67.328  -32.131 0.0000000000
2476  -21.353  -66.091  -34.129 0.0000000000
966  -25.137  -72.902  -19.057 0.0000000000
1340  -25.348  -70.202  -21.534 0.0000000000
1535  -24.316  -69.612  -22.678 0.0000000000
2074  -25.589  -67.122  -26.825 0.0000000000
2056  -24.884  -67.419  -26.411 0.0000000000
56928  -23.657  -67.082  -28.630 0.0000000000
2414  -24.266  -66.332  -30.487 0.0000000000
11360  -12.036  -41.306  -23.000 0.0000000000
11355  -12.058  -39.773  -22.313 0.0000000000
7721  -8.687  -50.308  -10.254 0.0000000000
7056  -7.815  -52.715  -8.154 0.0000000000
7060  -8.555  -52.022  -10.350 0.0000000000
1430  -7.794  -70.397  3.594 0.0000000000
1907  -7.417  -68.585  3.031 0.0000000000
48865  -7.957  -68.562  1.641 0.0000000000
1638  -8.146  -68.781  0.815 0.0000000000
1446  -8.557  -69.657  -0.241 0.0000000000
1087  -9.103  -71.875  -1.248 0.0000000000
1265  -9.360  -71.460  -3.785 0.0000000000
425  -9.944  -75.496  -3.276 0.0000000000
443  -9.521  -75.802  -6.542 0.0000000000
51466  -9.490  -75.569  -5.692 0.0000000000
596  -9.290  -75.129  -7.034 0.0000000000
747  -9.257  -74.431  -6.756 0.0000000000
923  -9.370  -73.609  -6.675 0.0000000000
57913  -9.302  -74.049  -7.138 0.0000000000
709  -20.423  -73.667  2.354 0.0000000000
555  -22.690  -74.035  0.565 0.0000000000
563  -22.443  -74.811  -0.683 0.0000000000
422  -21.668  -75.665  -1.851 0.0000000000
273  -22.472  -76.128  -3.279 0.0000000000
723  -26.660  -73.152  -0.237 0.0000000000
572  -25.838  -74.313  -2.185 0.0000000000
577  -25.957  -74.541  -2.922 0.0000000000
433  -24.166  -75.611  -3.570 0.0000000000
290  -23.547  -76.624  -5.693 0.0000000000
139  -22.925  -76.960  -6.301 0.0000000000
48952  -23.564  -76.751  -6.439 0.0000000000
448  -25.717  -75.428  -7.502 0.0000000000
447  -25.203  -75.788  -7.954 0.0000000000
450  -25.243  -75.698  -8.820 0.0000000000
307  -24.761  -76.166  -9.322 0.0000000000
318  -25.383  -75.961  -12.236 0.0000000000
461  -25.923  -75.458  -11.220 0.0000000000
752  -28.781  -73.561  -7.845 0.0000000000
756  -29.197  -73.224  -8.744 0.0000000000
935  -29.769  -72.882  -10.552 0.0000000000
932  -29.831  -72.786  -9.431 0.0000000000
8700  -9.433  -47.573  -14.935 0.0000000000
53208  -9.454  -46.907  -15.363 0.0000000000
9038  -9.407  -46.191  -15.284 0.0000000000
9407  -9.270  -45.748  -28.686 0.0000000000
9724  -9.254  -44.856  -28.277 0.0000000000
8752  -9.487  -47.822  -32.475 0.0000000000
10070  -10.649  -43.844  -31.959 0.0000000000
2481  -12.319  -65.790  -35.446 0.0000000000
2473  -12.257  -66.067  -34.565 0.0000000000
2480  -11.524  -65.847  -35.742 0.0000000000
3109  -8.561  -64.140  -37.224 0.0000000000
4927  -7.456  -59.174  -40.385 0.0000000000
4609  -6.814  -59.842  -39.402 0.0000000000
4921  -6.961  -59.094  -39.922 0.0000000000
5218  -6.718  -58.473  -39.901 0.0000000000
5217  -6.443  -58.523  -39.417 0.0000000000
5508  -6.384  -58.047  -39.278 0.0000000000
5880  -6.905  -57.459  -40.269 0.0000000000
6221  -7.149  -56.952  -40.244 0.0000000000
47290  -7.597  -56.471  -40.056 0.0000000000
48458  -14.962  -56.014  -40.029 0.0000000000
5876  -13.726  -56.539  -40.760 0.0000000000
5888  -12.422  -56.328  -41.079 0.0000000000
6862  -11.257  -52.771  -40.200 0.0000000000
48225  -9.659  -53.629  -39.938 0.0000000000
6873  -9.320  -53.068  -39.802 0.0000000000
7191  -9.143  -52.396  -39.811 0.0000000000
46925  -8.895  -52.313  -39.541 0.0000000000
7536  -9.010  -51.732  -39.794 0.0000000000
52736  -9.209  -51.067  -39.929 0.0000000000
7856  -9.460  -50.294  -40.025 0.0000000000
8480  -11.410  -48.627  -39.496 0.0000000000
8484  -10.554  -48.266  -40.160 0.0000000000
8824  -10.980  -48.028  -39.815 0.0000000000
9810  -10.129  -47.019  -39.825 0.0000000000
9479  -10.483  -47.136  -38.737 0.0000000000
9491  -11.282  -47.187  -38.328 0.0000000000
10331  -7.991  -41.803  -12.535 0.0000000000
9689  -8.892  -43.906  -13.389 0.0000000000
3252  -8.099  -64.190  -0.647 0.0000000000
857  -16.181  -72.955  6.398 0.0000000000
856  -15.373  -72.926  6.516 0.0000000000
521  -15.581  -74.134  4.616 0.0000000000
529  -14.548  -74.643  3.761 0.0000000000
382  -13.352  -75.371  1.832 0.0000000000
237  -14.511  -75.873  0.652 0.0000000000
238  -15.139  -75.749  0.771 0.0000000000
250  -14.923  -76.471  -0.756 0.0000000000
57910  -17.146  -76.423  -1.421 0.0000000000
412  -17.279  -76.023  -0.832 0.0000000000
252  -17.856  -76.272  -1.423 0.0000000000
253  -18.708  -76.102  -1.391 0.0000000000
5840  -7.104  -56.507  -34.317 0.0000000000
5837  -7.407  -55.957  -33.679 0.0000000000
6829  -7.967  -53.711  -34.714 0.0000000000
7144  -8.151  -52.249  -35.491 0.0000000000
7148  -8.100  -51.912  -36.072 0.0000000000
7844  -8.560  -49.880  -38.163 0.0000000000
2786  -18.048  -65.118  -35.583 0.0000000000
3087  -18.230  -64.870  -36.364 0.0000000000
3118  -18.046  -64.362  -37.657 0.0000000000
3102  -19.445  -64.645  -37.018 0.0000000000
49152  -17.926  -63.288  -38.644 0.0000000000
619  -28.459  -73.999  -12.812 0.0000000000
775  -30.191  -72.853  -14.081 0.0000000000
946  -30.544  -72.421  -14.768 0.0000000000
10998  -8.796  -40.005  -14.838 0.0000000000
10350  -10.118  -42.970  -18.939 0.0000000000
50680  -19.645  -68.224  -29.839 0.0000000000
1810  -20.049  -67.981  -30.458 0.0000000000
58108  -20.562  -67.882  -30.380 0.0000000000
2124  -20.614  -67.662  -31.036 0.0000000000
53149  -21.279  -67.221  -31.644 0.0000000000
1139  -27.419  -72.012  -18.157 0.0000000000
1332  -26.656  -70.488  -20.537 0.0000000000
1324  -27.453  -70.245  -20.264 0.0000000000
1519  -26.307  -70.005  -21.213 0.0000000000
12022  -9.967  -39.963  -23.979 0.0000000000
11366  -10.433  -42.270  -25.118 0.0000000000
11361  -12.500  -41.924  -23.077 0.0000000000
11367  -14.280  -40.786  -24.164 0.0000000000
8359  -7.508  -48.880  -7.700 0.0000000000
57131  -7.696  -51.003  -6.159 0.0000000000
51272  -7.791  -52.740  -7.715 0.0000000000
6411  -8.346  -53.965  -10.048 0.0000000000
6085  -8.510  -54.868  -10.201 0.0000000000
51021  -7.990  -61.205  -3.813 0.0000000000
4469  -8.020  -60.408  -4.994 0.0000000000
4472  -8.063  -60.305  -5.678 0.0000000000
4803  -8.520  -59.190  -7.722 0.0000000000
57984  -8.009  -71.410  5.489 0.0000000000
49910  -7.859  -71.184  5.013 0.0000000000
877  -8.352  -71.887  3.998 0.0000000000
55695  -8.240  -71.600  3.717 0.0000000000
1242  -8.054  -71.138  3.693 0.0000000000
1247  -8.164  -70.964  2.939 0.0000000000
1250  -8.394  -70.615  1.271 0.0000000000
1255  -8.739  -71.038  0.398 0.0000000000
1084  -9.008  -71.955  -0.370 0.0000000000
913  -9.549  -73.296  -2.625 0.0000000000
267  -10.950  -76.524  -3.157 0.0000000000
99  -10.490  -76.501  -3.798 0.0000000000
112  -10.426  -76.703  -4.621 0.0000000000
288  -10.162  -76.614  -5.305 0.0000000000
49274  -10.325  -76.870  -6.664 0.0000000000
292  -9.948  -76.452  -6.579 0.0000000000
26  -15.744  -78.474  -8.667 0.0000000000
53630  -17.354  -78.589  -9.229 0.0000000000
56239  -17.404  -78.704  -9.907 0.0000000000
905  -27.847  -72.835  -0.766 0.0000000000
57556  -27.672  -73.160  -1.259 0.0000000000
733  -27.837  -73.603  -2.673 0.0000000000
573  -27.101  -73.918  -2.517 0.0000000000
438  -25.719  -75.272  -5.059 0.0000000000
440  -25.325  -75.608  -5.575 0.0000000000
441  -25.993  -75.239  -5.850 0.0000000000
597  -26.437  -74.944  -7.439 0.0000000000
49521  -26.557  -74.733  -8.290 0.0000000000
606  -26.727  -74.506  -9.492 0.0000000000
602  -26.960  -74.400  -8.821 0.0000000000
599  -28.069  -73.978  -7.904 0.0000000000
8372  -9.053  -48.532  -11.858 0.0000000000
8373  -9.225  -47.955  -12.978 0.0000000000
8375  -9.316  -48.383  -13.583 0.0000000000
47105  -9.408  -45.719  -29.519 0.0000000000
9086  -9.917  -47.107  -34.293 0.0000000000
9087  -9.942  -46.606  -33.661 0.0000000000
9424  -10.272  -45.906  -33.716 0.0000000000
3113  -11.628  -64.756  -38.050 0.0000000000
2806  -11.190  -65.092  -37.333 0.0000000000
3126  -11.024  -64.481  -38.365 0.0000000000
3125  -10.181  -64.051  -38.391 0.0000000000
3422  -9.627  -63.927  -38.200 0.0000000000
3421  -8.903  -63.757  -37.923 0.0000000000
3427  -8.531  -63.223  -38.233 0.0000000000
3419  -7.599  -63.237  -37.368 0.0000000000
3698  -7.000  -62.910  -37.035 0.0000000000
3710  -7.600  -62.224  -38.520 0.0000000000
4305  -7.591  -60.999  -39.460 0.0000000000
55741  -7.908  -60.509  -39.977 0.0000000000
4316  -9.203  -60.619  -40.624 0.0000000000
4616  -8.672  -59.989  -40.729 0.0000000000
4928  -8.098  -59.423  -40.709 0.0000000000
4922  -8.314  -58.938  -41.039 0.0000000000
5527  -8.596  -57.565  -41.252 0.0000000000
6859  -15.672  -53.667  -38.606 0.0000000000
6541  -15.220  -54.215  -39.166 0.0000000000
6867  -13.939  -53.627  -39.491 0.0000000000
6864  -12.739  -53.247  -39.799 0.0000000000
7188  -12.533  -52.456  -39.656 0.0000000000
7186  -11.078  -51.919  -40.154 0.0000000000
7529  -10.959  -51.193  -40.122 0.0000000000
7853  -10.513  -50.612  -40.247 0.0000000000
7854  -10.818  -49.992  -40.119 0.0000000000
8167  -11.327  -49.541  -39.732 0.0000000000
10339  -9.351  -41.931  -15.320 0.0000000000
49805  -9.626  -44.287  -16.995 0.0000000000
12005  -10.565  -38.427  -22.687 0.0000000000
12959  -11.928  -35.724  -20.743 0.0000000000
52769  -10.045  -36.466  -24.349 0.0000000000
11373  -9.944  -41.235  -26.281 0.0000000000
50194  -7.902  -52.984  -5.971 0.0000000000
3848  -7.850  -61.705  -0.177 0.0000000000
4147  -8.029  -61.740  -1.555 0.0000000000
4150  -8.004  -61.305  -2.357 0.0000000000
3575  -8.478  -63.242  -7.050 0.0000000000
57926  -8.474  -63.772  -6.924 0.0000000000
2939  -8.737  -65.053  -7.259 0.0000000000
2618  -8.892  -65.866  -7.233 0.0000000000
2283  -9.449  -67.359  -7.382 0.0000000000
1945  -9.742  -68.242  -7.081 0.0000000000
1667  -10.314  -69.032  -7.697 0.0000000000
844  -14.599  -72.825  6.726 0.0000000000
48451  -10.284  -74.285  1.968 0.0000000000
388  -10.594  -74.582  1.198 0.0000000000
401  -10.852  -74.934  0.361 0.0000000000
411  -11.056  -75.322  -0.447 0.0000000000
247  -11.264  -75.747  -1.155 0.0000000000
392  -13.137  -75.762  1.005 0.0000000000
235  -12.702  -75.960  0.388 0.0000000000
248  -12.681  -76.384  -0.913 0.0000000000
51638  -12.367  -76.037  -0.233 0.0000000000
92  -11.479  -76.913  -3.432 0.0000000000
101  -11.511  -77.197  -4.218 0.0000000000
114  -11.570  -77.399  -5.029 0.0000000000
56196  -12.641  -77.359  -3.775 0.0000000000
127  -11.681  -77.578  -5.836 0.0000000000
142  -11.839  -77.768  -6.668 0.0000000000
21  -11.691  -78.046  -8.386 0.0000000000
56290  -12.221  -78.188  -8.305 0.0000000000
56237  -12.808  -78.204  -7.872 0.0000000000
144  -13.872  -77.959  -6.366 0.0000000000
14  -14.843  -78.166  -7.516 0.0000000000
105  -15.651  -77.631  -3.869 0.0000000000
118  -15.880  -77.772  -4.631 0.0000000000
49250  -16.279  -77.651  -4.084 0.0000000000
2  -16.161  -78.060  -6.501 0.0000000000
8  -16.241  -78.171  -7.303 0.0000000000
48022  -16.732  -78.112  -6.858 0.0000000000
9  -17.326  -78.090  -6.797 0.0000000000
10  -17.983  -78.060  -6.913 0.0000000000
56154  -18.452  -77.846  -5.729 0.0000000000
145  -18.543  -77.934  -6.395 0.0000000000
146  -19.193  -77.859  -6.545 0.0000000000
48040  -19.780  -77.705  -6.176 0.0000000000
136  -20.410  -77.503  -5.667 0.0000000000
1067  -27.650  -71.140  2.754 0.0000000000
52054  -27.957  -71.709  1.329 0.0000000000
1081  -28.202  -72.003  0.470 0.0000000000
1431  -29.518  -69.687  3.111 0.0000000000
1246  -29.598  -70.107  2.366 0.0000000000
1248  -29.082  -70.669  2.077 0.0000000000
1083  -29.567  -71.407  -0.360 0.0000000000
907  -29.006  -72.282  -1.344 0.0000000000
915  -29.554  -72.218  -2.773 0.0000000000
7461  -9.146  -51.273  -31.509 0.0000000000
50015  -9.295  -50.428  -31.119 0.0000000000
8426  -9.360  -48.789  -33.663 0.0000000000
7801  -8.846  -49.960  -35.217 0.0000000000
52464  -8.699  -49.933  -35.879 0.0000000000
9107  -9.963  -47.233  -34.794 0.0000000000
8782  -9.909  -47.684  -36.012 0.0000000000
48666  -13.904  -66.023  -33.443 0.0000000000
2753  -14.651  -65.524  -34.565 0.0000000000
2752  -13.707  -65.641  -34.745 0.0000000000
58044  -12.940  -65.829  -34.883 0.0000000000
2765  -12.870  -65.471  -36.188 0.0000000000
2808  -12.912  -65.024  -37.535 0.0000000000
3098  -15.597  -64.824  -36.918 0.0000000000
3116  -15.527  -64.612  -37.719 0.0000000000
3097  -14.784  -64.893  -37.318 0.0000000000
2809  -13.887  -64.941  -37.629 0.0000000000
3128  -12.481  -64.790  -38.086 0.0000000000
3136  -12.817  -64.501  -38.678 0.0000000000
3440  -12.255  -63.830  -39.400 0.0000000000
3724  -13.437  -62.998  -40.126 0.0000000000
3723  -12.604  -62.878  -40.144 0.0000000000
4018  -12.397  -62.223  -40.475 0.0000000000
56926  -12.758  -60.850  -40.850 0.0000000000
57982  -25.705  -74.285  -16.520 0.0000000000
636  -25.933  -73.806  -17.133 0.0000000000
797  -26.519  -73.208  -17.489 0.0000000000
963  -26.976  -72.629  -17.826 0.0000000000
781  -28.127  -73.646  -15.201 0.0000000000
787  -27.985  -73.335  -15.965 0.0000000000
1146  -27.906  -71.449  -18.478 0.0000000000
1319  -28.482  -70.931  -18.702 0.0000000000
1120  -31.753  -71.508  -13.525 0.0000000000
1123  -31.697  -71.483  -14.158 0.0000000000
1127  -31.614  -71.376  -14.795 0.0000000000
1132  -31.477  -71.216  -15.460 0.0000000000
11336  -11.114  -39.293  -20.170 0.0000000000
49318  -10.906  -40.295  -20.185 0.0000000000
858  -17.028  -72.927  6.287 0.0000000000
681  -17.295  -73.247  5.580 0.0000000000
682  -17.955  -73.172  5.407 0.0000000000
692  -17.573  -73.527  4.879 0.0000000000
539  -18.354  -73.926  3.220 0.0000000000
57622  -18.330  -74.177  2.591 0.0000000000
702  -19.241  -73.601  3.189 0.0000000000
703  -20.106  -73.242  3.157 0.0000000000
875  -22.065  -72.328  3.903 0.0000000000
58147  -6.540  -57.585  -34.706 0.0000000000
5852  -6.914  -55.951  -37.060 0.0000000000
2431  -16.336  -66.456  -32.204 0.0000000000
2461  -17.170  -66.062  -33.531 0.0000000000
2756  -17.655  -65.819  -34.118 0.0000000000
2149  -18.618  -66.808  -32.819 0.0000000000
2444  -18.407  -66.437  -33.328 0.0000000000
2757  -18.203  -65.509  -34.767 0.0000000000
2771  -18.909  -65.370  -35.348 0.0000000000
2788  -20.246  -65.279  -35.870 0.0000000000
56851  -21.292  -64.995  -36.392 0.0000000000
974  -25.592  -72.235  -19.445 0.0000000000
988  -24.846  -71.742  -20.398 0.0000000000
1157  -23.508  -71.844  -20.954 0.0000000000
1168  -22.950  -71.419  -21.572 0.0000000000
55560  -22.911  -70.826  -22.114 0.0000000000
1534  -22.892  -69.787  -23.141 0.0000000000
50280  -23.626  -69.822  -22.770 0.0000000000
1753  -22.408  -68.584  -25.068 0.0000000000
57662  -27.772  -68.652  -21.960 0.0000000000
1736  -27.878  -68.274  -22.380 0.0000000000
1734  -26.491  -68.610  -22.755 0.0000000000
2043  -26.940  -67.390  -24.890 0.0000000000
2058  -26.692  -67.156  -25.813 0.0000000000
1755  -24.007  -68.263  -24.800 0.0000000000
2039  -23.556  -68.001  -25.559 0.0000000000
56068  -22.212  -67.585  -28.619 0.0000000000
2109  -22.053  -67.444  -30.149 0.0000000000
2424  -24.025  -66.204  -31.317 0.0000000000
2423  -23.262  -66.511  -31.712 0.0000000000
2433  -22.703  -66.538  -32.335 0.0000000000
52292  -22.166  -66.422  -33.013 0.0000000000
2466  -22.292  -65.820  -34.243 0.0000000000
48297  -10.487  -39.023  -23.934 0.0000000000
11697  -12.159  -38.552  -22.649 0.0000000000
49972  -7.733  -43.962  -10.564 0.0000000000
53409  -8.775  -51.122  -10.729 0.0000000000
6397  -7.969  -54.133  -5.026 0.0000000000
5082  -8.017  -58.629  -3.345 0.0000000000
51885  -8.318  -56.548  -8.681 0.0000000000
2255  -8.309  -67.329  -0.291 0.0000000000
1917  -8.223  -68.162  0.236 0.0000000000
56204  -8.492  -70.075  0.285 0.0000000000
1447  -8.806  -69.806  -0.965 0.0000000000
51452  -8.900  -68.532  -2.722 0.0000000000
1460  -9.518  -70.026  -5.083 0.0000000000
1457  -9.422  -70.492  -4.590 0.0000000000
54780  -10.012  -70.288  -6.329 0.0000000000
52724  -10.052  -74.280  -0.934 0.0000000000
724  -9.811  -73.867  -1.089 0.0000000000
728  -9.708  -73.909  -1.803 0.0000000000
56231  -9.627  -73.824  -2.392 0.0000000000
52015  -9.526  -73.352  -3.398 0.0000000000
432  -10.174  -76.082  -3.597 0.0000000000
579  -9.682  -75.288  -3.823 0.0000000000
583  -9.574  -75.327  -4.412 0.0000000000
1097  -9.587  -72.531  -5.417 0.0000000000
1098  -9.621  -72.717  -6.285 0.0000000000
48  -15.324  -78.700  -10.055 0.0000000000
546  -18.337  -74.394  1.974 0.0000000000
551  -18.837  -74.596  1.207 0.0000000000
397  -18.654  -75.007  0.548 0.0000000000
58479  -19.495  -74.442  1.288 0.0000000000
406  -19.233  -75.237  -0.076 0.0000000000
254  -19.593  -75.929  -1.350 0.0000000000
553  -21.147  -74.432  0.821 0.0000000000
407  -21.183  -74.857  0.071 0.0000000000
276  -20.227  -76.840  -3.604 0.0000000000
111  -20.655  -77.067  -4.342 0.0000000000
137  -21.228  -77.363  -5.931 0.0000000000
904  -27.292  -72.918  -0.331 0.0000000000
567  -25.673  -74.062  -1.416 0.0000000000
428  -22.915  -75.683  -2.668 0.0000000000
279  -22.868  -76.348  -4.039 0.0000000000
154  -21.225  -77.470  -7.910 0.0000000000
296  -24.639  -76.195  -6.620 0.0000000000
157  -23.795  -76.750  -7.736 0.0000000000
302  -24.155  -76.551  -8.245 0.0000000000
609  -26.935  -74.485  -10.204 0.0000000000
758  -28.093  -73.845  -9.476 0.0000000000
616  -28.291  -74.080  -12.162 0.0000000000
769  -28.949  -73.717  -12.444 0.0000000000
51935  -29.495  -73.318  -12.060 0.0000000000
938  -30.103  -72.760  -11.625 0.0000000000
1099  -30.548  -71.891  -6.202 0.0000000000
9028  -9.051  -46.692  -12.815 0.0000000000
9032  -9.195  -46.088  -13.485 0.0000000000
10701  -9.732  -42.167  -27.197 0.0000000000
10703  -10.141  -42.300  -27.745 0.0000000000
47212  -11.890  -42.878  -28.901 0.0000000000
2796  -10.225  -65.385  -36.387 0.0000000000
4303  -6.462  -60.435  -38.777 0.0000000000
4269  -5.216  -61.068  -34.544 0.0000000000
4897  -5.529  -59.420  -36.103 0.0000000000
58068  -6.069  -57.996  -37.383 0.0000000000
51753  -6.363  -57.599  -38.986 0.0000000000
5500  -6.230  -57.743  -38.423 0.0000000000
5851  -6.578  -56.660  -37.660 0.0000000000
6192  -6.981  -55.737  -37.906 0.0000000000
3717  -18.112  -62.733  -38.891 0.0000000000
4010  -17.459  -62.163  -39.324 0.0000000000
4313  -15.276  -61.018  -40.233 0.0000000000
4614  -16.317  -60.238  -39.944 0.0000000000
4613  -15.680  -60.397  -40.162 0.0000000000
4612  -13.520  -60.421  -40.793 0.0000000000
5214  -14.946  -57.978  -40.422 0.0000000000
5526  -14.899  -57.150  -40.351 0.0000000000
5514  -14.571  -57.554  -40.553 0.0000000000
5220  -14.570  -58.353  -40.587 0.0000000000
4923  -13.971  -58.949  -40.789 0.0000000000
4932  -11.904  -59.310  -41.290 0.0000000000
5227  -11.323  -58.576  -41.459 0.0000000000
5231  -11.004  -57.775  -41.502 0.0000000000
5529  -10.153  -57.693  -41.508 0.0000000000
5521  -9.828  -56.843  -41.302 0.0000000000
5520  -8.972  -56.981  -41.127 0.0000000000
51913  -12.365  -54.545  -40.408 0.0000000000
6547  -11.688  -54.896  -40.609 0.0000000000
6542  -11.179  -54.315  -40.353 0.0000000000
47594  -10.967  -55.090  -40.634 0.0000000000
5884  -9.360  -56.322  -40.848 0.0000000000
5883  -8.732  -56.541  -40.745 0.0000000000
46921  -8.093  -55.950  -39.747 0.0000000000
6530  -7.963  -54.088  -38.270 0.0000000000
6857  -8.174  -53.154  -38.291 0.0000000000
57656  -8.644  -52.073  -39.254 0.0000000000
7528  -8.414  -51.640  -38.837 0.0000000000
56042  -8.393  -50.986  -38.612 0.0000000000
7847  -8.594  -50.324  -38.680 0.0000000000
7848  -8.856  -49.451  -38.745 0.0000000000
7852  -10.028  -50.108  -40.321 0.0000000000
7857  -9.701  -50.239  -40.220 0.0000000000
8168  -9.432  -49.466  -39.917 0.0000000000
47435  -10.065  -48.143  -40.367 0.0000000000
8173  -9.798  -49.070  -40.223 0.0000000000
50178  -9.298  -48.965  -39.705 0.0000000000
8478  -9.121  -48.684  -38.949 0.0000000000
8475  -8.966  -48.727  -38.461 0.0000000000
8806  -9.217  -48.212  -38.077 0.0000000000
8817  -9.589  -47.696  -38.388 0.0000000000
9131  -10.098  -47.390  -37.961 0.0000000000
9132  -10.720  -47.053  -37.416 0.0000000000
9460  -11.404  -46.435  -36.075 0.0000000000
9450  -11.613  -46.000  -35.291 0.0000000000
12  -11.930  -77.998  -7.601 0.0000000000
161  -21.761  -77.420  -8.403 0.0000000000
418  -22.853  -75.042  -1.395 0.0000000000
591  -27.566  -74.403  -5.492 0.0000000000
601  -26.321  -74.797  -9.003 0.0000000000
925  -9.414  -73.669  -7.533 0.0000000000
2805  -10.083  -64.959  -37.110 0.0000000000
3096  -9.606  -64.851  -37.035 0.0000000000
3135  -12.278  -64.247  -38.943 0.0000000000
3420  -8.229  -63.535  -37.644 0.0000000000
3703  -7.264  -62.585  -37.805 0.0000000000
3714  -15.401  -63.410  -39.424 0.0000000000
4007  -7.251  -61.478  -38.873 0.0000000000
4307  -9.755  -61.289  -40.426 0.0000000000
4309  -11.245  -61.924  -40.458 0.0000000000
4577  -5.566  -59.643  -34.361 0.0000000000
4580  -5.312  -60.619  -35.321 0.0000000000
4582  -5.477  -60.250  -36.759 0.0000000000
4588  -5.625  -60.456  -37.412 0.0000000000
4595  -5.791  -60.587  -37.828 0.0000000000
4610  -7.234  -59.633  -39.922 0.0000000000
4615  -7.682  -59.846  -40.192 0.0000000000
4621  -12.909  -60.076  -40.996 0.0000000000
4888  -5.425  -59.857  -35.297 0.0000000000
4896  -5.374  -60.141  -36.012 0.0000000000
4901  -5.777  -59.340  -37.841 0.0000000000
4902  -5.582  -59.498  -36.972 0.0000000000
4920  -6.545  -59.116  -39.438 0.0000000000
5193  -5.727  -58.917  -36.636 0.0000000000
5208  -6.196  -58.323  -38.677 0.0000000000
5213  -6.275  -58.632  -38.998 0.0000000000
5223  -7.168  -58.422  -40.427 0.0000000000
5486  -6.494  -57.511  -35.361 0.0000000000
5488  -6.394  -57.443  -36.188 0.0000000000
5491  -6.078  -58.184  -38.002 0.0000000000
5492  -6.248  -57.507  -37.835 0.0000000000
5501  -6.401  -57.111  -38.477 0.0000000000
5512  -6.610  -57.836  -39.828 0.0000000000
5517  -6.867  -57.963  -40.228 0.0000000000
5530  -12.411  -57.044  -41.240 0.0000000000
5870  -6.770  -56.805  -39.592 0.0000000000
5875  -6.779  -57.145  -39.933 0.0000000000
5881  -7.227  -57.277  -40.531 0.0000000000
6198  -7.228  -55.584  -38.531 0.0000000000
6210  -7.096  -56.388  -39.482 0.0000000000
8169  -9.665  -49.549  -40.184 0.0000000000
8170  -9.856  -49.520  -40.341 0.0000000000
8479  -11.003  -48.210  -39.836 0.0000000000
8483  -9.255  -48.517  -39.573 0.0000000000
8487  -10.021  -48.977  -40.621 0.0000000000
8489  -9.825  -48.330  -40.402 0.0000000000
8822  -9.273  -48.014  -39.804 0.0000000000
8823  -11.037  -48.051  -39.931 0.0000000000
8825  -8.991  -48.211  -40.007 0.0000000000
8826  -10.464  -48.137  -40.197 0.0000000000
8827  -9.059  -48.984  -39.930 0.0000000000
9150  -9.104  -48.081  -40.150 0.0000000000
9151  -9.748  -47.156  -39.852 0.0000000000
9152  -10.447  -47.545  -40.110 0.0000000000
9154  -10.044  -47.202  -40.250 0.0000000000
9490  -9.855  -47.013  -39.039 0.0000000000
9492  -9.881  -47.006  -39.962 0.0000000000
9493  -10.389  -47.029  -39.485 0.0000000000
9494  -10.073  -47.010  -40.027 0.0000000000
9806  -10.082  -46.973  -39.670 0.0000000000
9807  -10.371  -47.076  -39.236 0.0000000000
9808  -10.961  -47.197  -39.055 0.0000000000
9809  -9.983  -47.004  -39.941 0.0000000000
9811  -9.996  -47.032  -40.130 0.0000000000
10691  -11.430  -44.111  -23.235 0.0000000000
12328  -8.171  -36.766  -22.582 0.0000000000
12635  -9.081  -37.652  -22.773 0.0000000000
12641  -8.044  -36.978  -22.793 0.0000000000
46955  -9.881  -47.488  -40.344 0.0000000000
46956  -9.989  -47.972  -40.918 0.0000000000
46957  -10.140  -47.185  -40.437 0.0000000000
46958  -9.781  -47.273  -40.166 0.0000000000
47304  -9.580  -47.337  -39.962 0.0000000000
50079  -10.166  -75.386  -2.595 0.0000000000
51726  -6.070  -59.636  -38.587 0.0000000000
52097  -8.263  -61.197  -39.763 0.0000000000
52871  -11.048  -62.973  -39.710 0.0000000000
55253  -11.770  -64.027  -39.079 0.0000000000
55430  -9.555  -48.288  -40.223 0.0000000000
55520  -9.935  -46.837  -40.355 0.0000000000
55799  -11.460  -47.331  -38.384 0.0000000000
56072  -10.506  -76.236  -3.221 0.0000000000
56557  -14.992  -64.040  -39.060 0.0000000000
57004  -14.136  -77.291  -2.733 0.0000000000
57170  -11.669  -50.153  -39.604 0.0000000000
57942  -8.162  -60.083  -40.391 0.0000000000
58022  -24.117  -76.359  -5.656 0.0000000000
58071  -10.249  -64.455  -37.970 0.0000000000
58203  -9.667  -63.024  -39.081 0.0000000000
58294  -14.378  -65.174  -36.426 0.0000000000
58409  -12.178  -64.546  -38.496 0.0000000000
58428  -10.763  -60.001  -41.244 0.0000000000
58469  -17.570  -78.131  -7.240 0.0000000000
