#!ascii label  , from subject sub-1016 vox2ras=TkReg
1839
38244  45.984  38.549  9.418 0.2000000030
37944  46.124  37.338  9.961 0.3000000119
38240  46.178  37.851  9.507 0.2000000030
37947  46.457  37.304  9.204 0.3000000119
37645  46.426  36.591  9.705 0.3000000119
37340  46.717  34.998  9.764 0.4000000060
37343  46.809  35.815  9.297 0.3000000119
37648  46.809  36.609  8.830 0.3000000119
37023  47.118  34.184  9.399 0.5000000000
37342  47.212  35.027  8.931 0.5000000000
36703  47.555  33.263  9.091 0.4000000060
37647  47.274  35.859  8.364 0.5000000000
37651  47.070  36.673  8.084 0.4000000060
37026  47.698  34.223  8.532 0.5000000000
36702  48.114  32.648  8.560 0.4000000060
51688  47.604  35.052  8.255 0.5000000000
36390  48.560  32.223  8.139 0.5000000000
58895  48.039  33.415  8.378 0.5000000000
35129  50.007  28.453  8.016 0.8000000119
35446  49.515  28.967  8.601 0.8999999762
35767  49.227  29.950  8.399 0.8000000119
35768  48.771  30.801  8.541 0.6000000238
59603  48.228  33.883  7.863 0.5000000000
37345  48.016  34.671  7.799 0.5000000000
35451  49.750  29.418  7.855 0.8999999762
36073  49.264  30.764  7.885 0.8000000119
36074  48.900  31.536  8.032 0.6999999881
37348  47.772  35.465  7.666 0.5000000000
34819  50.546  27.345  7.686 0.6999999881
59010  50.285  27.899  7.855 0.8000000119
35770  49.572  30.149  7.714 0.8000000119
36389  48.941  32.224  7.552 0.6000000238
36705  48.521  33.002  7.844 0.5000000000
37028  48.371  34.304  7.358 0.5000000000
37347  48.232  35.034  7.057 0.5000000000
35450  50.164  29.000  7.278 0.8999999762
35455  49.962  29.936  7.091 0.8999999762
51808  49.625  30.634  7.327 0.8000000119
59829  49.398  31.442  7.260 0.8999999762
35131  50.381  28.165  7.378 0.8000000119
36392  49.278  32.215  6.943 0.5000000000
36707  48.976  32.890  7.120 0.6000000238
36708  48.652  33.648  7.274 0.5000000000
33807  52.638  24.137  8.180 0.6000000238
34152  51.860  25.367  7.188 0.6999999881
34474  51.300  26.005  7.624 0.6999999881
34818  50.963  26.746  7.186 0.6999999881
36076  49.881  30.829  6.665 0.8999999762
37031  48.645  34.260  6.778 0.5000000000
34151  52.247  24.738  7.767 0.6999999881
34822  50.759  27.655  6.754 0.6999999881
35454  50.332  29.367  6.635 0.8000000119
36080  49.706  31.792  6.334 0.8999999762
57612  52.339  24.725  7.107 0.6999999881
34477  51.381  26.131  6.809 0.6999999881
53856  50.520  28.612  6.671 0.8999999762
34821  51.138  26.890  6.398 0.6999999881
36710  49.327  32.698  6.444 0.6000000238
35457  50.639  29.161  5.991 0.8000000119
35772  50.338  30.082  6.128 0.8000000119
34155  51.732  25.652  6.443 0.6999999881
35133  51.033  27.546  6.011 0.6999999881
35134  50.850  28.285  5.985 0.6000000238
34480  51.469  26.260  6.040 0.6999999881
34479  51.805  25.593  5.761 0.6999999881
34483  51.572  26.325  5.237 0.6000000238
34824  51.292  27.017  5.610 0.6000000238
35136  51.168  27.863  5.328 0.6000000238
35460  50.999  28.836  5.165 0.8000000119
54113  50.732  29.719  5.339 0.8000000119
34826  51.472  27.215  4.680 0.6000000238
50876  45.660  38.718  10.074 0.2000000030
60006  45.726  39.006  9.655 0.2000000030
38243  46.377  38.028  8.871 0.2000000030
37950  46.774  37.424  8.340 0.2000000030
37650  47.545  36.362  7.487 0.4000000060
53285  50.190  27.623  8.325 0.6999999881
34815  50.861  26.563  7.894 0.6999999881
37653  47.946  35.816  7.075 0.5000000000
34148  52.145  24.677  8.576 0.6000000238
33803  52.970  23.537  8.552 0.5000000000
34149  51.724  25.335  8.120 0.6999999881
33811  52.714  24.202  7.396 0.6999999881
33806  53.102  23.593  7.771 0.6999999881
37030  48.990  33.485  6.607 0.5000000000
34154  52.195  24.981  6.407 0.6999999881
36079  50.169  31.018  5.818 0.8999999762
35774  50.536  30.462  5.307 0.8000000119
35459  51.005  29.571  4.606 0.8000000119
57879  51.213  28.955  4.376 0.6999999881
35138  51.317  28.224  4.523 0.6999999881
35140  51.579  27.781  3.838 0.6999999881
38527  45.470  39.413  9.895 0.2000000030
59631  53.194  23.025  8.843 0.6000000238
56465  53.510  22.457  8.759 0.6000000238
33456  53.384  23.009  8.236 0.6000000238
36397  49.653  32.498  5.717 0.6999999881
58379  52.623  24.350  6.751 0.6999999881
36394  50.047  31.760  5.418 0.8999999762
33810  53.173  23.611  6.764 0.6000000238
36081  50.406  31.118  5.025 0.8999999762
33815  52.679  24.274  6.057 0.6000000238
58276  50.795  30.138  4.814 0.8000000119
34157  52.234  24.915  5.503 0.5000000000
34482  51.900  25.604  4.953 0.6000000238
54813  51.446  28.640  3.766 0.6999999881
34487  51.745  26.331  4.440 0.6000000238
34159  52.262  24.920  4.647 0.5000000000
34486  52.004  25.644  4.170 0.5000000000
34489  51.878  26.258  3.804 0.5000000000
34832  51.816  27.402  3.148 0.6000000238
50250  51.693  28.219  3.100 0.6999999881
34828  51.927  26.582  3.192 0.5000000000
38821  45.211  40.189  9.728 0.2000000030
59294  45.499  39.776  9.442 0.2000000030
38531  45.767  39.340  9.194 0.2000000030
38824  45.539  40.146  8.918 0.2000000030
38530  46.223  38.851  8.520 0.2000000030
53555  46.589  38.195  8.222 0.2000000030
38249  46.621  38.694  7.736 0.2000000030
38247  46.924  37.981  7.656 0.3000000119
37949  47.204  37.220  7.563 0.3000000119
38248  47.362  37.872  6.911 0.3000000119
37953  47.590  37.043  6.980 0.3000000119
37952  47.902  36.458  6.716 0.5000000000
50847  48.234  35.756  6.471 0.4000000060
37350  48.573  34.954  6.259 0.6000000238
32755  53.806  21.246  9.314 0.5000000000
37352  48.830  34.776  5.513 0.6000000238
32754  54.110  20.763  8.892 0.5000000000
33112  53.901  21.630  8.600 0.5000000000
33115  53.776  22.358  7.992 0.6000000238
37033  48.938  34.103  6.062 0.6000000238
49153  49.296  33.282  5.906 0.5000000000
33458  53.555  22.977  7.466 0.6999999881
33457  53.934  22.306  7.198 0.5000000000
55240  53.696  22.846  6.800 0.6000000238
33814  53.152  23.598  5.709 0.6000000238
35462  51.263  29.456  3.827 0.6999999881
33461  53.636  22.952  6.115 0.6000000238
33819  52.664  24.234  5.176 0.5000000000
33818  53.078  23.551  4.813 0.5000000000
51065  51.806  28.479  2.347 0.8000000119
33464  53.571  22.942  5.277 0.5000000000
33822  52.616  24.216  4.278 0.5000000000
51867  52.027  25.775  3.409 0.5000000000
34831  52.007  27.027  2.377 0.5000000000
35143  51.873  27.803  2.569 0.6000000238
34161  52.251  24.978  3.785 0.5000000000
34491  52.090  26.044  2.619 0.5000000000
34162  52.216  25.160  2.930 0.5000000000
33467  53.965  22.320  4.861 0.4000000060
33468  53.479  22.882  4.439 0.4000000060
39101  44.778  41.467  9.418 0.2000000030
39620  44.201  42.653  9.432 0.1000000015
39371  44.390  41.923  9.735 0.1000000015
39100  45.137  40.870  9.166 0.2000000030
39375  44.645  42.152  9.047 0.1000000015
39374  45.034  41.581  8.696 0.1000000015
39103  45.416  40.929  8.364 0.2000000030
57118  45.915  39.622  8.473 0.2000000030
38826  45.810  40.250  8.026 0.2000000030
38533  46.258  39.509  7.718 0.2000000030
38535  47.194  38.761  6.618 0.2000000030
56624  46.739  39.125  7.123 0.3000000119
58446  46.973  38.489  7.203 0.3000000119
38251  47.641  38.277  6.112 0.3000000119
37955  47.869  37.294  6.243 0.3000000119
57631  47.974  37.861  5.610 0.4000000060
37655  48.166  36.466  6.071 0.4000000060
37353  48.493  35.775  5.638 0.6000000238
37035  49.214  33.843  5.239 0.6000000238
36713  49.577  33.174  4.655 0.6999999881
59857  49.532  33.034  5.286 0.6000000238
36396  49.894  32.392  4.853 0.8999999762
36712  49.881  32.670  4.181 0.8000000119
55257  50.259  31.670  4.695 0.8999999762
36398  50.267  31.966  3.962 0.6999999881
36083  50.628  31.110  4.191 0.8999999762
57683  50.682  30.628  4.693 0.8999999762
36082  50.949  30.727  3.508 0.8999999762
35776  50.960  30.257  4.113 0.8000000119
33460  54.025  22.306  6.436 0.5000000000
35778  51.269  30.084  3.145 0.8999999762
35464  51.558  29.143  2.951 0.8999999762
33463  54.025  22.336  5.658 0.6000000238
35144  51.971  27.830  1.902 0.8000000119
34834  52.103  27.150  1.477 0.6000000238
33821  52.990  23.476  3.929 0.5000000000
33824  52.556  24.215  3.264 0.5000000000
54522  53.410  22.804  3.618 0.4000000060
34493  52.175  26.298  1.775 0.5000000000
38540  46.925  39.546  6.513 0.2000000030
38829  46.085  40.273  7.213 0.2000000030
38539  47.453  39.223  5.867 0.3000000119
38536  46.498  39.745  7.012 0.2000000030
38544  47.777  39.267  5.191 0.3000000119
38833  47.523  39.920  5.262 0.3000000119
38254  47.859  38.604  5.420 0.3000000119
38253  48.131  38.063  4.981 0.4000000060
37957  48.267  37.020  5.284 0.4000000060
58375  48.740  35.330  5.031 0.6000000238
37355  48.975  34.633  4.770 0.6000000238
36717  50.013  32.618  3.478 0.6999999881
36400  50.426  31.998  2.997 0.8999999762
36086  50.710  31.335  3.313 0.8999999762
36403  50.854  31.426  2.456 0.8999999762
36085  51.093  30.799  2.786 0.8999999762
35780  51.369  30.321  2.397 0.8999999762
54716  51.518  29.778  2.444 0.8999999762
35466  51.715  29.232  2.030 0.8999999762
35145  51.894  28.564  1.551 0.8000000119
35147  52.028  27.880  1.130 0.8000000119
38830  47.061  40.103  5.919 0.3000000119
38831  46.557  40.268  6.556 0.2000000030
38835  48.019  40.053  4.105 0.2000000030
38832  47.909  39.663  4.656 0.3000000119
39107  46.663  40.901  5.997 0.3000000119
39104  46.153  41.008  6.727 0.2000000030
58374  48.234  39.276  3.968 0.3000000119
38543  48.044  38.879  4.748 0.3000000119
39381  46.242  41.706  6.151 0.1000000015
54824  48.286  38.348  4.271 0.3000000119
38256  48.316  37.615  4.553 0.5000000000
37959  48.468  36.916  4.339 0.5000000000
37656  48.582  36.094  4.786 0.5000000000
37658  48.638  36.119  3.968 0.6000000238
37356  48.788  35.353  4.371 0.6000000238
37358  48.795  35.330  3.583 0.5000000000
37042  48.998  34.573  3.182 0.6000000238
37038  48.996  34.602  3.991 0.6000000238
37037  49.280  33.894  4.373 0.6000000238
37041  49.332  33.885  2.752 0.6000000238
56267  49.305  33.896  3.569 0.6000000238
36718  49.690  33.243  3.120 0.6999999881
36715  49.621  33.238  3.909 0.6999999881
36721  49.749  33.253  2.299 0.5000000000
51422  50.179  32.677  1.825 0.6000000238
36720  50.112  32.631  2.646 0.6000000238
36724  49.794  33.254  1.484 0.6000000238
36408  50.590  32.155  1.223 0.6999999881
36404  50.540  32.061  2.127 0.6999999881
36726  50.330  32.527  0.667 0.6999999881
36089  51.253  30.830  1.912 0.8000000119
36410  51.013  31.502  0.811 0.8000000119
36091  51.238  31.051  1.209 0.8000000119
55395  51.569  30.028  1.713 0.8000000119
35467  51.775  29.304  1.191 0.8999999762
35471  51.634  29.255  -0.542 0.8999999762
35783  51.437  30.559  1.224 0.8000000119
35469  51.747  29.298  0.334 0.8999999762
36093  51.345  30.775  0.498 0.8000000119
55107  51.606  30.018  0.812 0.8000000119
38836  47.648  40.504  4.606 0.2000000030
38551  48.629  39.337  2.153 0.2000000030
39109  47.170  40.703  5.322 0.2000000030
38259  48.632  38.548  2.597 0.2000000030
53623  48.474  38.499  3.476 0.2000000030
52073  47.266  41.169  4.812 0.2000000030
39110  46.785  41.575  5.335 0.2000000030
54212  48.652  36.873  2.630 0.4000000060
52497  48.595  37.720  3.045 0.4000000060
53673  48.454  37.682  3.873 0.3000000119
54213  48.571  36.910  3.510 0.4000000060
37660  48.672  36.088  3.136 0.4000000060
37361  48.820  35.227  1.956 0.5000000000
37359  48.802  35.284  2.762 0.5000000000
36741  48.741  33.745  -4.274 0.6000000238
37048  48.997  34.519  1.528 0.4000000060
37045  48.986  34.534  2.358 0.6000000238
37065  48.830  34.283  -2.923 0.6999999881
36738  48.878  33.790  -3.577 0.6000000238
36737  49.133  33.015  -3.754 0.6000000238
36740  48.989  32.969  -4.699 0.6000000238
37064  49.052  33.462  -3.092 0.6000000238
37051  48.982  34.532  0.676 0.4000000060
37044  49.357  33.875  1.922 0.5000000000
37061  49.195  33.481  -2.307 0.6999999881
36735  49.421  32.855  -2.906 0.6000000238
37047  49.377  33.854  1.071 0.5000000000
56429  49.591  32.764  -2.241 0.6000000238
36727  49.867  33.143  0.610 0.6000000238
36723  50.173  32.746  1.161 0.6000000238
36733  49.568  33.011  -1.611 0.6000000238
36732  49.993  32.358  -1.802 0.6000000238
36729  50.032  32.607  -0.928 0.6000000238
36416  50.462  31.867  -1.309 0.6000000238
36413  50.590  31.978  -0.468 0.6999999881
36415  50.901  31.324  -0.871 0.8000000119
36411  50.670  32.033  0.362 0.6999999881
36412  51.010  31.405  -0.026 0.6999999881
36096  51.250  30.717  -0.454 0.8000000119
35786  51.376  29.996  -0.947 0.8999999762
54800  51.530  30.027  -0.056 0.8000000119
52495  48.725  38.597  1.683 0.2000000030
57669  48.712  39.313  1.414 0.2000000030
52464  48.772  38.843  0.711 0.2000000030
37964  48.696  37.717  2.113 0.3000000119
54211  48.721  36.737  1.619 0.3000000119
37663  48.710  36.008  2.292 0.3000000119
59465  48.752  35.850  1.591 0.4000000060
37665  48.764  36.060  0.892 0.4000000060
37068  48.637  34.494  -3.812 0.5000000000
37363  48.826  35.244  1.160 0.4000000060
37062  48.954  34.399  -1.958 0.5000000000
37364  48.840  35.352  0.292 0.4000000060
37057  49.242  33.748  -1.435 0.5000000000
37050  49.338  33.839  0.202 0.5000000000
54544  50.231  32.585  -0.012 0.6999999881
52469  48.758  37.757  1.034 0.2000000030
37967  48.777  37.355  0.108 0.3000000119
54221  48.758  36.854  0.724 0.3000000119
37667  48.779  36.337  -0.065 0.3000000119
37367  48.759  35.206  -2.407 0.5000000000
52883  48.846  35.210  -1.559 0.5000000000
37055  48.985  34.565  -0.210 0.4000000060
37058  48.997  34.522  -1.088 0.5000000000
59714  49.547  33.266  -0.981 0.6000000238
37054  49.277  33.846  -0.637 0.5000000000
36730  49.722  33.210  -0.294 0.6000000238
38263  48.826  38.749  -0.290 0.2000000030
52496  48.813  37.933  -0.548 0.2000000030
52480  48.795  38.135  0.210 0.2000000030
55476  48.816  37.674  -1.352 0.2000000030
37969  48.789  37.076  -0.742 0.3000000119
37369  48.609  35.265  -3.297 0.5000000000
52817  48.790  36.244  -1.041 0.3000000119
52369  48.507  36.183  -3.667 0.3000000119
37365  48.850  35.416  -0.710 0.3000000119
38558  48.830  39.441  -0.927 0.2000000030
52728  48.848  38.574  -1.245 0.2000000030
58877  48.847  39.164  -1.523 0.2000000030
52468  48.829  38.110  -2.019 0.2000000030
52765  48.788  36.885  -1.559 0.2000000030
37971  48.794  37.428  -1.988 0.2000000030
37372  48.431  35.372  -4.147 0.3000000119
58625  48.805  35.721  -1.297 0.3000000119
52256  48.767  36.026  -1.864 0.4000000060
51875  48.658  36.080  -2.799 0.5000000000
52054  48.841  38.908  -2.060 0.2000000030
38563  48.771  39.416  -2.896 0.2000000030
38565  48.718  38.722  -3.680 0.2000000030
38567  48.596  38.966  -4.589 0.2000000030
38266  48.798  38.436  -2.799 0.2000000030
38271  48.435  38.336  -5.213 0.2000000030
38269  48.571  38.046  -4.343 0.2000000030
57058  48.341  38.655  -5.880 0.2000000030
38273  48.181  38.600  -6.555 0.2000000030
53422  48.191  37.835  -5.974 0.2000000030
50720  48.760  37.603  -2.637 0.2000000030
52766  48.735  36.834  -2.344 0.2000000030
53466  48.640  36.946  -3.165 0.2000000030
54223  48.502  37.106  -4.036 0.3000000119
37976  48.307  37.283  -5.028 0.3000000119
37674  48.116  36.304  -5.334 0.2000000030
37673  48.315  36.291  -4.524 0.3000000119
38570  48.464  39.176  -5.426 0.2000000030
38572  48.331  39.282  -6.206 0.2000000030
38268  48.686  37.818  -3.454 0.2000000030
37980  47.632  37.141  -7.213 0.2000000030
37977  48.076  36.970  -5.771 0.2000000030
37978  47.881  37.084  -6.447 0.2000000030
53895  48.409  39.908  -5.759 0.2000000030
53805  48.269  39.989  -6.574 0.2000000030
37979  47.956  37.860  -6.876 0.2000000030
38241  45.888  38.042  10.048 0.3000000119
36071  48.287  31.663  8.731 0.6000000238
34829  51.734  26.935  3.843 0.6000000238
55696  52.127  27.266  0.790 0.6000000238
34164  52.262  25.382  2.086 0.5000000000
53172  52.304  25.591  1.201 0.5000000000
35148  51.910  28.576  0.737 0.8000000119
38838  48.220  40.071  3.421 0.2000000030
36407  50.954  31.514  1.620 0.6999999881
36422  49.676  32.222  -3.431 0.6000000238
36419  49.885  32.227  -2.591 0.6000000238
36418  50.342  31.701  -2.126 0.6999999881
36099  50.758  31.228  -1.655 0.6999999881
54757  48.661  39.616  -3.946 0.2000000030
38857  48.531  39.865  -4.878 0.2000000030
32412  52.147  20.150  14.672 0.3000000119
58932  52.167  20.684  14.151 0.3000000119
32741  51.849  21.351  14.040 0.3000000119
54267  51.676  21.981  13.566 0.3000000119
30213  51.941  13.138  19.435 0.2000000030
30539  52.561  14.099  18.304 0.2000000030
32414  52.534  20.172  13.872 0.3000000119
32740  52.374  20.853  13.505 0.3000000119
33098  52.122  21.550  13.188 0.3000000119
33099  51.835  22.254  12.897 0.3000000119
30851  53.059  14.963  16.937 0.3000000119
31150  53.043  15.554  16.505 0.3000000119
31153  53.018  16.334  15.905 0.3000000119
32417  52.836  20.260  13.041 0.3000000119
32743  52.602  21.037  12.671 0.3000000119
55616  52.312  21.792  12.385 0.3000000119
33101  52.020  22.521  12.107 0.3000000119
33444  51.765  23.246  11.838 0.3000000119
31788  53.581  18.161  13.332 0.3000000119
55656  52.232  22.831  11.348 0.3000000119
31791  53.681  18.623  12.669 0.3000000119
31790  54.012  18.375  11.986 0.3000000119
32105  54.202  19.155  10.490 0.3000000119
32102  54.039  18.926  11.314 0.3000000119
59438  51.852  20.849  14.623 0.3000000119
54266  51.248  22.048  14.190 0.3000000119
30214  51.587  13.527  19.944 0.2000000030
58130  51.172  12.612  20.574 0.2000000030
32095  52.282  19.351  15.042 0.3000000119
33437  51.260  22.675  13.454 0.3000000119
30536  52.232  14.217  18.875 0.2000000030
31469  52.702  17.835  15.380 0.3000000119
55096  52.764  18.653  14.671 0.3000000119
49412  52.616  19.481  14.292 0.3000000119
55921  51.072  23.336  13.001 0.3000000119
33440  51.532  22.968  12.606 0.3000000119
33792  51.203  23.773  12.294 0.2000000030
30538  52.789  14.675  17.675 0.3000000119
30852  52.700  15.480  17.283 0.3000000119
31466  52.785  17.113  15.755 0.3000000119
31783  53.156  17.818  14.524 0.3000000119
32097  52.987  18.994  13.963 0.3000000119
32099  52.956  19.552  13.528 0.3000000119
31151  52.612  16.209  16.828 0.3000000119
51693  52.521  16.916  16.383 0.3000000119
32098  53.312  18.873  13.349 0.3000000119
33797  51.566  23.915  11.437 0.4000000060
32416  53.346  19.488  12.621 0.3000000119
32419  53.125  20.428  12.023 0.3000000119
32746  52.774  21.314  11.843 0.3000000119
33443  52.503  22.080  11.577 0.3000000119
59468  51.974  23.439  11.195 0.4000000060
32101  53.757  19.012  12.051 0.3000000119
33801  51.912  23.923  10.699 0.4000000060
32103  53.635  19.635  11.662 0.3000000119
33103  52.957  21.608  11.070 0.3000000119
33107  52.741  22.426  10.703 0.3000000119
33447  52.349  23.254  10.641 0.3000000119
32422  53.896  19.604  10.936 0.4000000060
32107  54.378  19.316  9.689 0.4000000060
32425  53.990  19.966  10.197 0.4000000060
32431  54.485  20.077  8.419 0.5000000000
32758  54.299  20.918  8.089 0.5000000000
32413  51.644  20.594  15.240 0.3000000119
33095  51.301  21.380  14.931 0.3000000119
30210  51.193  13.243  20.497 0.2000000030
32409  51.862  19.872  15.451 0.3000000119
33434  50.700  22.760  14.227 0.3000000119
51779  51.947  13.890  19.385 0.2000000030
29888  51.540  12.818  20.046 0.2000000030
31779  52.310  18.675  15.509 0.3000000119
33438  50.682  23.363  13.614 0.3000000119
59726  52.470  17.496  16.051 0.3000000119
53446  52.283  14.849  18.547 0.3000000119
33795  50.666  24.474  12.425 0.2000000030
30849  52.405  15.364  17.976 0.3000000119
33794  51.048  24.517  11.683 0.2000000030
34140  51.407  24.550  10.890 0.4000000060
54265  51.244  25.136  10.288 0.4000000060
56104  53.156  20.955  11.323 0.3000000119
32423  53.557  20.335  11.015 0.4000000060
34144  51.761  24.512  10.138 0.4000000060
54129  51.552  25.033  9.677 0.4000000060
32426  53.681  20.655  10.295 0.4000000060
32748  53.360  21.095  10.661 0.4000000060
33106  53.213  21.783  10.308 0.4000000060
33449  53.093  22.379  9.974 0.4000000060
33450  52.777  23.005  9.981 0.4000000060
33800  52.341  23.825  9.879 0.4000000060
34145  52.014  24.563  9.381 0.4000000060
34146  51.611  25.221  8.984 0.5000000000
32428  54.208  20.029  9.291 0.4000000060
48707  54.521  19.465  8.969 0.3000000119
32751  53.585  21.231  9.953 0.4000000060
32429  53.899  20.649  9.654 0.4000000060
30211  50.784  13.757  20.993 0.2000000030
30208  50.314  13.216  21.692 0.1000000015
32736  51.111  20.937  15.741 0.3000000119
30534  51.531  14.202  19.911 0.2000000030
54348  51.233  13.826  20.352 0.2000000030
29885  50.795  12.884  21.074 0.1000000015
32092  51.887  18.833  16.188 0.3000000119
58658  51.996  19.263  15.665 0.3000000119
32410  51.408  20.260  15.925 0.3000000119
33096  50.675  22.160  14.892 0.3000000119
30533  51.865  14.678  19.314 0.3000000119
31780  52.197  18.096  16.087 0.3000000119
33793  50.673  23.921  13.013 0.2000000030
50970  50.251  24.967  12.537 0.2000000030
34137  50.515  25.081  11.936 0.3000000119
34141  50.811  25.259  11.083 0.4000000060
34463  50.767  25.712  10.350 0.6000000238
34468  51.048  25.709  9.569 0.5000000000
34471  51.099  26.002  8.543 0.6000000238
33109  53.487  21.930  9.474 0.4000000060
33452  53.169  22.705  9.387 0.4000000060
33453  52.852  23.368  9.276 0.4000000060
33804  52.518  24.030  8.981 0.4000000060
30842  50.928  14.950  20.511 0.2000000030
30530  51.078  14.374  20.461 0.2000000030
32088  51.379  19.126  16.919 0.3000000119
50476  51.616  19.554  16.122 0.3000000119
32405  51.170  19.941  16.590 0.3000000119
31777  51.805  18.261  16.813 0.3000000119
33092  50.539  21.621  15.691 0.3000000119
33787  50.126  23.432  14.253 0.3000000119
31776  52.155  17.537  16.646 0.3000000119
33789  50.148  24.019  13.644 0.2000000030
31463  52.182  16.880  17.150 0.3000000119
34135  50.199  24.556  13.044 0.2000000030
34459  50.224  25.735  11.579 0.3000000119
34472  50.617  26.418  9.138 0.6000000238
30531  50.615  14.600  21.047 0.2000000030
30845  51.353  14.868  19.975 0.3000000119
31773  51.376  18.353  17.609 0.3000000119
32732  50.938  20.575  16.358 0.3000000119
31464  51.800  17.600  17.400 0.3000000119
33431  50.091  22.304  15.413 0.3000000119
33435  50.089  22.837  14.874 0.3000000119
58432  51.946  15.180  18.987 0.3000000119
33790  49.566  24.096  14.251 0.2000000030
33788  49.453  23.486  14.840 0.2000000030
31147  52.220  16.134  17.738 0.3000000119
34129  48.912  24.203  14.802 0.2000000030
34138  49.992  25.518  12.299 0.2000000030
34136  49.811  25.202  12.960 0.2000000030
34132  49.582  24.763  13.652 0.2000000030
50885  49.118  24.692  14.300 0.2000000030
34469  50.343  26.425  9.970 0.5000000000
34465  49.910  26.323  11.334 0.4000000060
34460  49.683  26.182  11.981 0.3000000119
34812  50.068  27.172  9.152 0.5000000000
34816  50.543  26.836  8.452 0.6000000238
53468  50.051  15.598  21.475 0.2000000030
30839  50.128  14.963  21.588 0.2000000030
30847  51.560  15.483  19.436 0.3000000119
31139  51.032  15.477  20.171 0.2000000030
32406  50.706  20.336  16.981 0.3000000119
32733  50.517  20.844  16.689 0.3000000119
31770  51.381  17.610  18.225 0.3000000119
31461  51.832  16.932  17.914 0.3000000119
33432  49.329  22.802  15.526 0.3000000119
31144  51.983  15.694  18.612 0.3000000119
33783  48.668  23.574  15.345 0.2000000030
34126  48.200  24.479  15.457 0.2000000030
34454  49.339  25.446  13.379 0.2000000030
34130  48.564  24.992  14.744 0.2000000030
35128  49.777  28.082  8.813 0.6000000238
34809  49.752  27.272  10.024 0.5000000000
34457  49.378  25.932  12.787 0.3000000119
34133  48.901  25.403  14.012 0.2000000030
34452  48.267  25.788  14.621 0.2000000030
34448  48.018  25.428  15.300 0.2000000030
34458  48.964  25.930  13.447 0.2000000030
34455  48.435  26.236  13.922 0.2000000030
30843  50.524  15.400  20.899 0.2000000030
55560  49.709  15.388  22.048 0.2000000030
59703  51.029  17.816  18.678 0.3000000119
31774  50.965  18.305  18.374 0.3000000119
57053  50.834  19.157  17.865 0.3000000119
31145  51.429  16.386  19.099 0.2000000030
32089  50.920  19.730  17.212 0.3000000119
33088  50.077  21.372  16.556 0.3000000119
51695  51.521  16.933  18.536 0.3000000119
33093  49.719  22.060  16.041 0.3000000119
31148  51.813  16.418  18.389 0.3000000119
33089  49.315  21.844  16.764 0.3000000119
33427  48.906  22.410  16.291 0.2000000030
33779  48.486  23.088  16.014 0.2000000030
33780  47.960  23.518  16.673 0.2000000030
34124  47.785  24.380  16.341 0.2000000030
34127  47.694  25.203  16.030 0.2000000030
58974  49.631  27.804  9.473 0.5000000000
34805  49.380  26.912  11.530 0.4000000060
59045  47.810  26.114  15.143 0.2000000030
34449  47.547  25.994  15.781 0.3000000119
35126  49.248  28.013  10.043 0.5000000000
35123  49.314  27.477  10.755 0.4000000060
34802  49.123  26.659  12.351 0.3000000119
60063  48.735  27.009  12.592 0.3000000119
34800  48.694  26.618  13.094 0.3000000119
34798  47.856  26.570  14.587 0.2000000030
34803  48.796  27.293  12.111 0.3000000119
30840  49.673  16.129  21.747 0.2000000030
32391  48.142  19.394  21.251 0.1000000015
32396  47.858  20.042  21.072 0.1000000015
32080  48.627  18.940  21.003 0.1000000015
32395  48.408  19.673  20.612 0.1000000015
32720  47.531  20.823  20.814 0.1000000015
33076  47.178  21.626  20.519 0.1000000015
33077  46.498  22.119  20.976 0.1000000015
58586  46.358  22.788  20.517 0.1000000015
33415  46.026  23.457  20.413 0.2000000030
32084  48.997  19.226  20.261 0.1000000015
32719  48.120  20.434  20.344 0.1000000015
32724  47.806  21.203  20.065 0.1000000015
33080  46.859  22.402  20.201 0.1000000015
33418  46.540  23.134  19.941 0.1000000015
33772  46.203  23.897  19.754 0.2000000030
31142  51.112  16.048  19.795 0.2000000030
32398  48.787  20.074  19.808 0.1000000015
32723  48.336  20.805  19.708 0.1000000015
33079  47.462  21.980  19.752 0.1000000015
33417  47.102  22.766  19.502 0.1000000015
33776  46.731  23.515  19.299 0.1000000015
31458  51.072  17.298  19.009 0.3000000119
51486  50.444  18.817  18.740 0.3000000119
32402  50.446  20.026  17.666 0.3000000119
32729  50.109  20.792  17.303 0.3000000119
32727  48.802  20.788  19.101 0.1000000015
33082  48.128  21.506  19.209 0.1000000015
33083  47.669  22.364  19.010 0.1000000015
33421  47.278  23.152  18.783 0.1000000015
58278  46.433  24.195  19.193 0.1000000015
33420  48.144  22.027  18.530 0.1000000015
33425  47.822  22.701  18.250 0.1000000015
33777  47.442  23.588  17.958 0.1000000015
34121  46.956  24.537  18.068 0.1000000015
33775  46.880  23.961  18.674 0.1000000015
34119  46.483  24.770  18.781 0.1000000015
33085  49.016  21.686  17.504 0.2000000030
33086  48.380  22.157  17.838 0.1000000015
58671  47.711  23.569  17.309 0.1000000015
34444  47.003  25.204  17.530 0.1000000015
34122  46.557  25.418  18.249 0.1000000015
33428  48.303  22.766  16.627 0.2000000030
33781  47.450  24.270  17.237 0.2000000030
34445  46.649  26.112  17.692 0.2000000030
49406  47.378  25.110  16.799 0.2000000030
34789  46.903  26.380  16.980 0.1000000015
34446  47.284  25.840  16.504 0.1000000015
34791  47.105  26.581  16.261 0.2000000030
51498  46.682  27.111  16.804 0.2000000030
34795  47.357  26.795  15.405 0.3000000119
35118  48.287  27.464  12.804 0.3000000119
35113  47.354  27.374  14.650 0.4000000060
35442  49.319  28.507  9.336 0.6000000238
35124  48.743  28.253  10.772 0.4000000060
34806  48.857  27.680  11.416 0.3000000119
35121  48.326  28.031  11.964 0.3000000119
33063  42.871  22.085  24.977 0.1000000015
33401  43.061  22.637  24.206 0.1000000015
33057  43.254  21.407  25.385 0.1000000015
33062  43.521  21.780  24.657 0.1000000015
33407  42.880  23.466  23.738 0.1000000015
33766  43.000  24.222  23.166 0.1000000015
33061  44.223  21.395  24.383 0.1000000015
33067  43.847  22.176  23.910 0.1000000015
33406  43.568  23.118  23.366 0.1000000015
32712  44.893  21.015  24.053 0.1000000015
33405  44.228  22.474  23.306 0.1000000015
33765  43.716  23.856  22.721 0.1000000015
34108  43.521  24.847  22.357 0.1000000015
32707  45.264  20.272  24.384 0.1000000015
33065  45.187  21.410  23.307 0.1000000015
33066  44.546  21.782  23.656 0.1000000015
31131  48.258  16.114  23.663 0.2000000030
32711  45.509  20.675  23.683 0.1000000015
33071  44.823  22.207  22.946 0.2000000030
33409  44.335  23.111  22.670 0.2000000030
33764  44.209  24.042  22.140 0.1000000015
31758  48.235  18.006  22.391 0.2000000030
32714  46.059  20.328  23.326 0.1000000015
32715  45.783  21.009  23.008 0.1000000015
33070  45.561  21.803  22.511 0.2000000030
33413  45.072  22.694  22.249 0.2000000030
58683  44.733  23.434  22.012 0.2000000030
31137  50.176  16.084  21.053 0.2000000030
55332  49.314  15.790  22.405 0.2000000030
31762  48.752  18.185  21.498 0.2000000030
58778  46.239  20.642  22.750 0.1000000015
33074  45.692  22.421  21.779 0.2000000030
33412  45.266  23.208  21.573 0.2000000030
33768  44.803  24.151  21.459 0.2000000030
32077  48.185  18.803  21.739 0.2000000030
32078  47.648  19.545  21.847 0.1000000015
32392  47.277  20.393  21.561 0.1000000015
32393  47.088  20.007  22.204 0.1000000015
32717  46.635  20.728  22.130 0.1000000015
57418  46.078  22.267  21.411 0.2000000030
33770  45.471  23.768  20.925 0.2000000030
31761  49.313  17.627  21.211 0.2000000030
32721  46.891  21.227  21.300 0.1000000015
33411  45.913  22.859  21.087 0.2000000030
31765  49.257  18.376  20.647 0.2000000030
33773  45.692  24.299  20.263 0.2000000030
31456  50.784  16.782  19.821 0.2000000030
31459  50.615  17.496  19.565 0.2000000030
31771  50.663  18.030  19.080 0.2000000030
34117  45.961  24.844  19.535 0.2000000030
32399  50.156  19.630  18.436 0.3000000119
55894  49.264  20.766  18.486 0.1000000015
58315  49.600  21.358  17.194 0.3000000119
34442  46.214  26.238  18.465 0.2000000030
50204  46.103  25.607  18.965 0.2000000030
32403  49.828  20.409  18.127 0.3000000119
32730  49.440  21.084  17.835 0.3000000119
32726  48.733  21.422  18.352 0.1000000015
34787  46.256  26.912  18.034 0.2000000030
59763  46.556  26.835  17.410 0.2000000030
48712  46.269  27.618  17.479 0.2000000030
34792  46.839  27.340  16.034 0.3000000119
34796  46.974  27.578  15.335 0.3000000119
35110  46.564  28.099  15.776 0.3000000119
57864  47.692  27.865  13.358 0.4000000060
35116  47.298  27.921  14.019 0.3000000119
35114  46.775  28.276  14.796 0.3000000119
35447  48.985  29.369  9.174 0.6000000238
35443  48.811  28.839  9.944 0.5000000000
57496  48.547  28.138  11.371 0.4000000060
35119  47.740  28.268  12.711 0.4000000060
55875  42.004  22.892  24.759 0.1000000015
33396  42.228  22.340  25.201 0.1000000015
59524  42.495  22.641  24.671 0.1000000015
33402  42.308  23.319  24.216 0.1000000015
32704  43.606  20.766  25.783 0.1000000015
33759  42.443  24.033  23.737 0.1000000015
30825  47.235  14.701  25.817 0.1000000015
32381  43.961  20.166  26.044 0.1000000015
57781  44.121  20.508  25.501 0.1000000015
32709  43.900  21.076  25.113 0.1000000015
30827  47.260  15.386  25.447 0.1000000015
30831  47.649  15.421  24.888 0.1000000015
32708  44.594  20.567  24.895 0.1000000015
31447  48.474  17.127  22.763 0.2000000030
59250  45.606  19.703  24.554 0.1000000015
31755  47.936  17.537  23.198 0.2000000030
31445  47.600  17.215  23.854 0.2000000030
58263  47.490  17.813  23.598 0.2000000030
32071  46.523  18.917  24.005 0.1000000015
32383  46.029  19.356  24.301 0.1000000015
32386  45.813  20.001  23.991 0.1000000015
34112  44.200  24.911  21.713 0.1000000015
51180  44.241  25.615  21.374 0.1000000015
31135  48.552  16.471  23.082 0.2000000030
31756  47.094  18.405  23.662 0.2000000030
32385  46.317  19.624  23.629 0.1000000015
31451  48.894  17.398  21.988 0.2000000030
31759  47.643  18.225  23.064 0.2000000030
32074  47.318  18.799  23.028 0.2000000030
32075  46.858  19.185  23.304 0.1000000015
32389  46.639  19.988  22.856 0.1000000015
54721  44.640  25.089  21.133 0.2000000030
31130  48.837  15.769  23.091 0.2000000030
32073  47.718  18.793  22.454 0.2000000030
32388  47.216  19.384  22.617 0.1000000015
34115  45.152  24.641  20.772 0.2000000030
31140  50.658  16.084  20.396 0.2000000030
55838  49.700  17.748  20.617 0.2000000030
31767  50.304  17.921  19.681 0.2000000030
31768  49.870  18.136  20.085 0.2000000030
32083  49.577  18.827  19.878 0.2000000030
51102  45.375  25.178  20.202 0.2000000030
32082  50.126  18.498  19.448 0.2000000030
32086  49.855  19.228  19.189 0.2000000030
59702  49.336  19.487  19.624 0.2000000030
32400  49.444  20.065  18.974 0.1000000015
34440  45.553  25.948  19.673 0.2000000030
34784  45.896  26.966  18.748 0.2000000030
34439  45.853  26.362  19.077 0.2000000030
35108  46.448  27.897  16.611 0.2000000030
35421  46.130  28.767  16.364 0.3000000119
53125  46.294  28.744  15.503 0.3000000119
35431  47.214  28.985  12.678 0.4000000060
58784  46.960  28.407  14.099 0.3000000119
35439  48.259  29.115  10.604 0.4000000060
35435  48.229  28.599  11.330 0.3000000119
35436  47.744  28.771  11.990 0.2000000030
35427  47.161  28.518  13.468 0.4000000060
33754  41.567  23.510  24.557 0.1000000015
34106  42.202  24.951  23.530 0.1000000015
60032  46.866  14.690  26.361 0.1000000015
32061  44.565  18.947  26.499 0.1000000015
32376  44.296  19.573  26.239 0.1000000015
34109  42.789  25.371  22.882 0.1000000015
32066  44.861  19.288  25.890 0.2000000030
32380  44.510  19.971  25.630 0.1000000015
31128  47.905  15.758  24.334 0.1000000015
32065  45.422  18.919  25.547 0.2000000030
32379  45.152  19.701  25.128 0.1000000015
34430  43.200  25.927  22.338 0.1000000015
32069  45.721  19.173  24.920 0.1000000015
31444  48.094  16.823  23.452 0.2000000030
32068  46.157  18.718  24.664 0.2000000030
34113  43.776  25.725  21.833 0.1000000015
31753  47.124  17.684  24.165 0.2000000030
31754  46.631  18.213  24.414 0.2000000030
34434  44.112  26.470  21.399 0.1000000015
31134  49.043  16.516  22.393 0.2000000030
34116  44.608  25.887  20.939 0.1000000015
58944  44.962  25.359  20.680 0.2000000030
34437  45.058  25.973  20.389 0.2000000030
31453  50.251  16.687  20.592 0.2000000030
31764  50.201  17.423  20.190 0.2000000030
34779  45.151  26.627  20.106 0.2000000030
35098  44.954  27.391  20.198 0.2000000030
34785  45.600  27.581  18.992 0.2000000030
35106  45.794  28.466  17.917 0.3000000119
35103  45.905  27.641  18.337 0.2000000030
35418  45.791  29.091  17.209 0.3000000119
54658  46.120  28.384  17.133 0.3000000119
35428  46.620  28.914  14.102 0.3000000119
35424  46.188  29.181  14.861 0.3000000119
35765  48.720  30.138  9.021 0.6000000238
35761  48.364  29.822  9.779 0.5000000000
35440  47.723  29.314  11.288 0.3000000119
35752  47.213  29.470  11.982 0.3000000119
35749  46.782  29.606  12.604 0.4000000060
35432  46.634  29.305  13.305 0.3000000119
33760  41.831  24.218  24.065 0.1000000015
30828  46.851  15.285  26.097 0.1000000015
31125  47.328  16.106  24.915 0.1000000015
31123  45.846  16.370  26.763 0.1000000015
31436  45.682  17.275  26.392 0.1000000015
59209  45.281  17.953  26.414 0.1000000015
32060  45.118  18.583  26.185 0.1000000015
31132  47.719  16.487  24.123 0.2000000030
31749  45.705  18.123  25.804 0.2000000030
31441  47.191  16.951  24.534 0.2000000030
31438  46.772  16.763  25.301 0.2000000030
31752  46.215  18.091  25.106 0.2000000030
32064  45.856  18.607  25.225 0.2000000030
31442  46.704  17.517  24.869 0.2000000030
34780  44.684  26.768  20.732 0.1000000015
31449  49.874  16.594  21.181 0.2000000030
31450  49.444  16.906  21.581 0.2000000030
31454  49.801  17.163  20.900 0.2000000030
34782  45.456  26.993  19.487 0.2000000030
35101  45.139  28.017  19.550 0.2000000030
35104  45.493  28.240  18.747 0.2000000030
35739  45.678  29.651  16.533 0.3000000119
50566  45.891  29.427  15.698 0.3000000119
36067  48.268  30.741  9.238 0.5000000000
35762  47.780  30.633  9.948 0.4000000060
53087  47.254  30.707  10.620 0.4000000060
35747  45.962  29.757  14.022 0.3000000119
35745  45.605  29.963  14.992 0.3000000119
35756  47.752  29.933  10.577 0.4000000060
35757  47.171  30.056  11.291 0.4000000060
31122  46.382  15.819  26.411 0.1000000015
31126  46.824  15.997  25.725 0.1000000015
31435  46.303  16.606  26.056 0.1000000015
31439  46.233  17.393  25.602 0.1000000015
35414  45.070  28.827  19.125 0.1000000015
35736  45.063  30.044  17.953 0.2000000030
51697  45.358  28.883  18.477 0.2000000030
35419  45.403  29.867  17.294 0.2000000030
35417  45.428  29.328  17.928 0.2000000030
35740  45.260  30.441  16.680 0.2000000030
35742  45.410  30.232  15.861 0.3000000119
36055  45.324  30.409  14.354 0.3000000119
35753  46.680  30.160  12.075 0.4000000060
35750  46.178  30.137  12.963 0.4000000060
36058  45.478  30.557  13.570 0.4000000060
36680  43.886  32.604  17.103 0.2000000030
36363  43.953  31.802  17.703 0.2000000030
36043  44.686  30.662  17.983 0.2000000030
35733  44.984  29.566  18.643 0.2000000030
37004  43.919  33.403  16.566 0.2000000030
36367  44.414  31.888  16.985 0.2000000030
36045  45.009  30.582  17.388 0.2000000030
51257  44.330  32.615  16.436 0.2000000030
36371  44.708  31.858  16.285 0.3000000119
36366  44.871  31.192  16.837 0.2000000030
36049  45.047  31.073  16.070 0.2000000030
36052  45.090  30.895  15.100 0.2000000030
36068  47.760  31.405  9.496 0.3000000119
57507  47.341  31.215  10.055 0.4000000060
35758  46.654  30.936  11.382 0.4000000060
36064  46.912  31.515  10.558 0.4000000060
36061  46.180  30.837  12.269 0.4000000060
57532  45.771  30.874  12.916 0.4000000060
36684  44.587  32.542  15.733 0.3000000119
36370  44.851  31.779  15.523 0.2000000030
36373  44.903  31.854  14.695 0.2000000030
36056  45.102  31.182  14.118 0.3000000119
36059  45.371  31.398  13.263 0.4000000060
36686  44.758  32.428  15.120 0.3000000119
36375  45.099  32.194  13.769 0.3000000119
31785  53.221  18.387  13.958 0.3000000119
34464  50.333  26.034  10.843 0.5000000000
32737  50.657  21.080  16.213 0.3000000119
34804  49.857  26.745  10.745 0.5000000000
33784  48.135  23.760  15.911 0.2000000030
51028  47.940  27.144  13.774 0.4000000060
33423  48.588  22.230  17.030 0.2000000030
33424  48.020  22.923  17.378 0.1000000015
58492  47.048  25.738  17.112 0.1000000015
33069  46.094  21.176  22.445 0.1000000015
33073  46.209  21.676  21.795 0.2000000030
36046  44.575  31.225  17.504 0.2000000030
32434  55.038  19.543  7.032 0.2000000030
32437  55.103  19.861  6.267 0.3000000119
32440  55.288  19.791  5.361 0.2000000030
32435  54.805  20.230  7.049 0.4000000060
32760  54.478  20.950  7.275 0.4000000060
32114  54.817  19.730  7.680 0.4000000060
32764  55.042  20.476  4.713 0.2000000030
58134  55.426  19.601  4.599 0.1000000015
32442  55.295  19.971  4.030 0.1000000015
32771  55.067  20.477  2.780 0.1000000015
38238  45.518  38.240  10.729 0.2000000030
37945  45.792  37.560  10.534 0.2000000030
37942  45.481  37.500  11.176 0.2000000030
36386  47.699  32.268  9.230 0.3000000119
32438  54.695  20.843  6.357 0.4000000060
55646  55.345  19.887  3.281 0.1000000015
32767  55.050  20.512  3.693 0.1000000015
32772  54.705  21.098  3.222 0.1000000015
32775  54.690  21.087  2.313 0.1000000015
33131  54.226  21.680  1.852 0.2000000030
33478  53.288  22.851  0.927 0.2000000030
33114  54.131  21.643  7.661 0.4000000060
33117  54.285  21.628  6.820 0.4000000060
32765  54.698  21.066  5.456 0.3000000119
32762  54.983  20.416  5.633 0.3000000119
58305  54.656  21.235  4.795 0.3000000119
32768  54.719  21.135  4.095 0.3000000119
33833  52.844  23.631  -1.918 0.1000000015
33132  53.745  22.250  1.367 0.2000000030
33485  52.837  23.632  -1.142 0.1000000015
33481  53.267  22.895  0.061 0.2000000030
33482  52.828  23.553  -0.334 0.2000000030
33119  54.380  21.668  5.996 0.4000000060
55620  54.371  21.736  5.213 0.4000000060
33128  54.253  21.681  2.767 0.2000000030
33837  52.610  24.352  -2.377 0.1000000015
33122  54.335  21.731  4.455 0.4000000060
33126  54.306  21.691  3.646 0.2000000030
33831  52.590  24.321  -0.711 0.2000000030
33834  52.616  24.366  -1.543 0.2000000030
57337  53.379  22.730  2.914 0.3000000119
33129  53.674  22.320  2.307 0.3000000119
33475  53.302  22.765  1.676 0.2000000030
33472  53.086  23.038  2.306 0.3000000119
33476  52.878  23.509  1.461 0.2000000030
33479  52.866  23.500  0.512 0.2000000030
33829  52.560  24.215  0.116 0.2000000030
33470  52.991  23.331  3.074 0.3000000119
33473  52.695  23.858  2.359 0.4000000060
34175  52.368  25.088  -2.745 0.1000000015
34502  52.174  25.781  -2.306 0.2000000030
34505  52.105  25.754  -3.081 0.2000000030
33827  52.401  24.622  2.443 0.4000000060
34173  52.424  25.091  -1.955 0.1000000015
57510  50.422  28.436  -5.690 0.3000000119
34171  52.422  25.185  -1.089 0.2000000030
55522  52.619  24.125  0.857 0.2000000030
34503  51.875  26.477  -2.683 0.3000000119
34506  51.776  26.354  -3.520 0.2000000030
34845  51.543  27.146  -3.165 0.3000000119
57241  52.471  24.557  1.575 0.3000000119
35163  50.717  28.215  -4.987 0.3000000119
34848  51.004  27.721  -4.384 0.3000000119
35485  50.201  28.999  -5.996 0.3000000119
35161  50.902  28.352  -4.226 0.3000000119
35160  51.187  27.916  -3.606 0.3000000119
34495  52.323  25.852  0.242 0.4000000060
35482  50.435  29.011  -5.323 0.4000000060
34166  52.445  24.896  0.626 0.4000000060
34169  52.440  25.028  -0.223 0.3000000119
57775  50.231  29.535  -5.678 0.4000000060
54962  50.371  29.725  -5.072 0.4000000060
35480  50.670  29.106  -4.477 0.4000000060
53996  52.222  26.523  0.925 0.4000000060
54269  52.274  25.735  -1.626 0.2000000030
35799  50.111  30.161  -5.636 0.4000000060
35800  49.794  30.571  -6.221 0.4000000060
53992  51.688  27.300  -2.296 0.3000000119
55394  51.421  27.846  -2.798 0.3000000119
36436  48.207  31.724  -8.231 0.4000000060
36113  48.809  31.581  -7.374 0.6000000238
36112  49.389  31.042  -6.781 0.6000000238
34499  52.237  26.044  -1.031 0.3000000119
36110  49.570  31.232  -6.117 0.5000000000
35796  50.224  30.380  -5.004 0.4000000060
34500  52.002  26.522  -1.733 0.3000000119
35158  50.946  28.799  -3.675 0.5000000000
54938  51.212  28.572  -2.917 0.3000000119
36435  47.661  32.631  -8.028 0.3000000119
55889  48.235  32.250  -7.594 0.5000000000
34836  52.169  26.902  0.083 0.4000000060
36432  49.118  31.846  -6.426 0.6000000238
34841  52.073  26.825  -0.825 0.4000000060
36107  49.899  30.951  -5.446 0.6000000238
35794  50.488  30.094  -4.265 0.5000000000
35478  50.777  29.501  -3.758 0.5000000000
36747  47.881  32.946  -7.326 0.3000000119
36433  48.510  32.401  -6.941 0.5000000000
34839  51.961  27.672  -0.483 0.4000000060
34842  51.820  27.507  -1.392 0.4000000060
36105  50.143  30.917  -4.550 0.6000000238
35156  51.505  28.298  -2.024 0.5000000000
35477  50.999  29.348  -3.094 0.5000000000
35475  51.227  29.218  -2.326 0.5000000000
35151  52.025  27.813  0.356 0.5000000000
35792  50.751  30.130  -3.275 0.6999999881
35473  51.447  29.207  -1.451 0.6000000238
35791  51.010  29.835  -2.613 0.6000000238
35152  51.850  28.515  -0.104 0.6000000238
35154  51.714  28.416  -1.000 0.6000000238
35788  51.154  30.017  -1.869 0.6999999881
33127  53.816  22.237  3.227 0.2000000030
33123  53.890  22.270  4.053 0.3000000119
50930  54.589  20.388  7.698 0.4000000060
53287  52.333  25.683  -0.502 0.3000000119
34497  52.246  26.272  -0.407 0.4000000060
36437  47.462  32.290  -8.740 0.2000000030
55351  45.430  35.896  11.779 0.2000000030
37331  45.133  35.330  12.505 0.2000000030
37019  45.385  34.535  12.240 0.2000000030
51567  45.289  33.782  12.674 0.2000000030
36692  45.214  33.000  13.143 0.2000000030
55582  44.978  33.025  13.827 0.2000000030
36689  44.848  32.711  14.470 0.2000000030
54747  45.619  33.889  11.881 0.2000000030
36695  45.548  33.071  12.296 0.2000000030
36377  45.476  32.239  12.809 0.3000000119
37016  45.027  34.474  13.015 0.2000000030
37013  44.980  33.690  13.457 0.2000000030
37335  45.554  35.151  11.733 0.2000000030
58514  45.682  34.533  11.620 0.2000000030
36690  44.732  33.513  14.220 0.2000000030
38235  45.225  38.127  11.375 0.1000000015
37642  45.362  36.733  11.677 0.1000000015
37639  45.060  36.216  12.390 0.2000000030
55243  44.801  35.842  13.003 0.2000000030
37332  44.736  35.151  13.384 0.2000000030
37014  44.703  34.322  13.823 0.2000000030
55995  45.872  34.900  11.213 0.2000000030
36698  45.906  33.229  11.448 0.2000000030
36380  45.893  32.286  11.853 0.3000000119
36062  45.789  31.510  12.490 0.3000000119
37918  41.076  36.585  18.483 0.1000000015
37621  41.627  35.717  18.445 0.1000000015
37940  45.019  37.644  11.966 0.1000000015
51696  44.323  30.717  18.529 0.1000000015
35737  44.719  30.228  18.432 0.1000000015
56065  45.642  36.249  11.312 0.2000000030
37338  45.855  35.667  11.072 0.2000000030
37021  46.006  34.151  11.066 0.3000000119
59682  46.151  31.479  11.816 0.3000000119
37922  40.575  37.325  18.538 0.1000000015
57779  40.582  36.776  19.127 0.1000000015
37919  40.220  37.378  19.140 0.1000000015
37316  41.907  34.778  18.753 0.1000000015
37620  42.249  35.061  17.999 0.1000000015
36999  42.392  34.109  18.275 0.1000000015
36676  42.163  33.290  18.799 0.1000000015
36361  43.114  31.893  18.700 0.1000000015
38522  45.163  38.675  11.167 0.1000000015
57891  44.273  31.147  18.044 0.1000000015
37937  44.942  36.909  12.365 0.2000000030
57426  45.893  36.681  10.711 0.1000000015
37640  44.670  36.549  12.990 0.2000000030
36687  44.550  33.221  15.064 0.2000000030
57526  46.334  35.789  10.189 0.2000000030
37337  46.227  34.955  10.580 0.2000000030
36697  46.361  33.340  10.657 0.3000000119
36384  46.170  32.628  11.045 0.2000000030
36379  46.382  31.878  11.149 0.3000000119
37916  39.622  37.304  20.159 0.1000000015
37913  39.516  36.787  20.700 0.1000000015
37915  40.110  37.012  19.662 0.1000000015
38208  39.111  37.468  20.688 0.1000000015
38212  39.806  37.725  19.543 0.1000000015
38492  39.175  38.191  20.044 0.1000000015
38214  40.046  38.034  18.784 0.1000000015
38215  39.574  38.329  19.338 0.1000000015
38497  39.206  38.756  19.443 0.1000000015
37624  41.572  36.461  17.780 0.1000000015
37623  42.076  35.833  17.596 0.1000000015
57626  41.976  34.036  18.979 0.1000000015
37318  42.732  34.558  17.565 0.1000000015
36998  42.760  33.134  18.072 0.1000000015
51698  42.963  32.356  18.220 0.1000000015
36678  43.383  32.546  17.749 0.1000000015
36364  43.429  31.985  18.168 0.1000000015
36360  43.783  31.375  18.513 0.1000000015
38818  45.066  39.794  10.465 0.1000000015
38525  45.304  39.044  10.619 0.1000000015
38236  44.872  38.561  11.768 0.1000000015
37011  44.436  34.109  14.630 0.2000000030
37024  46.556  34.173  10.216 0.3000000119
53257  46.918  33.358  9.892 0.3000000119
36383  46.725  32.473  10.389 0.4000000060
36700  47.238  32.666  9.692 0.3000000119
36069  47.273  31.926  9.891 0.2000000030
37907  39.049  36.853  21.164 0.1000000015
37921  41.071  37.195  17.814 0.1000000015
38218  40.531  38.008  17.868 0.1000000015
38498  38.731  39.027  19.829 0.1000000015
37627  41.975  36.429  17.202 0.1000000015
37626  42.421  36.044  16.890 0.1000000015
37321  42.582  35.303  17.242 0.1000000015
37001  42.884  33.883  17.696 0.1000000015
56390  43.117  34.167  17.228 0.1000000015
36681  43.366  33.423  17.305 0.1000000015
38523  44.824  39.389  11.269 0.1000000015
37938  44.589  37.380  12.791 0.1000000015
50017  44.279  33.322  15.856 0.2000000030
37328  44.385  34.975  14.213 0.2000000030
35806  48.962  30.339  -8.136 0.2000000030
35809  48.702  29.883  -8.739 0.3000000119
35808  49.072  29.637  -8.147 0.2000000030
36115  49.188  30.704  -7.496 0.3000000119
35805  49.336  29.894  -7.601 0.2000000030
35803  49.599  30.237  -6.931 0.3000000119
35489  49.688  29.406  -7.053 0.3000000119
35802  49.969  29.715  -6.312 0.3000000119
37925  41.609  37.042  17.131 0.1000000015
37320  43.073  34.792  16.897 0.1000000015
39097  44.856  40.875  9.843 0.1000000015
55867  44.870  40.416  10.284 0.1000000015
37635  44.411  35.931  13.735 0.2000000030
36118  48.474  30.795  -8.685 0.3000000119
59548  48.405  30.316  -9.059 0.3000000119
35488  49.959  28.991  -6.564 0.3000000119
37924  42.189  36.793  16.614 0.1000000015
37625  42.943  35.567  16.518 0.1000000015
37005  43.507  34.170  16.684 0.1000000015
37323  43.484  34.982  16.119 0.1000000015
37008  43.922  34.196  15.910 0.1000000015
38819  44.631  40.278  10.889 0.1000000015
54994  44.259  33.916  15.326 0.2000000030
36744  48.522  33.741  -5.173 0.5000000000
36743  48.852  32.877  -5.508 0.5000000000
36430  48.724  32.659  -6.224 0.5000000000
36116  48.762  31.039  -8.005 0.3000000119
36425  49.466  32.267  -4.317 0.5000000000
36428  49.287  32.278  -5.146 0.5000000000
36103  50.384  30.839  -3.686 0.6000000238
35789  50.868  30.431  -2.510 0.6000000238
57595  50.598  30.798  -2.978 0.6000000238
38217  41.126  37.797  17.093 0.1000000015
38220  40.699  38.432  17.118 0.1000000015
37928  41.825  37.674  16.359 0.1000000015
37630  42.755  36.389  16.184 0.1000000015
59964  43.808  34.822  15.632 0.2000000030
51425  44.542  40.919  10.427 0.1000000015
37325  44.073  34.716  15.101 0.2000000030
37632  44.028  35.610  14.604 0.2000000030
50110  44.324  39.229  12.206 0.1000000015
38231  44.522  38.254  12.515 0.1000000015
39105  45.730  41.006  7.521 0.1000000015
52209  48.419  33.408  -5.955 0.5000000000
52128  48.176  33.171  -6.631 0.4000000060
60038  49.118  32.271  -5.801 0.5000000000
36108  49.489  31.706  -5.645 0.5000000000
36424  49.956  31.559  -3.984 0.6000000238
36427  49.733  31.617  -4.858 0.6000000238
36421  50.229  31.488  -3.027 0.6000000238
36102  50.643  31.062  -2.375 0.6000000238
56340  50.928  30.692  -1.941 0.6000000238
36098  51.092  30.674  -1.292 0.6999999881
37927  42.525  37.204  15.920 0.1000000015
37926  43.125  36.830  15.401 0.2000000030
37629  43.289  35.909  15.762 0.2000000030
37326  43.722  35.389  15.366 0.2000000030
38816  44.264  40.096  11.639 0.1000000015
37933  44.202  36.983  13.642 0.2000000030
37636  44.000  36.359  14.269 0.2000000030
38228  44.152  37.916  13.260 0.2000000030
37071  48.432  34.567  -4.620 0.5000000000
38506  41.230  38.571  16.418 0.1000000015
38222  42.363  37.977  15.618 0.1000000015
37931  42.833  37.557  15.330 0.2000000030
37633  43.627  36.286  14.958 0.2000000030
39094  44.066  40.993  11.119 0.1000000015
38814  43.896  39.974  12.281 0.1000000015
38232  44.014  38.737  13.003 0.2000000030
59984  48.176  34.082  -5.773 0.5000000000
37075  47.937  33.951  -6.334 0.3000000119
38223  41.862  38.439  15.857 0.1000000015
37930  43.293  37.529  14.740 0.2000000030
58852  43.451  36.908  14.878 0.2000000030
37934  43.724  36.968  14.410 0.2000000030
50401  43.751  37.716  13.981 0.2000000030
38509  42.250  38.741  15.256 0.1000000015
38226  42.805  38.222  14.963 0.2000000030
56353  43.755  38.384  13.599 0.2000000030
38520  43.725  39.541  12.868 0.2000000030
38510  41.585  39.207  15.615 0.1000000015
38513  42.692  39.009  14.584 0.2000000030
38225  43.285  38.463  14.206 0.2000000030
38516  43.503  39.051  13.526 0.2000000030
38514  42.080  39.530  14.856 0.1000000015
38808  41.522  39.915  15.104 0.1000000015
38517  43.047  39.248  13.997 0.2000000030
35491  49.354  28.970  -7.750 0.2000000030
39382  45.708  41.864  6.980 0.1000000015
36748  47.589  33.795  -6.997 0.2000000030
29254  53.571  9.808  14.349 0.1000000015
28917  53.011  9.442  16.006 0.1000000015
28920  53.260  9.450  15.132 0.1000000015
29251  53.232  10.326  15.822 0.1000000015
29255  53.546  10.532  15.039 0.1000000015
49965  53.851  10.742  14.314 0.1000000015
29248  53.139  11.020  16.579 0.1000000015
29581  53.865  11.416  14.919 0.1000000015
29249  52.731  10.352  17.171 0.1000000015
29578  53.546  11.265  15.715 0.1000000015
29584  54.137  11.000  13.569 0.1000000015
53305  54.082  11.465  14.265 0.1000000015
29587  54.430  11.692  12.995 0.1000000015
29908  54.708  12.376  12.351 0.1000000015
29572  53.123  11.799  17.011 0.1000000015
50956  53.453  11.960  16.356 0.1000000015
29898  53.860  12.258  15.493 0.1000000015
29901  54.138  12.128  14.598 0.1000000015
29903  54.302  11.940  13.827 0.1000000015
55127  54.358  12.712  14.107 0.1000000015
31495  56.010  17.387  4.705 0.1000000015
31179  56.163  16.581  4.484 0.1000000015
57948  54.156  12.903  14.849 0.1000000015
56060  54.329  13.348  14.323 0.1000000015
29906  54.532  12.558  13.297 0.1000000015
30233  54.913  13.134  11.801 0.1000000015
30558  55.800  14.377  7.515 0.1000000015
30243  55.947  14.208  6.725 0.1000000015
30562  56.097  14.549  6.027 0.1000000015
30560  55.936  14.855  6.802 0.1000000015
30874  56.042  15.288  6.281 0.1000000015
53699  56.179  15.300  5.575 0.1000000015
54785  56.198  15.974  5.087 0.1000000015
31177  56.055  16.798  5.325 0.1000000015
29899  53.621  12.835  16.284 0.1000000015
30223  53.921  13.235  15.574 0.1000000015
30228  54.513  13.332  13.629 0.1000000015
30231  54.699  13.238  12.751 0.1000000015
50430  55.035  13.935  11.353 0.1000000015
52598  55.229  14.033  10.517 0.1000000015
52389  55.425  14.304  9.557 0.1000000015
30555  55.617  14.290  8.507 0.1000000015
55529  55.248  14.782  10.333 0.1000000015
51602  55.513  15.016  8.887 0.1000000015
30871  55.679  15.023  8.060 0.1000000015
30557  55.811  15.102  7.380 0.1000000015
54333  55.108  14.526  10.979 0.1000000015
30868  55.354  15.186  9.650 0.1000000015
59233  55.188  15.414  10.255 0.1000000015
30870  55.410  15.622  9.104 0.1000000015
50326  55.548  15.661  8.412 0.1000000015
30873  55.718  15.668  7.628 0.1000000015
31174  55.781  16.291  7.083 0.1000000015
31173  55.898  15.562  6.883 0.1000000015
31176  56.011  16.136  6.107 0.1000000015
31165  55.214  15.979  9.721 0.1000000015
31168  55.359  16.276  8.830 0.1000000015
31171  55.551  16.359  7.941 0.1000000015
58651  55.817  16.830  6.592 0.1000000015
31489  55.564  17.171  7.328 0.1000000015
31491  55.915  16.999  6.002 0.1000000015
54435  55.719  17.532  6.431 0.1000000015
31493  55.863  17.675  5.541 0.1000000015
30224  53.641  13.664  16.244 0.1000000015
30226  54.133  13.683  14.887 0.1000000015
54307  54.348  14.081  14.057 0.1000000015
52104  54.591  14.009  13.124 0.1000000015
30230  54.817  13.965  12.225 0.1000000015
30551  54.916  14.645  11.670 0.1000000015
30865  55.036  15.225  10.988 0.1000000015
31481  54.997  16.504  10.200 0.1000000015
31483  55.081  16.957  9.430 0.1000000015
31487  55.308  17.088  8.369 0.1000000015
31802  55.246  17.939  7.896 0.1000000015
31805  55.443  18.147  6.994 0.1000000015
31807  55.603  18.344  6.124 0.1000000015
30544  53.864  14.024  15.564 0.1000000015
30545  54.034  14.485  14.864 0.1000000015
30547  54.438  14.625  13.418 0.1000000015
30549  54.645  14.790  12.599 0.1000000015
30864  54.772  15.422  11.839 0.1000000015
31162  55.032  15.916  10.559 0.1000000015
32113  55.313  18.992  6.630 0.1000000015
32117  55.446  19.127  5.807 0.1000000015
32120  55.534  19.176  5.122 0.1000000015
30218  52.943  13.701  17.685 0.1000000015
59419  53.592  14.309  16.126 0.1000000015
30220  53.346  13.324  16.946 0.1000000015
30860  54.172  15.058  14.042 0.1000000015
30862  54.394  15.189  13.232 0.1000000015
48605  54.493  15.665  12.637 0.1000000015
30866  54.866  15.880  11.241 0.1000000015
31163  54.818  16.513  10.928 0.2000000030
31482  54.806  17.172  10.365 0.2000000030
31484  54.793  17.858  9.728 0.2000000030
31798  55.029  17.838  8.811 0.1000000015
31803  54.981  18.511  8.341 0.1000000015
32109  55.104  18.874  7.556 0.1000000015
29893  52.664  12.989  18.160 0.1000000015
29890  52.221  12.675  18.865 0.1000000015
29570  52.103  11.758  18.962 0.1000000015
51226  52.459  12.232  18.363 0.1000000015
30541  53.283  14.222  16.862 0.1000000015
30855  53.376  14.881  16.306 0.2000000030
30546  53.716  14.750  15.605 0.2000000030
30858  53.820  15.302  14.945 0.1000000015
30861  53.886  15.916  14.276 0.2000000030
31156  54.191  15.816  13.445 0.2000000030
31160  54.596  16.332  11.867 0.1000000015
31479  54.532  17.279  11.320 0.2000000030
31799  54.722  18.683  9.130 0.2000000030
32110  54.776  19.223  8.343 0.2000000030
29884  51.390  11.997  20.244 0.1000000015
29568  51.432  11.128  20.081 0.1000000015
29567  51.730  11.651  19.656 0.1000000015
49284  53.440  15.489  15.736 0.2000000030
57005  53.515  16.103  15.069 0.2000000030
52776  53.457  17.808  13.889 0.2000000030
31157  53.908  16.644  13.656 0.2000000030
31475  53.756  17.453  13.448 0.2000000030
31474  54.045  17.091  12.967 0.2000000030
31787  53.964  17.799  12.656 0.2000000030
31158  54.264  16.444  12.808 0.2000000030
31477  54.292  17.117  12.258 0.2000000030
58359  54.239  17.744  11.909 0.2000000030
31794  54.305  18.135  11.313 0.2000000030
57702  54.556  17.927  10.588 0.2000000030
31796  54.509  18.580  10.061 0.2000000030
29887  51.842  12.347  19.544 0.1000000015
30216  52.331  13.523  18.754 0.1000000015
31468  53.196  16.997  15.041 0.2000000030
31154  53.619  16.575  14.450 0.2000000030
31472  53.526  17.216  14.173 0.2000000030
30528  50.156  14.102  21.772 0.1000000015
30836  49.711  14.665  22.279 0.1000000015
30837  49.298  15.151  22.724 0.1000000015
30834  48.402  15.378  23.849 0.1000000015
30833  48.869  14.937  23.414 0.1000000015
54713  52.295  25.155  -3.396 0.1000000015
34508  52.048  25.622  -3.801 0.1000000015
34511  51.997  25.410  -4.487 0.1000000015
34509  51.705  26.119  -4.273 0.1000000015
34512  51.636  25.840  -4.951 0.1000000015
34850  51.218  26.298  -5.377 0.1000000015
34853  50.808  26.801  -5.861 0.1000000015
59917  50.108  27.178  -6.970 0.1000000015
34855  49.883  27.104  -7.371 0.1000000015
34859  49.135  27.411  -8.481 0.1000000015
51809  50.344  27.228  -6.490 0.1000000015
50621  51.372  26.479  -4.747 0.1000000015
35168  49.965  27.700  -6.993 0.1000000015
35172  49.126  28.320  -8.221 0.1000000015
34851  50.996  27.169  -5.030 0.1000000015
35167  50.158  28.232  -6.361 0.1000000015
34847  51.362  26.987  -4.104 0.1000000015
35165  50.570  27.684  -5.741 0.1000000015
57084  49.784  28.541  -7.075 0.1000000015
56711  48.075  30.662  -9.332 0.2000000030
54110  47.757  30.316  -9.878 0.2000000030
35811  48.230  29.868  -9.402 0.2000000030
36121  47.494  31.118  -9.751 0.1000000015
36119  47.829  31.451  -9.062 0.2000000030
37073  48.165  34.663  -5.363 0.3000000119
37374  48.214  35.448  -4.943 0.2000000030
59616  52.636  13.587  18.227 0.1000000015
58972  54.336  18.545  10.753 0.2000000030
29259  54.300  10.758  12.674 0.1000000015
29590  54.591  11.420  12.149 0.1000000015
59018  54.874  12.525  11.758 0.1000000015
54927  56.285  15.776  4.244 0.1000000015
30235  55.133  13.266  10.881 0.1000000015
30244  55.866  13.573  7.093 0.1000000015
54208  56.303  15.209  4.766 0.1000000015
30237  55.343  13.347  9.959 0.1000000015
31809  55.691  18.537  5.327 0.1000000015
34857  49.578  26.979  -7.934 0.1000000015
35170  49.533  27.867  -7.681 0.1000000015
38812  42.551  39.775  14.175 0.1000000015
38811  43.091  39.883  13.448 0.1000000015
38549  48.468  39.331  3.030 0.1000000015
36130  45.569  31.056  -12.139 0.1000000015
36448  45.119  32.039  -12.191 0.1000000015
36127  45.838  31.724  -11.412 0.1000000015
36132  45.020  31.163  -12.764 0.1000000015
36133  44.516  31.237  -13.405 0.1000000015
36122  46.862  31.504  -10.260 0.1000000015
38843  48.597  39.978  1.619 0.1000000015
54350  48.433  40.619  1.771 0.1000000015
38554  48.723  39.768  0.836 0.1000000015
38845  48.567  40.609  0.982 0.1000000015
38847  48.709  40.284  0.197 0.1000000015
55155  44.687  31.872  -12.922 0.1000000015
36136  43.979  31.296  -14.041 0.1000000015
53631  46.317  31.828  -10.720 0.1000000015
36444  45.305  32.750  -11.447 0.1000000015
36452  44.186  32.161  -13.531 0.1000000015
36439  47.061  32.063  -9.517 0.1000000015
36441  46.407  32.353  -10.165 0.1000000015
36442  45.833  32.569  -10.765 0.1000000015
38840  48.413  40.183  2.485 0.1000000015
52477  48.790  39.531  0.018 0.1000000015
55944  48.770  40.064  -0.465 0.1000000015
36759  44.935  33.641  -11.611 0.1000000015
36760  44.612  33.646  -12.261 0.1000000015
36762  44.229  33.698  -12.895 0.1000000015
36449  44.534  32.769  -12.716 0.1000000015
55442  44.103  33.046  -13.320 0.1000000015
36757  45.340  33.644  -10.843 0.1000000015
36445  44.895  32.965  -12.029 0.1000000015
37376  47.959  35.490  -5.678 0.1000000015
37074  47.885  34.720  -6.030 0.1000000015
36756  45.911  33.238  -10.193 0.1000000015
55510  43.749  32.894  -13.950 0.1000000015
36754  46.417  32.981  -9.582 0.1000000015
54543  47.045  33.137  -8.501 0.1000000015
58862  46.868  32.803  -9.053 0.1000000015
58952  46.724  42.252  4.914 0.1000000015
39387  47.124  41.783  4.581 0.1000000015
39111  47.916  40.694  3.824 0.1000000015
39112  47.540  41.253  4.208 0.1000000015
39636  46.460  42.931  4.782 0.1000000015
39637  45.945  43.362  5.345 0.1000000015
39113  48.106  40.833  3.051 0.1000000015
39114  47.763  41.393  3.490 0.1000000015
56782  47.367  41.932  3.883 0.1000000015
39388  46.926  42.467  4.278 0.1000000015
39918  46.131  43.701  4.589 0.1000000015
39919  45.656  44.167  5.140 0.1000000015
39390  47.910  41.556  2.753 0.1000000015
39639  47.147  42.609  3.530 0.1000000015
39640  46.641  43.272  3.933 0.1000000015
39922  45.833  44.469  4.383 0.1000000015
39116  48.210  41.053  2.257 0.1000000015
39391  47.565  42.058  3.161 0.1000000015
39643  46.945  43.208  3.178 0.1000000015
39921  46.237  44.006  3.941 0.1000000015
39119  48.309  41.256  1.461 0.1000000015
39393  47.972  41.860  1.964 0.1000000015
39642  47.360  42.720  2.718 0.1000000015
39122  48.398  41.388  0.656 0.1000000015
51417  48.581  40.911  0.249 0.1000000015
39124  48.655  40.775  -0.497 0.1000000015
38849  48.752  40.254  -1.150 0.1000000015
38561  48.800  39.713  -1.858 0.1000000015
37982  47.390  37.210  -7.973 0.1000000015
37677  47.570  36.342  -6.773 0.1000000015
37681  46.991  36.514  -8.276 0.1000000015
37391  44.807  35.222  -12.063 0.1000000015
37087  44.720  34.320  -11.933 0.1000000015
37089  44.447  34.474  -12.505 0.1000000015
37090  44.081  34.531  -13.206 0.1000000015
36763  43.868  33.721  -13.586 0.1000000015
36764  43.462  33.637  -14.308 0.1000000015
37679  47.266  36.410  -7.514 0.1000000015
56949  46.767  36.624  -8.927 0.1000000015
37685  46.778  37.110  -9.537 0.1000000015
37683  46.453  36.252  -9.374 0.1000000015
37686  46.302  36.760  -10.186 0.1000000015
37388  45.667  35.938  -10.620 0.1000000015
37084  45.324  34.804  -10.686 0.1000000015
37389  45.195  35.561  -11.356 0.1000000015
37086  44.978  34.552  -11.368 0.1000000015
37676  47.858  36.293  -6.058 0.1000000015
37377  47.646  35.511  -6.369 0.1000000015
37379  47.284  35.536  -7.062 0.1000000015
37383  46.571  35.718  -8.606 0.1000000015
37384  46.267  35.449  -9.153 0.1000000015
37386  46.024  35.712  -9.756 0.1000000015
37083  45.688  34.888  -10.006 0.1000000015
57256  45.598  34.089  -10.245 0.1000000015
37077  47.113  34.634  -7.361 0.1000000015
37381  46.913  35.602  -7.794 0.1000000015
37079  46.397  34.705  -8.741 0.1000000015
37081  46.039  34.738  -9.338 0.1000000015
54329  45.950  33.915  -9.683 0.1000000015
55014  43.326  32.784  -14.711 0.1000000015
37078  46.709  34.689  -8.078 0.1000000015
36752  46.717  33.945  -8.411 0.1000000015
57031  46.432  33.710  -9.004 0.1000000015
36750  47.178  33.630  -7.786 0.1000000015
39633  46.254  42.469  5.564 0.1000000015
40185  45.376  44.964  4.923 0.1000000015
54974  47.714  42.132  2.551 0.1000000015
49323  45.536  45.319  4.086 0.1000000015
39396  48.110  41.977  1.080 0.1000000015
39394  47.662  42.473  2.133 0.1000000015
39924  46.537  43.949  3.187 0.1000000015
40188  46.029  44.642  3.607 0.1000000015
39397  47.764  42.577  1.473 0.1000000015
39645  47.400  43.077  1.942 0.1000000015
39646  47.000  43.501  2.513 0.1000000015
39927  46.654  44.260  2.311 0.1000000015
40191  45.816  45.353  3.225 0.1000000015
58930  48.631  40.911  -1.269 0.1000000015
52624  48.673  40.577  -1.899 0.1000000015
38275  47.725  37.873  -7.653 0.1000000015
57935  47.521  37.872  -8.300 0.1000000015
37984  47.168  37.390  -8.810 0.1000000015
37987  46.718  37.549  -10.139 0.1000000015
37990  46.435  37.673  -10.847 0.1000000015
56683  45.978  36.910  -10.970 0.1000000015
57828  45.501  36.579  -11.570 0.1000000015
57695  45.098  36.046  -11.954 0.1000000015
37992  45.947  37.470  -11.602 0.1000000015
37092  43.247  34.386  -14.715 0.1000000015
36765  43.035  33.526  -15.065 0.1000000015
39634  45.701  43.049  6.091 0.1000000015
39915  45.443  43.840  5.896 0.1000000015
40182  45.176  44.645  5.690 0.1000000015
40446  45.089  45.717  4.753 0.1000000015
40448  45.160  46.038  4.171 0.1000000015
39649  47.454  43.390  1.071 0.1000000015
52205  48.462  41.465  -0.135 0.1000000015
40190  46.227  44.764  2.826 0.1000000015
40450  45.422  46.022  3.526 0.1000000015
39402  48.262  42.111  -0.563 0.1000000015
39126  48.484  41.477  -0.946 0.1000000015
39929  47.078  44.098  1.110 0.1000000015
38851  48.704  40.189  -2.543 0.1000000015
53874  47.476  38.325  -8.863 0.1000000015
37986  47.109  38.029  -9.658 0.1000000015
37989  46.845  38.123  -10.378 0.1000000015
38285  46.277  38.290  -11.587 0.1000000015
37392  44.820  36.099  -12.553 0.1000000015
38284  46.735  38.562  -10.925 0.1000000015
37995  45.809  38.039  -12.276 0.1000000015
57735  45.203  36.620  -12.270 0.1000000015
39384  45.875  42.371  6.315 0.1000000015
39630  45.468  42.739  6.794 0.1000000015
39911  45.226  43.495  6.638 0.1000000015
40186  44.908  45.429  5.464 0.1000000015
40449  44.791  46.447  4.632 0.1000000015
39400  48.209  42.070  0.252 0.1000000015
39648  47.881  42.696  0.641 0.1000000015
40717  44.998  46.686  3.878 0.1000000015
39652  47.629  43.398  0.155 0.1000000015
40193  46.339  45.012  2.074 0.1000000015
40194  46.003  45.376  2.568 0.1000000015
40720  44.839  47.416  3.411 0.1000000015
39933  47.247  44.076  0.445 0.1000000015
39930  46.745  44.540  1.538 0.1000000015
40454  45.688  45.989  2.743 0.1000000015
40719  45.291  46.707  3.039 0.1000000015
39404  48.459  41.435  -1.871 0.1000000015
39128  48.524  40.923  -2.703 0.1000000015
38854  48.620  40.293  -3.347 0.1000000015
38274  47.981  38.590  -7.354 0.1000000015
38278  47.751  38.531  -8.131 0.1000000015
38280  47.408  38.935  -9.479 0.1000000015
38282  47.098  38.768  -10.236 0.1000000015
38580  47.301  39.535  -10.038 0.1000000015
38582  46.966  39.424  -10.826 0.1000000015
38287  46.536  39.102  -11.544 0.1000000015
49420  46.063  38.856  -12.251 0.1000000015
38584  46.698  39.767  -11.453 0.1000000015
38585  46.304  39.726  -12.135 0.1000000015
38587  45.832  39.412  -12.822 0.1000000015
39631  45.061  43.131  7.224 0.1000000015
39916  44.944  44.303  6.471 0.1000000015
39912  44.701  43.876  7.343 0.1000000015
40447  44.708  46.068  5.221 0.1000000015
40983  44.388  47.423  4.455 0.1000000015
40986  44.396  48.120  3.650 0.1000000015
39651  47.975  42.743  -0.197 0.1000000015
39654  48.013  42.751  -1.011 0.1000000015
40197  46.879  44.703  0.783 0.1000000015
50271  46.432  45.369  1.234 0.1000000015
40453  46.003  45.781  1.998 0.1000000015
40457  45.589  46.670  2.105 0.1000000015
40456  45.995  46.267  1.285 0.1000000015
40722  45.142  47.409  2.553 0.1000000015
40989  44.715  48.093  2.865 0.1000000015
38573  48.160  39.317  -7.002 0.1000000015
38575  47.697  39.178  -8.688 0.1000000015
38578  47.567  39.772  -9.293 0.1000000015
39142  47.184  41.455  -10.210 0.1000000015
52827  47.185  40.042  -10.451 0.1000000015
38871  46.608  40.394  -11.686 0.1000000015
38873  46.217  40.548  -12.355 0.1000000015
39424  46.983  42.046  -10.508 0.1000000015
40179  44.428  44.808  7.027 0.1000000015
40183  44.671  45.135  6.226 0.1000000015
40443  44.375  46.012  5.952 0.1000000015
40714  44.347  46.708  5.298 0.1000000015
40987  43.993  48.359  4.280 0.1000000015
39406  48.235  41.847  -2.837 0.1000000015
57639  48.213  42.153  -2.080 0.1000000015
39657  48.015  42.727  -1.795 0.1000000015
39935  47.392  44.070  -0.353 0.1000000015
41228  44.294  48.708  3.145 0.1000000015
56739  44.066  48.686  3.736 0.1000000015
39655  47.716  43.406  -0.674 0.1000000015
40200  47.007  44.816  -0.067 0.1000000015
57531  46.677  45.300  0.461 0.1000000015
40460  46.346  45.964  0.523 0.1000000015
53081  45.341  47.433  1.836 0.1000000015
38856  48.518  40.408  -4.247 0.1000000015
38277  47.952  39.315  -7.850 0.1000000015
38577  47.597  40.531  -9.199 0.1000000015
38867  47.400  40.282  -9.863 0.1000000015
39140  47.272  42.001  -9.642 0.1000000015
54074  47.405  41.066  -9.684 0.1000000015
40176  44.121  44.564  7.864 0.1000000015
40439  44.169  45.593  6.751 0.1000000015
40984  43.760  48.137  4.997 0.1000000015
39658  47.753  43.393  -1.490 0.1000000015
39937  47.466  44.081  -1.158 0.1000000015
39130  48.358  41.186  -3.722 0.1000000015
51038  47.204  44.634  -0.804 0.1000000015
40201  46.653  45.628  -0.157 0.1000000015
40725  45.643  47.070  1.281 0.1000000015
40992  45.286  47.892  1.183 0.1000000015
40990  44.981  48.080  2.038 0.1000000015
41233  44.525  48.776  2.365 0.1000000015
41485  44.083  49.336  2.771 0.1000000015
40730  46.271  46.447  -0.267 0.1000000015
40724  45.961  46.738  0.582 0.1000000015
58641  48.464  40.451  -4.806 0.1000000015
54283  45.634  47.382  0.676 0.1000000015
56278  46.943  42.810  -10.154 0.1000000015
39678  46.655  43.529  -10.620 0.1000000015
40435  43.419  45.997  7.853 0.1000000015
40177  43.604  45.199  8.252 0.1000000015
40180  43.922  45.356  7.491 0.1000000015
40440  43.773  45.957  7.191 0.1000000015
40444  43.875  46.300  6.638 0.1000000015
40712  43.906  46.819  6.056 0.1000000015
40715  43.879  47.452  5.467 0.1000000015
59356  43.550  46.877  6.666 0.1000000015
41231  43.888  49.211  3.471 0.1000000015
39663  47.993  42.523  -3.197 0.1000000015
39660  48.020  42.625  -2.542 0.1000000015
39661  47.797  43.326  -2.296 0.1000000015
39408  48.041  42.095  -3.757 0.1000000015
39664  47.838  43.171  -3.065 0.1000000015
39939  47.523  44.085  -2.019 0.1000000015
40205  47.182  44.904  -1.607 0.1000000015
40203  46.918  45.295  -0.821 0.1000000015
41486  43.663  49.818  3.156 0.1000000015
39131  48.334  41.031  -4.757 0.1000000015
40462  46.609  45.924  -0.765 0.1000000015
40728  45.816  47.269  -0.022 0.1000000015
41235  44.761  48.824  1.392 0.1000000015
41488  44.200  49.580  1.948 0.1000000015
40463  46.750  45.847  -1.517 0.1000000015
51311  46.411  46.411  -1.054 0.1000000015
40994  45.433  47.925  0.335 0.1000000015
56665  48.404  40.506  -5.326 0.1000000015
38859  48.301  40.599  -6.102 0.1000000015
56223  48.084  40.075  -7.423 0.1000000015
55988  47.829  40.168  -8.425 0.1000000015
39955  46.580  44.285  -10.348 0.1000000015
53381  46.253  45.668  -10.647 0.1000000015
39957  46.442  44.133  -10.975 0.1000000015
40431  43.138  45.754  8.625 0.1000000015
40709  43.463  46.521  7.213 0.1000000015
40981  43.457  48.058  5.678 0.1000000015
56461  43.591  48.746  4.704 0.1000000015
41229  43.710  49.021  4.131 0.1000000015
39412  47.949  42.510  -4.614 0.1000000015
41762  43.203  50.349  3.506 0.1000000015
50903  48.150  41.717  -4.401 0.1000000015
50747  47.612  43.946  -2.885 0.1000000015
54288  43.836  49.904  2.526 0.1000000015
39411  48.116  41.801  -5.152 0.1000000015
40464  46.989  45.508  -2.242 0.1000000015
39133  48.248  41.178  -5.619 0.1000000015
40731  46.003  47.169  -0.990 0.1000000015
40996  45.551  47.944  -0.500 0.1000000015
41234  45.100  48.476  0.674 0.1000000015
38863  47.955  40.912  -7.731 0.1000000015
38864  47.654  41.377  -8.692 0.1000000015
39675  47.154  42.926  -9.347 0.1000000015
40225  46.480  45.094  -10.106 0.1000000015
39676  46.853  43.615  -9.840 0.1000000015
40436  42.971  46.379  8.367 0.1000000015
40977  43.390  47.538  6.311 0.1000000015
41221  43.237  48.768  5.399 0.1000000015
39409  47.879  42.898  -3.797 0.1000000015
41478  43.226  49.428  4.709 0.1000000015
41481  43.452  49.679  3.882 0.1000000015
41766  42.967  51.005  3.060 0.1000000015
41765  43.447  50.414  2.758 0.1000000015
39941  47.459  44.515  -3.560 0.1000000015
40207  47.294  44.848  -2.686 0.1000000015
41489  43.732  50.364  1.982 0.1000000015
39414  48.065  41.859  -5.954 0.1000000015
39417  47.992  41.874  -6.611 0.1000000015
40465  46.681  46.217  -2.388 0.1000000015
40733  46.368  46.674  -1.739 0.1000000015
41237  45.169  48.579  -0.045 0.1000000015
41238  44.787  49.142  0.463 0.1000000015
41491  44.313  49.785  1.020 0.1000000015
59306  44.029  50.049  1.545 0.1000000015
41769  43.218  51.022  2.298 0.1000000015
39135  48.148  41.281  -6.389 0.1000000015
39137  47.997  41.456  -7.110 0.1000000015
40734  45.997  47.440  -1.947 0.1000000015
40998  45.626  48.042  -1.415 0.1000000015
41492  43.867  50.495  1.227 0.1000000015
39138  47.829  41.671  -7.780 0.1000000015
59589  47.427  42.338  -8.872 0.1000000015
40223  46.608  45.223  -9.213 0.1000000015
39953  46.740  44.410  -9.541 0.1000000015
40432  42.691  46.296  8.994 0.1000000015
40707  43.034  46.780  7.808 0.1000000015
40710  43.118  47.189  7.109 0.1000000015
41482  42.952  50.212  4.295 0.1000000015
41763  42.678  50.938  3.858 0.1000000015
39666  47.757  43.400  -4.471 0.1000000015
42045  42.446  51.631  3.337 0.1000000015
48671  47.694  43.701  -3.692 0.1000000015
42048  42.764  51.650  2.580 0.1000000015
40209  47.210  45.223  -3.486 0.1000000015
40466  46.973  45.719  -3.005 0.1000000015
40999  46.322  46.979  -2.542 0.1000000015
52596  45.230  48.690  -0.905 0.1000000015
41241  44.851  49.286  -0.393 0.1000000015
41494  44.448  49.888  0.076 0.1000000015
41771  44.023  50.525  0.459 0.1000000015
57279  43.013  51.666  1.871 0.1000000015
41000  45.987  47.670  -2.723 0.1000000015
57162  45.684  48.147  -2.291 0.1000000015
58145  44.523  49.994  -0.771 0.1000000015
41768  43.442  51.079  1.553 0.1000000015
39671  47.514  43.189  -7.601 0.1000000015
39421  47.621  42.323  -8.121 0.1000000015
41244  44.887  49.421  -1.233 0.1000000015
49729  47.186  43.866  -8.216 0.1000000015
39673  47.333  43.064  -8.533 0.1000000015
39950  46.897  44.504  -8.710 0.1000000015
39952  47.022  43.730  -9.029 0.1000000015
40982  43.008  48.376  6.208 0.1000000015
41225  42.864  49.453  5.420 0.1000000015
40978  42.817  47.971  6.993 0.1000000015
39668  47.803  43.148  -5.172 0.1000000015
42046  41.979  52.204  3.545 0.1000000015
39943  47.550  44.243  -4.386 0.1000000015
59861  42.641  52.162  2.131 0.1000000015
39415  47.927  42.535  -5.552 0.1000000015
39418  47.878  42.492  -6.369 0.1000000015
39669  47.691  43.393  -6.042 0.1000000015
40211  47.296  45.083  -4.237 0.1000000015
40468  46.967  45.926  -3.944 0.1000000015
50350  46.610  46.581  -3.282 0.1000000015
58559  45.756  48.139  -2.865 0.1000000015
51731  47.702  42.995  -6.824 0.1000000015
54426  47.811  42.288  -7.208 0.1000000015
56952  46.236  47.299  -3.184 0.1000000015
41243  45.256  48.874  -1.893 0.1000000015
41774  44.134  50.601  -0.368 0.1000000015
41772  43.602  51.171  0.785 0.1000000015
42051  42.784  52.302  1.500 0.1000000015
41246  45.449  48.725  -2.932 0.1000000015
57101  44.869  49.602  -1.919 0.1000000015
41499  44.565  50.091  -1.567 0.1000000015
41775  43.740  51.225  -0.005 0.1000000015
42050  43.189  51.758  1.149 0.1000000015
40220  47.032  44.531  -8.027 0.1000000015
41247  45.000  49.500  -2.605 0.1000000015
41777  44.202  50.677  -1.191 0.1000000015
42053  43.300  51.940  0.314 0.1000000015
41502  44.684  50.149  -3.119 0.1000000015
41783  44.302  50.726  -2.787 0.1000000015
55517  44.615  50.130  -2.329 0.1000000015
41781  43.871  51.357  -1.662 0.1000000015
59040  43.505  51.806  -0.431 0.1000000015
41505  44.729  50.203  -3.953 0.1000000015
41787  44.330  50.804  -3.589 0.1000000015
41780  44.252  50.717  -2.002 0.1000000015
42058  43.443  52.096  -1.235 0.1000000015
59637  44.004  51.251  -3.193 0.1000000015
41784  43.937  51.323  -2.502 0.1000000015
42060  43.534  52.026  -2.251 0.1000000015
42064  43.653  51.867  -3.119 0.1000000015
40704  42.561  47.034  8.528 0.1000000015
53156  42.669  47.528  7.757 0.1000000015
41218  42.492  48.784  6.830 0.1000000015
41222  42.711  49.137  6.051 0.1000000015
42333  41.625  52.965  3.310 0.1000000015
39945  47.625  43.883  -5.178 0.1000000015
42332  42.249  52.379  2.758 0.1000000015
42335  42.353  52.780  1.931 0.1000000015
54447  46.637  46.661  -4.068 0.1000000015
40735  46.326  47.244  -3.851 0.1000000015
41004  46.076  47.786  -4.455 0.1000000015
56284  45.732  48.412  -4.343 0.1000000015
41002  45.888  48.023  -3.528 0.1000000015
42054  42.944  52.367  0.858 0.1000000015
41005  45.779  48.342  -5.082 0.1000000015
41249  45.452  48.885  -3.894 0.1000000015
41251  45.431  49.012  -4.763 0.1000000015
41504  45.095  49.610  -4.339 0.1000000015
41501  45.078  49.515  -3.470 0.1000000015
42056  43.172  52.458  -0.436 0.1000000015
42344  43.013  52.920  -1.117 0.1000000015
42350  43.174  52.733  -3.028 0.1000000015
42347  43.124  52.788  -1.961 0.1000000015
42037  42.054  51.617  4.225 0.1000000015
42328  41.113  53.140  4.033 0.1000000015
42607  41.099  53.705  3.423 0.1000000015
40471  47.071  45.706  -4.863 0.1000000015
40469  46.762  46.433  -4.674 0.1000000015
42336  41.879  53.214  2.457 0.1000000015
57918  46.542  46.861  -5.173 0.1000000015
40737  46.436  47.095  -4.592 0.1000000015
41006  46.186  47.552  -5.344 0.1000000015
42340  42.879  52.760  0.263 0.1000000015
52862  45.780  48.266  -5.960 0.1000000015
42604  40.647  53.777  4.094 0.1000000015
40474  47.063  45.596  -5.728 0.1000000015
40472  46.796  46.299  -5.415 0.1000000015
42610  41.997  53.539  1.673 0.1000000015
42338  42.507  53.035  1.046 0.1000000015
40475  46.744  46.241  -6.215 0.1000000015
53626  46.473  46.902  -5.854 0.1000000015
54098  42.454  53.513  0.203 0.1000000015
41007  46.104  47.552  -6.311 0.1000000015
42342  42.792  53.178  -0.437 0.1000000015
59990  42.706  53.497  -1.006 0.1000000015
42348  42.783  53.484  -2.496 0.1000000015
42042  41.545  52.438  4.109 0.1000000015
40740  46.389  46.867  -6.689 0.1000000015
41472  42.208  49.558  6.587 0.1000000015
41475  42.435  49.850  5.835 0.1000000015
36453  43.656  32.044  -14.350 0.1000000015
37076  47.524  34.675  -6.670 0.1000000015
39926  47.068  43.811  1.746 0.1000000015
37393  44.433  35.332  -12.857 0.1000000015
37993  45.502  37.262  -12.261 0.1000000015
54043  48.264  42.115  -1.373 0.1000000015
54470  45.965  40.051  -12.729 0.1000000015
38868  47.165  40.772  -10.459 0.1000000015
38870  46.943  40.221  -11.022 0.1000000015
38861  48.151  40.720  -6.897 0.1000000015
50470  47.538  43.595  -6.881 0.1000000015
39948  47.284  44.165  -7.398 0.1000000015
41778  43.823  51.295  -0.811 0.1000000015
42063  43.877  51.589  -3.959 0.1000000015
33142  53.594  22.352  -1.393 0.1000000015
51076  54.172  21.697  -0.809 0.1000000015
33139  53.718  22.313  -0.404 0.1000000015
32778  54.680  21.105  1.400 0.1000000015
33484  53.214  22.955  -0.793 0.1000000015
33138  54.214  21.709  0.063 0.1000000015
33135  54.233  21.688  0.946 0.1000000015
33136  53.751  22.276  0.490 0.1000000015
