#!ascii label  , from subject sub-1016 vox2ras=TkReg
1609
16612  5.580  -26.017  44.274 0.2222220004
16257  5.252  -26.573  44.040 0.2222220004
16256  5.956  -26.820  44.206 0.2222220004
16617  4.848  -26.010  43.971 0.2222220004
15874  6.625  -28.018  44.048 0.1111110002
16255  6.662  -27.371  44.255 0.2222220004
16936  4.329  -25.256  43.830 0.2222220004
16253  8.112  -27.514  44.475 0.2222220004
15873  7.349  -27.927  44.230 0.1111110002
16608  8.190  -26.840  44.686 0.1111110002
16254  7.428  -26.969  44.524 0.1111110002
52609  6.696  -26.687  44.451 0.2222220004
16609  7.866  -26.244  44.815 0.1111110002
16610  7.100  -26.168  44.688 0.1111110002
16926  7.866  -25.059  45.130 0.2222220004
16932  7.511  -25.567  44.942 0.1111110002
16611  6.343  -26.077  44.501 0.2222220004
16933  6.768  -25.432  44.789 0.2222220004
16934  5.972  -25.319  44.565 0.2222220004
16935  5.164  -25.267  44.258 0.2222220004
15104  9.308  -29.309  43.984 0.1111110002
15871  8.979  -28.499  44.234 0.1111110002
16247  8.794  -27.167  44.651 0.1111110002
55135  8.727  -26.290  44.918 0.1111110002
57176  8.873  -25.526  45.162 0.3333329856
16601  8.224  -25.605  45.055 0.2222220004
16925  8.488  -24.931  45.285 0.3333329856
16927  7.251  -24.869  45.059 0.4444440007
17284  7.089  -24.232  45.170 0.4444440007
17285  6.636  -23.838  45.121 0.4444440007
17290  6.456  -24.575  44.899 0.4444440007
17291  5.570  -24.522  44.579 0.2222220004
17654  5.956  -23.789  44.893 0.4444440007
51091  5.161  -23.718  44.565 0.2222220004
17292  4.770  -24.448  44.210 0.2222220004
17297  4.044  -24.309  43.806 0.2222220004
53881  9.839  -28.600  44.235 0.1111110002
16245  10.216  -27.160  44.693 0.1111110002
16252  9.491  -27.714  44.507 0.1111110002
16246  9.504  -26.772  44.811 0.1111110002
16600  9.610  -25.841  45.119 0.1111110002
16924  9.292  -24.955  45.375 0.3333329856
56795  8.823  -24.082  45.553 0.4444440007
17283  7.838  -24.334  45.329 0.3333329856
17648  8.085  -23.598  45.551 0.4444440007
57574  7.282  -23.532  45.383 0.4444440007
17650  5.532  -23.012  44.901 0.4444440007
17656  4.413  -23.606  44.186 0.2222220004
15870  10.369  -27.942  44.440 0.1111110002
16267  16.773  -27.393  42.811 0.4444440007
56236  10.163  -26.453  44.938 0.1111110002
15876  15.649  -28.047  43.240 0.2222220004
17282  9.797  -24.255  45.597 0.3333329856
18012  9.215  -22.477  45.907 0.6666669846
17647  8.657  -23.119  45.736 0.5555559993
18013  8.381  -22.291  45.824 0.6666669846
51081  7.834  -22.889  45.633 0.6666669846
18015  6.592  -22.155  45.427 0.5555559993
17649  6.414  -23.056  45.219 0.4444440007
18021  4.369  -22.149  44.625 0.4444440007
18022  3.614  -21.989  44.293 0.2222220004
18029  2.228  -22.111  43.154 0.2222220004
16615  15.333  -26.567  43.726 0.3333329856
16259  15.148  -27.429  43.583 0.2222220004
16616  14.476  -26.851  43.936 0.2222220004
51074  10.829  -27.420  44.580 0.1111110002
16258  15.986  -27.161  43.295 0.3333329856
53382  14.495  -27.688  43.737 0.2222220004
16607  10.926  -26.650  44.836 0.1111110002
15877  14.914  -28.236  43.487 0.2222220004
15878  14.097  -28.402  43.701 0.1111110002
16598  11.388  -25.814  45.067 0.2222220004
56710  16.681  -26.442  43.107 0.4444440007
15487  14.800  -29.582  43.235 0.2222220004
52736  10.145  -25.053  45.379 0.2222220004
17281  10.613  -24.343  45.572 0.5555559993
17646  9.594  -23.334  45.789 0.6666669846
18394  7.602  -21.146  45.794 0.5555559993
18395  6.747  -21.248  45.579 0.5555559993
53181  5.281  -20.978  45.249 0.4444440007
18404  3.998  -21.368  44.733 0.3333329856
15481  11.540  -28.750  44.108 0.1111110002
15869  11.140  -28.024  44.362 0.1111110002
16251  11.490  -27.314  44.547 0.1111110002
16260  13.831  -27.510  43.959 0.2222220004
15868  11.922  -27.992  44.269 0.1111110002
16602  14.788  -25.967  44.093 0.4444440007
57760  12.596  -27.882  44.169 0.1111110002
16606  11.845  -26.533  44.758 0.3333329856
51309  17.402  -26.823  42.508 0.4444440007
59106  16.843  -25.806  43.230 0.5555559993
16613  16.374  -25.746  43.516 0.4444440007
16614  15.999  -26.320  43.522 0.4444440007
56670  14.981  -25.258  44.284 0.4444440007
17280  11.439  -24.317  45.515 0.3333329856
16623  17.403  -25.842  42.851 0.5555559993
16937  16.919  -25.197  43.430 0.4444440007
16938  16.193  -25.041  43.850 0.4444440007
17287  16.065  -24.386  44.113 0.4444440007
17645  10.987  -23.606  45.733 0.5555559993
16622  18.105  -26.300  42.137 0.5555559993
16943  17.667  -24.935  43.075 0.6666669846
56101  17.242  -24.518  43.515 0.4444440007
17295  17.161  -23.884  43.856 0.5555559993
17286  16.439  -23.825  44.234 0.5555559993
59724  16.550  -22.790  44.637 0.5555559993
18004  11.276  -22.694  45.888 0.5555559993
17640  10.434  -23.037  45.869 0.6666669846
17302  18.424  -24.555  42.829 0.6666669846
17294  17.814  -24.137  43.377 0.6666669846
17652  16.946  -23.128  44.314 0.5555559993
18020  16.885  -22.367  44.642 0.5555559993
54042  16.837  -21.680  44.870 0.6666669846
58892  9.914  -22.599  45.934 0.5555559993
18019  17.640  -21.832  44.478 0.6666669846
18393  8.149  -21.611  45.863 0.5555559993
18772  7.121  -20.593  45.728 0.5555559993
18396  5.976  -21.546  45.325 0.5555559993
18398  4.430  -20.787  45.061 0.5555559993
18403  4.755  -21.547  44.965 0.4444440007
18781  3.671  -20.580  44.882 0.5555559993
16603  14.116  -26.123  44.216 0.2222220004
16249  13.047  -27.300  44.183 0.2222220004
16597  12.201  -25.732  44.966 0.4444440007
16922  11.809  -25.052  45.248 0.5555559993
54453  14.249  -25.357  44.502 0.4444440007
16596  12.920  -25.484  44.869 0.4444440007
54099  12.462  -25.065  45.133 0.4444440007
17289  14.764  -24.528  44.664 0.4444440007
53649  18.254  -25.408  42.491 0.5555559993
17288  15.606  -23.917  44.566 0.5555559993
17651  17.513  -22.595  44.264 0.6666669846
18008  16.173  -22.490  44.894 0.5555559993
56727  16.501  -22.070  44.898 0.5555559993
18005  10.508  -22.238  45.985 0.5555559993
17293  18.560  -23.718  43.183 0.5555559993
18026  18.210  -22.403  43.991 0.5555559993
18006  9.786  -21.886  46.015 0.5555559993
18007  8.926  -21.597  45.976 0.5555559993
18387  8.329  -20.979  45.930 0.5555559993
54780  6.013  -20.876  45.442 0.5555559993
16604  13.534  -25.855  44.539 0.2222220004
16248  13.628  -26.675  44.237 0.2222220004
16931  13.556  -25.108  44.842 0.4444440007
17279  12.367  -24.303  45.394 0.5555559993
17276  14.866  -23.710  44.951 0.5555559993
17277  14.088  -23.983  45.121 0.4444440007
16930  14.045  -24.695  44.857 0.4444440007
16920  13.586  -24.511  45.069 0.4444440007
16942  19.005  -24.993  42.272 0.5555559993
17653  16.188  -23.191  44.631 0.4444440007
17641  15.399  -23.009  45.010 0.4444440007
17642  14.482  -23.126  45.278 0.4444440007
17658  18.709  -22.917  43.496 0.5555559993
56293  15.572  -22.262  45.172 0.5555559993
57270  14.882  -22.366  45.362 0.5555559993
18402  17.332  -21.087  44.794 0.6666669846
54609  15.740  -21.147  45.325 0.6666669846
18389  16.097  -21.758  45.119 0.6666669846
16628  19.557  -26.529  41.282 0.4444440007
17644  11.844  -23.496  45.680 0.5555559993
16627  19.889  -25.777  41.438 0.5555559993
16949  19.533  -25.272  41.854 0.5555559993
17278  13.238  -24.033  45.321 0.4444440007
56516  19.267  -24.165  42.562 0.7777780294
53448  12.740  -23.379  45.582 0.4444440007
18011  12.232  -22.647  45.801 0.4444440007
17666  19.293  -23.309  42.987 0.5555559993
17643  13.619  -23.250  45.461 0.4444440007
17657  19.340  -22.655  43.274 0.5555559993
54472  15.303  -21.696  45.371 0.5555559993
18010  13.123  -22.527  45.697 0.4444440007
18025  18.980  -22.185  43.672 0.6666669846
18009  14.021  -22.425  45.555 0.5555559993
18018  18.521  -21.641  44.113 0.6666669846
18765  8.521  -20.267  45.967 0.5555559993
18766  7.767  -20.402  45.845 0.5555559993
18401  18.100  -21.049  44.475 0.6666669846
18388  16.510  -20.959  45.110 0.6666669846
16280  20.971  -26.946  40.581 0.4444440007
16639  20.401  -26.387  40.968 0.4444440007
16948  20.194  -25.008  41.643 0.5555559993
56095  19.604  -24.740  42.080 0.6666669846
54764  19.955  -23.583  42.478 0.6666669846
17665  19.913  -22.834  42.867 0.5555559993
18409  19.277  -21.463  43.767 0.6666669846
18400  18.851  -20.917  44.141 0.6666669846
18390  14.485  -21.662  45.575 0.5555559993
59572  17.108  -20.530  44.940 0.6666669846
18779  18.434  -20.345  44.404 0.6666669846
18780  17.722  -20.462  44.706 0.6666669846
16626  20.704  -25.635  41.111 0.6666669846
16947  20.984  -24.922  41.257 0.6666669846
17309  20.608  -24.451  41.684 0.6666669846
17664  20.580  -23.088  42.345 0.5555559993
18032  20.491  -22.329  42.729 0.5555559993
18024  19.780  -22.041  43.276 0.6666669846
18023  20.467  -21.594  43.025 0.6666669846
18769  15.740  -20.335  45.362 0.6666669846
54789  15.017  -20.975  45.519 0.6666669846
18408  19.948  -21.237  43.462 0.6666669846
18778  19.143  -20.221  44.068 0.6666669846
18768  16.629  -20.157  45.101 0.6666669846
18399  19.532  -20.771  43.814 0.6666669846
18767  17.294  -19.970  44.862 0.6666669846
19160  17.970  -19.776  44.572 0.5555559993
17300  20.620  -23.835  41.971 0.5555559993
18031  21.033  -21.851  42.547 0.6666669846
57156  20.069  -20.640  43.520 0.6666669846
18786  19.807  -20.123  43.704 0.6666669846
19161  17.410  -19.287  44.717 0.6666669846
18785  20.495  -20.133  43.246 0.6666669846
19158  19.418  -19.515  43.877 0.5555559993
17307  21.847  -24.018  41.112 0.7777780294
17672  21.324  -23.389  41.727 0.5555559993
17663  21.146  -22.562  42.208 0.5555559993
18407  20.501  -20.902  43.193 0.6666669846
18415  20.994  -21.178  42.764 0.6666669846
59707  20.945  -20.578  42.891 0.6666669846
19518  18.164  -18.932  44.340 0.5555559993
19166  20.098  -19.413  43.475 0.4444440007
19159  18.704  -19.618  44.237 0.5555559993
17313  22.296  -24.539  40.658 0.7777780294
17306  22.528  -23.916  40.723 0.6666669846
54276  23.090  -24.682  40.272 0.7777780294
53442  21.786  -22.689  41.695 0.5555559993
18030  21.620  -22.001  42.063 0.6666669846
18414  21.452  -21.415  42.353 0.5555559993
19525  19.690  -18.780  43.636 0.4444440007
19165  20.810  -19.271  43.015 0.4444440007
18036  22.751  -22.313  41.054 0.6666669846
58316  22.316  -22.717  41.271 0.6666669846
18037  22.196  -22.125  41.560 0.6666669846
18420  22.063  -21.323  41.858 0.6666669846
52880  21.529  -20.689  42.411 0.5555559993
18791  21.200  -19.957  42.731 0.5555559993
18790  21.790  -19.935  42.281 0.4444440007
55054  23.159  -23.823  40.423 0.6666669846
18040  23.251  -22.563  40.634 0.6666669846
18424  23.329  -21.641  40.705 0.7777780294
18419  22.617  -21.668  41.303 0.6666669846
54897  22.771  -20.934  41.332 0.6666669846
18796  22.241  -20.401  41.872 0.5555559993
19170  21.639  -19.111  42.462 0.3333329856
19176  22.364  -19.512  41.924 0.5555559993
16646  29.246  -25.977  38.342 0.5555559993
16966  29.663  -25.262  38.019 0.7777780294
16967  28.979  -25.291  38.315 0.8888890147
17323  29.651  -24.255  37.926 0.7777780294
59086  29.310  -24.865  38.119 0.8888890147
16968  28.332  -24.986  38.577 0.8888890147
58891  29.008  -23.865  38.214 0.8888890147
17324  28.933  -24.569  38.259 0.8888890147
16960  27.683  -25.406  38.968 0.7777780294
17325  28.332  -24.035  38.519 0.7777780294
17315  27.691  -24.545  38.834 0.7777780294
54952  27.024  -24.897  39.122 0.7777780294
17316  27.080  -24.035  39.016 0.7777780294
17317  26.247  -24.307  39.323 0.7777780294
16962  25.587  -24.995  39.542 0.7777780294
16954  24.069  -25.175  39.860 0.7777780294
17318  25.327  -24.092  39.591 0.7777780294
17319  24.640  -23.887  39.814 0.7777780294
17312  23.921  -24.114  40.064 0.7777780294
17680  24.247  -23.245  40.000 0.6666669846
17673  23.526  -23.232  40.347 0.6666669846
18802  23.479  -20.578  40.888 0.7777780294
16972  31.172  -25.033  37.259 0.5555559993
16965  30.573  -25.764  37.650 0.5555559993
53973  29.905  -25.958  38.015 0.6666669846
17322  30.374  -24.862  37.629 0.5555559993
17332  30.374  -23.978  37.519 0.7777780294
17690  30.092  -23.285  37.657 0.8888890147
17682  29.409  -23.235  38.029 0.8888890147
17683  28.695  -23.168  38.365 0.7777780294
17326  27.682  -23.819  38.798 0.7777780294
18049  29.857  -22.439  37.852 0.7777780294
17684  27.994  -23.195  38.686 0.6666669846
17685  27.308  -23.231  38.952 0.7777780294
58070  30.288  -21.801  37.720 0.7777780294
18432  29.714  -21.485  38.110 0.7777780294
18050  29.135  -22.347  38.218 0.7777780294
17677  26.565  -23.335  39.188 0.7777780294
17678  25.771  -23.368  39.440 0.7777780294
17679  24.987  -23.267  39.693 0.6666669846
18431  30.499  -21.002  37.909 0.7777780294
18051  28.310  -22.293  38.625 0.6666669846
18052  27.633  -22.587  38.887 0.7777780294
18043  26.897  -22.377  39.162 0.7777780294
18045  25.412  -22.517  39.580 0.8888890147
19191  31.035  -19.641  38.258 0.7777780294
18814  30.289  -20.193  38.320 0.7777780294
59997  29.978  -20.806  38.207 0.7777780294
18433  28.873  -21.474  38.498 0.7777780294
57041  28.220  -21.456  38.817 0.7777780294
18434  27.640  -21.830  38.994 0.7777780294
18046  24.592  -22.465  39.856 0.7777780294
18039  23.831  -22.465  40.227 0.7777780294
18815  29.408  -20.590  38.526 0.6666669846
18816  28.519  -20.745  38.876 0.6666669846
57428  23.951  -21.002  40.442 0.7777780294
18423  24.159  -21.663  40.060 0.7777780294
19193  29.683  -19.623  38.756 0.5555559993
18804  28.824  -19.885  39.019 0.6666669846
16971  31.815  -25.149  36.972 0.4444440007
17330  31.836  -24.271  36.907 0.4444440007
17331  31.000  -24.140  37.232 0.5555559993
17689  30.774  -23.282  37.290 0.7777780294
18057  30.507  -22.480  37.462 0.7777780294
18439  30.915  -21.654  37.430 0.8888890147
18813  31.310  -20.807  37.582 0.8888890147
18812  31.643  -19.999  37.861 0.7777780294
57006  30.962  -20.318  37.989 0.7777780294
19190  31.882  -19.058  38.160 0.8888890147
53990  30.939  -18.870  38.531 0.5555559993
19184  29.069  -18.929  39.190 0.5555559993
19548  32.576  -18.104  38.170 0.5555559993
19549  31.499  -18.142  38.510 0.5555559993
19550  30.687  -18.203  38.755 0.5555559993
19192  30.053  -18.742  38.871 0.5555559993
16649  31.415  -25.915  37.224 0.2222220004
17694  32.966  -23.206  36.419 0.5555559993
17329  32.651  -24.026  36.563 0.4444440007
17688  31.514  -23.324  37.004 0.5555559993
18062  33.303  -22.425  36.304 0.5555559993
17687  32.267  -23.299  36.709 0.5555559993
18054  32.662  -22.458  36.592 0.6666669846
18055  31.976  -22.469  36.877 0.7777780294
53159  32.416  -21.799  36.817 0.7777780294
18056  31.232  -22.447  37.146 0.7777780294
18438  31.778  -21.510  37.119 0.8888890147
18437  32.587  -21.046  36.987 0.7777780294
18821  32.108  -20.512  37.368 0.7777780294
18811  32.473  -19.687  37.676 0.7777780294
19196  33.334  -19.433  37.453 0.7777780294
55796  33.373  -18.904  37.660 0.8888890147
58198  33.845  -18.850  37.473 0.8888890147
19547  33.392  -18.432  37.780 0.7777780294
19189  32.858  -18.934  37.846 0.8888890147
58890  34.018  -17.361  37.676 0.4444440007
49310  33.436  -17.696  37.902 0.6666669846
49782  32.839  -17.200  38.225 0.4444440007
19897  31.964  -17.197  38.504 0.4444440007
16970  32.220  -25.624  36.805 0.2222220004
16977  32.898  -25.275  36.468 0.3333329856
52237  32.415  -24.832  36.704 0.4444440007
59901  32.997  -24.581  36.422 0.3333329856
17693  33.512  -23.088  36.151 0.6666669846
17336  33.391  -23.899  36.210 0.4444440007
18444  33.085  -21.575  36.590 0.7777780294
18436  33.205  -20.757  36.844 0.7777780294
18819  33.738  -20.125  36.954 0.7777780294
56909  34.035  -19.388  37.176 0.8888890147
19195  34.648  -18.866  37.068 0.8888890147
19554  35.054  -18.042  37.073 0.8888890147
19555  34.166  -18.095  37.495 0.8888890147
19901  35.381  -17.343  36.989 0.8888890147
19902  34.645  -17.378  37.330 0.7777780294
16976  33.579  -24.817  36.086 0.2222220004
18061  33.900  -22.520  36.016 0.7777780294
18442  34.765  -20.949  36.029 0.6666669846
53204  34.447  -21.849  35.893 0.7777780294
18441  35.454  -20.652  35.781 0.8888890147
56971  34.200  -21.172  36.223 0.7777780294
55129  33.768  -21.733  36.242 0.8888890147
18443  33.718  -20.950  36.543 0.8888890147
18824  35.733  -19.860  36.037 0.8888890147
18825  35.017  -20.154  36.290 0.8888890147
18826  34.334  -20.492  36.484 0.8888890147
18818  34.529  -19.728  36.798 0.8888890147
19200  35.258  -19.375  36.550 0.8888890147
19199  35.517  -18.620  36.700 0.8888890147
19553  35.832  -17.914  36.699 0.8888890147
17340  34.948  -23.944  35.263 0.3333329856
16975  34.397  -24.662  35.580 0.4444440007
17335  33.969  -24.134  35.896 0.5555559993
17334  34.405  -23.879  35.637 0.4444440007
17692  34.030  -23.358  35.876 0.6666669846
18067  34.944  -22.430  35.472 0.6666669846
18060  34.386  -22.680  35.736 0.7777780294
19556  36.173  -18.439  36.379 0.8888890147
53778  36.002  -19.101  36.243 0.8888890147
19905  36.643  -17.807  36.225 0.8888890147
20223  36.764  -16.823  36.216 0.7777780294
19900  36.067  -17.185  36.634 0.7777780294
17697  35.305  -23.120  35.105 0.5555559993
18830  36.155  -20.374  35.499 0.8888890147
18823  36.448  -19.605  35.720 0.8888890147
19198  36.765  -18.768  35.872 0.8888890147
19559  37.366  -18.119  35.604 0.8888890147
19904  37.308  -17.325  35.823 0.8888890147
18066  35.716  -22.180  35.042 0.7777780294
18065  36.433  -21.628  34.766 0.7777780294
56194  35.892  -21.185  35.268 0.8888890147
18829  36.898  -20.176  35.086 1.0000000000
18828  37.529  -19.663  34.833 1.0000000000
19203  37.037  -19.411  35.376 0.8888890147
19558  37.988  -18.329  34.961 1.0000000000
19908  37.887  -17.572  35.282 0.8888890147
17703  36.009  -23.042  34.668 0.3333329856
18070  36.365  -22.385  34.566 0.5555559993
18447  36.497  -20.873  35.033 0.7777780294
18836  37.483  -20.343  34.523 0.7777780294
19206  38.178  -19.159  34.453 1.0000000000
19202  37.481  -18.897  35.209 1.0000000000
19562  38.451  -17.794  34.662 1.0000000000
19907  38.367  -17.062  34.933 1.0000000000
20225  37.758  -16.757  35.497 0.8888890147
18452  37.115  -21.065  34.496 0.6666669846
18835  38.064  -20.066  34.207 0.8888890147
51699  38.540  -18.455  34.379 1.0000000000
58370  38.863  -17.321  34.417 1.0000000000
20228  38.875  -16.609  34.520 1.0000000000
54128  36.378  -23.710  34.312 0.3333329856
17702  36.683  -22.969  34.231 0.3333329856
18069  37.070  -22.127  34.201 0.5555559993
18451  37.878  -20.855  34.024 0.6666669846
19910  39.497  -17.081  33.957 1.0000000000
20227  39.402  -16.155  34.109 1.0000000000
17701  37.438  -23.002  33.881 0.3333329856
59485  37.020  -23.569  34.016 0.3333329856
18068  37.929  -22.319  33.691 0.4444440007
51599  37.672  -21.574  33.951 0.5555559993
18450  38.586  -20.643  33.636 0.6666669846
18834  38.754  -19.828  33.748 0.8888890147
19205  38.981  -18.995  33.796 0.8888890147
19561  39.154  -18.042  33.954 1.0000000000
59891  39.888  -16.472  33.688 1.0000000000
20538  39.899  -15.736  33.645 1.0000000000
18077  38.781  -22.516  33.301 0.2222220004
18458  38.445  -21.555  33.451 0.3333329856
18833  39.513  -19.724  33.223 0.8888890147
53676  40.363  -16.285  33.217 1.0000000000
20537  40.447  -15.396  33.089 1.0000000000
20839  39.886  -14.797  33.546 0.8888890147
18843  39.285  -20.481  33.219 0.5555559993
56092  39.110  -21.150  33.205 0.6666669846
19914  39.969  -17.843  33.388 0.8888890147
20231  40.181  -17.056  33.337 0.8888890147
20841  41.077  -15.115  32.498 1.0000000000
20838  40.509  -14.302  32.921 0.8888890147
21175  40.841  -13.550  32.576 1.0000000000
53444  40.066  -20.465  32.876 0.6666669846
19212  39.932  -18.864  33.117 0.8888890147
18842  40.230  -19.796  32.825 0.7777780294
19565  40.452  -18.315  32.947 0.8888890147
19913  40.612  -17.692  32.915 0.8888890147
20230  40.813  -16.925  32.814 0.8888890147
20541  40.973  -16.062  32.679 0.8888890147
20845  41.742  -14.857  31.928 1.0000000000
20840  41.210  -14.179  32.285 1.0000000000
21174  41.359  -13.276  32.160 1.0000000000
21517  40.889  -12.729  32.604 1.0000000000
21870  41.729  -11.408  32.408 0.7777780294
55029  40.734  -18.838  32.715 0.7777780294
21520  42.731  -12.579  31.287 1.0000000000
21179  41.864  -13.902  31.766 1.0000000000
21521  42.018  -12.938  31.726 1.0000000000
21875  42.939  -11.625  31.429 1.0000000000
21515  42.216  -11.982  31.838 1.0000000000
21516  41.512  -12.341  32.212 1.0000000000
21869  42.440  -11.057  32.045 0.8888890147
21871  41.042  -11.784  32.746 1.0000000000
22196  43.125  -10.701  31.592 0.7777780294
19564  41.069  -18.348  32.632 0.8888890147
19912  41.333  -17.631  32.484 0.8888890147
20234  41.520  -16.760  32.296 0.8888890147
20540  41.633  -15.812  32.117 0.8888890147
20844  42.406  -14.552  31.366 1.0000000000
21178  42.551  -13.565  31.261 1.0000000000
21519  43.504  -12.224  30.882 1.0000000000
21874  43.663  -11.274  30.963 1.0000000000
22195  43.805  -10.360  31.064 0.7777780294
19916  42.235  -17.561  32.005 0.7777780294
20233  42.270  -16.469  31.813 0.7777780294
20544  42.316  -15.510  31.582 0.8888890147
21528  44.135  -12.844  30.440 1.0000000000
21177  43.338  -13.208  30.857 1.0000000000
21527  44.982  -12.508  30.104 1.0000000000
21884  44.280  -11.879  30.434 1.0000000000
21873  44.428  -10.952  30.487 1.0000000000
22194  44.558  -10.062  30.537 1.0000000000
20543  43.015  -15.189  31.075 1.0000000000
20847  44.672  -14.415  30.188 0.8888890147
21183  43.992  -13.844  30.492 1.0000000000
20843  43.181  -14.219  30.915 1.0000000000
21883  45.144  -11.577  30.108 1.0000000000
22205  45.293  -10.680  30.125 1.0000000000
19920  43.138  -17.953  31.590 0.4444440007
20237  42.979  -17.008  31.495 0.5555559993
54161  42.943  -16.087  31.313 0.7777780294
58007  44.615  -15.218  30.248 0.8888890147
20848  43.874  -14.945  30.589 0.7777780294
58089  43.518  -15.750  30.887 1.0000000000
21182  44.819  -13.463  30.130 0.8888890147
21191  45.515  -14.076  29.965 0.8888890147
21181  45.710  -13.146  29.951 0.8888890147
21526  45.895  -12.221  29.949 1.0000000000
21882  46.074  -11.317  29.952 1.0000000000
22535  45.437  -9.821  30.155 1.0000000000
59784  44.264  -8.035  31.219 0.5555559993
23147  44.111  -6.749  31.691 0.3333329856
20547  44.229  -15.957  30.515 0.6666669846
20236  43.596  -16.526  31.006 0.5555559993
20856  45.312  -14.970  29.996 0.7777780294
20855  46.171  -14.709  29.826 0.7777780294
21190  46.414  -13.793  29.841 0.7777780294
21534  46.627  -12.871  29.865 0.8888890147
21525  46.818  -11.970  29.891 1.0000000000
22204  46.222  -10.456  29.961 1.0000000000
22534  46.371  -9.644  29.972 1.0000000000
22525  45.596  -8.989  30.213 1.0000000000
57660  45.744  -8.078  30.257 0.7777780294
22842  44.825  -8.425  30.669 0.5555559993
55323  44.816  -7.695  30.807 0.5555559993
56381  45.418  -7.333  30.521 0.5555559993
23462  44.694  -6.259  31.173 0.3333329856
23799  43.992  -6.039  31.900 0.1111110002
59415  43.854  -5.428  32.073 0.1111110002
23800  43.558  -5.054  32.442 0.1111110002
24135  43.096  -4.842  32.975 0.1111110002
24138  43.491  -4.344  32.402 0.1111110002
53022  43.916  -18.226  31.192 0.5555559993
57799  44.301  -17.645  30.803 0.5555559993
20240  44.265  -16.904  30.680 0.5555559993
20546  45.038  -15.800  30.075 0.7777780294
50691  47.376  -15.883  29.597 0.4444440007
20854  47.078  -14.459  29.730 0.5555559993
52976  48.161  -15.847  29.531 0.3333329856
20550  47.675  -15.135  29.628 0.5555559993
20853  48.000  -14.245  29.658 0.4444440007
21189  47.345  -13.529  29.773 0.6666669846
21533  47.520  -12.610  29.825 0.6666669846
21881  47.050  -11.064  29.903 1.0000000000
22533  47.290  -9.540  29.879 1.0000000000
22849  47.540  -8.777  29.839 1.0000000000
22850  46.572  -8.838  29.959 1.0000000000
52685  47.845  -8.068  29.797 1.0000000000
50218  46.877  -8.047  29.952 1.0000000000
23154  47.284  -7.232  29.906 1.0000000000
23155  46.235  -7.330  30.170 0.6666669846
50217  46.502  -6.706  30.110 0.5555559993
23461  45.594  -6.623  30.520 0.5555559993
23150  44.775  -7.007  31.017 0.3333329856
23468  47.141  -6.334  29.939 0.6666669846
23804  44.531  -5.383  31.405 0.1111110002
23469  46.278  -6.023  30.245 0.3333329856
23803  45.403  -5.735  30.730 0.3333329856
19571  44.274  -19.153  31.177 0.2222220004
19575  44.685  -18.304  30.693 0.4444440007
19919  43.694  -17.386  31.139 0.5555559993
19574  45.103  -19.093  30.601 0.3333329856
20239  44.805  -16.508  30.294 0.5555559993
20249  45.530  -16.497  29.950 0.5555559993
20552  45.897  -15.618  29.840 0.4444440007
20551  46.799  -15.361  29.696 0.4444440007
20246  48.618  -16.576  29.416 0.1111110002
51169  48.548  -15.012  29.558 0.1111110002
20852  48.903  -14.127  29.547 0.2222220004
21188  48.340  -13.209  29.686 0.4444440007
21532  48.212  -12.318  29.782 0.5555559993
21524  47.673  -11.772  29.863 0.8888890147
21879  48.616  -10.863  29.862 0.8888890147
21880  47.887  -11.043  29.889 1.0000000000
51823  47.501  -10.659  29.905 1.0000000000
22202  47.923  -10.272  29.895 1.0000000000
22203  47.074  -10.268  29.910 1.0000000000
22848  48.394  -8.732  29.790 1.0000000000
22532  48.172  -9.454  29.852 1.0000000000
23153  48.299  -7.490  29.701 1.0000000000
23467  48.002  -6.673  29.731 0.8888890147
23808  47.780  -5.846  29.732 0.4444440007
23809  46.948  -5.530  30.001 0.3333329856
19922  45.002  -17.360  30.306 0.5555559993
20248  46.575  -16.367  29.683 0.4444440007
20247  47.620  -16.701  29.514 0.3333329856
19927  48.261  -17.361  29.354 0.1111110002
53771  49.018  -15.763  29.451 0.1111110002
19925  49.913  -17.048  29.088 0.1111110002
21531  48.973  -12.359  29.647 0.5555559993
21523  48.444  -11.638  29.813 0.6666669846
21889  49.165  -11.464  29.712 0.7777780294
22530  49.661  -9.167  29.736 0.7777780294
22200  49.501  -9.902  29.762 0.7777780294
21878  49.342  -10.671  29.759 0.7777780294
22529  50.279  -8.982  29.562 0.8888890147
22201  48.781  -10.081  29.869 0.8888890147
22846  49.762  -8.459  29.605 0.8888890147
22531  48.966  -9.324  29.826 1.0000000000
22847  49.116  -8.614  29.738 1.0000000000
53071  48.584  -8.150  29.719 1.0000000000
23152  49.162  -7.839  29.587 1.0000000000
23466  48.835  -6.986  29.530 1.0000000000
19573  45.616  -18.294  30.139 0.3333329856
19930  45.996  -17.292  29.832 0.3333329856
50246  46.837  -17.202  29.613 0.3333329856
20245  49.441  -16.465  29.305 0.1111110002
51596  49.396  -14.938  29.429 0.1111110002
20556  50.846  -15.290  28.875 0.1111110002
20243  50.471  -15.833  29.053 0.1111110002
57393  50.074  -16.357  29.157 0.1111110002
21187  49.277  -13.269  29.507 0.5555559993
51741  49.590  -11.986  29.517 0.6666669846
59169  50.183  -10.797  29.367 0.6666669846
56870  49.940  -10.444  29.558 0.7777780294
21888  49.861  -11.255  29.497 0.7777780294
22208  50.507  -10.341  29.272 0.7777780294
22199  50.135  -9.723  29.592 0.7777780294
22845  50.369  -8.243  29.417 0.8888890147
57028  49.835  -7.872  29.474 1.0000000000
23465  49.579  -7.253  29.399 1.0000000000
23807  48.583  -6.164  29.513 0.7777780294
23474  49.329  -6.475  29.303 1.0000000000
19929  46.567  -17.973  29.717 0.3333329856
19928  47.434  -17.662  29.469 0.2222220004
20859  50.887  -14.511  28.818 0.1111110002
20850  50.379  -13.912  29.092 0.1111110002
20549  50.238  -14.903  29.176 0.1111110002
20244  49.798  -15.717  29.300 0.1111110002
21186  49.964  -13.210  29.282 0.3333329856
20851  49.716  -14.067  29.361 0.1111110002
21530  50.208  -12.228  29.176 0.5555559993
54527  49.626  -12.615  29.447 0.5555559993
22540  52.111  -9.338  28.174 0.3333329856
22541  51.658  -9.667  28.629 0.3333329856
22207  51.125  -9.996  28.978 0.5555559993
21886  50.960  -10.816  28.838 0.5555559993
21887  50.415  -11.184  29.134 0.6666669846
22856  51.706  -8.896  28.596 0.3333329856
22537  51.244  -9.228  29.026 0.5555559993
22855  52.132  -8.595  28.051 0.4444440007
22852  51.246  -8.505  28.957 0.5555559993
22853  50.815  -8.786  29.308 0.6666669846
22538  50.716  -9.508  29.343 0.7777780294
23161  51.658  -8.023  28.433 0.5555559993
23157  51.087  -7.830  28.914 0.6666669846
55234  50.853  -8.240  29.196 0.8888890147
23158  50.654  -7.806  29.178 0.8888890147
23159  50.205  -7.526  29.278 1.0000000000
23473  50.020  -6.784  29.129 1.0000000000
23814  49.114  -5.658  29.235 1.0000000000
24144  48.363  -5.343  29.470 0.4444440007
24152  48.136  -4.512  29.372 0.3333329856
21194  50.891  -13.600  28.734 0.2222220004
21185  50.464  -13.134  29.011 0.2222220004
21537  50.843  -12.687  28.720 0.2222220004
21892  51.375  -11.295  28.384 0.2222220004
21893  50.837  -11.732  28.745 0.4444440007
22210  52.033  -10.088  28.157 0.2222220004
22211  51.522  -10.447  28.527 0.3333329856
52145  52.516  -8.409  27.532 0.2222220004
23167  52.784  -7.831  27.145 0.2222220004
23163  52.212  -7.848  27.755 0.4444440007
23164  51.821  -7.213  28.008 0.4444440007
23476  51.303  -7.247  28.519 0.7777780294
23472  50.695  -7.148  28.936 0.8888890147
23812  50.466  -6.284  28.791 1.0000000000
24504  51.223  -4.687  27.883 1.0000000000
24155  50.780  -5.008  28.259 1.0000000000
24149  50.299  -5.471  28.663 1.0000000000
24511  50.956  -3.565  27.612 0.8888890147
24505  50.717  -4.161  28.000 1.0000000000
24156  50.141  -4.652  28.489 1.0000000000
24150  49.632  -5.148  28.904 1.0000000000
24839  50.370  -3.371  27.834 0.8888890147
24506  49.918  -3.822  28.272 0.7777780294
24500  49.420  -4.321  28.738 0.5555559993
24151  48.904  -4.832  29.136 0.7777780294
24848  50.173  -2.775  27.634 0.7777780294
24501  48.666  -3.993  28.978 0.3333329856
59304  53.589  -7.127  26.204 0.3333329856
23166  53.108  -7.120  26.724 0.4444440007
23479  52.419  -6.981  27.341 0.4444440007
23480  51.876  -6.446  27.757 0.5555559993
58067  51.474  -6.711  28.172 0.6666669846
23477  51.033  -6.545  28.491 0.8888890147
24154  51.319  -5.343  27.990 1.0000000000
23817  50.887  -5.784  28.393 1.0000000000
24510  51.485  -4.080  27.498 1.0000000000
24846  51.370  -3.281  27.203 1.0000000000
25194  51.097  -2.583  26.959 0.8888890147
24847  50.725  -2.975  27.416 0.7777780294
25199  51.514  -2.195  26.450 0.8888890147
25541  51.173  -1.511  26.191 0.6666669846
25195  50.293  -2.267  27.218 0.6666669846
25542  50.401  -1.175  26.493 0.5555559993
23483  52.901  -6.347  26.808 0.4444440007
23821  53.277  -5.866  26.370 0.5555559993
23818  52.342  -6.036  27.253 0.4444440007
23816  51.401  -6.079  28.084 0.8888890147
23819  51.829  -5.663  27.652 0.7777780294
24509  52.187  -4.431  27.089 1.0000000000
24159  51.734  -4.894  27.569 1.0000000000
24845  52.025  -3.639  26.913 1.0000000000
24851  51.799  -2.892  26.695 1.0000000000
25548  50.814  -0.800  25.952 0.4444440007
23825  53.641  -5.506  25.943 0.3333329856
24166  53.565  -4.828  25.863 0.7777780294
24161  53.204  -5.185  26.336 0.6666669846
23822  52.802  -5.571  26.794 0.4444440007
24513  53.136  -4.568  26.255 0.7777780294
24162  52.741  -4.820  26.714 0.7777780294
24158  52.279  -5.226  27.190 0.7777780294
24517  52.961  -3.469  25.982 1.0000000000
24514  52.721  -4.013  26.473 1.0000000000
24854  52.823  -2.835  25.772 0.8888890147
24850  52.433  -3.220  26.342 1.0000000000
25198  52.200  -2.504  26.138 1.0000000000
25203  52.585  -2.125  25.537 0.7777780294
25204  51.907  -1.812  25.894 0.8888890147
25546  52.263  -1.438  25.291 0.6666669846
25547  51.565  -1.128  25.629 0.5555559993
25900  51.213  -0.422  25.366 0.5555559993
24173  54.672  -4.687  24.197 0.3333329856
24169  54.340  -4.949  24.838 0.3333329856
24170  53.913  -4.504  25.297 0.4444440007
24521  53.824  -3.796  25.084 0.7777780294
24516  53.377  -4.052  25.792 0.7777780294
24853  53.356  -3.282  25.422 1.0000000000
25202  53.245  -2.494  25.048 0.7777780294
25208  52.887  -1.745  24.910 0.7777780294
25906  50.870  0.321  25.123 0.4444440007
24520  54.254  -4.245  24.667 0.5555559993
24857  53.783  -3.122  24.730 0.7777780294
25552  52.587  -1.075  24.665 0.7777780294
25553  51.931  -0.751  25.021 0.5555559993
25905  51.591  -0.037  24.743 0.4444440007
26253  51.602  1.082  23.792 0.4444440007
49510  51.246  0.703  24.467 0.3333329856
26597  51.547  2.108  22.967 0.4444440007
26592  51.265  1.812  23.531 0.2222220004
26254  50.904  1.459  24.197 0.3333329856
26598  51.008  2.544  23.248 0.2222220004
24523  54.548  -3.943  24.035 0.4444440007
24177  54.994  -4.406  23.520 0.3333329856
24856  54.149  -3.637  24.501 0.6666669846
24860  53.756  -2.458  24.304 0.8888890147
25207  53.354  -1.975  24.513 0.6666669846
25551  53.154  -1.407  24.295 0.7777780294
25557  52.895  -0.743  24.014 0.7777780294
25904  52.270  -0.387  24.374 0.6666669846
25911  51.946  0.340  24.079 0.5555559993
26257  51.904  1.470  23.113 0.5555559993
26915  51.498  2.773  22.526 0.3333329856
26916  50.797  3.348  22.973 0.2222220004
24863  55.163  -3.305  22.592 0.2222220004
25210  54.140  -2.287  23.571 0.5555559993
24859  54.281  -3.115  23.948 0.5555559993
25211  53.652  -1.796  23.945 0.6666669846
25556  53.451  -1.130  23.651 0.6666669846
25910  52.604  -0.036  23.701 0.6666669846
26252  52.282  0.715  23.375 0.6666669846
26596  52.052  1.969  22.482 0.4444440007
27235  51.178  3.678  22.271 0.1111110002
24527  54.841  -3.608  23.339 0.3333329856
24864  54.654  -2.803  23.105 0.2222220004
25214  53.960  -1.558  23.262 0.5555559993
25559  53.739  -0.871  22.980 0.6666669846
25909  53.204  -0.445  23.338 0.6666669846
25914  52.936  0.283  22.987 0.5555559993
26920  51.733  3.231  21.910 0.4444440007
24867  54.983  -2.504  22.347 0.2222220004
25213  54.466  -2.019  22.824 0.3333329856
25558  54.241  -1.274  22.559 0.3333329856
25216  55.297  -2.203  21.609 0.2222220004
25561  55.073  -1.412  21.333 0.2222220004
25913  53.526  -0.201  22.649 0.6666669846
26256  53.309  0.503  22.267 0.5555559993
26260  52.617  1.135  22.562 0.5555559993
26601  52.640  1.835  21.916 0.4444440007
26919  52.150  2.563  21.922 0.4444440007
27239  52.204  3.157  21.368 0.4444440007
25217  54.769  -1.707  22.083 0.2222220004
25220  55.586  -1.914  20.868 0.2222220004
25565  55.358  -1.151  20.583 0.2222220004
25563  53.986  -0.649  22.382 0.6666669846
26604  52.710  2.408  21.345 0.5555559993
27240  51.597  3.990  21.494 0.4444440007
27904  50.811  5.879  21.280 0.1111110002
25562  54.468  -0.857  21.802 0.3333329856
25566  54.839  -0.676  21.009 0.2222220004
25917  53.915  -0.059  21.899 0.4444440007
25919  55.101  -0.423  20.282 0.2222220004
50399  53.615  0.635  21.648 0.6666669846
25923  55.326  -0.176  19.530 0.3333329856
26259  53.160  1.177  21.810 0.5555559993
26600  53.106  1.753  21.379 0.5555559993
26922  52.776  2.997  20.753 0.5555559993
27900  50.337  6.307  21.838 0.1111110002
27243  52.240  3.771  20.811 0.4444440007
27578  50.563  5.431  21.905 0.1111110002
27244  51.774  4.597  20.764 0.4444440007
27577  51.154  4.984  21.344 0.1111110002
27582  51.349  5.520  20.662 0.1111110002
25916  54.375  -0.243  21.322 0.3333329856
25921  54.036  0.362  21.176 0.5555559993
25924  54.809  0.320  19.979 0.3333329856
26262  54.248  0.751  20.500 0.5555559993
50727  53.639  1.192  21.079 0.5555559993
26603  53.329  2.133  20.715 0.5555559993
26924  53.341  2.867  20.030 0.5555559993
26925  52.769  3.635  20.205 0.5555559993
27901  49.900  6.838  22.440 0.1111110002
28234  50.281  7.189  21.735 0.1111110002
57853  52.300  4.274  20.287 0.4444440007
27581  52.000  5.080  19.998 0.3333329856
25920  54.579  0.015  20.714 0.3333329856
26269  54.582  1.534  19.012 0.3333329856
26265  54.465  1.101  19.750 0.3333329856
26271  55.008  1.279  18.282 0.2222220004
26266  53.929  1.530  20.293 0.4444440007
26607  53.719  2.165  20.059 0.4444440007
27246  53.180  3.577  19.639 0.5555559993
27249  53.305  3.956  19.070 0.5555559993
27247  52.705  4.320  19.646 0.4444440007
27584  52.450  5.067  19.354 0.4444440007
27250  52.929  4.703  18.933 0.4444440007
26613  54.637  2.068  18.310 0.3333329856
26606  54.124  1.843  19.625 0.4444440007
26616  54.725  2.652  17.602 0.1111110002
26610  53.826  2.454  19.591 0.4444440007
26926  53.710  3.103  19.177 0.5555559993
57266  53.408  4.345  18.500 0.5555559993
27253  53.791  4.399  17.766 0.5555559993
27586  53.164  5.001  18.239 0.5555559993
27589  53.437  5.262  17.509 0.5555559993
26609  54.183  2.303  19.016 0.4444440007
26933  54.828  3.268  16.872 0.3333329856
26929  54.239  2.881  18.376 0.4444440007
26930  53.804  3.692  18.436 0.4444440007
27252  54.314  3.504  17.665 0.4444440007
27257  53.914  4.865  17.056 0.4444440007
27256  54.403  4.161  16.877 0.3333329856
27260  54.724  4.422  16.048 0.3333329856
27595  55.029  4.733  15.373 0.2222220004
27592  54.238  4.938  16.396 0.4444440007
27596  54.128  5.591  15.908 0.4444440007
18411  2.098  -21.374  43.701 0.2222220004
18397  5.387  -21.728  45.126 0.4444440007
18410  2.801  -21.826  43.866 0.2222220004
18014  7.489  -22.016  45.676 0.6666669846
15872  8.171  -28.300  44.236 0.1111110002
52670  8.714  -27.844  44.432 0.1111110002
18016  5.830  -22.298  45.163 0.4444440007
17655  4.761  -22.925  44.575 0.3333329856
18027  4.040  -22.788  44.199 0.3333329856
15486  15.393  -28.924  43.166 0.2222220004
16599  10.541  -25.820  45.137 0.2222220004
53880  7.118  -22.736  45.488 0.6666669846
18017  5.102  -22.276  44.901 0.4444440007
18405  3.212  -21.162  44.471 0.2222220004
16923  10.993  -25.071  45.340 0.3333329856
50494  10.290  -23.720  45.734 0.5555559993
15490  11.936  -29.547  43.842 0.1111110002
15480  12.492  -28.715  43.984 0.1111110002
16250  12.277  -27.241  44.420 0.2222220004
16605  12.777  -26.405  44.575 0.3333329856
16929  15.595  -25.665  43.887 0.4444440007
16928  15.529  -24.793  44.234 0.4444440007
17296  16.667  -24.468  43.835 0.4444440007
17659  17.849  -23.252  43.797 0.5555559993
16921  13.020  -24.751  45.124 0.4444440007
18773  6.437  -20.384  45.608 0.5555559993
18774  5.627  -20.233  45.476 0.4444440007
18391  13.515  -21.605  45.764 0.5555559993
17301  20.036  -24.287  42.064 0.6666669846
17671  22.086  -23.307  41.215 0.6666669846
19524  20.360  -18.605  43.270 0.4444440007
17674  22.793  -23.130  40.803 0.6666669846
19531  21.089  -18.381  42.857 0.3333329856
16642  28.906  -26.567  38.666 0.6666669846
16959  28.431  -25.932  38.740 0.7777780294
17311  24.744  -24.655  39.728 0.7777780294
59174  30.139  -25.480  37.833 0.6666669846
18044  26.130  -22.659  39.358 0.7777780294
54967  25.035  -21.666  39.806 0.7777780294
18426  27.767  -20.970  39.122 0.6666669846
57684  30.409  -19.413  38.557 0.5555559993
19898  30.854  -17.364  38.801 0.4444440007
18820  32.916  -20.240  37.223 0.7777780294
20219  34.975  -16.712  37.173 0.5555559993
18448  35.190  -21.525  35.567 0.7777780294
16980  33.975  -25.400  35.780 0.2222220004
17698  34.667  -23.242  35.518 0.5555559993
17339  35.672  -23.872  34.783 0.4444440007
22837  44.165  -7.440  31.486 0.3333329856
19926  49.083  -17.306  29.231 0.1111110002
24145  47.569  -5.026  29.720 0.2222220004
20253  51.099  -15.985  28.706 0.1111110002
23813  49.817  -5.972  29.017 1.0000000000
21891  51.897  -10.882  28.026 0.2222220004
22860  52.988  -8.708  27.039 0.3333329856
23482  53.427  -6.527  26.321 0.3333329856
25200  50.774  -1.890  26.710 0.8888890147
25901  50.487  -0.048  25.749 0.4444440007
26249  50.529  1.094  24.889 0.2222220004
25569  55.582  -0.885  19.843 0.2222220004
18782  2.866  -20.262  44.687 0.2222220004
18777  3.479  -19.784  45.067 0.4444440007
18776  4.110  -20.125  45.155 0.3333329856
19155  4.216  -19.343  45.378 0.1111110002
19514  3.916  -18.362  45.542 0.1111110002
18775  4.801  -20.148  45.318 0.2222220004
19154  5.186  -19.442  45.542 0.2222220004
19513  4.784  -18.605  45.659 0.1111110002
19512  5.662  -18.764  45.741 0.2222220004
19505  5.305  -17.967  45.861 0.1111110002
19153  6.079  -19.579  45.645 0.2222220004
19511  6.539  -18.899  45.795 0.2222220004
19504  6.129  -18.114  45.903 0.2222220004
57049  5.044  -17.197  45.963 0.1111110002
19503  6.949  -18.231  45.923 0.1111110002
19152  7.042  -19.777  45.752 0.3333329856
19146  7.375  -18.964  45.857 0.2222220004
19502  7.626  -18.364  45.917 0.1111110002
54978  8.202  -18.147  45.923 0.1111110002
19853  7.457  -17.595  45.991 0.1111110002
19852  8.235  -17.330  45.977 0.1111110002
19145  7.935  -19.640  45.888 0.3333329856
19144  8.713  -19.523  45.972 0.3333329856
50524  8.124  -18.899  45.917 0.2222220004
51259  9.435  -19.344  46.003 0.2222220004
19499  10.329  -18.466  45.891 0.1111110002
52691  8.906  -17.948  45.909 0.1111110002
49925  9.637  -17.765  45.862 0.1111110002
51911  10.882  -18.061  45.794 0.1111110002
53661  10.344  -17.561  45.802 0.1111110002
19849  11.029  -17.398  45.670 0.1111110002
19143  10.092  -19.826  46.045 0.5555559993
18764  9.358  -20.207  46.044 0.4444440007
51355  10.021  -19.124  45.987 0.1111110002
19142  10.682  -19.348  45.984 0.4444440007
19498  11.164  -18.731  45.884 0.2222220004
19848  11.529  -18.084  45.709 0.1111110002
19862  11.768  -17.338  45.487 0.1111110002
18386  9.614  -21.069  46.057 0.4444440007
54424  8.960  -20.828  46.019 0.4444440007
18763  10.102  -20.554  46.070 0.5555559993
18762  10.913  -20.331  46.039 0.5555559993
19141  11.543  -19.555  45.968 0.4444440007
19497  11.986  -18.818  45.824 0.3333329856
19496  12.851  -18.839  45.721 0.4444440007
19510  12.335  -18.072  45.589 0.1111110002
19861  12.555  -17.274  45.326 0.1111110002
19509  13.297  -18.009  45.431 0.2222220004
20172  12.666  -16.571  45.159 0.1111110002
54537  10.497  -21.312  46.053 0.5555559993
18385  11.413  -21.207  46.019 0.4444440007
18761  12.029  -20.479  45.989 0.5555559993
18760  12.958  -20.291  45.894 0.4444440007
19139  13.290  -19.581  45.798 0.4444440007
19151  13.707  -18.931  45.621 0.4444440007
19508  14.255  -18.351  45.386 0.3333329856
19860  14.049  -17.508  45.162 0.1111110002
19869  15.386  -17.203  44.752 0.1111110002
51934  11.101  -21.878  45.998 0.4444440007
18003  11.793  -21.930  45.944 0.4444440007
57640  13.432  -20.814  45.832 0.4444440007
18383  12.778  -21.057  45.911 0.5555559993
18771  14.146  -20.896  45.706 0.5555559993
18759  13.749  -20.215  45.781 0.4444440007
18770  14.652  -20.095  45.606 0.5555559993
59333  13.989  -19.603  45.696 0.4444440007
19150  14.514  -19.178  45.533 0.4444440007
19506  15.862  -18.826  45.127 0.3333329856
19507  15.077  -18.624  45.287 0.4444440007
19519  16.687  -18.890  44.886 0.3333329856
19858  15.592  -18.089  44.989 0.3333329856
49842  17.418  -18.529  44.535 0.4444440007
54023  16.782  -18.086  44.628 0.3333329856
19520  16.144  -17.670  44.695 0.2222220004
19867  17.970  -18.176  44.234 0.3333329856
53770  17.429  -17.749  44.306 0.3333329856
20180  16.613  -16.365  44.186 0.1111110002
18392  12.596  -21.845  45.868 0.4444440007
19149  15.351  -19.439  45.386 0.5555559993
19147  16.853  -19.577  44.971 0.5555559993
19148  16.197  -19.544  45.171 0.3333329856
19517  18.988  -18.875  43.969 0.3333329856
19866  18.607  -18.190  44.005 0.3333329856
19875  18.201  -17.420  43.993 0.2222220004
20179  17.427  -16.918  44.079 0.2222220004
19874  18.951  -17.542  43.768 0.3333329856
20188  18.095  -16.588  43.895 0.2222220004
19526  19.313  -18.127  43.702 0.2222220004
20187  18.894  -16.710  43.692 0.2222220004
53058  19.931  -18.086  43.453 0.3333329856
19872  20.559  -17.667  43.157 0.2222220004
19873  19.715  -17.216  43.465 0.2222220004
58385  19.505  -16.491  43.474 0.1111110002
19544  28.323  -18.512  39.631 0.3333329856
19542  29.466  -18.259  39.194 0.4444440007
19543  28.910  -18.204  39.458 0.3333329856
19894  29.226  -17.529  39.411 0.3333329856
19538  28.426  -17.763  39.791 0.3333329856
19551  30.042  -17.860  39.013 0.3333329856
19890  27.835  -17.272  40.244 0.2222220004
19893  29.972  -17.025  39.138 0.3333329856
20209  29.270  -16.594  39.547 0.3333329856
19889  28.560  -16.968  39.885 0.2222220004
18427  26.992  -21.309  39.317 0.5555559993
18806  27.230  -20.392  39.491 0.5555559993
18805  28.009  -20.139  39.273 0.4444440007
19186  27.485  -19.591  39.680 0.4444440007
57363  27.047  -19.139  40.038 0.4444440007
19185  28.225  -19.308  39.446 0.3333329856
19178  27.637  -18.842  39.874 0.3333329856
19179  27.020  -18.479  40.309 0.3333329856
19881  21.323  -17.518  42.738 0.2222220004
19539  27.709  -18.073  40.087 0.3333329856
19891  27.001  -17.585  40.601 0.2222220004
20215  31.263  -16.484  38.776 0.3333329856
20216  30.534  -16.589  38.973 0.2222220004
20208  29.955  -16.185  39.257 0.2222220004
18428  26.044  -21.703  39.527 0.5555559993
18807  26.398  -20.638  39.693 0.4444440007
18808  25.503  -20.809  39.913 0.4444440007
18798  26.737  -19.779  39.902 0.4444440007
18799  25.911  -19.931  40.121 0.4444440007
19181  25.448  -19.296  40.561 0.2222220004
19180  26.328  -19.054  40.364 0.2222220004
19540  26.319  -18.185  40.712 0.2222220004
19172  25.737  -18.615  40.764 0.2222220004
19530  21.822  -18.109  42.406 0.2222220004
19532  26.228  -17.497  40.968 0.2222220004
18422  24.637  -20.906  40.151 0.6666669846
18800  25.046  -20.092  40.318 0.3333329856
19182  24.607  -19.465  40.777 0.3333329856
18794  23.758  -19.685  41.055 0.3333329856
19173  25.012  -18.680  40.973 0.2222220004
19529  22.540  -17.791  42.102 0.2222220004
19880  22.031  -17.256  42.421 0.2222220004
19534  24.565  -18.022  41.359 0.1111110002
19879  22.779  -17.005  42.222 0.2222220004
19533  25.514  -17.884  41.109 0.2222220004
19884  25.728  -16.977  41.300 0.2222220004
19885  24.900  -17.200  41.517 0.2222220004
18795  22.953  -20.012  41.420 0.3333329856
19175  23.181  -19.004  41.554 0.2222220004
19536  22.406  -18.622  42.008 0.2222220004
19174  24.139  -18.830  41.208 0.2222220004
19535  23.702  -18.164  41.574 0.1111110002
56640  23.012  -18.227  41.814 0.1111110002
19887  23.274  -17.558  41.909 0.2222220004
19886  24.060  -17.383  41.716 0.1111110002
20201  24.326  -16.575  41.865 0.2222220004
53275  37.778  -15.990  35.428 0.5555559993
53453  37.283  -16.793  35.875 0.7777780294
20218  36.054  -16.384  36.604 0.4444440007
20222  37.240  -16.191  35.862 0.5555559993
20529  36.574  -15.942  36.251 0.3333329856
20532  37.424  -15.395  35.588 0.4444440007
56957  36.947  -15.503  35.974 0.3333329856
20833  36.978  -14.786  35.864 0.3333329856
20224  38.291  -16.250  35.023 0.6666669846
20531  38.104  -15.267  35.067 0.4444440007
20831  38.131  -14.152  34.907 0.3333329856
21165  37.564  -13.518  35.271 0.3333329856
20832  37.524  -14.515  35.390 0.2222220004
21166  37.010  -13.880  35.763 0.2222220004
21164  38.144  -13.103  34.803 0.3333329856
20535  38.806  -15.723  34.576 0.6666669846
20836  38.734  -14.737  34.515 0.5555559993
21169  38.697  -13.699  34.403 0.2222220004
20534  39.344  -15.246  34.083 0.6666669846
20835  39.284  -14.258  33.993 0.5555559993
21168  39.236  -13.217  33.910 0.3333329856
21172  39.823  -13.765  33.463 0.5555559993
21512  39.782  -12.708  33.448 0.3333329856
21171  40.338  -13.219  32.987 0.5555559993
21511  40.382  -12.211  33.067 0.4444440007
21867  39.908  -11.666  33.575 0.3333329856
21866  40.589  -11.237  33.291 0.2222220004
22526  44.694  -9.215  30.598 0.7777780294
22843  44.092  -8.670  31.238 0.7777780294
22522  43.489  -8.957  31.931 0.4444440007
22839  43.066  -8.467  32.721 0.3333329856
22833  43.191  -7.649  32.878 0.2222220004
22192  41.997  -10.525  32.702 0.7777780294
22187  41.593  -10.025  33.363 0.2222220004
22190  43.316  -9.821  31.782 0.6666669846
22191  42.673  -10.175  32.295 0.5555559993
22186  42.261  -9.685  33.006 0.5555559993
22527  43.944  -9.489  31.168 0.6666669846
22523  42.891  -9.322  32.535 0.5555559993
21865  41.295  -10.869  33.020 0.6666669846
24507  49.149  -3.483  28.514 0.4444440007
24840  49.627  -2.937  28.007 0.4444440007
24841  48.815  -2.631  28.329 0.2222220004
25196  49.762  -2.332  27.643 0.5555559993
25189  49.167  -2.083  27.928 0.3333329856
25190  48.404  -1.682  28.316 0.2222220004
25539  49.510  -1.575  27.445 0.3333329856
57881  48.856  -1.332  27.891 0.2222220004
25536  47.771  -0.889  28.650 0.2222220004
25530  47.194  -0.204  29.023 0.1111110002
26576  46.284  2.605  30.235 0.1111110002
26232  46.737  2.174  29.699 0.1111110002
25538  50.096  -1.552  26.942 0.5555559993
25534  48.880  -0.647  27.636 0.2222220004
25535  48.316  -0.685  28.184 0.2222220004
25887  47.177  0.729  29.064 0.1111110002
27218  46.493  4.466  29.915 0.1111110002
26575  46.773  3.055  29.820 0.1111110002
54602  46.508  3.734  30.083 0.1111110002
26579  47.157  2.456  29.245 0.1111110002
26238  47.132  1.622  29.150 0.1111110002
26237  47.454  1.886  28.717 0.1111110002
25543  49.584  -0.737  26.978 0.3333329856
25891  48.220  0.324  28.035 0.2222220004
25886  47.586  1.011  28.627 0.1111110002
25895  48.874  0.146  27.346 0.2222220004
26242  48.343  1.005  27.613 0.2222220004
26240  47.843  1.362  28.192 0.1111110002
25902  49.802  0.368  26.153 0.2222220004
26582  47.997  1.846  27.819 0.2222220004
50728  49.269  0.756  26.507 0.2222220004
26241  48.860  0.831  27.020 0.2222220004
25897  50.065  -0.395  26.333 0.2222220004
19854  6.573  -17.473  46.026 0.1111110002
19501  8.830  -18.747  45.939 0.1111110002
19500  9.534  -18.578  45.935 0.2222220004
19850  9.723  -16.897  45.860 0.1111110002
19140  12.449  -19.596  45.899 0.4444440007
51855  13.286  -17.018  45.149 0.1111110002
18384  12.124  -21.304  45.966 0.5555559993
20170  14.606  -17.132  44.933 0.1111110002
19859  14.834  -17.825  45.106 0.1111110002
59517  16.220  -18.322  44.883 0.3333329856
19868  16.753  -17.299  44.394 0.1111110002
56976  16.108  -16.965  44.471 0.1111110002
50194  20.439  -16.861  43.137 0.2222220004
18801  24.236  -20.275  40.582 0.3333329856
20200  25.128  -16.344  41.651 0.2222220004
19878  23.543  -16.785  42.051 0.2222220004
22838  43.680  -8.049  31.985 0.2222220004
22520  41.874  -9.229  33.687 0.3333329856
22519  42.474  -8.856  33.265 0.2222220004
25892  47.722  0.063  28.593 0.2222220004
26893  46.194  3.295  30.392 0.1111110002
25898  49.395  0.146  26.727 0.2222220004
26245  48.426  1.588  27.228 0.1111110002
16274  27.093  -27.696  39.665 0.4444440007
16284  28.920  -27.303  38.799 0.3333329856
16286  27.648  -27.223  39.358 0.4444440007
15893  27.229  -28.447  39.684 0.3333329856
15894  26.590  -28.652  39.832 0.2222220004
54667  28.293  -26.824  39.015 0.6666669846
15508  26.979  -29.095  39.704 0.2222220004
57534  25.982  -27.825  39.827 0.4444440007
54959  26.368  -27.442  39.776 0.4444440007
51336  26.541  -28.092  39.837 0.3333329856
57315  27.533  -26.323  39.227 0.4444440007
15895  25.923  -28.399  39.826 0.3333329856
15509  26.225  -29.165  39.784 0.2222220004
16632  26.908  -26.945  39.581 0.5555559993
16633  26.102  -26.715  39.675 0.5555559993
54903  27.059  -25.645  39.246 0.5555559993
16952  25.833  -25.897  39.563 0.5555559993
16961  26.398  -25.338  39.380 0.5555559993
16278  22.459  -27.250  39.959 0.3333329856
51929  21.516  -27.435  40.222 0.3333329856
58318  20.778  -27.539  40.477 0.3333329856
15902  19.469  -27.817  40.928 0.3333329856
16271  18.746  -27.598  41.375 0.3333329856
15891  18.100  -28.108  41.695 0.3333329856
16266  17.427  -27.743  42.264 0.3333329856
16276  24.678  -27.473  39.669 0.4444440007
16636  23.954  -26.712  39.739 0.4444440007
16277  23.547  -27.325  39.698 0.3333329856
58865  22.336  -26.719  40.159 0.3333329856
16279  21.783  -26.806  40.315 0.3333329856
55232  24.792  -26.827  39.705 0.4444440007
56102  22.928  -26.588  40.001 0.4444440007
16634  25.284  -26.431  39.672 0.5555559993
16635  24.408  -26.116  39.731 0.5555559993
16281  20.088  -27.202  40.831 0.3333329856
57621  19.277  -27.168  41.116 0.3333329856
16272  18.079  -27.225  41.917 0.3333329856
16638  21.251  -26.243  40.662 0.3333329856
16629  18.777  -26.779  41.594 0.4444440007
59121  22.704  -25.999  40.173 0.5555559993
16621  19.001  -25.859  41.849 0.4444440007
16953  24.984  -25.571  39.656 0.6666669846
54895  23.351  -25.817  39.977 0.6666669846
16637  22.133  -26.181  40.336 0.6666669846
16955  22.386  -25.352  40.399 0.6666669846
16957  21.520  -25.506  40.756 0.6666669846
16956  21.695  -24.751  40.920 0.6666669846
17308  21.183  -24.224  41.451 0.5555559993
16983  35.942  -25.405  34.364 0.1111110002
53154  35.268  -24.837  34.927 0.2222220004
51649  34.554  -25.558  35.296 0.3333329856
16982  36.719  -25.082  33.993 0.1111110002
17343  36.132  -24.532  34.379 0.1111110002
17349  37.561  -24.786  33.694 0.1111110002
56130  36.915  -24.264  34.007 0.2222220004
17342  37.742  -23.871  33.716 0.2222220004
59776  42.198  -19.110  32.254 0.6666669846
19569  42.612  -18.590  31.992 0.5555559993
19216  41.835  -18.410  32.342 0.7777780294
23810  46.113  -5.216  30.373 0.2222220004
24146  46.757  -4.706  30.027 0.1111110002
24147  45.960  -4.369  30.417 0.1111110002
15885  16.798  -28.248  42.582 0.2222220004
16643  26.642  -26.166  39.468 0.5555559993
52184  25.457  -28.889  39.703 0.3333329856
16275  25.541  -27.249  39.774 0.5555559993
18406  2.451  -20.914  44.204 0.2222220004
20530  35.949  -15.515  36.616 0.2222220004
56796  35.575  -16.740  36.884 0.2222220004
53789  36.469  -15.111  36.248 0.2222220004
50565  35.323  -15.980  36.981 0.2222220004
19211  40.808  -19.521  32.646 0.6666669846
22188  40.898  -10.358  33.639 0.1111110002
27913  53.167  6.488  16.752 0.3333329856
27587  52.527  5.572  18.737 0.3333329856
27910  53.155  5.948  17.291 0.3333329856
27911  52.896  5.789  17.947 0.2222220004
27907  52.070  5.688  19.410 0.3333329856
28247  52.783  7.335  16.851 0.2222220004
27914  52.686  6.671  17.562 0.2222220004
20220  34.226  -16.637  37.581 0.3333329856
19210  41.495  -19.157  32.497 0.6666669846
21508  39.278  -12.149  33.921 0.1111110002
51799  25.471  -27.850  39.756 0.3333329856
22183  40.539  -9.880  34.248 0.1111110002
16979  35.225  -25.844  34.749 0.1111110002
49388  33.527  -16.927  37.963 0.3333329856
18840  41.571  -20.027  32.528 0.3333329856
19209  42.177  -19.781  32.359 0.5555559993
50492  30.203  -26.431  37.936 0.4444440007
58352  35.141  -26.545  34.611 0.1111110002
16656  34.607  -26.373  35.076 0.1111110002
15496  5.019  -28.991  43.264 0.1111110002
15881  4.775  -28.250  43.411 0.1111110002
15882  4.103  -27.932  43.160 0.1111110002
15497  4.268  -28.736  43.024 0.1111110002
15883  3.475  -27.621  42.857 0.1111110002
15887  3.604  -28.423  42.745 0.1111110002
53578  4.646  -27.513  43.559 0.1111110002
15880  5.500  -28.427  43.615 0.1111110002
16263  3.966  -27.012  43.300 0.1111110002
16619  3.575  -26.221  43.216 0.1111110002
16264  3.289  -26.840  42.895 0.1111110002
16620  3.101  -26.113  42.837 0.1111110002
16624  2.745  -26.018  42.437 0.1111110002
15875  5.923  -27.753  43.946 0.1111110002
16261  5.264  -27.220  43.894 0.1111110002
16262  4.674  -26.756  43.745 0.1111110002
16618  4.179  -26.152  43.587 0.1111110002
16940  3.340  -25.518  43.123 0.1111110002
55414  3.175  -24.756  43.023 0.1111110002
18787  1.731  -20.689  43.964 0.1111110002
17298  3.454  -24.120  43.372 0.1111110002
55526  2.782  -24.557  42.599 0.1111110002
17661  3.187  -23.285  43.327 0.1111110002
18416  1.068  -21.550  42.783 0.1111110002
18413  0.781  -21.006  43.124 0.1111110002
18788  1.027  -20.413  43.711 0.1111110002
18784  1.491  -19.870  44.229 0.1111110002
17303  2.600  -23.701  42.504 0.1111110002
19167  0.981  -19.644  44.032 0.1111110002
55905  2.444  -19.792  44.684 0.2222220004
53056  2.040  -19.326  44.671 0.1111110002
17662  2.704  -23.040  42.903 0.1111110002
50980  2.850  -22.563  43.380 0.1111110002
18412  1.451  -21.320  43.301 0.1111110002
16945  2.438  -24.406  42.110 0.1111110002
18034  1.179  -21.945  42.317 0.1111110002
17670  1.145  -22.190  41.670 0.1111110002
18038  0.597  -21.730  41.875 0.1111110002
18417  0.671  -21.427  42.585 0.1111110002
19157  2.535  -18.660  45.062 0.1111110002
17304  2.300  -23.529  42.151 0.1111110002
17668  1.816  -22.619  42.153 0.1111110002
19163  1.257  -18.986  44.403 0.1111110002
19521  1.793  -18.383  44.835 0.1111110002
16946  2.250  -24.136  41.692 0.1111110002
17310  1.897  -23.173  41.538 0.1111110002
17676  1.406  -22.530  41.343 0.1111110002
18041  0.857  -22.020  41.188 0.1111110002
20189  17.511  -16.005  43.927 0.1111110002
51179  20.949  -16.993  42.924 0.1111110002
59700  32.483  -16.775  38.400 0.2222220004
20213  32.933  -16.420  38.281 0.1111110002
55361  34.664  -16.092  37.325 0.1111110002
20212  33.601  -16.156  37.986 0.1111110002
20214  32.142  -16.237  38.570 0.1111110002
15906  28.552  -28.070  39.060 0.2222220004
15907  27.962  -28.588  39.367 0.2222220004
20528  34.133  -15.732  37.682 0.1111110002
20193  23.014  -16.213  42.362 0.1111110002
20192  23.760  -15.987  42.191 0.1111110002
20504  23.209  -15.433  42.489 0.1111110002
16285  27.802  -27.934  39.422 0.2222220004
58900  28.249  -27.489  39.148 0.3333329856
20527  34.681  -15.325  37.320 0.1111110002
20829  35.916  -14.595  36.618 0.1111110002
20526  35.322  -14.978  36.982 0.1111110002
20523  31.425  -15.615  38.839 0.1111110002
20524  30.648  -15.866  39.000 0.1111110002
19883  26.520  -16.830  41.008 0.1111110002
20205  27.291  -16.715  40.668 0.1111110002
20517  30.026  -15.324  39.344 0.1111110002
20518  29.320  -15.704  39.697 0.1111110002
20199  25.995  -16.059  41.374 0.1111110002
21493  31.414  -12.514  39.931 0.1111110002
20828  36.459  -14.228  36.205 0.1111110002
21149  31.188  -13.330  39.649 0.1111110002
20816  30.202  -14.458  39.571 0.1111110002
20817  29.433  -14.788  39.854 0.1111110002
20203  28.642  -16.130  40.011 0.1111110002
55665  28.110  -15.807  40.386 0.1111110002
55664  27.521  -15.962  40.685 0.1111110002
20198  26.825  -16.087  41.011 0.1111110002
21141  29.882  -13.033  40.318 0.1111110002
21150  30.419  -13.600  39.837 0.1111110002
20808  29.639  -13.886  40.056 0.1111110002
20810  28.066  -14.430  40.669 0.1111110002
20512  27.789  -15.236  40.665 0.1111110002
21161  36.483  -13.281  36.176 0.1111110002
21506  37.047  -12.901  35.703 0.1111110002
21502  36.543  -12.307  36.189 0.1111110002
21505  37.618  -12.496  35.222 0.1111110002
18457  39.831  -21.173  32.976 0.3333329856
18456  40.664  -21.190  32.810 0.1111110002
18455  41.475  -21.217  32.745 0.1111110002
18841  40.946  -20.429  32.672 0.1111110002
57699  41.696  -20.682  32.617 0.2222220004
18454  42.160  -21.149  32.653 0.2222220004
18839  42.206  -20.500  32.494 0.2222220004
18845  43.288  -20.382  32.060 0.2222220004
19215  42.872  -19.545  32.067 0.3333329856
19219  43.689  -19.745  31.690 0.1111110002
19568  43.419  -18.876  31.643 0.3333329856
19222  44.840  -19.835  30.942 0.1111110002
21193  51.339  -13.176  28.302 0.1111110002
21536  51.306  -12.222  28.297 0.1111110002
21896  51.779  -11.755  27.883 0.1111110002
22858  52.513  -9.033  27.655 0.1111110002
23170  53.441  -7.910  26.426 0.2222220004
23485  53.931  -6.632  25.750 0.2222220004
55317  54.354  -6.330  25.141 0.2222220004
23486  53.675  -6.083  26.001 0.2222220004
23827  54.374  -5.653  24.995 0.1111110002
23824  54.013  -5.900  25.556 0.2222220004
24165  53.995  -5.217  25.431 0.2222220004
19162  2.768  -19.459  44.919 0.2222220004
17660  3.749  -23.454  43.759 0.1111110002
18028  3.373  -22.636  43.778 0.1111110002
17667  2.223  -22.801  42.514 0.1111110002
16641  29.577  -26.704  38.335 0.2222220004
22544  52.468  -9.731  27.719 0.1111110002
23830  54.724  -5.420  24.378 0.2222220004
22543  52.807  -9.404  27.300 0.1111110002
20204  27.995  -16.485  40.325 0.1111110002
20195  21.537  -16.715  42.715 0.1111110002
59584  27.532  -28.982  39.521 0.2222220004
18783  2.148  -20.143  44.428 0.1111110002
60031  5.211  -27.843  43.706 0.1111110002
15495  5.843  -29.158  43.465 0.1111110002
15888  3.135  -28.096  42.497 0.1111110002
54752  3.787  -25.626  43.452 0.1111110002
16941  2.931  -25.370  42.713 0.1111110002
16265  2.909  -26.637  42.584 0.1111110002
16939  3.653  -24.942  43.453 0.1111110002
17299  2.997  -23.920  42.914 0.1111110002
55443  2.522  -24.299  42.279 0.1111110002
18033  1.613  -22.028  42.662 0.1111110002
59011  2.426  -25.203  42.001 0.1111110002
17305  2.082  -23.347  41.857 0.1111110002
17669  1.480  -22.432  41.878 0.1111110002
18035  0.830  -21.824  42.085 0.1111110002
18042  0.722  -21.903  41.539 0.1111110002
50782  0.181  -21.420  41.811 0.1111110002
57766  33.146  -15.773  38.259 0.1111110002
52032  32.671  -15.778  38.451 0.1111110002
20522  32.176  -15.329  38.687 0.1111110002
20503  23.916  -15.179  42.308 0.1111110002
20516  30.785  -15.019  39.125 0.1111110002
21148  31.931  -13.065  39.451 0.1111110002
21162  35.929  -13.651  36.628 0.1111110002
20814  31.736  -13.899  39.204 0.1111110002
20815  30.975  -14.170  39.375 0.1111110002
20511  28.604  -15.186  40.233 0.1111110002
20513  27.096  -15.380  40.986 0.1111110002
21140  30.659  -12.772  40.126 0.1111110002
20809  28.850  -14.186  40.337 0.1111110002
21860  37.136  -11.908  35.720 0.1111110002
23488  54.346  -7.013  25.182 0.2222220004
24502  47.884  -3.646  29.219 0.1111110002
24834  48.402  -3.138  28.791 0.2222220004
26936  54.913  3.785  16.282 0.2222220004
27593  53.665  5.617  16.704 0.3333329856
26615  55.187  2.408  16.786 0.1111110002
26264  55.049  0.650  19.072 0.2222220004
15525  30.204  -28.453  37.940 0.1111110002
54635  29.667  -28.509  38.306 0.1111110002
15526  29.846  -29.129  37.882 0.1111110002
15151  29.229  -29.800  38.021 0.1111110002
14787  28.800  -30.321  38.053 0.1111110002
15527  29.083  -29.137  38.492 0.1111110002
14788  28.205  -30.568  38.329 0.1111110002
14429  27.852  -32.172  37.404 0.1111110002
14428  28.358  -32.177  37.105 0.1111110002
14048  27.976  -32.815  36.983 0.1111110002
57303  28.459  -29.393  38.855 0.1111110002
14789  27.591  -31.067  38.353 0.1111110002
14417  27.366  -31.829  37.859 0.1111110002
16296  32.824  -27.105  36.251 0.1111110002
57366  32.604  -26.656  36.537 0.1111110002
16291  32.017  -26.487  36.907 0.1111110002
16292  31.557  -27.251  37.134 0.1111110002
52957  33.382  -25.707  36.137 0.1111110002
16653  32.724  -26.039  36.525 0.1111110002
16650  31.309  -26.720  37.301 0.1111110002
15144  24.688  -29.875  39.208 0.1111110002
15135  25.450  -29.910  39.448 0.1111110002
14778  25.216  -30.571  39.062 0.1111110002
16645  30.754  -26.557  37.633 0.1111110002
14767  25.869  -30.339  39.326 0.1111110002
16289  29.605  -27.487  38.456 0.1111110002
15133  26.772  -29.718  39.556 0.1111110002
14777  25.969  -30.877  38.985 0.1111110002
15142  27.258  -30.149  39.168 0.1111110002
14776  27.122  -30.761  38.821 0.1111110002
56867  26.092  -31.392  38.551 0.1111110002
14775  27.638  -30.498  38.761 0.1111110002
14405  27.054  -31.295  38.408 0.1111110002
14418  26.583  -31.775  38.149 0.1111110002
14419  25.828  -31.922  38.134 0.1111110002
16657  33.909  -26.221  35.684 0.1111110002
15136  25.050  -29.338  39.499 0.2222220004
15105  15.500  -29.764  42.918 0.1111110002
15499  16.001  -29.285  42.820 0.1111110002
15521  24.204  -29.213  39.268 0.2222220004
15511  24.645  -28.702  39.499 0.2222220004
15512  23.669  -28.558  39.373 0.1111110002
57850  16.153  -28.607  42.897 0.1111110002
15498  16.708  -29.180  42.425 0.1111110002
15126  18.922  -29.875  40.507 0.1111110002
15522  23.189  -29.133  39.158 0.1111110002
15523  22.095  -29.159  39.254 0.1111110002
15137  21.007  -29.304  39.560 0.1111110002
15138  19.963  -29.555  39.979 0.1111110002
14769  18.730  -30.766  40.210 0.1111110002
17710  38.264  -23.143  33.557 0.1111110002
15886  16.279  -27.898  42.979 0.1111110002
15884  17.432  -28.626  42.054 0.1111110002
15505  18.101  -28.945  41.477 0.1111110002
15896  25.089  -28.231  39.669 0.2222220004
15504  18.673  -29.222  40.972 0.1111110002
15117  17.451  -29.470  41.806 0.1111110002
15897  24.150  -28.023  39.536 0.2222220004
15513  22.593  -28.520  39.443 0.1111110002
15514  21.515  -28.598  39.709 0.2222220004
15515  20.398  -28.716  40.163 0.2222220004
15898  23.078  -27.915  39.592 0.2222220004
15899  22.031  -27.953  39.834 0.2222220004
15900  21.076  -28.048  40.164 0.2222220004
18076  39.493  -21.947  33.066 0.1111110002
54919  18.867  -28.464  41.089 0.1111110002
15516  19.405  -29.055  40.563 0.1111110002
15901  20.240  -27.975  40.540 0.2222220004
54928  40.344  -21.790  32.942 0.1111110002
50472  19.667  -28.422  40.657 0.2222220004
24141  45.309  -4.879  30.852 0.1111110002
24142  44.615  -4.463  31.326 0.1111110002
24491  44.051  -3.863  31.770 0.1111110002
24489  45.224  -4.020  30.857 0.1111110002
24490  44.649  -3.751  31.235 0.1111110002
24842  48.204  -2.379  28.648 0.1111110002
26247  50.159  0.718  25.553 0.1111110002
26248  49.498  1.127  26.044 0.1111110002
26250  49.825  1.540  25.390 0.1111110002
26244  48.922  1.413  26.616 0.1111110002
26589  50.207  1.901  24.653 0.1111110002
26586  49.093  2.053  26.035 0.1111110002
55066  50.616  2.244  23.942 0.1111110002
26590  49.537  2.424  25.198 0.1111110002
26593  49.954  2.754  24.418 0.1111110002
26912  50.381  3.050  23.682 0.1111110002
58184  54.556  5.035  15.776 0.2222220004
27908  51.490  6.219  19.940 0.1111110002
56333  52.439  6.349  18.314 0.1111110002
27909  51.927  6.560  19.015 0.1111110002
27916  54.037  6.157  15.410 0.2222220004
27917  53.644  6.326  16.035 0.2222220004
27921  54.304  6.463  14.764 0.2222220004
28252  53.649  7.013  15.330 0.2222220004
28243  52.189  7.198  18.273 0.1111110002
28244  51.708  7.719  18.912 0.1111110002
28249  53.168  7.123  16.122 0.1111110002
50203  52.398  7.725  17.558 0.1111110002
28606  53.861  7.560  14.439 0.2222220004
58606  53.469  7.687  15.065 0.1111110002
28603  53.154  7.894  15.622 0.1111110002
28250  52.886  7.834  16.316 0.1111110002
28600  52.613  8.257  16.879 0.1111110002
28595  52.043  8.209  18.253 0.1111110002
28607  53.311  8.342  14.979 0.1111110002
28604  52.852  8.592  16.184 0.1111110002
56939  53.074  8.757  15.562 0.1111110002
29254  53.571  9.808  14.349 0.1111110002
28920  53.260  9.450  15.132 0.1111110002
29590  54.591  11.420  12.149 0.1111110002
55416  52.334  8.736  17.590 0.1111110002
28917  53.011  9.442  16.006 0.1111110002
28915  52.676  9.326  16.856 0.1111110002
29257  53.871  10.057  13.686 0.1111110002
29255  53.546  10.532  15.039 0.1111110002
29251  53.232  10.326  15.822 0.1111110002
49965  53.851  10.742  14.314 0.1111110002
29252  52.962  10.106  16.489 0.1111110002
29584  54.137  11.000  13.569 0.1111110002
29587  54.430  11.692  12.995 0.1111110002
29908  54.708  12.376  12.351 0.1111110002
28913  52.383  9.711  17.721 0.1111110002
29578  53.546  11.265  15.715 0.1111110002
53305  54.082  11.465  14.265 0.1111110002
29901  54.138  12.128  14.598 0.1111110002
29581  53.865  11.416  14.919 0.1111110002
29906  54.532  12.558  13.297 0.1111110002
29903  54.302  11.940  13.827 0.1111110002
29248  53.139  11.020  16.579 0.1111110002
29898  53.860  12.258  15.493 0.1111110002
55127  54.358  12.712  14.107 0.1111110002
30231  54.699  13.238  12.751 0.1111110002
50956  53.453  11.960  16.356 0.1111110002
15909  30.121  -27.862  38.134 0.1111110002
16293  30.833  -27.359  37.649 0.1111110002
15913  31.158  -27.942  37.326 0.1111110002
15910  29.549  -28.035  38.498 0.1111110002
15531  30.656  -28.674  37.443 0.1111110002
15911  29.107  -28.413  38.708 0.1111110002
15520  27.428  -29.518  39.394 0.1111110002
15905  29.161  -27.871  38.732 0.1111110002
15141  27.962  -29.899  38.930 0.1111110002
15510  25.672  -29.440  39.666 0.1111110002
15134  26.099  -29.846  39.576 0.1111110002
15143  26.535  -30.406  39.217 0.1111110002
27600  54.643  5.561  15.180 0.2222220004
16288  30.196  -27.078  38.050 0.1111110002
15518  28.546  -28.813  38.991 0.1111110002
15519  27.995  -29.208  39.214 0.1111110002
14795  28.652  -30.856  37.793 0.1111110002
15152  28.636  -29.862  38.479 0.1111110002
14416  28.134  -31.450  37.756 0.1111110002
14037  27.447  -32.635  37.273 0.1111110002
14038  26.868  -32.477  37.532 0.1111110002
16652  33.164  -26.460  36.183 0.1111110002
14406  26.569  -31.076  38.716 0.1111110002
14040  25.418  -32.649  37.584 0.1111110002
15127  18.113  -29.710  41.194 0.1111110002
14768  19.596  -30.361  39.781 0.1111110002
24137  44.006  -4.774  31.905 0.1111110002
28256  54.685  6.728  14.005 0.2222220004
28919  53.526  8.746  14.357 0.1111110002
22182  41.226  -9.557  34.006 0.1111110002
51796  41.433  -22.839  32.975 0.1111110002
17705  42.243  -22.950  32.813 0.1111110002
17706  41.754  -23.582  32.883 0.1111110002
55017  42.004  -21.782  32.788 0.1111110002
17353  42.635  -23.698  32.563 0.1111110002
23169  53.957  -7.450  25.739 0.1111110002
18074  41.912  -22.374  32.882 0.1111110002
18073  42.522  -22.268  32.712 0.1111110002
58166  42.574  -21.639  32.629 0.1111110002
18846  42.687  -20.256  32.304 0.1111110002
58087  54.637  -6.671  24.736 0.1111110002
55478  42.846  -21.011  32.419 0.1111110002
24172  55.074  -5.186  23.712 0.1111110002
24871  56.402  -2.967  19.885 0.1111110002
25225  56.377  -1.949  18.863 0.1111110002
24873  56.548  -2.711  19.124 0.1111110002
24538  56.686  -3.526  19.342 0.1111110002
24180  55.736  -4.639  22.299 0.1111110002
24529  56.035  -4.354  21.583 0.1111110002
24532  56.306  -4.074  20.854 0.1111110002
25219  56.032  -2.428  20.387 0.1111110002
24526  55.313  -4.114  22.809 0.1111110002
24530  55.627  -3.821  22.086 0.1111110002
24866  55.480  -3.007  21.858 0.1111110002
24533  55.925  -3.529  21.363 0.1111110002
24870  55.776  -2.713  21.128 0.1111110002
52135  56.219  -1.352  18.576 0.1111110002
25572  55.956  -0.763  18.611 0.1111110002
25568  56.009  -1.333  19.275 0.1111110002
25927  55.597  -0.079  18.751 0.1111110002
48438  55.457  0.575  18.156 0.1111110002
27920  55.027  5.906  14.380 0.1111110002
28611  54.920  7.654  12.840 0.1111110002
59182  55.382  7.455  12.410 0.1111110002
28614  55.162  8.017  12.103 0.1111110002
28609  54.461  7.552  13.604 0.1111110002
51327  53.926  8.240  13.837 0.1111110002
28255  55.143  6.886  13.327 0.1111110002
28615  54.501  8.601  12.582 0.1111110002
56917  54.729  8.835  11.996 0.1111110002
28612  54.212  8.373  13.245 0.1111110002
22861  53.966  -8.272  25.701 0.1111110002
25573  55.712  -0.644  19.211 0.1111110002
25222  56.232  -2.158  19.623 0.1111110002
19156  3.320  -18.944  45.245 0.1111110002
22515  42.085  -8.462  33.938 0.1111110002
25223  55.829  -1.634  20.109 0.1111110002
27599  55.344  5.106  14.678 0.1111110002
54004  54.777  9.480  11.577 0.1111110002
