#!ascii label  , from subject sub-1016 vox2ras=TkReg
531
21825  24.327  -11.263  42.442 0.0000000000
24105  28.669  -4.195  41.282 0.0000000000
26234  45.628  1.461  30.477 0.0000000000
23782  39.027  -5.938  36.333 0.0000000000
23773  34.189  -5.274  38.799 0.0000000000
28235  49.888  7.832  22.303 0.0000000000
53663  43.961  1.869  31.884 0.0000000000
25175  42.684  -2.131  32.854 0.0000000000
20794  21.617  -14.044  43.123 0.0000000000
56562  26.745  -7.883  42.197 0.0000000000
52620  29.784  -8.891  41.734 0.0000000000
21479  27.096  -12.424  41.579 0.0000000000
27560  47.878  4.728  27.421 0.0000000000
23114  23.541  -7.384  42.440 0.0000000000
22786  21.041  -9.066  42.999 0.0000000000
27220  47.029  4.510  29.283 0.0000000000
21818  17.537  -11.663  43.785 0.0000000000
20789  15.067  -14.541  44.404 0.0000000000
25169  40.292  -1.475  34.683 0.0000000000
23785  36.616  -5.070  36.982 0.0000000000
22498  34.772  -9.440  38.746 0.0000000000
22490  32.899  -9.280  40.263 0.0000000000
57216  42.698  2.239  32.779 0.0000000000
25522  43.039  -0.462  32.301 0.0000000000
25518  42.075  -0.057  33.064 0.0000000000
58469  43.780  3.762  32.181 0.0000000000
20798  24.756  -14.075  42.153 0.0000000000
20800  23.323  -14.646  42.597 0.0000000000
21464  22.912  -12.567  42.848 0.0000000000
50814  25.584  -9.665  42.449 0.0000000000
22139  27.321  -10.029  42.186 0.0000000000
21471  25.597  -11.981  42.070 0.0000000000
20805  26.070  -14.286  41.581 0.0000000000
26239  46.700  1.319  29.574 0.0000000000
26890  45.628  3.410  30.871 0.0000000000
54602  46.508  3.734  30.083 0.0000000000
26896  47.267  3.216  29.229 0.0000000000
50682  19.023  -7.524  43.610 0.0000000000
49644  19.593  -10.735  43.339 0.0000000000
22468  17.060  -9.299  44.017 0.0000000000
49036  12.679  -10.892  46.000 0.0000000000
21801  14.429  -11.568  45.037 0.0000000000
21111  12.989  -13.279  45.159 0.0000000000
20783  11.842  -14.358  45.356 0.0000000000
21099  9.810  -13.636  46.258 0.0000000000
24469  35.553  -3.602  37.511 0.0000000000
23777  35.348  -5.186  37.863 0.0000000000
23437  35.454  -7.050  38.147 0.0000000000
23433  34.419  -7.336  39.046 0.0000000000
21830  30.627  -10.702  41.085 0.0000000000
22485  30.971  -9.183  41.281 0.0000000000
21838  31.861  -10.952  40.417 0.0000000000
21844  33.015  -11.200  39.665 0.0000000000
24471  39.962  -4.133  35.843 0.0000000000
24478  41.022  -4.122  35.126 0.0000000000
23452  40.758  -6.064  35.711 0.0000000000
28904  51.133  9.646  20.285 0.0000000000
28234  50.281  7.189  21.735 0.0000000000
26224  44.574  2.286  31.529 0.0000000000
25880  43.713  0.081  31.735 0.0000000000
27215  44.871  4.141  31.348 0.0000000000
23427  27.684  -6.156  41.744 0.0000000000
23425  29.237  -6.503  41.491 0.0000000000
22793  28.365  -8.520  42.042 0.0000000000
22151  28.654  -10.577  41.782 0.0000000000
21487  29.358  -12.470  40.789 0.0000000000
27890  47.563  6.486  26.811 0.0000000000
27893  48.318  6.536  25.444 0.0000000000
50636  48.672  6.016  24.952 0.0000000000
27570  49.372  5.333  23.793 0.0000000000
52333  24.119  -8.988  42.532 0.0000000000
22144  22.512  -10.322  42.803 0.0000000000
23116  22.054  -7.739  42.785 0.0000000000
23112  25.191  -7.706  42.274 0.0000000000
56025  47.453  5.186  28.015 0.0000000000
21814  21.334  -11.641  43.143 0.0000000000
21467  19.772  -12.521  43.461 0.0000000000
21126  18.728  -13.688  43.586 0.0000000000
22129  16.257  -10.354  44.357 0.0000000000
21460  16.617  -12.813  44.000 0.0000000000
53531  6.598  -14.150  46.709 0.0000000000
25871  40.963  0.136  33.746 0.0000000000
24473  38.537  -3.488  36.108 0.0000000000
24475  36.832  -3.775  36.698 0.0000000000
23783  38.239  -5.627  36.492 0.0000000000
57112  37.062  -7.518  36.940 0.0000000000
22501  35.927  -9.420  37.615 0.0000000000
22169  35.181  -10.701  37.984 0.0000000000
51849  30.626  -7.068  41.214 0.0000000000
23124  32.358  -7.488  40.465 0.0000000000
23127  33.372  -7.076  39.744 0.0000000000
22495  33.829  -9.595  39.580 0.0000000000
21848  34.049  -11.408  38.799 0.0000000000
25172  41.644  -2.264  33.874 0.0000000000
24480  41.970  -4.051  34.107 0.0000000000
26566  42.019  2.046  33.123 0.0000000000
25869  42.226  0.757  32.950 0.0000000000
26220  41.788  1.278  33.206 0.0000000000
57282  42.547  3.412  32.870 0.0000000000
51202  24.345  -12.740  42.397 0.0000000000
21122  23.594  -13.017  42.645 0.0000000000
21473  23.758  -12.061  42.586 0.0000000000
56876  24.751  -10.648  42.435 0.0000000000
21823  26.004  -11.032  42.188 0.0000000000
21824  25.137  -11.212  42.302 0.0000000000
21481  25.566  -12.906  41.938 0.0000000000
26233  46.229  1.828  30.102 0.0000000000
26571  45.835  2.888  30.659 0.0000000000
26893  46.194  3.295  30.392 0.0000000000
26576  46.284  2.605  30.235 0.0000000000
26232  46.737  2.174  29.699 0.0000000000
56763  12.030  -11.797  45.970 0.0000000000
21795  12.844  -11.647  45.693 0.0000000000
21105  11.692  -12.658  45.835 0.0000000000
21112  12.159  -13.414  45.416 0.0000000000
21106  11.349  -13.528  45.725 0.0000000000
50034  10.572  -13.598  46.031 0.0000000000
24117  34.721  -4.776  38.302 0.0000000000
23772  34.817  -5.660  38.386 0.0000000000
23438  34.900  -6.465  38.500 0.0000000000
23439  34.330  -6.127  38.864 0.0000000000
24104  29.420  -4.022  41.057 0.0000000000
21840  30.398  -11.452  40.870 0.0000000000
21839  31.141  -11.205  40.662 0.0000000000
21485  30.905  -11.976  40.412 0.0000000000
21484  31.644  -11.722  40.197 0.0000000000
24124  39.754  -4.811  36.076 0.0000000000
59600  40.188  -4.705  35.905 0.0000000000
28232  49.459  7.455  23.066 0.0000000000
28587  49.965  8.905  22.125 0.0000000000
28586  50.304  8.100  21.569 0.0000000000
25879  44.349  0.583  31.276 0.0000000000
26230  43.831  1.030  31.775 0.0000000000
25523  42.572  -1.212  32.796 0.0000000000
25174  43.153  -1.542  32.289 0.0000000000
26888  43.781  3.171  32.200 0.0000000000
59372  44.064  2.547  31.950 0.0000000000
26887  44.506  3.024  31.673 0.0000000000
20793  22.593  -14.131  42.880 0.0000000000
20496  21.066  -14.764  43.123 0.0000000000
23110  27.336  -7.420  42.035 0.0000000000
23109  28.140  -7.707  41.969 0.0000000000
22794  27.532  -8.244  42.162 0.0000000000
21834  27.459  -11.521  41.781 0.0000000000
21821  27.820  -10.703  41.942 0.0000000000
21833  28.323  -11.327  41.620 0.0000000000
21477  28.838  -11.908  41.230 0.0000000000
21478  28.003  -12.140  41.405 0.0000000000
21134  27.740  -12.974  41.178 0.0000000000
22822  38.053  -8.420  36.219 0.0000000000
27889  47.704  5.573  27.130 0.0000000000
27891  48.041  5.977  26.235 0.0000000000
27562  48.111  5.037  26.625 0.0000000000
27568  48.699  5.164  25.249 0.0000000000
27567  49.130  4.788  24.529 0.0000000000
27897  49.002  6.195  24.172 0.0000000000
22798  23.416  -8.280  42.543 0.0000000000
22481  23.236  -9.146  42.639 0.0000000000
23115  22.746  -7.603  42.606 0.0000000000
23113  24.337  -7.047  42.277 0.0000000000
22797  24.309  -8.041  42.409 0.0000000000
27559  47.400  4.534  28.668 0.0000000000
26578  47.518  2.642  28.749 0.0000000000
22145  21.723  -9.862  42.897 0.0000000000
21813  22.145  -11.138  42.941 0.0000000000
22132  21.279  -10.671  43.020 0.0000000000
22134  18.624  -10.677  43.540 0.0000000000
21816  19.766  -11.652  43.399 0.0000000000
21468  19.035  -12.011  43.520 0.0000000000
49425  18.932  -12.850  43.566 0.0000000000
21127  18.077  -13.111  43.674 0.0000000000
22464  15.143  -9.664  45.082 0.0000000000
56618  14.559  -12.972  44.716 0.0000000000
21810  15.193  -11.843  44.646 0.0000000000
21117  15.920  -13.199  44.212 0.0000000000
21129  16.565  -13.576  43.992 0.0000000000
24812  38.828  -2.725  35.811 0.0000000000
24120  35.902  -4.593  37.328 0.0000000000
24814  36.272  -3.143  36.960 0.0000000000
24128  36.532  -4.377  36.927 0.0000000000
24127  37.184  -4.537  36.675 0.0000000000
23784  37.398  -5.365  36.707 0.0000000000
23449  37.577  -6.216  36.706 0.0000000000
23441  36.927  -6.805  37.031 0.0000000000
23129  35.546  -7.998  38.164 0.0000000000
22818  36.106  -8.520  37.631 0.0000000000
22814  35.359  -8.899  38.280 0.0000000000
22168  35.772  -10.308  37.501 0.0000000000
22163  35.296  -9.832  38.142 0.0000000000
23121  29.624  -7.381  41.588 0.0000000000
23424  30.016  -6.704  41.333 0.0000000000
51204  30.426  -7.804  41.429 0.0000000000
22484  31.709  -8.935  40.946 0.0000000000
23119  31.888  -8.098  40.822 0.0000000000
51265  32.571  -8.144  40.439 0.0000000000
23429  32.773  -6.907  40.095 0.0000000000
22807  33.050  -8.579  40.177 0.0000000000
22812  33.708  -8.382  39.709 0.0000000000
22489  33.523  -9.113  39.862 0.0000000000
21491  32.826  -11.986  39.447 0.0000000000
21843  33.623  -10.923  39.346 0.0000000000
25513  40.818  -0.788  34.090 0.0000000000
25168  41.016  -1.849  34.285 0.0000000000
24130  41.202  -4.932  35.223 0.0000000000
24133  41.587  -4.503  34.696 0.0000000000
50805  51.150  8.882  20.062 0.0000000000
59133  43.413  2.299  32.338 0.0000000000
26225  43.348  1.452  32.213 0.0000000000
26226  42.801  1.063  32.581 0.0000000000
25876  42.642  0.241  32.660 0.0000000000
58230  42.039  -0.882  33.202 0.0000000000
26889  43.190  3.770  32.516 0.0000000000
26882  43.013  2.956  32.659 0.0000000000
20799  24.041  -14.365  42.392 0.0000000000
21123  23.446  -13.839  42.658 0.0000000000
50021  22.126  -13.157  43.065 0.0000000000
22480  26.162  -9.169  42.401 0.0000000000
52204  26.886  -9.434  42.316 0.0000000000
22140  26.343  -10.082  42.323 0.0000000000
21822  26.925  -10.843  42.086 0.0000000000
21835  26.561  -11.716  41.926 0.0000000000
21135  26.996  -13.235  41.358 0.0000000000
21136  26.251  -13.369  41.625 0.0000000000
21137  25.471  -13.751  41.890 0.0000000000
26901  48.152  3.165  27.213 0.0000000000
23407  22.625  -5.982  42.745 0.0000000000
26894  45.949  4.022  30.547 0.0000000000
27218  46.493  4.466  29.915 0.0000000000
27217  46.959  3.820  29.608 0.0000000000
26899  47.352  3.905  29.040 0.0000000000
26575  46.773  3.055  29.820 0.0000000000
26579  47.157  2.456  29.245 0.0000000000
22787  20.121  -8.693  43.221 0.0000000000
51998  19.765  -9.973  43.282 0.0000000000
22474  18.639  -9.064  43.562 0.0000000000
50338  17.967  -9.818  43.709 0.0000000000
22135  17.729  -10.800  43.774 0.0000000000
56193  14.426  -10.858  45.212 0.0000000000
21794  13.396  -10.972  45.685 0.0000000000
21454  14.067  -12.329  45.011 0.0000000000
21110  13.804  -13.140  44.941 0.0000000000
20781  13.571  -14.036  44.889 0.0000000000
24121  35.233  -4.390  37.828 0.0000000000
23776  36.009  -5.574  37.403 0.0000000000
23442  36.144  -6.503  37.504 0.0000000000
23443  35.442  -6.082  37.967 0.0000000000
23130  34.960  -7.661  38.650 0.0000000000
22815  35.016  -8.304  38.632 0.0000000000
22486  30.169  -9.453  41.572 0.0000000000
22803  30.384  -8.664  41.531 0.0000000000
22148  30.807  -9.951  41.230 0.0000000000
22147  31.537  -9.698  40.946 0.0000000000
22155  32.058  -10.203  40.563 0.0000000000
22154  32.729  -9.975  40.250 0.0000000000
21837  32.549  -10.702  40.139 0.0000000000
21845  32.351  -11.464  39.949 0.0000000000
24817  40.230  -2.966  35.302 0.0000000000
24816  40.818  -3.287  34.973 0.0000000000
24479  40.454  -3.751  35.460 0.0000000000
23789  40.865  -5.317  35.602 0.0000000000
28590  50.833  8.948  20.663 0.0000000000
58200  50.637  8.294  20.964 0.0000000000
26228  45.120  1.908  31.014 0.0000000000
25883  45.518  0.572  30.344 0.0000000000
26235  45.000  1.044  30.879 0.0000000000
25526  43.696  -0.940  31.744 0.0000000000
27549  43.997  5.026  31.644 0.0000000000
27216  44.345  4.404  31.645 0.0000000000
55700  44.703  4.775  31.230 0.0000000000
26891  45.002  3.513  31.320 0.0000000000
26573  45.220  2.775  31.116 0.0000000000
23761  27.974  -5.402  41.576 0.0000000000
23760  28.858  -5.647  41.405 0.0000000000
23426  28.393  -6.306  41.619 0.0000000000
23108  28.967  -7.960  41.848 0.0000000000
22792  29.162  -8.714  41.888 0.0000000000
22479  27.697  -9.170  42.197 0.0000000000
22478  28.648  -9.274  42.009 0.0000000000
22477  29.408  -9.357  41.823 0.0000000000
22150  29.409  -10.445  41.612 0.0000000000
21476  29.632  -11.685  41.054 0.0000000000
21141  29.882  -13.033  40.318 0.0000000000
28228  48.288  7.442  25.167 0.0000000000
27564  48.363  5.296  25.958 0.0000000000
50371  48.416  5.804  25.582 0.0000000000
50046  48.655  6.853  24.675 0.0000000000
28231  49.036  7.123  23.869 0.0000000000
27896  49.480  6.328  23.250 0.0000000000
27901  49.900  6.838  22.440 0.0000000000
22142  24.080  -10.527  42.531 0.0000000000
21826  23.548  -11.161  42.623 0.0000000000
49894  23.072  -9.837  42.689 0.0000000000
22482  22.489  -9.457  42.761 0.0000000000
22800  21.592  -8.308  42.885 0.0000000000
23408  22.085  -6.865  42.825 0.0000000000
49072  20.748  -8.068  43.107 0.0000000000
23105  19.650  -6.907  43.547 0.0000000000
24106  27.984  -4.427  41.533 0.0000000000
24107  27.257  -4.690  41.732 0.0000000000
23762  27.131  -5.586  41.789 0.0000000000
59022  26.661  -7.172  42.077 0.0000000000
23416  26.161  -6.570  42.040 0.0000000000
23111  26.008  -7.384  42.157 0.0000000000
22796  25.176  -8.818  42.431 0.0000000000
49978  24.718  -9.837  42.503 0.0000000000
27887  47.299  6.062  27.579 0.0000000000
59848  47.611  3.956  28.547 0.0000000000
55891  47.831  3.603  28.067 0.0000000000
27224  47.963  4.010  27.569 0.0000000000
21812  22.905  -11.676  42.822 0.0000000000
21465  22.136  -12.129  43.036 0.0000000000
21466  21.343  -12.562  43.228 0.0000000000
21815  20.494  -11.201  43.230 0.0000000000
48930  20.558  -12.100  43.327 0.0000000000
49127  20.563  -12.995  43.371 0.0000000000
59521  19.902  -14.291  43.383 0.0000000000
58180  19.214  -14.308  43.483 0.0000000000
22469  16.483  -9.660  44.298 0.0000000000
21808  16.849  -11.023  44.039 0.0000000000
21809  15.896  -11.253  44.398 0.0000000000
48644  17.395  -12.524  43.795 0.0000000000
21128  17.262  -13.372  43.825 0.0000000000
21100  8.329  -13.454  46.672 0.0000000000
26221  41.032  1.062  33.620 0.0000000000
25164  39.878  -2.135  35.175 0.0000000000
24818  39.582  -2.786  35.564 0.0000000000
50031  39.212  -4.195  36.097 0.0000000000
24125  38.951  -5.021  36.297 0.0000000000
24474  37.741  -3.845  36.381 0.0000000000
24126  38.017  -4.778  36.464 0.0000000000
23448  38.376  -6.440  36.460 0.0000000000
23137  37.755  -7.094  36.613 0.0000000000
22817  36.812  -8.214  37.034 0.0000000000
23132  36.297  -7.521  37.498 0.0000000000
22500  36.600  -9.057  37.053 0.0000000000
22167  36.404  -9.924  36.991 0.0000000000
21850  35.623  -11.202  37.356 0.0000000000
53367  33.518  -4.881  39.213 0.0000000000
23759  29.765  -5.771  41.198 0.0000000000
59142  30.312  -5.545  40.982 0.0000000000
23431  31.363  -5.984  40.647 0.0000000000
22802  31.114  -8.384  41.225 0.0000000000
23423  31.267  -6.809  40.889 0.0000000000
53246  31.949  -5.809  40.311 0.0000000000
23764  32.538  -6.082  40.037 0.0000000000
23435  33.212  -6.359  39.685 0.0000000000
23434  33.910  -6.732  39.302 0.0000000000
23126  33.834  -7.583  39.519 0.0000000000
22811  34.430  -8.163  39.134 0.0000000000
22494  34.200  -9.050  39.324 0.0000000000
22153  33.339  -9.767  39.913 0.0000000000
22158  34.260  -9.854  39.156 0.0000000000
22164  34.724  -10.247  38.595 0.0000000000
21847  34.614  -11.073  38.416 0.0000000000
25519  41.493  -0.423  33.503 0.0000000000
52241  41.524  -1.334  33.721 0.0000000000
25171  42.112  -1.754  33.321 0.0000000000
24820  41.199  -2.782  34.427 0.0000000000
24484  41.796  -3.170  33.997 0.0000000000
24483  42.361  -3.573  33.495 0.0000000000
27900  50.337  6.307  21.838 0.0000000000
55474  42.280  2.784  33.013 0.0000000000
48575  24.688  -11.969  42.314 0.0000000000
25882  46.145  0.968  29.966 0.0000000000
26572  45.744  2.267  30.618 0.0000000000
58945  11.623  -11.486  46.208 0.0000000000
21450  10.917  -12.782  46.105 0.0000000000
24450  28.819  -3.319  41.223 0.0000000000
51089  29.222  -4.907  41.201 0.0000000000
21486  30.142  -12.224  40.603 0.0000000000
23781  39.686  -5.549  36.180 0.0000000000
28584  49.487  8.471  22.912 0.0000000000
24825  42.810  -3.060  32.917 0.0000000000
20495  21.931  -14.973  42.909 0.0000000000
22823  37.304  -8.728  36.562 0.0000000000
27556  46.683  5.043  29.437 0.0000000000
27555  47.021  5.270  28.811 0.0000000000
22471  20.949  -9.908  43.040 0.0000000000
21817  18.373  -11.456  43.604 0.0000000000
21469  18.227  -12.269  43.640 0.0000000000
22114  14.450  -9.654  45.494 0.0000000000
21461  15.243  -12.691  44.513 0.0000000000
21118  15.189  -13.581  44.414 0.0000000000
20788  16.012  -14.245  44.102 0.0000000000
23775  36.761  -5.933  37.020 0.0000000000
22804  29.738  -8.243  41.701 0.0000000000
22808  32.405  -8.757  40.571 0.0000000000
25163  40.585  -2.418  34.831 0.0000000000
57003  42.941  1.734  32.562 0.0000000000
59701  42.472  -0.475  32.808 0.0000000000
27212  42.971  4.590  32.425 0.0000000000
58752  22.938  -13.341  42.846 0.0000000000
21480  26.278  -12.537  41.778 0.0000000000
21131  24.879  -13.265  42.175 0.0000000000
51669  45.381  3.914  31.020 0.0000000000
22788  19.256  -8.414  43.454 0.0000000000
22473  19.514  -9.272  43.345 0.0000000000
22475  17.749  -8.800  43.817 0.0000000000
22128  17.047  -10.160  44.016 0.0000000000
22116  13.189  -10.238  45.975 0.0000000000
21455  13.294  -12.415  45.257 0.0000000000
20782  12.716  -14.202  45.101 0.0000000000
20776  9.374  -14.456  46.218 0.0000000000
58233  34.845  -7.064  38.658 0.0000000000
22149  30.101  -10.228  41.446 0.0000000000
22156  31.351  -10.448  40.845 0.0000000000
58045  39.941  -3.422  35.625 0.0000000000
24123  40.323  -5.283  35.928 0.0000000000
24131  40.604  -4.600  35.637 0.0000000000
28238  50.664  7.398  20.970 0.0000000000
25525  44.286  -0.388  31.225 0.0000000000
25875  43.203  0.584  32.189 0.0000000000
25179  43.785  -1.958  31.764 0.0000000000
27211  43.746  4.325  32.081 0.0000000000
27543  43.414  4.940  32.058 0.0000000000
27210  44.314  3.767  31.810 0.0000000000
22138  28.198  -9.945  42.032 0.0000000000
22137  28.999  -9.913  41.855 0.0000000000
21832  29.132  -11.143  41.452 0.0000000000
20804  26.790  -14.018  41.303 0.0000000000
28226  47.871  7.096  25.989 0.0000000000
27229  48.512  4.459  25.991 0.0000000000
49703  23.770  -9.799  42.599 0.0000000000
22799  22.490  -8.510  42.711 0.0000000000
56863  21.870  -9.043  42.848 0.0000000000
23409  21.157  -6.501  43.169 0.0000000000
23104  20.503  -7.136  43.279 0.0000000000
49712  19.882  -7.786  43.360 0.0000000000
23415  27.031  -6.526  41.912 0.0000000000
23417  25.214  -6.591  42.124 0.0000000000
22795  26.036  -8.287  42.319 0.0000000000
25884  44.902  0.118  30.774 0.0000000000
27222  47.724  4.347  28.091 0.0000000000
26898  47.597  3.352  28.662 0.0000000000
21827  22.892  -10.956  42.778 0.0000000000
22133  20.399  -10.349  43.170 0.0000000000
50501  20.646  -13.953  43.315 0.0000000000
21125  19.694  -13.510  43.472 0.0000000000
59337  18.505  -14.397  43.614 0.0000000000
22463  15.853  -9.662  44.670 0.0000000000
21800  15.019  -11.024  44.873 0.0000000000
52612  15.919  -12.284  44.286 0.0000000000
21459  16.687  -11.923  44.009 0.0000000000
20771  7.164  -14.118  46.722 0.0000000000
25514  40.002  -0.496  34.554 0.0000000000
25165  39.114  -1.991  35.507 0.0000000000
24472  39.367  -3.462  35.849 0.0000000000
52090  38.513  -4.265  36.268 0.0000000000
50887  37.531  -7.936  36.574 0.0000000000
21851  35.050  -11.578  37.812 0.0000000000
23758  30.598  -6.186  41.015 0.0000000000
23422  31.753  -7.334  40.773 0.0000000000
23430  32.008  -6.639  40.478 0.0000000000
23123  33.100  -7.749  40.036 0.0000000000
22160  33.187  -10.455  39.831 0.0000000000
22159  33.753  -10.195  39.499 0.0000000000
21842  34.182  -10.611  38.994 0.0000000000
24481  41.393  -3.658  34.569 0.0000000000
28907  51.488  9.382  19.520 0.0000000000
29244  51.816  10.183  19.139 0.0000000000
27573  50.035  5.896  22.489 0.0000000000
26219  42.420  1.531  32.868 0.0000000000
25870  41.597  0.456  33.334 0.0000000000
21132  24.174  -13.550  42.425 0.0000000000
22141  25.436  -10.410  42.393 0.0000000000
21472  25.001  -12.568  42.163 0.0000000000
23106  18.153  -7.250  43.869 0.0000000000
22789  18.379  -8.159  43.700 0.0000000000
22790  17.510  -7.930  43.971 0.0000000000
21456  12.487  -12.523  45.537 0.0000000000
21098  10.175  -12.878  46.341 0.0000000000
51346  34.484  -6.755  38.888 0.0000000000
21493  31.414  -12.514  39.931 0.0000000000
52040  50.455  8.951  21.346 0.0000000000
26229  44.470  1.479  31.392 0.0000000000
24824  43.271  -2.519  32.331 0.0000000000
23414  27.887  -6.890  41.846 0.0000000000
21488  28.555  -12.719  40.983 0.0000000000
23136  38.281  -7.667  36.302 0.0000000000
27571  48.961  5.503  24.539 0.0000000000
56606  47.085  5.809  28.209 0.0000000000
59140  21.917  -10.508  42.914 0.0000000000
57208  19.083  -11.310  43.471 0.0000000000
22122  15.476  -10.373  44.763 0.0000000000
59100  14.694  -12.275  44.787 0.0000000000
24476  36.175  -3.903  37.018 0.0000000000
59148  30.184  -7.251  41.407 0.0000000000
21490  33.461  -11.709  39.143 0.0000000000
21496  33.898  -12.242  38.593 0.0000000000
25866  40.430  -0.015  34.152 0.0000000000
52928  26.855  -8.706  42.307 0.0000000000
57925  26.645  -12.881  41.568 0.0000000000
27226  48.176  4.161  26.878 0.0000000000
23420  22.899  -6.856  42.572 0.0000000000
27552  45.810  4.833  30.369 0.0000000000
22472  20.299  -9.550  43.166 0.0000000000
52015  19.012  -9.926  43.437 0.0000000000
22115  13.997  -10.379  45.574 0.0000000000
55864  13.981  -11.074  45.382 0.0000000000
21802  13.659  -11.653  45.336 0.0000000000
21119  14.393  -13.840  44.660 0.0000000000
53796  34.759  -8.774  38.842 0.0000000000
22491  32.237  -9.473  40.617 0.0000000000
28589  50.980  8.042  20.295 0.0000000000
27214  45.333  4.473  30.895 0.0000000000
55640  28.541  -4.923  41.389 0.0000000000
23122  28.716  -7.137  41.741 0.0000000000
22487  29.626  -9.879  41.689 0.0000000000
21831  29.892  -10.940  41.280 0.0000000000
21144  27.517  -13.795  41.005 0.0000000000
52785  48.666  7.771  24.416 0.0000000000
22143  23.320  -10.440  42.673 0.0000000000
23103  21.358  -7.432  43.000 0.0000000000
28224  47.365  7.343  26.573 0.0000000000
21124  21.271  -13.337  43.250 0.0000000000
22123  14.744  -10.314  45.175 0.0000000000
20796  17.907  -13.965  43.709 0.0000000000
55093  9.077  -13.565  46.489 0.0000000000
20769  8.585  -14.218  46.478 0.0000000000
20770  7.867  -14.141  46.642 0.0000000000
55001  41.401  1.791  33.400 0.0000000000
59658  37.891  -3.220  36.234 0.0000000000
22506  37.086  -9.563  36.514 0.0000000000
22175  36.209  -10.812  36.859 0.0000000000
24111  30.078  -4.834  40.947 0.0000000000
23120  31.193  -7.591  41.087 0.0000000000
23765  31.539  -5.058  40.377 0.0000000000
23769  32.993  -5.480  39.635 0.0000000000
23768  33.690  -5.818  39.257 0.0000000000
21495  34.478  -11.927  38.220 0.0000000000
24822  42.224  -2.666  33.416 0.0000000000
