#!ascii label  , from subject sub-1016 vox2ras=TkReg
1418
15508  26.979  -29.095  39.704 0.5555559993
14775  27.638  -30.498  38.761 0.4444440007
15142  27.258  -30.149  39.168 0.4444440007
15143  26.535  -30.406  39.217 0.5555559993
15133  26.772  -29.718  39.556 0.4444440007
15520  27.428  -29.518  39.394 0.4444440007
15509  26.225  -29.165  39.784 0.5555559993
14789  27.591  -31.067  38.353 0.4444440007
15134  26.099  -29.846  39.576 0.5555559993
15894  26.590  -28.652  39.832 0.4444440007
51336  26.541  -28.092  39.837 0.4444440007
15893  27.229  -28.447  39.684 0.4444440007
15895  25.923  -28.399  39.826 0.4444440007
15141  27.962  -29.899  38.930 0.4444440007
14777  25.969  -30.877  38.985 0.4444440007
14767  25.869  -30.339  39.326 0.5555559993
15510  25.672  -29.440  39.666 0.5555559993
56867  26.092  -31.392  38.551 0.4444440007
14039  26.207  -32.495  37.641 0.2222220004
14419  25.828  -31.922  38.134 0.1111110002
14040  25.418  -32.649  37.584 0.1111110002
57534  25.982  -27.825  39.827 0.3333329856
15152  28.636  -29.862  38.479 0.4444440007
15518  28.546  -28.813  38.991 0.4444440007
15907  27.962  -28.588  39.367 0.4444440007
14788  28.205  -30.568  38.329 0.4444440007
15135  25.450  -29.910  39.448 0.5555559993
14407  25.427  -31.343  38.605 0.4444440007
15151  29.229  -29.800  38.021 0.4444440007
15527  29.083  -29.137  38.492 0.4444440007
15911  29.107  -28.413  38.708 0.4444440007
16274  27.093  -27.696  39.665 0.3333329856
54959  26.368  -27.442  39.776 0.3333329856
57303  28.459  -29.393  38.855 0.4444440007
16285  27.802  -27.934  39.422 0.4444440007
14787  28.800  -30.321  38.053 0.3333329856
16286  27.648  -27.223  39.358 0.3333329856
16643  26.642  -26.166  39.468 0.3333329856
14795  28.652  -30.856  37.793 0.2222220004
14416  28.134  -31.450  37.756 0.2222220004
14778  25.216  -30.571  39.062 0.5555559993
50223  25.118  -31.941  38.140 0.1111110002
15525  30.204  -28.453  37.940 0.4444440007
15909  30.121  -27.862  38.134 0.5555559993
15154  30.302  -29.495  37.251 0.3333329856
15526  29.846  -29.129  37.882 0.4444440007
54635  29.667  -28.509  38.306 0.4444440007
15910  29.549  -28.035  38.498 0.4444440007
16289  29.605  -27.487  38.456 0.4444440007
15155  29.722  -29.837  37.565 0.3333329856
14794  29.242  -30.492  37.504 0.3333329856
15906  28.552  -28.070  39.060 0.4444440007
14427  28.867  -31.422  37.182 0.2222220004
58900  28.249  -27.489  39.148 0.3333329856
57315  27.533  -26.323  39.227 0.3333329856
16633  26.102  -26.715  39.675 0.2222220004
15914  30.618  -28.064  37.740 0.4444440007
15535  30.986  -29.162  36.829 0.3333329856
15531  30.656  -28.674  37.443 0.3333329856
16288  30.196  -27.078  38.050 0.5555559993
15158  30.617  -29.924  36.620 0.2222220004
15159  29.945  -30.247  37.039 0.2222220004
16641  29.577  -26.704  38.335 0.4444440007
16284  28.920  -27.303  38.799 0.5555559993
14797  30.221  -30.713  36.364 0.1111110002
15913  31.158  -27.942  37.326 0.4444440007
16293  30.833  -27.359  37.649 0.5555559993
15530  31.363  -28.457  36.918 0.3333329856
16645  30.754  -26.557  37.633 0.5555559993
15533  32.251  -28.523  36.063 0.3333329856
15534  31.632  -28.862  36.408 0.3333329856
50492  30.203  -26.431  37.936 0.4444440007
15539  31.983  -29.217  35.844 0.1111110002
15157  31.298  -29.570  36.205 0.2222220004
16965  30.573  -25.764  37.650 0.3333329856
53973  29.905  -25.958  38.015 0.3333329856
15162  31.671  -29.958  35.573 0.1111110002
15163  30.940  -30.361  35.936 0.1111110002
14801  30.552  -31.303  35.616 0.1111110002
14435  30.071  -32.019  35.727 0.1111110002
14800  31.365  -30.758  35.254 0.1111110002
59761  29.988  -32.624  35.602 0.1111110002
14060  29.636  -33.193  35.735 0.1111110002
57323  31.890  -28.284  36.515 0.4444440007
16292  31.557  -27.251  37.134 0.5555559993
16650  31.309  -26.720  37.301 0.6666669846
15918  31.772  -27.815  36.828 0.4444440007
16649  31.415  -25.915  37.224 0.6666669846
15538  32.650  -28.857  35.506 0.4444440007
15922  32.887  -28.150  35.730 0.4444440007
15165  33.739  -28.962  34.601 0.3333329856
15541  33.047  -29.221  34.939 0.3333329856
15161  32.367  -29.567  35.239 0.2222220004
15166  32.788  -29.913  34.655 0.3333329856
15167  32.100  -30.320  34.948 0.1111110002
14806  31.200  -31.605  34.922 0.1111110002
14434  30.539  -32.317  35.161 0.1111110002
16297  32.205  -27.181  36.674 0.6666669846
16291  32.017  -26.487  36.907 0.6666669846
15916  33.040  -27.547  35.903 0.5555559993
16296  32.824  -27.105  36.251 0.5555559993
15537  33.331  -28.508  35.166 0.3333329856
57366  32.604  -26.656  36.537 0.6666669846
16970  32.220  -25.624  36.805 0.7777780294
16301  33.460  -27.011  35.815 0.5555559993
16653  32.724  -26.039  36.525 0.7777780294
15921  33.603  -27.712  35.401 0.4444440007
16977  32.898  -25.275  36.468 0.6666669846
15540  34.510  -28.712  34.261 0.3333329856
15926  34.048  -28.209  34.808 0.3333329856
16300  34.104  -26.995  35.304 0.4444440007
15929  35.263  -28.410  33.900 0.4444440007
15925  34.830  -27.840  34.457 0.4444440007
15920  34.261  -27.561  34.952 0.4444440007
16657  33.909  -26.221  35.684 0.6666669846
16652  33.164  -26.460  36.183 0.6666669846
52957  33.382  -25.707  36.137 0.7777780294
16304  34.719  -27.073  34.788 0.4444440007
16656  34.607  -26.373  35.076 0.6666669846
16980  33.975  -25.400  35.780 0.6666669846
16976  33.579  -24.817  36.086 0.7777780294
16303  35.363  -27.122  34.296 0.5555559993
15924  35.525  -27.741  34.010 0.5555559993
16308  36.165  -27.222  33.769 0.5555559993
16979  35.225  -25.844  34.749 0.6666669846
53154  35.268  -24.837  34.927 0.6666669846
16661  35.854  -26.333  34.198 0.6666669846
51649  34.554  -25.558  35.296 0.6666669846
58352  35.141  -26.545  34.611 0.5555559993
16975  34.397  -24.662  35.580 0.5555559993
15927  36.678  -27.780  33.233 0.5555559993
16307  37.032  -27.049  33.315 0.5555559993
16983  35.942  -25.405  34.364 0.7777780294
16660  36.503  -25.788  33.970 0.6666669846
16666  36.713  -26.420  33.706 0.6666669846
16313  37.331  -27.544  32.914 0.5555559993
17343  36.132  -24.532  34.379 0.7777780294
17339  35.672  -23.872  34.783 0.6666669846
16672  38.754  -26.356  32.744 0.6666669846
51405  37.413  -26.429  33.354 0.5555559993
16306  37.893  -26.899  32.900 0.6666669846
56130  36.915  -24.264  34.007 0.6666669846
54128  36.378  -23.710  34.312 0.6666669846
16982  36.719  -25.082  33.993 0.7777780294
16663  39.654  -25.374  32.862 0.7777780294
16990  37.319  -25.696  33.614 0.7777780294
16664  38.878  -25.665  33.017 0.7777780294
16665  38.082  -26.055  33.167 0.6666669846
17342  37.742  -23.871  33.716 0.8888890147
17349  37.561  -24.786  33.694 0.8888890147
16989  38.234  -25.279  33.362 0.8888890147
50657  40.081  -25.762  32.443 0.7777780294
16310  40.489  -26.155  31.898 0.6666669846
17710  38.264  -23.143  33.557 0.7777780294
17701  37.438  -23.002  33.881 0.6666669846
59485  37.020  -23.569  34.016 0.6666669846
17347  39.367  -24.124  33.242 0.8888890147
54474  38.583  -23.796  33.445 0.8888890147
16986  40.667  -24.607  32.860 0.7777780294
16987  39.949  -24.731  33.012 0.7777780294
17348  38.434  -24.478  33.440 0.8888890147
16996  40.445  -25.144  32.678 0.7777780294
16988  39.099  -24.954  33.180 0.7777780294
16995  41.317  -24.840  32.537 0.7777780294
16670  40.929  -25.518  32.219 0.6666669846
17709  39.093  -23.306  33.296 0.8888890147
18077  38.781  -22.516  33.301 0.7777780294
17346  40.354  -24.098  33.055 0.8888890147
17708  39.962  -23.410  33.134 0.8888890147
55083  39.561  -22.770  33.145 0.8888890147
17345  41.181  -24.161  32.879 0.8888890147
18458  38.445  -21.555  33.451 0.6666669846
17707  40.878  -23.465  33.040 0.8888890147
54928  40.344  -21.790  32.942 0.8888890147
18076  39.493  -21.947  33.066 0.7777780294
18075  40.430  -22.613  33.022 0.8888890147
50999  41.968  -24.273  32.624 0.8888890147
16994  42.107  -24.795  32.278 0.7777780294
17706  41.754  -23.582  32.883 0.8888890147
51796  41.433  -22.839  32.975 0.8888890147
18457  39.831  -21.173  32.976 0.5555559993
54450  41.208  -21.983  32.899 0.8888890147
18456  40.664  -21.190  32.810 0.7777780294
17353  42.635  -23.698  32.563 0.8888890147
54012  42.658  -24.448  32.297 0.8888890147
18840  41.571  -20.027  32.528 0.5555559993
19211  40.808  -19.521  32.646 0.4444440007
17705  42.243  -22.950  32.813 0.7777780294
18841  40.946  -20.429  32.672 0.7777780294
18455  41.475  -21.217  32.745 0.7777780294
57764  43.228  -24.613  32.002 0.6666669846
17352  43.162  -24.111  32.200 0.7777780294
18074  41.912  -22.374  32.882 0.7777780294
55029  40.734  -18.838  32.715 0.2222220004
18081  43.016  -22.866  32.500 0.8888890147
55017  42.004  -21.782  32.788 0.7777780294
57699  41.696  -20.682  32.617 0.6666669846
17712  43.444  -23.540  32.207 0.8888890147
57105  44.070  -23.529  31.864 0.7777780294
17357  44.461  -24.695  31.407 0.6666669846
17356  44.551  -23.940  31.519 0.6666669846
17355  45.107  -24.360  31.100 0.5555559993
19210  41.495  -19.157  32.497 0.2222220004
18073  42.522  -22.268  32.712 0.7777780294
18454  42.160  -21.149  32.653 0.7777780294
18839  42.206  -20.500  32.494 0.7777780294
19564  41.069  -18.348  32.632 0.1111110002
55543  43.223  -21.942  32.369 0.8888890147
55478  42.846  -21.011  32.419 0.8888890147
18080  43.869  -22.733  32.017 0.8888890147
17715  44.595  -23.145  31.524 0.7777780294
17000  45.052  -25.043  30.979 0.4444440007
17714  45.165  -23.610  31.117 0.6666669846
58899  45.428  -25.244  30.726 0.2222220004
16678  45.798  -25.408  30.450 0.2222220004
16999  45.654  -24.780  30.681 0.3333329856
17004  46.288  -24.941  30.236 0.2222220004
16683  46.373  -25.627  30.002 0.2222220004
17009  46.883  -25.095  29.764 0.2222220004
17008  47.443  -25.208  29.231 0.2222220004
17012  47.913  -25.229  28.749 0.2222220004
19209  42.177  -19.781  32.359 0.3333329856
59776  42.198  -19.110  32.254 0.3333329856
19216  41.835  -18.410  32.342 0.2222220004
19916  42.235  -17.561  32.005 0.2222220004
18846  42.687  -20.256  32.304 0.7777780294
17718  45.797  -23.292  30.684 0.6666669846
17360  45.708  -24.037  30.742 0.5555559993
52110  46.326  -23.751  30.339 0.3333329856
17364  46.795  -24.310  29.968 0.3333329856
17721  47.517  -23.855  29.449 0.3333329856
17363  47.329  -24.601  29.497 0.3333329856
19569  42.612  -18.590  31.992 0.3333329856
18462  44.345  -21.263  31.572 0.8888890147
55540  43.619  -21.168  32.040 0.7777780294
18845  43.288  -20.382  32.060 0.7777780294
18848  44.644  -20.550  31.231 0.8888890147
18084  44.658  -22.180  31.449 0.8888890147
18467  45.167  -21.279  30.958 0.8888890147
18088  45.363  -22.113  30.912 0.7777780294
18087  45.860  -22.528  30.596 0.7777780294
17717  46.483  -22.948  30.206 0.4444440007
17722  46.947  -23.483  29.902 0.3333329856
18849  43.984  -20.516  31.686 0.7777780294
19215  42.872  -19.545  32.067 0.6666669846
19920  43.138  -17.953  31.590 0.4444440007
18851  45.233  -20.430  30.765 0.8888890147
18466  45.894  -21.730  30.470 0.8888890147
18086  46.374  -22.224  30.199 0.6666669846
18092  47.013  -22.348  29.756 0.6666669846
18469  47.336  -21.496  29.381 0.5555559993
18091  47.754  -22.203  29.173 0.5555559993
18474  48.044  -21.388  28.868 0.5555559993
19568  43.419  -18.876  31.643 0.6666669846
19219  43.689  -19.745  31.690 0.7777780294
19218  44.286  -19.963  31.363 0.8888890147
18850  46.006  -20.667  30.209 0.8888890147
18855  46.937  -20.751  29.588 0.7777780294
53443  47.367  -19.984  29.331 0.7777780294
18470  46.596  -21.541  29.934 0.7777780294
18854  47.705  -20.692  29.084 0.7777780294
18861  48.365  -20.669  28.705 0.6666669846
19231  49.826  -19.330  28.345 0.4444440007
53022  43.916  -18.226  31.192 0.5555559993
19571  44.274  -19.153  31.177 0.6666669846
19222  44.840  -19.835  30.942 0.8888890147
55564  46.664  -20.091  29.709 0.7777780294
56904  48.284  -19.855  28.922 0.6666669846
56288  49.046  -19.386  28.681 0.5555559993
19586  49.380  -18.652  28.766 0.6666669846
19221  45.513  -19.806  30.450 0.8888890147
19574  45.103  -19.093  30.601 0.8888890147
19227  46.180  -19.656  29.972 0.7777780294
19225  47.750  -19.138  29.269 0.7777780294
19224  48.591  -18.883  28.987 0.6666669846
19578  48.920  -18.097  29.067 0.7777780294
19577  49.666  -17.848  28.940 0.8888890147
19585  50.153  -18.400  28.564 0.7777780294
53036  45.747  -19.139  30.198 0.8888890147
19226  46.917  -19.374  29.601 0.7777780294
19581  46.366  -18.831  29.854 0.8888890147
19580  47.194  -18.531  29.525 0.7777780294
19579  48.116  -18.198  29.262 0.8888890147
53473  48.607  -17.733  29.218 0.7777780294
19928  47.434  -17.662  29.469 0.7777780294
19573  45.616  -18.294  30.139 0.6666669846
19929  46.567  -17.973  29.717 0.7777780294
50246  46.837  -17.202  29.613 0.6666669846
15896  25.089  -28.231  39.669 0.4444440007
54903  27.059  -25.645  39.246 0.2222220004
15144  24.688  -29.875  39.208 0.5555559993
16634  25.284  -26.431  39.672 0.2222220004
59584  27.532  -28.982  39.521 0.4444440007
14406  26.569  -31.076  38.716 0.4444440007
52184  25.457  -28.889  39.703 0.4444440007
15519  27.995  -29.208  39.214 0.5555559993
13704  25.931  -33.127  37.252 0.1111110002
51799  25.471  -27.850  39.756 0.4444440007
15136  25.050  -29.338  39.499 0.4444440007
15905  29.161  -27.871  38.732 0.4444440007
16632  26.908  -26.945  39.581 0.3333329856
54667  28.293  -26.824  39.015 0.3333329856
14798  29.571  -31.019  36.828 0.2222220004
16952  25.833  -25.897  39.563 0.2222220004
15917  32.402  -27.788  36.277 0.5555559993
14059  30.181  -33.191  35.231 0.1111110002
16669  41.815  -25.337  32.033 0.6666669846
56092  39.110  -21.150  33.205 0.6666669846
16668  42.740  -25.137  31.910 0.7777780294
17351  43.819  -24.231  31.870 0.7777780294
58166  42.574  -21.639  32.629 0.7777780294
18083  45.222  -22.821  31.033 0.7777780294
17005  45.167  -25.715  30.688 0.3333329856
16679  45.801  -26.087  30.195 0.2222220004
17359  46.161  -24.373  30.412 0.3333329856
16686  47.559  -25.970  28.816 0.2222220004
18463  43.956  -21.863  31.923 0.8888890147
59575  46.990  -22.958  29.847 0.4444440007
18473  48.709  -21.188  28.398 0.4444440007
52625  47.478  -23.022  29.480 0.3333329856
18860  49.093  -20.229  28.414 0.4444440007
19926  49.083  -17.306  29.231 0.8888890147
19927  48.261  -17.361  29.354 0.8888890147
16275  25.541  -27.249  39.774 0.2222220004
18404  3.998  -21.368  44.733 0.1111110002
18781  3.671  -20.580  44.882 0.1111110002
18028  3.373  -22.636  43.778 0.1111110002
18022  3.614  -21.989  44.293 0.1111110002
18776  4.110  -20.125  45.155 0.1111110002
16945  2.438  -24.406  42.110 0.1111110002
15875  5.923  -27.753  43.946 0.1111110002
17298  3.454  -24.120  43.372 0.1111110002
17660  3.749  -23.454  43.759 0.1111110002
18027  4.040  -22.788  44.199 0.1111110002
55526  2.782  -24.557  42.599 0.1111110002
17661  3.187  -23.285  43.327 0.1111110002
18403  4.755  -21.547  44.965 0.1111110002
59011  2.426  -25.203  42.001 0.1111110002
55443  2.522  -24.299  42.279 0.1111110002
17662  2.704  -23.040  42.903 0.1111110002
16631  2.208  -25.621  41.354 0.1111110002
16950  2.315  -25.191  41.725 0.1111110002
17304  2.300  -23.529  42.151 0.1111110002
16958  2.181  -25.546  40.860 0.1111110002
16951  2.226  -24.549  41.374 0.1111110002
16971  31.815  -25.149  36.972 0.5555559993
16972  31.172  -25.033  37.259 0.4444440007
16253  8.112  -27.514  44.475 0.2222220004
16255  6.662  -27.371  44.255 0.1111110002
16261  5.264  -27.220  43.894 0.1111110002
17297  4.044  -24.309  43.806 0.1111110002
17655  4.761  -22.925  44.575 0.1111110002
55414  3.175  -24.756  43.023 0.1111110002
18021  4.369  -22.149  44.625 0.1111110002
18017  5.102  -22.276  44.901 0.1111110002
52670  8.714  -27.844  44.432 0.3333329856
16944  2.581  -25.143  42.281 0.1111110002
16624  2.745  -26.018  42.437 0.1111110002
54780  6.013  -20.876  45.442 0.1111110002
53181  5.281  -20.978  45.249 0.1111110002
16625  2.432  -25.973  41.992 0.1111110002
16640  2.028  -26.426  41.051 0.1111110002
17322  30.374  -24.862  37.629 0.2222220004
17323  29.651  -24.255  37.926 0.2222220004
16254  7.428  -26.969  44.524 0.2222220004
16256  5.956  -26.820  44.206 0.1111110002
53578  4.646  -27.513  43.559 0.1111110002
16936  4.329  -25.256  43.830 0.1111110002
51091  5.161  -23.718  44.565 0.1111110002
17650  5.532  -23.012  44.901 0.1111110002
18016  5.830  -22.298  45.163 0.1111110002
16247  8.794  -27.167  44.651 0.3333329856
16618  4.179  -26.152  43.587 0.1111110002
16940  3.340  -25.518  43.123 0.1111110002
16941  2.931  -25.370  42.713 0.1111110002
18395  6.747  -21.248  45.579 0.1111110002
16252  9.491  -27.714  44.507 0.3333329856
16619  3.575  -26.221  43.216 0.1111110002
16245  10.216  -27.160  44.693 0.3333329856
15888  3.135  -28.096  42.497 0.1111110002
16264  3.289  -26.840  42.895 0.1111110002
16269  2.615  -26.782  42.226 0.1111110002
16270  2.277  -27.094  41.729 0.1111110002
16630  2.188  -26.258  41.541 0.1111110002
16273  1.981  -27.114  41.244 0.1111110002
16282  1.796  -27.181  40.773 0.1111110002
52237  32.415  -24.832  36.704 0.4444440007
16644  1.823  -26.668  40.348 0.1111110002
16627  19.889  -25.777  41.438 0.2222220004
17331  31.000  -24.140  37.232 0.2222220004
16948  20.194  -25.008  41.643 0.2222220004
17332  30.374  -23.978  37.519 0.2222220004
58891  29.008  -23.865  38.214 0.1111110002
16612  5.580  -26.017  44.274 0.1111110002
17291  5.570  -24.522  44.579 0.1111110002
17290  6.456  -24.575  44.899 0.1111110002
17285  6.636  -23.838  45.121 0.1111110002
16246  9.504  -26.772  44.811 0.3333329856
55135  8.727  -26.290  44.918 0.3333329856
16617  4.848  -26.010  43.971 0.1111110002
16935  5.164  -25.267  44.258 0.1111110002
18015  6.592  -22.155  45.427 0.1111110002
56236  10.163  -26.453  44.938 0.3333329856
16629  18.777  -26.779  41.594 0.2222220004
53649  18.254  -25.408  42.491 0.2222220004
16621  19.001  -25.859  41.849 0.3333329856
17302  18.424  -24.555  42.829 0.2222220004
16949  19.533  -25.272  41.854 0.2222220004
16947  20.984  -24.922  41.257 0.2222220004
17308  21.183  -24.224  41.451 0.1111110002
16610  7.100  -26.168  44.688 0.2222220004
16932  7.511  -25.567  44.942 0.2222220004
16927  7.251  -24.869  45.059 0.1111110002
57574  7.282  -23.532  45.383 0.1111110002
16611  6.343  -26.077  44.501 0.1111110002
16933  6.768  -25.432  44.789 0.1111110002
17649  6.414  -23.056  45.219 0.1111110002
16607  10.926  -26.650  44.836 0.3333329856
16598  11.388  -25.814  45.067 0.3333329856
17644  11.844  -23.496  45.680 0.1111110002
17279  12.367  -24.303  45.394 0.1111110002
53448  12.740  -23.379  45.582 0.1111110002
17330  31.836  -24.271  36.907 0.4444440007
17277  14.088  -23.983  45.121 0.1111110002
17276  14.866  -23.710  44.951 0.1111110002
17641  15.399  -23.009  45.010 0.1111110002
16942  19.005  -24.993  42.272 0.2222220004
17335  33.969  -24.134  35.896 0.6666669846
56095  19.604  -24.740  42.080 0.2222220004
17295  17.161  -23.884  43.856 0.1111110002
17309  20.608  -24.451  41.684 0.2222220004
17301  20.036  -24.287  42.064 0.1111110002
17325  28.332  -24.035  38.519 0.1111110002
17684  27.994  -23.195  38.686 0.1111110002
17307  21.847  -24.018  41.112 0.1111110002
18043  26.897  -22.377  39.162 0.1111110002
18044  26.130  -22.659  39.358 0.1111110002
17306  22.528  -23.916  40.723 0.1111110002
55054  23.159  -23.823  40.423 0.1111110002
16925  8.488  -24.931  45.285 0.2222220004
17283  7.838  -24.334  45.329 0.1111110002
17648  8.085  -23.598  45.551 0.1111110002
57176  8.873  -25.526  45.162 0.2222220004
17282  9.797  -24.255  45.597 0.2222220004
56795  8.823  -24.082  45.553 0.1111110002
52736  10.145  -25.053  45.379 0.1111110002
17645  10.987  -23.606  45.733 0.1111110002
18010  13.123  -22.527  45.697 0.1111110002
17690  30.092  -23.285  37.657 0.1111110002
17642  14.482  -23.126  45.278 0.1111110002
17682  29.409  -23.235  38.029 0.1111110002
17653  16.188  -23.191  44.631 0.1111110002
17683  28.695  -23.168  38.365 0.1111110002
17685  27.308  -23.231  38.952 0.1111110002
17286  16.439  -23.825  44.234 0.1111110002
17294  17.814  -24.137  43.377 0.1111110002
17677  26.565  -23.335  39.188 0.1111110002
17678  25.771  -23.368  39.440 0.1111110002
18045  25.412  -22.517  39.580 0.1111110002
17679  24.987  -23.267  39.693 0.1111110002
56516  19.267  -24.165  42.562 0.1111110002
17293  18.560  -23.718  43.183 0.1111110002
54764  19.955  -23.583  42.478 0.1111110002
17300  20.620  -23.835  41.971 0.1111110002
17666  19.293  -23.309  42.987 0.1111110002
18046  24.592  -22.465  39.856 0.1111110002
18428  26.044  -21.703  39.527 0.1111110002
54967  25.035  -21.666  39.806 0.1111110002
17673  23.526  -23.232  40.347 0.1111110002
17674  22.793  -23.130  40.803 0.1111110002
50494  10.290  -23.720  45.734 0.1111110002
17646  9.594  -23.334  45.789 0.1111110002
17647  8.657  -23.119  45.736 0.1111110002
18004  11.276  -22.694  45.888 0.1111110002
18011  12.232  -22.647  45.801 0.1111110002
18009  14.021  -22.425  45.555 0.1111110002
59901  32.997  -24.581  36.422 0.6666669846
17689  30.774  -23.282  37.290 0.2222220004
17680  24.247  -23.245  40.000 0.1111110002
18039  23.831  -22.465  40.227 0.1111110002
17672  21.324  -23.389  41.727 0.1111110002
17640  10.434  -23.037  45.869 0.1111110002
17643  13.619  -23.250  45.461 0.1111110002
17688  31.514  -23.324  37.004 0.2222220004
17659  17.849  -23.252  43.797 0.1111110002
17652  16.946  -23.128  44.314 0.1111110002
17698  34.667  -23.242  35.518 0.4444440007
17692  34.030  -23.358  35.876 0.3333329856
17329  32.651  -24.026  36.563 0.4444440007
17658  18.709  -22.917  43.496 0.1111110002
17687  32.267  -23.299  36.709 0.4444440007
18057  30.507  -22.480  37.462 0.1111110002
17694  32.966  -23.206  36.419 0.4444440007
18055  31.976  -22.469  36.877 0.2222220004
18056  31.232  -22.447  37.146 0.2222220004
17665  19.913  -22.834  42.867 0.1111110002
18054  32.662  -22.458  36.592 0.3333329856
18438  31.778  -21.510  37.119 0.2222220004
58070  30.288  -21.801  37.720 0.1111110002
53159  32.416  -21.799  36.817 0.2222220004
18439  30.915  -21.654  37.430 0.1111110002
18431  30.499  -21.002  37.909 0.1111110002
18813  31.310  -20.807  37.582 0.1111110002
18437  32.587  -21.046  36.987 0.1111110002
57006  30.962  -20.318  37.989 0.1111110002
18820  32.916  -20.240  37.223 0.1111110002
18821  32.108  -20.512  37.368 0.1111110002
18811  32.473  -19.687  37.676 0.1111110002
19196  33.334  -19.433  37.453 0.1111110002
59724  16.550  -22.790  44.637 0.1111110002
18020  16.885  -22.367  44.642 0.1111110002
18008  16.173  -22.490  44.894 0.1111110002
17651  17.513  -22.595  44.264 0.1111110002
18026  18.210  -22.403  43.991 0.1111110002
17336  33.391  -23.899  36.210 0.5555559993
17697  35.305  -23.120  35.105 0.4444440007
17334  34.405  -23.879  35.637 0.5555559993
17657  19.340  -22.655  43.274 0.1111110002
18066  35.716  -22.180  35.042 0.3333329856
18049  29.857  -22.439  37.852 0.1111110002
17693  33.512  -23.088  36.151 0.3333329856
18050  29.135  -22.347  38.218 0.1111110002
17664  20.580  -23.088  42.345 0.1111110002
18062  33.303  -22.425  36.304 0.4444440007
18432  29.714  -21.485  38.110 0.1111110002
18444  33.085  -21.575  36.590 0.2222220004
18040  23.251  -22.563  40.634 0.1111110002
18436  33.205  -20.757  36.844 0.1111110002
17671  22.086  -23.307  41.215 0.1111110002
18819  33.738  -20.125  36.954 0.1111110002
55796  33.373  -18.904  37.660 0.1111110002
19189  32.858  -18.934  37.846 0.1111110002
18067  34.944  -22.430  35.472 0.3333329856
18060  34.386  -22.680  35.736 0.4444440007
18032  20.491  -22.329  42.729 0.1111110002
18065  36.433  -21.628  34.766 0.2222220004
56194  35.892  -21.185  35.268 0.1111110002
18447  36.497  -20.873  35.033 0.2222220004
18061  33.900  -22.520  36.016 0.3333329856
18051  28.310  -22.293  38.625 0.1111110002
58316  22.316  -22.717  41.271 0.1111110002
53442  21.786  -22.689  41.695 0.1111110002
18433  28.873  -21.474  38.498 0.1111110002
55129  33.768  -21.733  36.242 0.2222220004
18443  33.718  -20.950  36.543 0.1111110002
56909  34.035  -19.388  37.176 0.1111110002
58198  33.845  -18.850  37.473 0.1111110002
17663  21.146  -22.562  42.208 0.1111110002
18829  36.898  -20.176  35.086 0.2222220004
18836  37.483  -20.343  34.523 0.3333329856
53204  34.447  -21.849  35.893 0.3333329856
56971  34.200  -21.172  36.223 0.1111110002
18826  34.334  -20.492  36.484 0.1111110002
18442  34.765  -20.949  36.029 0.2222220004
18835  38.064  -20.066  34.207 0.2222220004
19205  38.981  -18.995  33.796 0.1111110002
19206  38.178  -19.159  34.453 0.1111110002
18448  35.190  -21.525  35.567 0.1111110002
19914  39.969  -17.843  33.388 0.1111110002
19561  39.154  -18.042  33.954 0.1111110002
18834  38.754  -19.828  33.748 0.1111110002
19212  39.932  -18.864  33.117 0.1111110002
19913  40.612  -17.692  32.915 0.1111110002
51699  38.540  -18.455  34.379 0.1111110002
58370  38.863  -17.321  34.417 0.1111110002
20230  40.813  -16.925  32.814 0.1111110002
20231  40.181  -17.056  33.337 0.1111110002
20234  41.520  -16.760  32.296 0.1111110002
20540  41.633  -15.812  32.117 0.1111110002
20233  42.270  -16.469  31.813 0.1111110002
20541  40.973  -16.062  32.679 0.1111110002
53676  40.363  -16.285  33.217 0.1111110002
54161  42.943  -16.087  31.313 0.3333329856
19930  45.996  -17.292  29.832 0.5555559993
20249  45.530  -16.497  29.950 0.5555559993
20240  44.265  -16.904  30.680 0.4444440007
20236  43.596  -16.526  31.006 0.4444440007
19922  45.002  -17.360  30.306 0.5555559993
20547  44.229  -15.957  30.515 0.4444440007
20239  44.805  -16.508  30.294 0.4444440007
20247  47.620  -16.701  29.514 0.6666669846
19934  50.419  -17.581  28.763 0.7777780294
19584  50.891  -18.119  28.374 0.6666669846
19583  51.544  -17.839  28.111 0.6666669846
58089  43.518  -15.750  30.887 0.3333329856
20841  41.077  -15.115  32.498 0.1111110002
21536  51.306  -12.222  28.297 0.6666669846
21540  51.778  -12.702  27.818 0.6666669846
21193  51.339  -13.176  28.302 0.6666669846
20862  51.952  -14.620  27.948 0.6666669846
20858  51.406  -14.133  28.372 0.6666669846
20559  52.059  -15.439  27.946 0.5555559993
21892  51.375  -11.295  28.384 0.5555559993
51519  52.171  -16.805  27.839 0.5555559993
19938  52.118  -17.517  27.771 0.5555559993
22211  51.522  -10.447  28.527 0.5555559993
19932  51.688  -17.073  28.199 0.5555559993
22210  52.033  -10.088  28.157 0.6666669846
22541  51.658  -9.667  28.629 0.3333329856
22860  52.988  -8.708  27.039 0.4444440007
52145  52.516  -8.409  27.532 0.5555559993
22855  52.132  -8.595  28.051 0.3333329856
22540  52.111  -9.338  28.174 0.6666669846
22856  51.706  -8.896  28.596 0.3333329856
22537  51.244  -9.228  29.026 0.3333329856
22852  51.246  -8.505  28.957 0.3333329856
20544  42.316  -15.510  31.582 0.1111110002
20546  45.038  -15.800  30.075 0.5555559993
20248  46.575  -16.367  29.683 0.5555559993
20246  48.618  -16.576  29.416 0.7777780294
19925  49.913  -17.048  29.088 0.7777780294
20555  51.451  -15.175  28.445 0.6666669846
53681  51.280  -16.667  28.535 0.6666669846
19933  51.101  -17.340  28.515 0.7777780294
20253  51.099  -15.985  28.706 0.7777780294
22207  51.125  -9.996  28.978 0.3333329856
23167  52.784  -7.831  27.145 0.3333329856
22853  50.815  -8.786  29.308 0.2222220004
22538  50.716  -9.508  29.343 0.2222220004
59304  53.589  -7.127  26.204 0.3333329856
23479  52.419  -6.981  27.341 0.2222220004
23163  52.212  -7.848  27.755 0.3333329856
23161  51.658  -8.023  28.433 0.3333329856
55234  50.853  -8.240  29.196 0.1111110002
22845  50.369  -8.243  29.417 0.1111110002
22529  50.279  -8.982  29.562 0.1111110002
22846  49.762  -8.459  29.605 0.1111110002
23472  50.695  -7.148  28.936 0.1111110002
23158  50.654  -7.806  29.178 0.1111110002
23159  50.205  -7.526  29.278 0.1111110002
20845  41.742  -14.857  31.928 0.1111110002
21537  50.843  -12.687  28.720 0.7777780294
20859  50.887  -14.511  28.818 0.7777780294
21893  50.837  -11.732  28.745 0.5555559993
20556  50.846  -15.290  28.875 0.7777780294
21886  50.960  -10.816  28.838 0.3333329856
22208  50.507  -10.341  29.272 0.3333329856
23166  53.108  -7.120  26.724 0.3333329856
22199  50.135  -9.723  29.592 0.1111110002
56870  49.940  -10.444  29.558 0.1111110002
22200  49.501  -9.902  29.762 0.1111110002
23482  53.427  -6.527  26.321 0.3333329856
23164  51.821  -7.213  28.008 0.4444440007
23476  51.303  -7.247  28.519 0.1111110002
22530  49.661  -9.167  29.736 0.1111110002
22531  48.966  -9.324  29.826 0.1111110002
23480  51.876  -6.446  27.757 0.1111110002
58067  51.474  -6.711  28.172 0.1111110002
23488  54.346  -7.013  25.182 0.3333329856
23819  51.829  -5.663  27.652 0.1111110002
23816  51.401  -6.079  28.084 0.1111110002
23477  51.033  -6.545  28.491 0.1111110002
20552  45.897  -15.618  29.840 0.5555559993
20850  50.379  -13.912  29.092 0.7777780294
20245  49.441  -16.465  29.305 0.7777780294
21185  50.464  -13.134  29.011 0.7777780294
20549  50.238  -14.903  29.176 0.7777780294
19924  50.647  -16.696  28.878 0.7777780294
20243  50.471  -15.833  29.053 0.7777780294
21887  50.415  -11.184  29.134 0.3333329856
59169  50.183  -10.797  29.367 0.2222220004
21524  47.673  -11.772  29.863 0.2222220004
21888  49.861  -11.255  29.497 0.1111110002
21878  49.342  -10.671  29.759 0.1111110002
21523  48.444  -11.638  29.813 0.2222220004
22201  48.781  -10.081  29.869 0.1111110002
23485  53.931  -6.632  25.750 0.3333329856
23483  52.901  -6.347  26.808 0.3333329856
23818  52.342  -6.036  27.253 0.3333329856
55317  54.354  -6.330  25.141 0.3333329856
24158  52.279  -5.226  27.190 0.2222220004
50691  47.376  -15.883  29.597 0.6666669846
21186  49.964  -13.210  29.282 0.7777780294
20851  49.716  -14.067  29.361 0.7777780294
20244  49.798  -15.717  29.300 0.7777780294
57393  50.074  -16.357  29.157 0.7777780294
21530  50.208  -12.228  29.176 0.4444440007
54527  49.626  -12.615  29.447 0.4444440007
51741  49.590  -11.986  29.517 0.4444440007
21889  49.165  -11.464  29.712 0.2222220004
21879  48.616  -10.863  29.862 0.2222220004
23486  53.675  -6.083  26.001 0.3333329856
23821  53.277  -5.866  26.370 0.3333329856
23822  52.802  -5.571  26.794 0.3333329856
23824  54.013  -5.900  25.556 0.3333329856
58087  54.637  -6.671  24.736 0.3333329856
23490  54.974  -6.644  24.190 0.3333329856
24162  52.741  -4.820  26.714 0.1111110002
24509  52.187  -4.431  27.089 0.1111110002
23829  55.071  -5.941  23.929 0.3333329856
24514  52.721  -4.013  26.473 0.1111110002
24172  55.074  -5.186  23.712 0.3333329856
51169  48.548  -15.012  29.558 0.7777780294
53771  49.018  -15.763  29.451 0.7777780294
51596  49.396  -14.938  29.429 0.7777780294
21532  48.212  -12.318  29.782 0.4444440007
21533  47.520  -12.610  29.825 0.4444440007
21531  48.973  -12.359  29.647 0.2222220004
23825  53.641  -5.506  25.943 0.3333329856
24161  53.204  -5.185  26.336 0.3333329856
24166  53.565  -4.828  25.863 0.2222220004
24513  53.136  -4.568  26.255 0.2222220004
23491  54.706  -6.112  24.567 0.3333329856
24516  53.377  -4.052  25.792 0.2222220004
52976  48.161  -15.847  29.531 0.5555559993
20852  48.903  -14.127  29.547 0.7777780294
20853  48.000  -14.245  29.658 0.6666669846
21189  47.345  -13.529  29.773 0.4444440007
20854  47.078  -14.459  29.730 0.5555559993
21188  48.340  -13.209  29.686 0.6666669846
21187  49.277  -13.269  29.507 0.6666669846
24165  53.995  -5.217  25.431 0.3333329856
23830  54.724  -5.420  24.378 0.3333329856
20550  47.675  -15.135  29.628 0.5555559993
24170  53.913  -4.504  25.297 0.3333329856
25558  54.241  -1.274  22.559 0.2222220004
20551  46.799  -15.361  29.696 0.4444440007
25214  53.960  -1.558  23.262 0.2222220004
52609  6.696  -26.687  44.451 0.1111110002
16609  7.866  -26.244  44.815 0.3333329856
16600  9.610  -25.841  45.119 0.3333329856
15882  4.103  -27.932  43.160 0.1111110002
16263  3.966  -27.012  43.300 0.1111110002
16599  10.541  -25.820  45.137 0.3333329856
16257  5.252  -26.573  44.040 0.1111110002
16262  4.674  -26.756  43.745 0.1111110002
16926  7.866  -25.059  45.130 0.3333329856
16601  8.224  -25.605  45.055 0.3333329856
16268  2.924  -27.387  42.479 0.1111110002
17281  10.613  -24.343  45.572 0.2222220004
54953  2.542  -27.525  42.051 0.1111110002
57270  14.882  -22.366  45.362 0.1111110002
24173  54.672  -4.687  24.197 0.3333329856
23827  54.374  -5.653  24.995 0.3333329856
24169  54.340  -4.949  24.838 0.3333329856
17299  2.997  -23.920  42.914 0.1111110002
17656  4.413  -23.606  44.186 0.1111110002
17303  2.600  -23.701  42.504 0.1111110002
15873  7.349  -27.927  44.230 0.2222220004
16608  8.190  -26.840  44.686 0.3333329856
16939  3.653  -24.942  43.453 0.1111110002
18397  5.387  -21.728  45.126 0.1111110002
18396  5.976  -21.546  45.325 0.1111110002
17292  4.770  -24.448  44.210 0.1111110002
54752  3.787  -25.626  43.452 0.1111110002
16620  3.101  -26.113  42.837 0.1111110002
15870  10.369  -27.942  44.440 0.3333329856
16265  2.909  -26.637  42.584 0.1111110002
15883  3.475  -27.621  42.857 0.1111110002
53121  1.998  -27.758  41.329 0.1111110002
16934  5.972  -25.319  44.565 0.1111110002
17654  5.956  -23.789  44.893 0.1111110002
17284  7.089  -24.232  45.170 0.1111110002
51074  10.829  -27.420  44.580 0.3333329856
16923  10.993  -25.071  45.340 0.3333329856
16922  11.809  -25.052  45.248 0.1111110002
17280  11.439  -24.317  45.515 0.3333329856
16924  9.292  -24.955  45.375 0.2222220004
18036  22.751  -22.313  41.054 0.1111110002
20252  51.776  -16.188  28.199 0.5555559993
21891  51.897  -10.882  28.026 0.5555559993
21194  50.891  -13.600  28.734 0.7777780294
23157  51.087  -7.830  28.914 0.2222220004
51724  55.376  -6.527  23.488 0.2222220004
20855  46.171  -14.709  29.826 0.5555559993
24177  54.994  -4.406  23.520 0.3333329856
14804  32.560  -30.657  34.324 0.1111110002
14810  32.315  -31.468  34.011 0.1111110002
59274  33.387  -29.567  34.441 0.2222220004
15171  34.086  -29.601  33.975 0.2222220004
15172  33.278  -30.191  34.050 0.2222220004
51899  33.927  -30.569  33.419 0.2222220004
14809  33.073  -31.018  33.706 0.2222220004
14441  32.870  -31.949  33.304 0.1111110002
15170  34.728  -29.995  33.300 0.1111110002
14808  34.621  -30.663  32.926 0.2222220004
14440  33.539  -31.326  33.177 0.1111110002
15545  34.973  -29.199  33.658 0.3333329856
15176  35.272  -30.360  32.731 0.2222220004
15548  36.164  -29.258  32.819 0.3333329856
15544  35.720  -28.855  33.360 0.3333329856
15169  35.479  -29.608  33.074 0.2222220004
15175  35.982  -29.978  32.518 0.2222220004
15180  36.595  -30.285  31.898 0.2222220004
15928  35.974  -28.098  33.574 0.4444440007
15543  36.418  -28.532  33.045 0.3333329856
57890  36.537  -29.595  32.341 0.2222220004
15174  36.816  -28.961  32.500 0.3333329856
15933  37.117  -28.211  32.704 0.4444440007
16311  39.543  -26.471  32.219 0.6666669846
15547  37.527  -28.670  32.103 0.3333329856
15552  37.123  -29.487  31.931 0.2222220004
16319  40.094  -26.829  31.565 0.4444440007
15551  37.929  -29.274  31.386 0.2222220004
15936  39.819  -27.523  31.164 0.3333329856
16671  39.390  -25.929  32.677 0.6666669846
15932  37.926  -27.770  32.378 0.4444440007
16312  38.681  -27.069  32.339 0.5555559993
15931  38.647  -27.669  31.926 0.4444440007
16320  39.300  -27.240  31.773 0.4444440007
15937  39.048  -27.950  31.393 0.3333329856
16674  44.451  -25.426  31.142 0.4444440007
53444  40.066  -20.465  32.876 0.4444440007
18843  39.285  -20.481  33.219 0.3333329856
20237  42.979  -17.008  31.495 0.3333329856
19575  44.685  -18.304  30.693 0.5555559993
57799  44.301  -17.645  30.803 0.3333329856
19919  43.694  -17.386  31.139 0.3333329856
21190  46.414  -13.793  29.841 0.2222220004
21534  46.627  -12.871  29.865 0.2222220004
19230  50.643  -18.904  28.166 0.4444440007
19229  51.335  -18.609  27.942 0.5555559993
24521  53.824  -3.796  25.084 0.1111110002
24857  53.783  -3.122  24.730 0.1111110002
24860  53.756  -2.458  24.304 0.1111110002
24856  54.149  -3.637  24.501 0.1111110002
25210  54.140  -2.287  23.571 0.1111110002
29249  52.731  10.352  17.171 0.1111110002
15938  38.297  -28.339  31.709 0.2222220004
18842  40.230  -19.796  32.825 0.1111110002
15498  16.708  -29.180  42.425 0.2222220004
15119  16.174  -29.902  42.544 0.3333329856
15884  17.432  -28.626  42.054 0.2222220004
15120  15.617  -30.487  42.606 0.2222220004
57988  14.236  -31.353  42.719 0.2222220004
15505  18.101  -28.945  41.477 0.2222220004
15117  17.451  -29.470  41.806 0.2222220004
14750  16.264  -30.599  42.209 0.2222220004
14751  15.740  -31.041  42.256 0.1111110002
14761  16.870  -30.802  41.711 0.1111110002
15504  18.673  -29.222  40.972 0.2222220004
14760  17.462  -30.982  41.144 0.1111110002
15126  18.922  -29.875  40.507 0.2222220004
14759  18.110  -30.464  40.866 0.1111110002
14769  18.730  -30.766  40.210 0.1111110002
15486  15.393  -28.924  43.166 0.3333329856
15105  15.500  -29.764  42.918 0.3333329856
15499  16.001  -29.285  42.820 0.3333329856
57850  16.153  -28.607  42.897 0.3333329856
15138  19.963  -29.555  39.979 0.2222220004
15876  15.649  -28.047  43.240 0.3333329856
15886  16.279  -27.898  42.979 0.3333329856
15487  14.800  -29.582  43.235 0.3333329856
15885  16.798  -28.248  42.582 0.3333329856
16271  18.746  -27.598  41.375 0.1111110002
54919  18.867  -28.464  41.089 0.2222220004
15891  18.100  -28.108  41.695 0.2222220004
50472  19.667  -28.422  40.657 0.2222220004
15516  19.405  -29.055  40.563 0.2222220004
15515  20.398  -28.716  40.163 0.1111110002
15147  21.630  -29.854  39.053 0.2222220004
15137  21.007  -29.304  39.560 0.2222220004
16267  16.773  -27.393  42.811 0.2222220004
16258  15.986  -27.161  43.295 0.3333329856
16266  17.427  -27.743  42.264 0.2222220004
16272  18.079  -27.225  41.917 0.2222220004
16622  18.105  -26.300  42.137 0.2222220004
15902  19.469  -27.817  40.928 0.1111110002
57621  19.277  -27.168  41.116 0.2222220004
15900  21.076  -28.048  40.164 0.1111110002
15901  20.240  -27.975  40.540 0.1111110002
15514  21.515  -28.598  39.709 0.1111110002
15523  22.095  -29.159  39.254 0.2222220004
15146  22.715  -29.771  38.926 0.2222220004
14780  23.313  -30.426  38.703 0.2222220004
14405  27.054  -31.295  38.408 0.3333329856
14418  26.583  -31.775  38.149 0.3333329856
16259  15.148  -27.429  43.583 0.3333329856
53382  14.495  -27.688  43.737 0.3333329856
15877  14.914  -28.236  43.487 0.3333329856
58318  20.778  -27.539  40.477 0.1111110002
51929  21.516  -27.435  40.222 0.3333329856
15522  23.189  -29.133  39.158 0.2222220004
15145  23.758  -29.792  38.995 0.4444440007
14779  24.278  -30.473  38.864 0.4444440007
14776  27.122  -30.761  38.821 0.3333329856
14408  24.701  -31.130  38.645 0.3333329856
16615  15.333  -26.567  43.726 0.2222220004
15513  22.593  -28.520  39.443 0.2222220004
15899  22.031  -27.953  39.834 0.2222220004
16278  22.459  -27.250  39.959 0.3333329856
15898  23.078  -27.915  39.592 0.3333329856
56102  22.928  -26.588  40.001 0.2222220004
15512  23.669  -28.558  39.373 0.4444440007
16642  28.906  -26.567  38.666 0.3333329856
15946  39.534  -28.268  30.739 0.2222220004
15897  24.150  -28.023  39.536 0.3333329856
15511  24.645  -28.702  39.499 0.3333329856
16277  23.547  -27.325  39.698 0.3333329856
16636  23.954  -26.712  39.739 0.2222220004
16967  28.979  -25.291  38.315 0.1111110002
16959  28.431  -25.932  38.740 0.1111110002
16960  27.683  -25.406  38.968 0.2222220004
15945  40.480  -27.836  30.524 0.1111110002
16276  24.678  -27.473  39.669 0.3333329856
16328  40.518  -27.146  31.029 0.2222220004
17340  34.948  -23.944  35.263 0.5555559993
18070  36.365  -22.385  34.566 0.3333329856
18452  37.115  -21.065  34.496 0.2222220004
16318  40.947  -26.590  31.328 0.4444440007
17703  36.009  -23.042  34.668 0.5555559993
18069  37.070  -22.127  34.201 0.5555559993
51599  37.672  -21.574  33.951 0.3333329856
18451  37.878  -20.855  34.024 0.3333329856
18828  37.529  -19.663  34.833 0.1111110002
16676  41.399  -25.955  31.682 0.4444440007
17702  36.683  -22.969  34.231 0.5555559993
18450  38.586  -20.643  33.636 0.3333329856
16993  43.703  -25.102  31.609 0.4444440007
22226  55.351  -10.177  22.659 0.1111110002
22873  56.207  -8.257  21.831 0.1111110002
19912  41.333  -17.631  32.484 0.1111110002
21901  53.434  -12.044  25.727 0.2222220004
21544  53.418  -12.861  25.806 0.2222220004
53251  53.561  -11.273  25.658 0.2222220004
21547  53.828  -12.714  25.137 0.2222220004
22220  54.291  -10.271  24.658 0.1111110002
21903  54.207  -11.194  24.542 0.2222220004
21904  53.818  -11.688  25.124 0.2222220004
22555  54.711  -9.673  24.093 0.1111110002
22224  54.647  -10.650  23.847 0.1111110002
22870  55.541  -8.531  23.010 0.1111110002
22558  55.455  -9.338  22.844 0.1111110002
22227  55.014  -10.606  23.147 0.1111110002
22557  55.854  -8.789  22.326 0.1111110002
20861  52.391  -14.183  27.426 0.4444440007
20558  52.478  -15.075  27.512 0.4444440007
21196  52.325  -13.181  27.281 0.4444440007
21899  52.631  -11.766  26.917 0.4444440007
21542  52.570  -12.537  26.935 0.4444440007
21200  52.816  -13.838  26.879 0.4444440007
20256  52.565  -16.094  27.498 0.4444440007
21898  53.116  -11.309  26.294 0.4444440007
51614  52.970  -12.444  26.356 0.3333329856
50905  52.775  -13.102  26.745 0.3333329856
22218  53.553  -10.558  25.883 0.3333329856
22864  54.388  -8.550  24.994 0.1111110002
22551  54.360  -9.391  24.839 0.2222220004
22221  53.888  -10.815  25.212 0.2222220004
22867  54.776  -8.814  24.276 0.1111110002
23178  55.583  -7.747  23.108 0.1111110002
22866  55.192  -8.248  23.705 0.1111110002
23177  55.936  -7.266  22.509 0.2222220004
21197  51.860  -13.673  27.861 0.4444440007
19590  51.972  -18.295  27.636 0.3333329856
22216  52.734  -10.861  27.033 0.4444440007
19589  52.564  -17.913  27.250 0.3333329856
22215  53.165  -10.323  26.560 0.4444440007
22548  53.983  -9.122  25.566 0.2222220004
22549  53.587  -9.719  26.099 0.2222220004
23175  55.201  -7.353  23.807 0.2222220004
22863  54.792  -7.990  24.417 0.2222220004
52231  55.601  -7.061  23.114 0.2222220004
18858  50.458  -19.599  27.971 0.3333329856
18472  49.420  -20.998  28.006 0.3333329856
21895  52.266  -11.309  27.485 0.4444440007
21896  51.779  -11.755  27.883 0.4444440007
21539  52.198  -12.201  27.371 0.4444440007
22546  53.181  -9.508  26.776 0.4444440007
22213  52.805  -10.045  27.194 0.4444440007
22862  53.546  -8.869  26.288 0.3333329856
22861  53.966  -8.272  25.701 0.3333329856
23173  54.375  -7.750  25.108 0.2222220004
18859  49.947  -20.204  27.984 0.3333329856
22214  52.385  -10.479  27.631 0.4444440007
22543  52.807  -9.404  27.300 0.4444440007
22544  52.468  -9.731  27.719 0.4444440007
26930  53.804  3.692  18.436 0.1111110002
14752  14.983  -31.211  42.509 0.2222220004
57517  14.429  -30.826  42.930 0.3333329856
14381  14.301  -31.996  42.287 0.2222220004
16646  29.246  -25.977  38.342 0.2222220004
18068  37.929  -22.319  33.691 0.4444440007
22858  52.513  -9.033  27.655 0.4444440007
15118  16.842  -30.044  42.068 0.1111110002
15106  14.926  -30.355  42.952 0.3333329856
14762  16.222  -31.276  41.834 0.1111110002
15127  18.113  -29.710  41.194 0.2222220004
15128  17.481  -30.252  41.492 0.1111110002
14768  19.596  -30.361  39.781 0.2222220004
51309  17.402  -26.823  42.508 0.2222220004
16281  20.088  -27.202  40.831 0.1111110002
16616  14.476  -26.851  43.936 0.3333329856
16279  21.783  -26.806  40.315 0.3333329856
15521  24.204  -29.213  39.268 0.4444440007
58865  22.336  -26.719  40.159 0.3333329856
22223  55.049  -9.908  23.360 0.1111110002
22561  56.150  -9.022  21.627 0.1111110002
21199  53.201  -13.492  26.248 0.3333329856
21546  54.173  -12.126  24.520 0.2222220004
50387  54.263  -12.919  24.501 0.2222220004
21906  54.513  -11.668  23.896 0.1111110002
22869  55.914  -8.028  22.472 0.1111110002
22554  55.134  -9.076  23.556 0.1111110002
21909  54.878  -11.314  23.268 0.1111110002
22562  55.746  -9.617  22.113 0.1111110002
20865  52.877  -14.675  27.017 0.4444440007
20561  52.917  -15.405  27.097 0.4444440007
19937  52.624  -17.088  27.387 0.4444440007
22552  53.956  -9.970  25.390 0.2222220004
19234  51.740  -19.078  27.456 0.3333329856
51527  52.378  -18.729  27.088 0.2222220004
16675  42.342  -25.864  31.559 0.5555559993
17001  43.226  -25.781  31.444 0.3333329856
19254  55.798  -19.421  19.971 0.1111110002
18888  55.531  -20.076  19.504 0.1111110002
19248  55.736  -18.478  21.979 0.1111110002
19605  55.554  -18.185  22.726 0.1111110002
19253  55.994  -18.731  20.509 0.1111110002
19251  55.717  -19.045  21.308 0.1111110002
53764  55.392  -19.292  22.042 0.1111110002
57653  55.391  -18.814  22.587 0.1111110002
52043  55.687  -19.429  20.704 0.1111110002
54565  54.981  -20.020  22.104 0.1111110002
18880  54.966  -19.434  22.883 0.1111110002
59331  43.894  -25.755  31.236 0.3333329856
19602  55.359  -17.854  23.345 0.1111110002
19244  55.177  -18.614  23.227 0.1111110002
57714  54.636  -19.060  23.818 0.1111110002
59154  55.649  -17.574  22.851 0.1111110002
19948  55.076  -17.431  23.970 0.1111110002
19946  54.685  -17.096  24.649 0.1111110002
19603  54.951  -18.244  23.894 0.1111110002
19250  55.964  -18.402  21.237 0.1111110002
19599  54.656  -17.885  24.499 0.1111110002
19600  54.240  -18.333  24.918 0.1111110002
19242  53.830  -18.716  25.267 0.1111110002
19950  55.836  -17.076  22.561 0.1111110002
20267  55.767  -16.518  22.783 0.1111110002
50576  54.537  -18.524  24.364 0.1111110002
19608  56.191  -17.905  20.763 0.1111110002
20265  55.068  -16.454  24.038 0.1111110002
19943  54.274  -16.884  25.338 0.1111110002
56085  53.863  -16.778  25.951 0.1111110002
19951  55.501  -17.006  23.274 0.1111110002
59544  53.592  -17.265  26.234 0.1111110002
19596  54.298  -17.633  25.123 0.1111110002
19597  53.875  -18.128  25.529 0.1111110002
20268  55.513  -16.097  23.256 0.1111110002
19239  53.376  -18.726  25.920 0.1111110002
20258  53.263  -15.996  26.747 0.1111110002
20263  54.603  -16.266  24.866 0.1111110002
20260  54.119  -16.062  25.625 0.1111110002
20261  53.697  -16.243  26.208 0.1111110002
51518  53.029  -16.681  27.001 0.2222220004
20567  54.456  -15.355  25.042 0.1111110002
19940  53.453  -16.742  26.501 0.1111110002
20566  54.847  -15.731  24.428 0.1111110002
20870  54.820  -15.031  24.339 0.1111110002
19593  52.982  -18.315  26.643 0.2222220004
20570  55.180  -15.534  23.806 0.1111110002
19592  53.504  -17.894  26.157 0.1111110002
20564  53.704  -15.603  26.171 0.1111110002
20868  53.677  -14.853  26.071 0.1111110002
20563  54.029  -15.281  25.684 0.1111110002
20871  54.475  -14.580  24.783 0.1111110002
20867  54.047  -14.513  25.434 0.1111110002
21202  54.229  -13.723  24.817 0.1111110002
20875  54.727  -14.238  24.227 0.1111110002
21207  54.622  -13.413  24.092 0.1111110002
20864  53.254  -14.370  26.473 0.1111110002
50614  53.589  -14.171  25.966 0.1111110002
18864  51.420  -19.826  27.288 0.1111110002
21203  53.717  -13.588  25.570 0.1111110002
17369  47.929  -24.489  28.967 0.2222220004
19235  51.068  -19.367  27.743 0.2222220004
18865  50.692  -20.180  27.575 0.1111110002
18477  50.599  -20.853  27.281 0.1111110002
18476  51.123  -20.512  27.098 0.1111110002
18096  50.252  -21.518  27.291 0.1111110002
17730  49.637  -23.295  27.454 0.1111110002
17367  49.206  -23.910  27.745 0.1111110002
17014  49.183  -24.609  27.422 0.1111110002
18478  50.093  -20.898  27.616 0.1111110002
17368  48.629  -23.976  28.380 0.2222220004
17729  49.837  -22.444  27.458 0.1111110002
17371  48.833  -24.505  27.962 0.1111110002
58107  47.840  -23.362  29.207 0.2222220004
17726  48.137  -23.647  28.930 0.2222220004
54337  49.040  -21.815  28.132 0.1111110002
18094  48.795  -22.589  28.357 0.1111110002
17725  48.597  -23.255  28.530 0.2222220004
18097  49.656  -21.676  27.718 0.1111110002
18093  49.310  -22.344  27.933 0.1111110002
17724  49.167  -23.127  28.000 0.1111110002
17720  48.163  -22.883  28.911 0.2222220004
18090  48.412  -22.025  28.614 0.2222220004
23170  53.441  -7.910  26.426 0.2222220004
23169  53.957  -7.450  25.739 0.2222220004
23172  54.733  -7.239  24.577 0.2222220004
24870  55.776  -2.713  21.128 0.2222220004
25923  55.326  -0.176  19.530 0.2222220004
24533  55.925  -3.529  21.363 0.1111110002
25219  56.032  -2.428  20.387 0.2222220004
25569  55.582  -0.885  19.843 0.2222220004
25919  55.101  -0.423  20.282 0.2222220004
25924  54.809  0.320  19.979 0.2222220004
26269  54.582  1.534  19.012 0.2222220004
26613  54.637  2.068  18.310 0.1111110002
25220  55.586  -1.914  20.868 0.2222220004
23181  56.202  -7.597  21.981 0.1111110002
24529  56.035  -4.354  21.583 0.1111110002
23835  56.122  -5.908  21.993 0.1111110002
23496  56.334  -6.756  21.683 0.1111110002
25565  55.358  -1.151  20.583 0.2222220004
26265  54.465  1.101  19.750 0.2222220004
26606  54.124  1.843  19.625 0.2222220004
26609  54.183  2.303  19.016 0.1111110002
26610  53.826  2.454  19.591 0.1111110002
23833  55.453  -5.741  23.220 0.2222220004
23493  55.832  -6.392  22.651 0.1111110002
24866  55.480  -3.007  21.858 0.2222220004
24180  55.736  -4.639  22.299 0.1111110002
24179  56.104  -5.171  21.797 0.1111110002
26266  53.929  1.530  20.293 0.1111110002
26607  53.719  2.165  20.059 0.1111110002
25216  55.297  -2.203  21.609 0.2222220004
24530  55.627  -3.821  22.086 0.1111110002
23836  55.802  -5.463  22.499 0.1111110002
25561  55.073  -1.412  21.333 0.2222220004
25920  54.579  0.015  20.714 0.2222220004
25566  54.839  -0.676  21.009 0.2222220004
50399  53.615  0.635  21.648 0.1111110002
26262  54.248  0.751  20.500 0.1111110002
50727  53.639  1.192  21.079 0.1111110002
24526  55.313  -4.114  22.809 0.2222220004
24176  55.412  -4.925  23.010 0.2222220004
25916  54.375  -0.243  21.322 0.2222220004
25562  54.468  -0.857  21.802 0.2222220004
26256  53.309  0.503  22.267 0.1111110002
25921  54.036  0.362  21.176 0.1111110002
24520  54.254  -4.245  24.667 0.2222220004
24523  54.548  -3.943  24.035 0.2222220004
24527  54.841  -3.608  23.339 0.2222220004
24863  55.163  -3.305  22.592 0.2222220004
24864  54.654  -2.803  23.105 0.2222220004
24867  54.983  -2.504  22.347 0.2222220004
25213  54.466  -2.019  22.824 0.2222220004
25217  54.769  -1.707  22.083 0.2222220004
25917  53.915  -0.059  21.899 0.1111110002
25563  53.986  -0.649  22.382 0.1111110002
24859  54.281  -3.115  23.948 0.2222220004
19954  55.849  -17.712  22.276 0.1111110002
19606  56.050  -17.793  21.551 0.1111110002
19944  53.918  -17.437  25.732 0.1111110002
20560  53.306  -15.155  26.614 0.1111110002
19941  53.137  -17.428  26.767 0.2222220004
20874  55.128  -14.711  23.694 0.1111110002
21549  54.530  -12.569  23.950 0.1111110002
17373  49.672  -23.913  27.122 0.1111110002
26264  55.049  0.650  19.072 0.2222220004
27246  53.180  3.577  19.639 0.1111110002
26929  54.239  2.881  18.376 0.1111110002
14748  6.759  -30.665  43.028 0.1111110002
14387  9.040  -32.091  42.704 0.2222220004
14753  7.309  -31.415  42.711 0.1111110002
14749  5.969  -30.612  42.834 0.1111110002
56702  8.044  -31.194  43.026 0.1111110002
14756  4.642  -30.846  42.255 0.1111110002
15123  3.970  -30.138  42.371 0.1111110002
15114  7.144  -30.002  43.442 0.1111110002
15115  6.212  -29.957  43.235 0.1111110002
14746  8.395  -30.674  43.359 0.1111110002
15495  5.843  -29.158  43.465 0.1111110002
15116  5.319  -29.788  43.049 0.1111110002
15122  4.730  -30.160  42.680 0.1111110002
15496  5.019  -28.991  43.264 0.1111110002
15113  7.972  -30.011  43.590 0.1111110002
14376  9.558  -31.499  43.121 0.2222220004
14377  8.736  -31.351  43.076 0.1111110002
15484  7.518  -28.769  43.983 0.1111110002
15872  8.171  -28.300  44.236 0.1111110002
14745  9.205  -30.759  43.429 0.1111110002
15112  8.816  -30.016  43.691 0.1111110002
15493  7.550  -29.444  43.746 0.1111110002
14375  10.411  -31.618  43.131 0.2222220004
15879  6.263  -28.517  43.802 0.1111110002
15485  6.910  -28.493  43.961 0.1111110002
15111  9.686  -30.096  43.727 0.2222220004
15104  9.308  -29.309  43.984 0.2222220004
14743  10.909  -30.958  43.424 0.2222220004
14744  10.053  -30.862  43.450 0.2222220004
14374  11.255  -31.710  43.089 0.2222220004
15490  11.936  -29.547  43.842 0.2222220004
15492  10.189  -29.403  43.978 0.2222220004
53881  9.839  -28.600  44.235 0.2222220004
15109  11.418  -30.272  43.658 0.2222220004
15491  11.055  -29.484  43.931 0.2222220004
51756  12.810  -29.647  43.690 0.2222220004
15110  10.552  -30.187  43.715 0.2222220004
14741  12.565  -31.125  43.218 0.2222220004
15482  10.690  -28.706  44.188 0.2222220004
15107  13.200  -30.477  43.362 0.2222220004
56549  14.128  -30.190  43.255 0.2222220004
15481  11.540  -28.750  44.108 0.2222220004
15869  11.140  -28.024  44.362 0.2222220004
15480  12.492  -28.715  43.984 0.2222220004
53361  13.533  -29.732  43.530 0.2222220004
16597  12.201  -25.732  44.966 0.2222220004
16606  11.845  -26.533  44.758 0.2222220004
16249  13.047  -27.300  44.183 0.2222220004
16605  12.777  -26.405  44.575 0.2222220004
16250  12.277  -27.241  44.420 0.2222220004
16251  11.490  -27.314  44.547 0.2222220004
15868  11.922  -27.992  44.269 0.2222220004
15878  14.097  -28.402  43.701 0.2222220004
15867  13.242  -28.138  43.962 0.2222220004
58232  14.671  -28.897  43.434 0.2222220004
15488  14.110  -29.307  43.502 0.2222220004
15489  13.386  -28.997  43.744 0.2222220004
16280  20.971  -26.946  40.581 0.2222220004
16639  20.401  -26.387  40.968 0.1111110002
16628  19.557  -26.529  41.282 0.1111110002
54099  12.462  -25.065  45.133 0.1111110002
16248  13.628  -26.675  44.237 0.2222220004
16596  12.920  -25.484  44.869 0.2222220004
16604  13.534  -25.855  44.539 0.2222220004
16603  14.116  -26.123  44.216 0.2222220004
16626  20.704  -25.635  41.111 0.1111110002
16921  13.020  -24.751  45.124 0.1111110002
56710  16.681  -26.442  43.107 0.1111110002
54453  14.249  -25.357  44.502 0.1111110002
16623  17.403  -25.842  42.851 0.1111110002
16602  14.788  -25.967  44.093 0.2222220004
59106  16.843  -25.806  43.230 0.1111110002
16614  15.999  -26.320  43.522 0.1111110002
56670  14.981  -25.258  44.284 0.1111110002
16929  15.595  -25.665  43.887 0.1111110002
16613  16.374  -25.746  43.516 0.1111110002
16637  22.133  -26.181  40.336 0.1111110002
16943  17.667  -24.935  43.075 0.1111110002
56167  24.928  -31.539  38.431 0.2222220004
59121  22.704  -25.999  40.173 0.1111110002
14802  29.843  -31.506  36.186 0.1111110002
55122  29.306  -31.702  36.569 0.1111110002
14432  28.917  -32.285  36.639 0.1111110002
54895  23.351  -25.817  39.977 0.1111110002
14049  26.500  -33.138  37.178 0.1111110002
14056  29.066  -33.096  36.211 0.1111110002
13723  28.601  -33.834  36.243 0.1111110002
50415  27.042  -33.115  37.086 0.1111110002
13712  26.790  -33.921  36.726 0.1111110002
14038  26.868  -32.477  37.532 0.1111110002
14428  28.358  -32.177  37.105 0.1111110002
14057  28.509  -32.957  36.657 0.1111110002
13710  28.138  -33.459  36.635 0.1111110002
13711  27.549  -33.495  36.784 0.1111110002
55232  24.792  -26.827  39.705 0.2222220004
14417  27.366  -31.829  37.859 0.1111110002
14429  27.852  -32.172  37.404 0.1111110002
14037  27.447  -32.635  37.273 0.1111110002
14048  27.976  -32.815  36.983 0.1111110002
13724  27.982  -34.134  36.380 0.1111110002
13360  27.371  -34.417  36.400 0.1111110002
16327  41.351  -27.190  30.729 0.2222220004
16317  41.875  -26.496  31.166 0.3333329856
16326  42.264  -27.015  30.698 0.1111110002
16316  42.903  -26.510  31.016 0.2222220004
15942  43.066  -27.375  30.351 0.1111110002
16325  43.783  -26.809  30.652 0.1111110002
15941  44.025  -27.480  30.147 0.1111110002
15952  43.593  -28.059  29.777 0.1111110002
15951  44.386  -28.049  29.673 0.1111110002
16315  43.653  -26.220  31.058 0.1111110002
16324  44.556  -26.988  30.333 0.1111110002
15940  44.666  -27.551  29.948 0.1111110002
15950  45.085  -27.928  29.547 0.1111110002
15559  44.788  -28.576  29.171 0.1111110002
16680  44.398  -26.222  30.817 0.1111110002
16333  45.202  -27.259  29.925 0.1111110002
15558  45.528  -28.416  29.027 0.1111110002
15960  46.192  -28.218  28.844 0.1111110002
15959  46.736  -27.974  28.582 0.1111110002
16685  48.172  -25.606  28.267 0.1111110002
16339  47.681  -27.225  27.936 0.1111110002
15958  47.205  -27.600  28.297 0.1111110002
16323  45.169  -26.528  30.327 0.1111110002
16332  45.816  -26.836  29.843 0.1111110002
15949  45.827  -27.642  29.393 0.1111110002
15948  46.424  -27.655  29.025 0.1111110002
16687  46.949  -26.573  29.148 0.1111110002
16336  46.863  -27.298  28.840 0.1111110002
17011  48.379  -24.836  28.374 0.1111110002
16335  47.378  -26.855  28.541 0.1111110002
16690  47.928  -26.423  28.115 0.1111110002
49911  46.403  -26.349  29.701 0.1111110002
16331  46.401  -27.074  29.354 0.1111110002
16682  46.957  -25.816  29.475 0.1111110002
21191  45.515  -14.076  29.965 0.2222220004
20856  45.312  -14.970  29.996 0.2222220004
16638  21.251  -26.243  40.662 0.1111110002
16957  21.520  -25.506  40.756 0.1111110002
15874  6.625  -28.018  44.048 0.1111110002
15871  8.979  -28.499  44.234 0.2222220004
14378  8.185  -31.837  42.664 0.1111110002
14747  7.601  -30.672  43.224 0.1111110002
15494  6.777  -29.201  43.684 0.1111110002
15500  4.488  -29.521  42.859 0.1111110002
15483  8.332  -29.201  43.943 0.1111110002
15108  12.286  -30.362  43.545 0.2222220004
16260  13.831  -27.510  43.959 0.2222220004
57760  12.596  -27.882  44.169 0.2222220004
14431  29.521  -32.347  36.088 0.1111110002
15943  42.086  -27.626  30.254 0.1111110002
59174  30.139  -25.480  37.833 0.1111110002
16966  29.663  -25.262  38.019 0.1111110002
16635  24.408  -26.116  39.731 0.1111110002
20848  43.874  -14.945  30.589 0.1111110002
58007  44.615  -15.218  30.248 0.1111110002
20847  44.672  -14.415  30.188 0.1111110002
21182  44.819  -13.463  30.130 0.1111110002
21181  45.710  -13.146  29.951 0.1111110002
21525  46.818  -11.970  29.891 0.1111110002
21880  47.887  -11.043  29.889 0.1111110002
14790  23.856  -31.095  38.498 0.2222220004
25222  56.232  -2.158  19.623 0.1111110002
25568  56.009  -1.333  19.275 0.1111110002
25572  55.956  -0.763  18.611 0.1111110002
25929  55.909  -0.169  17.851 0.1111110002
25223  55.829  -1.634  20.109 0.1111110002
27262  56.018  3.883  14.416 0.1111110002
25927  55.597  -0.079  18.751 0.1111110002
48438  55.457  0.575  18.156 0.1111110002
58309  55.340  1.131  17.613 0.1111110002
26615  55.187  2.408  16.786 0.1111110002
26276  55.542  1.449  16.782 0.1111110002
26935  55.316  3.129  15.964 0.1111110002
26938  55.653  3.551  15.109 0.1111110002
27263  55.548  4.314  14.898 0.1111110002
27598  55.913  4.655  14.187 0.1111110002
26271  55.008  1.279  18.282 0.1111110002
26612  55.071  1.820  17.561 0.1111110002
27259  55.210  3.981  15.614 0.1111110002
27604  55.684  5.444  13.972 0.1111110002
27923  55.385  6.176  13.694 0.1111110002
27603  55.967  5.766  13.325 0.1111110002
26616  54.725  2.652  17.602 0.1111110002
26933  54.828  3.268  16.872 0.1111110002
26936  54.913  3.785  16.282 0.1111110002
27595  55.029  4.733  15.373 0.1111110002
27599  55.344  5.106  14.678 0.1111110002
27926  55.673  6.365  13.150 0.1111110002
28260  55.625  6.896  12.652 0.1111110002
59182  55.382  7.455  12.410 0.1111110002
28262  55.761  7.293  11.998 0.1111110002
28266  55.697  7.844  11.422 0.1111110002
27260  54.724  4.422  16.048 0.1111110002
27600  54.643  5.561  15.180 0.1111110002
27920  55.027  5.906  14.380 0.1111110002
28255  55.143  6.886  13.327 0.1111110002
28614  55.162  8.017  12.103 0.1111110002
28617  55.592  8.379  10.943 0.1111110002
28620  55.758  8.511  10.302 0.1111110002
28611  54.920  7.654  12.840 0.1111110002
28256  54.685  6.728  14.005 0.1111110002
28609  54.461  7.552  13.604 0.1111110002
28932  55.532  9.286  9.950 0.1111110002
54446  55.457  9.977  9.620 0.1111110002
28926  55.191  8.607  11.472 0.1111110002
28929  55.250  9.202  10.792 0.1111110002
28615  54.501  8.601  12.582 0.1111110002
56917  54.729  8.835  11.996 0.1111110002
54004  54.777  9.480  11.577 0.1111110002
53524  54.893  10.217  11.055 0.1111110002
28612  54.212  8.373  13.245 0.1111110002
28927  54.350  9.658  12.389 0.1111110002
28606  53.861  7.560  14.439 0.1111110002
51327  53.926  8.240  13.837 0.1111110002
28919  53.526  8.746  14.357 0.1111110002
28922  53.790  9.096  13.728 0.1111110002
28924  54.057  9.325  13.097 0.1111110002
28930  54.571  10.457  11.860 0.1111110002
60035  54.086  10.182  13.083 0.1111110002
29259  54.300  10.758  12.674 0.1111110002
29584  54.137  11.000  13.569 0.1111110002
29587  54.430  11.692  12.995 0.1111110002
25573  55.712  -0.644  19.211 0.1111110002
26619  55.638  2.190  15.936 0.1111110002
27256  54.403  4.161  16.877 0.1111110002
28934  55.653  9.403  9.159 0.1111110002
14011  8.431  -32.703  42.157 0.1111110002
14388  6.701  -31.974  42.129 0.1111110002
14386  9.915  -32.255  42.764 0.1111110002
14385  10.771  -32.372  42.773 0.1111110002
14384  11.592  -32.449  42.721 0.1111110002
14742  11.754  -31.044  43.347 0.1111110002
14373  12.067  -31.776  42.987 0.1111110002
14005  14.005  -32.785  41.927 0.1111110002
14006  13.422  -33.055  42.036 0.1111110002
14383  12.369  -32.495  42.584 0.1111110002
14371  13.603  -31.744  42.682 0.1111110002
14372  12.825  -31.806  42.841 0.1111110002
14382  13.094  -32.450  42.406 0.1111110002
14380  14.948  -31.943  42.028 0.1111110002
14783  20.215  -30.830  39.136 0.1111110002
14004  14.614  -32.590  41.741 0.1111110002
14016  14.279  -33.332  41.536 0.1111110002
14791  22.894  -31.100  38.388 0.1111110002
14781  22.274  -30.455  38.676 0.1111110002
14792  21.874  -31.180  38.397 0.1111110002
14409  20.854  -31.356  38.573 0.1111110002
16928  15.529  -24.793  44.234 0.1111110002
15148  20.578  -30.056  39.362 0.1111110002
14782  21.220  -30.588  38.829 0.1111110002
14812  35.807  -30.740  32.166 0.1111110002
15179  37.382  -30.159  31.355 0.1111110002
15183  38.004  -30.063  30.910 0.1111110002
15550  38.748  -28.728  31.043 0.1111110002
15555  39.215  -29.054  30.350 0.1111110002
15556  38.549  -29.533  30.704 0.1111110002
14740  13.812  -30.979  43.033 0.1111110002
14010  10.293  -33.037  42.393 0.1111110002
57477  13.210  -31.233  43.055 0.1111110002
14009  11.137  -33.131  42.402 0.1111110002
51379  13.682  -32.389  42.259 0.1111110002
14007  12.692  -33.323  42.158 0.1111110002
14394  15.275  -32.330  41.527 0.1111110002
59662  5.697  -30.208  42.973 0.1111110002
