#!ascii label  , from subject sub-1016 vox2ras=TkReg
867
20871  54.475  -14.580  24.783 0.0000000000
15938  38.297  -28.339  31.709 0.0000000000
13371  28.338  -34.642  35.998 0.0000000000
59894  22.296  -34.011  37.102 0.0000000000
15538  32.650  -28.857  35.506 0.0000000000
13384  33.226  -34.994  31.465 0.0000000000
18102  52.101  -21.371  25.406 0.0000000000
52231  55.601  -7.061  23.114 0.0000000000
18473  48.709  -21.188  28.398 0.0000000000
15185  44.359  -29.211  28.798 0.0000000000
13397  39.714  -35.532  28.649 0.0000000000
14789  27.591  -31.067  38.353 0.0000000000
58501  25.605  -34.384  36.729 0.0000000000
14778  25.216  -30.571  39.062 0.0000000000
14801  30.552  -31.303  35.616 0.0000000000
19934  50.419  -17.581  28.763 0.0000000000
16989  38.234  -25.279  33.362 0.0000000000
16670  40.929  -25.518  32.219 0.0000000000
16680  44.398  -26.222  30.817 0.0000000000
15563  41.355  -29.053  29.268 0.0000000000
14460  41.722  -31.828  27.958 0.0000000000
14458  38.797  -32.199  29.757 0.0000000000
12688  31.264  -37.421  31.763 0.0000000000
12351  35.237  -38.352  30.462 0.0000000000
22224  54.647  -10.650  23.847 0.0000000000
22564  56.422  -9.230  20.919 0.0000000000
12336  28.475  -37.856  34.480 0.0000000000
11977  26.198  -38.554  35.863 0.0000000000
15544  35.720  -28.855  33.360 0.0000000000
14447  36.034  -32.097  31.299 0.0000000000
14441  32.870  -31.949  33.304 0.0000000000
52198  30.671  -35.270  33.747 0.0000000000
19597  53.875  -18.128  25.529 0.0000000000
15137  21.007  -29.304  39.560 0.0000000000
59698  17.965  -33.049  39.390 0.0000000000
22549  53.587  -9.719  26.099 0.0000000000
21200  52.816  -13.838  26.879 0.0000000000
19589  52.564  -17.913  27.250 0.0000000000
18482  50.854  -21.211  26.930 0.0000000000
17014  49.183  -24.609  27.422 0.0000000000
18086  46.374  -22.224  30.199 0.0000000000
16682  46.957  -25.816  29.475 0.0000000000
15576  47.099  -28.978  27.494 0.0000000000
14465  44.766  -31.402  26.713 0.0000000000
13394  36.970  -35.321  30.089 0.0000000000
15141  27.962  -29.899  38.930 0.0000000000
14406  26.569  -31.076  38.716 0.0000000000
15134  26.099  -29.846  39.576 0.0000000000
15151  29.229  -29.800  38.021 0.0000000000
16306  37.893  -26.899  32.900 0.0000000000
16319  40.094  -26.829  31.565 0.0000000000
16327  41.351  -27.190  30.729 0.0000000000
15946  39.534  -28.268  30.739 0.0000000000
15187  40.019  -30.632  29.234 0.0000000000
15182  38.505  -30.348  30.409 0.0000000000
12001  30.116  -39.413  31.814 0.0000000000
12009  32.378  -39.404  30.594 0.0000000000
21549  54.530  -12.569  23.950 0.0000000000
21908  55.118  -11.787  22.788 0.0000000000
21206  55.010  -13.910  23.581 0.0000000000
12673  28.331  -36.289  35.168 0.0000000000
11985  27.831  -38.370  34.871 0.0000000000
12668  27.240  -36.449  35.731 0.0000000000
13364  24.214  -34.773  36.822 0.0000000000
13030  24.749  -36.081  36.602 0.0000000000
13032  22.856  -35.794  36.867 0.0000000000
13034  20.950  -36.039  36.983 0.0000000000
16303  35.363  -27.122  34.296 0.0000000000
15540  34.510  -28.712  34.261 0.0000000000
15170  34.728  -29.995  33.300 0.0000000000
15166  32.788  -29.913  34.655 0.0000000000
14056  29.066  -33.096  36.211 0.0000000000
14063  30.772  -33.127  34.680 0.0000000000
13375  29.372  -34.589  35.390 0.0000000000
13050  29.782  -36.300  34.105 0.0000000000
18874  53.036  -20.105  25.285 0.0000000000
58512  54.143  -19.597  24.122 0.0000000000
18492  52.954  -21.183  24.251 0.0000000000
14013  16.430  -32.388  40.844 0.0000000000
51518  53.029  -16.681  27.001 0.0000000000
20252  51.776  -16.188  28.199 0.0000000000
19231  49.826  -19.330  28.345 0.0000000000
18858  50.458  -19.599  27.971 0.0000000000
18097  49.656  -21.676  27.718 0.0000000000
17730  49.637  -23.295  27.454 0.0000000000
17724  49.167  -23.127  28.000 0.0000000000
15940  44.666  -27.551  29.948 0.0000000000
16679  45.801  -26.087  30.195 0.0000000000
15949  45.827  -27.642  29.393 0.0000000000
15958  47.205  -27.600  28.297 0.0000000000
15190  45.748  -29.529  28.136 0.0000000000
14837  45.765  -30.431  27.207 0.0000000000
14829  44.891  -30.319  27.791 0.0000000000
57605  42.266  -34.138  27.144 0.0000000000
14071  34.762  -33.045  31.458 0.0000000000
14076  36.771  -33.515  30.523 0.0000000000
13743  35.378  -34.450  30.760 0.0000000000
12350  36.573  -38.514  30.225 0.0000000000
24182  56.385  -4.911  21.075 0.0000000000
23496  56.334  -6.756  21.683 0.0000000000
14048  27.976  -32.815  36.983 0.0000000000
13360  27.371  -34.417  36.400 0.0000000000
14038  26.868  -32.477  37.532 0.0000000000
14040  25.418  -32.649  37.584 0.0000000000
56834  23.909  -32.326  37.833 0.0000000000
15530  31.363  -28.457  36.918 0.0000000000
15162  31.671  -29.958  35.573 0.0000000000
15159  29.945  -30.247  37.039 0.0000000000
14427  28.867  -31.422  37.182 0.0000000000
20253  51.099  -15.985  28.706 0.0000000000
56904  48.284  -19.855  28.922 0.0000000000
17001  43.226  -25.781  31.444 0.0000000000
15942  43.066  -27.375  30.351 0.0000000000
15561  43.242  -28.695  29.337 0.0000000000
14831  43.156  -30.846  27.817 0.0000000000
15194  41.773  -30.366  28.594 0.0000000000
14462  40.270  -32.128  28.794 0.0000000000
13746  39.482  -33.710  29.052 0.0000000000
59397  32.247  -36.513  31.451 0.0000000000
12693  34.367  -37.006  30.628 0.0000000000
12353  33.472  -38.452  30.580 0.0000000000
22870  55.541  -8.531  23.010 0.0000000000
22873  56.207  -8.257  21.831 0.0000000000
22226  55.351  -10.177  22.659 0.0000000000
13041  26.216  -36.361  36.164 0.0000000000
16307  37.032  -27.049  33.315 0.0000000000
15174  36.816  -28.961  32.500 0.0000000000
15179  37.382  -30.159  31.355 0.0000000000
15175  35.982  -29.978  32.518 0.0000000000
14443  34.382  -31.796  32.330 0.0000000000
14072  33.409  -33.212  32.052 0.0000000000
14805  31.871  -31.098  34.642 0.0000000000
14066  31.821  -33.184  33.586 0.0000000000
13381  32.418  -34.481  32.242 0.0000000000
13052  31.357  -35.965  32.509 0.0000000000
12684  30.067  -37.359  33.080 0.0000000000
20263  54.603  -16.266  24.866 0.0000000000
20570  55.180  -15.534  23.806 0.0000000000
19948  55.076  -17.431  23.970 0.0000000000
14780  23.313  -30.426  38.703 0.0000000000
14423  21.508  -31.958  38.104 0.0000000000
14784  19.310  -31.171  39.533 0.0000000000
14045  20.184  -33.006  37.996 0.0000000000
22863  54.792  -7.990  24.417 0.0000000000
22220  54.291  -10.271  24.658 0.0000000000
21904  53.818  -11.688  25.124 0.0000000000
50614  53.589  -14.171  25.966 0.0000000000
20261  53.697  -16.243  26.208 0.0000000000
19592  53.504  -17.894  26.157 0.0000000000
18866  52.528  -19.719  26.331 0.0000000000
19583  51.544  -17.839  28.111 0.0000000000
18864  51.420  -19.826  27.288 0.0000000000
18099  51.182  -21.573  26.458 0.0000000000
17737  50.634  -23.238  26.021 0.0000000000
17021  49.442  -25.399  26.191 0.0000000000
18469  47.336  -21.496  29.381 0.0000000000
17355  45.107  -24.360  31.100 0.0000000000
17364  46.795  -24.310  29.968 0.0000000000
58107  47.840  -23.362  29.207 0.0000000000
16685  48.172  -25.606  28.267 0.0000000000
15963  47.817  -27.702  27.365 0.0000000000
56541  43.092  -31.900  27.159 0.0000000000
14453  37.542  -32.137  30.559 0.0000000000
14081  38.076  -33.543  29.911 0.0000000000
13392  38.329  -35.496  29.434 0.0000000000
13059  36.135  -36.910  30.257 0.0000000000
12699  37.512  -36.986  29.838 0.0000000000
15133  26.772  -29.718  39.556 0.0000000000
15508  26.979  -29.095  39.704 0.0000000000
15931  38.647  -27.669  31.926 0.0000000000
16312  38.681  -27.069  32.339 0.0000000000
15937  39.048  -27.950  31.393 0.0000000000
15936  39.819  -27.523  31.164 0.0000000000
15550  38.748  -28.728  31.043 0.0000000000
15555  39.215  -29.054  30.350 0.0000000000
15556  38.549  -29.533  30.704 0.0000000000
50387  54.263  -12.919  24.501 0.0000000000
21211  54.925  -13.062  23.423 0.0000000000
20875  54.727  -14.238  24.227 0.0000000000
57596  28.563  -34.979  35.725 0.0000000000
13044  27.782  -36.142  35.566 0.0000000000
13039  27.518  -35.654  35.866 0.0000000000
13717  23.001  -34.163  37.030 0.0000000000
13365  23.360  -34.930  36.889 0.0000000000
13366  22.321  -34.895  36.964 0.0000000000
13033  21.881  -35.853  36.917 0.0000000000
13367  21.257  -35.181  37.005 0.0000000000
15916  33.040  -27.547  35.903 0.0000000000
15921  33.603  -27.712  35.401 0.0000000000
15920  34.261  -27.561  34.952 0.0000000000
15537  33.331  -28.508  35.166 0.0000000000
59274  33.387  -29.567  34.441 0.0000000000
15541  33.047  -29.221  34.939 0.0000000000
13723  28.601  -33.834  36.243 0.0000000000
13722  29.238  -33.884  35.819 0.0000000000
13370  28.839  -34.547  35.778 0.0000000000
13043  28.854  -35.291  35.358 0.0000000000
18487  53.303  -20.507  24.500 0.0000000000
18488  52.711  -20.908  24.982 0.0000000000
20862  51.952  -14.620  27.948 0.0000000000
20559  52.059  -15.439  27.946 0.0000000000
20555  51.451  -15.175  28.445 0.0000000000
18860  49.093  -20.229  28.414 0.0000000000
18472  49.420  -20.998  28.006 0.0000000000
54337  49.040  -21.815  28.132 0.0000000000
18093  49.310  -22.344  27.933 0.0000000000
18094  48.795  -22.589  28.357 0.0000000000
15559  44.788  -28.576  29.171 0.0000000000
16333  45.202  -27.259  29.925 0.0000000000
15558  45.528  -28.416  29.027 0.0000000000
15960  46.192  -28.218  28.844 0.0000000000
15569  45.202  -29.192  28.600 0.0000000000
54119  45.225  -29.807  28.127 0.0000000000
15191  44.617  -29.832  28.293 0.0000000000
13737  33.985  -34.356  31.315 0.0000000000
13736  34.685  -33.902  31.163 0.0000000000
13744  34.629  -34.628  30.954 0.0000000000
23835  56.122  -5.908  21.993 0.0000000000
14429  27.852  -32.172  37.404 0.0000000000
14037  27.447  -32.635  37.273 0.0000000000
14417  27.366  -31.829  37.859 0.0000000000
14777  25.969  -30.877  38.985 0.0000000000
14419  25.828  -31.922  38.134 0.0000000000
50223  25.118  -31.941  38.140 0.0000000000
14041  24.598  -32.501  37.761 0.0000000000
14420  24.387  -31.747  38.216 0.0000000000
15531  30.656  -28.674  37.443 0.0000000000
15535  30.986  -29.162  36.829 0.0000000000
15154  30.302  -29.495  37.251 0.0000000000
14788  28.205  -30.568  38.329 0.0000000000
14794  29.242  -30.492  37.504 0.0000000000
14795  28.652  -30.856  37.793 0.0000000000
14428  28.358  -32.177  37.105 0.0000000000
50657  40.081  -25.762  32.443 0.0000000000
16995  41.317  -24.840  32.537 0.0000000000
16994  42.107  -24.795  32.278 0.0000000000
16668  42.740  -25.137  31.910 0.0000000000
16675  42.342  -25.864  31.559 0.0000000000
15944  41.314  -27.843  30.205 0.0000000000
16326  42.264  -27.015  30.698 0.0000000000
15943  42.086  -27.626  30.254 0.0000000000
15953  42.701  -28.136  29.793 0.0000000000
15562  42.364  -28.842  29.304 0.0000000000
15572  42.086  -29.594  28.886 0.0000000000
14826  39.340  -31.374  29.528 0.0000000000
14825  39.945  -31.530  29.100 0.0000000000
14457  39.583  -32.215  29.231 0.0000000000
14085  39.968  -33.025  28.848 0.0000000000
14080  39.204  -33.024  29.348 0.0000000000
12687  32.047  -37.183  31.284 0.0000000000
12686  32.865  -36.917  31.031 0.0000000000
12345  31.837  -37.992  31.105 0.0000000000
22554  55.134  -9.076  23.556 0.0000000000
22558  55.455  -9.338  22.844 0.0000000000
22223  55.049  -9.908  23.360 0.0000000000
21912  55.480  -11.775  22.081 0.0000000000
12339  28.904  -38.263  33.948 0.0000000000
11989  28.341  -38.692  34.329 0.0000000000
13362  26.139  -34.644  36.545 0.0000000000
13040  26.828  -35.856  36.054 0.0000000000
13029  26.145  -35.587  36.304 0.0000000000
12663  23.495  -37.359  36.662 0.0000000000
12317  24.384  -37.520  36.522 0.0000000000
15924  35.525  -27.741  34.010 0.0000000000
16308  36.165  -27.222  33.769 0.0000000000
15928  35.974  -28.098  33.574 0.0000000000
15927  36.678  -27.780  33.233 0.0000000000
15543  36.418  -28.532  33.045 0.0000000000
57890  36.537  -29.595  32.341 0.0000000000
15169  35.479  -29.608  33.074 0.0000000000
51899  33.927  -30.569  33.419 0.0000000000
14808  34.621  -30.663  32.926 0.0000000000
14444  33.681  -31.907  32.687 0.0000000000
14449  34.042  -32.582  32.039 0.0000000000
14068  33.183  -32.667  32.602 0.0000000000
15163  30.940  -30.361  35.936 0.0000000000
14800  31.365  -30.758  35.254 0.0000000000
14806  31.200  -31.605  34.922 0.0000000000
13730  30.951  -33.813  34.215 0.0000000000
14062  31.365  -33.103  34.106 0.0000000000
13729  31.444  -33.671  33.713 0.0000000000
13732  31.938  -33.820  33.069 0.0000000000
13378  31.693  -34.634  32.850 0.0000000000
13382  31.840  -35.254  32.390 0.0000000000
13053  30.760  -35.964  33.213 0.0000000000
12676  29.281  -36.759  34.286 0.0000000000
12680  29.647  -37.048  33.783 0.0000000000
12338  29.478  -37.832  33.531 0.0000000000
19943  54.274  -16.884  25.338 0.0000000000
19946  54.685  -17.096  24.649 0.0000000000
19599  54.656  -17.885  24.499 0.0000000000
57714  54.636  -19.060  23.818 0.0000000000
15147  21.630  -29.854  39.053 0.0000000000
14781  22.274  -30.455  38.676 0.0000000000
14782  21.220  -30.588  38.829 0.0000000000
14400  17.788  -31.919  40.275 0.0000000000
14411  19.027  -31.994  39.248 0.0000000000
14425  19.588  -32.446  38.563 0.0000000000
14031  18.709  -32.915  38.906 0.0000000000
13706  18.967  -34.678  37.920 0.0000000000
13707  18.241  -34.528  38.504 0.0000000000
22548  53.983  -9.122  25.566 0.0000000000
22552  53.956  -9.970  25.390 0.0000000000
22221  53.888  -10.815  25.212 0.0000000000
53251  53.561  -11.273  25.658 0.0000000000
50905  52.775  -13.102  26.745 0.0000000000
21544  53.418  -12.861  25.806 0.0000000000
20864  53.254  -14.370  26.473 0.0000000000
20868  53.677  -14.853  26.071 0.0000000000
20560  53.306  -15.155  26.614 0.0000000000
19937  52.624  -17.088  27.387 0.0000000000
19941  53.137  -17.428  26.767 0.0000000000
19593  52.982  -18.315  26.643 0.0000000000
19237  52.753  -19.110  26.488 0.0000000000
51527  52.378  -18.729  27.088 0.0000000000
19924  50.647  -16.696  28.878 0.0000000000
19933  51.101  -17.340  28.515 0.0000000000
19584  50.891  -18.119  28.374 0.0000000000
18477  50.599  -20.853  27.281 0.0000000000
19235  51.068  -19.367  27.743 0.0000000000
18476  51.123  -20.512  27.098 0.0000000000
18481  51.460  -20.818  26.645 0.0000000000
18104  50.889  -22.402  26.285 0.0000000000
18100  50.540  -22.034  26.883 0.0000000000
17017  49.578  -24.666  26.715 0.0000000000
17018  49.008  -25.466  27.045 0.0000000000
16692  48.648  -26.273  27.029 0.0000000000
18092  47.013  -22.348  29.756 0.0000000000
17357  44.461  -24.695  31.407 0.0000000000
17356  44.551  -23.940  31.519 0.0000000000
17000  45.052  -25.043  30.979 0.0000000000
16683  46.373  -25.627  30.002 0.0000000000
17004  46.288  -24.941  30.236 0.0000000000
17009  46.883  -25.095  29.764 0.0000000000
17721  47.517  -23.855  29.449 0.0000000000
17363  47.329  -24.601  29.497 0.0000000000
17369  47.929  -24.489  28.967 0.0000000000
16686  47.559  -25.970  28.816 0.0000000000
15566  47.065  -28.355  28.007 0.0000000000
16339  47.681  -27.225  27.936 0.0000000000
15965  47.487  -28.382  27.420 0.0000000000
15579  47.893  -28.311  26.770 0.0000000000
15580  47.480  -29.016  26.918 0.0000000000
15197  47.011  -29.587  26.977 0.0000000000
14464  45.382  -30.945  26.813 0.0000000000
14844  45.867  -30.817  26.587 0.0000000000
14832  42.189  -30.978  28.112 0.0000000000
14840  42.455  -31.584  27.645 0.0000000000
14088  42.702  -33.234  26.938 0.0000000000
14819  36.333  -31.176  31.601 0.0000000000
14818  36.996  -30.859  31.337 0.0000000000
14446  36.915  -31.645  31.059 0.0000000000
13741  36.731  -34.475  30.310 0.0000000000
13740  37.417  -33.990  30.138 0.0000000000
13749  37.365  -34.761  30.000 0.0000000000
13748  38.047  -34.568  29.705 0.0000000000
13393  37.644  -35.430  29.782 0.0000000000
52195  34.710  -37.690  30.519 0.0000000000
12692  35.205  -37.077  30.442 0.0000000000
59070  35.278  -37.756  30.440 0.0000000000
12349  37.238  -38.425  30.016 0.0000000000
12698  38.276  -37.099  29.470 0.0000000000
22561  56.150  -9.022  21.627 0.0000000000
51176  56.482  -7.683  21.357 0.0000000000
20573  55.552  -15.154  23.010 0.0000000000
14775  27.638  -30.498  38.761 0.0000000000
14405  27.054  -31.295  38.408 0.0000000000
15142  27.258  -30.149  39.168 0.0000000000
15143  26.535  -30.406  39.217 0.0000000000
14767  25.869  -30.339  39.326 0.0000000000
15152  28.636  -29.862  38.479 0.0000000000
16665  38.082  -26.055  33.167 0.0000000000
16664  38.878  -25.665  33.017 0.0000000000
16672  38.754  -26.356  32.744 0.0000000000
16311  39.543  -26.471  32.219 0.0000000000
16310  40.489  -26.155  31.898 0.0000000000
16676  41.399  -25.955  31.682 0.0000000000
16328  40.518  -27.146  31.029 0.0000000000
15945  40.480  -27.836  30.524 0.0000000000
15554  40.032  -28.669  30.086 0.0000000000
59373  40.522  -29.077  29.605 0.0000000000
15564  39.770  -29.611  29.746 0.0000000000
15188  39.184  -30.483  29.841 0.0000000000
14823  38.612  -31.213  30.088 0.0000000000
12346  31.035  -38.267  31.555 0.0000000000
11999  31.660  -38.816  30.944 0.0000000000
12000  30.844  -39.084  31.337 0.0000000000
21906  54.513  -11.668  23.896 0.0000000000
21909  54.878  -11.314  23.268 0.0000000000
21552  54.842  -12.176  23.322 0.0000000000
12677  28.718  -36.954  34.614 0.0000000000
12332  28.045  -37.356  34.944 0.0000000000
12333  27.459  -37.779  35.298 0.0000000000
12326  27.048  -37.302  35.638 0.0000000000
13363  24.978  -34.557  36.785 0.0000000000
51574  25.408  -35.293  36.547 0.0000000000
50689  24.668  -35.316  36.688 0.0000000000
51612  23.234  -36.607  36.784 0.0000000000
12666  20.642  -36.911  36.917 0.0000000000
15925  34.830  -27.840  34.457 0.0000000000
15929  35.263  -28.410  33.900 0.0000000000
15545  34.973  -29.199  33.658 0.0000000000
15171  34.086  -29.601  33.975 0.0000000000
15172  33.278  -30.191  34.050 0.0000000000
14809  33.073  -31.018  33.706 0.0000000000
14431  29.521  -32.347  36.088 0.0000000000
14434  30.539  -32.317  35.161 0.0000000000
59761  29.988  -32.624  35.602 0.0000000000
13726  30.370  -33.891  34.802 0.0000000000
13376  30.531  -34.589  34.302 0.0000000000
13049  30.290  -35.913  33.808 0.0000000000
13046  30.000  -35.431  34.401 0.0000000000
13047  29.212  -36.036  34.724 0.0000000000
19242  53.830  -18.716  25.267 0.0000000000
19600  54.240  -18.333  24.918 0.0000000000
18873  53.672  -19.800  24.646 0.0000000000
18878  53.853  -20.190  23.982 0.0000000000
14391  17.442  -31.566  40.795 0.0000000000
14023  17.424  -32.734  39.960 0.0000000000
14032  17.423  -33.597  39.465 0.0000000000
14024  16.791  -33.459  39.974 0.0000000000
20861  52.391  -14.183  27.426 0.0000000000
20561  52.917  -15.405  27.097 0.0000000000
20558  52.478  -15.075  27.512 0.0000000000
20256  52.565  -16.094  27.498 0.0000000000
51519  52.171  -16.805  27.839 0.0000000000
19585  50.153  -18.400  28.564 0.0000000000
19230  50.643  -18.904  28.166 0.0000000000
18859  49.947  -20.204  27.984 0.0000000000
18478  50.093  -20.898  27.616 0.0000000000
18096  50.252  -21.518  27.291 0.0000000000
17729  49.837  -22.444  27.458 0.0000000000
17367  49.206  -23.910  27.745 0.0000000000
17371  48.833  -24.505  27.962 0.0000000000
16324  44.556  -26.988  30.333 0.0000000000
17005  45.167  -25.715  30.688 0.0000000000
16323  45.169  -26.528  30.327 0.0000000000
16332  45.816  -26.836  29.843 0.0000000000
16331  46.401  -27.074  29.354 0.0000000000
16687  46.949  -26.573  29.148 0.0000000000
15948  46.424  -27.655  29.025 0.0000000000
15567  46.531  -28.623  28.348 0.0000000000
15189  46.313  -29.232  28.042 0.0000000000
15198  46.640  -29.474  27.540 0.0000000000
15199  46.094  -29.839  27.639 0.0000000000
14838  45.159  -30.678  27.280 0.0000000000
14839  44.485  -30.938  27.321 0.0000000000
14090  41.285  -32.840  27.986 0.0000000000
14466  42.171  -32.483  27.481 0.0000000000
14089  41.865  -33.547  27.487 0.0000000000
13759  41.653  -34.659  27.528 0.0000000000
13401  41.935  -35.551  27.271 0.0000000000
14070  35.464  -32.755  31.282 0.0000000000
14077  36.094  -33.057  30.916 0.0000000000
56933  35.400  -33.508  31.005 0.0000000000
13742  36.079  -33.938  30.661 0.0000000000
13387  36.404  -35.139  30.308 0.0000000000
56647  35.921  -38.648  30.377 0.0000000000
12005  36.285  -39.320  30.278 0.0000000000
24179  56.104  -5.171  21.797 0.0000000000
23838  56.415  -5.757  21.317 0.0000000000
23499  56.684  -6.319  20.766 0.0000000000
13710  28.138  -33.459  36.635 0.0000000000
13372  27.789  -34.903  36.082 0.0000000000
13711  27.549  -33.495  36.784 0.0000000000
13712  26.790  -33.921  36.726 0.0000000000
13713  26.074  -33.805  36.908 0.0000000000
14418  26.583  -31.775  38.149 0.0000000000
14039  26.207  -32.495  37.641 0.0000000000
13714  25.345  -33.636  37.042 0.0000000000
14050  24.769  -33.161  37.337 0.0000000000
14051  23.875  -33.178  37.361 0.0000000000
14052  22.817  -33.354  37.304 0.0000000000
15533  32.251  -28.523  36.063 0.0000000000
15539  31.983  -29.217  35.844 0.0000000000
15534  31.632  -28.862  36.408 0.0000000000
15158  30.617  -29.924  36.620 0.0000000000
14797  30.221  -30.713  36.364 0.0000000000
15155  29.722  -29.837  37.565 0.0000000000
14798  29.571  -31.019  36.828 0.0000000000
14802  29.843  -31.506  36.186 0.0000000000
14432  28.917  -32.285  36.639 0.0000000000
14057  28.509  -32.957  36.657 0.0000000000
18106  51.772  -22.104  25.100 0.0000000000
50547  52.372  -21.618  24.668 0.0000000000
17739  51.442  -22.854  24.774 0.0000000000
20556  50.846  -15.290  28.875 0.0000000000
19577  49.666  -17.848  28.940 0.0000000000
19586  49.380  -18.652  28.766 0.0000000000
56288  49.046  -19.386  28.681 0.0000000000
18861  48.365  -20.669  28.705 0.0000000000
16993  43.703  -25.102  31.609 0.0000000000
59331  43.894  -25.755  31.236 0.0000000000
16317  41.875  -26.496  31.166 0.0000000000
16316  42.903  -26.510  31.016 0.0000000000
16325  43.783  -26.809  30.652 0.0000000000
15941  44.025  -27.480  30.147 0.0000000000
15952  43.593  -28.059  29.777 0.0000000000
15570  43.680  -29.157  28.957 0.0000000000
15192  43.681  -29.871  28.439 0.0000000000
15571  42.970  -29.381  28.888 0.0000000000
15193  42.659  -30.168  28.447 0.0000000000
14833  41.362  -31.161  28.429 0.0000000000
15195  40.953  -30.506  28.857 0.0000000000
14834  40.581  -31.322  28.788 0.0000000000
14461  40.969  -31.993  28.389 0.0000000000
52029  40.620  -32.686  28.476 0.0000000000
13753  40.031  -33.962  28.666 0.0000000000
13754  39.411  -34.612  28.941 0.0000000000
13055  33.652  -35.762  31.006 0.0000000000
13061  33.652  -36.556  30.853 0.0000000000
12694  33.738  -37.537  30.663 0.0000000000
12352  34.371  -38.359  30.515 0.0000000000
12354  32.548  -38.614  30.695 0.0000000000
23178  55.583  -7.747  23.108 0.0000000000
23177  55.936  -7.266  22.509 0.0000000000
22869  55.914  -8.028  22.472 0.0000000000
22557  55.854  -8.789  22.326 0.0000000000
22562  55.746  -9.617  22.113 0.0000000000
54751  55.237  -11.040  22.632 0.0000000000
22231  55.657  -10.630  21.871 0.0000000000
13373  27.260  -35.146  36.121 0.0000000000
12669  26.619  -36.799  35.933 0.0000000000
12327  26.416  -37.651  35.905 0.0000000000
58781  25.509  -36.388  36.385 0.0000000000
12671  25.226  -37.317  36.360 0.0000000000
51405  37.413  -26.429  33.354 0.0000000000
16313  37.331  -27.544  32.914 0.0000000000
15932  37.926  -27.770  32.378 0.0000000000
15547  37.527  -28.670  32.103 0.0000000000
15551  37.929  -29.274  31.386 0.0000000000
15552  37.123  -29.487  31.931 0.0000000000
15180  36.595  -30.285  31.898 0.0000000000
14812  35.807  -30.740  32.166 0.0000000000
15176  35.272  -30.360  32.731 0.0000000000
14813  34.992  -31.189  32.368 0.0000000000
14448  35.038  -32.118  31.787 0.0000000000
53253  34.014  -33.502  31.626 0.0000000000
13738  33.282  -33.993  31.840 0.0000000000
15161  32.367  -29.567  35.239 0.0000000000
14804  32.560  -30.657  34.324 0.0000000000
14810  32.315  -31.468  34.011 0.0000000000
14438  31.256  -32.395  34.527 0.0000000000
14437  31.960  -32.400  33.867 0.0000000000
14065  32.414  -32.916  33.146 0.0000000000
14069  32.759  -33.504  32.478 0.0000000000
13385  32.446  -35.316  31.841 0.0000000000
12682  31.587  -36.620  31.894 0.0000000000
12679  30.225  -36.569  33.454 0.0000000000
12683  30.810  -36.804  32.609 0.0000000000
12341  30.543  -37.773  32.317 0.0000000000
11995  30.325  -38.616  32.064 0.0000000000
20567  54.456  -15.355  25.042 0.0000000000
20870  54.820  -15.031  24.339 0.0000000000
20566  54.847  -15.731  24.428 0.0000000000
50576  54.537  -18.524  24.364 0.0000000000
19603  54.951  -18.244  23.894 0.0000000000
18109  52.622  -21.830  23.897 0.0000000000
15895  25.923  -28.399  39.826 0.0000000000
15510  25.672  -29.440  39.666 0.0000000000
15144  24.688  -29.875  39.208 0.0000000000
15521  24.204  -29.213  39.268 0.0000000000
14779  24.278  -30.473  38.864 0.0000000000
14790  23.856  -31.095  38.498 0.0000000000
14422  22.514  -31.831  38.055 0.0000000000
14043  22.160  -32.623  37.704 0.0000000000
15148  20.578  -30.056  39.362 0.0000000000
14409  20.854  -31.356  38.573 0.0000000000
14424  20.515  -32.162  38.287 0.0000000000
14054  20.799  -33.628  37.452 0.0000000000
13719  20.529  -34.548  37.190 0.0000000000
51724  55.376  -6.527  23.488 0.0000000000
23175  55.201  -7.353  23.807 0.0000000000
22866  55.192  -8.248  23.705 0.0000000000
22555  54.711  -9.673  24.093 0.0000000000
22864  54.388  -8.550  24.994 0.0000000000
22551  54.360  -9.391  24.839 0.0000000000
21903  54.207  -11.194  24.542 0.0000000000
21546  54.173  -12.126  24.520 0.0000000000
21202  54.229  -13.723  24.817 0.0000000000
21901  53.434  -12.044  25.727 0.0000000000
21203  53.717  -13.588  25.570 0.0000000000
20867  54.047  -14.513  25.434 0.0000000000
20563  54.029  -15.281  25.684 0.0000000000
20260  54.119  -16.062  25.625 0.0000000000
56085  53.863  -16.778  25.951 0.0000000000
20258  53.263  -15.996  26.747 0.0000000000
59544  53.592  -17.265  26.234 0.0000000000
19239  53.376  -18.726  25.920 0.0000000000
18869  52.994  -19.516  25.898 0.0000000000
18484  52.409  -20.646  25.695 0.0000000000
53681  51.280  -16.667  28.535 0.0000000000
19932  51.688  -17.073  28.199 0.0000000000
19590  51.972  -18.295  27.636 0.0000000000
19229  51.335  -18.609  27.942 0.0000000000
19234  51.740  -19.078  27.456 0.0000000000
18863  52.104  -19.577  26.868 0.0000000000
18480  52.092  -20.304  26.363 0.0000000000
18485  51.799  -21.096  26.083 0.0000000000
18103  51.496  -21.863  25.830 0.0000000000
17733  50.213  -23.045  26.836 0.0000000000
17375  50.106  -23.927  26.416 0.0000000000
18854  47.705  -20.692  29.084 0.0000000000
18474  48.044  -21.388  28.868 0.0000000000
17718  45.797  -23.292  30.684 0.0000000000
58899  45.428  -25.244  30.726 0.0000000000
17359  46.161  -24.373  30.412 0.0000000000
17717  46.483  -22.948  30.206 0.0000000000
59575  46.990  -22.958  29.847 0.0000000000
52625  47.478  -23.022  29.480 0.0000000000
17720  48.163  -22.883  28.911 0.0000000000
17725  48.597  -23.255  28.530 0.0000000000
17011  48.379  -24.836  28.374 0.0000000000
17015  48.688  -25.169  27.802 0.0000000000
16335  47.378  -26.855  28.541 0.0000000000
16690  47.928  -26.423  28.115 0.0000000000
16689  48.453  -25.969  27.622 0.0000000000
16341  48.193  -27.566  26.803 0.0000000000
14836  46.401  -30.157  26.968 0.0000000000
14843  46.359  -30.686  26.309 0.0000000000
14830  44.139  -30.498  27.857 0.0000000000
55693  43.794  -31.146  27.382 0.0000000000
55019  43.990  -31.688  26.879 0.0000000000
14087  43.522  -32.622  26.608 0.0000000000
15183  38.004  -30.063  30.910 0.0000000000
14817  37.761  -31.034  30.752 0.0000000000
14452  38.160  -31.846  30.254 0.0000000000
14454  36.807  -32.581  30.780 0.0000000000
14075  37.461  -33.068  30.342 0.0000000000
57457  38.600  -33.067  29.720 0.0000000000
13747  38.793  -33.911  29.432 0.0000000000
54121  38.716  -34.828  29.306 0.0000000000
13398  39.011  -35.524  29.042 0.0000000000
13389  34.990  -35.295  30.687 0.0000000000
51455  35.509  -36.113  30.436 0.0000000000
52808  36.418  -35.955  30.219 0.0000000000
12690  36.880  -37.643  30.093 0.0000000000
53613  36.843  -36.739  30.071 0.0000000000
13065  37.227  -36.127  29.937 0.0000000000
13064  37.940  -36.256  29.613 0.0000000000
13063  38.643  -36.313  29.228 0.0000000000
23181  56.202  -7.597  21.981 0.0000000000
23183  56.708  -7.127  20.795 0.0000000000
57186  56.878  -6.729  20.224 0.0000000000
20874  55.128  -14.711  23.694 0.0000000000
21207  54.622  -13.413  24.092 0.0000000000
13038  28.178  -35.417  35.694 0.0000000000
13718  21.499  -34.270  37.114 0.0000000000
15922  32.887  -28.150  35.730 0.0000000000
20858  51.406  -14.133  28.372 0.0000000000
23493  55.832  -6.392  22.651 0.0000000000
14416  28.134  -31.450  37.756 0.0000000000
14407  25.427  -31.343  38.605 0.0000000000
56167  24.928  -31.539  38.431 0.0000000000
14408  24.701  -31.130  38.645 0.0000000000
15914  30.618  -28.064  37.740 0.0000000000
16669  41.815  -25.337  32.033 0.0000000000
15955  40.901  -28.432  29.876 0.0000000000
15954  41.786  -28.295  29.759 0.0000000000
12318  23.687  -38.009  36.482 0.0000000000
15548  36.164  -29.258  32.819 0.0000000000
14440  33.539  -31.326  33.177 0.0000000000
13733  31.196  -34.435  33.570 0.0000000000
13379  31.220  -35.242  33.037 0.0000000000
12335  29.085  -37.459  34.132 0.0000000000
19596  54.298  -17.633  25.123 0.0000000000
15523  22.095  -29.159  39.254 0.0000000000
14412  18.231  -32.351  39.636 0.0000000000
14399  18.512  -31.560  39.935 0.0000000000
54125  18.812  -33.800  38.331 0.0000000000
14046  18.097  -33.705  38.936 0.0000000000
23172  54.733  -7.239  24.577 0.0000000000
23488  54.346  -7.013  25.182 0.0000000000
22218  53.553  -10.558  25.883 0.0000000000
21199  53.201  -13.492  26.248 0.0000000000
16674  44.451  -25.426  31.142 0.0000000000
17008  47.443  -25.208  29.231 0.0000000000
59576  44.776  -31.941  26.241 0.0000000000
15519  27.995  -29.208  39.214 0.0000000000
57303  28.459  -29.393  38.855 0.0000000000
16320  39.300  -27.240  31.773 0.0000000000
57079  39.011  -29.787  30.180 0.0000000000
21210  55.304  -13.611  22.905 0.0000000000
12674  27.642  -36.893  35.381 0.0000000000
13715  24.509  -33.898  37.028 0.0000000000
13031  23.906  -35.773  36.768 0.0000000000
12664  22.596  -37.245  36.737 0.0000000000
52335  22.312  -36.556  36.846 0.0000000000
52334  21.507  -36.526  36.887 0.0000000000
16300  34.104  -26.995  35.304 0.0000000000
15926  34.048  -28.209  34.808 0.0000000000
14060  29.636  -33.193  35.735 0.0000000000
13727  29.804  -33.914  35.344 0.0000000000
13374  29.939  -34.617  34.900 0.0000000000
13377  29.483  -35.200  34.978 0.0000000000
18868  53.517  -19.325  25.290 0.0000000000
18491  53.500  -20.840  23.790 0.0000000000
14401  17.116  -32.152  40.606 0.0000000000
57990  16.783  -32.768  40.374 0.0000000000
15568  45.950  -28.888  28.526 0.0000000000
14828  45.512  -30.111  27.724 0.0000000000
53726  41.133  -33.914  27.940 0.0000000000
54384  36.082  -34.654  30.494 0.0000000000
13388  35.800  -35.270  30.472 0.0000000000
50415  27.042  -33.115  37.086 0.0000000000
14049  26.500  -33.138  37.178 0.0000000000
13704  25.931  -33.127  37.252 0.0000000000
14042  23.136  -32.503  37.727 0.0000000000
15918  31.772  -27.815  36.828 0.0000000000
57323  31.890  -28.284  36.515 0.0000000000
55122  29.306  -31.702  36.569 0.0000000000
19578  48.920  -18.097  29.067 0.0000000000
19224  48.591  -18.883  28.987 0.0000000000
16663  39.654  -25.374  32.862 0.0000000000
57764  43.228  -24.613  32.002 0.0000000000
16318  40.947  -26.590  31.328 0.0000000000
15560  44.031  -28.629  29.300 0.0000000000
15186  40.644  -29.761  29.232 0.0000000000
13056  32.853  -35.988  31.333 0.0000000000
12344  32.736  -37.774  30.830 0.0000000000
12008  33.259  -39.264  30.508 0.0000000000
12007  34.146  -39.128  30.491 0.0000000000
22227  55.014  -10.606  23.147 0.0000000000
12670  25.960  -37.091  36.169 0.0000000000
12662  24.809  -36.832  36.534 0.0000000000
12329  24.944  -38.050  36.311 0.0000000000
58352  35.141  -26.545  34.611 0.0000000000
16661  35.854  -26.333  34.198 0.0000000000
16666  36.713  -26.420  33.706 0.0000000000
15933  37.117  -28.211  32.704 0.0000000000
14814  34.187  -31.235  32.815 0.0000000000
15167  32.100  -30.320  34.948 0.0000000000
57789  31.717  -31.792  34.395 0.0000000000
12342  29.883  -38.202  32.818 0.0000000000
20265  55.068  -16.454  24.038 0.0000000000
18872  54.094  -19.054  24.638 0.0000000000
19602  55.359  -17.854  23.345 0.0000000000
49459  52.010  -22.321  24.307 0.0000000000
51336  26.541  -28.092  39.837 0.0000000000
52184  25.457  -28.889  39.703 0.0000000000
15136  25.050  -29.338  39.499 0.0000000000
15145  23.758  -29.792  38.995 0.0000000000
14792  21.874  -31.180  38.397 0.0000000000
14791  22.894  -31.100  38.388 0.0000000000
14769  18.730  -30.766  40.210 0.0000000000
14768  19.596  -30.361  39.781 0.0000000000
14783  20.215  -30.830  39.136 0.0000000000
14044  21.157  -32.779  37.794 0.0000000000
13705  19.737  -33.949  37.736 0.0000000000
13720  19.673  -34.945  37.359 0.0000000000
13698  17.571  -34.428  39.070 0.0000000000
22867  54.776  -8.814  24.276 0.0000000000
23173  54.375  -7.750  25.108 0.0000000000
22861  53.966  -8.272  25.701 0.0000000000
21547  53.828  -12.714  25.137 0.0000000000
20564  53.704  -15.603  26.171 0.0000000000
19940  53.453  -16.742  26.501 0.0000000000
51395  52.626  -20.062  25.934 0.0000000000
19938  52.118  -17.517  27.771 0.0000000000
52235  50.417  -23.993  25.667 0.0000000000
17020  49.946  -24.656  25.959 0.0000000000
18091  47.754  -22.203  29.173 0.0000000000
17714  45.165  -23.610  31.117 0.0000000000
17360  45.708  -24.037  30.742 0.0000000000
16678  45.798  -25.408  30.450 0.0000000000
52110  46.326  -23.751  30.339 0.0000000000
17722  46.947  -23.483  29.902 0.0000000000
17726  48.137  -23.647  28.930 0.0000000000
17012  47.913  -25.229  28.749 0.0000000000
16336  46.863  -27.298  28.840 0.0000000000
16338  48.197  -26.868  27.374 0.0000000000
14468  45.983  -31.307  25.916 0.0000000000
14094  43.429  -33.680  26.431 0.0000000000
14074  38.109  -32.644  30.099 0.0000000000
13060  34.496  -36.141  30.675 0.0000000000
12691  35.905  -37.858  30.333 0.0000000000
12697  39.009  -37.096  29.047 0.0000000000
13069  39.337  -36.317  28.828 0.0000000000
24532  56.306  -4.074  20.854 0.0000000000
15520  27.428  -29.518  39.394 0.0000000000
15509  26.225  -29.165  39.784 0.0000000000
13716  23.742  -34.101  36.995 0.0000000000
15165  33.739  -28.962  34.601 0.0000000000
15951  44.386  -28.049  29.673 0.0000000000
15950  45.085  -27.928  29.547 0.0000000000
56867  26.092  -31.392  38.551 0.0000000000
15913  31.158  -27.942  37.326 0.0000000000
14787  28.800  -30.321  38.053 0.0000000000
16996  40.445  -25.144  32.678 0.0000000000
16986  40.667  -24.607  32.860 0.0000000000
54012  42.658  -24.448  32.297 0.0000000000
15573  41.359  -29.838  28.940 0.0000000000
21551  55.254  -12.636  22.670 0.0000000000
57334  27.280  -38.496  35.286 0.0000000000
13361  26.763  -34.923  36.324 0.0000000000
51046  24.113  -36.725  36.672 0.0000000000
12330  24.315  -38.174  36.382 0.0000000000
11992  29.285  -38.628  33.292 0.0000000000
18877  54.387  -19.855  23.493 0.0000000000
15146  22.715  -29.771  38.926 0.0000000000
14770  18.006  -31.205  40.563 0.0000000000
14410  19.894  -31.628  38.873 0.0000000000
51692  19.379  -33.196  38.273 0.0000000000
23490  54.974  -6.644  24.190 0.0000000000
51614  52.970  -12.444  26.356 0.0000000000
18865  50.692  -20.180  27.575 0.0000000000
57994  51.653  -20.209  26.867 0.0000000000
17373  49.672  -23.913  27.122 0.0000000000
16693  48.972  -26.169  26.404 0.0000000000
18470  46.596  -21.541  29.934 0.0000000000
59625  47.461  -27.860  27.819 0.0000000000
14842  46.936  -30.236  26.268 0.0000000000
14469  45.297  -31.553  26.203 0.0000000000
13757  42.811  -34.318  26.787 0.0000000000
56672  37.839  -37.950  29.752 0.0000000000
20268  55.513  -16.097  23.256 0.0000000000
14776  27.122  -30.761  38.821 0.0000000000
15527  29.083  -29.137  38.492 0.0000000000
16671  39.390  -25.929  32.677 0.0000000000
11661  31.508  -39.617  30.777 0.0000000000
11662  30.669  -39.883  31.123 0.0000000000
12334  26.887  -38.136  35.601 0.0000000000
12665  21.680  -37.129  36.797 0.0000000000
16304  34.719  -27.073  34.788 0.0000000000
14435  30.071  -32.019  35.727 0.0000000000
14059  30.181  -33.191  35.231 0.0000000000
14760  17.462  -30.982  41.144 0.0000000000
13699  16.910  -34.342  39.588 0.0000000000
14025  16.214  -33.202  40.460 0.0000000000
20865  52.877  -14.675  27.017 0.0000000000
18087  45.860  -22.528  30.596 0.0000000000
49911  46.403  -26.349  29.701 0.0000000000
15959  46.736  -27.974  28.582 0.0000000000
58177  46.753  -28.947  27.910 0.0000000000
53070  35.497  -39.122  30.430 0.0000000000
12004  37.077  -39.092  30.054 0.0000000000
23841  56.673  -5.489  20.542 0.0000000000
13724  27.982  -34.134  36.380 0.0000000000
58221  23.375  -33.688  37.129 0.0000000000
15917  32.402  -27.788  36.277 0.0000000000
15157  31.298  -29.570  36.205 0.0000000000
15526  29.846  -29.129  37.882 0.0000000000
20243  50.471  -15.833  29.053 0.0000000000
19925  49.913  -17.048  29.088 0.0000000000
17351  43.819  -24.231  31.870 0.0000000000
16315  43.653  -26.220  31.058 0.0000000000
14084  40.599  -33.437  28.365 0.0000000000
13390  34.142  -35.181  30.961 0.0000000000
52196  34.849  -38.939  30.483 0.0000000000
11990  27.883  -39.100  34.612 0.0000000000
12328  25.696  -37.901  36.131 0.0000000000
16990  37.319  -25.696  33.614 0.0000000000
14820  35.640  -31.456  31.838 0.0000000000
13057  32.013  -35.922  31.868 0.0000000000
11996  29.674  -39.004  32.564 0.0000000000
15894  26.590  -28.652  39.832 0.0000000000
15135  25.450  -29.910  39.448 0.0000000000
14421  23.464  -31.753  38.117 0.0000000000
14053  21.791  -33.422  37.361 0.0000000000
13368  20.341  -35.434  37.092 0.0000000000
19944  53.918  -17.437  25.732 0.0000000000
17736  51.194  -22.640  25.556 0.0000000000
18090  48.412  -22.025  28.614 0.0000000000
16999  45.654  -24.780  30.681 0.0000000000
17368  48.629  -23.976  28.380 0.0000000000
22879  56.709  -8.692  20.433 0.0000000000
20878  55.351  -14.345  23.127 0.0000000000
