#!ascii label  , from subject sub-1016 vox2ras=TkReg
2261
53963  9.488  -36.329  41.109 0.1000000015
13007  10.243  -35.890  41.253 0.1000000015
12637  10.235  -36.727  41.138 0.1000000015
12632  11.699  -36.635  41.253 0.2000000030
12999  12.088  -35.855  41.457 0.3000000119
13005  12.487  -36.527  41.267 0.2000000030
12634  12.921  -37.227  41.053 0.2000000030
13328  13.694  -34.794  41.445 0.4000000060
12998  12.769  -35.750  41.441 0.5000000000
13335  13.449  -35.626  41.319 0.4000000060
13004  13.184  -36.418  41.190 0.3000000119
12286  13.551  -37.671  40.820 0.3000000119
57452  20.081  -40.770  35.458 0.3000000119
10897  17.732  -41.904  35.910 0.1000000015
10889  17.813  -41.214  36.373 0.1000000015
57850  16.153  -28.607  42.897 0.4000000060
15885  16.798  -28.248  42.582 0.4000000060
15499  16.001  -29.285  42.820 0.4000000060
15498  16.708  -29.180  42.425 0.4000000060
15119  16.174  -29.902  42.544 0.4000000060
15105  15.500  -29.764  42.918 0.3000000119
15120  15.617  -30.487  42.606 0.3000000119
14752  14.983  -31.211  42.509 0.3000000119
14380  14.948  -31.943  42.028 0.3000000119
14004  14.614  -32.590  41.741 0.3000000119
53520  14.299  -34.661  41.165 0.4000000060
13334  14.089  -35.463  41.126 0.4000000060
13003  13.929  -36.350  41.007 0.4000000060
13002  14.473  -35.980  40.866 0.4000000060
54781  14.621  -36.682  40.670 0.4000000060
12644  14.786  -37.527  40.446 0.4000000060
10904  22.530  -41.944  34.153 0.3000000119
11279  22.461  -41.273  34.688 0.3000000119
11280  21.574  -41.299  34.799 0.3000000119
12295  14.893  -38.374  40.269 0.3000000119
11268  22.918  -40.552  35.150 0.3000000119
11269  21.964  -40.676  35.155 0.3000000119
10549  18.278  -42.412  35.223 0.2000000030
11945  15.529  -38.693  40.004 0.3000000119
11647  22.437  -40.017  35.515 0.3000000119
11648  21.468  -40.123  35.565 0.3000000119
55837  19.577  -41.625  35.118 0.2000000030
11611  16.676  -39.384  39.037 0.3000000119
11612  16.017  -39.841  39.358 0.2000000030
11599  15.506  -39.606  39.749 0.2000000030
11946  15.010  -39.189  40.061 0.2000000030
11270  20.922  -40.888  35.205 0.3000000119
10869  16.397  -41.020  37.965 0.1000000015
11247  16.729  -40.447  38.243 0.1000000015
11649  20.504  -40.211  35.688 0.3000000119
11254  17.729  -40.519  37.001 0.2000000030
11246  17.338  -40.154  37.764 0.1000000015
11620  17.631  -39.560  37.857 0.3000000119
15884  17.432  -28.626  42.054 0.5000000000
15117  17.451  -29.470  41.806 0.4000000060
15118  16.842  -30.044  42.068 0.4000000060
14750  16.264  -30.599  42.209 0.3000000119
14751  15.740  -31.041  42.256 0.3000000119
14761  16.870  -30.802  41.711 0.4000000060
14379  15.538  -31.624  41.954 0.3000000119
14016  14.279  -33.332  41.536 0.3000000119
14393  16.001  -31.983  41.411 0.3000000119
14394  15.275  -32.330  41.527 0.3000000119
13685  13.967  -34.030  41.495 0.3000000119
14013  16.430  -32.388  40.844 0.3000000119
58287  14.463  -33.933  41.216 0.4000000060
9896  24.450  -45.126  31.558 0.1000000015
9887  24.010  -44.474  31.953 0.2000000030
13344  15.269  -35.267  40.492 0.4000000060
13333  14.679  -35.309  40.848 0.4000000060
10233  23.597  -43.805  32.399 0.2000000030
13013  15.014  -36.041  40.581 0.3000000119
10570  23.542  -43.103  32.880 0.3000000119
10563  23.422  -42.542  33.427 0.3000000119
10912  23.247  -42.011  33.971 0.3000000119
57395  23.085  -41.556  34.400 0.3000000119
12643  15.370  -36.905  40.287 0.4000000060
10896  19.103  -41.922  35.163 0.2000000030
11944  16.081  -38.279  39.796 0.4000000060
11271  19.350  -41.156  35.513 0.2000000030
10888  18.488  -41.545  35.756 0.2000000030
11957  16.630  -38.614  39.349 0.3000000119
12306  16.626  -37.801  39.486 0.3000000119
11636  21.976  -39.481  35.849 0.3000000119
11259  18.614  -40.654  36.231 0.2000000030
11253  18.386  -40.091  36.780 0.3000000119
11621  17.033  -39.828  38.405 0.2000000030
11956  17.077  -38.787  38.877 0.3000000119
12305  17.138  -38.153  38.984 0.3000000119
11637  20.979  -39.555  35.937 0.3000000119
11627  17.961  -39.874  37.301 0.3000000119
11610  17.314  -39.168  38.402 0.3000000119
11963  17.556  -38.487  38.398 0.4000000060
12651  17.162  -37.338  39.068 0.4000000060
11619  18.171  -39.387  37.371 0.3000000119
11962  18.020  -38.871  37.707 0.4000000060
12311  18.190  -38.090  37.806 0.3000000119
12657  17.728  -36.751  38.532 0.3000000119
12656  18.336  -37.264  37.810 0.3000000119
15891  18.100  -28.108  41.695 0.4000000060
8542  26.217  -49.115  29.791 0.1000000015
15505  18.101  -28.945  41.477 0.4000000060
8883  26.196  -48.309  30.090 0.1000000015
15504  18.673  -29.222  40.972 0.5000000000
15127  18.113  -29.710  41.194 0.4000000060
15128  17.481  -30.252  41.492 0.4000000060
49664  25.805  -47.646  30.366 0.1000000015
15126  18.922  -29.875  40.507 0.5000000000
14759  18.110  -30.464  40.866 0.3000000119
14760  17.462  -30.982  41.144 0.3000000119
14392  16.808  -31.593  41.231 0.3000000119
14014  15.718  -32.789  40.986 0.3000000119
13683  15.573  -33.736  40.649 0.3000000119
9560  24.919  -45.763  31.181 0.2000000030
14025  16.214  -33.202  40.460 0.3000000119
10232  24.441  -43.693  32.202 0.2000000030
13692  16.172  -34.234  40.106 0.4000000060
54413  15.545  -34.569  40.416 0.4000000060
10569  24.145  -43.193  32.630 0.2000000030
10562  24.279  -42.577  33.207 0.3000000119
13012  15.621  -36.027  40.218 0.4000000060
51577  24.022  -42.030  33.859 0.3000000119
10903  23.771  -41.533  34.374 0.3000000119
11278  23.400  -41.050  34.775 0.3000000119
51509  15.982  -36.657  39.991 0.3000000119
12642  16.037  -37.417  39.906 0.3000000119
11258  19.595  -40.373  35.893 0.3000000119
11639  19.103  -39.942  36.437 0.3000000119
12652  16.586  -36.850  39.581 0.3000000119
11626  18.617  -39.594  36.920 0.3000000119
11638  19.999  -39.715  36.137 0.3000000119
11625  19.426  -39.310  36.586 0.3000000119
11983  20.424  -39.047  36.320 0.4000000060
11972  18.767  -39.015  37.048 0.4000000060
12323  18.885  -38.358  37.210 0.4000000060
11971  19.719  -38.631  36.738 0.4000000060
51060  18.901  -37.708  37.339 0.3000000119
12667  19.339  -36.915  37.213 0.4000000060
12322  19.920  -37.790  36.913 0.3000000119
57621  19.277  -27.168  41.116 0.4000000060
15902  19.469  -27.817  40.928 0.4000000060
16629  18.777  -26.779  41.594 0.4000000060
16271  18.746  -27.598  41.375 0.4000000060
54919  18.867  -28.464  41.089 0.4000000060
15516  19.405  -29.055  40.563 0.5000000000
50472  19.667  -28.422  40.657 0.4000000060
8541  26.973  -48.770  29.761 0.2000000030
9568  25.418  -46.401  30.842 0.1000000015
9895  25.259  -44.967  31.370 0.2000000030
15138  19.963  -29.555  39.979 0.4000000060
14769  18.730  -30.766  40.210 0.3000000119
14770  18.006  -31.205  40.563 0.3000000119
14391  17.442  -31.566  40.795 0.3000000119
14401  17.116  -32.152  40.606 0.3000000119
10241  24.827  -44.328  31.773 0.2000000030
53301  24.917  -42.948  32.653 0.2000000030
15137  21.007  -29.304  39.560 0.4000000060
14768  19.596  -30.361  39.781 0.4000000060
14399  18.512  -31.560  39.935 0.3000000119
14400  17.788  -31.919  40.275 0.3000000119
14024  16.791  -33.459  39.974 0.4000000060
10561  25.076  -42.343  33.257 0.2000000030
14032  17.423  -33.597  39.465 0.4000000060
13699  16.910  -34.342  39.588 0.4000000060
13343  15.867  -35.216  40.108 0.4000000060
10911  24.817  -41.978  33.777 0.3000000119
10902  24.555  -41.519  34.311 0.3000000119
13020  16.822  -35.979  39.410 0.4000000060
13011  16.229  -35.998  39.846 0.4000000060
11267  23.845  -40.455  35.211 0.3000000119
11646  23.351  -39.941  35.544 0.3000000119
13025  17.946  -35.934  38.428 0.4000000060
13019  17.417  -35.967  38.930 0.4000000060
56681  17.149  -36.601  39.137 0.4000000060
11635  22.897  -39.454  35.824 0.3000000119
13355  18.397  -35.365  38.148 0.4000000060
13024  18.538  -36.279  37.813 0.4000000060
11981  22.517  -38.926  36.088 0.3000000119
11982  21.506  -38.922  36.160 0.4000000060
12666  20.642  -36.911  36.917 0.4000000060
15901  20.240  -27.975  40.540 0.4000000060
15515  20.398  -28.716  40.163 0.4000000060
53447  27.642  -49.123  29.400 0.1000000015
10231  25.233  -43.579  32.080 0.2000000030
15148  20.578  -30.056  39.362 0.4000000060
14412  18.231  -32.351  39.636 0.3000000119
10901  25.197  -41.514  34.178 0.3000000119
11266  24.756  -40.423  35.235 0.3000000119
14783  20.215  -30.830  39.136 0.5000000000
14784  19.310  -31.171  39.533 0.3000000119
14411  19.027  -31.994  39.248 0.3000000119
14023  17.424  -32.734  39.960 0.3000000119
14410  19.894  -31.628  38.873 0.3000000119
14031  18.709  -32.915  38.906 0.4000000060
59698  17.965  -33.049  39.390 0.4000000060
13351  17.140  -35.192  39.234 0.4000000060
13698  17.571  -34.428  39.070 0.4000000060
11645  24.285  -39.790  35.667 0.3000000119
13707  18.241  -34.528  38.504 0.4000000060
13350  17.768  -35.241  38.724 0.4000000060
59252  23.628  -39.451  35.838 0.3000000119
13369  19.659  -35.649  37.227 0.4000000060
13354  19.078  -35.516  37.614 0.4000000060
13035  20.032  -36.198  37.086 0.4000000060
13036  19.297  -36.124  37.323 0.4000000060
11970  22.148  -38.354  36.347 0.4000000060
49166  20.951  -38.291  36.517 0.4000000060
12321  21.029  -37.597  36.743 0.4000000060
16274  27.093  -27.696  39.665 0.2000000030
15893  27.229  -28.447  39.684 0.2000000030
16281  20.088  -27.202  40.831 0.4000000060
15508  26.979  -29.095  39.704 0.3000000119
58318  20.778  -27.539  40.477 0.3000000119
15142  27.258  -30.149  39.168 0.6000000238
15133  26.772  -29.718  39.556 0.6000000238
49258  25.963  -46.981  30.533 0.1000000015
14417  27.366  -31.829  37.859 0.6000000238
14405  27.054  -31.295  38.408 0.6000000238
8555  28.398  -48.769  29.324 0.1000000015
9567  26.217  -46.219  30.679 0.2000000030
9903  25.725  -45.603  31.001 0.2000000030
14038  26.868  -32.477  37.532 0.6000000238
10240  25.623  -44.180  31.610 0.2000000030
13712  26.790  -33.921  36.726 0.6000000238
15147  21.630  -29.854  39.053 0.4000000060
10560  25.644  -42.447  32.917 0.2000000030
54091  25.693  -41.795  33.665 0.3000000119
11275  25.985  -40.788  34.686 0.3000000119
11265  25.610  -40.361  35.173 0.3000000119
14782  21.220  -30.588  38.829 0.5000000000
11644  25.235  -39.830  35.607 0.3000000119
11632  25.698  -39.241  35.831 0.4000000060
14409  20.854  -31.356  38.573 0.5000000000
14424  20.515  -32.162  38.287 0.5000000000
14425  19.588  -32.446  38.563 0.5000000000
14046  18.097  -33.705  38.936 0.4000000060
14045  20.184  -33.006  37.996 0.5000000000
51692  19.379  -33.196  38.273 0.4000000060
54125  18.812  -33.800  38.331 0.4000000060
13705  19.737  -33.949  37.736 0.4000000060
13706  18.967  -34.678  37.920 0.4000000060
11634  24.134  -39.120  36.025 0.3000000119
13719  20.529  -34.548  37.190 0.4000000060
13720  19.673  -34.945  37.359 0.4000000060
11980  23.379  -38.987  36.064 0.4000000060
13367  21.257  -35.181  37.005 0.4000000060
13368  20.341  -35.434  37.092 0.4000000060
12665  21.680  -37.129  36.797 0.5000000000
13034  20.950  -36.039  36.983 0.4000000060
15894  26.590  -28.652  39.832 0.2000000030
15900  21.076  -28.048  40.164 0.4000000060
15520  27.428  -29.518  39.394 0.6000000238
15514  21.515  -28.598  39.709 0.3000000119
15513  22.593  -28.520  39.443 0.4000000060
8882  27.106  -48.019  29.989 0.2000000030
9220  26.515  -47.517  30.264 0.2000000030
15523  22.095  -29.159  39.254 0.4000000060
15143  26.535  -30.406  39.217 0.5000000000
14781  22.274  -30.455  38.676 0.4000000060
9894  26.055  -44.813  31.186 0.2000000030
14037  27.447  -32.635  37.273 0.6000000238
14776  27.122  -30.761  38.821 0.6999999881
8891  28.483  -48.078  29.563 0.1000000015
10230  26.002  -43.433  31.941 0.2000000030
56326  25.627  -43.001  32.410 0.2000000030
14418  26.583  -31.775  38.149 0.5000000000
14792  21.874  -31.180  38.397 0.4000000060
49157  29.175  -47.637  29.449 0.1000000015
11264  26.361  -40.209  35.048 0.3000000119
11986  26.809  -38.891  35.495 0.4000000060
11643  26.007  -39.769  35.480 0.4000000060
13040  26.828  -35.856  36.054 0.5000000000
13361  26.763  -34.923  36.324 0.6000000238
14423  21.508  -31.958  38.104 0.5000000000
11977  26.198  -38.554  35.863 0.4000000060
12669  26.619  -36.799  35.933 0.6000000238
11978  25.362  -38.628  36.091 0.4000000060
14044  21.157  -32.779  37.794 0.5000000000
11633  24.908  -39.235  35.957 0.4000000060
14054  20.799  -33.628  37.452 0.5000000000
13033  21.881  -35.853  36.917 0.4000000060
11968  23.887  -38.569  36.261 0.3000000119
11969  23.096  -38.448  36.301 0.3000000119
12320  21.891  -37.762  36.620 0.4000000060
52335  22.312  -36.556  36.846 0.5000000000
12319  22.839  -37.876  36.545 0.5000000000
12664  22.596  -37.245  36.737 0.5000000000
14775  27.638  -30.498  38.761 0.6000000238
15146  22.715  -29.771  38.926 0.4000000060
49260  26.718  -46.783  30.399 0.2000000030
8892  27.753  -48.431  29.673 0.1000000015
9902  26.513  -45.450  30.821 0.2000000030
14406  26.569  -31.076  38.716 0.5000000000
10568  26.337  -42.649  32.433 0.2000000030
10910  26.556  -41.555  33.489 0.2000000030
14422  22.514  -31.831  38.055 0.5000000000
49930  29.981  -47.029  29.320 0.1000000015
13362  26.139  -34.644  36.545 0.5000000000
14043  22.160  -32.623  37.704 0.5000000000
9573  30.501  -46.170  29.340 0.1000000015
9225  30.936  -46.794  29.062 0.1000000015
12328  25.696  -37.901  36.131 0.4000000060
12670  25.960  -37.091  36.169 0.6000000238
9572  31.299  -46.063  29.102 0.1000000015
14052  22.817  -33.354  37.304 0.5000000000
14053  21.791  -33.422  37.361 0.5000000000
9571  32.108  -46.067  28.934 0.1000000015
13717  23.001  -34.163  37.030 0.5000000000
13366  22.321  -34.895  36.964 0.5000000000
9918  32.719  -45.392  28.958 0.1000000015
13718  21.499  -34.270  37.114 0.5000000000
11979  24.606  -38.644  36.197 0.3000000119
15509  26.225  -29.165  39.784 0.2000000030
14789  27.591  -31.067  38.353 0.6000000238
14780  23.313  -30.426  38.703 0.4000000060
15134  26.099  -29.846  39.576 0.4000000060
14791  22.894  -31.100  38.388 0.5000000000
10239  26.415  -44.035  31.432 0.2000000030
13711  27.549  -33.495  36.784 0.6000000238
56867  26.092  -31.392  38.551 0.5000000000
10575  26.818  -43.275  31.767 0.2000000030
10917  26.211  -42.051  33.059 0.2000000030
10899  26.273  -41.168  34.119 0.3000000119
14039  26.207  -32.495  37.641 0.6000000238
14421  23.464  -31.753  38.117 0.5000000000
13713  26.074  -33.805  36.908 0.6000000238
14042  23.136  -32.503  37.727 0.5000000000
13029  26.145  -35.587  36.304 0.5000000000
58221  23.375  -33.688  37.129 0.5000000000
52660  30.931  -45.565  29.349 0.2000000030
50388  31.731  -45.166  29.247 0.1000000015
13365  23.360  -34.930  36.889 0.5000000000
12329  24.944  -38.050  36.311 0.3000000119
13032  22.856  -35.794  36.867 0.5000000000
58322  32.576  -44.660  29.179 0.1000000015
12330  24.315  -38.174  36.382 0.3000000119
12318  23.687  -38.009  36.482 0.3000000119
51612  23.234  -36.607  36.784 0.5000000000
16276  24.678  -27.473  39.669 0.2000000030
51336  26.541  -28.092  39.837 0.1000000015
15895  25.923  -28.399  39.826 0.2000000030
15141  27.962  -29.899  38.930 0.6999999881
14429  27.852  -32.172  37.404 0.6999999881
9219  27.277  -47.256  30.140 0.2000000030
14777  25.969  -30.877  38.985 0.5000000000
14767  25.869  -30.339  39.326 0.4000000060
15510  25.672  -29.440  39.666 0.2000000030
14790  23.856  -31.095  38.498 0.5000000000
9893  26.839  -44.677  30.993 0.2000000030
14048  27.976  -32.815  36.983 0.6000000238
10916  26.860  -41.960  32.811 0.2000000030
11284  26.970  -40.979  33.898 0.3000000119
14419  25.828  -31.922  38.134 0.6000000238
9227  28.527  -47.433  29.720 0.2000000030
9226  29.015  -46.842  29.687 0.2000000030
11653  27.038  -39.979  34.831 0.4000000060
13724  27.982  -34.134  36.380 0.6000000238
14040  25.418  -32.649  37.584 0.6000000238
14051  23.875  -33.178  37.361 0.5000000000
9574  29.638  -46.136  29.635 0.2000000030
12334  26.887  -38.136  35.601 0.4000000060
12326  27.048  -37.302  35.638 0.6000000238
13039  27.518  -35.654  35.866 0.6000000238
51574  25.408  -35.293  36.547 0.5000000000
58501  25.605  -34.384  36.729 0.5000000000
9910  30.213  -45.379  29.606 0.2000000030
58781  25.509  -36.388  36.385 0.6000000238
13716  23.742  -34.101  36.995 0.5000000000
9909  30.904  -45.016  29.494 0.2000000030
12671  25.226  -37.317  36.360 0.5000000000
10252  31.206  -44.382  29.580 0.2000000030
10251  32.064  -44.154  29.438 0.2000000030
9908  33.306  -44.694  28.981 0.2000000030
10250  33.019  -43.881  29.287 0.2000000030
12663  23.495  -37.359  36.662 0.5000000000
57534  25.982  -27.825  39.827 0.2000000030
15152  28.636  -29.862  38.479 0.6999999881
15518  28.546  -28.813  38.991 0.5000000000
14788  28.205  -30.568  38.329 0.6000000238
8881  27.875  -47.694  29.864 0.2000000030
14416  28.134  -31.450  37.756 0.6999999881
15135  25.450  -29.910  39.448 0.4000000060
50898  27.355  -46.594  30.262 0.2000000030
9566  26.969  -46.063  30.500 0.2000000030
14407  25.427  -31.343  38.605 0.5000000000
9901  27.284  -45.317  30.608 0.2000000030
13710  28.138  -33.459  36.635 0.6999999881
10238  27.206  -43.925  31.218 0.2000000030
10567  27.228  -42.509  32.143 0.2000000030
13373  27.260  -35.146  36.121 0.6000000238
13372  27.789  -34.903  36.082 0.6000000238
13714  25.345  -33.636  37.042 0.5000000000
10909  27.263  -41.355  33.223 0.3000000119
11641  27.336  -39.189  35.033 0.4000000060
12333  27.459  -37.779  35.298 0.6000000238
9911  29.421  -45.423  29.850 0.2000000030
13044  27.782  -36.142  35.566 0.6999999881
13364  24.214  -34.773  36.822 0.5000000000
10254  29.688  -44.738  29.933 0.2000000030
10253  30.435  -44.576  29.741 0.2000000030
10588  30.632  -43.831  29.886 0.2000000030
10587  31.455  -43.551  29.742 0.2000000030
12662  24.809  -36.832  36.534 0.5000000000
13031  23.906  -35.773  36.768 0.5000000000
10586  32.350  -43.280  29.617 0.2000000030
12317  24.384  -37.520  36.522 0.5000000000
10585  33.200  -42.986  29.496 0.2000000030
15151  29.229  -29.800  38.021 0.8000000119
57303  28.459  -29.393  38.855 0.6999999881
14787  28.800  -30.321  38.053 0.6999999881
14795  28.652  -30.856  37.793 0.6999999881
14428  28.358  -32.177  37.105 0.6999999881
14778  25.216  -30.571  39.062 0.5000000000
9218  28.069  -46.829  29.993 0.2000000030
50223  25.118  -31.941  38.140 0.6000000238
9565  27.736  -45.984  30.270 0.2000000030
14041  24.598  -32.501  37.761 0.5000000000
14050  24.769  -33.161  37.337 0.5000000000
10915  27.601  -41.783  32.525 0.3000000119
11273  27.339  -40.380  34.252 0.3000000119
57334  27.280  -38.496  35.286 0.5000000000
12332  28.045  -37.356  34.944 0.5000000000
12674  27.642  -36.893  35.381 0.6000000238
50689  24.668  -35.316  36.688 0.5000000000
10927  30.966  -42.112  30.298 0.2000000030
10578  30.772  -42.995  30.087 0.2000000030
11661  31.508  -39.617  30.777 0.2000000030
11671  31.364  -40.423  30.616 0.2000000030
11300  31.189  -41.252  30.469 0.2000000030
10926  31.921  -41.844  30.143 0.2000000030
10936  31.686  -42.695  29.937 0.2000000030
51046  24.113  -36.725  36.672 0.5000000000
12354  32.548  -38.614  30.695 0.2000000030
10935  32.619  -42.430  29.836 0.2000000030
58040  33.682  -43.382  29.260 0.2000000030
12345  31.837  -37.992  31.105 0.4000000060
12009  32.378  -39.404  30.594 0.2000000030
10925  32.876  -41.604  30.086 0.2000000030
12344  32.736  -37.774  30.830 0.4000000060
12686  32.865  -36.917  31.031 0.5000000000
15155  29.722  -29.837  37.565 0.8000000119
14794  29.242  -30.492  37.504 0.8000000119
14427  28.867  -31.422  37.182 0.6999999881
14057  28.509  -32.957  36.657 0.8000000119
9575  28.688  -45.907  29.979 0.2000000030
10246  27.598  -44.553  30.772 0.2000000030
13723  28.601  -33.834  36.243 0.6999999881
9900  28.069  -45.159  30.327 0.2000000030
10237  27.868  -43.899  30.962 0.2000000030
10574  27.738  -43.160  31.436 0.2000000030
13038  28.178  -35.417  35.694 0.6999999881
13715  24.509  -33.898  37.028 0.5000000000
9899  28.900  -44.934  30.155 0.2000000030
10580  28.482  -43.531  30.859 0.2000000030
10573  28.556  -42.727  31.227 0.3000000119
10921  28.025  -42.276  31.846 0.2000000030
11288  27.945  -41.128  32.901 0.3000000119
11652  27.645  -39.722  34.507 0.4000000060
11985  27.831  -38.370  34.871 0.4000000060
12673  28.331  -36.289  35.168 0.6999999881
13363  24.978  -34.557  36.785 0.5000000000
59633  29.978  -44.107  30.007 0.2000000030
10914  28.314  -41.542  32.195 0.3000000119
11282  28.251  -40.471  33.230 0.4000000060
11651  28.187  -39.426  34.137 0.4000000060
10243  29.962  -43.408  30.260 0.2000000030
11655  28.507  -39.776  33.501 0.4000000060
11989  28.341  -38.692  34.329 0.4000000060
12336  28.475  -37.856  34.480 0.6000000238
13030  24.749  -36.081  36.602 0.5000000000
11659  28.847  -40.137  32.791 0.4000000060
11993  28.721  -39.042  33.737 0.4000000060
12677  28.718  -36.954  34.614 0.6999999881
11299  32.142  -41.001  30.321 0.2000000030
11999  31.660  -38.816  30.944 0.3000000119
11670  32.270  -40.180  30.462 0.2000000030
10924  33.614  -42.191  29.762 0.2000000030
59016  33.873  -42.831  29.405 0.2000000030
11298  33.175  -40.720  30.299 0.2000000030
50039  33.690  -41.414  30.081 0.2000000030
53166  34.506  -41.645  29.906 0.2000000030
13056  32.853  -35.988  31.333 0.5000000000
15158  30.617  -29.924  36.620 0.6999999881
15159  29.945  -30.247  37.039 0.6999999881
14797  30.221  -30.713  36.364 0.6999999881
14798  29.571  -31.019  36.828 0.6999999881
14802  29.843  -31.506  36.186 0.6999999881
55122  29.306  -31.702  36.569 0.6999999881
14056  29.066  -33.096  36.211 0.6999999881
14432  28.917  -32.285  36.639 0.6999999881
13371  28.338  -34.642  35.998 0.6999999881
10245  28.348  -44.346  30.556 0.3000000119
57596  28.563  -34.979  35.725 0.6999999881
10244  29.213  -44.012  30.328 0.2000000030
10579  29.217  -43.076  30.700 0.2000000030
10929  29.168  -42.375  31.009 0.3000000119
10928  29.964  -42.446  30.581 0.2000000030
11293  28.994  -41.257  31.795 0.3000000119
11287  28.596  -40.847  32.511 0.3000000119
11301  30.280  -41.518  30.760 0.2000000030
11997  29.064  -39.392  33.039 0.4000000060
12339  28.904  -38.263  33.948 0.4000000060
12000  30.844  -39.084  31.337 0.3000000119
12687  32.047  -37.183  31.284 0.4000000060
12353  33.472  -38.452  30.580 0.3000000119
12008  33.259  -39.264  30.508 0.2000000030
11669  33.017  -39.924  30.446 0.2000000030
11668  33.931  -40.005  30.414 0.2000000030
12694  33.738  -37.537  30.663 0.3000000119
13055  33.652  -35.762  31.006 0.5000000000
15162  31.671  -29.958  35.573 0.8000000119
15157  31.298  -29.570  36.205 0.8000000119
15163  30.940  -30.361  35.936 0.6999999881
14801  30.552  -31.303  35.616 0.6999999881
14435  30.071  -32.019  35.727 0.6999999881
14800  31.365  -30.758  35.254 0.6999999881
14431  29.521  -32.347  36.088 0.6999999881
59761  29.988  -32.624  35.602 0.6999999881
14060  29.636  -33.193  35.735 0.6999999881
13722  29.238  -33.884  35.819 0.6999999881
13370  28.839  -34.547  35.778 0.6999999881
13375  29.372  -34.589  35.390 0.6999999881
13377  29.483  -35.200  34.978 0.6999999881
13043  28.854  -35.291  35.358 0.6999999881
10919  29.455  -41.739  31.143 0.2000000030
13047  29.212  -36.036  34.724 0.6999999881
11292  29.700  -40.967  31.347 0.2000000030
11286  29.234  -40.523  32.054 0.3000000119
11291  30.494  -40.688  30.934 0.2000000030
11663  29.913  -40.193  31.574 0.3000000119
11658  29.456  -39.774  32.309 0.3000000119
11992  29.285  -38.628  33.292 0.4000000060
12335  29.085  -37.459  34.132 0.6999999881
12346  31.035  -38.267  31.555 0.3000000119
59397  32.247  -36.513  31.451 0.5000000000
11297  34.189  -40.860  30.226 0.2000000030
13384  33.226  -34.994  31.465 0.5000000000
13061  33.652  -36.556  30.853 0.4000000060
15165  33.739  -28.962  34.601 0.6999999881
15541  33.047  -29.221  34.939 0.6999999881
15166  32.788  -29.913  34.655 0.6999999881
15161  32.367  -29.567  35.239 0.8000000119
15167  32.100  -30.320  34.948 0.6999999881
14805  31.871  -31.098  34.642 0.6999999881
14806  31.200  -31.605  34.922 0.6999999881
14434  30.539  -32.317  35.161 0.6999999881
14804  32.560  -30.657  34.324 0.6999999881
14063  30.772  -33.127  34.680 0.6999999881
13726  30.370  -33.891  34.802 0.6999999881
13727  29.804  -33.914  35.344 0.6999999881
13374  29.939  -34.617  34.900 0.6999999881
13046  30.000  -35.431  34.401 0.6999999881
12676  29.281  -36.759  34.286 0.6999999881
12001  30.116  -39.413  31.814 0.3000000119
11995  30.325  -38.616  32.064 0.3000000119
11996  29.674  -39.004  32.564 0.3000000119
12338  29.478  -37.832  33.531 0.4000000060
12688  31.264  -37.421  31.763 0.4000000060
12341  30.543  -37.773  32.317 0.4000000060
12342  29.883  -38.202  32.818 0.4000000060
53253  34.014  -33.502  31.626 0.6000000238
13385  32.446  -35.316  31.841 0.5000000000
13057  32.013  -35.922  31.868 0.6000000238
12682  31.587  -36.620  31.894 0.4000000060
13738  33.282  -33.993  31.840 0.6000000238
12693  34.367  -37.006  30.628 0.4000000060
13390  34.142  -35.181  30.961 0.4000000060
15540  34.510  -28.712  34.261 0.8999999762
59274  33.387  -29.567  34.441 0.6999999881
15545  34.973  -29.199  33.658 0.8999999762
15171  34.086  -29.601  33.975 0.8999999762
15172  33.278  -30.191  34.050 0.6999999881
57789  31.717  -31.792  34.395 0.6999999881
14438  31.256  -32.395  34.527 0.6999999881
14809  33.073  -31.018  33.706 0.6999999881
14810  32.315  -31.468  34.011 0.6999999881
14437  31.960  -32.400  33.867 0.6999999881
14062  31.365  -33.103  34.106 0.6999999881
51899  33.927  -30.569  33.419 0.8000000119
14441  32.870  -31.949  33.304 0.6999999881
13376  30.531  -34.589  34.302 0.6999999881
13050  29.782  -36.300  34.105 0.6999999881
14449  34.042  -32.582  32.039 0.6999999881
14068  33.183  -32.667  32.602 0.6999999881
12680  29.647  -37.048  33.783 0.6000000238
14072  33.409  -33.212  32.052 0.6999999881
13381  32.418  -34.481  32.242 0.6000000238
12684  30.067  -37.359  33.080 0.4000000060
13737  33.985  -34.356  31.315 0.5000000000
13060  34.496  -36.141  30.675 0.4000000060
15929  35.263  -28.410  33.900 0.8000000119
15925  34.830  -27.840  34.457 0.8000000119
15544  35.720  -28.855  33.360 0.6999999881
15169  35.479  -29.608  33.074 0.8000000119
15170  34.728  -29.995  33.300 0.8000000119
13730  30.951  -33.813  34.215 0.6999999881
15176  35.272  -30.360  32.731 0.8000000119
14808  34.621  -30.663  32.926 0.8000000119
14814  34.187  -31.235  32.815 0.6999999881
14444  33.681  -31.907  32.687 0.6999999881
52198  30.671  -35.270  33.747 0.6999999881
14069  32.759  -33.504  32.478 0.6999999881
13049  30.290  -35.913  33.808 0.6999999881
14813  34.992  -31.189  32.368 0.8000000119
14443  34.382  -31.796  32.330 0.6999999881
14448  35.038  -32.118  31.787 0.6999999881
14071  34.762  -33.045  31.458 0.6000000238
12692  35.205  -37.077  30.442 0.4000000060
13389  34.990  -35.295  30.687 0.4000000060
51455  35.509  -36.113  30.436 0.4000000060
15543  36.418  -28.532  33.045 0.6999999881
14066  31.821  -33.184  33.586 0.6999999881
15548  36.164  -29.258  32.819 0.6999999881
14065  32.414  -32.916  33.146 0.6999999881
13729  31.444  -33.671  33.713 0.6999999881
13732  31.938  -33.820  33.069 0.6999999881
13733  31.196  -34.435  33.570 0.6999999881
13378  31.693  -34.634  32.850 0.6999999881
13379  31.220  -35.242  33.037 0.6999999881
13053  30.760  -35.964  33.213 0.6000000238
12679  30.225  -36.569  33.454 0.6000000238
13382  31.840  -35.254  32.390 0.6000000238
13052  31.357  -35.965  32.509 0.6000000238
14820  35.640  -31.456  31.838 0.8000000119
12683  30.810  -36.804  32.609 0.5000000000
14070  35.464  -32.755  31.282 0.6999999881
13388  35.800  -35.270  30.472 0.4000000060
13736  34.685  -33.902  31.163 0.6000000238
13743  35.378  -34.450  30.760 0.5000000000
13744  34.629  -34.628  30.954 0.5000000000
15928  35.974  -28.098  33.574 0.6999999881
15924  35.525  -27.741  34.010 0.6000000238
16308  36.165  -27.222  33.769 0.6999999881
15927  36.678  -27.780  33.233 0.6999999881
15174  36.816  -28.961  32.500 0.6999999881
15547  37.527  -28.670  32.103 0.6999999881
15175  35.982  -29.978  32.518 0.8000000119
57890  36.537  -29.595  32.341 0.8000000119
15180  36.595  -30.285  31.898 0.8000000119
14812  35.807  -30.740  32.166 0.8000000119
14819  36.333  -31.176  31.601 0.8000000119
14446  36.915  -31.645  31.059 0.8000000119
14447  36.034  -32.097  31.299 0.6999999881
14454  36.807  -32.581  30.780 0.8000000119
14075  37.461  -33.068  30.342 0.6999999881
14077  36.094  -33.057  30.916 0.6999999881
14076  36.771  -33.515  30.523 0.6999999881
12012  38.794  -39.214  29.147 0.1000000015
11673  39.092  -39.658  28.838 0.1000000015
51080  40.177  -40.302  27.806 0.1000000015
16313  37.331  -27.544  32.914 0.8000000119
16306  37.893  -26.899  32.900 0.6000000238
15933  37.117  -28.211  32.704 0.6999999881
16307  37.032  -27.049  33.315 0.6999999881
15552  37.123  -29.487  31.931 0.6999999881
15179  37.382  -30.159  31.355 0.8000000119
14818  36.996  -30.859  31.337 0.8000000119
14817  37.761  -31.034  30.752 0.8000000119
14074  38.109  -32.644  30.099 0.6999999881
14453  37.542  -32.137  30.559 0.8000000119
57457  38.600  -33.067  29.720 0.6000000238
14081  38.076  -33.543  29.911 0.5000000000
13740  37.417  -33.990  30.138 0.5000000000
13748  38.047  -34.568  29.705 0.5000000000
13749  37.365  -34.761  30.000 0.5000000000
13393  37.644  -35.430  29.782 0.5000000000
13392  38.329  -35.496  29.434 0.5000000000
56933  35.400  -33.508  31.005 0.6000000238
13742  36.079  -33.938  30.661 0.5000000000
54384  36.082  -34.654  30.494 0.5000000000
13741  36.731  -34.475  30.310 0.5000000000
12698  38.276  -37.099  29.470 0.5000000000
13063  38.643  -36.313  29.228 0.4000000060
52808  36.418  -35.955  30.219 0.5000000000
12699  37.512  -36.986  29.838 0.5000000000
12348  38.690  -37.879  29.296 0.3000000119
12356  39.807  -38.474  28.571 0.1000000015
12002  38.400  -38.650  29.461 0.3000000119
12357  39.105  -38.548  29.035 0.1000000015
12011  39.444  -39.148  28.730 0.1000000015
11679  39.690  -39.815  28.366 0.1000000015
16666  36.713  -26.420  33.706 0.5000000000
16312  38.681  -27.069  32.339 0.6999999881
15932  37.926  -27.770  32.378 0.6000000238
15938  38.297  -28.339  31.709 0.8000000119
15551  37.929  -29.274  31.386 0.8000000119
15183  38.004  -30.063  30.910 0.8000000119
14823  38.612  -31.213  30.088 0.8000000119
14452  38.160  -31.846  30.254 0.8000000119
14458  38.797  -32.199  29.757 0.8000000119
14080  39.204  -33.024  29.348 0.5000000000
13747  38.793  -33.911  29.432 0.5000000000
54121  38.716  -34.828  29.306 0.5000000000
13398  39.011  -35.524  29.042 0.5000000000
13069  39.337  -36.317  28.828 0.5000000000
12697  39.009  -37.096  29.047 0.2000000030
12696  39.426  -37.807  28.836 0.1000000015
16672  38.754  -26.356  32.744 0.5000000000
15931  38.647  -27.669  31.926 0.6999999881
16320  39.300  -27.240  31.773 0.6999999881
15550  38.748  -28.728  31.043 0.8000000119
15556  38.549  -29.533  30.704 0.8000000119
15182  38.505  -30.348  30.409 0.8000000119
57079  39.011  -29.787  30.180 0.8000000119
15188  39.184  -30.483  29.841 0.8000000119
14826  39.340  -31.374  29.528 0.8000000119
14457  39.583  -32.215  29.231 0.8000000119
13746  39.482  -33.710  29.052 0.5000000000
13754  39.411  -34.612  28.941 0.5000000000
13397  39.714  -35.532  28.649 0.3000000119
12703  39.700  -37.039  28.630 0.2000000030
50846  40.244  -36.915  28.282 0.1000000015
12702  40.194  -37.676  28.323 0.1000000015
50657  40.081  -25.762  32.443 0.5000000000
16671  39.390  -25.929  32.677 0.5000000000
16311  39.543  -26.471  32.219 0.8000000119
15937  39.048  -27.950  31.393 0.8000000119
15946  39.534  -28.268  30.739 0.8000000119
15555  39.215  -29.054  30.350 0.8000000119
15564  39.770  -29.611  29.746 0.8000000119
15187  40.019  -30.632  29.234 0.8000000119
14825  39.945  -31.530  29.100 0.8000000119
14834  40.581  -31.322  28.788 0.8000000119
14462  40.270  -32.128  28.794 0.8000000119
14085  39.968  -33.025  28.848 0.5000000000
13753  40.031  -33.962  28.666 0.4000000060
54930  40.161  -34.787  28.468 0.4000000060
13752  40.850  -34.812  28.035 0.3000000119
13396  40.414  -35.595  28.229 0.3000000119
13068  39.994  -36.309  28.436 0.2000000030
12701  40.737  -37.096  27.960 0.1000000015
16310  40.489  -26.155  31.898 0.6000000238
16319  40.094  -26.829  31.565 0.8000000119
15936  39.819  -27.523  31.164 0.8000000119
15554  40.032  -28.669  30.086 0.8000000119
59373  40.522  -29.077  29.605 0.6999999881
15186  40.644  -29.761  29.232 0.8000000119
14461  40.969  -31.993  28.389 0.6999999881
52029  40.620  -32.686  28.476 0.4000000060
14090  41.285  -32.840  27.986 0.6000000238
14084  40.599  -33.437  28.365 0.4000000060
53726  41.133  -33.914  27.940 0.4000000060
13759  41.653  -34.659  27.528 0.3000000119
13402  41.171  -35.710  27.739 0.3000000119
16995  41.317  -24.840  32.537 0.5000000000
16670  40.929  -25.518  32.219 0.6000000238
16328  40.518  -27.146  31.029 0.8000000119
15945  40.480  -27.836  30.524 0.8000000119
15955  40.901  -28.432  29.876 0.8000000119
15563  41.355  -29.053  29.268 0.8000000119
15573  41.359  -29.838  28.940 0.6999999881
15195  40.953  -30.506  28.857 0.6999999881
15194  41.773  -30.366  28.594 0.6999999881
14833  41.362  -31.161  28.429 0.6999999881
14832  42.189  -30.978  28.112 0.6999999881
14460  41.722  -31.828  27.958 0.6999999881
14466  42.171  -32.483  27.481 0.5000000000
14089  41.865  -33.547  27.487 0.4000000060
57605  42.266  -34.138  27.144 0.3000000119
13758  42.328  -34.910  27.086 0.3000000119
16676  41.399  -25.955  31.682 0.8000000119
16318  40.947  -26.590  31.328 0.6999999881
16317  41.875  -26.496  31.166 0.8000000119
16327  41.351  -27.190  30.729 0.8000000119
15943  42.086  -27.626  30.254 0.8000000119
15944  41.314  -27.843  30.205 0.8000000119
15954  41.786  -28.295  29.759 0.6999999881
15572  42.086  -29.594  28.886 0.6999999881
15193  42.659  -30.168  28.447 0.6999999881
14831  43.156  -30.846  27.817 0.6999999881
14840  42.455  -31.584  27.645 0.6999999881
56541  43.092  -31.900  27.159 0.3000000119
14088  42.702  -33.234  26.938 0.3000000119
14853  48.663  -31.382  23.485 0.3000000119
14087  43.522  -32.622  26.608 0.3000000119
14850  47.599  -31.256  24.643 0.2000000030
13757  42.811  -34.318  26.787 0.2000000030
16994  42.107  -24.795  32.278 0.6999999881
16675  42.342  -25.864  31.559 0.8000000119
16326  42.264  -27.015  30.698 0.8000000119
15942  43.066  -27.375  30.351 0.6999999881
15953  42.701  -28.136  29.793 0.6999999881
15562  42.364  -28.842  29.304 0.6999999881
15571  42.970  -29.381  28.888 0.6999999881
15192  43.681  -29.871  28.439 0.6999999881
14830  44.139  -30.498  27.857 0.6999999881
55693  43.794  -31.146  27.382 0.4000000060
55019  43.990  -31.688  26.879 0.5000000000
15595  51.643  -30.137  20.327 0.1000000015
52889  48.870  -30.600  23.758 0.2000000030
14849  48.324  -30.713  24.320 0.3000000119
15219  50.644  -30.342  21.838 0.1000000015
14856  50.324  -30.899  22.081 0.1000000015
52888  49.889  -30.702  22.611 0.1000000015
14852  49.347  -30.856  23.114 0.2000000030
15213  48.777  -29.977  24.215 0.3000000119
14846  47.236  -30.713  25.447 0.4000000060
14847  46.605  -31.018  25.705 0.3000000119
14468  45.983  -31.307  25.916 0.2000000030
57149  43.810  -33.012  26.290 0.2000000030
14473  46.287  -31.836  25.267 0.2000000030
14470  44.238  -32.347  26.305 0.2000000030
54012  42.658  -24.448  32.297 0.6999999881
17001  43.226  -25.781  31.444 0.8000000119
16316  42.903  -26.510  31.016 0.8000000119
16325  43.783  -26.809  30.652 0.6000000238
15952  43.593  -28.059  29.777 0.6999999881
15561  43.242  -28.695  29.337 0.6999999881
15570  43.680  -29.157  28.957 0.6999999881
15987  51.919  -28.424  18.022 0.1000000015
15185  44.359  -29.211  28.798 0.6999999881
15604  52.295  -29.430  18.204 0.1000000015
15191  44.617  -29.832  28.293 0.6999999881
15601  52.129  -29.651  18.867 0.1000000015
15569  45.202  -29.192  28.600 0.6999999881
54119  45.225  -29.807  28.127 0.6000000238
14829  44.891  -30.319  27.791 0.6000000238
57796  51.974  -29.849  19.405 0.1000000015
15190  45.748  -29.529  28.136 0.6999999881
14839  44.485  -30.938  27.321 0.5000000000
57763  52.024  -30.322  19.732 0.1000000015
15189  46.313  -29.232  28.042 0.6000000238
15199  46.094  -29.839  27.639 0.5000000000
14838  45.159  -30.678  27.280 0.4000000060
15596  51.336  -29.527  20.436 0.1000000015
15198  46.640  -29.474  27.540 0.5000000000
14836  46.401  -30.157  26.968 0.4000000060
14837  45.765  -30.431  27.207 0.4000000060
14465  44.766  -31.402  26.713 0.4000000060
15222  51.535  -30.613  20.702 0.1000000015
15580  47.480  -29.016  26.918 0.5000000000
14842  46.936  -30.236  26.268 0.5000000000
14844  45.867  -30.817  26.587 0.4000000060
14464  45.382  -30.945  26.813 0.2000000030
55505  50.807  -29.862  21.554 0.1000000015
15215  50.185  -30.172  22.420 0.1000000015
15216  49.715  -30.088  23.030 0.2000000030
15212  49.230  -30.052  23.621 0.2000000030
15208  48.360  -29.828  24.889 0.3000000119
15204  48.004  -29.663  25.516 0.4000000060
59576  44.776  -31.941  26.241 0.2000000030
15593  50.422  -29.598  22.098 0.1000000015
15586  49.059  -29.420  24.002 0.2000000030
15587  48.725  -29.194  24.596 0.3000000119
14469  45.297  -31.553  26.203 0.2000000030
55407  50.167  -28.758  22.368 0.1000000015
15589  49.955  -29.389  22.768 0.1000000015
15976  49.654  -28.405  23.163 0.2000000030
15973  49.068  -28.552  24.066 0.2000000030
15975  49.987  -27.993  22.599 0.1000000015
18878  53.853  -20.190  23.982 0.4000000060
57764  43.228  -24.613  32.002 0.6999999881
17352  43.162  -24.111  32.200 0.6999999881
16993  43.703  -25.102  31.609 0.8000000119
59331  43.894  -25.755  31.236 0.8000000119
16315  43.653  -26.220  31.058 0.6999999881
15941  44.025  -27.480  30.147 0.6999999881
15940  44.666  -27.551  29.948 0.6000000238
15951  44.386  -28.049  29.673 0.6999999881
15560  44.031  -28.629  29.300 0.6999999881
15949  45.827  -27.642  29.393 0.6999999881
16333  45.202  -27.259  29.925 0.6999999881
15559  44.788  -28.576  29.171 0.6999999881
15558  45.528  -28.416  29.027 0.6999999881
15948  46.424  -27.655  29.025 0.8000000119
15960  46.192  -28.218  28.844 0.8000000119
16362  51.756  -27.417  17.624 0.1000000015
16336  46.863  -27.298  28.840 0.8000000119
15568  45.950  -28.888  28.526 0.6999999881
15958  47.205  -27.600  28.297 0.8000000119
15567  46.531  -28.623  28.348 0.6999999881
15598  51.656  -29.660  19.924 0.1000000015
15965  47.487  -28.382  27.420 0.6000000238
15566  47.065  -28.355  28.007 0.6000000238
15579  47.893  -28.311  26.770 0.5000000000
52704  50.962  -28.961  20.814 0.1000000015
15978  50.563  -28.152  21.240 0.1000000015
59647  48.191  -27.974  26.469 0.5000000000
15592  50.604  -29.052  21.560 0.1000000015
15979  50.241  -28.099  21.958 0.1000000015
16345  48.748  -27.620  25.343 0.5000000000
15967  48.200  -28.373  26.106 0.5000000000
16351  49.777  -27.406  23.094 0.1000000015
15969  48.959  -27.767  24.623 0.4000000060
15970  48.716  -28.386  24.943 0.5000000000
16348  49.348  -27.443  23.921 0.3000000119
18491  53.500  -20.840  23.790 0.3000000119
17357  44.461  -24.695  31.407 0.8000000119
16674  44.451  -25.426  31.142 0.8000000119
57105  44.070  -23.529  31.864 0.6999999881
16680  44.398  -26.222  30.817 0.8000000119
16324  44.556  -26.988  30.333 0.6999999881
17356  44.551  -23.940  31.519 0.8000000119
17355  45.107  -24.360  31.100 0.8000000119
17005  45.167  -25.715  30.688 0.8000000119
16323  45.169  -26.528  30.327 0.6999999881
16332  45.816  -26.836  29.843 0.6999999881
16331  46.401  -27.074  29.354 0.8000000119
15599  51.253  -28.944  20.164 0.1000000015
15980  50.867  -28.144  20.548 0.1000000015
16354  50.341  -27.278  21.708 0.1000000015
16350  50.072  -27.296  22.412 0.1000000015
52882  50.028  -26.584  22.976 0.1000000015
18487  53.303  -20.507  24.500 0.4000000060
58512  54.143  -19.597  24.122 0.4000000060
17715  44.595  -23.145  31.524 0.6999999881
17000  45.052  -25.043  30.979 0.8000000119
17714  45.165  -23.610  31.117 0.8000000119
58899  45.428  -25.244  30.726 0.8000000119
16678  45.798  -25.408  30.450 0.8000000119
17021  49.442  -25.399  26.191 0.6000000238
16999  45.654  -24.780  30.681 0.8000000119
16679  45.801  -26.087  30.195 0.8000000119
49911  46.403  -26.349  29.701 0.8000000119
17017  49.578  -24.666  26.715 0.6999999881
17004  46.288  -24.941  30.236 0.8000000119
16683  46.373  -25.627  30.002 0.8999999762
17009  46.883  -25.095  29.764 0.8999999762
17008  47.443  -25.208  29.231 0.8999999762
16682  46.957  -25.816  29.475 0.8999999762
17020  49.946  -24.656  25.959 0.6000000238
17012  47.913  -25.229  28.749 0.8999999762
16686  47.559  -25.970  28.816 0.8000000119
16687  46.949  -26.573  29.148 0.8000000119
17018  49.008  -25.466  27.045 0.6999999881
16685  48.172  -25.606  28.267 0.8000000119
16335  47.378  -26.855  28.541 0.8000000119
16696  49.280  -26.113  25.604 0.5000000000
15984  51.833  -28.801  18.738 0.1000000015
54473  51.616  -29.054  19.443 0.1000000015
54904  49.538  -26.079  24.910 0.5000000000
17024  49.810  -25.335  25.316 0.6000000238
57950  50.225  -24.598  25.326 0.6000000238
16710  51.676  -26.181  18.137 0.1000000015
17040  51.861  -25.351  18.856 0.1000000015
16708  51.502  -26.274  18.889 0.1000000015
17023  50.292  -24.882  24.684 0.6000000238
17036  51.701  -25.469  19.474 0.1000000015
16698  50.012  -26.042  23.672 0.2000000030
17382  50.762  -24.395  24.150 0.5000000000
17039  52.323  -24.535  18.830 0.1000000015
54827  51.933  -24.883  20.010 0.1000000015
17034  51.811  -24.765  20.675 0.1000000015
17390  51.496  -24.781  21.478 0.1000000015
17033  50.681  -25.802  22.117 0.1000000015
17385  50.882  -24.697  23.302 0.2000000030
58301  51.079  -24.954  22.348 0.2000000030
57740  51.339  -24.180  22.888 0.2000000030
17742  51.647  -23.085  23.934 0.3000000119
17744  51.814  -23.388  22.977 0.2000000030
49459  52.010  -22.321  24.307 0.3000000119
18492  52.954  -21.183  24.251 0.4000000060
50576  54.537  -18.524  24.364 0.3000000119
19599  54.656  -17.885  24.499 0.4000000060
17718  45.797  -23.292  30.684 0.6999999881
17360  45.708  -24.037  30.742 0.8000000119
52110  46.326  -23.751  30.339 0.8000000119
17364  46.795  -24.310  29.968 0.8999999762
17721  47.517  -23.855  29.449 0.8999999762
17367  49.206  -23.910  27.745 0.8000000119
17373  49.672  -23.913  27.122 0.8000000119
17363  47.329  -24.601  29.497 0.8999999762
17014  49.183  -24.609  27.422 0.8000000119
17375  50.106  -23.927  26.416 0.6999999881
17371  48.833  -24.505  27.962 0.8000000119
16690  47.928  -26.423  28.115 0.6999999881
16693  48.972  -26.169  26.404 0.5000000000
52235  50.417  -23.993  25.667 0.6999999881
16360  51.547  -27.270  18.380 0.1000000015
15981  51.408  -28.101  19.213 0.1000000015
17379  50.627  -24.145  24.933 0.6000000238
17035  51.284  -25.532  20.793 0.1000000015
17037  51.518  -25.518  20.101 0.1000000015
17381  51.112  -23.619  24.451 0.4000000060
16706  51.334  -26.311  19.535 0.1000000015
18488  52.711  -20.908  24.982 0.5000000000
18873  53.672  -19.800  24.646 0.5000000000
18872  54.094  -19.054  24.638 0.4000000060
19948  55.076  -17.431  23.970 0.5000000000
18087  45.860  -22.528  30.596 0.6999999881
17717  46.483  -22.948  30.206 0.8000000119
17726  48.137  -23.647  28.930 0.8999999762
18094  48.795  -22.589  28.357 0.8999999762
17722  46.947  -23.483  29.902 0.8000000119
17725  48.597  -23.255  28.530 0.8000000119
17724  49.167  -23.127  28.000 0.8000000119
17368  48.629  -23.976  28.380 0.8000000119
17369  47.929  -24.489  28.967 0.8999999762
18104  50.889  -22.402  26.285 0.6999999881
17737  50.634  -23.238  26.021 0.6999999881
60061  51.584  -27.991  18.670 0.1000000015
16358  51.136  -27.228  19.657 0.1000000015
18103  51.496  -21.863  25.830 0.6999999881
17378  50.911  -23.410  25.247 0.6999999881
16357  51.363  -27.205  19.039 0.1000000015
16704  50.864  -26.374  20.873 0.1000000015
18106  51.772  -22.104  25.100 0.6999999881
17739  51.442  -22.854  24.774 0.6000000238
16707  51.112  -26.336  20.185 0.1000000015
18102  52.101  -21.371  25.406 0.6999999881
20265  55.068  -16.454  24.038 0.5000000000
20573  55.552  -15.154  23.010 0.3000000119
20570  55.180  -15.534  23.806 0.3000000119
18467  45.167  -21.279  30.958 0.5000000000
18466  45.894  -21.730  30.470 0.6999999881
18086  46.374  -22.224  30.199 0.6000000238
18092  47.013  -22.348  29.756 0.6000000238
18469  47.336  -21.496  29.381 0.8000000119
18091  47.754  -22.203  29.173 0.8999999762
18474  48.044  -21.388  28.868 0.8999999762
18090  48.412  -22.025  28.614 0.8999999762
18473  48.709  -21.188  28.398 0.8999999762
54337  49.040  -21.815  28.132 0.8999999762
52625  47.478  -23.022  29.480 0.8999999762
58107  47.840  -23.362  29.207 0.8999999762
17720  48.163  -22.883  28.911 0.8999999762
18097  49.656  -21.676  27.718 0.8000000119
17730  49.637  -23.295  27.454 0.8000000119
18096  50.252  -21.518  27.291 0.8999999762
18100  50.540  -22.034  26.883 0.8000000119
17733  50.213  -23.045  26.836 0.8000000119
17011  48.379  -24.836  28.374 0.8000000119
18478  50.093  -20.898  27.616 0.8999999762
17015  48.688  -25.169  27.802 0.8000000119
18482  50.854  -21.211  26.930 0.8000000119
16689  48.453  -25.969  27.622 0.6000000238
18476  51.123  -20.512  27.098 0.8999999762
18481  51.460  -20.818  26.645 0.6999999881
18485  51.799  -21.096  26.083 0.6999999881
18484  52.409  -20.646  25.695 0.6999999881
18874  53.036  -20.105  25.285 0.6999999881
19242  53.830  -18.716  25.267 0.6000000238
18868  53.517  -19.325  25.290 0.6999999881
19600  54.240  -18.333  24.918 0.6000000238
18850  46.006  -20.667  30.209 0.4000000060
18470  46.596  -21.541  29.934 0.6000000238
18861  48.365  -20.669  28.705 0.8999999762
18860  49.093  -20.229  28.414 0.8999999762
18472  49.420  -20.998  28.006 0.8999999762
19231  49.826  -19.330  28.345 0.8999999762
18859  49.947  -20.204  27.984 0.8999999762
18858  50.458  -19.599  27.971 0.8999999762
18477  50.599  -20.853  27.281 0.8999999762
18864  51.420  -19.826  27.288 0.8999999762
57994  51.653  -20.209  26.867 0.6999999881
18863  52.104  -19.577  26.868 0.6999999881
18480  52.092  -20.304  26.363 0.6999999881
18866  52.528  -19.719  26.331 0.6999999881
18869  52.994  -19.516  25.898 0.6999999881
51395  52.626  -20.062  25.934 0.6999999881
19239  53.376  -18.726  25.920 0.6999999881
19596  54.298  -17.633  25.123 0.8000000119
19946  54.685  -17.096  24.649 0.6000000238
20566  54.847  -15.731  24.428 0.5000000000
21210  55.304  -13.611  22.905 0.4000000060
20878  55.351  -14.345  23.127 0.5000000000
20874  55.128  -14.711  23.694 0.5000000000
56288  49.046  -19.386  28.681 0.8000000119
19586  49.380  -18.652  28.766 1.0000000000
19585  50.153  -18.400  28.564 1.0000000000
19230  50.643  -18.904  28.166 1.0000000000
19229  51.335  -18.609  27.942 1.0000000000
19235  51.068  -19.367  27.743 0.8999999762
19234  51.740  -19.078  27.456 0.8999999762
20864  53.254  -14.370  26.473 1.0000000000
20560  53.306  -15.155  26.614 0.8999999762
21199  53.201  -13.492  26.248 0.8999999762
20258  53.263  -15.996  26.747 0.8999999762
51518  53.029  -16.681  27.001 0.8999999762
19940  53.453  -16.742  26.501 0.8999999762
19237  52.753  -19.110  26.488 0.6999999881
20868  53.677  -14.853  26.071 0.8999999762
20261  53.697  -16.243  26.208 0.8999999762
21544  53.418  -12.861  25.806 0.8000000119
50614  53.589  -14.171  25.966 0.8999999762
21203  53.717  -13.588  25.570 0.8000000119
20867  54.047  -14.513  25.434 0.8000000119
20563  54.029  -15.281  25.684 0.8000000119
56085  53.863  -16.778  25.951 0.8999999762
19944  53.918  -17.437  25.732 0.8000000119
19597  53.875  -18.128  25.529 0.8000000119
20871  54.475  -14.580  24.783 0.6999999881
20260  54.119  -16.062  25.625 0.8000000119
19943  54.274  -16.884  25.338 0.6999999881
21202  54.229  -13.723  24.817 0.6000000238
20567  54.456  -15.355  25.042 0.6000000238
20263  54.603  -16.266  24.866 0.6000000238
20875  54.727  -14.238  24.227 0.6000000238
20870  54.820  -15.031  24.339 0.5000000000
21206  55.010  -13.910  23.581 0.5000000000
19224  48.591  -18.883  28.987 0.6999999881
19577  49.666  -17.848  28.940 0.6999999881
19934  50.419  -17.581  28.763 1.0000000000
19584  50.891  -18.119  28.374 1.0000000000
19583  51.544  -17.839  28.111 1.0000000000
19590  51.972  -18.295  27.636 1.0000000000
19589  52.564  -17.913  27.250 1.0000000000
51527  52.378  -18.729  27.088 1.0000000000
51614  52.970  -12.444  26.356 0.8000000119
50905  52.775  -13.102  26.745 0.8999999762
21200  52.816  -13.838  26.879 0.8999999762
19941  53.137  -17.428  26.767 1.0000000000
19593  52.982  -18.315  26.643 1.0000000000
21898  53.116  -11.309  26.294 0.8000000119
21901  53.434  -12.044  25.727 0.6999999881
59544  53.592  -17.265  26.234 0.8999999762
19592  53.504  -17.894  26.157 0.8000000119
53251  53.561  -11.273  25.658 0.6999999881
21547  53.828  -12.714  25.137 0.6999999881
21904  53.818  -11.688  25.124 0.8000000119
50387  54.263  -12.919  24.501 0.6999999881
21207  54.622  -13.413  24.092 0.6000000238
21895  52.266  -11.309  27.485 0.6000000238
22214  52.385  -10.479  27.631 0.6000000238
19933  51.101  -17.340  28.515 0.8999999762
21539  52.198  -12.201  27.371 0.8999999762
20861  52.391  -14.183  27.426 0.8000000119
20559  52.059  -15.439  27.946 0.8999999762
20252  51.776  -16.188  28.199 0.8999999762
19932  51.688  -17.073  28.199 1.0000000000
22216  52.734  -10.861  27.033 0.6999999881
21899  52.631  -11.766  26.917 0.8999999762
21542  52.570  -12.537  26.935 0.8999999762
21196  52.325  -13.181  27.281 0.8999999762
20558  52.478  -15.075  27.512 1.0000000000
51519  52.171  -16.805  27.839 1.0000000000
20865  52.877  -14.675  27.017 1.0000000000
20561  52.917  -15.405  27.097 1.0000000000
20256  52.565  -16.094  27.498 1.0000000000
22215  53.165  -10.323  26.560 0.6999999881
22218  53.553  -10.558  25.883 0.6999999881
22221  53.888  -10.815  25.212 0.6999999881
21546  54.173  -12.126  24.520 0.6999999881
21903  54.207  -11.194  24.542 0.8000000119
21549  54.530  -12.569  23.950 0.6000000238
21909  54.878  -11.314  23.268 0.6000000238
21211  54.925  -13.062  23.423 0.6000000238
20556  50.846  -15.290  28.875 0.4000000060
20862  51.952  -14.620  27.948 0.6999999881
20858  51.406  -14.133  28.372 0.6999999881
20555  51.451  -15.175  28.445 0.6999999881
20253  51.099  -15.985  28.706 0.6999999881
53681  51.280  -16.667  28.535 0.6999999881
19924  50.647  -16.696  28.878 0.6000000238
22544  52.468  -9.731  27.719 0.3000000119
21540  51.778  -12.702  27.818 0.8000000119
21197  51.860  -13.673  27.861 0.6999999881
22213  52.805  -10.045  27.194 0.3000000119
22543  52.807  -9.404  27.300 0.3000000119
22549  53.587  -9.719  26.099 0.6999999881
22220  54.291  -10.271  24.658 0.8000000119
22224  54.647  -10.650  23.847 0.6999999881
22223  55.049  -9.908  23.360 0.6000000238
20859  50.887  -14.511  28.818 0.3000000119
21896  51.779  -11.755  27.883 0.6000000238
21891  51.897  -10.882  28.026 0.4000000060
21193  51.339  -13.176  28.302 0.6999999881
22210  52.033  -10.088  28.157 0.3000000119
22546  53.181  -9.508  26.776 0.5000000000
22858  52.513  -9.033  27.655 0.3000000119
22862  53.546  -8.869  26.288 0.5000000000
22861  53.966  -8.272  25.701 0.6000000238
22548  53.983  -9.122  25.566 0.6999999881
22552  53.956  -9.970  25.390 0.6999999881
22864  54.388  -8.550  24.994 0.6000000238
22551  54.360  -9.391  24.839 0.6999999881
22867  54.776  -8.814  24.276 0.6000000238
22866  55.192  -8.248  23.705 0.6000000238
22555  54.711  -9.673  24.093 0.6999999881
22870  55.541  -8.531  23.010 0.6000000238
22554  55.134  -9.076  23.556 0.6000000238
22558  55.455  -9.338  22.844 0.6999999881
22557  55.854  -8.789  22.326 0.5000000000
22860  52.988  -8.708  27.039 0.4000000060
52145  52.516  -8.409  27.532 0.3000000119
23167  52.784  -7.831  27.145 0.3000000119
23170  53.441  -7.910  26.426 0.4000000060
23178  55.583  -7.747  23.108 0.5000000000
22869  55.914  -8.028  22.472 0.4000000060
23485  53.931  -6.632  25.750 0.4000000060
55317  54.354  -6.330  25.141 0.3000000119
23488  54.346  -7.013  25.182 0.3000000119
59304  53.589  -7.127  26.204 0.2000000030
23169  53.957  -7.450  25.739 0.4000000060
58087  54.637  -6.671  24.736 0.3000000119
23173  54.375  -7.750  25.108 0.4000000060
50415  27.042  -33.115  37.086 0.6000000238
13360  27.371  -34.417  36.400 0.6000000238
12668  27.240  -36.449  35.731 0.6999999881
55232  24.792  -26.827  39.705 0.2000000030
15896  25.089  -28.231  39.669 0.2000000030
15144  24.688  -29.875  39.208 0.3000000119
14408  24.701  -31.130  38.645 0.5000000000
56834  23.909  -32.326  37.833 0.5000000000
14420  24.387  -31.747  38.216 0.6000000238
56167  24.928  -31.539  38.431 0.6000000238
16339  47.681  -27.225  27.936 0.6000000238
15963  47.817  -27.702  27.365 0.6000000238
16341  48.193  -27.566  26.803 0.5000000000
17028  49.930  -25.656  24.452 0.5000000000
17027  50.388  -25.209  23.869 0.5000000000
17030  50.468  -25.656  22.929 0.1000000015
16338  48.197  -26.868  27.374 0.5000000000
16699  49.581  -26.458  24.232 0.4000000060
16342  48.854  -26.882  25.845 0.5000000000
16353  50.625  -27.268  21.010 0.1000000015
17032  50.986  -25.616  21.519 0.1000000015
16694  48.566  -26.901  26.616 0.5000000000
15982  51.147  -28.149  19.865 0.1000000015
16692  48.648  -26.273  27.029 0.5000000000
16355  50.887  -27.249  20.322 0.1000000015
16702  50.597  -26.439  21.560 0.1000000015
12639  8.633  -36.869  40.956 0.1000000015
12638  9.546  -37.175  41.023 0.1000000015
13006  10.937  -36.294  41.276 0.1000000015
12636  10.940  -37.206  41.104 0.2000000030
13000  11.484  -35.883  41.433 0.2000000030
13330  12.355  -35.094  41.673 0.3000000119
12635  12.237  -37.237  41.123 0.2000000030
13676  13.313  -33.988  41.790 0.3000000119
57065  13.544  -36.987  40.987 0.3000000119
12633  14.114  -37.218  40.760 0.4000000060
12296  14.209  -38.021  40.545 0.3000000119
12294  15.464  -37.884  40.130 0.4000000060
60002  15.541  -39.173  39.894 0.2000000030
11958  16.031  -39.114  39.651 0.2000000030
14762  16.222  -31.276  41.834 0.3000000119
14015  14.948  -33.274  41.169 0.3000000119
13684  14.947  -34.392  40.828 0.4000000060
9569  24.590  -46.536  30.996 0.1000000015
12312  17.670  -37.709  38.453 0.3000000119
57990  16.783  -32.768  40.374 0.4000000060
11277  24.265  -41.001  34.795 0.3000000119
16272  18.079  -27.225  41.917 0.4000000060
13342  16.502  -35.167  39.706 0.4000000060
10900  25.678  -41.255  34.296 0.3000000119
11276  25.170  -40.999  34.709 0.3000000119
59584  27.532  -28.982  39.521 0.2000000030
14049  26.500  -33.138  37.178 0.6000000238
52334  21.507  -36.526  36.887 0.4000000060
11642  26.674  -39.575  35.304 0.4000000060
11987  26.305  -39.233  35.635 0.4000000060
13041  26.216  -36.361  36.164 0.6000000238
12327  26.416  -37.651  35.905 0.5000000000
11274  26.682  -40.605  34.513 0.3000000119
59894  22.296  -34.011  37.102 0.5000000000
15145  23.758  -29.792  38.995 0.4000000060
52184  25.457  -28.889  39.703 0.2000000030
15519  27.995  -29.208  39.214 0.2000000030
14779  24.278  -30.473  38.864 0.4000000060
13704  25.931  -33.127  37.252 0.5000000000
51799  25.471  -27.850  39.756 0.2000000030
15136  25.050  -29.338  39.499 0.2000000030
11283  27.630  -40.751  33.601 0.3000000119
11656  27.943  -40.109  33.910 0.3000000119
11990  27.883  -39.100  34.612 0.4000000060
10920  28.743  -41.978  31.533 0.3000000119
11662  30.669  -39.883  31.123 0.3000000119
12007  34.146  -39.128  30.491 0.2000000030
14059  30.181  -33.191  35.231 0.6999999881
14440  33.539  -31.326  33.177 0.6999999881
15926  34.048  -28.209  34.808 0.8000000119
13387  36.404  -35.139  30.308 0.4000000060
11680  38.983  -40.239  28.707 0.1000000015
11307  39.468  -40.612  28.205 0.1000000015
13064  37.940  -36.256  29.613 0.5000000000
13394  36.970  -35.321  30.089 0.5000000000
13065  37.227  -36.127  29.937 0.5000000000
58167  40.556  -34.185  28.296 0.3000000119
13067  40.606  -36.375  28.058 0.2000000030
16669  41.815  -25.337  32.033 0.6999999881
15209  47.849  -30.361  25.128 0.4000000060
16668  42.740  -25.137  31.910 0.6999999881
15218  51.087  -30.471  21.271 0.1000000015
15205  47.554  -29.960  25.860 0.4000000060
14843  46.359  -30.686  26.309 0.4000000060
14472  46.914  -31.501  25.026 0.3000000119
14477  46.686  -32.345  24.664 0.1000000015
14828  45.512  -30.111  27.724 0.6000000238
58177  46.753  -28.947  27.910 0.6000000238
15576  47.099  -28.978  27.494 0.5000000000
15197  47.011  -29.587  26.977 0.5000000000
51990  51.154  -29.818  20.956 0.1000000015
50640  47.386  -29.599  26.473 0.5000000000
15590  49.461  -29.317  23.456 0.2000000030
15582  47.858  -29.142  26.181 0.4000000060
15584  48.348  -28.978  25.421 0.5000000000
14092  44.827  -32.600  25.782 0.2000000030
17712  43.444  -23.540  32.207 0.4000000060
17351  43.819  -24.231  31.870 0.6000000238
15950  45.085  -27.928  29.547 0.6999999881
15959  46.736  -27.974  28.582 0.8000000119
59625  47.461  -27.860  27.819 0.6000000238
16343  48.465  -27.644  26.127 0.5000000000
59862  48.483  -28.198  25.594 0.5000000000
16701  49.732  -26.773  23.573 0.2000000030
16344  49.140  -26.887  24.917 0.5000000000
16703  50.316  -26.477  22.262 0.1000000015
18083  45.222  -22.821  31.033 0.6000000238
17359  46.161  -24.373  30.412 0.8000000119
17393  52.403  -24.091  20.327 0.1000000015
17395  52.172  -24.665  19.498 0.1000000015
17387  52.146  -23.895  21.365 0.1000000015
17384  51.262  -23.881  23.621 0.2000000030
17388  51.667  -24.075  22.200 0.1000000015
17741  52.245  -22.533  23.457 0.2000000030
50547  52.372  -21.618  24.668 0.4000000060
18088  45.363  -22.113  30.912 0.6000000238
59575  46.990  -22.958  29.847 0.8000000119
18093  49.310  -22.344  27.933 0.8999999762
18099  51.182  -21.573  26.458 0.6999999881
17736  51.194  -22.640  25.556 0.6999999881
17729  49.837  -22.444  27.458 0.8000000119
18854  47.705  -20.692  29.084 0.6999999881
18865  50.692  -20.180  27.575 0.8999999762
20564  53.704  -15.603  26.171 0.8999999762
19578  48.920  -18.097  29.067 0.6999999881
19925  49.913  -17.048  29.088 0.6000000238
19938  52.118  -17.517  27.771 1.0000000000
19937  52.624  -17.088  27.387 1.0000000000
21906  54.513  -11.668  23.896 0.6000000238
20243  50.471  -15.833  29.053 0.5000000000
22863  54.792  -7.990  24.417 0.6000000238
23177  55.936  -7.266  22.509 0.5000000000
15911  29.107  -28.413  38.708 0.5000000000
16284  28.920  -27.303  38.799 0.2000000030
15511  24.645  -28.702  39.499 0.2000000030
54635  29.667  -28.509  38.306 0.5000000000
15910  29.549  -28.035  38.498 0.4000000060
15905  29.161  -27.871  38.732 0.4000000060
15906  28.552  -28.070  39.060 0.2000000030
16285  27.802  -27.934  39.422 0.2000000030
16289  29.605  -27.487  38.456 0.3000000119
58900  28.249  -27.489  39.148 0.2000000030
16286  27.648  -27.223  39.358 0.2000000030
16293  30.833  -27.359  37.649 0.3000000119
16288  30.196  -27.078  38.050 0.3000000119
15512  23.669  -28.558  39.373 0.1000000015
54959  26.368  -27.442  39.776 0.1000000015
54667  28.293  -26.824  39.015 0.2000000030
16643  26.642  -26.166  39.468 0.1000000015
57315  27.533  -26.323  39.227 0.1000000015
16645  30.754  -26.557  37.633 0.3000000119
16641  29.577  -26.704  38.335 0.2000000030
50492  30.203  -26.431  37.936 0.2000000030
53973  29.905  -25.958  38.015 0.2000000030
16642  28.906  -26.567  38.666 0.2000000030
16959  28.431  -25.932  38.740 0.2000000030
15116  5.319  -29.788  43.049 0.1000000015
15122  4.730  -30.160  42.680 0.1000000015
15123  3.970  -30.138  42.371 0.1000000015
15495  5.843  -29.158  43.465 0.1000000015
15897  24.150  -28.023  39.536 0.1000000015
16275  25.541  -27.249  39.774 0.1000000015
16633  26.102  -26.715  39.675 0.1000000015
16634  25.284  -26.431  39.672 0.1000000015
54903  27.059  -25.645  39.246 0.1000000015
16952  25.833  -25.897  39.563 0.1000000015
16646  29.246  -25.977  38.342 0.2000000030
16960  27.683  -25.406  38.968 0.2000000030
16961  26.398  -25.338  39.380 0.1000000015
16965  30.573  -25.764  37.650 0.2000000030
16967  28.979  -25.291  38.315 0.2000000030
54952  27.024  -24.897  39.122 0.1000000015
16968  28.332  -24.986  38.577 0.1000000015
15500  4.488  -29.521  42.859 0.1000000015
15115  6.212  -29.957  43.235 0.1000000015
15114  7.144  -30.002  43.442 0.1000000015
15898  23.078  -27.915  39.592 0.1000000015
16277  23.547  -27.325  39.698 0.1000000015
16636  23.954  -26.712  39.739 0.1000000015
16635  24.408  -26.116  39.731 0.1000000015
57366  32.604  -26.656  36.537 0.3000000119
16291  32.017  -26.487  36.907 0.2000000030
16650  31.309  -26.720  37.301 0.3000000119
16649  31.415  -25.915  37.224 0.3000000119
16966  29.663  -25.262  38.019 0.1000000015
17315  27.691  -24.545  38.834 0.1000000015
15486  15.393  -28.924  43.166 0.3000000119
15496  5.019  -28.991  43.264 0.1000000015
15501  3.735  -29.250  42.597 0.1000000015
15487  14.800  -29.582  43.235 0.3000000119
15494  6.777  -29.201  43.684 0.1000000015
15502  3.046  -28.876  42.277 0.1000000015
15113  7.972  -30.011  43.590 0.1000000015
15104  9.308  -29.309  43.984 0.1000000015
15107  13.200  -30.477  43.362 0.3000000119
51756  12.810  -29.647  43.690 0.2000000030
15110  10.552  -30.187  43.715 0.1000000015
16278  22.459  -27.250  39.959 0.1000000015
56102  22.928  -26.588  40.001 0.1000000015
16953  24.984  -25.571  39.656 0.1000000015
17317  26.247  -24.307  39.323 0.1000000015
16962  25.587  -24.995  39.542 0.1000000015
17324  28.933  -24.569  38.259 0.1000000015
17325  28.332  -24.035  38.519 0.1000000015
59086  29.310  -24.865  38.119 0.1000000015
17685  27.308  -23.231  38.952 0.1000000015
17316  27.080  -24.035  39.016 0.1000000015
17684  27.994  -23.195  38.686 0.1000000015
15484  7.518  -28.769  43.983 0.1000000015
15497  4.268  -28.736  43.024 0.1000000015
15125  2.686  -29.486  41.885 0.1000000015
15492  10.189  -29.403  43.978 0.1000000015
15899  22.031  -27.953  39.834 0.2000000030
15488  14.110  -29.307  43.502 0.3000000119
15109  11.418  -30.272  43.658 0.1000000015
15491  11.055  -29.484  43.931 0.1000000015
58232  14.671  -28.897  43.434 0.3000000119
51929  21.516  -27.435  40.222 0.1000000015
15877  14.914  -28.236  43.487 0.3000000119
15878  14.097  -28.402  43.701 0.3000000119
16279  21.783  -26.806  40.315 0.1000000015
16259  15.148  -27.429  43.583 0.3000000119
53382  14.495  -27.688  43.737 0.3000000119
58865  22.336  -26.719  40.159 0.1000000015
16653  32.724  -26.039  36.525 0.2000000030
16637  22.133  -26.181  40.336 0.1000000015
16970  32.220  -25.624  36.805 0.2000000030
59121  22.704  -25.999  40.173 0.1000000015
16652  33.164  -26.460  36.183 0.2000000030
54895  23.351  -25.817  39.977 0.1000000015
16955  22.386  -25.352  40.399 0.1000000015
16971  31.815  -25.149  36.972 0.2000000030
16954  24.069  -25.175  39.860 0.1000000015
17311  24.744  -24.655  39.728 0.1000000015
59174  30.139  -25.480  37.833 0.2000000030
17678  25.771  -23.368  39.440 0.1000000015
58891  29.008  -23.865  38.214 0.1000000015
17677  26.565  -23.335  39.188 0.1000000015
15874  6.625  -28.018  44.048 0.1000000015
15879  6.263  -28.517  43.802 0.1000000015
15880  5.500  -28.427  43.615 0.1000000015
15485  6.910  -28.493  43.961 0.1000000015
15875  5.923  -27.753  43.946 0.1000000015
60031  5.211  -27.843  43.706 0.1000000015
15872  8.171  -28.300  44.236 0.1000000015
15887  3.604  -28.423  42.745 0.1000000015
55526  2.782  -24.557  42.599 0.1000000015
53881  9.839  -28.600  44.235 0.1000000015
15889  2.713  -28.164  42.128 0.1000000015
59011  2.426  -25.203  42.001 0.1000000015
15869  11.140  -28.024  44.362 0.1000000015
15503  2.469  -28.913  41.791 0.1000000015
15890  2.252  -28.158  41.631 0.1000000015
16950  2.315  -25.191  41.725 0.1000000015
15480  12.492  -28.715  43.984 0.2000000030
15876  15.649  -28.047  43.240 0.3000000119
15867  13.242  -28.138  43.962 0.2000000030
16249  13.047  -27.300  44.183 0.2000000030
16280  20.971  -26.946  40.581 0.1000000015
16258  15.986  -27.161  43.295 0.3000000119
16616  14.476  -26.851  43.936 0.2000000030
16615  15.333  -26.567  43.726 0.3000000119
16602  14.788  -25.967  44.093 0.2000000030
16638  21.251  -26.243  40.662 0.1000000015
16626  20.704  -25.635  41.111 0.1000000015
16614  15.999  -26.320  43.522 0.3000000119
16938  16.193  -25.041  43.850 0.2000000030
16928  15.529  -24.793  44.234 0.2000000030
16980  33.975  -25.400  35.780 0.3000000119
52957  33.382  -25.707  36.137 0.3000000119
16957  21.520  -25.506  40.756 0.1000000015
16972  31.172  -25.033  37.259 0.3000000119
54276  23.090  -24.682  40.272 0.1000000015
17312  23.921  -24.114  40.064 0.1000000015
17318  25.327  -24.092  39.591 0.1000000015
17319  24.640  -23.887  39.814 0.1000000015
18043  26.897  -22.377  39.162 0.1000000015
17679  24.987  -23.267  39.693 0.1000000015
18044  26.130  -22.659  39.358 0.1000000015
17680  24.247  -23.245  40.000 0.1000000015
18045  25.412  -22.517  39.580 0.1000000015
16253  8.112  -27.514  44.475 0.1000000015
16255  6.662  -27.371  44.255 0.1000000015
16261  5.264  -27.220  43.894 0.1000000015
15882  4.103  -27.932  43.160 0.1000000015
55414  3.175  -24.756  43.023 0.1000000015
52670  8.714  -27.844  44.432 0.1000000015
15871  8.979  -28.499  44.234 0.1000000015
16944  2.581  -25.143  42.281 0.1000000015
16624  2.745  -26.018  42.437 0.1000000015
15870  10.369  -27.942  44.440 0.1000000015
16625  2.432  -25.973  41.992 0.1000000015
15886  16.279  -27.898  42.979 0.3000000119
15868  11.922  -27.992  44.269 0.1000000015
54953  2.542  -27.525  42.051 0.1000000015
16267  16.773  -27.393  42.811 0.3000000119
51309  17.402  -26.823  42.508 0.3000000119
54453  14.249  -25.357  44.502 0.2000000030
16248  13.628  -26.675  44.237 0.2000000030
16639  20.401  -26.387  40.968 0.2000000030
16623  17.403  -25.842  42.851 0.3000000119
56710  16.681  -26.442  43.107 0.3000000119
56670  14.981  -25.258  44.284 0.2000000030
17276  14.866  -23.710  44.951 0.2000000030
16937  16.919  -25.197  43.430 0.1000000015
17287  16.065  -24.386  44.113 0.2000000030
17288  15.606  -23.917  44.566 0.1000000015
16943  17.667  -24.935  43.075 0.1000000015
56101  17.242  -24.518  43.515 0.1000000015
17296  16.667  -24.468  43.835 0.1000000015
51649  34.554  -25.558  35.296 0.3000000119
16977  32.898  -25.275  36.468 0.3000000119
17302  18.424  -24.555  42.829 0.1000000015
17294  17.814  -24.137  43.377 0.1000000015
17295  17.161  -23.884  43.856 0.1000000015
53154  35.268  -24.837  34.927 0.2000000030
16975  34.397  -24.662  35.580 0.3000000119
16976  33.579  -24.817  36.086 0.3000000119
16956  21.695  -24.751  40.920 0.1000000015
17322  30.374  -24.862  37.629 0.2000000030
17313  22.296  -24.539  40.658 0.1000000015
17323  29.651  -24.255  37.926 0.1000000015
55054  23.159  -23.823  40.423 0.1000000015
17673  23.526  -23.232  40.347 0.1000000015
17683  28.695  -23.168  38.365 0.1000000015
18039  23.831  -22.465  40.227 0.1000000015
18040  23.251  -22.563  40.634 0.1000000015
18428  26.044  -21.703  39.527 0.1000000015
18046  24.592  -22.465  39.856 0.1000000015
54967  25.035  -21.666  39.806 0.1000000015
16254  7.428  -26.969  44.524 0.1000000015
16256  5.956  -26.820  44.206 0.1000000015
53578  4.646  -27.513  43.559 0.1000000015
16247  8.794  -27.167  44.651 0.1000000015
16618  4.179  -26.152  43.587 0.1000000015
16940  3.340  -25.518  43.123 0.1000000015
16941  2.931  -25.370  42.713 0.1000000015
16266  17.427  -27.743  42.264 0.3000000119
16252  9.491  -27.714  44.507 0.1000000015
16619  3.575  -26.221  43.216 0.1000000015
16245  10.216  -27.160  44.693 0.1000000015
15888  3.135  -28.096  42.497 0.1000000015
16264  3.289  -26.840  42.895 0.1000000015
16269  2.615  -26.782  42.226 0.1000000015
16251  11.490  -27.314  44.547 0.1000000015
16270  2.277  -27.094  41.729 0.1000000015
16605  12.777  -26.405  44.575 0.1000000015
16931  13.556  -25.108  44.842 0.2000000030
52237  32.415  -24.832  36.704 0.2000000030
16628  19.557  -26.529  41.282 0.3000000119
17289  14.764  -24.528  44.664 0.2000000030
16627  19.889  -25.777  41.438 0.1000000015
17286  16.439  -23.825  44.234 0.1000000015
17331  31.000  -24.140  37.232 0.3000000119
16948  20.194  -25.008  41.643 0.1000000015
16983  35.942  -25.405  34.364 0.3000000119
17335  33.969  -24.134  35.896 0.3000000119
17334  34.405  -23.879  35.637 0.2000000030
17332  30.374  -23.978  37.519 0.2000000030
16947  20.984  -24.922  41.257 0.1000000015
16942  19.005  -24.993  42.272 0.1000000015
17343  36.132  -24.532  34.379 0.3000000119
17339  35.672  -23.872  34.783 0.3000000119
17340  34.948  -23.944  35.263 0.3000000119
56516  19.267  -24.165  42.562 0.1000000015
17703  36.009  -23.042  34.668 0.1000000015
17697  35.305  -23.120  35.105 0.1000000015
17306  22.528  -23.916  40.723 0.1000000015
18423  24.159  -21.663  40.060 0.1000000015
16246  9.504  -26.772  44.811 0.1000000015
55135  8.727  -26.290  44.918 0.1000000015
56236  10.163  -26.453  44.938 0.1000000015
16607  10.926  -26.650  44.836 0.1000000015
16606  11.845  -26.533  44.758 0.1000000015
54099  12.462  -25.065  45.133 0.1000000015
16622  18.105  -26.300  42.137 0.3000000119
16596  12.920  -25.484  44.869 0.2000000030
16921  13.020  -24.751  45.124 0.2000000030
17278  13.238  -24.033  45.321 0.1000000015
16930  14.045  -24.695  44.857 0.2000000030
17277  14.088  -23.983  45.121 0.2000000030
53649  18.254  -25.408  42.491 0.1000000015
16621  19.001  -25.859  41.849 0.3000000119
17653  16.188  -23.191  44.631 0.1000000015
16949  19.533  -25.272  41.854 0.1000000015
17293  18.560  -23.718  43.183 0.1000000015
54128  36.378  -23.710  34.312 0.3000000119
17308  21.183  -24.224  41.451 0.1000000015
56095  19.604  -24.740  42.080 0.1000000015
17307  21.847  -24.018  41.112 0.1000000015
16598  11.388  -25.814  45.067 0.1000000015
17330  31.836  -24.271  36.907 0.2000000030
17643  13.619  -23.250  45.461 0.2000000030
17642  14.482  -23.126  45.278 0.1000000015
17641  15.399  -23.009  45.010 0.1000000015
56130  36.915  -24.264  34.007 0.3000000119
17309  20.608  -24.451  41.684 0.1000000015
17301  20.036  -24.287  42.064 0.1000000015
59485  37.020  -23.569  34.016 0.1000000015
54764  19.955  -23.583  42.478 0.1000000015
17666  19.293  -23.309  42.987 0.1000000015
17342  37.742  -23.871  33.716 0.2000000030
17701  37.438  -23.002  33.881 0.1000000015
18070  36.365  -22.385  34.566 0.1000000015
18068  37.929  -22.319  33.691 0.1000000015
18069  37.070  -22.127  34.201 0.1000000015
18066  35.716  -22.180  35.042 0.1000000015
16986  40.667  -24.607  32.860 0.5000000000
51599  37.672  -21.574  33.951 0.1000000015
18065  36.433  -21.628  34.766 0.1000000015
18458  38.445  -21.555  33.451 0.1000000015
17690  30.092  -23.285  37.657 0.1000000015
17682  29.409  -23.235  38.029 0.1000000015
17300  20.620  -23.835  41.971 0.1000000015
17710  38.264  -23.143  33.557 0.1000000015
17347  39.367  -24.124  33.242 0.3000000119
54474  38.583  -23.796  33.445 0.3000000119
17709  39.093  -23.306  33.296 0.1000000015
18077  38.781  -22.516  33.301 0.1000000015
17346  40.354  -24.098  33.055 0.4000000060
16987  39.949  -24.731  33.012 0.4000000060
18452  37.115  -21.065  34.496 0.1000000015
17674  22.793  -23.130  40.803 0.1000000015
51796  41.433  -22.839  32.975 0.2000000030
56092  39.110  -21.150  33.205 0.1000000015
17705  42.243  -22.950  32.813 0.3000000119
18450  38.586  -20.643  33.636 0.1000000015
18451  37.878  -20.855  34.024 0.1000000015
59901  32.997  -24.581  36.422 0.2000000030
17689  30.774  -23.282  37.290 0.2000000030
17672  21.324  -23.389  41.727 0.1000000015
17708  39.962  -23.410  33.134 0.2000000030
55083  39.561  -22.770  33.145 0.2000000030
18076  39.493  -21.947  33.066 0.1000000015
18075  40.430  -22.613  33.022 0.2000000030
54928  40.344  -21.790  32.942 0.1000000015
17707  40.878  -23.465  33.040 0.3000000119
55017  42.004  -21.782  32.788 0.2000000030
54450  41.208  -21.983  32.899 0.1000000015
18457  39.831  -21.173  32.976 0.1000000015
18843  39.285  -20.481  33.219 0.1000000015
18454  42.160  -21.149  32.653 0.2000000030
18455  41.475  -21.217  32.745 0.1000000015
18456  40.664  -21.190  32.810 0.1000000015
53444  40.066  -20.465  32.876 0.1000000015
18834  38.754  -19.828  33.748 0.1000000015
57699  41.696  -20.682  32.617 0.1000000015
18841  40.946  -20.429  32.672 0.1000000015
18842  40.230  -19.796  32.825 0.1000000015
17698  34.667  -23.242  35.518 0.1000000015
17692  34.030  -23.358  35.876 0.1000000015
19210  41.495  -19.157  32.497 0.1000000015
19211  40.808  -19.521  32.646 0.1000000015
19212  39.932  -18.864  33.117 0.1000000015
18833  39.513  -19.724  33.223 0.1000000015
55029  40.734  -18.838  32.715 0.1000000015
19565  40.452  -18.315  32.947 0.1000000015
19205  38.981  -18.995  33.796 0.1000000015
19561  39.154  -18.042  33.954 0.1000000015
17336  33.391  -23.899  36.210 0.1000000015
18836  37.483  -20.343  34.523 0.1000000015
18835  38.064  -20.066  34.207 0.1000000015
19216  41.835  -18.410  32.342 0.1000000015
19564  41.069  -18.348  32.632 0.1000000015
19914  39.969  -17.843  33.388 0.1000000015
18829  36.898  -20.176  35.086 0.1000000015
18447  36.497  -20.873  35.033 0.1000000015
53036  45.747  -19.139  30.198 0.4000000060
19574  45.103  -19.093  30.601 0.4000000060
19575  44.685  -18.304  30.693 0.3000000119
19571  44.274  -19.153  31.177 0.2000000030
19920  43.138  -17.953  31.590 0.1000000015
19916  42.235  -17.561  32.005 0.1000000015
19912  41.333  -17.631  32.484 0.1000000015
19913  40.612  -17.692  32.915 0.1000000015
19910  39.497  -17.081  33.957 0.1000000015
19206  38.178  -19.159  34.453 0.1000000015
19581  46.366  -18.831  29.854 0.4000000060
57799  44.301  -17.645  30.803 0.1000000015
20237  42.979  -17.008  31.495 0.1000000015
19573  45.616  -18.294  30.139 0.3000000119
19922  45.002  -17.360  30.306 0.1000000015
19225  47.750  -19.138  29.269 0.6000000238
53022  43.916  -18.226  31.192 0.1000000015
19580  47.194  -18.531  29.525 0.3000000119
19919  43.694  -17.386  31.139 0.1000000015
20230  40.813  -16.925  32.814 0.1000000015
19929  46.567  -17.973  29.717 0.3000000119
19579  48.116  -18.198  29.262 0.5000000000
20234  41.520  -16.760  32.296 0.1000000015
19928  47.434  -17.662  29.469 0.4000000060
19930  45.996  -17.292  29.832 0.3000000119
20233  42.270  -16.469  31.813 0.1000000015
22231  55.657  -10.630  21.871 0.4000000060
22562  55.746  -9.617  22.113 0.4000000060
22226  55.351  -10.177  22.659 0.5000000000
21908  55.118  -11.787  22.788 0.5000000000
21552  54.842  -12.176  23.322 0.5000000000
54751  55.237  -11.040  22.632 0.5000000000
21551  55.254  -12.636  22.670 0.5000000000
50246  46.837  -17.202  29.613 0.3000000119
22227  55.014  -10.606  23.147 0.5000000000
20236  43.596  -16.526  31.006 0.1000000015
53473  48.607  -17.733  29.218 0.6000000238
20240  44.265  -16.904  30.680 0.1000000015
19927  48.261  -17.361  29.354 0.5000000000
15909  30.121  -27.862  38.134 0.4000000060
52609  6.696  -26.687  44.451 0.1000000015
16610  7.100  -26.168  44.688 0.1000000015
16609  7.866  -26.244  44.815 0.1000000015
16600  9.610  -25.841  45.119 0.1000000015
16263  3.966  -27.012  43.300 0.1000000015
16932  7.511  -25.567  44.942 0.1000000015
16599  10.541  -25.820  45.137 0.1000000015
16262  4.674  -26.756  43.745 0.1000000015
16268  2.924  -27.387  42.479 0.1000000015
17279  12.367  -24.303  45.394 0.1000000015
16632  26.908  -26.945  39.581 0.1000000015
15493  7.550  -29.444  43.746 0.1000000015
17326  27.682  -23.819  38.798 0.1000000015
15881  4.775  -28.250  43.411 0.1000000015
15124  3.199  -29.750  42.133 0.1000000015
15483  8.332  -29.201  43.943 0.1000000015
15111  9.686  -30.096  43.727 0.1000000015
15490  11.936  -29.547  43.842 0.2000000030
15873  7.349  -27.927  44.230 0.1000000015
15482  10.690  -28.706  44.188 0.1000000015
15489  13.386  -28.997  43.744 0.2000000030
15883  3.475  -27.621  42.857 0.1000000015
15481  11.540  -28.750  44.108 0.1000000015
51074  10.829  -27.420  44.580 0.1000000015
57760  12.596  -27.882  44.169 0.2000000030
16250  12.277  -27.241  44.420 0.1000000015
16260  13.831  -27.510  43.959 0.2000000030
16603  14.116  -26.123  44.216 0.2000000030
16929  15.595  -25.665  43.887 0.2000000030
16613  16.374  -25.746  43.516 0.2000000030
16608  8.190  -26.840  44.686 0.1000000015
16630  2.188  -26.258  41.541 0.1000000015
16604  13.534  -25.855  44.539 0.2000000030
59106  16.843  -25.806  43.230 0.3000000119
54752  3.787  -25.626  43.452 0.1000000015
16936  4.329  -25.256  43.830 0.1000000015
16620  3.101  -26.113  42.837 0.1000000015
16939  3.653  -24.942  43.453 0.1000000015
16265  2.909  -26.637  42.584 0.1000000015
16597  12.201  -25.732  44.966 0.1000000015
16920  13.586  -24.511  45.069 0.2000000030
16922  11.809  -25.052  45.248 0.1000000015
17702  36.683  -22.969  34.231 0.1000000015
17280  11.439  -24.317  45.515 0.1000000015
17345  41.181  -24.161  32.879 0.3000000119
17706  41.754  -23.582  32.883 0.2000000030
18074  41.912  -22.374  32.882 0.3000000119
18073  42.522  -22.268  32.712 0.3000000119
18840  41.571  -20.027  32.528 0.1000000015
15525  30.204  -28.453  37.940 0.5000000000
15527  29.083  -29.137  38.492 0.4000000060
15531  30.656  -28.674  37.443 0.6000000238
15526  29.846  -29.129  37.882 0.6000000238
15535  30.986  -29.162  36.829 0.8000000119
15154  30.302  -29.495  37.251 0.6000000238
15539  31.983  -29.217  35.844 0.6999999881
52196  34.849  -38.939  30.483 0.2000000030
12006  34.902  -39.668  30.432 0.3000000119
53070  35.497  -39.122  30.430 0.3000000119
12352  34.371  -38.359  30.515 0.3000000119
52195  34.710  -37.690  30.519 0.3000000119
12351  35.237  -38.352  30.462 0.3000000119
56647  35.921  -38.648  30.377 0.3000000119
12005  36.285  -39.320  30.278 0.2000000030
59070  35.278  -37.756  30.440 0.3000000119
12691  35.905  -37.858  30.333 0.3000000119
12350  36.573  -38.514  30.225 0.3000000119
12004  37.077  -39.092  30.054 0.2000000030
13059  36.135  -36.910  30.257 0.3000000119
55911  37.552  -39.464  29.804 0.2000000030
12349  37.238  -38.425  30.016 0.3000000119
12003  37.723  -38.839  29.797 0.2000000030
53613  36.843  -36.739  30.071 0.4000000060
12690  36.880  -37.643  30.093 0.3000000119
56672  37.839  -37.950  29.752 0.2000000030
50999  41.968  -24.273  32.624 0.3000000119
17353  42.635  -23.698  32.563 0.3000000119
14480  47.654  -32.056  24.058 0.1000000015
18855  46.937  -20.751  29.588 0.5000000000
56904  48.284  -19.855  28.922 0.8000000119
18109  52.622  -21.830  23.897 0.2000000030
23482  53.427  -6.527  26.321 0.2000000030
23483  52.901  -6.347  26.808 0.2000000030
23479  52.419  -6.981  27.341 0.2000000030
23821  53.277  -5.866  26.370 0.2000000030
23824  54.013  -5.900  25.556 0.3000000119
51724  55.376  -6.527  23.488 0.4000000060
21536  51.306  -12.222  28.297 0.1000000015
21892  51.375  -11.295  28.384 0.2000000030
22540  52.111  -9.338  28.174 0.1000000015
22855  52.132  -8.595  28.051 0.2000000030
23163  52.212  -7.848  27.755 0.1000000015
24161  53.204  -5.185  26.336 0.2000000030
23825  53.641  -5.506  25.943 0.2000000030
23827  54.374  -5.653  24.995 0.2000000030
23491  54.706  -6.112  24.567 0.2000000030
23490  54.974  -6.644  24.190 0.4000000060
52231  55.601  -7.061  23.114 0.4000000060
23822  52.802  -5.571  26.794 0.2000000030
24166  53.565  -4.828  25.863 0.2000000030
24165  53.995  -5.217  25.431 0.2000000030
24169  54.340  -4.949  24.838 0.2000000030
23830  54.724  -5.420  24.378 0.2000000030
23829  55.071  -5.941  23.929 0.4000000060
23493  55.832  -6.392  22.651 0.4000000060
23835  56.122  -5.908  21.993 0.3000000119
23496  56.334  -6.756  21.683 0.4000000060
22211  51.522  -10.447  28.527 0.1000000015
22541  51.658  -9.667  28.629 0.1000000015
24856  54.149  -3.637  24.501 0.2000000030
24170  53.913  -4.504  25.297 0.2000000030
24520  54.254  -4.245  24.667 0.2000000030
24172  55.074  -5.186  23.712 0.3000000119
22856  51.706  -8.896  28.596 0.1000000015
23818  52.342  -6.036  27.253 0.1000000015
24513  53.136  -4.568  26.255 0.1000000015
24173  54.672  -4.687  24.197 0.1000000015
24516  53.377  -4.052  25.792 0.1000000015
24521  53.824  -3.796  25.084 0.2000000030
24162  52.741  -4.820  26.714 0.1000000015
24857  53.783  -3.122  24.730 0.2000000030
24859  54.281  -3.115  23.948 0.2000000030
25210  54.140  -2.287  23.571 0.2000000030
24860  53.756  -2.458  24.304 0.2000000030
25558  54.241  -1.274  22.559 0.1000000015
25563  53.986  -0.649  22.382 0.1000000015
25214  53.960  -1.558  23.262 0.1000000015
25562  54.468  -0.857  21.802 0.1000000015
25916  54.375  -0.243  21.322 0.1000000015
25917  53.915  -0.059  21.899 0.1000000015
25921  54.036  0.362  21.176 0.1000000015
14854  48.076  -31.509  24.002 0.1000000015
14476  47.193  -31.959  24.495 0.1000000015
23166  53.108  -7.120  26.724 0.2000000030
15534  31.632  -28.862  36.408 0.6999999881
13678  12.136  -33.826  42.082 0.3000000119
55201  11.933  -34.483  41.886 0.3000000119
13677  12.583  -34.282  41.886 0.4000000060
13329  13.030  -34.932  41.615 0.4000000060
57988  14.236  -31.353  42.719 0.2000000030
14381  14.301  -31.996  42.287 0.2000000030
14006  13.422  -33.055  42.036 0.2000000030
13679  11.520  -33.850  42.093 0.3000000119
54145  11.251  -34.583  41.798 0.3000000119
14008  11.916  -33.183  42.358 0.3000000119
14382  13.094  -32.450  42.406 0.2000000030
14372  12.825  -31.806  42.841 0.2000000030
51379  13.682  -32.389  42.259 0.2000000030
14371  13.603  -31.744  42.682 0.2000000030
57517  14.429  -30.826  42.930 0.2000000030
14740  13.812  -30.979  43.033 0.2000000030
57477  13.210  -31.233  43.055 0.2000000030
15530  31.363  -28.457  36.918 0.6000000238
57323  31.890  -28.284  36.515 0.6999999881
15538  32.650  -28.857  35.506 0.6000000238
15533  32.251  -28.523  36.063 0.6000000238
56549  14.128  -30.190  43.255 0.2000000030
53361  13.533  -29.732  43.530 0.1000000015
15108  12.286  -30.362  43.545 0.1000000015
14741  12.565  -31.125  43.218 0.2000000030
18009  14.021  -22.425  45.555 0.1000000015
15522  23.189  -29.133  39.158 0.3000000119
15914  30.618  -28.064  37.740 0.5000000000
15918  31.772  -27.815  36.828 0.5000000000
15917  32.402  -27.788  36.277 0.5000000000
15922  32.887  -28.150  35.730 0.6000000238
15537  33.331  -28.508  35.166 0.6000000238
16297  32.205  -27.181  36.674 0.4000000060
16292  31.557  -27.251  37.134 0.4000000060
15916  33.040  -27.547  35.903 0.6000000238
15921  33.603  -27.712  35.401 0.6999999881
17688  31.514  -23.324  37.004 0.2000000030
17687  32.267  -23.299  36.709 0.2000000030
18055  31.976  -22.469  36.877 0.1000000015
16301  33.460  -27.011  35.815 0.5000000000
51405  37.413  -26.429  33.354 0.6000000238
16665  38.082  -26.055  33.167 0.4000000060
16664  38.878  -25.665  33.017 0.4000000060
16663  39.654  -25.374  32.862 0.4000000060
18080  43.869  -22.733  32.017 0.4000000060
21214  55.600  -13.358  22.213 0.2000000030
20880  55.688  -14.283  22.403 0.3000000119
21912  55.480  -11.775  22.081 0.3000000119
22873  56.207  -8.257  21.831 0.3000000119
18084  44.658  -22.180  31.449 0.5000000000
18462  44.345  -21.263  31.572 0.4000000060
18851  45.233  -20.430  30.765 0.4000000060
23172  54.733  -7.239  24.577 0.5000000000
53443  47.367  -19.984  29.331 0.5000000000
19926  49.083  -17.306  29.231 0.4000000060
57393  50.074  -16.357  29.157 0.4000000060
20245  49.441  -16.465  29.305 0.5000000000
20246  48.618  -16.576  29.416 0.4000000060
53771  49.018  -15.763  29.451 0.4000000060
52976  48.161  -15.847  29.531 0.3000000119
51169  48.548  -15.012  29.558 0.4000000060
14007  12.692  -33.323  42.158 0.2000000030
15106  14.926  -30.355  42.952 0.2000000030
14005  14.005  -32.785  41.927 0.2000000030
54289  13.785  -33.434  41.747 0.2000000030
16996  40.445  -25.144  32.678 0.4000000060
18877  54.387  -19.855  23.493 0.2000000030
19603  54.951  -18.244  23.894 0.2000000030
20268  55.513  -16.097  23.256 0.2000000030
15521  24.204  -29.213  39.268 0.2000000030
20549  50.238  -14.903  29.176 0.3000000119
22561  56.150  -9.022  21.627 0.4000000060
16296  32.824  -27.105  36.251 0.4000000060
15913  31.158  -27.942  37.326 0.4000000060
21194  50.891  -13.600  28.734 0.4000000060
14383  12.369  -32.495  42.584 0.2000000030
16988  39.099  -24.954  33.180 0.4000000060
19602  55.359  -17.854  23.345 0.2000000030
20244  49.798  -15.717  29.300 0.4000000060
16657  33.909  -26.221  35.684 0.2000000030
16303  35.363  -27.122  34.296 0.5000000000
16304  34.719  -27.073  34.788 0.6000000238
16300  34.104  -26.995  35.304 0.5000000000
15920  34.261  -27.561  34.952 0.6000000238
16660  36.503  -25.788  33.970 0.3000000119
16982  36.719  -25.082  33.993 0.3000000119
16661  35.854  -26.333  34.198 0.3000000119
16979  35.225  -25.844  34.749 0.2000000030
17329  32.651  -24.026  36.563 0.1000000015
17694  32.966  -23.206  36.419 0.1000000015
15907  27.962  -28.588  39.367 0.1000000015
17349  37.561  -24.786  33.694 0.3000000119
16990  37.319  -25.696  33.614 0.3000000119
16989  38.234  -25.279  33.362 0.3000000119
17752  52.803  -23.274  20.957 0.1000000015
17348  38.434  -24.478  33.440 0.3000000119
14858  49.189  -31.646  22.852 0.1000000015
17757  52.969  -23.389  20.271 0.1000000015
17746  53.227  -22.534  21.385 0.1000000015
18125  54.307  -21.914  19.435 0.1000000015
17755  53.836  -22.474  19.667 0.1000000015
17751  53.352  -22.786  20.636 0.1000000015
17747  52.632  -22.995  21.768 0.1000000015
17748  52.090  -23.359  22.153 0.1000000015
18120  53.842  -22.063  20.979 0.1000000015
18507  54.765  -21.325  19.215 0.1000000015
18123  53.755  -22.445  20.292 0.1000000015
19254  55.798  -19.421  19.971 0.1000000015
18888  55.531  -20.076  19.504 0.1000000015
52043  55.687  -19.429  20.704 0.1000000015
18886  55.447  -20.033  20.378 0.1000000015
19251  55.717  -19.045  21.308 0.1000000015
19257  55.866  -19.416  19.098 0.1000000015
18884  55.347  -19.847  21.282 0.1000000015
18500  55.055  -20.558  20.816 0.1000000015
18497  54.934  -20.443  21.507 0.1000000015
54565  54.981  -20.020  22.104 0.1000000015
18503  55.092  -20.778  19.908 0.1000000015
18501  54.645  -20.984  21.232 0.1000000015
18498  54.505  -20.750  22.030 0.1000000015
18504  54.699  -21.197  20.507 0.1000000015
18119  54.169  -21.408  21.545 0.1000000015
18115  53.938  -21.292  22.272 0.1000000015
53176  53.444  -21.710  22.469 0.1000000015
18116  53.626  -21.872  21.807 0.1000000015
58358  54.654  -21.431  19.871 0.1000000015
53193  54.345  -21.509  20.910 0.1000000015
18117  53.038  -22.264  22.165 0.1000000015
17743  52.457  -22.728  22.590 0.1000000015
18122  54.244  -21.877  20.245 0.1000000015
18510  54.797  -21.199  18.395 0.1000000015
19248  55.736  -18.478  21.979 0.1000000015
19605  55.554  -18.185  22.726 0.1000000015
19253  55.994  -18.731  20.509 0.1000000015
53764  55.392  -19.292  22.042 0.1000000015
57653  55.391  -18.814  22.587 0.1000000015
18880  54.966  -19.434  22.883 0.1000000015
18881  54.533  -20.246  22.767 0.1000000015
18494  54.145  -20.808  22.692 0.1000000015
18890  55.583  -20.026  18.622 0.1000000015
18111  53.610  -21.215  23.034 0.1000000015
18506  55.207  -20.684  18.970 0.1000000015
18112  52.943  -21.944  23.036 0.1000000015
18509  55.236  -20.565  18.111 0.1000000015
19244  55.177  -18.614  23.227 0.1000000015
57714  54.636  -19.060  23.818 0.1000000015
19256  56.097  -18.762  19.550 0.1000000015
18490  54.029  -20.532  23.305 0.1000000015
59154  55.649  -17.574  22.851 0.1000000015
19250  55.964  -18.402  21.237 0.1000000015
19950  55.836  -17.076  22.561 0.1000000015
20267  55.767  -16.518  22.783 0.1000000015
19608  56.191  -17.905  20.763 0.1000000015
19953  56.078  -17.117  21.888 0.1000000015
19606  56.050  -17.793  21.551 0.1000000015
20270  56.016  -16.502  22.215 0.1000000015
20572  55.853  -15.893  22.554 0.1000000015
19260  56.156  -18.764  18.656 0.1000000015
19610  56.270  -18.051  19.925 0.1000000015
19956  56.284  -17.086  21.059 0.1000000015
20272  56.232  -16.495  21.558 0.1000000015
19958  56.391  -17.307  20.199 0.1000000015
18108  53.142  -21.401  23.611 0.1000000015
19951  55.501  -17.006  23.274 0.1000000015
19613  56.342  -18.116  19.061 0.1000000015
20877  55.948  -15.166  22.126 0.1000000015
49427  56.361  -16.380  20.971 0.1000000015
56946  56.306  -15.964  21.253 0.1000000015
53379  56.256  -15.252  21.266 0.1000000015
20879  56.038  -14.474  21.593 0.1000000015
21213  55.873  -13.806  21.760 0.1000000015
21217  55.869  -13.113  21.543 0.1000000015
21555  55.598  -12.640  21.981 0.1000000015
21558  55.843  -12.282  21.416 0.1000000015
21915  55.876  -11.411  21.306 0.1000000015
22234  56.073  -10.629  21.037 0.1000000015
53724  56.374  -9.987  20.651 0.1000000015
22230  56.072  -9.842  21.372 0.1000000015
22567  56.644  -9.431  20.236 0.1000000015
22879  56.709  -8.692  20.433 0.1000000015
22566  56.860  -8.981  19.729 0.1000000015
22878  56.923  -8.177  19.878 0.1000000015
22564  56.422  -9.230  20.919 0.1000000015
22875  56.742  -7.915  20.623 0.1000000015
22876  56.484  -8.460  21.146 0.2000000030
23498  56.928  -7.383  20.056 0.1000000015
51176  56.482  -7.683  21.357 0.2000000030
23183  56.708  -7.127  20.795 0.2000000030
23175  55.201  -7.353  23.807 0.4000000060
23181  56.202  -7.597  21.981 0.3000000119
16656  34.607  -26.373  35.076 0.2000000030
58352  35.141  -26.545  34.611 0.3000000119
17760  53.817  -22.457  18.912 0.1000000015
19954  55.849  -17.712  22.276 0.1000000015
20575  56.131  -15.886  21.845 0.1000000015
21216  56.137  -13.749  21.022 0.1000000015
21914  56.157  -11.935  20.771 0.1000000015
54468  56.190  -11.238  20.730 0.1000000015
14387  9.040  -32.091  42.704 0.1000000015
51101  9.411  -32.882  42.323 0.1000000015
13681  9.807  -33.666  41.980 0.1000000015
14010  10.293  -33.037  42.393 0.2000000030
14009  11.137  -33.131  42.402 0.2000000030
14386  9.915  -32.255  42.764 0.1000000015
14375  10.411  -31.618  43.131 0.1000000015
14385  10.771  -32.372  42.773 0.1000000015
14384  11.592  -32.449  42.721 0.1000000015
14743  10.909  -30.958  43.424 0.1000000015
14742  11.754  -31.044  43.347 0.1000000015
14374  11.255  -31.710  43.089 0.1000000015
14373  12.067  -31.776  42.987 0.1000000015
13401  41.935  -35.551  27.271 0.2000000030
20247  47.620  -16.701  29.514 0.3000000119
23833  55.453  -5.741  23.220 0.2000000030
13680  10.686  -33.905  42.014 0.2000000030
14376  9.558  -31.499  43.121 0.1000000015
23836  55.802  -5.463  22.499 0.2000000030
18081  43.016  -22.866  32.500 0.2000000030
55543  43.223  -21.942  32.369 0.2000000030
55478  42.846  -21.011  32.419 0.2000000030
58166  42.574  -21.639  32.629 0.1000000015
18463  43.956  -21.863  31.923 0.4000000060
18839  42.206  -20.500  32.494 0.1000000015
19209  42.177  -19.781  32.359 0.1000000015
55540  43.619  -21.168  32.040 0.2000000030
18846  42.687  -20.256  32.304 0.1000000015
18849  43.984  -20.516  31.686 0.3000000119
18845  43.288  -20.382  32.060 0.2000000030
59776  42.198  -19.110  32.254 0.1000000015
18848  44.644  -20.550  31.231 0.3000000119
19215  42.872  -19.545  32.067 0.1000000015
19569  42.612  -18.590  31.992 0.1000000015
19219  43.689  -19.745  31.690 0.1000000015
19218  44.286  -19.963  31.363 0.2000000030
19227  46.180  -19.656  29.972 0.3000000119
19226  46.917  -19.374  29.601 0.3000000119
55564  46.664  -20.091  29.709 0.3000000119
19222  44.840  -19.835  30.942 0.3000000119
19568  43.419  -18.876  31.643 0.1000000015
19221  45.513  -19.806  30.450 0.3000000119
51596  49.396  -14.938  29.429 0.2000000030
20851  49.716  -14.067  29.361 0.2000000030
20850  50.379  -13.912  29.092 0.2000000030
21186  49.964  -13.210  29.282 0.2000000030
54527  49.626  -12.615  29.447 0.1000000015
21530  50.208  -12.228  29.176 0.1000000015
21537  50.843  -12.687  28.720 0.1000000015
21185  50.464  -13.134  29.011 0.1000000015
21893  50.837  -11.732  28.745 0.1000000015
24853  53.356  -3.282  25.422 0.1000000015
23486  53.675  -6.083  26.001 0.1000000015
20248  46.575  -16.367  29.683 0.2000000030
24523  54.548  -3.943  24.035 0.1000000015
25211  53.652  -1.796  23.945 0.1000000015
20852  48.903  -14.127  29.547 0.2000000030
21187  49.277  -13.269  29.507 0.1000000015
11613  15.407  -40.234  39.458 0.1000000015
10895  20.072  -41.360  35.071 0.2000000030
12290  10.510  -37.951  40.942 0.1000000015
12289  11.280  -37.971  40.960 0.1000000015
11948  11.956  -39.275  40.438 0.1000000015
49209  12.728  -39.287  40.388 0.1000000015
11601  14.288  -39.564  40.095 0.1000000015
11600  14.877  -39.926  39.823 0.1000000015
49878  22.912  -44.095  32.515 0.2000000030
10234  22.432  -43.767  32.822 0.2000000030
11234  14.713  -40.583  39.484 0.1000000015
10226  21.947  -43.142  33.354 0.2000000030
51189  11.657  -37.408  41.091 0.1000000015
12288  12.092  -37.953  40.949 0.1000000015
11940  12.392  -38.670  40.686 0.1000000015
11939  13.035  -38.749  40.585 0.1000000015
55454  13.729  -39.877  40.055 0.1000000015
57983  23.052  -43.563  32.725 0.2000000030
10564  22.652  -42.511  33.626 0.2000000030
11232  16.431  -40.133  38.845 0.1000000015
10905  21.749  -41.894  34.337 0.2000000030
13332  10.076  -34.401  41.678 0.1000000015
13001  10.941  -35.379  41.488 0.1000000015
12287  12.880  -38.058  40.836 0.1000000015
12297  13.591  -38.440  40.594 0.1000000015
11947  14.272  -38.823  40.341 0.1000000015
13331  11.688  -35.219  41.639 0.1000000015
51515  35.661  -39.720  30.355 0.2000000030
14094  43.429  -33.680  26.431 0.1000000015
13762  43.796  -34.470  26.093 0.1000000015
13763  43.279  -34.623  26.457 0.1000000015
13411  44.715  -35.234  25.494 0.1000000015
13761  44.387  -34.419  25.679 0.1000000015
13406  43.526  -35.321  26.304 0.1000000015
13407  42.867  -35.282  26.753 0.1000000015
13410  45.301  -35.232  25.045 0.1000000015
13079  44.489  -36.003  25.755 0.1000000015
13082  45.605  -36.070  24.861 0.1000000015
13078  45.028  -35.984  25.348 0.1000000015
14093  44.128  -33.442  25.958 0.1000000015
13766  44.973  -34.387  25.239 0.1000000015
14098  44.689  -33.635  25.510 0.1000000015
13414  45.922  -35.242  24.533 0.1000000015
13765  45.601  -34.381  24.806 0.1000000015
13768  46.241  -34.368  24.325 0.1000000015
14474  45.596  -32.199  25.488 0.1000000015
14097  45.342  -33.362  25.139 0.1000000015
14096  46.067  -32.791  24.910 0.1000000015
58398  42.400  -35.477  27.030 0.1000000015
57642  10.648  -34.671  41.674 0.2000000030
59275  15.870  -40.390  39.089 0.1000000015
11941  11.622  -38.633  40.740 0.1000000015
9889  22.324  -44.692  32.503 0.1000000015
10906  20.792  -41.826  34.619 0.2000000030
50258  13.545  -39.243  40.326 0.1000000015
10571  22.817  -43.063  33.075 0.2000000030
49959  21.999  -42.414  33.859 0.2000000030
10556  21.172  -42.659  33.935 0.2000000030
13405  44.141  -35.270  25.917 0.1000000015
13076  43.201  -36.124  26.548 0.1000000015
13071  42.439  -36.136  26.991 0.1000000015
13075  43.882  -36.081  26.138 0.1000000015
9888  23.199  -44.637  32.179 0.1000000015
10227  21.039  -43.593  33.453 0.1000000015
10565  20.494  -43.224  33.855 0.1000000015
10559  17.738  -43.132  34.890 0.1000000015
10557  20.287  -42.629  34.268 0.1000000015
10229  18.722  -44.431  33.916 0.1000000015
10221  18.094  -43.841  34.309 0.1000000015
48441  18.434  -43.144  34.638 0.1000000015
10219  19.759  -43.292  34.096 0.1000000015
58531  19.742  -42.688  34.424 0.1000000015
49187  19.496  -44.208  33.795 0.1000000015
10220  18.940  -43.615  34.220 0.1000000015
11304  36.934  -41.136  29.466 0.1000000015
10584  35.074  -42.693  29.251 0.1000000015
11305  36.195  -41.359  29.647 0.1000000015
11676  37.177  -40.528  29.641 0.1000000015
10577  34.433  -42.438  29.502 0.1000000015
10923  35.409  -41.512  29.813 0.1000000015
11665  36.958  -39.908  29.956 0.1000000015
11295  35.798  -40.825  30.024 0.1000000015
11666  36.126  -40.132  30.168 0.1000000015
11296  35.018  -40.930  30.135 0.1000000015
11667  35.388  -40.289  30.284 0.1000000015
20855  46.171  -14.709  29.826 0.1000000015
20854  47.078  -14.459  29.730 0.1000000015
20551  46.799  -15.361  29.696 0.1000000015
50691  47.376  -15.883  29.597 0.1000000015
21189  47.345  -13.529  29.773 0.1000000015
20550  47.675  -15.135  29.628 0.1000000015
20853  48.000  -14.245  29.658 0.1000000015
23499  56.684  -6.319  20.766 0.1000000015
23840  56.894  -6.076  19.986 0.1000000015
57186  56.878  -6.729  20.224 0.1000000015
26273  55.959  0.683  16.471 0.1000000015
25931  56.019  0.075  16.988 0.1000000015
24537  56.887  -4.093  18.734 0.1000000015
51356  56.176  0.682  15.707 0.1000000015
58861  56.279  -0.102  16.169 0.1000000015
50561  56.257  -0.633  17.112 0.1000000015
24875  56.816  -3.002  17.818 0.1000000015
24541  56.772  -3.257  18.574 0.1000000015
23838  56.415  -5.757  21.317 0.1000000015
23841  56.673  -5.489  20.542 0.1000000015
26274  55.688  0.609  17.307 0.1000000015
24185  56.617  -4.645  20.319 0.1000000015
24184  56.857  -5.248  19.742 0.1000000015
24188  56.786  -4.377  19.537 0.1000000015
24876  56.628  -2.474  18.362 0.1000000015
24873  56.548  -2.711  19.124 0.1000000015
24538  56.686  -3.526  19.342 0.1000000015
25230  56.490  -1.462  17.322 0.1000000015
24878  56.674  -2.241  17.586 0.1000000015
25227  56.449  -1.740  18.122 0.1000000015
24176  55.412  -4.925  23.010 0.1000000015
24180  55.736  -4.639  22.299 0.1000000015
24179  56.104  -5.171  21.797 0.1000000015
24529  56.035  -4.354  21.583 0.1000000015
24182  56.385  -4.911  21.075 0.1000000015
24532  56.306  -4.074  20.854 0.1000000015
24535  56.528  -3.798  20.107 0.1000000015
24871  56.402  -2.967  19.885 0.1000000015
25575  56.230  -1.012  17.945 0.1000000015
25225  56.377  -1.949  18.863 0.1000000015
24526  55.313  -4.114  22.809 0.1000000015
24869  56.190  -3.243  20.632 0.1000000015
25569  55.582  -0.885  19.843 0.1000000015
25219  56.032  -2.428  20.387 0.1000000015
52135  56.219  -1.352  18.576 0.1000000015
24530  55.627  -3.821  22.086 0.1000000015
24866  55.480  -3.007  21.858 0.1000000015
24533  55.925  -3.529  21.363 0.1000000015
24870  55.776  -2.713  21.128 0.1000000015
25220  55.586  -1.914  20.868 0.1000000015
25565  55.358  -1.151  20.583 0.1000000015
25929  55.909  -0.169  17.851 0.1000000015
25572  55.956  -0.763  18.611 0.1000000015
25568  56.009  -1.333  19.275 0.1000000015
25927  55.597  -0.079  18.751 0.1000000015
26262  54.248  0.751  20.500 0.1000000015
26603  53.329  2.133  20.715 0.1000000015
26607  53.719  2.165  20.059 0.1000000015
10558  19.143  -42.731  34.625 0.1000000015
48438  55.457  0.575  18.156 0.1000000015
25566  54.839  -0.676  21.009 0.1000000015
25923  55.326  -0.176  19.530 0.1000000015
25216  55.297  -2.203  21.609 0.1000000015
25561  55.073  -1.412  21.333 0.1000000015
25919  55.101  -0.423  20.282 0.1000000015
26264  55.049  0.650  19.072 0.1000000015
25573  55.712  -0.644  19.211 0.1000000015
25924  54.809  0.320  19.979 0.1000000015
26266  53.929  1.530  20.293 0.1000000015
25222  56.232  -2.158  19.623 0.1000000015
10907  19.808  -42.102  34.744 0.1000000015
25920  54.579  0.015  20.714 0.1000000015
24177  54.994  -4.406  23.520 0.1000000015
20552  45.897  -15.618  29.840 0.1000000015
11294  36.547  -40.656  29.855 0.1000000015
49276  34.389  -43.228  29.133 0.1000000015
10934  35.059  -42.099  29.603 0.1000000015
10933  35.778  -42.151  29.351 0.1000000015
50730  34.705  -40.365  30.332 0.1000000015
21190  46.414  -13.793  29.841 0.1000000015
25233  56.556  -1.157  16.331 0.1000000015
24540  56.923  -3.775  17.980 0.1000000015
25223  55.829  -1.634  20.109 0.1000000015
24867  54.983  -2.504  22.347 0.1000000015
16945  2.438  -24.406  42.110 0.1000000015
59735  12.536  -37.625  41.006 0.2000000030
