#!ascii label  , from subject sub-1016 vox2ras=TkReg
371
30093  17.384  12.650  -44.370 0.2500000000
29770  17.379  11.880  -44.217 0.2500000000
53694  18.372  14.283  -44.833 0.2500000000
30733  17.649  14.013  -44.588 0.1250000000
30106  18.247  13.489  -44.818 0.3750000000
56415  17.693  13.267  -44.609 0.2500000000
29769  17.951  11.999  -44.551 0.7500000000
54909  17.779  11.261  -44.311 0.8750000000
29118  18.339  9.889  -44.276 0.8750000000
30105  18.111  12.736  -44.722 0.3750000000
29453  18.944  10.717  -44.714 1.0000000000
29782  18.459  11.355  -44.656 1.0000000000
29445  18.310  10.633  -44.455 1.0000000000
51469  18.825  12.915  -44.929 0.8750000000
49968  18.660  12.107  -44.818 0.8750000000
29117  18.978  9.527  -44.536 1.0000000000
29444  18.781  10.167  -44.561 1.0000000000
29128  19.342  10.056  -44.752 1.0000000000
29452  19.625  10.673  -44.891 1.0000000000
29781  19.184  11.405  -44.861 1.0000000000
28797  19.777  9.246  -44.838 1.0000000000
28461  19.843  8.315  -44.731 1.0000000000
28792  19.156  8.720  -44.504 1.0000000000
31347  19.725  16.528  -44.934 0.2500000000
30732  18.533  15.054  -44.817 0.2500000000
30731  19.068  14.584  -44.959 0.3750000000
30424  18.947  13.753  -44.979 0.5000000000
30423  19.577  13.188  -45.053 1.0000000000
30104  19.518  12.232  -44.989 1.0000000000
29127  19.960  10.006  -44.952 1.0000000000
29780  19.969  11.335  -44.996 1.0000000000
28796  20.541  8.588  -45.039 1.0000000000
31346  20.299  16.036  -44.989 0.5000000000
31030  19.448  15.873  -44.945 0.3750000000
30730  19.827  15.080  -45.006 0.3750000000
50627  19.109  15.275  -44.934 0.5000000000
52268  19.713  14.083  -45.040 0.8750000000
30422  20.440  13.469  -45.068 1.0000000000
30103  20.133  12.694  -45.086 1.0000000000
29451  20.382  10.520  -45.080 1.0000000000
29126  20.702  9.554  -45.171 1.0000000000
31029  20.732  15.270  -45.027 0.6250000000
30729  20.515  14.444  -45.038 0.6250000000
29778  21.405  11.157  -45.337 1.0000000000
29779  20.761  11.196  -45.165 1.0000000000
52318  20.382  11.981  -45.092 1.0000000000
29450  21.286  10.386  -45.345 1.0000000000
29125  21.677  9.464  -45.457 0.8750000000
28795  21.367  8.710  -45.323 0.8750000000
30421  21.311  13.278  -45.009 1.0000000000
30101  21.630  12.430  -45.043 1.0000000000
30102  20.832  12.612  -45.104 1.0000000000
54535  21.883  11.575  -45.215 1.0000000000
50690  21.986  10.798  -45.458 1.0000000000
29449  22.132  10.037  -45.555 1.0000000000
31345  21.156  15.900  -45.014 0.5000000000
30728  21.358  14.777  -44.996 1.0000000000
52385  21.774  13.998  -44.919 1.0000000000
30100  22.441  12.124  -44.825 1.0000000000
29777  22.602  11.132  -45.277 1.0000000000
53386  22.598  10.443  -45.540 1.0000000000
31658  23.164  17.007  -44.956 1.0000000000
54859  22.792  17.696  -45.022 0.3750000000
30727  22.224  14.779  -44.874 1.0000000000
30419  22.669  13.122  -44.451 1.0000000000
54767  23.634  17.712  -45.015 0.8750000000
31342  23.425  16.344  -44.851 1.0000000000
58936  23.081  15.940  -44.851 1.0000000000
30726  22.955  14.835  -44.609 1.0000000000
52387  23.072  14.056  -44.294 1.0000000000
56359  22.934  12.293  -44.425 1.0000000000
31973  23.989  18.445  -45.001 0.7500000000
55773  24.010  16.244  -44.736 1.0000000000
31027  23.460  15.663  -44.669 1.0000000000
52388  23.625  14.144  -43.913 1.0000000000
30725  23.643  14.965  -44.288 1.0000000000
54776  24.092  16.951  -44.934 1.0000000000
32608  26.950  20.102  -44.319 0.1250000000
32966  27.490  20.772  -43.963 0.1250000000
32280  27.328  19.197  -44.590 0.2500000000
32607  27.880  20.001  -44.207 0.2500000000
31965  27.209  18.258  -44.827 0.5000000000
31964  28.031  18.531  -44.647 0.2500000000
31651  27.898  17.793  -44.771 0.3750000000
32279  28.349  19.262  -44.377 0.2500000000
58017  28.505  18.056  -44.628 0.2500000000
31650  28.560  17.469  -44.622 0.3750000000
30414  17.155  13.468  -44.347 0.1250000000
52316  21.078  13.993  -45.022 0.8750000000
30094  16.664  13.008  -44.003 0.1250000000
29119  17.628  10.411  -43.975 0.7500000000
29105  17.837  9.484  -43.852 1.0000000000
28793  18.486  9.087  -44.193 1.0000000000
50942  19.309  7.924  -44.391 1.0000000000
28467  20.463  7.786  -44.880 0.8750000000
28466  21.165  7.950  -45.178 0.8750000000
28804  22.237  8.726  -45.631 0.8750000000
31975  22.334  18.296  -45.038 0.1250000000
56205  22.118  17.679  -45.033 0.1250000000
54861  20.993  16.668  -44.998 0.3750000000
29124  22.337  9.405  -45.677 0.8750000000
31343  22.639  16.269  -44.925 0.8750000000
29776  23.193  11.350  -44.857 1.0000000000
30099  23.345  12.034  -44.210 1.0000000000
30418  23.132  13.111  -44.079 1.0000000000
52689  24.593  17.780  -45.017 0.8750000000
31341  24.709  16.471  -44.718 1.0000000000
31026  24.257  15.771  -44.445 1.0000000000
32958  27.124  21.533  -43.719 0.1250000000
32609  26.090  20.301  -44.335 0.1250000000
52739  26.574  18.710  -44.820 0.6250000000
31654  27.925  17.100  -44.709 0.5000000000
32278  29.202  19.253  -44.153 0.1250000000
31963  28.837  18.591  -44.447 0.2500000000
54964  29.145  17.895  -44.463 0.2500000000
31334  28.545  16.917  -44.521 0.3750000000
31649  29.271  17.090  -44.344 0.2500000000
51735  21.145  11.823  -45.184 1.0000000000
30420  22.077  13.161  -44.816 1.0000000000
58480  21.280  15.382  -45.011 0.7500000000
52386  22.485  13.999  -44.659 1.0000000000
31659  22.350  17.061  -45.002 0.7500000000
31028  22.730  15.506  -44.848 1.0000000000
32967  26.639  20.865  -44.042 0.1250000000
32281  26.233  19.458  -44.636 0.3750000000
29771  16.798  12.192  -43.939 0.2500000000
29432  17.006  11.278  -43.808 0.6250000000
55818  21.886  15.580  -44.967 0.8750000000
31344  21.771  16.454  -45.007 0.7500000000
56181  24.984  17.146  -44.936 1.0000000000
30724  24.485  15.116  -44.002 1.0000000000
31971  26.280  17.944  -44.933 0.7500000000
31655  27.073  17.363  -44.848 0.7500000000
31333  28.853  16.450  -44.233 0.3750000000
28093  17.289  7.069  -42.554 0.7500000000
27446  17.788  5.675  -42.307 0.7500000000
28442  17.110  7.782  -42.665 0.7500000000
28773  16.865  8.669  -42.721 0.7500000000
56166  17.762  6.786  -42.868 0.7500000000
28092  17.681  7.420  -43.062 0.7500000000
27770  18.084  6.196  -42.860 0.7500000000
29106  17.216  9.818  -43.466 0.7500000000
28451  17.523  8.225  -43.201 0.7500000000
28781  17.998  8.650  -43.737 0.8750000000
28782  17.387  9.045  -43.340 0.8750000000
28101  18.329  6.899  -43.376 0.7500000000
27454  18.745  6.076  -43.306 0.7500000000
28450  18.156  7.810  -43.599 0.7500000000
28109  18.843  7.444  -43.954 0.8750000000
28100  19.135  6.629  -43.811 0.7500000000
28462  18.645  8.267  -44.096 0.8750000000
28108  19.571  7.179  -44.267 0.8750000000
28460  19.886  7.654  -44.597 0.8750000000
27785  20.857  6.374  -44.644 0.3750000000
28107  20.297  7.075  -44.624 0.7500000000
27784  21.533  5.632  -44.673 0.5000000000
28116  21.107  7.151  -45.027 0.7500000000
27472  22.323  5.316  -44.943 0.1250000000
27793  21.616  6.439  -45.049 0.3750000000
27141  22.629  4.628  -44.805 0.1250000000
28114  22.334  6.556  -45.407 0.1250000000
28474  22.281  7.299  -45.571 0.6250000000
28465  21.887  8.012  -45.467 0.6250000000
27792  22.827  5.796  -45.326 0.1250000000
28122  23.037  6.515  -45.661 0.1250000000
58027  22.678  6.904  -45.652 0.1250000000
50630  22.620  7.945  -45.745 0.5000000000
27471  22.906  5.105  -45.085 0.1250000000
28473  23.071  7.249  -45.829 0.5000000000
51712  23.257  7.910  -45.926 0.5000000000
28803  22.987  8.505  -45.862 0.6250000000
53982  22.759  9.081  -45.808 0.7500000000
32289  24.850  18.654  -44.963 0.5000000000
29133  23.359  9.040  -45.864 0.6250000000
54195  23.710  9.645  -45.734 0.6250000000
56311  23.304  10.481  -45.505 0.8750000000
53567  24.087  8.932  -45.901 0.5000000000
29784  23.753  10.666  -45.148 0.7500000000
29775  23.793  11.129  -44.633 0.8750000000
30417  23.518  13.053  -43.698 0.8750000000
29132  24.420  9.493  -45.717 0.5000000000
28801  24.436  8.213  -46.033 0.2500000000
29455  24.049  10.130  -45.514 0.5000000000
31972  25.388  18.005  -44.998 0.7500000000
59663  25.157  17.583  -45.006 0.7500000000
51570  24.565  9.904  -45.423 0.5000000000
30098  23.766  11.848  -43.893 0.7500000000
55061  24.822  8.831  -45.891 0.2500000000
31966  25.780  18.679  -44.889 0.6250000000
31025  25.136  15.973  -44.391 0.8750000000
31340  25.633  16.716  -44.738 0.7500000000
30416  23.896  13.030  -43.219 0.7500000000
29774  24.287  10.903  -44.387 0.5000000000
29131  25.073  9.402  -45.531 0.2500000000
29448  24.861  10.081  -44.974 0.5000000000
29783  24.251  10.429  -45.070 0.5000000000
31656  26.244  17.218  -44.874 0.7500000000
31339  26.533  16.693  -44.709 0.7500000000
31024  26.036  16.084  -44.466 0.7500000000
53242  25.480  15.477  -44.024 0.7500000000
54480  24.843  14.232  -43.067 0.7500000000
30097  24.219  11.783  -43.490 0.5000000000
29773  24.777  10.740  -43.970 0.3750000000
53486  26.441  15.493  -44.034 0.7500000000
30723  25.608  14.970  -43.612 0.7500000000
30096  24.404  11.593  -42.513 0.3750000000
54359  24.397  12.982  -42.599 0.3750000000
59493  25.317  9.598  -45.194 0.1250000000
29454  25.474  9.818  -44.587 0.1250000000
59765  26.769  16.182  -44.486 0.6250000000
30415  25.269  13.756  -42.333 0.3750000000
30722  26.165  14.553  -43.058 0.3750000000
29122  26.573  8.823  -44.297 0.1250000000
29447  25.993  9.460  -43.715 0.1250000000
29123  26.056  9.222  -44.764 0.1250000000
55992  27.314  16.627  -44.654 0.6250000000
31023  27.394  16.009  -44.273 0.3750000000
30092  25.995  12.821  -40.372 0.2500000000
29443  25.827  9.719  -41.809 0.1250000000
30095  24.866  12.908  -41.408 0.3750000000
29772  25.123  10.330  -42.996 0.1250000000
31338  28.063  16.508  -44.445 0.3750000000
30721  27.384  15.281  -43.623 0.3750000000
30717  27.363  14.434  -42.656 0.3750000000
30413  26.124  13.791  -41.710 0.3750000000
29442  27.135  9.367  -40.787 0.1250000000
29768  24.688  11.135  -40.629 0.1250000000
29446  26.828  8.948  -42.720 0.1250000000
31019  28.260  15.918  -43.992 0.2500000000
30716  28.558  15.176  -43.326 0.2500000000
30412  27.522  13.682  -41.286 0.1250000000
48359  27.287  12.626  -40.100 0.1250000000
48358  27.558  10.326  -39.688 0.1250000000
51738  28.416  14.340  -42.546 0.1250000000
48430  28.598  12.837  -40.867 0.1250000000
30411  29.130  13.816  -42.035 0.1250000000
29441  28.685  9.246  -40.144 0.1250000000
30082  28.056  11.628  -40.002 0.1250000000
52824  29.483  14.634  -42.958 0.1250000000
50261  29.357  11.919  -40.713 0.1250000000
56864  30.054  9.247  -40.120 0.1250000000
27786  19.986  6.334  -44.163 0.6250000000
31657  25.625  17.426  -44.950 0.8750000000
57221  24.957  14.837  -43.708 0.7500000000
52955  24.164  14.182  -43.549 0.7500000000
48473  26.450  11.533  -39.419 0.1250000000
48450  29.311  10.543  -40.164 0.1250000000
28115  21.789  6.982  -45.302 0.5000000000
50449  21.640  7.475  -45.328 0.6250000000
28802  23.679  8.352  -45.978 0.3750000000
27764  17.211  5.967  -41.880 0.7500000000
28087  16.979  6.737  -42.060 0.7500000000
28443  16.565  7.998  -42.222 0.7500000000
27771  17.491  6.393  -42.420 0.7500000000
59868  18.094  5.050  -42.204 0.7500000000
27445  18.494  5.414  -42.778 0.6250000000
27461  20.660  5.619  -44.213 0.3750000000
27460  21.206  4.899  -44.184 0.1250000000
27459  21.942  4.804  -44.548 0.1250000000
59825  22.714  3.675  -44.454 0.1250000000
57769  23.271  4.576  -45.010 0.1250000000
27791  23.477  5.216  -45.271 0.1250000000
32290  24.203  19.041  -44.908 0.3750000000
27797  23.607  5.928  -45.599 0.1250000000
52319  23.928  7.520  -46.018 0.1250000000
32282  25.323  19.311  -44.771 0.5000000000
28800  25.211  8.124  -45.959 0.1250000000
55430  25.534  8.703  -45.749 0.1250000000
29130  25.724  9.137  -45.273 0.1250000000
29129  26.313  8.812  -45.070 0.1250000000
28798  26.896  8.254  -44.863 0.1250000000
29121  27.385  8.261  -43.561 0.1250000000
29116  28.213  8.394  -41.623 0.1250000000
29115  29.283  7.428  -41.691 0.1250000000
32965  28.351  20.694  -43.819 0.1250000000
31018  29.207  15.852  -43.805 0.2500000000
59774  29.618  15.293  -43.432 0.1250000000
51446  30.125  12.864  -41.834 0.1250000000
54115  29.757  8.083  -40.210 0.1250000000
29456  22.894  9.737  -45.717 0.7500000000
31974  23.140  18.395  -45.022 0.3750000000
51763  16.854  7.363  -42.247 0.7500000000
53145  16.948  10.495  -43.494 0.6250000000
56184  22.122  5.947  -45.102 0.2500000000
56631  25.940  9.994  -39.828 0.1250000000
28088  16.545  7.302  -41.931 0.7500000000
29100  16.613  10.040  -43.052 0.5000000000
57264  16.904  9.411  -43.017 0.6250000000
27779  19.419  5.878  -43.660 0.6250000000
27778  20.008  5.579  -43.859 0.5000000000
28121  23.737  6.675  -45.866 0.1250000000
52991  16.396  9.440  -42.580 0.5000000000
27437  17.067  5.551  -41.478 0.6250000000
27436  17.550  5.117  -41.678 0.6250000000
27435  18.119  4.482  -41.815 0.3750000000
27108  18.744  3.967  -41.954 0.2500000000
51279  19.078  5.482  -43.252 0.5000000000
54376  18.203  3.883  -41.360 0.5000000000
27110  17.290  4.766  -41.181 0.6250000000
28774  16.204  8.788  -42.173 0.3750000000
28438  16.139  8.213  -41.937 0.3750000000
27765  16.810  6.377  -41.704 0.6250000000
26784  17.807  3.854  -40.878 0.3750000000
27109  17.678  4.358  -41.237 0.5000000000
27121  18.654  4.637  -42.400 0.2500000000
27444  19.167  4.883  -42.970 0.3750000000
27453  19.636  5.201  -43.461 0.2500000000
27452  20.389  4.884  -43.732 0.2500000000
31348  19.069  16.524  -44.797 0.1250000000
54901  20.283  16.923  -44.956 0.2500000000
27124  21.047  4.139  -43.752 0.2500000000
31660  21.602  17.236  -45.019 0.3750000000
59804  25.551  19.896  -44.550 0.2500000000
31031  18.739  15.789  -44.799 0.2500000000
27126  19.827  4.534  -43.213 0.2500000000
27761  15.871  6.000  -40.663 0.5000000000
27104  17.446  4.067  -40.719 0.2500000000
27105  16.541  4.404  -40.272 0.3750000000
28083  15.881  6.776  -41.052 0.5000000000
27758  14.569  6.480  -39.789 0.1250000000
27757  15.151  6.040  -40.074 0.3750000000
28089  15.581  7.456  -41.120 0.2500000000
27423  14.866  4.629  -38.926 0.1250000000
55472  15.275  4.902  -39.508 0.2500000000
27428  15.873  4.690  -39.873 0.3750000000
26776  17.435  3.724  -40.220 0.2500000000
27431  16.223  5.110  -40.497 0.5000000000
27429  14.667  5.544  -39.366 0.1250000000
27432  15.496  5.370  -40.016 0.3750000000
28084  15.205  6.836  -40.494 0.1250000000
28433  14.983  7.747  -40.695 0.1250000000
26775  17.699  3.615  -40.381 0.2500000000
27099  16.219  4.106  -39.575 0.2500000000
27100  15.532  4.332  -39.239 0.1250000000
29433  16.282  10.895  -43.138 0.1250000000
32611  24.036  19.723  -44.791 0.1250000000
32610  24.862  19.874  -44.642 0.1250000000
32283  24.651  19.314  -44.817 0.1250000000
52843  24.377  20.453  -44.511 0.1250000000
32291  23.509  19.091  -44.958 0.1250000000
32968  25.247  20.563  -44.340 0.1250000000
32960  25.294  21.441  -43.930 0.1250000000
28775  15.797  9.534  -42.152 0.1250000000
29101  15.980  10.165  -42.594 0.1250000000
31976  21.512  18.079  -45.009 0.1250000000
55185  22.581  19.110  -44.998 0.1250000000
32969  23.941  21.065  -44.335 0.1250000000
33303  24.384  21.609  -43.981 0.1250000000
57402  25.905  20.943  -44.090 0.1250000000
29759  16.283  11.789  -43.450 0.1250000000
29760  15.693  11.602  -42.945 0.1250000000
52646  24.646  21.030  -44.232 0.1250000000
33297  25.772  22.211  -43.505 0.1250000000
26783  18.276  3.381  -40.777 0.1250000000
59477  18.932  3.041  -40.937 0.1250000000
50587  18.821  3.426  -41.413 0.1250000000
26782  19.401  3.412  -42.020 0.1250000000
27120  19.409  4.098  -42.612 0.1250000000
26794  20.109  3.373  -42.625 0.1250000000
26798  20.616  3.663  -43.220 0.1250000000
27125  20.392  4.242  -43.377 0.1250000000
26770  17.734  3.400  -39.968 0.1250000000
26447  18.068  3.222  -40.172 0.1250000000
26446  18.737  2.861  -40.313 0.1250000000
26457  19.425  2.933  -41.432 0.1250000000
26781  20.012  2.831  -41.996 0.1250000000
26793  20.853  3.012  -42.946 0.1250000000
26797  21.318  3.335  -43.489 0.1250000000
27119  20.060  3.971  -43.020 0.1250000000
26771  16.578  3.603  -39.182 0.1250000000
48689  20.530  2.773  -42.446 0.1250000000
