#!ascii label  , from subject sub-1016 vox2ras=TkReg
237
12965  14.017  -36.905  -45.043 0.6000000238
13977  11.327  -34.803  -44.238 0.6999999881
52437  11.738  -35.322  -44.396 0.6999999881
58360  11.964  -37.559  -44.632 0.8999999762
12967  12.672  -37.543  -44.799 0.8000000119
12966  13.183  -36.792  -44.857 0.8000000119
57474  14.485  -36.354  -45.107 0.6999999881
13293  14.824  -36.975  -45.218 0.6999999881
54325  11.209  -34.105  -44.140 0.6999999881
54104  12.157  -35.883  -44.551 0.6999999881
13296  12.236  -36.730  -44.638 0.8000000119
13295  12.882  -35.962  -44.727 0.8000000119
13294  13.816  -36.016  -44.937 0.6000000238
13643  14.553  -35.769  -45.087 0.6000000238
14340  11.793  -33.419  -44.245 0.4000000060
13976  12.035  -34.391  -44.395 0.6000000238
13645  12.530  -35.184  -44.586 0.6000000238
13644  13.385  -35.180  -44.783 0.6999999881
51657  15.027  -35.207  -45.169 0.6000000238
13654  15.227  -36.116  -45.261 0.6000000238
13305  15.751  -36.992  -45.432 0.5000000000
14711  11.508  -32.599  -44.083 0.5000000000
14341  10.979  -33.298  -43.988 0.6000000238
14339  12.663  -33.523  -44.485 0.5000000000
13975  13.001  -34.375  -44.637 0.6000000238
13974  13.869  -34.391  -44.843 0.6000000238
55071  14.223  -35.162  -44.973 0.5000000000
13988  14.702  -34.418  -45.048 0.6000000238
13653  15.945  -35.334  -45.398 0.5000000000
53366  16.016  -36.185  -45.454 0.5000000000
14712  10.721  -32.488  -43.792 0.5000000000
14710  12.381  -32.581  -44.336 0.4000000060
53117  13.038  -32.078  -44.479 0.3000000119
14709  13.239  -32.774  -44.581 0.3000000119
14338  13.537  -33.586  -44.711 0.5000000000
15077  11.284  -31.820  -43.903 0.5000000000
15076  11.917  -31.162  -44.068 0.5000000000
53487  11.920  -31.972  -44.146 0.5000000000
15075  12.528  -31.682  -44.310 0.4000000060
51938  13.749  -32.045  -44.672 0.3000000119
54766  14.079  -32.822  -44.806 0.4000000060
14337  14.379  -33.631  -44.926 0.5000000000
13987  15.535  -34.453  -45.260 0.5000000000
14350  15.989  -33.681  -45.339 0.5000000000
13652  16.627  -35.860  -45.589 0.5000000000
54417  16.822  -35.107  -45.607 0.4000000060
15068  11.097  -31.005  -43.746 0.5000000000
55086  12.638  -30.990  -44.296 0.4000000060
15074  13.298  -31.298  -44.507 0.3000000119
14708  14.675  -32.001  -44.911 0.4000000060
14721  14.908  -32.897  -45.021 0.5000000000
14351  15.193  -33.675  -45.134 0.6000000238
13986  16.378  -34.422  -45.472 0.5000000000
15446  11.610  -30.296  -43.893 0.4000000060
15456  12.369  -30.359  -44.163 0.4000000060
15455  13.104  -30.445  -44.397 0.4000000060
15073  14.180  -31.296  -44.732 0.4000000060
56936  15.470  -32.280  -45.120 0.6000000238
51465  15.662  -32.986  -45.212 0.5000000000
59192  16.035  -32.458  -45.260 0.4000000060
15844  12.112  -29.574  -44.025 0.4000000060
15843  12.862  -29.694  -44.268 0.4000000060
15454  13.882  -30.547  -44.610 0.4000000060
15072  14.845  -31.240  -44.882 0.4000000060
15089  15.515  -31.442  -45.051 0.5000000000
16221  12.688  -28.836  -44.145 0.4000000060
15842  13.609  -29.792  -44.476 0.4000000060
53696  14.492  -29.819  -44.667 0.4000000060
15453  14.639  -30.651  -44.784 0.3000000119
15452  15.225  -30.199  -44.833 0.3000000119
56932  16.036  -31.918  -45.206 0.5000000000
16222  11.846  -28.789  -43.868 0.4000000060
54787  13.331  -29.180  -44.347 0.4000000060
53919  14.016  -29.088  -44.487 0.4000000060
53949  14.852  -28.956  -44.614 0.3000000119
15841  15.241  -29.536  -44.752 0.3000000119
59790  15.216  -30.825  -44.911 0.3000000119
15467  15.845  -30.611  -45.000 0.4000000060
15466  16.665  -30.197  -45.074 0.4000000060
16220  13.505  -28.512  -44.310 0.3000000119
16219  14.327  -28.300  -44.437 0.3000000119
15857  15.904  -29.771  -44.886 0.3000000119
16218  15.313  -28.063  -44.541 0.4000000060
51620  15.724  -28.954  -44.729 0.4000000060
57880  16.712  -29.147  -44.911 0.4000000060
16217  16.303  -28.256  -44.696 0.5000000000
16216  17.167  -28.245  -44.824 0.4000000060
12978  13.492  -37.608  -44.980 0.6999999881
16579  12.273  -28.180  -43.953 0.4000000060
11911  11.511  -40.573  -44.661 0.6000000238
11568  11.829  -41.420  -44.782 0.6000000238
11198  12.395  -42.995  -44.989 0.6000000238
50369  10.467  -42.058  -44.374 0.5000000000
11569  10.982  -41.325  -44.531 0.6000000238
12252  11.182  -39.749  -44.533 0.6999999881
11567  12.767  -41.581  -45.027 0.6000000238
11186  12.076  -42.262  -44.882 0.6000000238
59844  12.719  -42.375  -45.049 0.6000000238
10833  13.629  -43.437  -45.277 0.6999999881
11912  10.675  -40.504  -44.410 0.6000000238
53525  10.866  -38.942  -44.405 0.6999999881
11570  10.167  -41.244  -44.264 0.5000000000
12251  12.020  -39.801  -44.766 0.6999999881
11910  12.397  -40.633  -44.896 0.5000000000
11197  13.251  -42.189  -45.161 0.6000000238
50906  13.131  -42.861  -45.157 0.6999999881
11577  13.715  -41.595  -45.232 0.6999999881
11196  13.944  -42.547  -45.310 0.6999999881
10163  17.082  -45.171  -45.877 0.4000000060
10494  16.095  -44.139  -45.726 0.5000000000
10831  15.328  -43.506  -45.583 0.6000000238
11195  14.907  -42.615  -45.490 0.6999999881
12254  9.463  -39.575  -43.971 0.5000000000
12601  10.094  -38.853  -44.155 0.5000000000
58057  10.569  -38.279  -44.282 0.6000000238
12253  10.357  -39.679  -44.275 0.5000000000
50155  11.679  -38.984  -44.639 0.6999999881
11576  14.583  -41.762  -45.402 0.6999999881
53797  10.145  -36.973  -44.061 0.5000000000
12602  9.447  -38.696  -43.925 0.4000000060
12968  10.690  -37.547  -44.277 0.5000000000
12969  9.877  -37.944  -44.036 0.5000000000
55177  11.408  -37.163  -44.459 0.6999999881
12600  11.334  -38.105  -44.499 0.6000000238
11920  13.411  -40.608  -45.124 0.6999999881
11919  14.352  -40.890  -45.325 0.8000000119
11194  15.659  -42.683  -45.631 0.5000000000
11575  15.527  -41.812  -45.584 0.6000000238
49663  15.064  -41.117  -45.470 0.6000000238
12593  9.011  -38.126  -43.738 0.4000000060
55085  10.836  -36.818  -44.271 0.6000000238
12599  12.187  -38.259  -44.731 0.6999999881
12611  12.503  -39.045  -44.849 0.6999999881
57715  12.988  -38.322  -44.919 0.8000000119
12264  12.864  -39.818  -44.970 0.6000000238
11193  16.335  -42.289  -45.770 0.5000000000
13287  9.733  -36.208  -43.857 0.5000000000
13288  8.899  -36.149  -43.540 0.4000000060
13298  10.548  -36.185  -44.132 0.5000000000
13297  11.410  -36.221  -44.389 0.6000000238
51798  13.294  -39.084  -45.027 0.6000000238
56289  14.056  -39.179  -45.186 0.6999999881
12262  14.226  -40.003  -45.261 0.6999999881
11918  15.117  -40.261  -45.446 0.6999999881
49952  15.894  -40.143  -45.605 0.6000000238
11574  16.398  -41.359  -45.763 0.6000000238
50243  15.747  -40.861  -45.599 0.6000000238
13978  10.683  -34.736  -44.038 0.5000000000
13647  10.211  -35.432  -43.952 0.5000000000
13638  9.413  -35.363  -43.659 0.5000000000
13646  10.981  -35.451  -44.202 0.5000000000
59777  13.790  -38.399  -45.090 0.6000000238
12610  14.601  -38.507  -45.259 0.6000000238
50010  14.852  -39.343  -45.351 0.6999999881
12261  15.673  -39.470  -45.528 0.6999999881
12260  16.447  -39.647  -45.718 0.4000000060
14342  10.458  -33.971  -43.881 0.5000000000
13979  9.931  -34.634  -43.770 0.5000000000
14332  9.748  -33.840  -43.600 0.5000000000
13971  9.101  -34.440  -43.430 0.5000000000
57862  8.369  -34.598  -43.137 0.5000000000
12977  14.313  -37.696  -45.154 0.6000000238
12976  15.156  -37.789  -45.337 0.4000000060
12609  15.432  -38.637  -45.439 0.5000000000
12608  16.281  -38.788  -45.644 0.4000000060
14333  9.189  -33.607  -43.345 0.5000000000
57916  8.475  -33.722  -43.047 0.4000000060
13965  7.764  -34.340  -42.821 0.5000000000
14326  7.650  -33.457  -42.608 0.4000000060
52153  7.048  -34.099  -42.447 0.4000000060
12975  16.013  -37.925  -45.542 0.4000000060
14331  10.217  -33.187  -43.697 0.5000000000
53303  9.601  -33.167  -43.448 0.4000000060
56874  9.232  -32.223  -43.131 0.4000000060
14704  9.043  -32.846  -43.151 0.5000000000
14696  8.763  -32.103  -42.882 0.4000000060
14697  8.241  -32.746  -42.753 0.5000000000
54790  8.069  -31.774  -42.443 0.3000000119
14698  7.474  -32.569  -42.323 0.3000000119
14703  9.823  -32.333  -43.410 0.5000000000
15069  10.544  -31.668  -43.597 0.4000000060
58888  9.953  -31.462  -43.324 0.4000000060
55062  10.380  -30.877  -43.438 0.4000000060
15448  10.143  -30.111  -43.239 0.4000000060
55459  9.712  -30.821  -43.116 0.4000000060
15447  10.857  -30.193  -43.583 0.4000000060
15834  10.607  -29.395  -43.397 0.4000000060
15835  9.886  -29.320  -43.013 0.4000000060
15833  11.346  -29.486  -43.733 0.4000000060
50927  9.447  -30.068  -42.867 0.4000000060
16210  9.633  -28.495  -42.759 0.4000000060
16208  11.098  -28.689  -43.556 0.4000000060
16209  10.365  -28.592  -43.191 0.4000000060
10830  16.209  -43.192  -45.748 0.5000000000
10495  15.346  -44.354  -45.589 0.5000000000
12959  9.209  -37.130  -43.743 0.4000000060
12263  13.570  -39.739  -45.117 0.6000000238
11917  16.478  -40.478  -45.755 0.6000000238
14327  6.911  -33.262  -42.203 0.4000000060
6450  17.032  -56.803  -42.870 0.3000000119
57995  15.705  -48.341  -45.321 0.4000000060
8826  15.854  -49.502  -45.113 0.4000000060
8488  16.431  -50.186  -45.020 0.4000000060
9485  15.206  -47.506  -45.371 0.4000000060
9828  14.637  -46.613  -45.381 0.4000000060
9829  13.876  -46.205  -45.293 0.5000000000
53187  16.496  -48.237  -45.452 0.4000000060
10165  13.570  -45.541  -45.269 0.5000000000
9154  16.303  -48.866  -45.299 0.5000000000
59798  15.777  -48.926  -45.225 0.5000000000
8825  16.665  -49.448  -45.220 0.5000000000
8468  16.048  -50.992  -44.784 0.4000000060
8140  16.525  -51.753  -44.636 0.4000000060
7459  16.845  -53.248  -44.252 0.4000000060
9826  16.680  -46.778  -45.684 0.4000000060
9827  15.711  -46.666  -45.535 0.4000000060
52726  15.281  -45.778  -45.536 0.4000000060
9484  16.140  -47.537  -45.506 0.4000000060
52454  14.384  -45.650  -45.407 0.5000000000
9483  17.027  -47.684  -45.621 0.4000000060
53921  14.907  -44.956  -45.512 0.5000000000
53920  14.033  -44.777  -45.369 0.6000000238
10497  13.405  -44.209  -45.250 0.6000000238
54138  13.280  -44.891  -45.224 0.6000000238
10832  14.416  -43.378  -45.420 0.6000000238
57431  14.029  -43.995  -45.365 0.6000000238
8467  17.004  -50.915  -44.904 0.4000000060
7797  17.044  -52.474  -44.485 0.4000000060
53209  15.727  -44.985  -45.642 0.4000000060
10496  14.675  -44.164  -45.475 0.5000000000
6107  16.587  -57.478  -42.513 0.3000000119
6467  17.498  -56.135  -43.203 0.3000000119
7099  17.611  -54.731  -43.780 0.3000000119
10164  16.313  -45.764  -45.702 0.4000000060
10834  12.872  -43.632  -45.123 0.5000000000
49845  16.423  -44.889  -45.768 0.4000000060
7112  17.232  -54.001  -44.027 0.3000000119
