#!ascii label  , from subject sub-1016 vox2ras=TkReg
500
18354  13.457  -22.449  -42.588 0.8999999762
59497  14.041  -22.623  -42.798 0.8000000119
17989  13.861  -24.010  -43.352 0.6999999881
18353  14.331  -22.114  -42.589 1.0000000000
18376  14.551  -22.772  -42.948 0.8999999762
17614  14.491  -24.386  -43.576 0.8000000119
17988  14.748  -23.583  -43.316 0.8999999762
17242  14.714  -25.060  -43.814 0.6999999881
58176  13.867  -21.032  -41.909 0.8000000119
18741  13.674  -21.646  -42.207 0.8999999762
19134  13.675  -20.476  -41.555 0.8999999762
19111  12.963  -20.441  -41.363 0.8999999762
51594  14.460  -21.332  -42.186 0.8999999762
18758  15.018  -22.320  -42.795 0.8999999762
18375  15.347  -22.858  -43.079 0.8999999762
17265  15.045  -25.775  -44.044 0.6999999881
19479  14.326  -19.821  -41.346 0.8999999762
19480  13.355  -19.835  -41.157 0.8999999762
19133  14.450  -20.625  -41.794 0.8999999762
18740  15.134  -21.709  -42.497 1.0000000000
17613  15.377  -24.404  -43.673 0.8000000119
17636  15.442  -25.183  -43.920 0.8000000119
17264  15.957  -25.770  -44.120 0.8000000119
19842  13.765  -19.103  -40.893 0.8999999762
19843  12.906  -19.230  -40.745 0.8999999762
50676  13.275  -18.523  -40.520 0.8999999762
50642  12.963  -17.889  -40.194 0.6999999881
19825  12.471  -18.591  -40.370 0.6999999881
19110  15.063  -20.210  -41.666 0.8999999762
20137  12.102  -17.883  -40.035 0.6999999881
19132  15.307  -20.895  -42.079 1.0000000000
18352  15.732  -22.179  -42.801 1.0000000000
57930  15.962  -21.454  -42.457 1.0000000000
17987  15.797  -23.543  -43.398 0.8000000119
17612  16.336  -24.197  -43.668 0.8000000119
17241  16.117  -24.932  -43.891 0.8000000119
17635  16.788  -24.701  -43.863 0.8000000119
59000  13.493  -18.070  -40.342 0.8999999762
19478  15.306  -19.569  -41.332 0.8999999762
59421  13.141  -17.405  -39.964 0.6000000238
56190  12.630  -17.260  -39.859 0.6000000238
48621  11.859  -17.144  -39.658 0.5000000000
48731  12.117  -16.130  -38.740 0.5000000000
19495  15.931  -20.174  -41.728 1.0000000000
59490  16.161  -20.819  -42.127 1.0000000000
18374  16.245  -22.790  -43.120 0.8999999762
17986  16.736  -23.475  -43.425 0.8000000119
18373  17.176  -22.743  -43.149 0.8999999762
17611  17.200  -24.154  -43.701 0.8000000119
19841  14.678  -18.973  -40.950 0.8999999762
20157  13.670  -17.594  -40.102 0.6999999881
19823  15.036  -18.254  -40.545 0.8999999762
53330  12.492  -16.550  -39.301 0.6000000238
48488  13.240  -16.322  -39.100 0.6999999881
50127  12.834  -15.924  -38.482 0.5000000000
18739  16.690  -21.985  -42.779 0.8999999762
59853  16.564  -19.923  -41.606 1.0000000000
19494  16.853  -20.429  -41.929 0.8999999762
19131  16.753  -21.182  -42.379 0.8999999762
59353  17.330  -21.525  -42.589 0.8999999762
17985  17.665  -23.447  -43.464 0.8999999762
18757  17.636  -22.071  -42.873 0.8999999762
19824  14.064  -18.294  -40.526 0.8999999762
20158  13.320  -16.929  -39.637 0.8000000119
20156  14.542  -17.642  -40.145 0.8999999762
21095  12.799  -15.434  -37.506 0.5000000000
49205  12.197  -15.740  -38.028 0.5000000000
19477  16.263  -19.418  -41.280 1.0000000000
19457  16.967  -18.984  -40.962 1.0000000000
19130  17.531  -20.958  -42.266 0.8999999762
58226  19.459  -25.933  -44.453 0.6999999881
17261  19.146  -25.311  -44.237 0.8000000119
17609  19.169  -24.011  -43.779 0.8000000119
20473  14.183  -17.051  -39.724 1.0000000000
20468  13.938  -16.452  -39.222 0.6999999881
19840  15.579  -18.864  -40.933 0.8999999762
19839  16.288  -18.773  -40.855 1.0000000000
20155  15.445  -17.588  -40.027 0.8999999762
21440  12.754  -14.959  -36.723 0.4000000060
19476  17.211  -19.697  -41.446 1.0000000000
17984  18.601  -23.375  -43.501 0.8999999762
16900  20.246  -26.235  -44.631 0.6000000238
17632  19.648  -24.661  -44.060 0.8000000119
49835  14.855  -17.174  -39.773 0.8999999762
50701  13.677  -15.943  -38.606 0.6999999881
21094  13.468  -15.529  -37.831 0.6999999881
21439  13.356  -15.058  -37.050 0.6000000238
19822  15.910  -18.261  -40.505 1.0000000000
19821  16.724  -18.381  -40.506 1.0000000000
55079  17.528  -18.574  -40.542 1.0000000000
18756  18.494  -22.027  -42.908 0.8999999762
18737  18.872  -21.396  -42.593 0.8999999762
17983  19.513  -23.233  -43.513 0.8999999762
18371  18.977  -22.625  -43.221 0.8999999762
17260  19.982  -25.388  -44.338 0.6000000238
20467  14.784  -16.627  -39.302 0.8999999762
20764  14.455  -16.033  -38.709 0.8999999762
55571  15.325  -17.020  -39.563 1.0000000000
21438  14.013  -15.130  -37.304 0.6000000238
20472  16.054  -17.104  -39.441 1.0000000000
20154  16.388  -17.776  -40.019 1.0000000000
20153  17.265  -17.990  -40.018 1.0000000000
19838  17.789  -19.147  -41.002 1.0000000000
19475  18.216  -19.716  -41.405 1.0000000000
19129  18.383  -20.866  -42.221 0.8999999762
19493  17.825  -20.318  -41.850 0.8999999762
16919  20.903  -26.905  -44.899 0.6000000238
16899  21.150  -26.156  -44.726 0.6000000238
17608  20.166  -23.873  -43.818 0.8000000119
21093  14.190  -15.556  -38.038 0.6000000238
20768  15.499  -16.658  -39.168 0.8999999762
21436  14.002  -14.668  -36.769 0.6000000238
20471  16.935  -17.405  -39.478 1.0000000000
20136  17.796  -17.637  -39.410 1.0000000000
20152  18.219  -18.256  -40.028 1.0000000000
59888  18.205  -18.773  -40.607 1.0000000000
19837  18.606  -19.197  -40.956 1.0000000000
19492  18.748  -20.271  -41.800 1.0000000000
18755  19.345  -21.943  -42.921 0.8999999762
17259  20.861  -25.471  -44.476 0.6000000238
17631  20.527  -24.703  -44.166 0.6000000238
18370  19.818  -22.499  -43.235 0.8999999762
17982  20.343  -23.023  -43.512 0.6999999881
53708  20.520  -22.404  -43.244 0.8999999762
20763  15.246  -16.165  -38.723 0.8999999762
21092  14.934  -15.632  -38.123 0.8000000119
20762  16.110  -16.419  -38.719 0.8999999762
21091  15.727  -15.760  -38.115 0.8000000119
20758  16.567  -15.921  -37.986 0.8999999762
20466  16.699  -16.903  -39.002 1.0000000000
20465  17.417  -17.081  -38.881 1.0000000000
19128  19.268  -20.818  -42.209 0.8999999762
18736  19.693  -21.341  -42.600 0.8999999762
58350  20.869  -23.415  -43.729 0.6999999881
54165  20.208  -21.823  -42.906 0.8999999762
17258  21.843  -25.572  -44.649 0.6000000238
21088  14.665  -15.163  -37.447 0.6999999881
21435  14.447  -14.621  -36.814 0.6000000238
21087  15.389  -15.215  -37.508 0.8000000119
20761  17.003  -16.521  -38.438 0.8000000119
20757  17.421  -16.094  -37.772 0.8000000119
20760  17.843  -16.707  -38.231 0.8999999762
20464  18.261  -17.282  -38.734 1.0000000000
19820  18.888  -18.734  -40.433 1.0000000000
20135  18.692  -17.824  -39.290 1.0000000000
19474  19.109  -19.693  -41.353 1.0000000000
19491  19.671  -20.223  -41.764 0.8999999762
17607  21.081  -24.041  -43.992 0.6000000238
18369  21.169  -22.743  -43.469 0.6999999881
19138  20.779  -21.339  -42.641 0.8999999762
21434  15.096  -14.670  -36.889 0.6000000238
21778  14.802  -13.980  -36.412 0.6000000238
21086  16.178  -15.314  -37.463 0.6999999881
21085  17.011  -15.461  -37.315 0.6999999881
20151  19.165  -18.318  -39.813 1.0000000000
19836  19.422  -19.173  -40.855 1.0000000000
19473  19.969  -19.621  -41.282 1.0000000000
17630  21.418  -24.764  -44.315 0.6000000238
19127  20.220  -20.835  -42.259 0.8999999762
53493  21.051  -21.970  -43.052 0.6999999881
21433  15.833  -14.727  -36.915 0.6999999881
21080  16.632  -14.834  -36.832 0.6999999881
21079  17.470  -14.969  -36.682 0.6999999881
21084  17.871  -15.628  -37.112 0.8000000119
20756  18.294  -16.275  -37.569 0.8000000119
20450  18.713  -16.911  -38.049 0.8000000119
20463  19.151  -17.448  -38.617 0.8999999762
20134  19.578  -17.979  -39.172 1.0000000000
19819  19.706  -18.733  -40.267 1.0000000000
19835  20.239  -19.139  -40.730 1.0000000000
59354  20.666  -19.510  -41.159 0.8999999762
19490  20.684  -20.107  -41.687 0.8999999762
17606  21.918  -24.065  -44.127 0.6000000238
17629  22.282  -24.730  -44.431 0.6000000238
17981  21.583  -23.411  -43.805 0.6999999881
19126  21.190  -20.751  -42.243 0.8000000119
21430  15.527  -14.075  -36.421 0.5000000000
21773  15.223  -13.369  -35.948 0.5000000000
22098  15.706  -12.813  -35.370 0.5000000000
21429  16.298  -14.182  -36.362 0.6999999881
21428  17.111  -14.310  -36.242 0.6999999881
21078  18.330  -15.103  -36.489 0.8000000119
20745  18.776  -15.774  -36.913 0.8000000119
20755  19.207  -16.417  -37.442 0.8000000119
20150  19.914  -18.375  -39.695 1.0000000000
20449  19.634  -17.014  -37.995 0.8000000119
19456  21.049  -19.144  -40.712 0.8999999762
19472  21.365  -19.631  -41.275 0.8999999762
18368  21.949  -22.847  -43.587 0.6999999881
18754  21.861  -22.197  -43.250 0.6999999881
55509  21.757  -21.383  -42.738 0.6999999881
19489  21.679  -20.198  -41.798 0.6999999881
21772  16.003  -13.491  -35.918 0.6000000238
21771  16.803  -13.612  -35.821 0.6999999881
21420  17.635  -13.745  -35.701 0.6999999881
21767  17.344  -13.020  -35.272 0.6999999881
21427  17.944  -14.437  -36.118 0.6999999881
21426  18.696  -14.549  -36.020 0.8000000119
21077  19.316  -15.112  -36.262 0.8000000119
20744  19.726  -15.883  -36.843 0.8000000119
20462  20.064  -17.564  -38.583 0.8999999762
20133  20.522  -18.120  -39.229 0.8999999762
20754  20.146  -16.518  -37.412 0.8000000119
19818  20.600  -18.695  -40.035 1.0000000000
19125  22.000  -20.712  -42.269 0.8000000119
21766  18.208  -13.126  -35.216 0.6999999881
21419  18.495  -13.889  -35.635 0.6999999881
21418  19.438  -14.157  -35.658 0.8000000119
20448  20.559  -17.099  -38.000 0.8999999762
20461  20.953  -17.633  -38.593 0.8999999762
17980  22.506  -23.371  -43.898 0.6000000238
19803  21.224  -18.413  -39.575 0.8999999762
19817  21.540  -18.777  -40.154 0.8999999762
19471  22.230  -19.698  -41.373 0.8000000119
19455  21.858  -19.201  -40.822 0.8999999762
22091  17.934  -12.310  -34.871 0.6999999881
21765  19.111  -13.253  -35.214 0.6999999881
21757  18.814  -12.396  -34.908 0.6999999881
21076  20.283  -15.334  -36.339 0.8000000119
20743  20.668  -15.974  -36.872 0.8000000119
20753  21.098  -16.607  -37.438 0.8999999762
20132  21.323  -18.045  -39.097 0.8999999762
18367  22.618  -22.531  -43.497 0.6000000238
22088  18.541  -11.516  -34.720 0.6999999881
20447  21.459  -17.188  -38.062 0.8999999762
18753  22.617  -21.786  -43.071 0.6000000238
19137  22.785  -21.013  -42.557 0.6999999881
19488  22.579  -20.271  -41.945 0.6999999881
51412  21.782  -17.714  -38.680 0.8999999762
59810  22.582  -19.254  -40.936 0.6999999881
55204  22.364  -18.836  -40.341 0.8000000119
19802  22.120  -18.278  -39.491 0.8000000119
22437  18.326  -10.471  -34.637 0.6999999881
20460  22.618  -17.730  -38.736 0.8000000119
20742  21.596  -16.028  -36.894 0.8000000119
19470  23.305  -19.668  -41.407 0.5000000000
53490  22.192  -17.319  -38.198 0.8000000119
19454  23.152  -18.977  -40.620 0.6000000238
19816  22.915  -18.550  -39.993 0.6999999881
20752  22.149  -16.695  -37.532 0.8000000119
20149  23.166  -18.148  -39.379 0.6000000238
53091  21.986  -15.441  -36.353 0.8000000119
20446  22.929  -17.189  -38.052 0.6999999881
55630  22.486  -15.985  -36.829 0.8000000119
20459  23.503  -17.692  -38.648 0.6000000238
20751  23.247  -16.468  -37.304 0.6999999881
20148  23.771  -18.588  -40.071 0.6000000238
21415  22.124  -14.196  -35.471 0.8000000119
19453  23.982  -19.133  -40.823 0.5000000000
59279  23.164  -15.832  -36.642 0.6000000238
20470  24.067  -18.106  -39.295 0.6000000238
21063  22.289  -14.926  -35.910 0.8000000119
21762  22.291  -13.222  -35.016 0.6999999881
55650  22.732  -15.383  -36.249 0.6999999881
20458  24.389  -17.676  -38.570 0.5000000000
20445  23.846  -17.142  -37.957 0.6000000238
53547  22.802  -13.899  -35.213 0.6000000238
21425  22.948  -14.676  -35.665 0.6000000238
21074  23.457  -15.341  -36.125 0.6000000238
20741  23.861  -15.934  -36.673 0.6000000238
20750  24.260  -16.559  -37.312 0.6000000238
20444  24.746  -17.166  -37.911 0.5000000000
20740  24.713  -16.029  -36.653 0.5000000000
21753  22.762  -12.412  -34.693 0.6000000238
21761  23.137  -13.253  -34.857 0.6000000238
21073  24.298  -15.325  -35.931 0.6000000238
20749  25.136  -16.643  -37.275 0.4000000060
21424  23.696  -14.787  -35.595 0.6000000238
21414  23.465  -14.092  -35.161 0.5000000000
21062  24.890  -14.970  -35.451 0.4000000060
21760  23.911  -13.407  -34.658 0.5000000000
21413  24.290  -14.409  -35.104 0.4000000060
21752  23.563  -12.463  -34.495 0.4000000060
22433  22.753  -10.682  -34.443 0.4000000060
22083  23.180  -11.568  -34.456 0.4000000060
22082  24.027  -11.574  -34.228 0.4000000060
21759  24.720  -13.519  -34.451 0.4000000060
21751  24.384  -12.532  -34.249 0.4000000060
49337  23.254  -9.816  -34.286 0.4000000060
22432  23.626  -10.688  -34.252 0.4000000060
55708  18.895  -24.674  -43.998 0.8000000119
17610  18.190  -24.239  -43.796 0.8999999762
18372  18.091  -22.711  -43.192 0.8999999762
18738  18.041  -21.465  -42.587 0.8999999762
18721  13.085  -21.106  -41.767 0.8999999762
56375  18.568  -26.071  -44.413 0.6999999881
16901  19.343  -26.651  -44.647 0.6000000238
21783  13.211  -14.541  -36.512 0.4000000060
21779  14.148  -13.902  -36.394 0.5000000000
57408  20.228  -21.320  -42.616 0.8999999762
21774  14.463  -13.248  -35.902 0.5000000000
21768  16.518  -12.920  -35.350 0.6999999881
21066  20.048  -14.704  -35.939 0.8000000119
51679  23.012  -9.029  -34.375 0.4000000060
16563  11.617  -27.999  -43.700 0.4000000060
52593  11.374  -27.126  -43.487 0.4000000060
57360  12.305  -27.344  -43.852 0.4000000060
59168  11.435  -26.486  -43.399 0.4000000060
57317  11.970  -26.516  -43.605 0.4000000060
51277  13.230  -27.174  -44.065 0.4000000060
58616  13.951  -27.076  -44.183 0.4000000060
16907  12.408  -25.822  -43.588 0.4000000060
16906  12.799  -26.504  -43.842 0.5000000000
16905  13.663  -26.462  -44.014 0.4000000060
53582  14.586  -26.562  -44.173 0.5000000000
16576  14.542  -27.467  -44.340 0.5000000000
16575  15.337  -27.085  -44.374 0.6000000238
17245  12.095  -25.248  -43.337 0.5000000000
16894  11.560  -25.858  -43.304 0.5000000000
17617  11.448  -24.919  -42.979 0.5000000000
17246  10.787  -25.602  -42.879 0.5000000000
17266  13.264  -25.749  -43.777 0.5000000000
17244  12.812  -25.101  -43.501 0.6000000238
51088  14.170  -25.746  -43.930 0.4000000060
16904  15.400  -26.361  -44.227 0.6000000238
16903  16.073  -26.635  -44.356 0.6000000238
17616  12.293  -24.578  -43.186 0.5000000000
17234  10.686  -24.914  -42.613 0.5000000000
17615  13.088  -24.350  -43.326 0.6000000238
17243  13.767  -24.906  -43.637 0.5000000000
17991  11.791  -24.052  -42.804 0.6000000238
17618  11.010  -24.240  -42.532 0.5000000000
17969  11.339  -23.466  -42.366 0.5000000000
17990  12.581  -23.852  -43.002 0.6000000238
17263  16.796  -25.358  -44.062 0.6999999881
17968  12.143  -23.304  -42.620 0.6000000238
18344  11.721  -22.739  -42.189 0.6000000238
18356  10.859  -22.833  -41.826 0.6000000238
18378  12.960  -23.171  -42.815 0.6000000238
53746  13.260  -23.705  -43.121 0.6000000238
50028  16.816  -26.175  -44.289 0.6999999881
18355  12.531  -22.596  -42.408 0.6000000238
18343  12.096  -22.080  -41.986 0.6000000238
56951  11.432  -22.223  -41.784 0.6000000238
18723  11.697  -21.594  -41.547 0.6000000238
18377  13.835  -23.178  -43.016 0.6000000238
17634  17.483  -24.879  -43.970 0.6999999881
18742  12.866  -21.889  -42.131 0.6999999881
18722  12.383  -21.492  -41.764 0.6999999881
19112  12.203  -20.828  -41.331 0.6999999881
19113  11.270  -21.069  -41.057 0.5000000000
17633  18.316  -25.144  -44.114 0.8000000119
19101  11.567  -20.183  -40.736 0.5000000000
19481  12.509  -19.979  -40.978 0.6999999881
19458  12.061  -19.363  -40.541 0.6000000238
21065  20.796  -14.766  -35.931 0.6999999881
21075  21.160  -15.409  -36.372 0.6999999881
21756  19.717  -12.498  -34.918 0.6000000238
21764  20.037  -13.360  -35.204 0.6999999881
21417  20.414  -14.101  -35.572 0.6999999881
58277  19.113  -10.868  -34.691 0.6000000238
22087  19.401  -11.629  -34.761 0.6000000238
22086  20.315  -11.695  -34.774 0.6000000238
21755  20.640  -12.611  -34.938 0.6999999881
21416  21.252  -14.148  -35.559 0.6999999881
21064  21.607  -14.833  -35.908 0.6999999881
22436  19.910  -10.812  -34.700 0.5000000000
21754  21.486  -12.832  -34.994 0.6999999881
21412  25.129  -14.377  -34.830 0.3000000119
16208  11.098  -28.689  -43.556 0.3000000119
16564  10.868  -27.897  -43.362 0.4000000060
16579  12.273  -28.180  -43.953 0.3000000119
16578  12.951  -27.959  -44.115 0.4000000060
56703  10.654  -27.224  -43.166 0.4000000060
16577  13.747  -27.743  -44.254 0.4000000060
16218  15.313  -28.063  -44.541 0.4000000060
16895  10.867  -26.463  -43.130 0.4000000060
16574  16.104  -27.449  -44.536 0.6000000238
17600  10.281  -24.452  -42.216 0.5000000000
57464  10.588  -23.688  -42.080 0.5000000000
17960  10.187  -23.282  -41.662 0.4000000060
55530  10.836  -21.905  -41.307 0.5000000000
17262  17.604  -25.703  -44.221 0.6999999881
22092  17.077  -12.252  -34.861 0.6000000238
51072  19.383  -9.927  -34.677 0.5000000000
22085  21.360  -11.808  -34.760 0.5000000000
55284  22.053  -12.369  -34.821 0.5000000000
21407  25.505  -13.560  -34.212 0.3000000119
17247  10.283  -26.109  -42.733 0.5000000000
21763  20.912  -13.442  -35.224 0.6999999881
55691  21.621  -13.567  -35.242 0.6999999881
49816  20.392  -9.945  -34.657 0.5000000000
22435  20.853  -10.816  -34.675 0.5000000000
22434  21.820  -10.746  -34.586 0.5000000000
16902  17.628  -26.593  -44.474 0.6000000238
16572  18.465  -27.166  -44.707 0.5000000000
16571  19.291  -27.364  -44.833 0.5000000000
16594  19.722  -27.898  -45.014 0.5000000000
16570  20.016  -27.133  -44.851 0.5000000000
16593  20.581  -27.747  -45.074 0.5000000000
21780  13.564  -13.919  -36.356 0.4000000060
22094  15.366  -12.128  -34.661 0.4000000060
22099  14.861  -12.673  -35.254 0.4000000060
21775  13.795  -13.183  -35.879 0.4000000060
22100  14.041  -12.568  -35.034 0.4000000060
22444  14.959  -11.385  -33.944 0.4000000060
22095  14.453  -12.058  -34.232 0.4000000060
22445  14.164  -11.459  -33.169 0.4000000060
22448  13.669  -12.031  -33.849 0.4000000060
22093  16.245  -12.191  -34.858 0.4000000060
22443  15.912  -11.392  -34.464 0.4000000060
22758  14.720  -10.667  -33.371 0.4000000060
22759  13.922  -10.508  -32.933 0.4000000060
22440  15.577  -10.628  -34.112 0.4000000060
22754  15.214  -9.845  -34.181 0.4000000060
22755  14.420  -9.929  -33.679 0.4000000060
22442  16.803  -11.421  -34.589 0.5000000000
22753  16.195  -9.819  -34.493 0.4000000060
22439  16.484  -10.621  -34.458 0.4000000060
55114  15.334  -7.927  -34.591 0.4000000060
55068  16.948  -9.146  -34.667 0.4000000060
53262  16.223  -7.630  -34.714 0.4000000060
23052  15.951  -8.777  -34.633 0.4000000060
51172  15.670  -7.113  -34.694 0.4000000060
22089  17.669  -11.429  -34.643 0.5000000000
22438  17.325  -10.581  -34.576 0.5000000000
23654  15.458  -6.362  -34.717 0.3000000119
59043  16.943  -9.950  -34.568 0.5000000000
22752  17.673  -9.670  -34.624 0.5000000000
52969  16.954  -8.155  -34.747 0.4000000060
23653  16.421  -6.596  -34.731 0.4000000060
23994  16.025  -5.602  -34.755 0.3000000119
23343  16.956  -7.304  -34.733 0.4000000060
23995  15.202  -5.630  -34.747 0.3000000119
23051  17.887  -8.591  -34.702 0.5000000000
23342  17.697  -7.546  -34.734 0.3000000119
24314  15.455  -4.850  -34.775 0.3000000119
22751  18.565  -9.350  -34.659 0.4000000060
23652  17.448  -6.635  -34.742 0.3000000119
24667  15.321  -4.392  -34.791 0.3000000119
24315  14.786  -4.763  -34.782 0.3000000119
23341  18.565  -7.772  -34.717 0.3000000119
58908  18.766  -8.538  -34.695 0.3000000119
51354  19.337  -8.931  -34.685 0.4000000060
51142  20.029  -9.125  -34.670 0.4000000060
24682  14.530  -3.434  -34.956 0.3000000119
51418  18.337  -6.850  -34.732 0.3000000119
58478  19.805  -8.592  -34.678 0.3000000119
22750  21.313  -9.894  -34.592 0.4000000060
53433  20.389  -8.256  -34.658 0.3000000119
51143  20.859  -9.098  -34.618 0.4000000060
51489  21.646  -9.081  -34.540 0.4000000060
22084  22.327  -11.595  -34.633 0.4000000060
54726  20.125  -7.256  -34.699 0.3000000119
23050  21.385  -8.287  -34.603 0.4000000060
49702  22.308  -9.672  -34.459 0.4000000060
23650  19.856  -6.333  -34.762 0.3000000119
23649  20.755  -6.470  -34.781 0.3000000119
23339  21.053  -7.379  -34.683 0.3000000119
23338  21.992  -7.459  -34.690 0.3000000119
23049  22.373  -8.454  -34.514 0.3000000119
23990  20.472  -5.618  -34.907 0.3000000119
23648  21.658  -6.574  -34.840 0.3000000119
16214  18.896  -27.974  -44.946 0.5000000000
19804  11.554  -18.711  -40.133 0.5000000000
20138  11.267  -17.845  -39.751 0.5000000000
49714  11.286  -17.094  -39.445 0.4000000060
20469  11.621  -16.533  -39.137 0.4000000060
20765  11.639  -16.048  -38.516 0.4000000060
21781  13.096  -14.068  -36.381 0.3000000119
22104  13.289  -13.219  -36.234 0.4000000060
22101  13.322  -12.702  -34.897 0.4000000060
23053  14.815  -8.995  -34.321 0.4000000060
23075  13.914  -9.253  -33.780 0.4000000060
51444  14.440  -8.074  -34.451 0.4000000060
16235  20.202  -28.546  -45.219 0.5000000000
21096  12.304  -15.254  -37.159 0.4000000060
22446  13.339  -11.437  -32.696 0.4000000060
16236  19.339  -28.634  -45.146 0.5000000000
23989  21.354  -5.720  -34.988 0.3000000119
23337  22.921  -7.455  -34.706 0.3000000119
19114  10.578  -21.274  -40.838 0.4000000060
19102  10.754  -20.634  -40.598 0.3000000119
19459  11.367  -19.491  -40.337 0.5000000000
19460  10.836  -19.947  -40.312 0.3000000119
50145  16.816  -26.995  -44.508 0.5000000000
51909  16.777  -27.678  -44.659 0.5000000000
16216  17.167  -28.245  -44.824 0.3000000119
16573  17.483  -27.455  -44.690 0.4000000060
15840  17.691  -28.879  -45.012 0.3000000119
16215  18.036  -28.069  -44.891 0.3000000119
16237  18.514  -28.715  -45.075 0.3000000119
23345  13.704  -8.030  -34.486 0.3000000119
23076  13.224  -8.967  -34.381 0.3000000119
23344  14.920  -7.110  -34.623 0.3000000119
56813  14.124  -7.080  -34.542 0.3000000119
23656  13.863  -6.346  -34.691 0.3000000119
23655  14.574  -6.197  -34.687 0.3000000119
23997  13.967  -5.712  -34.777 0.3000000119
24316  14.129  -5.191  -34.789 0.3000000119
19445  10.847  -19.275  -40.022 0.3000000119
16896  10.066  -26.880  -42.767 0.4000000060
17236  9.291  -26.008  -42.062 0.4000000060
17235  9.968  -25.394  -42.348 0.4000000060
16219  14.327  -28.300  -44.437 0.3000000119
17970  9.924  -23.907  -41.775 0.3000000119
18345  10.020  -22.617  -41.226 0.3000000119
17961  9.603  -23.409  -41.327 0.3000000119
50507  9.782  -26.229  -42.451 0.4000000060
18724  10.058  -21.777  -40.800 0.3000000119
