#!ascii label  , from subject sub-1016 vox2ras=TkReg
1402
1987  5.233  -67.898  -25.509 0.8999999762
2288  3.896  -66.707  -26.766 0.8999999762
2281  3.737  -66.822  -25.990 0.8999999762
1988  4.994  -67.750  -26.194 0.8999999762
2280  4.425  -67.282  -26.428 0.8999999762
2907  -0.744  -65.581  -26.251 0.5000000000
2266  4.940  -67.688  -24.674 0.8000000119
54431  0.518  -65.574  -26.357 0.6999999881
2275  3.490  -66.824  -25.097 0.8000000119
1974  5.658  -68.033  -24.814 0.8000000119
2576  3.321  -66.149  -27.149 0.8999999762
1996  6.846  -68.641  -26.756 0.6999999881
2293  5.194  -67.501  -27.712 0.8000000119
2575  4.068  -66.565  -27.492 0.8999999762
2582  4.385  -66.451  -28.271 0.6999999881
2581  4.984  -67.043  -28.237 0.8000000119
1967  5.665  -67.877  -23.256 0.8000000119
2267  4.159  -67.265  -24.459 0.8000000119
51569  1.253  -65.673  -26.291 0.6999999881
1966  6.295  -68.096  -23.084 0.6999999881
2569  2.976  -66.392  -25.721 0.8000000119
1965  6.896  -68.250  -23.325 0.8000000119
50446  6.168  -68.100  -23.994 0.6999999881
53879  5.436  -67.863  -24.083 0.8000000119
2274  4.411  -67.398  -25.493 0.8999999762
56450  2.249  -65.960  -26.163 0.8000000119
53148  3.163  -66.282  -26.422 0.8999999762
50564  6.293  -68.262  -24.866 0.8000000119
1995  7.181  -68.699  -26.029 0.6999999881
1985  6.735  -68.471  -25.392 0.6999999881
2287  4.544  -67.137  -27.176 0.8999999762
2004  5.675  -68.016  -27.241 0.8000000119
2286  5.031  -67.650  -26.903 0.8999999762
2589  4.463  -66.144  -29.072 0.6999999881
2905  0.621  -65.732  -25.730 0.8999999762
1682  6.346  -68.599  -21.779 0.8000000119
2565  2.183  -66.226  -24.907 1.0000000000
1287  8.258  -71.017  -20.371 0.5000000000
1957  6.679  -68.437  -22.444 0.6999999881
2570  2.349  -66.159  -25.488 0.8000000119
1680  8.121  -69.288  -22.323 0.6000000238
1984  7.513  -68.614  -25.202 0.6000000238
1722  8.311  -68.804  -25.083 0.5000000000
1997  6.039  -68.327  -26.592 0.8000000119
2583  3.529  -65.960  -27.905 0.8000000119
1729  7.637  -68.878  -26.708 0.4000000060
2012  5.960  -67.976  -28.028 0.8000000119
1448  2.961  -70.368  -16.544 0.6999999881
1650  2.850  -69.305  -17.440 0.6999999881
1455  3.022  -69.868  -17.175 0.8000000119
1935  2.921  -68.751  -17.938 0.8000000119
2244  2.833  -66.754  -19.612 0.8000000119
1649  3.245  -69.611  -17.767 0.8000000119
1659  3.106  -69.058  -18.050 0.8000000119
1940  3.200  -68.431  -18.598 0.8000000119
2539  2.594  -66.468  -20.565 0.8000000119
2891  0.032  -65.714  -24.490 0.8999999762
1663  6.432  -69.885  -20.382 0.6000000238
1958  6.024  -68.117  -22.382 0.8999999762
2904  1.533  -65.922  -25.461 0.8000000119
2912  1.841  -65.601  -26.927 0.8000000119
1708  8.789  -68.948  -24.101 0.6000000238
1973  7.016  -68.337  -24.394 0.6999999881
57326  2.628  -65.894  -26.836 0.8000000119
56269  5.518  -68.076  -26.130 0.8999999762
2920  2.029  -65.168  -28.285 0.6999999881
1728  7.935  -68.851  -25.906 0.5000000000
2011  6.642  -68.305  -28.370 0.5000000000
2003  6.491  -68.419  -27.521 0.5000000000
2918  3.753  -65.813  -28.697 0.6999999881
1642  2.753  -69.754  -16.816 0.6000000238
1447  3.397  -70.887  -16.656 0.8000000119
1454  3.449  -70.345  -17.291 0.8000000119
2238  3.129  -67.561  -19.005 0.8000000119
1658  3.503  -69.160  -18.547 0.8000000119
2243  3.114  -67.085  -19.955 0.8000000119
2898  -0.041  -65.752  -25.243 0.8999999762
2906  -0.062  -65.646  -25.957 0.6999999881
1269  7.656  -71.982  -19.016 0.6000000238
1673  6.246  -69.166  -21.003 0.8000000119
1672  6.984  -69.784  -20.901 0.6000000238
2914  -0.015  -65.462  -26.712 0.6999999881
2259  4.837  -67.487  -23.585 0.6999999881
1671  7.728  -69.620  -21.583 0.6999999881
1693  7.477  -68.798  -22.546 0.6999999881
1472  8.463  -70.364  -21.203 0.5000000000
1964  7.557  -68.454  -23.534 0.6999999881
53761  9.390  -69.205  -23.528 0.3000000119
59657  8.399  -69.759  -21.897 0.5000000000
2911  2.555  -65.584  -27.572 0.8000000119
1709  7.933  -68.590  -24.266 0.6000000238
55600  5.439  -67.989  -26.624 0.8999999762
2919  2.900  -65.454  -28.435 0.6000000238
57285  8.591  -68.994  -25.767 0.4000000060
49744  8.427  -69.062  -26.518 0.4000000060
1739  7.326  -68.767  -27.473 0.4000000060
2300  5.614  -67.446  -28.595 0.8000000119
1648  3.771  -69.949  -18.104 0.8000000119
1085  5.419  -72.310  -17.196 0.5000000000
1263  5.794  -71.916  -17.788 0.5000000000
1264  5.093  -71.653  -17.582 0.5000000000
1262  6.574  -72.151  -18.038 0.5000000000
1272  5.391  -71.321  -18.122 0.5000000000
1271  6.053  -71.349  -18.548 0.5000000000
2897  0.701  -65.834  -24.966 0.8999999762
1270  6.911  -71.696  -18.774 0.5000000000
2559  2.855  -66.537  -24.534 1.0000000000
2268  3.469  -66.897  -24.260 0.8999999762
2913  0.869  -65.389  -27.073 0.6999999881
53388  8.767  -71.724  -19.952 0.5000000000
2921  0.826  -65.082  -27.992 0.8000000119
1691  8.939  -69.175  -23.180 0.4000000060
1692  8.243  -68.901  -23.188 0.5000000000
1442  2.267  -70.446  -15.319 0.4000000060
1254  2.749  -71.445  -15.352 0.4000000060
1634  2.032  -69.911  -15.281 0.4000000060
58346  4.210  -71.651  -16.830 0.4000000060
1452  4.779  -70.999  -17.991 0.6000000238
2908  -1.399  -65.595  -25.828 0.8000000119
893  6.745  -73.546  -17.096 0.4000000060
1092  7.323  -72.426  -18.350 0.4000000060
1278  7.286  -71.281  -19.470 0.6000000238
2896  1.461  -66.001  -24.587 0.8999999762
1466  6.970  -70.500  -20.058 0.6000000238
1959  5.249  -67.696  -22.301 0.8999999762
2260  3.896  -67.080  -23.549 0.8999999762
49267  4.373  -67.271  -22.611 0.8999999762
52719  1.564  -65.266  -27.673 0.8000000119
1482  8.989  -70.036  -21.904 0.5000000000
1679  8.704  -69.449  -22.507 0.5000000000
1498  9.463  -69.684  -22.702 0.3000000119
1738  8.210  -69.050  -27.452 0.4000000060
2016  6.803  -68.133  -29.124 0.6000000238
2609  6.436  -66.488  -31.167 0.6000000238
2962  7.433  -65.441  -33.323 0.4000000060
1435  2.279  -71.072  -14.987 0.3000000119
1941  2.905  -68.139  -18.174 0.8000000119
1077  5.624  -72.897  -16.849 0.4000000060
1265  4.456  -71.344  -17.367 0.6999999881
3234  -2.829  -64.887  -25.895 0.6000000238
900  6.185  -72.745  -17.326 0.4000000060
3233  -2.248  -65.251  -26.293 0.6999999881
3227  -2.199  -65.350  -25.475 0.8000000119
2900  -1.342  -65.598  -25.059 0.8000000119
2899  -0.681  -65.698  -25.493 0.8000000119
2882  0.231  -65.517  -23.805 1.0000000000
2890  0.773  -65.797  -24.201 0.8999999762
727  7.477  -73.682  -17.476 0.4000000060
714  8.035  -74.377  -17.218 0.4000000060
1951  5.784  -68.337  -21.491 0.8999999762
2560  2.179  -66.274  -24.130 0.8999999762
2261  2.987  -66.638  -23.599 1.0000000000
54533  9.707  -70.397  -21.869 0.3000000119
59158  9.183  -70.598  -21.350 0.4000000060
1481  10.416  -70.886  -21.669 0.3000000119
1285  10.500  -71.643  -20.946 0.3000000119
2314  7.598  -67.552  -30.941 0.4000000060
2010  7.338  -68.566  -28.740 0.4000000060
56403  7.407  -68.374  -29.341 0.5000000000
2306  6.965  -67.565  -30.331 0.6000000238
2618  8.017  -66.305  -32.826 0.4000000060
3283  6.877  -64.778  -33.864 0.5000000000
1436  1.814  -70.642  -14.607 0.3000000119
1441  2.643  -70.718  -15.713 0.4000000060
1643  2.534  -69.294  -16.789 0.6000000238
2892  -1.941  -64.892  -23.927 1.0000000000
3222  -2.105  -65.230  -24.664 0.8999999762
1258  4.758  -71.979  -16.996 0.4000000060
1446  3.876  -71.068  -17.031 0.8000000119
2883  -0.197  -65.109  -23.448 0.8999999762
2547  1.718  -65.681  -21.737 0.8000000119
894  6.051  -73.441  -16.708 0.3000000119
2884  -1.182  -64.905  -23.626 1.0000000000
49313  -1.282  -65.366  -24.287 1.0000000000
1453  4.103  -70.675  -17.713 0.6999999881
58834  2.116  -65.969  -21.058 0.8000000119
2873  0.455  -65.200  -22.990 0.8999999762
52019  -0.550  -65.422  -24.029 1.0000000000
49517  -0.660  -65.668  -24.749 1.0000000000
2872  1.196  -65.482  -22.493 0.8999999762
53530  0.648  -65.417  -23.179 0.8999999762
1947  3.418  -67.777  -19.411 0.8000000119
1939  3.601  -68.436  -19.210 0.8000000119
2546  2.289  -66.202  -21.401 0.8000000119
1656  4.803  -69.846  -19.134 0.6999999881
58879  5.905  -70.680  -19.151 0.5000000000
1083  7.722  -73.111  -18.036 0.4000000060
2555  2.170  -66.237  -23.304 0.8999999762
1467  6.190  -70.299  -19.756 0.5000000000
899  8.166  -73.718  -17.858 0.4000000060
1091  8.010  -72.665  -18.620 0.4000000060
2254  3.570  -66.873  -22.679 0.8999999762
1664  5.825  -69.605  -20.180 0.8000000119
2253  4.625  -67.524  -21.711 0.8999999762
1097  10.889  -72.812  -20.044 0.3000000119
1768  10.024  -68.561  -30.846 0.6000000238
56855  8.271  -68.898  -28.748 0.4000000060
54511  8.167  -68.249  -30.287 0.6000000238
54966  7.789  -68.336  -29.814 0.6000000238
2607  7.574  -66.557  -32.141 0.5000000000
2337  8.165  -67.018  -32.114 0.4000000060
2978  7.662  -65.058  -34.115 0.6000000238
3295  6.313  -64.160  -34.503 0.6000000238
3941  5.234  -63.194  -35.317 0.5000000000
3628  6.165  -63.587  -35.343 0.6000000238
3957  5.719  -62.956  -35.909 0.5000000000
1247  2.927  -72.162  -15.019 0.3000000119
1638  2.190  -69.287  -16.040 0.4000000060
3553  -3.263  -64.361  -25.429 0.6000000238
1651  2.675  -68.708  -17.460 0.6999999881
3228  -2.790  -64.893  -25.046 0.8999999762
1461  4.444  -70.296  -18.425 0.6999999881
2553  1.891  -65.940  -22.183 0.8999999762
57608  0.903  -65.685  -23.589 1.0000000000
1084  7.012  -72.949  -17.708 0.4000000060
1946  3.438  -67.417  -20.227 0.8000000119
2889  1.480  -65.966  -23.801 0.8999999762
53753  3.686  -67.918  -19.774 0.8000000119
2552  2.802  -66.480  -22.666 0.8999999762
51910  3.996  -67.169  -21.753 0.8999999762
1674  5.464  -68.848  -20.651 0.8999999762
1952  5.070  -68.054  -21.157 0.8999999762
51737  10.008  -69.128  -28.870 0.4000000060
54682  9.053  -69.065  -28.681 0.4000000060
1756  7.949  -68.644  -29.236 0.6000000238
2324  8.195  -67.539  -31.465 0.6000000238
2632  8.857  -66.417  -33.351 0.4000000060
2638  8.981  -65.886  -34.080 0.5000000000
2961  8.233  -65.738  -33.689 0.4000000060
3616  6.974  -64.115  -35.112 0.6000000238
9443  -4.654  -47.115  -40.351 0.6999999881
3627  7.583  -64.005  -35.690 0.6000000238
3955  7.187  -63.437  -36.141 0.6000000238
4298  4.707  -62.154  -36.222 0.5000000000
1931  2.352  -68.665  -16.785 0.5000000000
1440  3.100  -71.129  -16.052 0.5000000000
2239  2.851  -67.289  -18.600 0.6999999881
57467  1.772  -65.453  -21.266 0.8000000119
1657  4.115  -69.559  -18.826 0.8000000119
2250  2.987  -66.775  -20.977 0.8000000119
1460  5.255  -70.666  -18.700 0.6000000238
2871  1.479  -65.830  -23.009 0.8999999762
59138  3.917  -68.925  -19.183 0.8000000119
59375  2.179  -66.153  -22.616 0.8999999762
1953  3.800  -67.746  -20.323 0.8000000119
2545  3.280  -66.771  -21.822 0.8999999762
726  8.747  -74.190  -17.755 0.4000000060
1468  5.512  -70.075  -19.461 0.6999999881
2248  4.301  -67.752  -20.818 0.8999999762
1769  9.455  -68.551  -30.547 0.6000000238
1763  9.112  -68.692  -30.006 0.5000000000
1755  8.698  -68.828  -29.346 0.5000000000
2033  8.800  -68.340  -30.570 0.6000000238
2336  8.799  -66.994  -32.638 0.5000000000
2323  8.809  -67.525  -31.963 0.4000000060
2977  8.417  -65.262  -34.432 0.5000000000
9118  -5.622  -48.201  -40.230 0.5000000000
3293  8.635  -64.900  -35.127 0.6000000238
56916  7.807  -64.619  -34.929 0.5000000000
3615  8.229  -64.424  -35.530 0.6000000238
4297  5.364  -62.361  -36.341 0.6000000238
50726  4.154  -61.682  -36.425 0.5000000000
57668  4.595  -61.290  -36.867 0.6000000238
3548  -3.181  -64.305  -24.549 0.8999999762
2234  2.595  -67.903  -17.598 0.6999999881
3223  -2.671  -64.748  -24.219 1.0000000000
2540  2.306  -66.044  -20.363 0.8000000119
2862  1.115  -65.120  -22.152 0.8999999762
2874  -0.584  -64.629  -23.195 1.0000000000
50508  2.579  -66.350  -21.936 0.8999999762
1945  4.070  -68.337  -19.846 0.8000000119
1944  4.745  -68.569  -20.290 0.8999999762
56747  -3.616  -53.172  -40.290 0.6000000238
7074  -2.275  -54.198  -39.921 0.6999999881
6740  -2.902  -55.422  -39.726 0.5000000000
6752  -3.716  -55.015  -39.933 0.5000000000
7762  -3.841  -52.480  -40.387 0.6000000238
52507  -4.022  -51.553  -40.445 0.6000000238
8441  -4.541  -50.683  -40.456 0.6000000238
8783  -4.851  -49.853  -40.431 0.6000000238
9117  -5.033  -48.901  -40.392 0.6000000238
9444  -5.444  -47.390  -40.196 0.5000000000
3614  8.870  -64.487  -35.758 0.4000000060
6051  4.910  -57.739  -38.838 0.5000000000
5709  4.145  -58.089  -38.481 0.6000000238
3626  8.299  -63.990  -36.072 0.5000000000
4294  7.555  -63.033  -36.661 0.5000000000
53803  3.377  -57.715  -38.501 0.6999999881
4296  6.221  -62.579  -36.513 0.5000000000
5708  4.970  -58.653  -38.406 0.5000000000
5710  3.428  -58.397  -38.180 0.6999999881
4635  5.734  -61.904  -36.838 0.5000000000
5695  2.916  -59.549  -37.562 0.6999999881
4636  4.969  -61.790  -36.632 0.6000000238
1922  1.737  -69.197  -15.183 0.3000000119
57108  1.991  -67.336  -16.516 0.3000000119
3882  -3.615  -63.747  -24.962 0.8000000119
2863  0.241  -64.548  -22.708 0.8999999762
2249  3.633  -67.252  -20.969 0.8999999762
1666  4.447  -69.101  -19.518 0.8000000119
1665  5.129  -69.340  -19.863 0.8000000119
7410  -2.912  -53.556  -40.136 0.6000000238
7409  -1.983  -53.433  -40.041 0.5000000000
54112  -3.025  -54.512  -39.969 0.6000000238
54236  -3.322  -52.022  -40.415 0.6000000238
6738  -1.306  -55.272  -39.458 0.5000000000
53558  4.713  -55.988  -39.477 0.6000000238
58151  -4.190  -50.067  -40.521 0.6000000238
6069  4.810  -56.899  -39.171 0.5000000000
6419  3.959  -56.500  -39.112 0.6000000238
6410  -0.414  -56.522  -38.892 0.6000000238
51419  -4.232  -49.352  -40.533 0.6000000238
55857  0.308  -57.515  -38.456 0.5000000000
6052  4.073  -57.319  -38.818 0.5000000000
6053  3.225  -56.955  -38.796 0.6999999881
6056  0.838  -57.131  -38.581 0.6000000238
50544  -4.840  -47.954  -40.384 0.6999999881
5711  2.805  -58.069  -38.251 0.6999999881
52131  2.036  -58.035  -38.205 0.6000000238
5712  1.001  -57.925  -38.236 0.6000000238
55814  6.883  -62.962  -36.451 0.5000000000
5697  1.543  -58.706  -37.875 0.5000000000
59719  4.095  -58.722  -38.159 0.6999999881
5696  2.607  -58.751  -37.917 0.6000000238
3954  8.346  -63.350  -36.676 0.5000000000
58801  8.038  -62.872  -36.948 0.5000000000
4311  7.720  -62.437  -37.138 0.5000000000
57840  4.396  -59.414  -37.886 0.6000000238
5342  2.002  -59.423  -37.523 0.4000000060
4651  5.282  -61.292  -37.085 0.6000000238
51704  4.154  -60.176  -37.431 0.8000000119
4637  3.863  -60.897  -36.913 0.6999999881
5000  3.308  -60.199  -37.242 0.6000000238
1927  1.983  -68.630  -16.027 0.3000000119
2227  1.788  -67.998  -15.939 0.3000000119
2530  2.390  -67.222  -17.377 0.5000000000
2885  -2.094  -64.429  -23.386 1.0000000000
3217  -2.677  -64.445  -23.544 0.8999999762
55393  -2.455  -52.876  -40.211 0.5000000000
7761  -3.114  -52.699  -40.312 0.6000000238
6739  -2.070  -55.390  -39.580 0.5000000000
59236  -1.029  -56.317  -39.064 0.4000000060
6726  -1.588  -56.047  -39.270 0.5000000000
8440  -3.710  -50.629  -40.519 0.6000000238
57010  3.037  -56.036  -39.114 0.6999999881
9787  -5.699  -45.982  -39.828 0.6000000238
58500  3.875  -55.794  -39.346 0.6000000238
6420  1.966  -55.898  -39.039 0.6999999881
6407  2.316  -56.695  -38.767 0.6999999881
6409  0.505  -56.463  -38.827 0.6000000238
6411  -1.300  -56.883  -38.933 0.6000000238
6408  1.387  -56.547  -38.780 0.6000000238
56930  0.148  -57.007  -38.658 0.6000000238
6054  2.576  -57.457  -38.487 0.6999999881
6055  1.691  -57.296  -38.495 0.6000000238
9131  -4.182  -48.495  -40.520 0.6999999881
9796  -5.990  -46.806  -39.908 0.4000000060
9457  -4.024  -47.620  -40.502 0.6999999881
4295  6.986  -62.467  -36.870 0.5000000000
4997  6.262  -60.520  -37.807 0.6000000238
56477  5.674  -60.117  -37.856 0.6000000238
5356  5.382  -59.507  -38.087 0.6000000238
4634  6.443  -62.007  -37.005 0.5000000000
54736  6.172  -61.304  -37.348 0.6000000238
4998  5.515  -60.680  -37.510 0.6000000238
5340  4.975  -60.106  -37.676 0.6000000238
5341  3.659  -59.681  -37.594 0.6999999881
4999  4.729  -60.744  -37.253 0.6999999881
2524  1.595  -67.343  -15.697 0.3000000119
2230  2.177  -67.995  -16.712 0.3000000119
2838  1.809  -66.660  -16.254 0.3000000119
49957  2.650  -67.024  -18.189 0.5000000000
50967  2.428  -66.293  -18.270 0.5000000000
59116  2.292  -65.797  -19.246 0.6999999881
2534  2.546  -66.342  -19.242 0.6999999881
4219  -4.016  -63.090  -24.652 0.8999999762
7408  -1.014  -53.275  -39.981 0.6000000238
55024  -1.134  -54.647  -39.637 0.6000000238
7064  -1.785  -54.744  -39.717 0.5000000000
54218  -2.509  -52.065  -40.363 0.6000000238
52456  -3.102  -51.297  -40.479 0.6999999881
6734  2.493  -55.191  -39.333 0.5000000000
6737  -0.431  -54.995  -39.420 0.6000000238
6723  1.011  -55.806  -39.040 0.6999999881
6724  0.076  -55.772  -39.094 0.6000000238
8782  -3.556  -49.809  -40.588 0.6999999881
10456  -4.815  -44.412  -39.759 0.6000000238
9794  -4.533  -46.427  -40.320 0.6000000238
5016  7.112  -60.269  -38.191 0.5000000000
4664  6.861  -60.979  -37.734 0.6000000238
5357  3.518  -59.082  -37.875 0.6000000238
4650  7.128  -61.731  -37.382 0.5000000000
48565  2.194  -66.581  -17.144 0.3000000119
2850  1.964  -65.319  -20.426 0.6999999881
3543  -3.080  -64.213  -23.657 0.8999999762
54708  1.175  -64.780  -21.881 0.8000000119
3878  -3.652  -63.623  -23.987 0.8999999762
7063  -0.657  -54.135  -39.729 0.6999999881
7760  -1.734  -52.620  -40.196 0.6000000238
6736  0.590  -55.047  -39.303 0.6999999881
6735  1.542  -55.115  -39.281 0.6999999881
8439  -2.804  -50.358  -40.563 0.6999999881
6725  -0.788  -55.819  -39.188 0.5000000000
10127  -4.500  -45.166  -40.120 0.6000000238
9116  -3.506  -48.987  -40.612 0.8000000119
9786  -4.887  -45.873  -40.120 0.6000000238
9130  -3.395  -48.157  -40.622 0.8000000119
10133  -4.049  -45.850  -40.397 0.6999999881
5339  6.231  -59.793  -38.181 0.6000000238
2864  -1.020  -64.186  -22.983 1.0000000000
7400  -0.108  -53.508  -39.827 0.6999999881
52508  -2.220  -51.144  -40.462 0.6999999881
8103  -1.607  -51.770  -40.329 0.6999999881
60078  -5.617  -44.571  -39.451 0.6000000238
2854  -0.018  -64.144  -22.639 0.8000000119
4576  -4.728  -61.820  -25.112 0.6000000238
2876  -2.586  -64.217  -22.573 1.0000000000
4220  -4.405  -62.373  -24.488 0.6999999881
7759  -0.836  -52.274  -40.160 0.6999999881
55557  -1.400  -50.995  -40.415 0.6000000238
7061  1.128  -54.339  -39.508 0.5000000000
7062  0.211  -54.268  -39.575 0.6999999881
11149  -3.647  -42.426  -39.541 0.6000000238
59131  -0.947  -51.511  -40.305 0.6000000238
10791  -3.880  -43.205  -39.754 0.6000000238
10792  -4.630  -43.528  -39.499 0.6000000238
7060  2.046  -54.405  -39.530 0.5000000000
8438  -1.901  -50.368  -40.526 0.6000000238
10455  -4.075  -43.962  -39.949 0.6000000238
8780  -1.610  -49.665  -40.630 0.6000000238
51627  -2.160  -49.143  -40.689 0.6999999881
8781  -2.848  -49.457  -40.635 0.6999999881
55851  -4.148  -44.594  -40.117 0.6000000238
54815  -2.770  -48.664  -40.690 0.6999999881
9129  -2.643  -47.879  -40.747 0.6999999881
9807  -3.830  -46.688  -40.501 0.6999999881
60042  -3.500  -46.124  -40.567 0.6999999881
9456  -3.204  -47.312  -40.639 0.6999999881
4572  -4.736  -61.790  -24.321 0.5000000000
12224  -2.542  -39.482  -38.936 0.6999999881
7399  0.735  -53.586  -39.732 0.6000000238
57192  -0.309  -52.853  -39.997 0.5000000000
11533  -3.427  -41.634  -39.310 0.6000000238
10785  -4.376  -42.735  -39.252 0.6000000238
10793  -5.428  -43.845  -39.261 0.6000000238
53929  -1.100  -50.271  -40.522 0.6000000238
11157  -3.164  -42.899  -40.041 0.6000000238
55703  -2.267  -49.795  -40.606 0.6000000238
10798  -3.397  -43.662  -40.181 0.6000000238
10457  -6.306  -44.170  -38.996 0.5000000000
9441  -1.260  -48.120  -40.889 0.6999999881
55869  -2.821  -46.358  -40.722 0.6999999881
50384  -2.500  -47.181  -40.793 0.6999999881
10804  -0.296  -44.007  -41.296 0.5000000000
4216  -4.558  -62.091  -23.735 0.8000000119
11532  -2.731  -41.263  -39.616 0.6999999881
11540  -2.944  -42.088  -39.840 0.6999999881
10779  -5.213  -42.993  -38.938 0.5000000000
11150  -5.990  -43.399  -38.795 0.5000000000
8779  -0.819  -49.517  -40.676 0.6000000238
9114  -0.599  -48.706  -40.840 0.6000000238
10126  -3.762  -45.057  -40.374 0.6999999881
9455  -1.917  -47.599  -40.873 0.6999999881
10143  -3.282  -45.593  -40.596 0.6999999881
9454  -1.148  -47.282  -41.012 0.6999999881
4923  -5.363  -60.746  -23.927 0.6000000238
11874  -3.132  -40.007  -38.764 0.6999999881
12220  -3.087  -39.308  -38.464 0.8000000119
11525  -3.242  -40.818  -39.059 0.6000000238
11143  -4.115  -41.975  -39.015 0.6000000238
11527  -4.571  -41.551  -38.482 0.6999999881
11879  -2.494  -40.349  -39.370 0.6999999881
11137  -5.225  -41.830  -38.232 0.6000000238
11144  -4.809  -42.253  -38.738 0.6000000238
10460  -3.573  -44.355  -40.299 0.6000000238
10470  -2.995  -44.761  -40.598 0.6999999881
9806  -1.887  -46.769  -40.934 0.6999999881
10141  -0.273  -45.354  -41.274 0.5000000000
5287  -6.141  -59.308  -23.485 0.6000000238
6338  -7.119  -57.141  -23.063 0.5000000000
5998  -6.798  -57.184  -22.325 0.6999999881
6673  -7.622  -55.302  -22.354 0.6000000238
12566  -2.609  -38.620  -38.464 0.6999999881
11526  -3.913  -41.212  -38.763 0.6000000238
56656  -5.406  -42.399  -38.488 0.5000000000
11138  -5.928  -42.135  -38.037 0.6000000238
11145  -5.898  -42.765  -38.466 0.5000000000
10807  -2.649  -43.458  -40.500 0.6999999881
52867  -3.032  -44.084  -40.452 0.6999999881
9440  -0.432  -47.850  -40.999 0.5000000000
56816  -2.526  -45.395  -40.789 0.6999999881
9805  -1.065  -46.404  -41.100 0.6999999881
50138  -1.827  -45.798  -40.956 0.6999999881
10142  -0.941  -45.553  -41.152 0.6000000238
4924  -5.831  -60.029  -24.165 0.5000000000
50247  -5.608  -60.176  -23.285 0.6999999881
4921  -5.765  -59.579  -22.677 0.6999999881
5284  -6.146  -58.961  -22.783 0.6999999881
5647  -6.501  -58.504  -23.139 0.6999999881
5644  -6.304  -58.393  -22.504 0.8000000119
53980  -6.444  -57.817  -22.237 0.8999999762
13258  -3.045  -36.799  -36.969 0.6000000238
12559  -2.251  -37.652  -38.193 0.6999999881
12933  -3.013  -37.977  -37.815 0.8000000119
12567  -3.487  -38.791  -37.905 0.8000000119
50484  -4.172  -39.328  -37.624 0.6999999881
12221  -3.653  -39.658  -38.202 0.8000000119
54671  -4.277  -40.080  -37.919 0.6000000238
11875  -3.765  -40.436  -38.491 0.6999999881
11876  -4.398  -40.826  -38.209 0.6999999881
11872  -4.887  -40.472  -37.653 0.6000000238
11539  -2.249  -41.743  -40.139 0.6000000238
11156  -2.448  -42.561  -40.328 0.6000000238
53852  -2.562  -44.168  -40.661 0.6999999881
11146  -6.359  -42.585  -38.121 0.6000000238
11151  -6.518  -43.063  -38.354 0.6000000238
11167  -1.910  -43.004  -40.737 0.6999999881
10469  -2.187  -44.667  -40.848 0.6999999881
58844  -2.017  -45.194  -40.917 0.6999999881
49007  -0.688  -44.781  -41.224 0.6000000238
10468  -1.515  -44.919  -41.037 0.6000000238
6001  -6.708  -57.829  -22.766 0.6000000238
4920  -5.232  -60.390  -22.449 0.8999999762
6339  -7.277  -56.315  -22.551 0.6999999881
5280  -5.863  -58.942  -22.283 0.8999999762
52881  -7.109  -55.846  -21.905 0.6999999881
6672  -7.105  -55.209  -21.497 0.6000000238
13604  -2.794  -35.718  -36.170 0.6999999881
13252  -3.355  -36.401  -36.258 0.6000000238
13261  -2.702  -37.213  -37.573 0.6999999881
12565  -1.854  -38.208  -38.775 0.6000000238
11513  -5.486  -40.805  -37.401 0.6000000238
11520  -5.676  -41.448  -37.701 0.6000000238
11519  -5.031  -41.161  -37.946 0.6000000238
11139  -6.619  -42.247  -37.738 0.5000000000
50076  -1.553  -41.431  -40.410 0.6000000238
10806  -1.961  -43.866  -40.876 0.6999999881
48460  0.169  -43.104  -41.316 0.5000000000
10805  -1.201  -44.078  -41.115 0.6000000238
5642  -5.996  -58.227  -22.017 0.8999999762
6334  -6.763  -56.541  -21.802 0.8000000119
57357  -2.355  -35.181  -36.114 0.8000000119
12923  -4.324  -37.500  -36.188 0.6000000238
54702  -3.680  -37.139  -36.622 0.6000000238
12928  -3.965  -37.826  -36.894 0.6000000238
12927  -1.788  -37.090  -38.201 0.6999999881
12572  -1.973  -38.954  -39.064 0.6999999881
12230  -1.934  -39.670  -39.430 0.6999999881
11521  -6.331  -41.686  -37.442 0.5000000000
5276  -5.474  -58.829  -21.795 0.8999999762
5273  -4.952  -58.602  -21.250 0.8000000119
59439  -4.620  -58.727  -21.050 0.8000000119
5639  -6.220  -57.373  -21.717 0.8999999762
5638  -5.563  -57.999  -21.498 0.8999999762
6331  -6.152  -56.555  -21.170 0.8999999762
50591  -6.617  -55.863  -21.267 0.8999999762
7000  -6.977  -54.499  -20.977 0.8000000119
5995  -5.534  -57.185  -21.034 0.8000000119
7348  -7.178  -53.047  -20.918 0.6999999881
13608  -2.188  -35.591  -36.760 0.8000000119
13607  -1.767  -35.845  -37.395 0.8000000119
14300  -1.553  -34.089  -35.857 0.6999999881
13940  -1.817  -34.794  -36.378 0.8000000119
13257  -1.663  -36.446  -37.901 0.8000000119
13945  -1.396  -35.092  -37.157 0.8000000119
13939  -1.146  -34.255  -36.650 0.8000000119
12562  -4.781  -38.756  -36.722 0.6000000238
12560  -3.611  -38.128  -37.426 0.6999999881
12217  -5.047  -39.284  -36.804 0.5000000000
13256  -1.275  -36.872  -38.452 0.6999999881
50653  -0.751  -35.043  -37.762 0.8000000119
53751  -0.802  -34.489  -37.282 0.6999999881
12561  -4.178  -38.581  -37.200 0.5000000000
57662  -5.293  -39.715  -36.854 0.5000000000
12558  -1.574  -37.525  -38.600 0.6999999881
55328  -4.602  -39.135  -37.139 0.5000000000
54550  -0.230  -34.956  -38.198 0.8000000119
13944  -0.275  -34.380  -37.759 0.8000000119
12571  -1.373  -38.564  -39.250 0.8000000119
13943  0.335  -34.440  -38.406 0.8000000119
11870  -5.351  -40.191  -37.114 0.5000000000
11507  -5.885  -40.485  -36.832 0.5000000000
12577  -0.907  -38.981  -39.690 0.6999999881
12578  -1.491  -39.191  -39.472 0.8000000119
59102  -1.821  -40.276  -39.776 0.6999999881
14305  1.253  -33.165  -38.493 0.6000000238
11514  -6.088  -41.078  -37.121 0.5000000000
12228  -0.465  -39.506  -40.146 0.6999999881
12229  -1.239  -39.793  -39.878 0.6999999881
58288  -2.042  -40.946  -39.935 0.6000000238
12576  -0.189  -38.703  -39.976 0.6000000238
11885  -1.357  -40.648  -40.189 0.6999999881
15045  2.025  -31.767  -38.351 0.6000000238
11884  -0.657  -40.294  -40.377 0.6999999881
11538  -0.786  -41.172  -40.671 0.6999999881
11549  -1.750  -42.203  -40.593 0.6999999881
12227  0.254  -39.290  -40.429 0.5000000000
11548  -1.087  -41.914  -40.813 0.6999999881
11166  -1.196  -42.618  -40.965 0.6000000238
54406  -1.415  -43.359  -41.008 0.6000000238
53208  -0.047  -39.961  -40.529 0.6000000238
11547  -0.584  -41.869  -40.988 0.6000000238
11883  -0.009  -40.702  -40.791 0.6000000238
11537  -0.177  -41.396  -40.974 0.5000000000
49339  -0.751  -43.270  -41.174 0.6000000238
11165  -0.505  -42.501  -41.131 0.6000000238
59748  -1.721  -44.378  -40.987 0.6000000238
5636  -5.012  -57.752  -20.981 0.6999999881
56215  -5.942  -55.827  -20.610 0.8999999762
6330  -5.521  -56.486  -20.615 0.8000000119
6669  -6.360  -55.158  -20.700 0.8999999762
7347  -6.679  -53.748  -20.479 0.8000000119
7701  -7.549  -52.331  -21.228 0.6000000238
14299  -0.836  -33.417  -36.110 0.8000000119
13606  -1.206  -35.717  -37.808 0.8000000119
54018  -1.060  -36.249  -38.261 0.6999999881
13938  -0.399  -33.724  -37.058 0.8999999762
14674  -0.245  -33.027  -36.560 0.8999999762
12564  -1.294  -37.954  -39.008 0.6999999881
14303  0.260  -33.686  -37.807 0.8000000119
14311  0.948  -34.231  -38.849 0.6999999881
59357  1.923  -32.362  -38.634 0.6000000238
11175  -0.852  -42.167  -40.988 0.6000000238
4910  -4.605  -60.051  -21.385 0.8000000119
4906  -4.623  -59.225  -21.159 0.8999999762
5272  -4.301  -58.827  -20.987 0.8000000119
55491  -4.586  -58.255  -20.935 0.6999999881
5992  -5.065  -57.026  -20.633 0.6999999881
6666  -5.802  -55.170  -20.182 0.8999999762
7697  -6.801  -52.376  -20.483 0.8000000119
14669  0.103  -32.397  -36.395 0.8999999762
14673  0.314  -32.882  -37.188 0.8000000119
15040  0.763  -31.918  -36.891 0.8000000119
13260  -0.580  -36.552  -38.788 0.6999999881
12570  -0.693  -38.101  -39.436 0.6999999881
12932  -0.948  -37.376  -38.940 0.6999999881
15039  1.394  -31.792  -37.646 0.6999999881
15420  1.919  -31.086  -37.716 0.6999999881
13614  0.548  -35.772  -39.276 0.6000000238
12941  0.123  -37.866  -39.836 0.6000000238
13266  0.123  -36.497  -39.280 0.6999999881
13952  0.765  -34.914  -39.050 0.5000000000
54185  2.440  -31.024  -38.265 0.6999999881
14681  1.825  -32.939  -38.885 0.5000000000
11155  0.248  -42.024  -41.181 0.5000000000
58732  -5.146  -56.454  -20.351 0.8000000119
5991  -4.693  -56.748  -20.322 0.6999999881
6997  -5.735  -54.486  -19.831 0.8000000119
7344  -6.448  -52.994  -20.185 0.8000000119
8039  -7.211  -51.713  -20.906 0.5000000000
15034  -0.178  -32.171  -35.661 0.6000000238
13610  -0.546  -35.674  -38.346 0.6999999881
13615  -0.071  -35.952  -38.882 0.6999999881
14672  0.940  -32.420  -37.593 0.8000000119
13948  0.126  -35.279  -38.699 0.6999999881
12936  -0.256  -37.243  -39.339 0.6999999881
14306  0.824  -33.700  -38.417 0.8000000119
14676  2.422  -32.273  -39.030 0.5000000000
5988  -4.335  -56.301  -19.872 0.6999999881
6324  -4.940  -56.062  -20.005 0.6999999881
6998  -6.229  -54.461  -20.255 0.8999999762
6995  -6.052  -53.674  -19.920 0.8999999762
14678  0.829  -33.049  -37.965 0.6999999881
5987  -3.666  -56.407  -19.723 0.6999999881
5633  -4.019  -57.070  -20.348 0.6999999881
6664  -5.238  -55.227  -19.788 0.6999999881
8038  -6.868  -51.083  -20.530 0.6999999881
15036  0.375  -31.662  -36.017 0.6000000238
58621  0.892  -31.173  -36.341 0.8000000119
15035  1.367  -31.129  -37.011 0.8000000119
16180  2.884  -28.907  -37.006 0.4000000060
15417  1.912  -30.424  -37.133 0.6999999881
15044  2.744  -31.413  -38.812 0.6000000238
6322  -4.030  -55.833  -19.325 0.6999999881
6323  -4.637  -55.641  -19.517 0.6999999881
6319  -4.308  -55.313  -19.080 0.6999999881
53353  -5.639  -53.906  -19.564 0.8000000119
8036  -6.620  -51.852  -20.310 0.8999999762
8716  -7.163  -49.265  -20.823 0.6000000238
15797  2.331  -29.226  -36.517 0.6000000238
15802  1.958  -29.842  -36.635 0.5000000000
15415  1.365  -30.393  -36.305 0.6000000238
15801  2.497  -29.705  -37.250 0.5000000000
16179  3.461  -28.581  -37.472 0.5000000000
15800  3.121  -29.273  -37.653 0.6000000238
15807  2.911  -29.886  -37.917 0.6000000238
15419  2.452  -30.424  -37.821 0.6000000238
15043  3.116  -30.464  -38.564 0.6000000238
6663  -4.791  -54.945  -19.210 0.6999999881
6994  -5.287  -54.422  -19.394 0.8000000119
7696  -6.203  -52.250  -19.976 0.8999999762
15412  0.622  -30.775  -35.454 0.5000000000
15411  1.184  -29.985  -35.543 0.5000000000
6992  -4.792  -54.213  -18.899 0.6999999881
7341  -5.676  -53.236  -19.507 0.8000000119
7342  -6.022  -52.896  -19.811 0.8999999762
8368  -6.661  -50.209  -20.305 0.8000000119
15798  1.752  -29.489  -35.928 0.5000000000
16174  3.276  -28.162  -36.775 0.4000000060
16175  2.710  -28.557  -36.313 0.5000000000
16868  4.263  -26.825  -36.922 0.4000000060
7339  -5.213  -52.903  -19.072 0.6999999881
8359  -4.171  -50.484  -18.116 0.5000000000
8033  -5.863  -51.616  -19.661 0.8999999762
58391  -6.132  -51.017  -19.894 0.8999999762
9048  -6.961  -48.239  -20.302 0.6000000238
16176  2.244  -28.883  -35.946 0.5000000000
16534  3.670  -27.378  -36.458 0.4000000060
8706  -4.695  -49.925  -18.372 0.5000000000
7692  -5.067  -52.123  -18.975 0.8000000119
8030  -4.870  -51.391  -18.824 0.8000000119
9039  -4.369  -48.592  -17.616 0.5000000000
8703  -4.192  -49.464  -17.795 0.5000000000
8361  -4.738  -50.693  -18.640 0.6999999881
7694  -5.659  -52.358  -19.476 0.8999999762
13534  -1.845  -36.070  -18.691 0.6000000238
13197  -2.763  -36.830  -18.445 0.6000000238
12848  -3.353  -37.948  -18.511 0.8000000119
13198  -3.351  -36.511  -18.640 0.6999999881
12854  -3.849  -37.148  -18.894 0.8000000119
12162  -4.049  -38.970  -19.159 0.8000000119
16531  3.100  -27.887  -35.988 0.5000000000
16172  1.976  -28.844  -35.342 0.6000000238
8032  -5.374  -51.542  -19.243 0.8000000119
59676  -4.224  -48.143  -17.366 0.4000000060
8365  -5.577  -50.880  -19.360 0.8999999762
13874  -1.605  -35.512  -19.089 0.5000000000
13535  -2.281  -36.382  -18.507 0.6000000238
9042  -4.753  -49.065  -18.103 0.6999999881
12499  -3.505  -38.809  -18.562 0.8000000119
13538  -2.305  -35.667  -18.813 0.6999999881
12159  -4.168  -39.981  -19.093 0.8000000119
11463  -5.578  -41.866  -19.819 0.6000000238
9365  -5.365  -47.776  -18.266 0.8000000119
8713  -6.377  -49.335  -19.876 0.8000000119
11830  -4.819  -40.929  -19.466 0.6999999881
11090  -5.636  -42.496  -19.359 0.6999999881
9736  -7.227  -46.616  -20.610 0.6000000238
52863  -6.703  -47.764  -19.749 0.8000000119
13193  -1.743  -36.686  -18.534 0.5000000000
13194  -2.189  -37.179  -18.315 0.5000000000
12847  -2.696  -37.781  -18.270 0.8000000119
9362  -4.569  -47.093  -17.447 0.5000000000
50616  -4.532  -47.852  -17.536 0.6000000238
57807  -5.160  -49.524  -18.676 0.8000000119
56852  -5.642  -50.019  -19.206 0.8000000119
13878  -0.728  -35.185  -19.600 0.4000000060
12158  -3.701  -39.691  -18.577 0.8000000119
9043  -5.277  -48.635  -18.403 0.8000000119
8710  -5.855  -48.997  -19.081 0.8000000119
11829  -4.390  -40.753  -19.007 0.8000000119
9363  -4.962  -47.390  -17.829 0.8000000119
9040  -4.866  -48.222  -17.914 0.6000000238
9047  -6.409  -48.358  -19.553 0.8000000119
55385  -1.345  -34.184  -19.957 0.6000000238
13880  -2.895  -35.243  -19.216 0.6999999881
11459  -4.628  -41.474  -18.841 0.8000000119
11460  -5.121  -41.839  -19.229 0.6000000238
11088  -5.738  -43.158  -19.033 0.6999999881
10732  -6.205  -43.790  -19.232 0.6999999881
9045  -5.928  -48.155  -18.902 0.8000000119
13879  -2.294  -35.007  -19.291 0.6999999881
13539  -2.845  -36.034  -18.697 0.6999999881
10067  -6.535  -45.182  -19.177 0.6999999881
9733  -6.926  -46.513  -19.896 0.8000000119
10401  -6.677  -44.405  -19.526 0.6999999881
12498  -2.975  -38.650  -18.189 0.8000000119
10061  -5.009  -45.768  -17.786 0.6999999881
11087  -5.227  -42.873  -18.693 0.8000000119
9723  -5.004  -46.561  -17.788 0.8000000119
14207  -0.198  -34.662  -19.995 0.6000000238
14208  -1.779  -34.714  -19.579 0.6000000238
51637  -3.810  -38.146  -18.910 0.8000000119
10398  -5.321  -44.446  -18.119 0.8000000119
9729  -5.880  -46.197  -18.538 0.8000000119
58633  -6.376  -47.771  -19.315 0.8000000119
49950  -0.970  -33.635  -20.200 0.6000000238
55586  -3.207  -37.227  -18.518 0.8000000119
9732  -6.503  -46.372  -19.228 0.6999999881
59553  -6.084  -46.792  -18.891 0.8000000119
14210  -2.721  -34.428  -19.693 0.6999999881
10070  -6.819  -45.782  -19.629 0.6999999881
55186  -1.666  -37.443  -18.372 0.4000000060
11826  -4.225  -41.181  -18.511 0.8000000119
10063  -4.998  -45.024  -17.802 0.6999999881
56699  -4.781  -42.249  -18.529 0.8000000119
14589  1.991  -34.893  -20.224 0.3000000119
10731  -5.568  -43.753  -18.564 0.8000000119
10064  -5.401  -46.010  -18.092 0.8000000119
14598  0.697  -34.177  -20.486 0.5000000000
9367  -6.005  -47.419  -18.846 0.8000000119
10400  -5.924  -44.629  -18.597 0.8000000119
10069  -6.360  -45.801  -18.998 0.6999999881
16856  3.517  -27.086  -34.682 0.6000000238
16860  4.402  -25.782  -35.671 0.5000000000
16861  3.983  -26.404  -35.195 0.6000000238
16167  2.367  -28.296  -34.842 0.6000000238
16864  4.053  -26.569  -36.069 0.6000000238
16528  3.535  -27.173  -35.593 0.6000000238
13877  0.765  -35.386  -19.845 0.3000000119
13533  -1.155  -36.195  -18.928 0.3000000119
53548  -3.951  -40.542  -18.520 0.8000000119
11456  -4.315  -41.822  -18.243 0.8000000119
11085  -4.780  -42.993  -18.121 0.8000000119
14206  1.139  -34.949  -20.120 0.3000000119
10729  -5.096  -43.677  -18.149 0.8000000119
14597  2.456  -34.867  -20.402 0.5000000000
50424  -5.404  -45.237  -18.092 0.8000000119
48306  3.790  -34.848  -20.627 0.5000000000
55754  -0.218  -33.227  -20.645 0.6000000238
10066  -5.869  -45.506  -18.457 0.8000000119
57316  4.685  -25.160  -35.393 0.5000000000
48410  4.325  -34.467  -19.453 0.3000000119
48307  6.512  -33.591  -19.982 0.4000000060
55756  6.819  -31.292  -19.021 0.4000000060
48308  4.816  -34.220  -20.746 0.4000000060
48324  6.725  -33.010  -21.024 0.4000000060
17202  4.443  -25.554  -34.779 0.6000000238
53043  4.036  -26.347  -34.399 0.6000000238
17939  4.886  -24.765  -34.878 0.6000000238
17568  5.016  -24.370  -35.425 0.6000000238
17574  4.937  -24.692  -35.669 0.5000000000
48325  6.514  -29.634  -18.901 0.3000000119
17936  4.968  -24.569  -34.063 0.5000000000
17569  4.755  -25.080  -34.080 0.6000000238
17935  4.956  -24.309  -34.822 0.6000000238
19068  5.238  -21.185  -34.976 0.6000000238
18322  4.777  -22.508  -35.046 0.6000000238
17934  5.012  -24.146  -35.750 0.6000000238
18325  5.124  -22.457  -35.902 0.5000000000
19073  5.400  -21.193  -35.713 0.5000000000
19433  6.147  -20.202  -35.545 0.5000000000
48309  5.386  -26.718  -18.308 0.3000000119
19426  6.615  -19.786  -35.258 0.5000000000
51964  4.573  -22.516  -34.201 0.5000000000
18689  5.054  -21.790  -35.384 0.6000000238
48345  4.671  -25.366  -18.793 0.3000000119
16802  3.234  -24.732  -18.769 0.3000000119
18686  4.890  -21.819  -34.599 0.6000000238
19427  6.084  -20.193  -34.914 0.6000000238
19072  5.675  -20.637  -35.321 0.5000000000
19067  5.611  -20.675  -34.595 0.5000000000
19422  6.655  -19.816  -34.441 0.6000000238
55723  4.289  -24.958  -18.953 0.3000000119
19061  5.727  -20.745  -33.867 0.5000000000
19066  6.064  -20.303  -34.286 0.6000000238
59170  7.101  -19.391  -34.932 0.5000000000
19417  7.040  -19.700  -33.780 0.6000000238
51213  7.359  -19.264  -34.296 0.5000000000
17509  6.207  -24.631  -20.757 0.4000000060
51754  5.348  -24.041  -20.328 0.4000000060
17152  4.774  -24.449  -19.569 0.3000000119
55719  4.016  -24.642  -18.989 0.3000000119
19782  7.701  -18.853  -35.051 0.4000000060
17883  5.329  -23.369  -20.813 0.3000000119
17884  4.855  -23.464  -20.250 0.3000000119
18249  5.865  -23.344  -21.171 0.4000000060
54017  6.054  -23.882  -21.023 0.4000000060
17502  4.478  -23.883  -19.686 0.3000000119
19416  7.652  -19.271  -33.435 0.5000000000
19775  7.972  -18.646  -34.151 0.5000000000
19769  8.497  -17.881  -33.988 0.4000000060
18250  5.275  -23.087  -20.985 0.3000000119
18251  4.813  -23.066  -20.414 0.3000000119
18255  5.575  -22.844  -21.745 0.4000000060
53272  8.298  -18.138  -34.877 0.3000000119
18622  5.132  -21.968  -23.736 0.4000000060
19770  8.252  -18.496  -33.277 0.3000000119
19007  6.025  -20.988  -24.914 0.3000000119
19386  8.637  -19.158  -28.191 0.4000000060
19379  9.722  -19.233  -28.704 0.4000000060
53588  8.987  -16.795  -33.082 0.3000000119
20097  8.694  -17.598  -33.002 0.4000000060
19042  8.624  -20.040  -31.860 0.4000000060
52050  8.936  -17.015  -33.858 0.4000000060
19025  7.686  -19.915  -27.041 0.3000000119
55487  8.293  -20.205  -27.316 0.4000000060
19387  7.880  -18.674  -27.983 0.3000000119
20402  8.908  -16.897  -32.368 0.4000000060
19031  8.087  -19.516  -27.613 0.4000000060
19742  11.986  -18.417  -30.179 0.5000000000
19737  12.145  -18.947  -29.748 0.5000000000
52837  9.311  -18.442  -29.350 0.4000000060
19755  8.825  -18.320  -31.690 0.3000000119
20414  9.221  -16.329  -33.531 0.3000000119
20071  7.762  -17.818  -28.374 0.3000000119
19765  8.541  -18.403  -32.440 0.4000000060
19385  9.347  -19.510  -28.323 0.5000000000
55417  8.511  -18.344  -28.724 0.5000000000
19744  8.707  -17.828  -29.501 0.3000000119
19403  8.640  -19.181  -32.007 0.4000000060
20089  8.761  -17.629  -32.041 0.4000000060
20075  8.780  -17.466  -30.353 0.3000000119
19749  9.164  -18.258  -30.954 0.4000000060
20393  8.842  -16.917  -31.577 0.4000000060
20401  9.207  -16.086  -32.667 0.3000000119
20392  9.003  -16.297  -31.893 0.3000000119
20387  8.836  -16.120  -31.095 0.3000000119
20700  9.229  -15.438  -31.819 0.3000000119
54983  8.761  -16.930  -30.901 0.3000000119
1986  5.975  -68.271  -25.646 0.8000000119
2017  6.235  -67.936  -28.676 0.6000000238
2564  2.780  -66.414  -25.156 0.8999999762
909  8.272  -73.221  -18.317 0.4000000060
2315  7.001  -67.045  -31.057 0.6000000238
3294  7.129  -64.550  -34.505 0.6000000238
7065  -2.420  -54.858  -39.797 0.5000000000
3940  6.876  -63.687  -35.667 0.6999999881
7073  -1.478  -54.074  -39.838 0.5000000000
10128  -5.298  -45.204  -39.794 0.5000000000
3198  1.212  -64.495  -21.743 0.8000000119
2865  -2.169  -64.128  -22.656 1.0000000000
50120  -2.894  -64.179  -23.016 0.8999999762
9115  -1.415  -48.919  -40.760 0.6000000238
9442  -2.032  -48.383  -40.784 0.6999999881
4919  -5.143  -60.922  -23.156 0.8000000119
59267  -2.754  -36.177  -36.706 0.6000000238
13254  -2.337  -36.423  -37.318 0.6999999881
50114  -2.155  -36.961  -37.842 0.6999999881
13262  -3.350  -37.505  -37.233 0.5000000000
13936  -2.174  -34.658  -35.653 0.6999999881
12929  -4.526  -38.178  -36.559 0.5000000000
57148  -5.008  -59.481  -21.566 0.8999999762
6327  -5.438  -55.876  -20.230 0.8000000119
14670  -0.382  -32.743  -36.017 0.6000000238
16538  3.953  -27.745  -37.366 0.4000000060
7340  -5.260  -53.685  -19.163 0.6999999881
51051  2.990  -27.769  -35.171 0.6999999881
13873  -0.717  -35.755  -19.276 0.3000000119
10397  -4.880  -44.337  -17.781 0.6999999881
17151  5.761  -24.900  -20.131 0.4000000060
17503  3.798  -24.292  -19.037 0.3000000119
18617  5.055  -22.676  -21.508 0.4000000060
20080  8.838  -17.588  -31.241 0.4000000060
55151  1.349  -65.005  -28.301 0.6999999881
1473  7.673  -70.378  -20.685 0.6000000238
1681  6.912  -69.064  -21.695 0.6999999881
2588  5.031  -66.779  -28.881 0.6999999881
2308  5.668  -67.077  -29.409 0.6000000238
2299  6.207  -67.650  -29.235 0.6999999881
1277  8.001  -71.539  -19.675 0.5000000000
2307  6.283  -67.327  -29.897 0.6999999881
2316  6.407  -66.968  -30.559 0.6000000238
1072  3.511  -72.503  -15.339 0.3000000119
1259  3.688  -71.578  -16.363 0.4000000060
895  5.412  -73.286  -16.356 0.4000000060
715  7.225  -74.233  -16.872 0.4000000060
1744  9.600  -69.230  -28.206 0.4000000060
1635  1.547  -69.957  -14.507 0.3000000119
716  6.512  -74.127  -16.490 0.4000000060
540  7.619  -74.763  -16.621 0.4000000060
1754  9.470  -68.939  -29.457 0.5000000000
2322  9.461  -67.506  -32.396 0.6000000238
2045  8.814  -67.963  -31.296 0.6000000238
54080  9.111  -65.428  -34.726 0.5000000000
2875  -1.636  -64.399  -23.155 1.0000000000
3968  8.548  -62.634  -37.263 0.6000000238
4663  7.636  -61.081  -37.914 0.6000000238
3873  -3.483  -63.743  -23.057 0.8999999762
59105  -3.904  -63.185  -23.268 0.8000000119
4215  -4.173  -62.829  -23.842 0.8000000119
4570  -4.939  -61.409  -23.776 0.5000000000
4568  -4.854  -61.125  -22.579 0.8000000119
4915  -5.402  -59.602  -22.046 0.8999999762
50126  -4.572  -57.493  -20.677 0.8000000119
15811  3.770  -29.843  -38.781 0.5000000000
15047  3.360  -31.127  -39.197 0.5000000000
15806  3.420  -29.591  -38.247 0.5000000000
6991  -4.219  -54.020  -18.449 0.6000000238
7338  -4.682  -53.380  -18.659 0.6999999881
51268  -4.748  -52.626  -18.688 0.6000000238
8027  -3.954  -51.340  -18.119 0.5000000000
8362  -5.147  -50.956  -19.014 0.8999999762
16171  2.551  -28.365  -35.599 0.6000000238
10060  -4.605  -45.483  -17.454 0.6999999881
9726  -5.475  -46.856  -18.242 0.8000000119
51969  -2.103  -33.760  -19.888 0.6999999881
57623  0.855  -33.999  -20.756 0.5000000000
11455  -3.761  -41.267  -17.948 0.6999999881
60001  -4.443  -42.470  -18.028 0.6999999881
52735  7.085  -31.288  -20.191 0.4000000060
55737  6.268  -28.377  -18.799 0.3000000119
16801  5.170  -25.037  -19.475 0.4000000060
18254  6.573  -23.142  -22.094 0.4000000060
56794  5.446  -21.327  -24.391 0.4000000060
18630  6.336  -21.594  -24.612 0.4000000060
18631  4.566  -21.329  -23.932 0.4000000060
19396  9.108  -18.859  -31.513 0.3000000119
19012  7.033  -20.696  -25.811 0.3000000119
19020  7.390  -20.323  -26.452 0.3000000119
19384  12.456  -19.901  -29.330 0.5000000000
19743  9.238  -18.141  -30.103 0.4000000060
19754  11.352  -18.257  -33.188 0.5000000000
19731  6.554  -18.362  -26.961 0.3000000119
19380  7.276  -19.072  -27.240 0.4000000060
2595  5.072  -66.365  -29.703 0.5000000000
1100  8.395  -72.243  -19.244 0.4000000060
1090  8.678  -72.941  -18.783 0.4000000060
908  8.781  -73.590  -18.293 0.4000000060
5635  -4.028  -58.038  -20.779 0.8000000119
7335  -4.237  -52.753  -18.321 0.5000000000
7689  -3.790  -52.139  -18.046 0.5000000000
7691  -4.449  -51.939  -18.484 0.5000000000
50329  -4.645  -44.850  -17.524 0.6999999881
18621  5.959  -22.135  -24.064 0.4000000060
19376  6.584  -19.207  -26.554 0.3000000119
16863  4.603  -25.920  -36.574 0.4000000060
2294  4.642  -66.960  -27.770 0.8000000119
49761  6.532  -68.520  -26.101 0.6999999881
1459  6.552  -70.970  -19.285 0.5000000000
1747  7.101  -68.605  -28.077 0.4000000060
1449  2.480  -69.963  -16.082 0.5000000000
1465  7.636  -70.950  -20.045 0.6000000238
56479  9.760  -71.058  -21.110 0.4000000060
2025  6.682  -67.782  -29.679 0.6000000238
1248  2.375  -71.797  -14.676 0.3000000119
59499  7.817  -68.769  -28.743 0.4000000060
2325  7.593  -67.055  -31.579 0.4000000060
2024  7.205  -68.061  -29.777 0.6999999881
2043  10.177  -68.257  -31.552 0.6000000238
2032  9.457  -68.282  -31.102 0.6000000238
2044  9.446  -67.939  -31.762 0.6000000238
2035  7.647  -67.985  -30.337 0.5000000000
2034  8.199  -67.967  -30.827 0.6999999881
2023  8.412  -68.537  -29.882 0.6999999881
3617  5.583  -63.671  -34.820 0.5000000000
52221  8.984  -69.192  -27.866 0.4000000060
3956  6.497  -63.226  -36.021 0.6999999881
1762  9.886  -68.786  -30.163 0.5000000000
52802  7.782  -63.591  -36.273 0.5000000000
53247  1.652  -68.516  -15.422 0.3000000119
5001  2.416  -60.098  -37.146 0.5000000000
6057  -0.470  -57.417  -38.604 0.5000000000
9795  -5.211  -46.599  -40.144 0.6000000238
52768  2.074  -65.242  -19.037 0.4000000060
6733  3.406  -55.206  -39.450 0.5000000000
12216  -4.808  -39.743  -37.309 0.6000000238
7001  -7.495  -53.793  -21.329 0.8000000119
14310  1.383  -33.683  -38.920 0.5000000000
14677  1.445  -32.491  -38.234 0.6000000238
8035  -6.304  -51.606  -20.019 0.8999999762
8711  -6.003  -50.397  -19.659 0.8999999762
9370  -6.997  -47.293  -20.130 0.6000000238
53119  -4.557  -40.280  -19.485 0.8000000119
14590  0.282  -34.336  -20.299 0.5000000000
12153  -3.417  -40.334  -18.024 0.6999999881
13872  0.405  -35.770  -19.643 0.3000000119
48402  1.800  -34.230  -21.174 0.5000000000
50733  5.267  -34.199  -19.738 0.3000000119
14588  4.035  -34.999  -19.460 0.3000000119
19369  6.042  -19.531  -25.940 0.3000000119
51403  4.749  -22.519  -21.109 0.3000000119
18623  4.467  -21.812  -23.427 0.4000000060
19014  5.424  -20.560  -24.971 0.3000000119
19738  9.211  -18.900  -28.701 0.4000000060
19375  7.119  -19.696  -26.706 0.3000000119
57080  8.190  -17.621  -28.981 0.3000000119
20388  8.557  -16.542  -30.301 0.3000000119
8029  -4.419  -51.162  -18.466 0.5000000000
2596  4.430  -65.839  -29.654 0.8000000119
2601  5.970  -66.481  -30.717 0.6000000238
2342  9.520  -67.013  -33.068 0.5000000000
14205  3.355  -35.214  -19.987 0.3000000119
2594  5.801  -66.746  -30.136 0.6000000238
2335  10.217  -67.539  -32.725 0.4000000060
54809  9.595  -66.455  -33.754 0.4000000060
2631  10.237  -66.962  -33.412 0.4000000060
2051  9.978  -67.884  -32.142 0.5000000000
2050  10.594  -68.010  -32.175 0.4000000060
60022  9.552  -65.464  -34.879 0.3000000119
3625  9.049  -63.919  -36.380 0.4000000060
59444  10.454  -68.751  -30.551 0.5000000000
1772  10.703  -68.600  -31.072 0.5000000000
2042  11.009  -68.355  -31.672 0.4000000060
3953  9.214  -63.271  -36.977 0.4000000060
1767  11.064  -68.826  -30.547 0.4000000060
3199  0.278  -63.759  -22.317 0.6999999881
3192  -1.883  -63.394  -22.307 0.6999999881
54542  -0.975  -63.693  -22.677 0.6999999881
3200  -2.070  -63.800  -22.223 0.8999999762
2855  -1.547  -64.078  -22.919 0.6999999881
3533  -3.234  -64.030  -22.130 0.8999999762
3528  -2.949  -64.019  -21.594 0.8999999762
3201  -3.093  -64.947  -21.383 0.8999999762
2856  -2.331  -64.050  -22.287 0.8999999762
2867  -3.220  -65.128  -21.485 0.8999999762
2866  -2.974  -64.533  -22.065 0.8999999762
49117  -3.248  -63.751  -22.313 0.8000000119
3193  -2.939  -64.013  -21.654 0.8999999762
3868  -3.057  -63.527  -21.808 0.8000000119
3869  -3.473  -62.997  -22.041 0.6999999881
57540  -3.048  -64.231  -22.255 0.8000000119
2877  -3.050  -64.824  -22.129 0.8999999762
4212  -3.949  -62.372  -22.215 0.6999999881
3874  -3.744  -63.110  -22.596 0.6999999881
4211  -4.255  -62.442  -22.975 0.6999999881
3538  -3.042  -64.229  -22.750 0.8000000119
4567  -4.441  -61.697  -22.392 0.6999999881
57505  -4.714  -61.623  -23.073 0.6999999881
3863  -3.008  -63.229  -21.736 0.8999999762
3527  -2.891  -63.642  -21.709 0.8999999762
4208  -3.640  -62.315  -21.830 0.8000000119
3864  -3.299  -62.733  -21.734 0.8000000119
4563  -4.655  -60.956  -22.038 0.8000000119
4562  -4.067  -61.566  -21.817 0.8000000119
4204  -3.620  -61.878  -21.614 0.8000000119
3859  -3.105  -62.164  -21.594 0.8000000119
3858  -2.495  -62.586  -21.806 0.6999999881
4200  -3.966  -61.108  -21.472 0.8000000119
54722  -3.390  -61.323  -21.374 0.8000000119
4199  -2.677  -61.535  -21.550 0.6000000238
4914  -4.902  -60.228  -21.775 0.8000000119
4559  -4.388  -60.724  -21.572 0.8000000119
4554  -3.062  -60.708  -21.269 0.5000000000
4556  -4.245  -60.497  -21.340 0.8000000119
54261  -2.180  -60.824  -21.517 0.5000000000
4555  -3.739  -60.562  -21.191 0.8000000119
4553  -0.973  -60.798  -21.840 0.5000000000
4904  -3.426  -59.865  -21.082 0.6000000238
4903  -2.669  -59.974  -21.241 0.5000000000
4905  -4.128  -59.721  -21.102 0.8000000119
5271  -3.716  -58.950  -20.970 0.6000000238
5270  -3.010  -59.065  -21.037 0.6000000238
58709  -3.641  -57.552  -20.540 0.6999999881
51896  -3.265  -58.045  -20.742 0.6999999881
5986  -3.220  -57.069  -20.204 0.6000000238
5264  -2.435  -58.209  -20.916 0.6000000238
5983  -2.897  -56.244  -19.498 0.5000000000
6660  -4.277  -54.740  -18.742 0.6000000238
50340  3.600  -28.996  -37.988 0.5000000000
12151  -2.248  -39.477  -17.755 0.3000000119
12842  -2.041  -38.042  -18.151 0.4000000060
11819  -2.488  -40.914  -17.297 0.3000000119
50134  -2.697  -39.273  -17.931 0.4000000060
12493  -2.402  -38.689  -18.037 0.4000000060
14599  -0.591  -33.343  -20.414 0.5000000000
52247  -2.654  -33.513  -19.866 0.6000000238
14972  -1.586  -32.493  -19.990 0.5000000000
14591  -1.886  -32.950  -19.933 0.5000000000
14592  -2.518  -32.728  -19.771 0.6000000238
48400  -0.664  -32.513  -20.635 0.5000000000
14971  -1.124  -32.467  -20.354 0.5000000000
14967  -1.843  -32.019  -19.611 0.6000000238
11823  -3.098  -40.968  -17.522 0.4000000060
11451  -3.315  -41.759  -17.335 0.5000000000
10726  -4.067  -43.709  -17.234 0.5000000000
10395  -4.404  -44.347  -17.385 0.5000000000
10059  -4.224  -45.051  -17.151 0.5000000000
12152  -2.746  -40.089  -17.670 0.5000000000
14593  -2.939  -32.238  -19.670 0.6000000238
48341  3.139  -34.479  -21.518 0.5000000000
48414  0.960  -33.359  -21.454 0.5000000000
14968  -2.332  -32.176  -19.603 0.6000000238
48335  2.611  -33.902  -22.158 0.5000000000
11452  -3.912  -42.250  -17.617 0.6000000238
10728  -4.622  -43.677  -17.711 0.6000000238
11084  -4.281  -43.018  -17.639 0.6000000238
12157  -3.182  -39.467  -18.113 0.6000000238
14211  -3.200  -34.523  -19.732 0.6000000238
48331  5.064  -34.338  -21.780 0.5000000000
55731  4.803  -33.700  -22.586 0.6000000238
48377  5.772  -32.824  -22.689 0.6000000238
17201  4.769  -25.224  -36.041 0.3000000119
54599  -4.348  -37.886  -19.421 0.6000000238
48381  7.061  -31.388  -21.296 0.6000000238
17941  5.301  -23.830  -36.606 0.4000000060
17573  5.154  -24.263  -36.060 0.3000000119
12163  -4.502  -39.531  -19.650 0.6000000238
12164  -4.916  -40.077  -20.056 0.5000000000
11833  -5.314  -41.038  -20.086 0.5000000000
12503  -4.528  -38.711  -19.713 0.6000000238
12167  -4.888  -39.042  -20.178 0.5000000000
48380  6.924  -29.716  -19.698 0.3000000119
48374  6.504  -28.017  -19.198 0.3000000119
55726  6.737  -27.654  -19.637 0.3000000119
48326  5.974  -26.331  -19.315 0.3000000119
16795  5.602  -25.687  -19.414 0.3000000119
16800  6.450  -25.962  -20.168 0.3000000119
18328  5.497  -22.056  -36.493 0.4000000060
48385  5.718  -26.463  -18.896 0.3000000119
17150  6.585  -25.434  -20.733 0.4000000060
17514  7.622  -24.614  -22.023 0.4000000060
17518  8.875  -24.199  -24.085 0.4000000060
18692  5.275  -21.748  -35.997 0.4000000060
59365  6.712  -25.057  -21.040 0.4000000060
17507  7.564  -25.108  -21.866 0.4000000060
17508  6.876  -24.613  -21.367 0.4000000060
17891  8.701  -24.078  -23.521 0.4000000060
17887  8.056  -23.794  -22.864 0.4000000060
18253  7.547  -23.455  -22.714 0.4000000060
56884  8.339  -23.755  -23.324 0.4000000060
57590  7.305  -22.394  -24.756 0.4000000060
18258  7.690  -22.798  -25.032 0.5000000000
18262  8.065  -22.569  -25.649 0.5000000000
18267  8.509  -22.338  -26.454 0.5000000000
17896  8.515  -23.087  -26.862 0.5000000000
18273  9.505  -22.445  -28.014 0.5000000000
17888  7.316  -23.474  -22.335 0.4000000060
18259  6.740  -22.291  -24.407 0.4000000060
18629  7.050  -21.801  -24.907 0.4000000060
18628  7.632  -22.119  -25.250 0.5000000000
18635  7.993  -21.815  -25.906 0.5000000000
18266  9.037  -22.457  -27.244 0.5000000000
18278  10.122  -22.063  -28.645 0.5000000000
18290  12.298  -22.866  -30.733 0.4000000060
57906  11.289  -22.193  -33.031 0.4000000060
17515  6.667  -23.919  -21.450 0.4000000060
55423  7.386  -21.417  -25.505 0.4000000060
18636  7.725  -21.046  -26.165 0.4000000060
18640  8.375  -21.420  -26.592 0.5000000000
19019  8.049  -20.638  -26.806 0.4000000060
18639  8.990  -21.749  -27.077 0.5000000000
18272  9.972  -21.938  -28.072 0.4000000060
54633  12.905  -22.531  -30.048 0.4000000060
18656  11.772  -22.586  -31.996 0.4000000060
18675  11.204  -21.441  -33.857 0.3000000119
19054  10.932  -20.709  -34.039 0.4000000060
19402  10.970  -19.341  -34.090 0.3000000119
18645  8.805  -20.883  -27.259 0.4000000060
19024  9.509  -20.716  -27.810 0.4000000060
19028  10.158  -20.537  -28.354 0.4000000060
19027  12.713  -21.057  -28.962 0.4000000060
51497  13.022  -21.323  -30.156 0.4000000060
19052  11.903  -19.323  -33.774 0.4000000060
58950  9.728  -18.491  -29.940 0.4000000060
13203  -3.791  -36.263  -18.939 0.6000000238
13543  -3.947  -35.682  -19.258 0.6000000238
2926  3.954  -65.679  -29.325 0.6000000238
13540  -3.416  -35.779  -18.963 0.6000000238
14209  -2.337  -34.369  -19.727 0.6000000238
19006  6.691  -21.127  -25.178 0.3000000119
19030  8.895  -20.017  -27.801 0.4000000060
19741  12.104  -18.495  -30.095 0.4000000060
19033  12.859  -20.448  -29.159 0.4000000060
19395  12.680  -19.077  -31.816 0.4000000060
2976  9.707  -65.872  -34.454 0.3000000119
20079  11.626  -17.994  -32.047 0.4000000060
19053  11.239  -20.071  -34.205 0.3000000119
59453  11.294  -18.904  -33.904 0.4000000060
4198  -1.559  -61.753  -21.955 0.5000000000
48387  0.228  -33.218  -20.959 0.5000000000
11081  -3.707  -43.012  -17.160 0.6000000238
55747  6.667  -32.569  -21.722 0.6000000238
48407  7.250  -29.710  -20.547 0.4000000060
16104  7.304  -28.720  -20.579 0.4000000060
16799  7.305  -26.470  -21.082 0.5000000000
17893  7.971  -23.173  -25.419 0.4000000060
17149  7.258  -25.588  -21.418 0.4000000060
18265  9.543  -21.917  -27.604 0.5000000000
18644  9.411  -21.346  -27.508 0.4000000060
18277  12.730  -22.232  -29.067 0.4000000060
18282  12.606  -22.699  -29.650 0.4000000060
18283  12.216  -22.832  -30.508 0.5000000000
18664  11.857  -21.907  -32.936 0.4000000060
18643  9.980  -21.354  -27.989 0.4000000060
18647  12.773  -21.811  -29.013 0.4000000060
18663  12.688  -21.270  -32.782 0.4000000060
19041  12.655  -19.936  -32.963 0.4000000060
49435  10.342  -69.338  -28.051 0.3000000119
56235  10.125  -68.989  -29.599 0.4000000060
5263  -1.373  -58.297  -21.259 0.4000000060
48330  -1.784  -31.946  -19.817 0.5000000000
55733  -0.747  -31.705  -21.057 0.4000000060
55735  -1.268  -31.572  -20.607 0.5000000000
55755  -1.872  -31.484  -19.803 0.5000000000
48436  -2.047  -31.250  -19.331 0.5000000000
15332  -2.601  -31.674  -18.798 0.5000000000
48372  2.088  -33.258  -22.627 0.4000000060
55748  0.578  -32.317  -22.189 0.4000000060
55720  0.829  -32.857  -21.854 0.5000000000
14973  -2.665  -32.056  -19.638 0.5000000000
55739  1.578  -32.569  -22.819 0.4000000060
14594  -2.948  -32.695  -19.893 0.5000000000
14214  -2.938  -33.496  -19.948 0.5000000000
13882  -3.549  -35.146  -19.410 0.5000000000
54588  -3.719  -34.600  -19.762 0.5000000000
59242  4.906  -32.814  -23.201 0.4000000060
14215  -3.523  -33.932  -20.021 0.5000000000
48389  2.392  -32.646  -23.291 0.4000000060
13883  -4.104  -35.059  -19.652 0.5000000000
14216  -4.206  -34.337  -20.068 0.5000000000
55729  6.181  -31.813  -22.717 0.4000000060
54806  -4.437  -36.979  -19.384 0.5000000000
13544  -4.485  -35.677  -19.601 0.5000000000
13887  -4.674  -35.032  -19.983 0.5000000000
12857  -4.881  -37.194  -19.805 0.5000000000
15725  7.238  -30.268  -21.887 0.4000000060
16109  7.503  -28.866  -21.317 0.4000000060
16464  6.882  -27.150  -20.067 0.5000000000
53266  7.449  -27.523  -20.960 0.4000000060
18291  11.829  -22.826  -31.337 0.4000000060
55740  -0.057  -32.366  -21.326 0.5000000000
48386  -1.782  -31.371  -20.117 0.4000000060
55728  -1.967  -30.986  -20.173 0.5000000000
55721  3.515  -33.193  -23.154 0.4000000060
1252  3.772  -72.194  -15.888 0.3000000119
1099  9.255  -72.550  -19.446 0.3000000119
1286  9.015  -71.110  -20.711 0.3000000119
1276  9.683  -71.854  -20.318 0.3000000119
3856  1.174  -63.054  -21.955 0.3000000119
51178  -0.356  -63.142  -22.468 0.4000000060
3523  1.072  -63.684  -21.965 0.4000000060
3191  -0.292  -63.458  -22.540 0.5000000000
3190  1.127  -64.114  -21.840 0.4000000060
3185  1.748  -64.384  -19.804 0.3000000119
3522  1.621  -63.747  -20.666 0.4000000060
3189  1.693  -64.623  -20.617 0.5000000000
50461  1.542  -64.155  -20.955 0.4000000060
49884  -2.007  -62.980  -21.855 0.6000000238
3857  -0.334  -62.400  -22.413 0.4000000060
56838  -1.501  -62.665  -22.207 0.4000000060
55860  0.727  -62.231  -22.202 0.4000000060
2842  2.201  -65.847  -17.762 0.3000000119
4197  -0.163  -61.605  -22.118 0.4000000060
4902  -1.677  -59.965  -21.540 0.4000000060
4897  -0.299  -59.723  -21.862 0.3000000119
4898  -1.236  -59.151  -21.536 0.3000000119
5269  -2.171  -59.137  -21.246 0.5000000000
5632  -2.635  -57.515  -20.416 0.4000000060
5631  -1.552  -57.227  -20.723 0.4000000060
49929  -2.156  -56.195  -19.573 0.3000000119
5625  -2.383  -56.827  -19.966 0.4000000060
6316  -2.228  -55.666  -19.150 0.3000000119
6317  -2.942  -55.526  -18.898 0.4000000060
6659  -3.666  -54.504  -18.348 0.4000000060
6658  -2.988  -54.847  -18.399 0.4000000060
5984  -3.457  -55.878  -19.215 0.4000000060
6656  -3.036  -54.143  -18.032 0.4000000060
6313  -2.216  -55.009  -18.665 0.3000000119
6318  -3.692  -55.283  -18.785 0.4000000060
6987  -3.031  -53.448  -17.831 0.4000000060
7337  -4.087  -53.393  -18.259 0.4000000060
7334  -3.565  -52.966  -17.961 0.4000000060
6989  -3.622  -53.771  -18.096 0.4000000060
7333  -2.950  -52.842  -17.687 0.3000000119
55475  -2.735  -51.610  -17.415 0.3000000119
7688  -3.151  -52.253  -17.728 0.4000000060
8025  -3.017  -50.724  -17.362 0.3000000119
8026  -3.365  -51.487  -17.749 0.3000000119
55141  -3.629  -50.821  -17.768 0.4000000060
8699  -3.154  -48.823  -16.964 0.3000000119
8358  -3.629  -50.080  -17.542 0.3000000119
51771  -3.286  -47.946  -16.823 0.3000000119
9036  -4.066  -47.657  -17.135 0.3000000119
8356  -2.957  -49.731  -17.090 0.3000000119
9358  -2.992  -47.175  -16.610 0.3000000119
9359  -3.627  -47.237  -16.805 0.3000000119
10392  -3.177  -44.682  -16.495 0.3000000119
8702  -3.654  -49.247  -17.328 0.3000000119
9038  -3.851  -48.477  -17.218 0.3000000119
59809  -4.033  -48.938  -17.478 0.3000000119
53365  -3.536  -46.577  -16.649 0.3000000119
10057  -4.044  -45.911  -16.980 0.3000000119
9360  -4.095  -46.797  -17.055 0.3000000119
10056  -3.648  -45.250  -16.703 0.3000000119
53078  -3.382  -42.428  -17.134 0.3000000119
10394  -3.841  -44.463  -16.923 0.4000000060
59958  5.620  -23.370  -37.128 0.3000000119
9722  -4.578  -46.273  -17.422 0.4000000060
18333  5.994  -22.989  -37.522 0.3000000119
19079  5.639  -21.373  -36.368 0.3000000119
9719  -3.435  -45.922  -16.535 0.3000000119
10724  -3.329  -43.775  -16.752 0.3000000119
48411  -1.292  -32.132  -20.249 0.4000000060
48316  -0.508  -32.301  -20.896 0.4000000060
706  7.009  -74.741  -16.270 0.3000000119
740  9.495  -74.053  -18.220 0.3000000119
924  9.347  -73.317  -18.806 0.3000000119
19078  5.962  -20.657  -36.084 0.3000000119
2857  -3.186  -65.130  -21.422 0.8999999762
2858  -3.224  -65.130  -21.381 0.8999999762
3194  -3.080  -64.668  -21.245 0.8999999762
3202  -3.182  -65.113  -21.314 0.8999999762
3207  -3.177  -64.998  -21.535 0.8999999762
3212  -3.113  -64.526  -22.068 0.8999999762
3529  -3.069  -64.746  -21.433 0.8999999762
4927  -5.072  -61.260  -24.506 0.5000000000
8707  -5.132  -50.347  -18.898 0.8000000119
11892  -0.848  -41.977  -40.949 0.6000000238
13204  -4.229  -36.337  -19.263 0.5000000000
13209  -4.769  -36.383  -19.653 0.5000000000
15335  -1.976  -31.605  -19.394 0.5000000000
15336  -2.297  -31.380  -19.366 0.5000000000
15707  -2.214  -31.214  -19.569 0.5000000000
18271  10.312  -21.670  -28.358 0.4000000060
18650  12.890  -21.920  -29.070 0.4000000060
18655  12.683  -22.150  -31.521 0.4000000060
18674  11.980  -20.770  -33.721 0.4000000060
19029  9.601  -20.101  -28.137 0.4000000060
19036  12.979  -20.615  -31.648 0.4000000060
19401  12.243  -18.624  -32.777 0.4000000060
19747  12.194  -18.289  -31.102 0.4000000060
19748  11.870  -17.852  -30.930 0.4000000060
19753  11.818  -17.927  -32.170 0.4000000060
19764  11.671  -18.352  -33.315 0.4000000060
20070  9.723  -18.884  -29.045 0.5000000000
52203  -6.579  -47.143  -19.441 0.8000000119
53552  9.967  -19.760  -28.546 0.5000000000
54689  12.376  -19.312  -29.507 0.5000000000
55469  12.689  -19.537  -30.343 0.4000000060
55742  -2.050  -31.093  -19.780 0.5000000000
58648  12.222  -18.305  -31.942 0.4000000060
