#!ascii label  , from subject sub-1016 vox2ras=TkReg
450
4659  11.166  -61.707  -38.664 0.5000000000
9461  8.339  -47.297  -43.028 0.6000000238
9818  8.445  -46.416  -43.217 0.6999999881
55287  7.722  -46.680  -42.840 0.6000000238
6764  8.494  -54.838  -41.263 0.5000000000
6426  9.479  -56.239  -41.092 0.6000000238
6763  9.741  -55.584  -41.505 0.6000000238
6748  8.962  -55.557  -41.175 0.5000000000
6440  10.063  -56.880  -41.022 0.5000000000
8447  6.999  -50.608  -41.792 0.5000000000
5046  11.115  -59.728  -39.858 0.4000000060
8453  7.669  -50.307  -42.156 0.5000000000
8790  7.013  -49.818  -41.971 0.5000000000
8800  7.664  -49.469  -42.327 0.6000000238
8799  8.322  -49.084  -42.708 0.6000000238
9470  9.005  -47.873  -43.259 0.6000000238
9135  8.294  -48.198  -42.854 0.6000000238
55687  9.067  -46.999  -43.433 0.6999999881
9817  9.769  -46.691  -43.832 0.6000000238
10158  9.853  -45.819  -43.991 0.6000000238
53233  9.150  -46.132  -43.606 0.6999999881
9810  7.840  -45.816  -43.026 0.6000000238
7081  7.949  -54.063  -41.296 0.5000000000
51135  10.244  -56.189  -41.442 0.6000000238
6077  10.767  -57.559  -40.952 0.4000000060
8118  8.369  -50.958  -42.347 0.5000000000
8119  7.583  -51.014  -41.961 0.5000000000
4672  11.517  -61.187  -39.120 0.5000000000
8798  9.017  -49.542  -42.962 0.6999999881
49463  8.362  -49.965  -42.556 0.6000000238
9142  8.974  -48.718  -43.094 0.6999999881
9469  9.714  -47.566  -43.665 0.6000000238
9824  10.454  -46.379  -44.205 0.6000000238
10157  10.657  -45.478  -44.377 0.6999999881
51263  8.701  -44.745  -43.567 0.6999999881
10153  9.242  -45.292  -43.755 0.6999999881
7080  8.847  -54.159  -41.676 0.5000000000
7420  8.462  -53.372  -41.755 0.5000000000
6773  10.083  -54.986  -41.925 0.6999999881
6438  10.949  -56.041  -41.824 0.5000000000
55777  10.393  -55.606  -41.786 0.6999999881
55912  9.295  -54.899  -41.597 0.6000000238
5756  11.698  -57.834  -41.170 0.4000000060
6439  10.842  -56.751  -41.412 0.5000000000
8452  9.124  -50.421  -42.836 0.5000000000
57456  9.552  -49.155  -43.300 0.6000000238
9141  10.400  -48.136  -43.899 0.6000000238
55624  9.660  -48.439  -43.486 0.6999999881
53230  11.047  -46.855  -44.407 0.6999999881
9468  10.420  -47.231  -44.066 0.6000000238
9823  11.474  -45.695  -44.680 0.6000000238
10167  12.042  -45.161  -44.899 0.6000000238
59602  11.040  -46.177  -44.479 0.6999999881
10483  8.197  -44.134  -43.412 0.6000000238
10147  7.983  -44.948  -43.215 0.6000000238
10499  11.877  -44.475  -44.862 0.6999999881
10156  11.327  -44.884  -44.666 0.6000000238
10488  9.910  -44.921  -44.090 0.6999999881
7419  9.245  -53.518  -42.093 0.6000000238
7088  9.659  -54.245  -42.028 0.6999999881
6091  11.430  -57.207  -41.410 0.4000000060
8109  8.693  -51.935  -42.271 0.5000000000
8459  9.778  -49.896  -43.264 0.6000000238
50398  10.347  -49.160  -43.683 0.6999999881
9146  11.118  -48.659  -44.128 0.6000000238
9488  11.994  -47.656  -44.666 0.6999999881
9476  11.191  -47.724  -44.334 0.6999999881
10817  8.404  -43.326  -43.558 0.6000000238
9830  12.312  -46.895  -44.870 0.6000000238
9475  11.621  -47.125  -44.608 0.6999999881
10498  12.616  -44.510  -45.071 0.6000000238
50873  12.209  -45.989  -44.912 0.6000000238
57359  11.609  -46.461  -44.676 0.6999999881
10824  9.821  -43.910  -44.092 0.6999999881
10482  8.937  -43.960  -43.736 0.6000000238
10834  12.872  -43.632  -45.123 0.5000000000
10835  12.096  -43.784  -44.924 0.6000000238
10486  11.344  -44.030  -44.689 0.8000000119
10823  10.689  -43.513  -44.450 0.8000000119
55507  9.316  -44.566  -43.856 0.6999999881
10487  10.617  -44.457  -44.403 0.8000000119
6772  10.953  -55.207  -42.226 0.6999999881
7768  8.942  -52.774  -42.169 0.6000000238
12246  8.793  -38.980  -43.709 0.6000000238
55293  9.288  -51.345  -42.712 0.5000000000
49943  8.585  -39.859  -43.672 0.5000000000
11904  9.099  -40.511  -43.872 0.6000000238
50757  9.939  -50.809  -43.152 0.6999999881
8458  10.707  -50.276  -43.625 0.6999999881
11561  8.840  -41.363  -43.777 0.6000000238
8807  11.269  -49.519  -44.024 0.6000000238
9157  12.391  -48.165  -44.712 0.6999999881
9145  11.808  -48.357  -44.471 0.6999999881
11179  8.510  -42.328  -43.635 0.6000000238
10816  9.215  -43.070  -43.878 0.6000000238
52020  13.070  -46.292  -45.123 0.6000000238
55514  10.799  -42.733  -44.492 0.6000000238
11188  10.084  -42.884  -44.223 0.6000000238
10822  11.515  -43.065  -44.738 0.6000000238
7087  10.473  -54.342  -42.378 0.6999999881
7431  10.032  -53.544  -42.470 0.6999999881
50756  9.563  -52.995  -42.418 0.6999999881
7086  11.310  -54.421  -42.715 0.6999999881
12593  9.011  -38.126  -43.738 0.6000000238
12594  8.243  -38.374  -43.477 0.6000000238
12247  8.012  -39.251  -43.444 0.6000000238
7775  9.547  -52.273  -42.611 0.6000000238
8126  10.693  -51.239  -43.411 0.6999999881
12254  9.463  -39.575  -43.971 0.4000000060
11560  9.501  -41.116  -44.025 0.6000000238
8813  11.741  -49.016  -44.316 0.6999999881
56603  9.537  -42.011  -44.033 0.6999999881
9487  12.695  -47.623  -44.889 0.6999999881
11570  10.167  -41.244  -44.264 0.5000000000
55183  13.044  -47.074  -45.047 0.6000000238
50369  10.467  -42.058  -44.374 0.5000000000
10166  12.792  -45.402  -45.101 0.6000000238
11187  11.272  -42.144  -44.640 0.6000000238
11186  12.076  -42.262  -44.882 0.6000000238
59110  10.411  -53.208  -42.764 0.6999999881
7446  10.077  -52.862  -42.712 0.6000000238
12959  9.209  -37.130  -43.743 0.4000000060
12960  8.499  -37.629  -43.516 0.5000000000
51099  10.069  -51.672  -43.019 0.6000000238
7783  10.226  -52.332  -42.930 0.6999999881
8125  11.317  -50.947  -43.743 0.6999999881
51973  12.901  -49.636  -44.574 0.6999999881
8806  12.090  -49.633  -44.316 0.6999999881
8457  11.669  -50.329  -44.013 0.6999999881
11913  9.875  -40.440  -44.142 0.6000000238
8812  13.350  -48.989  -44.824 0.6999999881
9486  13.432  -47.630  -45.066 0.6000000238
9156  13.026  -48.275  -44.875 0.6999999881
9144  12.464  -48.876  -44.600 0.6999999881
9829  13.876  -46.205  -45.293 0.5000000000
7445  10.711  -52.814  -43.021 0.6999999881
55434  8.326  -36.876  -43.388 0.4000000060
7782  10.747  -52.038  -43.245 0.6999999881
7803  11.416  -51.681  -43.610 0.8000000119
8124  12.136  -51.190  -43.986 0.6000000238
13281  7.543  -36.693  -43.066 0.6000000238
8472  12.544  -50.374  -44.304 0.6999999881
13282  6.776  -36.544  -42.738 0.5000000000
53318  14.268  -47.552  -45.227 0.5000000000
7781  11.398  -52.485  -43.398 0.6999999881
13288  8.899  -36.149  -43.540 0.4000000060
13289  8.100  -36.007  -43.210 0.4000000060
57385  13.613  -49.624  -44.756 0.6000000238
13640  7.888  -35.178  -43.013 0.4000000060
12952  7.025  -37.248  -42.926 0.6000000238
9155  13.850  -48.325  -45.046 0.6000000238
13639  8.627  -35.293  -43.337 0.4000000060
8143  13.124  -51.137  -44.291 0.6000000238
8471  13.386  -50.275  -44.558 0.6000000238
13632  7.324  -35.843  -42.868 0.4000000060
8811  14.277  -49.155  -44.975 0.6000000238
13966  7.146  -34.971  -42.653 0.4000000060
51994  14.758  -48.315  -45.192 0.4000000060
7802  12.243  -52.166  -43.781 0.6999999881
58673  12.691  -51.652  -44.048 0.6999999881
57862  8.369  -34.598  -43.137 0.4000000060
13965  7.764  -34.340  -42.821 0.4000000060
56271  15.228  -49.001  -45.141 0.4000000060
8470  14.168  -50.033  -44.775 0.6000000238
8469  14.772  -50.542  -44.751 0.6000000238
8827  14.979  -49.762  -44.953 0.5000000000
14699  6.729  -32.438  -41.903 0.3000000119
8826  15.854  -49.502  -45.113 0.4000000060
56874  9.232  -32.223  -43.131 0.4000000060
14698  7.474  -32.569  -42.323 0.3000000119
15056  6.567  -31.637  -41.590 0.4000000060
58888  9.953  -31.462  -43.324 0.4000000060
15061  9.314  -31.598  -43.058 0.4000000060
54790  8.069  -31.774  -42.443 0.3000000119
15062  8.710  -31.429  -42.718 0.3000000119
15063  7.255  -31.740  -41.997 0.3000000119
55459  9.712  -30.821  -43.116 0.4000000060
15438  9.048  -30.808  -42.776 0.4000000060
15439  8.382  -30.863  -42.406 0.3000000119
15440  7.665  -30.962  -42.024 0.3000000119
15427  5.949  -30.213  -40.727 0.4000000060
15814  6.271  -29.251  -40.588 0.3000000119
16549  6.739  -27.640  -40.365 0.3000000119
15441  7.029  -31.067  -41.684 0.3000000119
50927  9.447  -30.068  -42.867 0.4000000060
53497  6.585  -29.944  -41.066 0.3000000119
16198  6.893  -28.428  -40.764 0.3000000119
16554  7.347  -27.644  -40.898 0.3000000119
16883  7.137  -27.024  -40.517 0.3000000119
51997  8.756  -30.077  -42.464 0.4000000060
15827  8.041  -30.129  -42.046 0.3000000119
15820  7.063  -29.267  -41.176 0.3000000119
16882  7.680  -26.842  -40.953 0.3000000119
15826  9.166  -29.280  -42.577 0.4000000060
50408  8.460  -29.325  -42.134 0.4000000060
15819  7.768  -29.344  -41.689 0.3000000119
16197  7.646  -28.427  -41.363 0.3000000119
16553  7.989  -27.506  -41.406 0.5000000000
16878  7.307  -26.190  -40.381 0.3000000119
16204  8.833  -28.409  -42.223 0.4000000060
15818  8.185  -28.714  -41.846 0.3000000119
16196  8.263  -28.082  -41.770 0.3000000119
16890  8.859  -26.535  -41.872 0.3000000119
16881  8.313  -26.685  -41.466 0.3000000119
17220  7.779  -25.313  -40.504 0.3000000119
16565  10.160  -27.780  -42.976 0.3000000119
16210  9.633  -28.495  -42.759 0.3000000119
16559  9.446  -27.613  -42.509 0.3000000119
17236  9.291  -26.008  -42.062 0.3000000119
17226  9.190  -25.292  -41.775 0.3000000119
16889  9.348  -26.769  -42.283 0.3000000119
16560  8.707  -27.367  -41.951 0.3000000119
17227  8.681  -25.861  -41.543 0.3000000119
59160  8.787  -25.264  -41.438 0.3000000119
16877  8.017  -26.020  -41.000 0.3000000119
56703  10.654  -27.224  -43.166 0.3000000119
16896  10.066  -26.880  -42.767 0.3000000119
17219  8.397  -25.265  -41.087 0.3000000119
17596  8.911  -24.663  -41.318 0.3000000119
17589  8.261  -24.515  -40.659 0.3000000119
17601  9.589  -24.615  -41.836 0.3000000119
55306  9.369  -24.051  -41.443 0.3000000119
17970  9.924  -23.907  -41.775 0.3000000119
17961  9.603  -23.409  -41.327 0.3000000119
17962  8.887  -23.712  -40.882 0.3000000119
17955  8.136  -23.671  -40.162 0.3000000119
53697  11.496  -60.534  -39.520 0.5000000000
10154  8.558  -45.559  -43.395 0.6999999881
5735  11.201  -58.389  -40.669 0.4000000060
53483  13.721  -46.899  -45.206 0.5000000000
9828  14.637  -46.613  -45.381 0.5000000000
49730  13.992  -50.808  -44.564 0.6000000238
7463  13.778  -52.990  -43.961 0.5000000000
7464  12.843  -52.972  -43.740 0.5000000000
53088  11.986  -53.048  -43.454 0.6999999881
7444  11.317  -53.143  -43.177 0.6000000238
7801  13.276  -52.098  -44.090 0.5000000000
7443  12.479  -53.742  -43.392 0.6999999881
54569  11.672  -53.741  -43.116 0.6000000238
7430  10.841  -53.607  -42.821 0.6000000238
7104  12.948  -54.457  -43.268 0.6999999881
7105  12.133  -54.445  -43.020 0.6999999881
6793  11.825  -55.128  -42.618 0.6000000238
7442  13.331  -53.742  -43.626 0.6000000238
7800  14.410  -52.208  -44.294 0.5000000000
6792  12.596  -55.120  -42.889 0.6000000238
52822  13.883  -51.517  -44.371 0.5000000000
8141  15.457  -51.787  -44.535 0.5000000000
8142  14.633  -51.312  -44.549 0.5000000000
55964  15.296  -50.993  -44.709 0.4000000060
9462  7.507  -47.604  -42.596 0.4000000060
9136  7.609  -48.601  -42.466 0.5000000000
8792  5.696  -49.627  -41.515 0.6000000238
49912  6.357  -50.126  -41.639 0.5000000000
9137  6.860  -48.218  -42.220 0.5000000000
59321  6.408  -48.691  -41.959 0.5000000000
8801  6.991  -49.027  -42.123 0.5000000000
8791  6.379  -49.356  -41.815 0.5000000000
8468  16.048  -50.992  -44.784 0.4000000060
10148  7.217  -45.196  -42.855 0.5000000000
9448  6.003  -48.011  -41.944 0.5000000000
10818  7.793  -43.585  -43.294 0.5000000000
10474  7.390  -44.235  -43.055 0.5000000000
10484  6.728  -43.845  -42.838 0.5000000000
8489  15.566  -50.329  -44.894 0.4000000060
10819  7.198  -43.352  -43.071 0.5000000000
11180  7.792  -42.875  -43.340 0.5000000000
57870  7.737  -42.150  -43.350 0.5000000000
11181  7.117  -42.506  -43.108 0.6000000238
10810  6.368  -43.075  -42.791 0.6000000238
11562  8.054  -41.497  -43.483 0.5000000000
10476  5.252  -44.330  -42.285 0.5000000000
10811  5.462  -43.369  -42.455 0.5000000000
10812  4.659  -43.620  -42.194 0.5000000000
11905  8.344  -40.707  -43.597 0.5000000000
11906  7.679  -40.883  -43.360 0.5000000000
11563  7.207  -41.549  -43.184 0.5000000000
11171  6.409  -42.039  -42.884 0.6000000238
11172  5.608  -42.436  -42.581 0.6000000238
11899  4.626  -40.560  -42.272 0.5000000000
11174  4.034  -43.034  -42.056 0.5000000000
54172  7.802  -40.130  -43.399 0.6000000238
11907  6.983  -40.538  -43.118 0.6000000238
11554  6.478  -41.235  -42.938 0.6000000238
11555  5.690  -41.438  -42.655 0.6000000238
11173  4.819  -42.777  -42.303 0.5000000000
11556  4.912  -41.927  -42.374 0.5000000000
52893  4.250  -42.284  -42.144 0.5000000000
12248  7.208  -39.546  -43.173 0.6000000238
12249  6.400  -39.819  -42.900 0.6000000238
11897  6.111  -40.615  -42.814 0.6000000238
53762  4.954  -41.197  -42.398 0.5000000000
11898  5.375  -40.624  -42.552 0.6000000238
12242  4.327  -39.666  -42.127 0.5000000000
12596  6.610  -38.927  -42.929 0.6000000238
50520  5.751  -40.040  -42.678 0.6000000238
12241  5.134  -39.895  -42.447 0.6000000238
55468  5.002  -39.222  -42.363 0.5000000000
12595  7.438  -38.624  -43.202 0.6000000238
12240  5.740  -39.253  -42.639 0.6000000238
12961  7.704  -37.637  -43.220 0.6000000238
12962  6.843  -38.015  -42.939 0.6000000238
12588  5.268  -38.559  -42.413 0.5000000000
12587  6.028  -38.311  -42.669 0.6000000238
12953  6.247  -37.347  -42.640 0.6000000238
12954  5.463  -37.769  -42.401 0.5000000000
7799  15.211  -52.600  -44.300 0.5000000000
4319  11.912  -62.174  -38.570 0.4000000060
50521  13.484  -62.908  -38.409 0.5000000000
4318  12.641  -62.560  -38.494 0.4000000060
4335  12.629  -61.895  -39.021 0.4000000060
4658  11.890  -61.616  -38.961 0.4000000060
4334  13.885  -62.407  -38.993 0.5000000000
59923  13.396  -61.971  -39.199 0.5000000000
4670  13.166  -61.388  -39.543 0.5000000000
4671  12.238  -61.113  -39.422 0.5000000000
58510  12.163  -60.548  -39.752 0.4000000060
5026  13.808  -60.954  -40.021 0.5000000000
5027  12.844  -60.585  -39.960 0.5000000000
5045  12.089  -59.962  -40.083 0.4000000060
6771  11.677  -55.850  -42.220 0.5000000000
6111  11.598  -56.594  -41.804 0.4000000060
6090  12.245  -57.265  -41.683 0.4000000060
5734  12.096  -58.553  -40.921 0.4000000060
5376  11.621  -59.149  -40.394 0.4000000060
5044  13.591  -60.205  -40.426 0.4000000060
56873  12.448  -58.005  -41.350 0.4000000060
5375  12.526  -59.283  -40.649 0.4000000060
52271  12.884  -59.904  -40.393 0.4000000060
6455  12.452  -56.400  -42.220 0.4000000060
5733  13.100  -58.622  -41.225 0.4000000060
5374  13.390  -59.480  -40.805 0.4000000060
57239  12.306  -55.668  -42.540 0.5000000000
6089  13.105  -57.731  -41.714 0.4000000060
5755  14.063  -59.068  -41.238 0.4000000060
6454  13.378  -56.506  -42.441 0.4000000060
6110  13.755  -57.247  -42.146 0.4000000060
6791  13.399  -55.161  -43.092 0.6000000238
6471  13.837  -55.874  -42.863 0.5000000000
6453  14.263  -56.615  -42.588 0.4000000060
55893  13.204  -62.361  -38.838 0.5000000000
6437  12.987  -57.037  -42.050 0.4000000060
5769  14.110  -58.166  -41.757 0.4000000060
6472  12.991  -55.799  -42.691 0.5000000000
7112  17.232  -54.001  -44.027 0.3000000119
7113  16.424  -53.964  -43.992 0.3000000119
7459  16.845  -53.248  -44.252 0.3000000119
7111  18.097  -54.047  -44.053 0.3000000119
7458  17.666  -53.347  -44.265 0.3000000119
7100  16.753  -54.665  -43.757 0.3000000119
7101  15.934  -54.562  -43.738 0.4000000060
7114  15.692  -53.898  -43.959 0.4000000060
7461  15.451  -53.246  -44.142 0.4000000060
7099  17.611  -54.731  -43.780 0.3000000119
7460  16.098  -53.400  -44.154 0.3000000119
58761  17.371  -52.908  -44.382 0.3000000119
7798  16.088  -52.644  -44.370 0.3000000119
6789  15.246  -55.125  -43.438 0.4000000060
7103  13.786  -54.472  -43.465 0.4000000060
6788  16.219  -55.309  -43.461 0.4000000060
7102  15.290  -54.378  -43.744 0.4000000060
7441  14.187  -53.773  -43.796 0.4000000060
6787  17.111  -55.401  -43.487 0.3000000119
7462  14.664  -53.110  -44.084 0.4000000060
6470  14.744  -55.923  -43.010 0.4000000060
6790  14.267  -55.181  -43.266 0.4000000060
6469  15.685  -55.987  -43.108 0.4000000060
6468  16.608  -56.070  -43.163 0.3000000119
6467  17.498  -56.135  -43.203 0.3000000119
6786  17.987  -55.471  -43.512 0.3000000119
8140  16.525  -51.753  -44.636 0.3000000119
7115  14.979  -53.816  -43.906 0.4000000060
55552  14.620  -54.465  -43.619 0.4000000060
3307  13.755  -64.538  -35.737 0.3000000119
3308  12.712  -64.733  -35.734 0.3000000119
2985  13.185  -65.092  -35.038 0.3000000119
3320  13.059  -64.255  -36.399 0.3000000119
3306  14.701  -64.592  -35.355 0.3000000119
2984  14.086  -65.000  -34.940 0.3000000119
3319  14.714  -64.189  -36.125 0.3000000119
3979  12.684  -63.140  -37.972 0.3000000119
2972  15.429  -65.225  -34.454 0.3000000119
3292  14.799  -64.981  -34.823 0.3000000119
55348  14.510  -65.387  -34.356 0.3000000119
3637  13.260  -63.861  -37.083 0.3000000119
3652  13.383  -63.456  -37.735 0.3000000119
50252  13.920  -64.069  -36.614 0.3000000119
3636  14.739  -63.922  -36.950 0.3000000119
51636  14.047  -63.730  -37.360 0.3000000119
3978  14.194  -63.353  -38.027 0.3000000119
4333  14.724  -62.402  -39.180 0.4000000060
4317  14.430  -62.901  -38.629 0.4000000060
2617  13.477  -67.019  -33.004 0.3000000119
2046  13.499  -67.429  -32.519 0.3000000119
54467  13.643  -65.524  -34.397 0.3000000119
2625  15.562  -66.320  -33.405 0.3000000119
2626  14.667  -66.449  -33.372 0.3000000119
2616  14.267  -67.037  -32.809 0.3000000119
50070  13.802  -66.579  -33.394 0.3000000119
2958  15.948  -65.788  -33.925 0.3000000119
2959  15.040  -65.856  -33.886 0.3000000119
2627  13.292  -66.155  -33.907 0.3000000119
2960  14.149  -65.992  -33.875 0.3000000119
2039  14.301  -67.577  -32.095 0.3000000119
2635  12.759  -65.707  -34.464 0.3000000119
5041  16.214  -61.061  -40.513 0.3000000119
5042  15.333  -60.771  -40.523 0.3000000119
4687  14.729  -61.236  -40.073 0.4000000060
5058  16.004  -60.257  -40.976 0.3000000119
5059  15.020  -60.051  -40.897 0.4000000060
5060  14.200  -59.794  -40.845 0.4000000060
4342  17.525  -61.875  -40.052 0.3000000119
4685  17.077  -61.268  -40.489 0.3000000119
4686  15.619  -61.474  -40.102 0.4000000060
4669  14.108  -61.766  -39.549 0.3000000119
4695  16.743  -60.701  -40.828 0.3000000119
5391  15.458  -59.499  -41.302 0.3000000119
5390  16.354  -59.513  -41.450 0.3000000119
5753  15.791  -58.841  -41.722 0.3000000119
5392  14.721  -59.456  -41.173 0.4000000060
5754  14.887  -58.867  -41.543 0.4000000060
6109  14.694  -57.395  -42.283 0.3000000119
6452  15.191  -56.694  -42.712 0.3000000119
3632  18.232  -63.724  -37.319 0.3000000119
3647  18.308  -63.381  -38.063 0.3000000119
3648  17.518  -63.516  -37.848 0.3000000119
57554  17.069  -63.390  -38.184 0.3000000119
4330  17.999  -62.406  -39.549 0.3000000119
3988  17.591  -62.763  -39.133 0.3000000119
3989  16.894  -62.831  -39.047 0.3000000119
4684  17.962  -61.337  -40.510 0.3000000119
4331  17.149  -62.375  -39.565 0.3000000119
4332  16.345  -62.414  -39.458 0.3000000119
55900  15.830  -62.015  -39.725 0.3000000119
52619  15.563  -62.430  -39.311 0.3000000119
6088  15.212  -58.154  -41.994 0.3000000119
6108  15.658  -57.446  -42.417 0.3000000119
3315  18.940  -64.001  -36.795 0.3000000119
3974  17.496  -63.171  -38.542 0.3000000119
3977  15.031  -63.301  -38.229 0.3000000119
3631  19.017  -63.627  -37.502 0.3000000119
3646  19.149  -63.234  -38.203 0.3000000119
3973  18.406  -62.912  -38.860 0.3000000119
51322  19.661  -63.895  -36.993 0.3000000119
5043  14.442  -60.505  -40.477 0.3000000119
4343  16.535  -61.803  -40.011 0.3000000119
4344  15.092  -61.900  -39.674 0.4000000060
4694  17.491  -60.730  -40.896 0.3000000119
5057  16.945  -60.139  -41.188 0.3000000119
3990  16.106  -62.871  -38.937 0.3000000119
