#!ascii label  , from subject sub-1016 vox2ras=TkReg
1694
1737  9.028  -69.218  -27.059 0.0000000000
17209  5.668  -25.443  -38.087 0.0000000000
6324  -4.940  -56.062  -20.005 0.0000000000
50138  -1.827  -45.798  -40.956 0.0000000000
20392  9.003  -16.297  -31.893 0.0000000000
2978  7.662  -65.058  -34.115 0.0000000000
14289  -1.172  -32.859  -34.662 0.0000000000
17559  5.109  -24.685  -32.853 0.0000000000
20729  9.627  -15.967  -35.992 0.0000000000
1473  7.673  -70.378  -20.685 0.0000000000
2899  -0.681  -65.698  -25.493 0.0000000000
6009  -7.413  -57.393  -25.736 0.0000000000
11085  -4.780  -42.993  -18.121 0.0000000000
7398  1.625  -53.615  -39.726 0.0000000000
13621  1.043  -36.021  -39.744 0.0000000000
1734  12.183  -69.503  -27.095 0.0000000000
1771  11.480  -68.628  -31.122 0.0000000000
2034  8.199  -67.967  -30.827 0.0000000000
58727  9.202  -16.480  -34.039 0.0000000000
2260  3.896  -67.080  -23.549 0.0000000000
57505  -4.714  -61.623  -23.073 0.0000000000
5998  -6.798  -57.184  -22.325 0.0000000000
59067  -8.002  -52.190  -21.815 0.0000000000
13194  -2.189  -37.179  -18.315 0.0000000000
15337  -2.640  -31.731  -18.829 0.0000000000
55731  4.803  -33.700  -22.586 0.0000000000
9117  -5.033  -48.901  -40.392 0.0000000000
54112  -3.025  -54.512  -39.969 0.0000000000
53930  -0.251  -50.192  -40.545 0.0000000000
8774  3.860  -49.835  -40.976 0.0000000000
9802  3.105  -46.369  -41.532 0.0000000000
15797  2.331  -29.226  -36.517 0.0000000000
53751  -0.802  -34.489  -37.282 0.0000000000
15811  3.770  -29.843  -38.781 0.0000000000
18277  12.730  -22.232  -29.067 0.0000000000
4294  7.555  -63.033  -36.661 0.0000000000
10456  -4.815  -44.412  -39.759 0.0000000000
48357  1.467  -28.795  -33.744 0.0000000000
17574  4.937  -24.692  -35.669 0.0000000000
19426  6.615  -19.786  -35.258 0.0000000000
1709  7.933  -68.590  -24.266 0.0000000000
2308  5.668  -67.077  -29.409 0.0000000000
2280  4.425  -67.282  -26.428 0.0000000000
2874  -0.584  -64.629  -23.195 0.0000000000
51086  -4.521  -62.226  -25.992 0.0000000000
57807  -5.160  -49.524  -18.676 0.0000000000
17149  7.258  -25.588  -21.418 0.0000000000
19730  5.852  -18.627  -26.233 0.0000000000
922  10.453  -73.231  -19.418 0.0000000000
1479  11.696  -70.830  -22.368 0.0000000000
5000  3.308  -60.199  -37.242 0.0000000000
6069  4.810  -56.899  -39.171 0.0000000000
12924  -4.805  -37.993  -36.031 0.0000000000
12220  -3.087  -39.308  -38.464 0.0000000000
11538  -0.786  -41.172  -40.671 0.0000000000
12945  3.438  -37.415  -41.503 0.0000000000
52120  10.460  -69.409  -27.078 0.0000000000
56235  10.125  -68.989  -29.599 0.0000000000
1755  8.698  -68.828  -29.346 0.0000000000
5635  -4.028  -58.038  -20.779 0.0000000000
57148  -5.008  -59.481  -21.566 0.0000000000
6331  -6.152  -56.555  -21.170 0.0000000000
7004  -7.622  -54.538  -21.799 0.0000000000
7347  -6.679  -53.748  -20.479 0.0000000000
14210  -2.721  -34.428  -19.693 0.0000000000
14599  -0.591  -33.343  -20.414 0.0000000000
48316  -0.508  -32.301  -20.896 0.0000000000
9456  -3.204  -47.312  -40.639 0.0000000000
8781  -2.848  -49.457  -40.635 0.0000000000
9441  -1.260  -48.120  -40.889 0.0000000000
9112  1.238  -48.216  -41.012 0.0000000000
9452  0.715  -46.537  -41.262 0.0000000000
16868  4.263  -26.825  -36.922 0.0000000000
15807  2.911  -29.886  -37.917 0.0000000000
16542  4.490  -27.836  -38.152 0.0000000000
19738  9.211  -18.900  -28.701 0.0000000000
58950  9.728  -18.491  -29.940 0.0000000000
2342  9.520  -67.013  -33.068 0.0000000000
2333  11.455  -67.662  -32.741 0.0000000000
2976  9.707  -65.872  -34.454 0.0000000000
3614  8.870  -64.487  -35.758 0.0000000000
3627  7.583  -64.005  -35.690 0.0000000000
16853  4.037  -26.566  -33.656 0.0000000000
16856  3.517  -27.086  -34.682 0.0000000000
17569  4.755  -25.080  -34.080 0.0000000000
19755  8.825  -18.320  -31.690 0.0000000000
19765  8.541  -18.403  -32.440 0.0000000000
20724  9.953  -15.308  -34.617 0.0000000000
53272  8.298  -18.138  -34.877 0.0000000000
1680  8.121  -69.288  -22.323 0.0000000000
1985  6.735  -68.471  -25.392 0.0000000000
50446  6.168  -68.100  -23.994 0.0000000000
2896  1.461  -66.001  -24.587 0.0000000000
56450  2.249  -65.960  -26.163 0.0000000000
2914  -0.015  -65.462  -26.712 0.0000000000
3237  -2.566  -64.714  -27.644 0.0000000000
4924  -5.831  -60.029  -24.165 0.0000000000
4220  -4.405  -62.373  -24.488 0.0000000000
4934  -5.961  -60.004  -25.947 0.0000000000
10056  -3.648  -45.250  -16.703 0.0000000000
59809  -4.033  -48.938  -17.478 0.0000000000
9723  -5.004  -46.561  -17.788 0.0000000000
52863  -6.703  -47.764  -19.749 0.0000000000
10732  -6.205  -43.790  -19.232 0.0000000000
17883  5.329  -23.369  -20.813 0.0000000000
17887  8.056  -23.794  -22.864 0.0000000000
18630  6.336  -21.594  -24.612 0.0000000000
19012  7.033  -20.696  -25.811 0.0000000000
1091  8.010  -72.665  -18.620 0.0000000000
740  9.495  -74.053  -18.220 0.0000000000
53388  8.767  -71.724  -19.952 0.0000000000
56479  9.760  -71.058  -21.110 0.0000000000
7063  -0.657  -54.135  -39.729 0.0000000000
6726  -1.588  -56.047  -39.270 0.0000000000
6723  1.011  -55.806  -39.040 0.0000000000
6054  2.576  -57.457  -38.487 0.0000000000
6733  3.406  -55.206  -39.450 0.0000000000
7395  4.251  -53.805  -40.042 0.0000000000
13600  -2.745  -35.207  -35.557 0.0000000000
13948  0.126  -35.279  -38.699 0.0000000000
50114  -2.155  -36.961  -37.842 0.0000000000
12564  -1.294  -37.954  -39.008 0.0000000000
11879  -2.494  -40.349  -39.370 0.0000000000
12576  -0.189  -38.703  -39.976 0.0000000000
1752  11.486  -69.175  -29.139 0.0000000000
1768  10.024  -68.561  -30.846 0.0000000000
2337  8.165  -67.018  -32.114 0.0000000000
21715  9.801  -12.887  -31.223 0.0000000000
21390  10.863  -13.824  -33.921 0.0000000000
21401  11.251  -13.456  -34.686 0.0000000000
1958  6.024  -68.117  -22.382 0.0000000000
1674  5.464  -68.848  -20.651 0.0000000000
51910  3.996  -67.169  -21.753 0.0000000000
2889  1.480  -65.966  -23.801 0.0000000000
3528  -2.949  -64.019  -21.594 0.0000000000
4204  -3.620  -61.878  -21.614 0.0000000000
4921  -5.765  -59.579  -22.677 0.0000000000
6342  -7.299  -57.180  -23.908 0.0000000000
54182  -8.350  -54.889  -24.019 0.0000000000
12153  -3.417  -40.334  -18.024 0.0000000000
11830  -4.819  -40.929  -19.466 0.0000000000
12854  -3.849  -37.148  -18.894 0.0000000000
57062  -4.818  -34.508  -20.370 0.0000000000
59242  4.906  -32.814  -23.201 0.0000000000
52507  -4.022  -51.553  -40.445 0.0000000000
8103  -1.607  -51.770  -40.329 0.0000000000
8102  0.519  -51.719  -40.211 0.0000000000
8100  3.072  -51.590  -40.386 0.0000000000
53163  1.639  -49.758  -40.702 0.0000000000
9127  3.793  -48.108  -41.336 0.0000000000
15412  0.622  -30.775  -35.454 0.0000000000
14299  -0.836  -33.417  -36.110 0.0000000000
15040  0.763  -31.918  -36.891 0.0000000000
14677  1.445  -32.491  -38.234 0.0000000000
55575  2.396  -32.998  -39.391 0.0000000000
18665  11.482  -22.321  -32.423 0.0000000000
19749  9.164  -18.258  -30.954 0.0000000000
54983  8.761  -16.930  -30.901 0.0000000000
3953  9.214  -63.271  -36.977 0.0000000000
4663  7.636  -61.081  -37.914 0.0000000000
9444  -5.444  -47.390  -40.196 0.0000000000
10143  -3.282  -45.593  -40.596 0.0000000000
15409  0.382  -30.417  -34.484 0.0000000000
16172  1.976  -28.844  -35.342 0.0000000000
16528  3.535  -27.173  -35.593 0.0000000000
56576  4.965  -25.227  -36.656 0.0000000000
53250  4.866  -21.967  -33.079 0.0000000000
19066  6.064  -20.303  -34.286 0.0000000000
51964  4.573  -22.516  -34.201 0.0000000000
18689  5.054  -21.790  -35.384 0.0000000000
59958  5.620  -23.370  -37.128 0.0000000000
18332  6.324  -22.894  -37.900 0.0000000000
57285  8.591  -68.994  -25.767 0.0000000000
1747  7.101  -68.605  -28.077 0.0000000000
1996  6.846  -68.641  -26.756 0.0000000000
2293  5.194  -67.501  -27.712 0.0000000000
2274  4.411  -67.398  -25.493 0.0000000000
2911  2.555  -65.584  -27.572 0.0000000000
52019  -0.550  -65.422  -24.029 0.0000000000
3538  -3.042  -64.229  -22.750 0.0000000000
3548  -3.181  -64.305  -24.549 0.0000000000
3558  -3.274  -64.330  -26.294 0.0000000000
7341  -5.676  -53.236  -19.507 0.0000000000
58391  -6.132  -51.017  -19.894 0.0000000000
9050  -7.458  -48.277  -21.203 0.0000000000
16104  7.304  -28.720  -20.579 0.0000000000
16800  6.450  -25.962  -20.168 0.0000000000
16471  7.670  -28.994  -22.226 0.0000000000
54194  8.411  -27.418  -23.741 0.0000000000
55487  8.293  -20.205  -27.316 0.0000000000
550  11.360  -75.275  -17.448 0.0000000000
1284  11.302  -71.891  -21.128 0.0000000000
1497  10.426  -70.166  -22.576 0.0000000000
1706  10.411  -69.323  -24.371 0.0000000000
2306  6.965  -67.565  -30.331 0.0000000000
2943  6.342  -65.922  -31.798 0.0000000000
3957  5.719  -62.956  -35.909 0.0000000000
4651  5.282  -61.292  -37.085 0.0000000000
56477  5.674  -60.117  -37.856 0.0000000000
59719  4.095  -58.722  -38.159 0.0000000000
6050  5.815  -58.133  -38.882 0.0000000000
59267  -2.754  -36.177  -36.706 0.0000000000
12561  -4.178  -38.581  -37.200 0.0000000000
11143  -4.115  -41.975  -39.015 0.0000000000
11157  -3.164  -42.899  -40.041 0.0000000000
54406  -1.415  -43.359  -41.008 0.0000000000
15429  4.477  -30.821  -39.939 0.0000000000
14315  3.500  -33.769  -40.501 0.0000000000
13961  4.366  -34.430  -41.221 0.0000000000
13269  2.098  -36.551  -40.597 0.0000000000
12583  1.792  -38.831  -40.977 0.0000000000
11546  0.899  -41.404  -41.216 0.0000000000
10803  0.606  -44.037  -41.419 0.0000000000
10801  2.462  -43.966  -41.646 0.0000000000
10477  4.476  -44.328  -42.064 0.0000000000
58767  9.703  -69.314  -26.794 0.0000000000
1744  9.600  -69.230  -28.206 0.0000000000
52221  8.984  -69.192  -27.866 0.0000000000
50126  -4.572  -57.493  -20.677 0.0000000000
5636  -5.012  -57.752  -20.981 0.0000000000
6330  -5.521  -56.486  -20.615 0.0000000000
6669  -6.360  -55.158  -20.700 0.0000000000
6666  -5.802  -55.170  -20.182 0.0000000000
14207  -0.198  -34.662  -19.995 0.0000000000
57623  0.855  -33.999  -20.756 0.0000000000
50384  -2.500  -47.181  -40.793 0.0000000000
9455  -1.917  -47.599  -40.873 0.0000000000
9454  -1.148  -47.282  -41.012 0.0000000000
9453  -0.293  -46.953  -41.137 0.0000000000
9804  -0.247  -46.065  -41.231 0.0000000000
58462  4.770  -26.335  -37.326 0.0000000000
16537  4.626  -27.053  -37.724 0.0000000000
16867  5.268  -26.337  -38.072 0.0000000000
55057  7.781  -17.064  -28.787 0.0000000000
2632  8.857  -66.417  -33.351 0.0000000000
54809  9.595  -66.455  -33.754 0.0000000000
2638  8.981  -65.886  -34.080 0.0000000000
3293  8.635  -64.900  -35.127 0.0000000000
56916  7.807  -64.619  -34.929 0.0000000000
17195  4.684  -25.776  -33.192 0.0000000000
17198  4.482  -25.734  -33.938 0.0000000000
17564  4.921  -25.006  -33.388 0.0000000000
20393  8.842  -16.917  -31.577 0.0000000000
20402  8.908  -16.897  -32.368 0.0000000000
48439  9.570  -15.992  -35.074 0.0000000000
1671  7.728  -69.620  -21.583 0.0000000000
1965  6.896  -68.250  -23.325 0.0000000000
1957  6.679  -68.437  -22.444 0.0000000000
2897  0.701  -65.834  -24.966 0.0000000000
2905  0.621  -65.732  -25.730 0.0000000000
2907  -0.744  -65.581  -26.251 0.0000000000
3236  -1.811  -65.107  -27.518 0.0000000000
3232  -1.627  -65.383  -26.694 0.0000000000
5652  -6.622  -58.796  -25.142 0.0000000000
4929  -5.921  -59.991  -25.068 0.0000000000
54082  -6.704  -58.737  -25.840 0.0000000000
10395  -4.404  -44.347  -17.385 0.0000000000
9722  -4.578  -46.273  -17.422 0.0000000000
10063  -4.998  -45.024  -17.802 0.0000000000
50424  -5.404  -45.237  -18.092 0.0000000000
10731  -5.568  -43.753  -18.564 0.0000000000
18621  5.959  -22.135  -24.064 0.0000000000
1277  8.001  -71.539  -19.675 0.0000000000
1100  8.395  -72.243  -19.244 0.0000000000
1287  8.258  -71.017  -20.371 0.0000000000
1472  8.463  -70.364  -21.203 0.0000000000
7399  0.735  -53.586  -39.732 0.0000000000
6737  -0.431  -54.995  -39.420 0.0000000000
7061  1.128  -54.339  -39.508 0.0000000000
6420  1.966  -55.898  -39.039 0.0000000000
7060  2.046  -54.405  -39.530 0.0000000000
7058  3.820  -54.510  -39.739 0.0000000000
7397  2.518  -53.693  -39.774 0.0000000000
14296  -1.956  -34.055  -35.058 0.0000000000
13614  0.548  -35.772  -39.276 0.0000000000
13260  -0.580  -36.552  -38.788 0.0000000000
13266  0.123  -36.497  -39.280 0.0000000000
12570  -0.693  -38.101  -39.436 0.0000000000
12935  0.449  -37.056  -39.738 0.0000000000
50308  12.403  -69.405  -27.937 0.0000000000
58758  11.891  -69.394  -28.151 0.0000000000
1763  9.112  -68.692  -30.006 0.0000000000
1762  9.886  -68.786  -30.163 0.0000000000
2045  8.814  -67.963  -31.296 0.0000000000
2323  8.809  -67.525  -31.963 0.0000000000
2324  8.195  -67.539  -31.465 0.0000000000
21365  10.187  -13.313  -31.819 0.0000000000
21708  10.624  -11.733  -31.568 0.0000000000
21718  11.374  -12.272  -32.768 0.0000000000
49026  11.309  -13.091  -33.796 0.0000000000
2249  3.633  -67.252  -20.969 0.0000000000
2552  2.802  -66.480  -22.666 0.0000000000
2545  3.280  -66.771  -21.822 0.0000000000
54722  -3.390  -61.323  -21.374 0.0000000000
5642  -5.996  -58.227  -22.017 0.0000000000
4915  -5.402  -59.602  -22.046 0.0000000000
5644  -6.304  -58.393  -22.504 0.0000000000
5647  -6.501  -58.504  -23.139 0.0000000000
6338  -7.119  -57.141  -23.063 0.0000000000
6344  -7.999  -55.661  -23.936 0.0000000000
6679  -7.735  -55.723  -23.088 0.0000000000
55308  -7.931  -52.976  -21.757 0.0000000000
54278  -8.311  -53.171  -22.515 0.0000000000
12498  -2.975  -38.650  -18.189 0.0000000000
12499  -3.505  -38.809  -18.562 0.0000000000
55586  -3.207  -37.227  -18.518 0.0000000000
14593  -2.939  -32.238  -19.670 0.0000000000
54588  -3.719  -34.600  -19.762 0.0000000000
14600  -3.299  -33.097  -20.163 0.0000000000
55720  0.829  -32.857  -21.854 0.0000000000
48383  -0.194  -31.956  -21.545 0.0000000000
48372  2.088  -33.258  -22.627 0.0000000000
55739  1.578  -32.569  -22.819 0.0000000000
48377  5.772  -32.824  -22.689 0.0000000000
8441  -4.541  -50.683  -40.456 0.0000000000
8780  -1.610  -49.665  -40.630 0.0000000000
52508  -2.220  -51.144  -40.462 0.0000000000
55557  -1.400  -50.995  -40.415 0.0000000000
7759  -0.836  -52.274  -40.160 0.0000000000
8437  0.201  -50.949  -40.382 0.0000000000
50572  1.054  -51.123  -40.368 0.0000000000
8436  0.764  -50.160  -40.579 0.0000000000
9438  1.926  -47.635  -41.168 0.0000000000
9111  2.070  -48.348  -41.040 0.0000000000
9801  4.081  -46.414  -41.701 0.0000000000
15798  1.752  -29.489  -35.928 0.0000000000
58621  0.892  -31.173  -36.341 0.0000000000
15802  1.958  -29.842  -36.635 0.0000000000
15043  3.116  -30.464  -38.564 0.0000000000
15420  1.919  -31.086  -37.716 0.0000000000
15045  2.025  -31.767  -38.351 0.0000000000
14681  1.825  -32.939  -38.885 0.0000000000
14676  2.422  -32.273  -39.030 0.0000000000
18290  12.298  -22.866  -30.733 0.0000000000
53698  8.287  -17.016  -29.529 0.0000000000
19754  11.352  -18.257  -33.188 0.0000000000
20075  8.780  -17.466  -30.353 0.0000000000
20697  8.515  -15.613  -30.319 0.0000000000
2974  11.074  -65.756  -34.728 0.0000000000
3626  8.299  -63.990  -36.072 0.0000000000
3625  9.049  -63.919  -36.380 0.0000000000
3954  8.346  -63.350  -36.676 0.0000000000
3968  8.548  -62.634  -37.263 0.0000000000
4311  7.720  -62.437  -37.138 0.0000000000
10129  -6.250  -45.214  -39.372 0.0000000000
9796  -5.990  -46.806  -39.908 0.0000000000
9787  -5.699  -45.982  -39.828 0.0000000000
9794  -4.533  -46.427  -40.320 0.0000000000
10127  -4.500  -45.166  -40.120 0.0000000000
48404  1.986  -28.251  -33.190 0.0000000000
15786  0.780  -29.450  -33.528 0.0000000000
15404  0.309  -30.115  -33.764 0.0000000000
15791  0.661  -29.830  -34.207 0.0000000000
15408  0.866  -29.935  -34.870 0.0000000000
16168  1.722  -28.796  -34.574 0.0000000000
17202  4.443  -25.554  -34.779 0.0000000000
16861  3.983  -26.404  -35.195 0.0000000000
16860  4.402  -25.782  -35.671 0.0000000000
16863  4.603  -25.920  -36.574 0.0000000000
17201  4.769  -25.224  -36.041 0.0000000000
20414  9.221  -16.329  -33.531 0.0000000000
53588  8.987  -16.795  -33.082 0.0000000000
59170  7.101  -19.391  -34.932 0.0000000000
51213  7.359  -19.264  -34.296 0.0000000000
19422  6.655  -19.816  -34.441 0.0000000000
19062  5.216  -21.238  -34.188 0.0000000000
19067  5.611  -20.675  -34.595 0.0000000000
18686  4.890  -21.819  -34.599 0.0000000000
19072  5.675  -20.637  -35.321 0.0000000000
19077  7.035  -20.076  -36.816 0.0000000000
19079  5.639  -21.373  -36.368 0.0000000000
18697  5.932  -21.716  -36.937 0.0000000000
18333  5.994  -22.989  -37.522 0.0000000000
1722  8.311  -68.804  -25.083 0.0000000000
1728  7.935  -68.851  -25.906 0.0000000000
1984  7.513  -68.614  -25.202 0.0000000000
56269  5.518  -68.076  -26.130 0.0000000000
55600  5.439  -67.989  -26.624 0.0000000000
2287  4.544  -67.137  -27.176 0.0000000000
2582  4.385  -66.451  -28.271 0.0000000000
2575  4.068  -66.565  -27.492 0.0000000000
1959  5.249  -67.696  -22.301 0.0000000000
1967  5.665  -67.877  -23.256 0.0000000000
2267  4.159  -67.265  -24.459 0.0000000000
2913  0.869  -65.389  -27.073 0.0000000000
2912  1.841  -65.601  -26.927 0.0000000000
53530  0.648  -65.417  -23.179 0.0000000000
2884  -1.182  -64.905  -23.626 0.0000000000
3869  -3.473  -62.997  -22.041 0.0000000000
57540  -3.048  -64.231  -22.255 0.0000000000
3874  -3.744  -63.110  -22.596 0.0000000000
4224  -4.266  -62.631  -25.285 0.0000000000
4219  -4.016  -63.090  -24.652 0.0000000000
4223  -3.921  -63.257  -25.362 0.0000000000
3553  -3.263  -64.361  -25.429 0.0000000000
3886  -3.652  -63.757  -25.805 0.0000000000
3890  -3.675  -63.711  -26.666 0.0000000000
60071  -4.359  -62.563  -26.654 0.0000000000
9042  -4.753  -49.065  -18.103 0.0000000000
8359  -4.171  -50.484  -18.116 0.0000000000
8361  -4.738  -50.693  -18.640 0.0000000000
51268  -4.748  -52.626  -18.688 0.0000000000
8032  -5.374  -51.542  -19.243 0.0000000000
8033  -5.863  -51.616  -19.661 0.0000000000
8365  -5.577  -50.880  -19.360 0.0000000000
9733  -6.926  -46.513  -19.896 0.0000000000
9048  -6.961  -48.239  -20.302 0.0000000000
12167  -4.888  -39.042  -20.178 0.0000000000
11833  -5.314  -41.038  -20.086 0.0000000000
48407  7.250  -29.710  -20.547 0.0000000000
55726  6.737  -27.654  -19.637 0.0000000000
54017  6.054  -23.882  -21.023 0.0000000000
17151  5.761  -24.900  -20.131 0.0000000000
17150  6.585  -25.434  -20.733 0.0000000000
53266  7.449  -27.523  -20.960 0.0000000000
16799  7.305  -26.470  -21.082 0.0000000000
16470  8.277  -27.716  -22.924 0.0000000000
17156  7.971  -25.820  -22.192 0.0000000000
17518  8.875  -24.199  -24.085 0.0000000000
17158  8.923  -25.663  -23.848 0.0000000000
17522  8.983  -25.194  -25.533 0.0000000000
19020  7.390  -20.323  -26.452 0.0000000000
19376  6.584  -19.207  -26.554 0.0000000000
19380  7.276  -19.072  -27.240 0.0000000000
520  9.589  -75.584  -16.481 0.0000000000
907  10.048  -73.634  -18.859 0.0000000000
739  10.395  -74.243  -18.395 0.0000000000
906  10.815  -73.785  -19.008 0.0000000000
53738  11.095  -73.380  -19.529 0.0000000000
1691  8.939  -69.175  -23.180 0.0000000000
54533  9.707  -70.397  -21.869 0.0000000000
53761  9.390  -69.205  -23.528 0.0000000000
1707  9.608  -69.124  -24.303 0.0000000000
1495  12.193  -70.601  -22.919 0.0000000000
1508  11.229  -69.578  -24.453 0.0000000000
1496  11.337  -70.334  -22.840 0.0000000000
2017  6.235  -67.936  -28.676 0.0000000000
2016  6.803  -68.133  -29.124 0.0000000000
2299  6.207  -67.650  -29.235 0.0000000000
2949  6.140  -65.253  -32.424 0.0000000000
4998  5.515  -60.680  -37.510 0.0000000000
5340  4.975  -60.106  -37.676 0.0000000000
6752  -3.716  -55.015  -39.933 0.0000000000
6053  3.225  -56.955  -38.796 0.0000000000
53803  3.377  -57.715  -38.501 0.0000000000
6052  4.073  -57.319  -38.818 0.0000000000
5708  4.970  -58.653  -38.406 0.0000000000
50687  5.643  -57.310  -39.225 0.0000000000
6068  6.472  -57.637  -39.308 0.0000000000
6418  5.552  -56.504  -39.525 0.0000000000
8434  3.265  -50.644  -40.663 0.0000000000
13939  -1.146  -34.255  -36.650 0.0000000000
13940  -1.817  -34.794  -36.378 0.0000000000
13945  -1.396  -35.092  -37.157 0.0000000000
12559  -2.251  -37.652  -38.193 0.0000000000
12933  -3.013  -37.977  -37.815 0.0000000000
12567  -3.487  -38.791  -37.905 0.0000000000
12216  -4.808  -39.743  -37.309 0.0000000000
54671  -4.277  -40.080  -37.919 0.0000000000
11137  -5.225  -41.830  -38.232 0.0000000000
11526  -3.913  -41.212  -38.763 0.0000000000
11885  -1.357  -40.648  -40.189 0.0000000000
11532  -2.731  -41.263  -39.616 0.0000000000
50076  -1.553  -41.431  -40.410 0.0000000000
11167  -1.910  -43.004  -40.737 0.0000000000
11548  -1.087  -41.914  -40.813 0.0000000000
15815  5.473  -29.719  -40.180 0.0000000000
15052  4.658  -31.451  -40.335 0.0000000000
14686  3.513  -32.945  -40.184 0.0000000000
14314  4.122  -33.235  -40.694 0.0000000000
13626  4.267  -35.705  -41.504 0.0000000000
13627  3.588  -35.502  -41.111 0.0000000000
13276  2.834  -36.917  -41.108 0.0000000000
13277  2.257  -37.329  -40.894 0.0000000000
12946  2.715  -37.755  -41.220 0.0000000000
11888  2.897  -40.555  -41.690 0.0000000000
11889  2.170  -40.159  -41.412 0.0000000000
11545  1.726  -41.603  -41.471 0.0000000000
11164  0.836  -42.612  -41.375 0.0000000000
11163  1.624  -42.584  -41.506 0.0000000000
10466  1.507  -44.077  -41.510 0.0000000000
52462  11.375  -69.480  -27.025 0.0000000000
59712  10.890  -69.369  -28.206 0.0000000000
49435  10.342  -69.338  -28.051 0.0000000000
1754  9.470  -68.939  -29.457 0.0000000000
2023  8.412  -68.537  -29.882 0.0000000000
4556  -4.245  -60.497  -21.340 0.0000000000
59439  -4.620  -58.727  -21.050 0.0000000000
5638  -5.563  -57.999  -21.498 0.0000000000
6334  -6.763  -56.541  -21.802 0.0000000000
6673  -7.622  -55.302  -22.354 0.0000000000
6672  -7.105  -55.209  -21.497 0.0000000000
7000  -6.977  -54.499  -20.977 0.0000000000
7348  -7.178  -53.047  -20.918 0.0000000000
13534  -1.845  -36.070  -18.691 0.0000000000
13538  -2.305  -35.667  -18.813 0.0000000000
14208  -1.779  -34.714  -19.579 0.0000000000
51969  -2.103  -33.760  -19.888 0.0000000000
14967  -1.843  -32.019  -19.611 0.0000000000
55755  -1.872  -31.484  -19.803 0.0000000000
48400  -0.664  -32.513  -20.635 0.0000000000
48414  0.960  -33.359  -21.454 0.0000000000
48331  5.064  -34.338  -21.780 0.0000000000
9131  -4.182  -48.495  -40.520 0.0000000000
51419  -4.232  -49.352  -40.533 0.0000000000
54815  -2.770  -48.664  -40.690 0.0000000000
51627  -2.160  -49.143  -40.689 0.0000000000
9114  -0.599  -48.706  -40.840 0.0000000000
8778  0.057  -49.365  -40.733 0.0000000000
9113  0.278  -48.476  -40.921 0.0000000000
9439  0.448  -47.567  -41.100 0.0000000000
59256  1.477  -46.170  -41.363 0.0000000000
16174  3.276  -28.162  -36.775 0.0000000000
15801  2.497  -29.705  -37.250 0.0000000000
16179  3.461  -28.581  -37.472 0.0000000000
50340  3.600  -28.996  -37.988 0.0000000000
15805  4.030  -29.104  -38.536 0.0000000000
19384  12.456  -19.901  -29.330 0.0000000000
51497  13.022  -21.323  -30.156 0.0000000000
19742  11.986  -18.417  -30.179 0.0000000000
19744  8.707  -17.828  -29.501 0.0000000000
2050  10.594  -68.010  -32.175 0.0000000000
2049  11.291  -68.048  -32.227 0.0000000000
2335  10.217  -67.539  -32.725 0.0000000000
2631  10.237  -66.962  -33.412 0.0000000000
2637  10.321  -66.393  -34.036 0.0000000000
2989  9.996  -65.445  -34.996 0.0000000000
60022  9.552  -65.464  -34.879 0.0000000000
3615  8.229  -64.424  -35.530 0.0000000000
3955  7.187  -63.437  -36.141 0.0000000000
16525  2.719  -27.750  -33.558 0.0000000000
16529  2.862  -27.753  -34.359 0.0000000000
59155  3.726  -26.799  -34.164 0.0000000000
53043  4.036  -26.347  -34.399 0.0000000000
17939  4.886  -24.765  -34.878 0.0000000000
19042  8.624  -20.040  -31.860 0.0000000000
19404  8.045  -19.898  -32.227 0.0000000000
19425  7.197  -19.364  -35.607 0.0000000000
1692  8.243  -68.901  -23.188 0.0000000000
1964  7.557  -68.454  -23.534 0.0000000000
50564  6.293  -68.262  -24.866 0.0000000000
1987  5.233  -67.898  -25.509 0.0000000000
2559  2.855  -66.537  -24.534 0.0000000000
2564  2.780  -66.414  -25.156 0.0000000000
2904  1.533  -65.922  -25.461 0.0000000000
51569  1.253  -65.673  -26.291 0.0000000000
2922  0.057  -65.184  -27.609 0.0000000000
4919  -5.143  -60.922  -23.156 0.0000000000
4216  -4.558  -62.091  -23.735 0.0000000000
4927  -5.072  -61.260  -24.506 0.0000000000
4932  -5.167  -61.142  -25.185 0.0000000000
53450  -5.057  -61.383  -26.016 0.0000000000
4585  -5.196  -61.271  -27.028 0.0000000000
50616  -4.532  -47.852  -17.536 0.0000000000
9365  -5.365  -47.776  -18.266 0.0000000000
8710  -5.855  -48.997  -19.081 0.0000000000
9367  -6.005  -47.419  -18.846 0.0000000000
10069  -6.360  -45.801  -18.998 0.0000000000
10402  -7.043  -44.997  -20.083 0.0000000000
17515  6.667  -23.919  -21.450 0.0000000000
17514  7.622  -24.614  -22.023 0.0000000000
17888  7.316  -23.474  -22.335 0.0000000000
18253  7.547  -23.455  -22.714 0.0000000000
57590  7.305  -22.394  -24.756 0.0000000000
18628  7.632  -22.119  -25.250 0.0000000000
19006  6.691  -21.127  -25.178 0.0000000000
19013  6.202  -20.380  -25.483 0.0000000000
19370  5.449  -19.189  -25.734 0.0000000000
726  8.747  -74.190  -17.755 0.0000000000
50137  9.264  -74.533  -17.647 0.0000000000
908  8.781  -73.590  -18.293 0.0000000000
1099  9.255  -72.550  -19.446 0.0000000000
1276  9.683  -71.854  -20.318 0.0000000000
1115  10.411  -72.251  -20.346 0.0000000000
1286  9.015  -71.110  -20.711 0.0000000000
1482  8.989  -70.036  -21.904 0.0000000000
2596  4.430  -65.839  -29.654 0.0000000000
7074  -2.275  -54.198  -39.921 0.0000000000
7065  -2.420  -54.858  -39.797 0.0000000000
6738  -1.306  -55.272  -39.458 0.0000000000
6725  -0.788  -55.819  -39.188 0.0000000000
6409  0.505  -56.463  -38.827 0.0000000000
6056  0.838  -57.131  -38.581 0.0000000000
6408  1.387  -56.547  -38.780 0.0000000000
57010  3.037  -56.036  -39.114 0.0000000000
58500  3.875  -55.794  -39.346 0.0000000000
53558  4.713  -55.988  -39.477 0.0000000000
6732  4.243  -55.231  -39.619 0.0000000000
7057  4.669  -54.597  -39.924 0.0000000000
13253  -3.840  -36.406  -35.574 0.0000000000
54550  -0.230  -34.956  -38.198 0.0000000000
13606  -1.206  -35.717  -37.808 0.0000000000
54018  -1.060  -36.249  -38.261 0.0000000000
12558  -1.574  -37.525  -38.600 0.0000000000
12565  -1.854  -38.208  -38.775 0.0000000000
12224  -2.542  -39.482  -38.936 0.0000000000
12571  -1.373  -38.564  -39.250 0.0000000000
12577  -0.907  -38.981  -39.690 0.0000000000
12228  -0.465  -39.506  -40.146 0.0000000000
56361  14.728  -69.236  -26.323 0.0000000000
50309  13.233  -69.303  -28.026 0.0000000000
1751  12.287  -69.132  -29.256 0.0000000000
58515  11.888  -69.038  -29.751 0.0000000000
1753  10.710  -69.084  -29.384 0.0000000000
1761  10.583  -68.924  -30.044 0.0000000000
1772  10.703  -68.600  -31.072 0.0000000000
2051  9.978  -67.884  -32.142 0.0000000000
2336  8.799  -66.994  -32.638 0.0000000000
2618  8.017  -66.305  -32.826 0.0000000000
21024  9.387  -14.534  -31.479 0.0000000000
20700  9.229  -15.438  -31.819 0.0000000000
55388  9.617  -14.741  -32.093 0.0000000000
21046  9.954  -14.881  -33.316 0.0000000000
21713  11.037  -12.090  -32.105 0.0000000000
51061  10.884  -13.434  -33.152 0.0000000000
51673  9.853  -15.268  -33.914 0.0000000000
21051  10.334  -14.612  -34.085 0.0000000000
21050  10.428  -14.699  -34.974 0.0000000000
20728  10.022  -15.321  -35.464 0.0000000000
1466  6.970  -70.500  -20.058 0.0000000000
1672  6.984  -69.784  -20.901 0.0000000000
1663  6.432  -69.885  -20.382 0.0000000000
1951  5.784  -68.337  -21.491 0.0000000000
2253  4.625  -67.524  -21.711 0.0000000000
49267  4.373  -67.271  -22.611 0.0000000000
2261  2.987  -66.638  -23.599 0.0000000000
2890  0.773  -65.797  -24.201 0.0000000000
3864  -3.299  -62.733  -21.734 0.0000000000
4567  -4.441  -61.697  -22.392 0.0000000000
4559  -4.388  -60.724  -21.572 0.0000000000
4563  -4.655  -60.956  -22.038 0.0000000000
4568  -4.854  -61.125  -22.579 0.0000000000
5287  -6.141  -59.308  -23.485 0.0000000000
5649  -6.612  -58.566  -23.932 0.0000000000
6007  -7.431  -57.220  -24.844 0.0000000000
6350  -8.003  -56.301  -25.545 0.0000000000
6347  -8.053  -55.974  -24.830 0.0000000000
52742  -7.999  -54.499  -22.501 0.0000000000
11455  -3.761  -41.267  -17.948 0.0000000000
56699  -4.781  -42.249  -18.529 0.0000000000
11829  -4.390  -40.753  -19.007 0.0000000000
12163  -4.502  -39.531  -19.650 0.0000000000
12506  -4.904  -38.093  -20.032 0.0000000000
13540  -3.416  -35.779  -18.963 0.0000000000
13544  -4.485  -35.677  -19.601 0.0000000000
13551  -5.568  -35.782  -20.477 0.0000000000
48379  -1.685  -31.191  -20.516 0.0000000000
1269  7.656  -71.982  -19.016 0.0000000000
56747  -3.616  -53.172  -40.290 0.0000000000
8440  -3.710  -50.629  -40.519 0.0000000000
54236  -3.322  -52.022  -40.415 0.0000000000
55393  -2.455  -52.876  -40.211 0.0000000000
7408  -1.014  -53.275  -39.981 0.0000000000
57192  -0.309  -52.853  -39.997 0.0000000000
7750  1.162  -52.877  -39.917 0.0000000000
7749  2.134  -52.796  -39.986 0.0000000000
8092  1.380  -52.007  -40.159 0.0000000000
56200  2.410  -51.028  -40.450 0.0000000000
8775  2.967  -49.658  -40.861 0.0000000000
52977  1.790  -48.975  -40.884 0.0000000000
8776  2.566  -48.898  -40.979 0.0000000000
8794  3.476  -48.896  -41.120 0.0000000000
9126  4.532  -48.374  -41.445 0.0000000000
15033  0.062  -31.544  -35.333 0.0000000000
14294  -0.745  -32.719  -35.332 0.0000000000
15034  -0.178  -32.171  -35.661 0.0000000000
14669  0.103  -32.397  -36.395 0.0000000000
14673  0.314  -32.882  -37.188 0.0000000000
15417  1.912  -30.424  -37.133 0.0000000000
14672  0.940  -32.420  -37.593 0.0000000000
14303  0.260  -33.686  -37.807 0.0000000000
14306  0.824  -33.700  -38.417 0.0000000000
14311  0.948  -34.231  -38.849 0.0000000000
13951  1.488  -34.458  -39.396 0.0000000000
18676  11.071  -21.788  -33.434 0.0000000000
18664  11.857  -21.907  -32.936 0.0000000000
18675  11.204  -21.441  -33.857 0.0000000000
19054  10.932  -20.709  -34.039 0.0000000000
19396  9.108  -18.859  -31.513 0.0000000000
20080  8.838  -17.588  -31.241 0.0000000000
20387  8.836  -16.120  -31.095 0.0000000000
21020  8.496  -14.644  -30.290 0.0000000000
3311  10.198  -64.966  -35.572 0.0000000000
4662  8.532  -61.207  -38.114 0.0000000000
5015  8.109  -60.456  -38.390 0.0000000000
58709  -3.641  -57.552  -20.540 0.0000000000
9445  -6.241  -47.663  -39.966 0.0000000000
9118  -5.622  -48.201  -40.230 0.0000000000
9443  -4.654  -47.115  -40.351 0.0000000000
60042  -3.500  -46.124  -40.567 0.0000000000
56816  -2.526  -45.395  -40.789 0.0000000000
17208  6.031  -24.635  -38.212 0.0000000000
17212  6.118  -25.269  -38.609 0.0000000000
14662  -0.974  -32.300  -34.173 0.0000000000
15026  -0.539  -31.500  -33.910 0.0000000000
15030  -0.009  -31.155  -34.660 0.0000000000
15411  1.184  -29.985  -35.543 0.0000000000
16176  2.244  -28.883  -35.946 0.0000000000
16167  2.367  -28.296  -34.842 0.0000000000
16171  2.551  -28.365  -35.599 0.0000000000
16531  3.100  -27.887  -35.988 0.0000000000
16534  3.670  -27.378  -36.458 0.0000000000
17210  5.144  -25.561  -37.337 0.0000000000
18312  5.031  -24.065  -32.895 0.0000000000
20097  8.694  -17.598  -33.002 0.0000000000
19770  8.252  -18.496  -33.277 0.0000000000
19416  7.652  -19.271  -33.435 0.0000000000
19417  7.040  -19.700  -33.780 0.0000000000
19060  6.427  -20.266  -33.630 0.0000000000
18683  5.339  -21.354  -33.319 0.0000000000
55618  4.844  -21.867  -33.785 0.0000000000
18318  4.982  -24.107  -33.795 0.0000000000
17935  4.956  -24.309  -34.822 0.0000000000
17934  5.012  -24.146  -35.750 0.0000000000
17573  5.154  -24.263  -36.060 0.0000000000
17577  5.361  -24.182  -36.789 0.0000000000
17581  5.632  -24.247  -37.537 0.0000000000
18335  6.832  -22.861  -38.464 0.0000000000
1727  9.255  -69.164  -26.109 0.0000000000
1738  8.210  -69.050  -27.452 0.0000000000
49744  8.427  -69.062  -26.518 0.0000000000
1739  7.326  -68.767  -27.473 0.0000000000
2012  5.960  -67.976  -28.028 0.0000000000
49761  6.532  -68.520  -26.101 0.0000000000
2004  5.675  -68.016  -27.241 0.0000000000
2581  4.984  -67.043  -28.237 0.0000000000
2589  4.463  -66.144  -29.072 0.0000000000
1966  6.295  -68.096  -23.084 0.0000000000
2266  4.940  -67.688  -24.674 0.0000000000
2569  2.976  -66.392  -25.721 0.0000000000
53148  3.163  -66.282  -26.422 0.0000000000
2576  3.321  -66.149  -27.149 0.0000000000
2871  1.479  -65.830  -23.009 0.0000000000
2882  0.231  -65.517  -23.805 0.0000000000
49517  -0.660  -65.668  -24.749 0.0000000000
2885  -2.094  -64.429  -23.386 0.0000000000
59105  -3.904  -63.185  -23.268 0.0000000000
3543  -3.080  -64.213  -23.657 0.0000000000
2892  -1.941  -64.892  -23.927 0.0000000000
3222  -2.105  -65.230  -24.664 0.0000000000
3227  -2.199  -65.350  -25.475 0.0000000000
3233  -2.248  -65.251  -26.293 0.0000000000
3238  -2.762  -64.775  -26.731 0.0000000000
3896  -3.660  -63.660  -27.550 0.0000000000
6323  -4.637  -55.641  -19.517 0.0000000000
6994  -5.287  -54.422  -19.394 0.0000000000
6995  -6.052  -53.674  -19.920 0.0000000000
7344  -6.448  -52.994  -20.185 0.0000000000
8039  -7.211  -51.713  -20.906 0.0000000000
8713  -6.377  -49.335  -19.876 0.0000000000
8716  -7.163  -49.265  -20.823 0.0000000000
8373  -7.742  -50.418  -21.504 0.0000000000
8723  -7.947  -49.265  -22.160 0.0000000000
11090  -5.636  -42.496  -19.359 0.0000000000
11091  -6.237  -43.103  -19.737 0.0000000000
55747  6.667  -32.569  -21.722 0.0000000000
48381  7.061  -31.388  -21.296 0.0000000000
55729  6.181  -31.813  -22.717 0.0000000000
15725  7.238  -30.268  -21.887 0.0000000000
16801  5.170  -25.037  -19.475 0.0000000000
16795  5.602  -25.687  -19.414 0.0000000000
16464  6.882  -27.150  -20.067 0.0000000000
16109  7.503  -28.866  -21.317 0.0000000000
17155  8.515  -25.792  -23.004 0.0000000000
18265  9.543  -21.917  -27.604 0.0000000000
18640  8.375  -21.420  -26.592 0.0000000000
18645  8.805  -20.883  -27.259 0.0000000000
19024  9.509  -20.716  -27.810 0.0000000000
19387  7.880  -18.674  -27.983 0.0000000000
359  11.405  -76.010  -16.322 0.0000000000
725  9.952  -74.727  -17.700 0.0000000000
536  10.999  -75.641  -16.830 0.0000000000
935  12.247  -73.058  -20.310 0.0000000000
1300  11.683  -71.383  -21.786 0.0000000000
1285  10.500  -71.643  -20.946 0.0000000000
1301  10.994  -71.325  -21.523 0.0000000000
1480  11.090  -70.815  -22.117 0.0000000000
1689  10.868  -69.779  -23.543 0.0000000000
1720  9.868  -69.183  -25.238 0.0000000000
1717  12.413  -69.659  -25.447 0.0000000000
1718  11.553  -69.528  -25.370 0.0000000000
1719  10.707  -69.358  -25.304 0.0000000000
59499  7.817  -68.769  -28.743 0.0000000000
54966  7.789  -68.336  -29.814 0.0000000000
2035  7.647  -67.985  -30.337 0.0000000000
2314  7.598  -67.552  -30.941 0.0000000000
2607  7.574  -66.557  -32.141 0.0000000000
2942  7.029  -65.868  -32.476 0.0000000000
2962  7.433  -65.441  -33.323 0.0000000000
3295  6.313  -64.160  -34.503 0.0000000000
3616  6.974  -64.115  -35.112 0.0000000000
3940  6.876  -63.687  -35.667 0.0000000000
4296  6.221  -62.579  -36.513 0.0000000000
4634  6.443  -62.007  -37.005 0.0000000000
54736  6.172  -61.304  -37.348 0.0000000000
4664  6.861  -60.979  -37.734 0.0000000000
5016  7.112  -60.269  -38.191 0.0000000000
52131  2.036  -58.035  -38.205 0.0000000000
5696  2.607  -58.751  -37.917 0.0000000000
5357  3.518  -59.082  -37.875 0.0000000000
5356  5.382  -59.507  -38.087 0.0000000000
5707  6.031  -58.985  -38.522 0.0000000000
5355  6.922  -59.374  -38.595 0.0000000000
5723  7.840  -58.438  -39.347 0.0000000000
7747  3.744  -52.938  -40.161 0.0000000000
14300  -1.553  -34.089  -35.857 0.0000000000
13604  -2.794  -35.718  -36.170 0.0000000000
13252  -3.355  -36.401  -36.258 0.0000000000
13254  -2.337  -36.423  -37.318 0.0000000000
13258  -3.045  -36.799  -36.969 0.0000000000
12929  -4.526  -38.178  -36.559 0.0000000000
10792  -4.630  -43.528  -39.499 0.0000000000
11533  -3.427  -41.634  -39.310 0.0000000000
11149  -3.647  -42.426  -39.541 0.0000000000
10455  -4.075  -43.962  -39.949 0.0000000000
10460  -3.573  -44.355  -40.299 0.0000000000
53852  -2.562  -44.168  -40.661 0.0000000000
10468  -1.515  -44.919  -41.037 0.0000000000
16873  5.682  -26.752  -38.878 0.0000000000
16182  4.921  -28.080  -38.791 0.0000000000
15810  4.362  -29.596  -39.179 0.0000000000
15423  4.738  -30.083  -39.782 0.0000000000
15424  3.949  -30.478  -39.336 0.0000000000
14687  2.961  -32.633  -39.647 0.0000000000
14316  2.788  -33.524  -39.928 0.0000000000
13612  1.890  -35.088  -39.955 0.0000000000
14323  4.049  -33.944  -40.892 0.0000000000
13618  2.971  -35.173  -40.667 0.0000000000
13620  1.622  -35.885  -40.077 0.0000000000
12940  0.881  -37.627  -40.185 0.0000000000
12575  0.568  -38.471  -40.292 0.0000000000
53208  -0.047  -39.961  -40.529 0.0000000000
12235  2.296  -39.363  -41.307 0.0000000000
12236  1.559  -39.690  -41.080 0.0000000000
11537  -0.177  -41.396  -40.974 0.0000000000
11165  -0.505  -42.501  -41.131 0.0000000000
10804  -0.296  -44.007  -41.296 0.0000000000
49007  -0.688  -44.781  -41.224 0.0000000000
10140  0.405  -45.577  -41.330 0.0000000000
10139  1.691  -45.554  -41.458 0.0000000000
10138  2.324  -45.441  -41.540 0.0000000000
10464  3.275  -44.194  -41.798 0.0000000000
10137  3.488  -45.631  -41.713 0.0000000000
10463  4.683  -45.018  -42.039 0.0000000000
5991  -4.693  -56.748  -20.322 0.0000000000
58732  -5.146  -56.454  -20.351 0.0000000000
6327  -5.438  -55.876  -20.230 0.0000000000
9806  -1.887  -46.769  -40.934 0.0000000000
9805  -1.065  -46.404  -41.100 0.0000000000
10142  -0.941  -45.553  -41.152 0.0000000000
2961  8.233  -65.738  -33.689 0.0000000000
2977  8.417  -65.262  -34.432 0.0000000000
17560  5.008  -25.308  -32.667 0.0000000000
55415  5.010  -24.479  -33.401 0.0000000000
20089  8.761  -17.629  -32.041 0.0000000000
20428  9.147  -16.785  -35.595 0.0000000000
1681  6.912  -69.064  -21.695 0.0000000000
2898  -0.041  -65.752  -25.243 0.0000000000
2906  -0.062  -65.646  -25.957 0.0000000000
2908  -1.399  -65.595  -25.828 0.0000000000
53679  -7.014  -58.100  -25.240 0.0000000000
10728  -4.622  -43.677  -17.711 0.0000000000
50329  -4.645  -44.850  -17.524 0.0000000000
10397  -4.880  -44.337  -17.781 0.0000000000
10398  -5.321  -44.446  -18.119 0.0000000000
10729  -5.096  -43.677  -18.149 0.0000000000
1465  7.636  -70.950  -20.045 0.0000000000
7059  2.947  -54.461  -39.604 0.0000000000
14290  -1.733  -33.428  -34.384 0.0000000000
13265  0.666  -36.408  -39.634 0.0000000000
2033  8.800  -68.340  -30.570 0.0000000000
1769  9.455  -68.551  -30.547 0.0000000000
53980  -6.444  -57.817  -22.237 0.0000000000
6001  -6.708  -57.829  -22.766 0.0000000000
6339  -7.277  -56.315  -22.551 0.0000000000
7704  -8.314  -52.371  -22.421 0.0000000000
53149  -8.190  -51.600  -22.154 0.0000000000
12842  -2.041  -38.042  -18.151 0.0000000000
12847  -2.696  -37.781  -18.270 0.0000000000
13197  -2.763  -36.830  -18.445 0.0000000000
14973  -2.665  -32.056  -19.638 0.0000000000
14594  -2.948  -32.695  -19.893 0.0000000000
57195  -3.148  -32.071  -19.922 0.0000000000
14975  -3.195  -32.330  -20.120 0.0000000000
15339  -3.138  -31.889  -20.023 0.0000000000
15338  -2.537  -31.266  -19.502 0.0000000000
48335  2.611  -33.902  -22.158 0.0000000000
8783  -4.851  -49.853  -40.431 0.0000000000
53929  -1.100  -50.271  -40.522 0.0000000000
53034  -0.626  -50.917  -40.395 0.0000000000
48586  2.540  -47.044  -41.345 0.0000000000
15415  1.365  -30.393  -36.305 0.0000000000
54185  2.440  -31.024  -38.265 0.0000000000
15044  2.744  -31.413  -38.812 0.0000000000
15047  3.360  -31.127  -39.197 0.0000000000
18282  12.606  -22.699  -29.650 0.0000000000
20385  8.170  -16.101  -29.674 0.0000000000
20388  8.557  -16.542  -30.301 0.0000000000
2629  11.665  -66.579  -33.820 0.0000000000
58801  8.038  -62.872  -36.948 0.0000000000
60078  -5.617  -44.571  -39.451 0.0000000000
10128  -5.298  -45.204  -39.794 0.0000000000
9786  -4.887  -45.873  -40.120 0.0000000000
15790  1.116  -29.336  -34.347 0.0000000000
48426  2.169  -28.265  -34.038 0.0000000000
57316  4.685  -25.160  -35.393 0.0000000000
20719  9.546  -15.616  -33.372 0.0000000000
19427  6.084  -20.193  -34.914 0.0000000000
19068  5.238  -21.185  -34.976 0.0000000000
19083  6.747  -20.727  -37.151 0.0000000000
18696  6.827  -22.067  -38.103 0.0000000000
1708  8.789  -68.948  -24.101 0.0000000000
1988  4.994  -67.750  -26.194 0.0000000000
2286  5.031  -67.650  -26.903 0.0000000000
2259  4.837  -67.487  -23.585 0.0000000000
2268  3.469  -66.897  -24.260 0.0000000000
4212  -3.949  -62.372  -22.215 0.0000000000
4211  -4.255  -62.442  -22.975 0.0000000000
4227  -4.066  -63.038  -26.113 0.0000000000
8706  -4.695  -49.925  -18.372 0.0000000000
8030  -4.870  -51.391  -18.824 0.0000000000
8362  -5.147  -50.956  -19.014 0.0000000000
56852  -5.642  -50.019  -19.206 0.0000000000
10072  -7.145  -45.839  -20.349 0.0000000000
12507  -5.404  -38.348  -20.606 0.0000000000
12168  -5.265  -39.364  -20.623 0.0000000000
48385  5.718  -26.463  -18.896 0.0000000000
48326  5.974  -26.331  -19.315 0.0000000000
17508  6.876  -24.613  -21.367 0.0000000000
17509  6.207  -24.631  -20.757 0.0000000000
59365  6.712  -25.057  -21.040 0.0000000000
16798  7.906  -26.673  -21.963 0.0000000000
17507  7.564  -25.108  -21.866 0.0000000000
19731  6.554  -18.362  -26.961 0.0000000000
1097  10.889  -72.812  -20.044 0.0000000000
1498  9.463  -69.684  -22.702 0.0000000000
1311  12.173  -71.095  -22.253 0.0000000000
1507  11.713  -70.015  -23.666 0.0000000000
4637  3.863  -60.897  -36.913 0.0000000000
4999  4.729  -60.744  -37.253 0.0000000000
51704  4.154  -60.176  -37.431 0.0000000000
6051  4.910  -57.739  -38.838 0.0000000000
8433  4.288  -50.733  -40.849 0.0000000000
13938  -0.399  -33.724  -37.058 0.0000000000
12566  -2.609  -38.620  -38.464 0.0000000000
12221  -3.653  -39.658  -38.202 0.0000000000
11876  -4.398  -40.826  -38.209 0.0000000000
11875  -3.765  -40.436  -38.491 0.0000000000
11549  -1.750  -42.203  -40.593 0.0000000000
15051  5.301  -31.451  -40.773 0.0000000000
14684  4.888  -32.023  -40.724 0.0000000000
13275  3.657  -36.446  -41.400 0.0000000000
55561  2.158  -40.888  -41.513 0.0000000000
50753  2.474  -42.957  -41.666 0.0000000000
1735  11.026  -69.434  -27.743 0.0000000000
54682  9.053  -69.065  -28.681 0.0000000000
5272  -4.301  -58.827  -20.987 0.0000000000
5995  -5.534  -57.185  -21.034 0.0000000000
5639  -6.220  -57.373  -21.717 0.0000000000
50591  -6.617  -55.863  -21.267 0.0000000000
7001  -7.495  -53.793  -21.329 0.0000000000
13873  -0.717  -35.755  -19.276 0.0000000000
13874  -1.605  -35.512  -19.089 0.0000000000
13878  -0.728  -35.185  -19.600 0.0000000000
49950  -0.970  -33.635  -20.200 0.0000000000
55385  -1.345  -34.184  -19.957 0.0000000000
14591  -1.886  -32.950  -19.933 0.0000000000
14972  -1.586  -32.493  -19.990 0.0000000000
14971  -1.124  -32.467  -20.354 0.0000000000
55754  -0.218  -33.227  -20.645 0.0000000000
48402  1.800  -34.230  -21.174 0.0000000000
48341  3.139  -34.479  -21.518 0.0000000000
9130  -3.395  -48.157  -40.622 0.0000000000
9442  -2.032  -48.383  -40.784 0.0000000000
9115  -1.415  -48.919  -40.760 0.0000000000
9440  -0.432  -47.850  -40.999 0.0000000000
9803  1.681  -46.821  -41.297 0.0000000000
16180  2.884  -28.907  -37.006 0.0000000000
16538  3.953  -27.745  -37.366 0.0000000000
16184  3.989  -28.449  -38.006 0.0000000000
16183  4.421  -28.457  -38.500 0.0000000000
19379  9.722  -19.233  -28.704 0.0000000000
19737  12.145  -18.947  -29.748 0.0000000000
55417  8.511  -18.344  -28.724 0.0000000000
57080  8.190  -17.621  -28.981 0.0000000000
56791  7.883  -16.466  -29.144 0.0000000000
54080  9.111  -65.428  -34.726 0.0000000000
16854  3.410  -27.253  -33.157 0.0000000000
16857  3.380  -27.220  -33.925 0.0000000000
19403  8.640  -19.181  -32.007 0.0000000000
19412  8.129  -19.158  -32.684 0.0000000000
57708  9.186  -16.601  -34.588 0.0000000000
19781  8.142  -18.383  -35.571 0.0000000000
19782  7.701  -18.853  -35.051 0.0000000000
19787  7.779  -18.881  -35.931 0.0000000000
1974  5.658  -68.033  -24.814 0.0000000000
2565  2.183  -66.226  -24.907 0.0000000000
54431  0.518  -65.574  -26.357 0.0000000000
2915  -0.925  -65.320  -27.176 0.0000000000
4923  -5.363  -60.746  -23.927 0.0000000000
4933  -5.528  -60.635  -25.565 0.0000000000
4937  -5.573  -60.649  -26.454 0.0000000000
10057  -4.044  -45.911  -16.980 0.0000000000
10061  -5.009  -45.768  -17.786 0.0000000000
9362  -4.569  -47.093  -17.447 0.0000000000
9363  -4.962  -47.390  -17.829 0.0000000000
9040  -4.866  -48.222  -17.914 0.0000000000
9726  -5.475  -46.856  -18.242 0.0000000000
10400  -5.924  -44.629  -18.597 0.0000000000
10066  -5.869  -45.506  -18.457 0.0000000000
10067  -6.535  -45.182  -19.177 0.0000000000
10401  -6.677  -44.405  -19.526 0.0000000000
18249  5.865  -23.344  -21.171 0.0000000000
18254  6.573  -23.142  -22.094 0.0000000000
18259  6.740  -22.291  -24.407 0.0000000000
18629  7.050  -21.801  -24.907 0.0000000000
909  8.272  -73.221  -18.317 0.0000000000
1090  8.678  -72.941  -18.783 0.0000000000
59657  8.399  -69.759  -21.897 0.0000000000
1679  8.704  -69.449  -22.507 0.0000000000
7073  -1.478  -54.074  -39.838 0.0000000000
7064  -1.785  -54.744  -39.717 0.0000000000
55024  -1.134  -54.647  -39.637 0.0000000000
6736  0.590  -55.047  -39.303 0.0000000000
6724  0.076  -55.772  -39.094 0.0000000000
6410  -0.414  -56.522  -38.892 0.0000000000
6734  2.493  -55.191  -39.333 0.0000000000
7394  5.148  -53.940  -40.259 0.0000000000
13596  -3.182  -35.288  -34.865 0.0000000000
13610  -0.546  -35.674  -38.346 0.0000000000
12932  -0.948  -37.376  -38.940 0.0000000000
13256  -1.275  -36.872  -38.452 0.0000000000
12572  -1.973  -38.954  -39.064 0.0000000000
12941  0.123  -37.866  -39.836 0.0000000000
54957  13.722  -69.417  -26.519 0.0000000000
1732  13.669  -69.305  -27.426 0.0000000000
55887  12.040  -69.288  -28.587 0.0000000000
52461  12.760  -69.243  -28.670 0.0000000000
1743  10.803  -69.263  -28.673 0.0000000000
59444  10.454  -68.751  -30.551 0.0000000000
1767  11.064  -68.826  -30.547 0.0000000000
2043  10.177  -68.257  -31.552 0.0000000000
21366  9.584  -13.708  -31.323 0.0000000000
21371  9.872  -14.083  -31.959 0.0000000000
21370  10.389  -13.730  -32.520 0.0000000000
21027  9.980  -14.462  -32.624 0.0000000000
21369  11.257  -12.832  -33.104 0.0000000000
21045  10.418  -14.157  -33.263 0.0000000000
21049  10.785  -14.147  -34.589 0.0000000000
1664  5.825  -69.605  -20.180 0.0000000000
1952  5.070  -68.054  -21.157 0.0000000000
2248  4.301  -67.752  -20.818 0.0000000000
1944  4.745  -68.569  -20.290 0.0000000000
2254  3.570  -66.873  -22.679 0.0000000000
2555  2.170  -66.237  -23.304 0.0000000000
3863  -3.008  -63.229  -21.736 0.0000000000
4208  -3.640  -62.315  -21.830 0.0000000000
4562  -4.067  -61.566  -21.817 0.0000000000
4910  -4.605  -60.051  -21.385 0.0000000000
5280  -5.863  -58.942  -22.283 0.0000000000
4920  -5.232  -60.390  -22.449 0.0000000000
50247  -5.608  -60.176  -23.285 0.0000000000
6003  -6.896  -57.863  -23.509 0.0000000000
6006  -7.008  -57.914  -24.336 0.0000000000
51087  -7.691  -56.502  -24.317 0.0000000000
12152  -2.746  -40.089  -17.670 0.0000000000
11823  -3.098  -40.968  -17.522 0.0000000000
11826  -4.225  -41.181  -18.511 0.0000000000
53548  -3.951  -40.542  -18.520 0.0000000000
51637  -3.810  -38.146  -18.910 0.0000000000
12162  -4.049  -38.970  -19.159 0.0000000000
54599  -4.348  -37.886  -19.421 0.0000000000
12503  -4.528  -38.711  -19.713 0.0000000000
13880  -2.895  -35.243  -19.216 0.0000000000
13539  -2.845  -36.034  -18.697 0.0000000000
14216  -4.206  -34.337  -20.068 0.0000000000
13883  -4.104  -35.059  -19.652 0.0000000000
13887  -4.674  -35.032  -19.983 0.0000000000
13550  -5.045  -35.713  -20.002 0.0000000000
13888  -5.225  -35.055  -20.424 0.0000000000
55735  -1.268  -31.572  -20.607 0.0000000000
48386  -1.782  -31.371  -20.117 0.0000000000
55724  -0.315  -31.529  -21.862 0.0000000000
48389  2.392  -32.646  -23.291 0.0000000000
51885  3.931  -32.722  -23.669 0.0000000000
1278  7.286  -71.281  -19.470 0.0000000000
52455  -4.954  -51.445  -40.368 0.0000000000
7762  -3.841  -52.480  -40.387 0.0000000000
8782  -3.556  -49.809  -40.588 0.0000000000
8439  -2.804  -50.358  -40.563 0.0000000000
52456  -3.102  -51.297  -40.479 0.0000000000
54218  -2.509  -52.065  -40.363 0.0000000000
7761  -3.114  -52.699  -40.312 0.0000000000
7760  -1.734  -52.620  -40.196 0.0000000000
57139  0.031  -52.285  -40.089 0.0000000000
7751  0.371  -52.912  -39.929 0.0000000000
8093  0.697  -52.359  -40.055 0.0000000000
55686  1.671  -50.593  -40.510 0.0000000000
8101  1.767  -51.319  -40.338 0.0000000000
8435  2.372  -50.192  -40.655 0.0000000000
8777  0.962  -49.156  -40.805 0.0000000000
9128  2.833  -48.024  -41.197 0.0000000000
58600  4.024  -48.625  -41.280 0.0000000000
9450  4.427  -47.490  -41.589 0.0000000000
15036  0.375  -31.662  -36.017 0.0000000000
15419  2.452  -30.424  -37.821 0.0000000000
15039  1.394  -31.792  -37.646 0.0000000000
14678  0.829  -33.049  -37.965 0.0000000000
14305  1.253  -33.165  -38.493 0.0000000000
14310  1.383  -33.683  -38.920 0.0000000000
14309  2.013  -33.648  -39.418 0.0000000000
18663  12.688  -21.270  -32.782 0.0000000000
19041  12.655  -19.936  -32.963 0.0000000000
59453  11.294  -18.904  -33.904 0.0000000000
19053  11.239  -20.071  -34.205 0.0000000000
19402  10.970  -19.341  -34.090 0.0000000000
21019  9.022  -14.153  -30.836 0.0000000000
57682  9.421  -65.045  -35.309 0.0000000000
55170  9.655  -64.465  -35.998 0.0000000000
3641  9.958  -63.818  -36.680 0.0000000000
4649  8.088  -61.842  -37.617 0.0000000000
50544  -4.840  -47.954  -40.384 0.0000000000
10133  -4.049  -45.850  -40.397 0.0000000000
9807  -3.830  -46.688  -40.501 0.0000000000
55869  -2.821  -46.358  -40.722 0.0000000000
15027  -0.057  -30.744  -33.906 0.0000000000
15794  1.404  -29.375  -35.112 0.0000000000
51051  2.990  -27.769  -35.171 0.0000000000
16864  4.053  -26.569  -36.069 0.0000000000
17205  5.269  -24.786  -37.038 0.0000000000
20401  9.207  -16.086  -32.667 0.0000000000
19057  5.951  -20.829  -33.224 0.0000000000
19061  5.727  -20.745  -33.867 0.0000000000
18317  4.515  -22.506  -33.353 0.0000000000
18322  4.777  -22.508  -35.046 0.0000000000
17568  5.016  -24.370  -35.425 0.0000000000
19078  5.962  -20.657  -36.084 0.0000000000
18328  5.497  -22.056  -36.493 0.0000000000
18325  5.124  -22.457  -35.902 0.0000000000
17941  5.301  -23.830  -36.606 0.0000000000
17945  5.732  -23.532  -37.353 0.0000000000
17944  6.239  -23.657  -38.143 0.0000000000
1729  7.637  -68.878  -26.708 0.0000000000
2003  6.491  -68.419  -27.521 0.0000000000
2919  2.900  -65.454  -28.435 0.0000000000
2918  3.753  -65.813  -28.697 0.0000000000
1682  6.346  -68.599  -21.779 0.0000000000
53879  5.436  -67.863  -24.083 0.0000000000
2570  2.349  -66.159  -25.488 0.0000000000
2275  3.490  -66.824  -25.097 0.0000000000
57326  2.628  -65.894  -26.836 0.0000000000
2891  0.032  -65.714  -24.490 0.0000000000
3201  -3.093  -64.947  -21.383 0.0000000000
2877  -3.050  -64.824  -22.129 0.0000000000
50120  -2.894  -64.179  -23.016 0.0000000000
4215  -4.173  -62.829  -23.842 0.0000000000
3878  -3.652  -63.623  -23.987 0.0000000000
3217  -2.677  -64.445  -23.544 0.0000000000
3223  -2.671  -64.748  -24.219 0.0000000000
3228  -2.790  -64.893  -25.046 0.0000000000
3234  -2.829  -64.887  -25.895 0.0000000000
3891  -4.057  -63.096  -27.035 0.0000000000
8027  -3.954  -51.340  -18.119 0.0000000000
7339  -5.213  -52.903  -19.072 0.0000000000
7338  -4.682  -53.380  -18.659 0.0000000000
7340  -5.260  -53.685  -19.163 0.0000000000
53353  -5.639  -53.906  -19.564 0.0000000000
8035  -6.304  -51.606  -20.019 0.0000000000
7696  -6.203  -52.250  -19.976 0.0000000000
8036  -6.620  -51.852  -20.310 0.0000000000
7697  -6.801  -52.376  -20.483 0.0000000000
8038  -6.868  -51.083  -20.530 0.0000000000
58633  -6.376  -47.771  -19.315 0.0000000000
9047  -6.409  -48.358  -19.553 0.0000000000
8370  -7.290  -50.262  -20.998 0.0000000000
8719  -7.681  -49.717  -21.495 0.0000000000
9053  -7.641  -48.959  -21.540 0.0000000000
11459  -4.628  -41.474  -18.841 0.0000000000
11460  -5.121  -41.839  -19.229 0.0000000000
11467  -6.058  -41.628  -20.627 0.0000000000
11464  -6.203  -42.395  -20.166 0.0000000000
11093  -6.751  -42.972  -20.458 0.0000000000
11468  -6.713  -42.201  -20.937 0.0000000000
51522  6.928  -30.153  -22.931 0.0000000000
16479  7.703  -28.912  -23.412 0.0000000000
54777  8.079  -25.195  -22.403 0.0000000000
17513  8.575  -25.119  -23.078 0.0000000000
17162  8.934  -25.975  -24.952 0.0000000000
18266  9.037  -22.457  -27.244 0.0000000000
55423  7.386  -21.417  -25.505 0.0000000000
18635  7.993  -21.815  -25.906 0.0000000000
18636  7.725  -21.046  -26.165 0.0000000000
19025  7.686  -19.915  -27.041 0.0000000000
19019  8.049  -20.638  -26.806 0.0000000000
18644  9.411  -21.346  -27.508 0.0000000000
19030  8.895  -20.017  -27.801 0.0000000000
19031  8.087  -19.516  -27.613 0.0000000000
724  10.868  -74.792  -17.922 0.0000000000
723  11.743  -74.852  -18.078 0.0000000000
1113  11.659  -72.578  -20.591 0.0000000000
1126  12.087  -72.066  -21.265 0.0000000000
1481  10.416  -70.886  -21.669 0.0000000000
1690  10.058  -69.455  -23.463 0.0000000000
1721  9.067  -69.027  -25.117 0.0000000000
1705  12.070  -69.785  -24.549 0.0000000000
1726  10.158  -69.324  -26.136 0.0000000000
1746  7.766  -68.857  -28.220 0.0000000000
2025  6.682  -67.782  -29.679 0.0000000000
56403  7.407  -68.374  -29.341 0.0000000000
2024  7.205  -68.061  -29.777 0.0000000000
2609  6.436  -66.488  -31.167 0.0000000000
2315  7.001  -67.045  -31.057 0.0000000000
2608  7.003  -66.504  -31.710 0.0000000000
2325  7.593  -67.055  -31.579 0.0000000000
3294  7.129  -64.550  -34.505 0.0000000000
3628  6.165  -63.587  -35.343 0.0000000000
3956  6.497  -63.226  -36.021 0.0000000000
4635  5.734  -61.904  -36.838 0.0000000000
4997  6.262  -60.520  -37.807 0.0000000000
5339  6.231  -59.793  -38.181 0.0000000000
6739  -2.070  -55.390  -39.580 0.0000000000
6055  1.691  -57.296  -38.495 0.0000000000
5710  3.428  -58.397  -38.180 0.0000000000
5711  2.805  -58.069  -38.251 0.0000000000
57840  4.396  -59.414  -37.886 0.0000000000
5366  6.849  -58.476  -39.007 0.0000000000
5365  7.541  -59.026  -38.952 0.0000000000
6731  5.571  -55.700  -39.819 0.0000000000
7748  2.970  -52.404  -40.166 0.0000000000
52687  2.953  -53.117  -39.977 0.0000000000
14295  -1.336  -33.422  -35.241 0.0000000000
13608  -2.188  -35.591  -36.760 0.0000000000
57357  -2.355  -35.181  -36.114 0.0000000000
13257  -1.663  -36.446  -37.901 0.0000000000
13607  -1.767  -35.845  -37.395 0.0000000000
12560  -3.611  -38.128  -37.426 0.0000000000
13262  -3.350  -37.505  -37.233 0.0000000000
12928  -3.965  -37.826  -36.894 0.0000000000
12562  -4.781  -38.756  -36.722 0.0000000000
12217  -5.047  -39.284  -36.804 0.0000000000
11513  -5.486  -40.805  -37.401 0.0000000000
11144  -4.809  -42.253  -38.738 0.0000000000
56656  -5.406  -42.399  -38.488 0.0000000000
10779  -5.213  -42.993  -38.938 0.0000000000
10785  -4.376  -42.735  -39.252 0.0000000000
11525  -3.242  -40.818  -39.059 0.0000000000
11540  -2.944  -42.088  -39.840 0.0000000000
10791  -3.880  -43.205  -39.754 0.0000000000
10798  -3.397  -43.662  -40.181 0.0000000000
10806  -1.961  -43.866  -40.876 0.0000000000
10469  -2.187  -44.667  -40.848 0.0000000000
59748  -1.721  -44.378  -40.987 0.0000000000
17213  5.899  -25.939  -38.699 0.0000000000
16187  5.282  -28.472  -39.381 0.0000000000
16188  4.675  -28.826  -39.000 0.0000000000
15053  3.897  -31.461  -39.795 0.0000000000
15048  3.146  -31.851  -39.407 0.0000000000
13950  2.255  -34.331  -39.903 0.0000000000
13956  2.930  -34.382  -40.371 0.0000000000
14322  4.629  -33.684  -41.147 0.0000000000
13628  2.902  -36.029  -40.904 0.0000000000
13619  2.317  -35.603  -40.427 0.0000000000
13270  1.194  -36.707  -40.085 0.0000000000
12947  2.034  -38.021  -40.928 0.0000000000
12574  1.324  -38.245  -40.602 0.0000000000
12226  1.031  -39.096  -40.698 0.0000000000
12227  0.254  -39.290  -40.429 0.0000000000
12581  3.251  -38.292  -41.560 0.0000000000
12234  2.997  -39.120  -41.564 0.0000000000
11890  1.399  -40.655  -41.241 0.0000000000
11891  0.650  -40.810  -41.041 0.0000000000
11536  0.315  -41.266  -41.052 0.0000000000
11547  -0.584  -41.869  -40.988 0.0000000000
11155  0.248  -42.024  -41.181 0.0000000000
48460  0.169  -43.104  -41.316 0.0000000000
10467  0.130  -44.785  -41.351 0.0000000000
49008  1.055  -44.947  -41.435 0.0000000000
49009  1.989  -44.823  -41.541 0.0000000000
10465  2.886  -44.939  -41.679 0.0000000000
49159  3.849  -44.792  -41.871 0.0000000000
10136  4.193  -45.543  -41.858 0.0000000000
1736  9.673  -69.319  -27.520 0.0000000000
56855  8.271  -68.898  -28.748 0.0000000000
55491  -4.586  -58.255  -20.935 0.0000000000
5992  -5.065  -57.026  -20.633 0.0000000000
56215  -5.942  -55.827  -20.610 0.0000000000
6998  -6.229  -54.461  -20.255 0.0000000000
14598  0.697  -34.177  -20.486 0.0000000000
9129  -2.643  -47.879  -40.747 0.0000000000
20071  7.762  -17.818  -28.374 0.0000000000
17192  4.820  -26.020  -32.391 0.0000000000
60044  4.754  -25.333  -33.620 0.0000000000
17936  4.968  -24.569  -34.063 0.0000000000
1693  7.477  -68.798  -22.546 0.0000000000
58275  -2.251  -65.061  -26.995 0.0000000000
5290  -6.332  -59.239  -24.549 0.0000000000
5292  -6.328  -59.363  -25.473 0.0000000000
5294  -6.366  -59.363  -26.324 0.0000000000
10059  -4.224  -45.051  -17.151 0.0000000000
10060  -4.605  -45.483  -17.454 0.0000000000
10064  -5.401  -46.010  -18.092 0.0000000000
18622  5.132  -21.968  -23.736 0.0000000000
56794  5.446  -21.327  -24.391 0.0000000000
19007  6.025  -20.988  -24.914 0.0000000000
7400  -0.108  -53.508  -39.827 0.0000000000
7062  0.211  -54.268  -39.575 0.0000000000
6735  1.542  -55.115  -39.281 0.0000000000
7396  3.377  -53.754  -39.867 0.0000000000
13932  -2.581  -34.670  -34.906 0.0000000000
13615  -0.071  -35.952  -38.882 0.0000000000
12936  -0.256  -37.243  -39.339 0.0000000000
2032  9.457  -68.282  -31.102 0.0000000000
2044  9.446  -67.939  -31.762 0.0000000000
21709  9.993  -12.082  -31.180 0.0000000000
21714  10.459  -12.514  -31.665 0.0000000000
21364  10.844  -12.899  -32.413 0.0000000000
59375  2.179  -66.153  -22.616 0.0000000000
3858  -2.495  -62.586  -21.806 0.0000000000
3859  -3.105  -62.164  -21.594 0.0000000000
4200  -3.966  -61.108  -21.472 0.0000000000
5276  -5.474  -58.829  -21.795 0.0000000000
5284  -6.146  -58.961  -22.783 0.0000000000
6343  -7.535  -56.420  -23.461 0.0000000000
7350  -8.028  -53.825  -22.146 0.0000000000
50134  -2.697  -39.273  -17.931 0.0000000000
12157  -3.182  -39.467  -18.113 0.0000000000
12158  -3.701  -39.691  -18.577 0.0000000000
12848  -3.353  -37.948  -18.511 0.0000000000
52247  -2.654  -33.513  -19.866 0.0000000000
14211  -3.200  -34.523  -19.732 0.0000000000
14214  -2.938  -33.496  -19.948 0.0000000000
14215  -3.523  -33.932  -20.021 0.0000000000
14220  -3.918  -33.495  -20.361 0.0000000000
55740  -0.057  -32.366  -21.326 0.0000000000
55733  -0.747  -31.705  -21.057 0.0000000000
55748  0.578  -32.317  -22.189 0.0000000000
55721  3.515  -33.193  -23.154 0.0000000000
55703  -2.267  -49.795  -40.606 0.0000000000
8438  -1.901  -50.368  -40.526 0.0000000000
59131  -0.947  -51.511  -40.305 0.0000000000
7758  -0.274  -51.605  -40.241 0.0000000000
9451  3.465  -47.241  -41.438 0.0000000000
15035  1.367  -31.129  -37.011 0.0000000000
59357  1.923  -32.362  -38.634 0.0000000000
18291  11.829  -22.826  -31.337 0.0000000000
19743  9.238  -18.141  -30.103 0.0000000000
20079  11.626  -17.994  -32.047 0.0000000000
4650  7.128  -61.731  -37.382 0.0000000000
9795  -5.211  -46.599  -40.144 0.0000000000
10126  -3.762  -45.057  -40.374 0.0000000000
48353  1.215  -28.842  -32.785 0.0000000000
15787  0.277  -29.948  -33.070 0.0000000000
17578  5.059  -24.691  -36.357 0.0000000000
18679  5.234  -21.799  -32.530 0.0000000000
53665  6.473  -20.463  -36.605 0.0000000000
19084  6.157  -21.037  -36.782 0.0000000000
18331  6.902  -22.232  -38.244 0.0000000000
1995  7.181  -68.699  -26.029 0.0000000000
1986  5.975  -68.271  -25.646 0.0000000000
2294  4.642  -66.960  -27.770 0.0000000000
2583  3.529  -65.960  -27.905 0.0000000000
2883  -0.197  -65.109  -23.448 0.0000000000
3868  -3.057  -63.527  -21.808 0.0000000000
3533  -3.234  -64.030  -22.130 0.0000000000
49117  -3.248  -63.751  -22.313 0.0000000000
3873  -3.483  -63.743  -23.057 0.0000000000
4576  -4.728  -61.820  -25.112 0.0000000000
3882  -3.615  -63.747  -24.962 0.0000000000
9039  -4.369  -48.592  -17.616 0.0000000000
8703  -4.192  -49.464  -17.795 0.0000000000
8029  -4.419  -51.162  -18.466 0.0000000000
7692  -5.067  -52.123  -18.975 0.0000000000
7694  -5.659  -52.358  -19.476 0.0000000000
9370  -6.997  -47.293  -20.130 0.0000000000
9372  -7.332  -47.436  -20.863 0.0000000000
12164  -4.916  -40.077  -20.056 0.0000000000
55137  -5.306  -40.161  -20.607 0.0000000000
11835  -5.916  -40.685  -20.956 0.0000000000
51754  5.348  -24.041  -20.328 0.0000000000
16463  7.950  -27.777  -21.916 0.0000000000
16806  8.354  -26.677  -22.904 0.0000000000
17891  8.701  -24.078  -23.521 0.0000000000
17519  9.052  -25.302  -24.565 0.0000000000
17523  8.986  -25.497  -25.916 0.0000000000
19021  6.727  -19.965  -26.161 0.0000000000
19375  7.119  -19.696  -26.706 0.0000000000
519  10.259  -75.588  -16.686 0.0000000000
738  11.269  -74.324  -18.562 0.0000000000
921  11.669  -73.213  -19.920 0.0000000000
1114  10.945  -72.245  -20.610 0.0000000000
2011  6.642  -68.305  -28.370 0.0000000000
2010  7.338  -68.566  -28.740 0.0000000000
2307  6.283  -67.327  -29.897 0.0000000000
57668  4.595  -61.290  -36.867 0.0000000000
5709  4.145  -58.089  -38.481 0.0000000000
50780  6.300  -56.912  -39.582 0.0000000000
8098  4.715  -51.567  -40.753 0.0000000000
13261  -2.702  -37.213  -37.573 0.0000000000
50484  -4.172  -39.328  -37.624 0.0000000000
55328  -4.602  -39.135  -37.139 0.0000000000
11872  -4.887  -40.472  -37.653 0.0000000000
11519  -5.031  -41.161  -37.946 0.0000000000
11527  -4.571  -41.551  -38.482 0.0000000000
59102  -1.821  -40.276  -39.776 0.0000000000
58288  -2.042  -40.946  -39.935 0.0000000000
11539  -2.249  -41.743  -40.139 0.0000000000
11156  -2.448  -42.561  -40.328 0.0000000000
11166  -1.196  -42.618  -40.965 0.0000000000
15428  5.190  -30.664  -40.378 0.0000000000
15054  3.539  -32.234  -39.891 0.0000000000
14685  4.205  -32.301  -40.384 0.0000000000
55511  4.114  -35.054  -41.262 0.0000000000
12243  3.425  -39.771  -41.790 0.0000000000
54254  2.754  -39.796  -41.556 0.0000000000
54174  1.063  -42.047  -41.358 0.0000000000
51333  1.095  -43.300  -41.451 0.0000000000
10802  1.833  -43.379  -41.556 0.0000000000
56389  11.713  -69.459  -27.722 0.0000000000
51737  10.008  -69.128  -28.870 0.0000000000
54511  8.167  -68.249  -30.287 0.0000000000
4905  -4.128  -59.721  -21.102 0.0000000000
4906  -4.623  -59.225  -21.159 0.0000000000
5273  -4.952  -58.602  -21.250 0.0000000000
52881  -7.109  -55.846  -21.905 0.0000000000
7701  -7.549  -52.331  -21.228 0.0000000000
13193  -1.743  -36.686  -18.534 0.0000000000
13535  -2.281  -36.382  -18.507 0.0000000000
13879  -2.294  -35.007  -19.291 0.0000000000
14209  -2.337  -34.369  -19.727 0.0000000000
14592  -2.518  -32.728  -19.771 0.0000000000
14968  -2.332  -32.176  -19.603 0.0000000000
15332  -2.601  -31.674  -18.798 0.0000000000
48436  -2.047  -31.250  -19.331 0.0000000000
48330  -1.784  -31.946  -19.817 0.0000000000
48411  -1.292  -32.132  -20.249 0.0000000000
48387  0.228  -33.218  -20.959 0.0000000000
9116  -3.506  -48.987  -40.612 0.0000000000
8779  -0.819  -49.517  -40.676 0.0000000000
56329  1.199  -47.358  -41.176 0.0000000000
48758  2.233  -46.162  -41.449 0.0000000000
16175  2.710  -28.557  -36.313 0.0000000000
15800  3.121  -29.273  -37.653 0.0000000000
15806  3.420  -29.591  -38.247 0.0000000000
19027  12.713  -21.057  -28.962 0.0000000000
54633  12.905  -22.531  -30.048 0.0000000000
19033  12.859  -20.448  -29.159 0.0000000000
19741  12.104  -18.495  -30.095 0.0000000000
52837  9.311  -18.442  -29.350 0.0000000000
2042  11.009  -68.355  -31.672 0.0000000000
2334  10.886  -67.758  -32.610 0.0000000000
2341  10.877  -67.348  -33.086 0.0000000000
2630  10.940  -66.813  -33.662 0.0000000000
2636  11.034  -66.229  -34.227 0.0000000000
2975  10.461  -65.863  -34.604 0.0000000000
52802  7.782  -63.591  -36.273 0.0000000000
16522  2.641  -27.767  -32.731 0.0000000000
20421  9.498  -15.944  -34.165 0.0000000000
19433  6.147  -20.202  -35.545 0.0000000000
1973  7.016  -68.337  -24.394 0.0000000000
4570  -4.939  -61.409  -23.776 0.0000000000
4572  -4.736  -61.790  -24.321 0.0000000000
4928  -5.486  -60.637  -24.733 0.0000000000
4580  -4.737  -61.966  -26.778 0.0000000000
9036  -4.066  -47.657  -17.135 0.0000000000
9360  -4.095  -46.797  -17.055 0.0000000000
59676  -4.224  -48.143  -17.366 0.0000000000
9043  -5.277  -48.635  -18.403 0.0000000000
9045  -5.928  -48.155  -18.902 0.0000000000
59553  -6.084  -46.792  -18.891 0.0000000000
9729  -5.880  -46.197  -18.538 0.0000000000
9732  -6.503  -46.372  -19.228 0.0000000000
10070  -6.819  -45.782  -19.629 0.0000000000
56884  8.339  -23.755  -23.324 0.0000000000
18258  7.690  -22.798  -25.032 0.0000000000
18262  8.065  -22.569  -25.649 0.0000000000
19369  6.042  -19.531  -25.940 0.0000000000
713  8.796  -74.737  -17.231 0.0000000000
924  9.347  -73.317  -18.806 0.0000000000
923  9.832  -73.085  -19.266 0.0000000000
1098  10.078  -72.646  -19.811 0.0000000000
59158  9.183  -70.598  -21.350 0.0000000000
2588  5.031  -66.779  -28.881 0.0000000000
2595  5.072  -66.365  -29.703 0.0000000000
4984  2.860  -60.730  -36.750 0.0000000000
59236  -1.029  -56.317  -39.064 0.0000000000
56930  0.148  -57.007  -38.658 0.0000000000
6407  2.316  -56.695  -38.767 0.0000000000
6419  3.959  -56.500  -39.112 0.0000000000
58192  4.958  -55.268  -39.787 0.0000000000
6751  5.577  -54.815  -40.134 0.0000000000
12919  -4.328  -36.969  -35.551 0.0000000000
13944  -0.275  -34.380  -37.759 0.0000000000
50653  -0.751  -35.043  -37.762 0.0000000000
12927  -1.788  -37.090  -38.201 0.0000000000
11874  -3.132  -40.007  -38.764 0.0000000000
12230  -1.934  -39.670  -39.430 0.0000000000
12578  -1.491  -39.191  -39.472 0.0000000000
12229  -1.239  -39.793  -39.878 0.0000000000
11884  -0.657  -40.294  -40.377 0.0000000000
12944  4.106  -37.112  -41.748 0.0000000000
1731  14.393  -69.179  -27.245 0.0000000000
1741  14.029  -69.163  -28.064 0.0000000000
51643  13.544  -69.141  -28.752 0.0000000000
1750  13.035  -69.059  -29.381 0.0000000000
1759  12.503  -68.964  -29.926 0.0000000000
1766  11.892  -68.867  -30.436 0.0000000000
1742  11.406  -69.362  -28.326 0.0000000000
1760  11.270  -69.008  -29.905 0.0000000000
2322  9.461  -67.506  -32.396 0.0000000000
21028  9.588  -15.201  -32.643 0.0000000000
21056  10.473  -14.666  -35.791 0.0000000000
1673  6.246  -69.166  -21.003 0.0000000000
2560  2.179  -66.274  -24.130 0.0000000000
3193  -2.939  -64.013  -21.654 0.0000000000
4914  -4.902  -60.228  -21.775 0.0000000000
56470  -6.722  -58.526  -24.634 0.0000000000
57744  -7.677  -56.843  -25.443 0.0000000000
6346  -7.770  -56.562  -24.991 0.0000000000
6676  -8.130  -54.909  -23.218 0.0000000000
11452  -3.912  -42.250  -17.617 0.0000000000
60001  -4.443  -42.470  -18.028 0.0000000000
11456  -4.315  -41.822  -18.243 0.0000000000
12159  -4.168  -39.981  -19.093 0.0000000000
53119  -4.557  -40.280  -19.485 0.0000000000
12858  -5.377  -37.360  -20.324 0.0000000000
13198  -3.351  -36.511  -18.640 0.0000000000
13203  -3.791  -36.263  -18.939 0.0000000000
13882  -3.549  -35.146  -19.410 0.0000000000
13543  -3.947  -35.682  -19.258 0.0000000000
54806  -4.437  -36.979  -19.384 0.0000000000
12857  -4.881  -37.194  -19.805 0.0000000000
13210  -5.284  -36.493  -20.110 0.0000000000
55728  -1.967  -30.986  -20.173 0.0000000000
48421  -1.770  -30.995  -21.194 0.0000000000
48388  -1.099  -31.324  -21.164 0.0000000000
55745  -1.147  -31.121  -21.232 0.0000000000
58151  -4.190  -50.067  -40.521 0.0000000000
7410  -2.912  -53.556  -40.136 0.0000000000
7409  -1.983  -53.433  -40.041 0.0000000000
8091  2.294  -51.855  -40.235 0.0000000000
59718  2.267  -49.493  -40.810 0.0000000000
8793  4.304  -49.121  -41.236 0.0000000000
58992  4.859  -47.939  -41.612 0.0000000000
14665  -0.461  -31.978  -34.836 0.0000000000
14670  -0.382  -32.743  -36.017 0.0000000000
14674  -0.245  -33.027  -36.560 0.0000000000
13943  0.335  -34.440  -38.406 0.0000000000
13952  0.765  -34.914  -39.050 0.0000000000
13613  1.219  -35.352  -39.593 0.0000000000
18656  11.772  -22.586  -31.996 0.0000000000
57906  11.289  -22.193  -33.031 0.0000000000
19052  11.903  -19.323  -33.774 0.0000000000
20696  8.928  -15.083  -30.955 0.0000000000
2041  11.800  -68.322  -31.730 0.0000000000
2988  10.685  -65.378  -35.123 0.0000000000
3310  10.995  -64.899  -35.707 0.0000000000
3323  10.487  -64.421  -36.185 0.0000000000
5271  -3.716  -58.950  -20.970 0.0000000000
5633  -4.019  -57.070  -20.348 0.0000000000
5988  -4.335  -56.301  -19.872 0.0000000000
8784  -5.582  -49.566  -40.265 0.0000000000
9446  -6.881  -47.718  -39.676 0.0000000000
9119  -6.250  -48.413  -40.035 0.0000000000
52846  -5.779  -48.864  -40.210 0.0000000000
9457  -4.024  -47.620  -40.502 0.0000000000
14284  -1.408  -32.840  -34.060 0.0000000000
15405  -0.018  -30.416  -33.351 0.0000000000
15406  -0.384  -30.905  -33.249 0.0000000000
59721  -0.838  -32.463  -34.755 0.0000000000
57876  5.543  -24.926  -37.633 0.0000000000
19059  7.112  -19.969  -33.127 0.0000000000
19073  5.400  -21.193  -35.713 0.0000000000
2300  5.614  -67.446  -28.595 0.0000000000
1997  6.039  -68.327  -26.592 0.0000000000
2281  3.737  -66.822  -25.990 0.0000000000
2288  3.896  -66.707  -26.766 0.0000000000
57608  0.903  -65.685  -23.589 0.0000000000
2867  -3.220  -65.128  -21.485 0.0000000000
2866  -2.974  -64.533  -22.065 0.0000000000
2875  -1.636  -64.399  -23.155 0.0000000000
49313  -1.282  -65.366  -24.287 0.0000000000
2900  -1.342  -65.598  -25.059 0.0000000000
3563  -3.209  -64.255  -27.174 0.0000000000
3569  -3.151  -64.154  -28.098 0.0000000000
6663  -4.791  -54.945  -19.210 0.0000000000
6664  -5.238  -55.227  -19.788 0.0000000000
6997  -5.735  -54.486  -19.831 0.0000000000
7342  -6.022  -52.896  -19.811 0.0000000000
54557  -7.803  -51.633  -21.509 0.0000000000
8711  -6.003  -50.397  -19.659 0.0000000000
8368  -6.661  -50.209  -20.305 0.0000000000
8042  -7.532  -51.000  -21.208 0.0000000000
8043  -7.959  -50.962  -21.805 0.0000000000
8720  -8.055  -50.196  -22.141 0.0000000000
11087  -5.227  -42.873  -18.693 0.0000000000
11088  -5.738  -43.158  -19.033 0.0000000000
11463  -5.578  -41.866  -19.819 0.0000000000
10734  -6.745  -43.676  -19.986 0.0000000000
48324  6.725  -33.010  -21.024 0.0000000000
51619  6.024  -31.184  -23.313 0.0000000000
55723  4.289  -24.958  -18.953 0.0000000000
17152  4.774  -24.449  -19.569 0.0000000000
16805  8.735  -26.602  -24.037 0.0000000000
18272  9.972  -21.938  -28.072 0.0000000000
18267  8.509  -22.338  -26.454 0.0000000000
18639  8.990  -21.749  -27.077 0.0000000000
18643  9.980  -21.354  -27.989 0.0000000000
18647  12.773  -21.811  -29.013 0.0000000000
19028  10.158  -20.537  -28.354 0.0000000000
19385  9.347  -19.510  -28.323 0.0000000000
19386  8.637  -19.158  -28.191 0.0000000000
19727  5.047  -18.584  -25.658 0.0000000000
712  9.377  -74.892  -17.292 0.0000000000
537  9.802  -75.198  -17.034 0.0000000000
551  10.534  -75.224  -17.281 0.0000000000
1723  12.747  -69.550  -26.350 0.0000000000
1724  11.877  -69.536  -26.255 0.0000000000
1725  11.016  -69.437  -26.204 0.0000000000
1745  8.440  -69.045  -28.206 0.0000000000
1756  7.949  -68.644  -29.236 0.0000000000
3283  6.877  -64.778  -33.864 0.0000000000
55814  6.883  -62.962  -36.451 0.0000000000
4295  6.986  -62.467  -36.870 0.0000000000
5354  7.773  -59.694  -38.684 0.0000000000
6740  -2.902  -55.422  -39.726 0.0000000000
6741  -3.584  -55.782  -39.707 0.0000000000
5695  2.916  -59.549  -37.562 0.0000000000
5341  3.659  -59.681  -37.594 0.0000000000
6067  7.301  -57.766  -39.506 0.0000000000
7757  3.595  -52.137  -40.339 0.0000000000
7407  4.731  -53.089  -40.367 0.0000000000
13936  -2.174  -34.658  -35.653 0.0000000000
13601  -3.305  -35.809  -35.561 0.0000000000
49971  -3.924  -36.873  -36.059 0.0000000000
54702  -3.680  -37.139  -36.622 0.0000000000
12923  -4.324  -37.500  -36.188 0.0000000000
11150  -5.990  -43.399  -38.795 0.0000000000
55851  -4.148  -44.594  -40.117 0.0000000000
10807  -2.649  -43.458  -40.500 0.0000000000
52867  -3.032  -44.084  -40.452 0.0000000000
10470  -2.995  -44.761  -40.598 0.0000000000
58844  -2.017  -45.194  -40.917 0.0000000000
16541  5.091  -27.279  -38.474 0.0000000000
15809  5.033  -29.258  -39.587 0.0000000000
14692  4.871  -32.792  -41.000 0.0000000000
13955  3.641  -34.606  -40.870 0.0000000000
57571  2.468  -34.914  -40.273 0.0000000000
12939  1.630  -37.413  -40.553 0.0000000000
12582  2.511  -38.564  -41.266 0.0000000000
11882  0.684  -40.028  -40.838 0.0000000000
11883  -0.009  -40.702  -40.791 0.0000000000
11175  -0.852  -42.167  -40.988 0.0000000000
49339  -0.751  -43.270  -41.174 0.0000000000
10805  -1.201  -44.078  -41.115 0.0000000000
10141  -0.273  -45.354  -41.274 0.0000000000
49237  1.068  -45.760  -41.369 0.0000000000
49014  2.809  -45.711  -41.583 0.0000000000
10800  3.250  -43.382  -41.823 0.0000000000
10135  4.853  -45.860  -41.965 0.0000000000
10150  5.461  -45.266  -42.224 0.0000000000
2857  -3.186  -65.130  -21.422 0.0000000000
2858  -3.224  -65.130  -21.381 0.0000000000
3194  -3.080  -64.668  -21.245 0.0000000000
3202  -3.182  -65.113  -21.314 0.0000000000
3207  -3.177  -64.998  -21.535 0.0000000000
3212  -3.113  -64.526  -22.068 0.0000000000
3529  -3.069  -64.746  -21.433 0.0000000000
8707  -5.132  -50.347  -18.898 0.0000000000
9038  -3.851  -48.477  -17.218 0.0000000000
11892  -0.848  -41.977  -40.949 0.0000000000
13204  -4.229  -36.337  -19.263 0.0000000000
13209  -4.769  -36.383  -19.653 0.0000000000
14603  -3.597  -32.740  -20.513 0.0000000000
15335  -1.976  -31.605  -19.394 0.0000000000
15336  -2.297  -31.380  -19.366 0.0000000000
15707  -2.214  -31.214  -19.569 0.0000000000
18271  10.312  -21.670  -28.358 0.0000000000
18650  12.890  -21.920  -29.070 0.0000000000
18655  12.683  -22.150  -31.521 0.0000000000
18674  11.980  -20.770  -33.721 0.0000000000
19029  9.601  -20.101  -28.137 0.0000000000
19036  12.979  -20.615  -31.648 0.0000000000
19401  12.243  -18.624  -32.777 0.0000000000
19748  11.870  -17.852  -30.930 0.0000000000
19753  11.818  -17.927  -32.170 0.0000000000
19764  11.671  -18.352  -33.315 0.0000000000
20070  9.723  -18.884  -29.045 0.0000000000
52203  -6.579  -47.143  -19.441 0.0000000000
53552  9.967  -19.760  -28.546 0.0000000000
54689  12.376  -19.312  -29.507 0.0000000000
55469  12.689  -19.537  -30.343 0.0000000000
55730  -1.586  -30.997  -21.108 0.0000000000
55742  -2.050  -31.093  -19.780 0.0000000000
58648  12.222  -18.305  -31.942 0.0000000000
