#!ascii label  , from subject sub-2001 vox2ras=TkReg
1256
79252  -56.947  28.713  11.352 0.0000000000
89685  -48.886  43.039  10.140 0.0000000000
85715  -46.774  37.634  11.241 0.0000000000
85096  -52.779  36.608  2.777 0.0000000000
89771  -50.909  43.948  3.994 0.0000000000
89717  -54.553  43.909  8.366 0.0000000000
87136  -47.466  39.446  3.459 0.0000000000
84412  -47.114  34.761  1.531 0.0000000000
81344  -50.059  31.343  21.689 0.0000000000
82819  -53.837  33.954  17.743 0.0000000000
109675  -42.451  43.520  10.229 0.0000000000
91408  -46.489  46.501  5.165 0.0000000000
93169  -53.324  49.463  3.549 0.0000000000
82121  -51.795  32.335  11.738 0.0000000000
88963  -50.125  42.460  16.357 0.0000000000
86423  -54.239  38.529  10.510 0.0000000000
82161  -53.589  32.659  7.167 0.0000000000
82165  -50.871  32.351  6.171 0.0000000000
82148  -46.133  32.594  8.670 0.0000000000
79322  -56.122  27.518  6.709 0.0000000000
89788  -52.194  43.411  1.623 0.0000000000
88436  -50.464  42.073  3.121 0.0000000000
88453  -49.362  41.590  0.200 0.0000000000
87155  -46.287  39.088  -0.085 0.0000000000
83527  -50.006  34.111  18.738 0.0000000000
84939  -52.585  36.989  20.990 0.0000000000
90813  -42.619  45.719  11.895 0.0000000000
93165  -49.363  48.975  3.566 0.0000000000
83569  -51.173  35.131  14.453 0.0000000000
83594  -49.255  35.042  11.339 0.0000000000
88977  -46.581  42.471  13.739 0.0000000000
109146  -50.465  43.751  14.418 0.0000000000
87113  -52.796  39.302  6.693 0.0000000000
108922  -55.648  40.916  9.944 0.0000000000
85766  -54.728  37.849  6.331 0.0000000000
83629  -54.566  34.931  8.872 0.0000000000
83650  -53.396  34.337  5.304 0.0000000000
82174  -53.565  31.783  4.207 0.0000000000
82953  -52.311  33.029  2.484 0.0000000000
83646  -46.687  35.047  6.805 0.0000000000
90325  -50.098  44.943  7.929 0.0000000000
90285  -51.969  44.813  10.397 0.0000000000
89745  -51.891  43.741  6.271 0.0000000000
87732  -50.607  40.394  6.404 0.0000000000
85780  -49.885  37.720  4.240 0.0000000000
83702  -50.044  34.982  0.234 0.0000000000
85115  -47.423  35.790  0.281 0.0000000000
85113  -44.781  36.072  0.845 0.0000000000
81374  -49.587  31.278  17.162 0.0000000000
80640  -52.949  30.562  17.548 0.0000000000
79931  -56.221  29.218  15.254 0.0000000000
90248  -39.929  44.250  13.985 0.0000000000
89668  -44.328  43.558  12.143 0.0000000000
88390  -45.075  41.388  9.885 0.0000000000
90322  -47.055  44.012  7.204 0.0000000000
91411  -48.890  46.274  5.184 0.0000000000
91438  -52.421  46.483  3.113 0.0000000000
106531  -53.008  46.715  0.476 0.0000000000
93199  -53.198  49.291  0.935 0.0000000000
84995  -54.403  37.843  17.024 0.0000000000
82087  -53.117  32.212  15.127 0.0000000000
81411  -55.396  30.736  12.438 0.0000000000
87671  -48.333  40.507  12.503 0.0000000000
90267  -54.210  44.402  13.956 0.0000000000
88356  -51.742  41.650  11.561 0.0000000000
86430  -50.125  38.696  9.499 0.0000000000
84329  -53.141  35.252  10.468 0.0000000000
82134  -54.020  32.843  10.691 0.0000000000
80703  -55.862  29.994  9.005 0.0000000000
118840  -54.849  30.430  5.506 0.0000000000
80722  -52.143  30.050  7.028 0.0000000000
80714  -49.891  30.878  8.203 0.0000000000
83664  -49.680  34.386  4.113 0.0000000000
82158  -48.840  32.915  7.893 0.0000000000
80710  -46.583  30.442  8.299 0.0000000000
106545  -56.184  28.483  12.343 0.0000000000
79278  -56.373  27.850  9.834 0.0000000000
79995  -57.123  28.061  8.758 0.0000000000
89816  -51.280  43.416  -0.209 0.0000000000
111140  -51.157  42.639  0.698 0.0000000000
88467  -49.429  41.882  -0.982 0.0000000000
88459  -48.044  41.224  -0.579 0.0000000000
84317  -48.527  35.937  11.590 0.0000000000
88989  -48.160  42.297  12.175 0.0000000000
85783  -53.252  37.991  4.355 0.0000000000
86455  -54.517  38.948  5.894 0.0000000000
85075  -53.896  37.244  5.050 0.0000000000
85068  -53.772  36.432  5.691 0.0000000000
84395  -53.381  36.204  3.871 0.0000000000
121010  -53.431  33.903  3.262 0.0000000000
83683  -52.643  34.410  2.002 0.0000000000
90876  -50.262  44.996  5.418 0.0000000000
90864  -51.519  45.092  6.764 0.0000000000
90344  -50.948  44.200  5.377 0.0000000000
87754  -48.893  41.193  3.282 0.0000000000
88428  -49.892  41.205  4.962 0.0000000000
87121  -48.918  39.880  5.066 0.0000000000
86463  -49.757  38.847  5.424 0.0000000000
86474  -48.534  38.697  4.521 0.0000000000
85806  -48.323  36.891  2.471 0.0000000000
86496  -47.026  38.107  2.461 0.0000000000
85823  -44.841  37.198  0.237 0.0000000000
82818  -51.698  33.888  17.938 0.0000000000
116764  -51.123  32.229  17.572 0.0000000000
82082  -53.865  32.221  18.000 0.0000000000
79913  -54.812  29.994  16.912 0.0000000000
108676  -55.075  31.135  17.275 0.0000000000
90276  -43.974  44.583  10.801 0.0000000000
123333  -43.164  44.366  12.331 0.0000000000
89676  -44.060  43.329  11.354 0.0000000000
88350  -44.343  41.642  11.572 0.0000000000
89024  -42.847  41.977  9.672 0.0000000000
90858  -45.500  45.245  6.113 0.0000000000
89743  -45.559  44.037  6.716 0.0000000000
90859  -47.024  45.306  6.061 0.0000000000
90861  -48.604  45.703  6.495 0.0000000000
91410  -48.266  46.355  5.135 0.0000000000
93167  -51.234  49.712  3.521 0.0000000000
92028  -50.839  47.519  3.473 0.0000000000
92653  -53.691  48.179  3.586 0.0000000000
91454  -54.034  45.952  2.573 0.0000000000
92053  -54.286  48.069  2.333 0.0000000000
92063  -53.149  47.634  0.665 0.0000000000
93189  -53.745  49.416  1.985 0.0000000000
84950  -48.488  36.480  19.583 0.0000000000
84932  -49.634  37.128  21.417 0.0000000000
85661  -50.810  37.950  19.563 0.0000000000
86366  -53.039  39.040  18.951 0.0000000000
85684  -51.481  37.697  17.712 0.0000000000
82857  -50.489  33.211  13.223 0.0000000000
82849  -52.324  33.039  14.714 0.0000000000
81393  -52.274  31.444  13.967 0.0000000000
80669  -54.452  30.659  14.691 0.0000000000
82113  -53.547  31.582  12.172 0.0000000000
88323  -47.602  41.604  16.122 0.0000000000
87661  -47.279  40.711  14.623 0.0000000000
88329  -48.747  41.348  14.835 0.0000000000
90299  -54.392  45.288  8.765 0.0000000000
90279  -53.555  45.063  12.002 0.0000000000
90288  -55.028  44.781  10.247 0.0000000000
87084  -55.266  39.290  10.422 0.0000000000
87682  -54.755  40.944  11.678 0.0000000000
104697  -53.598  39.734  10.752 0.0000000000
87695  -51.234  40.601  10.429 0.0000000000
87083  -52.291  39.111  9.929 0.0000000000
85048  -51.902  36.577  9.632 0.0000000000
85049  -53.740  36.509  10.475 0.0000000000
82924  -53.571  33.466  7.739 0.0000000000
106384  -54.303  34.257  9.562 0.0000000000
123126  -54.042  32.502  9.154 0.0000000000
111279  -54.854  31.165  10.128 0.0000000000
113231  -54.465  31.081  8.395 0.0000000000
80724  -55.519  29.810  6.566 0.0000000000
81449  -54.666  31.111  6.138 0.0000000000
82173  -52.491  32.003  4.184 0.0000000000
81455  -53.018  30.882  5.241 0.0000000000
81447  -51.599  31.049  6.737 0.0000000000
80720  -50.639  30.155  7.990 0.0000000000
82160  -50.427  32.082  7.166 0.0000000000
83678  -48.283  34.469  0.996 0.0000000000
83680  -50.062  34.270  1.776 0.0000000000
84404  -48.097  34.979  2.756 0.0000000000
82920  -46.716  34.080  7.789 0.0000000000
83641  -47.805  34.259  7.206 0.0000000000
82914  -47.400  33.140  8.224 0.0000000000
118329  -48.169  31.964  8.393 0.0000000000
114593  -46.430  31.187  8.525 0.0000000000
108421  -45.918  29.987  8.363 0.0000000000
79956  -53.341  29.065  13.157 0.0000000000
79321  -55.455  27.650  6.436 0.0000000000
89781  -51.971  43.405  2.320 0.0000000000
89764  -51.307  43.120  3.928 0.0000000000
89104  -51.714  42.888  2.027 0.0000000000
88444  -50.178  42.080  2.096 0.0000000000
87762  -48.291  40.985  1.739 0.0000000000
109232  -47.172  39.787  1.579 0.0000000000
87769  -47.357  40.226  0.528 0.0000000000
82042  -49.280  32.885  20.737 0.0000000000
83497  -50.211  34.534  20.605 0.0000000000
84263  -52.785  35.535  18.137 0.0000000000
90822  -43.656  44.871  10.403 0.0000000000
92013  -48.060  47.579  4.082 0.0000000000
93634  -50.839  51.192  4.294 0.0000000000
94110  -52.470  50.667  3.526 0.0000000000
84273  -50.770  36.270  15.825 0.0000000000
109448  -49.934  34.275  12.868 0.0000000000
115322  -50.520  33.142  11.244 0.0000000000
90222  -51.171  44.343  17.166 0.0000000000
87724  -53.312  40.633  7.671 0.0000000000
88402  -55.502  42.110  8.890 0.0000000000
87101  -54.911  40.039  7.323 0.0000000000
87102  -55.401  39.399  7.618 0.0000000000
85742  -55.713  38.119  9.045 0.0000000000
85051  -55.500  36.840  9.884 0.0000000000
110932  -54.899  36.255  8.137 0.0000000000
84359  -53.950  35.363  6.994 0.0000000000
82932  -53.449  33.433  6.616 0.0000000000
82167  -53.809  32.372  5.914 0.0000000000
82941  -53.638  33.195  4.588 0.0000000000
82181  -53.210  32.290  3.505 0.0000000000
82940  -51.586  32.668  4.118 0.0000000000
84391  -46.527  35.538  4.176 0.0000000000
85711  -45.481  37.942  11.938 0.0000000000
89716  -49.277  43.797  8.865 0.0000000000
102745  -50.391  43.742  10.671 0.0000000000
90309  -51.178  45.011  8.297 0.0000000000
116992  -52.758  45.360  7.493 0.0000000000
89733  -53.317  44.254  7.310 0.0000000000
89075  -51.336  42.467  5.389 0.0000000000
102919  -51.431  42.045  6.200 0.0000000000
88408  -52.602  41.461  7.703 0.0000000000
87112  -51.667  39.443  6.734 0.0000000000
86465  -51.738  38.404  5.583 0.0000000000
85794  -51.419  37.078  3.275 0.0000000000
113837  -51.837  35.866  1.893 0.0000000000
85105  -50.223  35.977  1.805 0.0000000000
84422  -48.882  35.031  -0.297 0.0000000000
83689  -46.646  34.538  -0.348 0.0000000000
85816  -46.160  37.143  0.323 0.0000000000
85126  -45.644  35.970  -0.066 0.0000000000
82076  -49.432  32.793  18.066 0.0000000000
122926  -51.145  30.480  17.239 0.0000000000
79921  -52.801  29.483  16.115 0.0000000000
79943  -53.804  28.930  14.972 0.0000000000
79206  -55.843  28.738  14.762 0.0000000000
79221  -57.000  28.857  13.663 0.0000000000
106379  -41.821  43.551  14.887 0.0000000000
89656  -41.823  43.850  13.845 0.0000000000
103413  -43.694  43.500  14.720 0.0000000000
89659  -45.108  43.100  13.317 0.0000000000
122693  -46.071  41.527  11.975 0.0000000000
89009  -46.788  41.828  10.111 0.0000000000
89727  -42.388  43.401  8.186 0.0000000000
89055  -44.697  42.612  7.830 0.0000000000
89713  -46.554  42.882  7.995 0.0000000000
89699  -47.846  42.881  8.982 0.0000000000
89732  -48.510  44.487  7.751 0.0000000000
90862  -49.456  45.671  6.550 0.0000000000
90882  -49.752  45.574  5.028 0.0000000000
92015  -49.244  47.199  3.963 0.0000000000
91436  -50.571  46.495  3.532 0.0000000000
90891  -51.602  44.935  2.848 0.0000000000
90366  -53.034  44.428  1.992 0.0000000000
90914  -53.202  44.789  0.996 0.0000000000
91491  -51.664  46.222  -0.240 0.0000000000
101770  -51.303  47.865  0.289 0.0000000000
94121  -52.954  51.101  2.705 0.0000000000
84970  -54.097  38.168  18.763 0.0000000000
84265  -54.677  36.185  16.981 0.0000000000
85004  -52.781  36.592  15.937 0.0000000000
84284  -54.478  35.659  16.036 0.0000000000
82833  -55.059  33.723  16.835 0.0000000000
80651  -54.806  30.822  15.834 0.0000000000
80671  -56.449  29.921  13.997 0.0000000000
80687  -56.822  29.543  11.660 0.0000000000
86419  -47.106  39.061  10.983 0.0000000000
89679  -51.415  44.255  12.026 0.0000000000
90251  -52.489  44.487  15.021 0.0000000000
88966  -52.779  43.840  16.211 0.0000000000
89000  -55.363  42.658  11.927 0.0000000000
88984  -53.870  43.298  14.003 0.0000000000
88981  -51.402  42.422  14.552 0.0000000000
88354  -49.791  41.218  11.978 0.0000000000
87692  -48.781  40.218  10.843 0.0000000000
85727  -48.562  37.755  10.009 0.0000000000
85046  -49.892  36.332  9.609 0.0000000000
83615  -50.859  34.891  9.803 0.0000000000
82891  -51.980  33.639  10.793 0.0000000000
84331  -54.347  35.617  10.356 0.0000000000
82893  -53.711  33.908  10.746 0.0000000000
82123  -53.470  32.299  11.600 0.0000000000
81419  -54.383  31.757  11.265 0.0000000000
80695  -55.991  30.303  11.226 0.0000000000
80704  -56.666  29.358  9.809 0.0000000000
80005  -56.254  28.926  7.216 0.0000000000
80012  -55.644  29.211  6.375 0.0000000000
80010  -54.377  29.336  5.979 0.0000000000
81462  -54.238  31.083  4.952 0.0000000000
80730  -53.833  30.042  5.556 0.0000000000
80004  -52.397  29.357  7.073 0.0000000000
80002  -50.858  29.319  7.830 0.0000000000
108717  -50.052  29.352  8.008 0.0000000000
82967  -51.573  34.063  1.325 0.0000000000
83665  -50.419  33.893  3.556 0.0000000000
82938  -49.956  33.699  5.516 0.0000000000
84382  -48.201  35.258  4.869 0.0000000000
83649  -49.229  34.108  6.024 0.0000000000
82164  -50.047  32.813  6.773 0.0000000000
82151  -49.011  32.082  8.261 0.0000000000
80712  -48.166  30.582  8.264 0.0000000000
79251  -56.529  28.448  11.526 0.0000000000
79264  -55.935  28.188  10.752 0.0000000000
79265  -56.782  28.299  10.579 0.0000000000
79279  -56.999  28.018  9.568 0.0000000000
89815  -50.402  43.201  -0.680 0.0000000000
89119  -50.151  42.428  -0.587 0.0000000000
107375  -49.582  42.617  -0.998 0.0000000000
85023  -48.009  36.261  11.729 0.0000000000
85026  -47.450  36.832  11.422 0.0000000000
88997  -48.591  42.533  11.499 0.0000000000
122620  -48.786  42.572  12.109 0.0000000000
88998  -49.277  42.835  11.701 0.0000000000
85796  -52.984  37.416  3.530 0.0000000000
85774  -53.925  37.904  4.629 0.0000000000
109881  -53.503  37.552  3.965 0.0000000000
85084  -53.669  37.178  4.179 0.0000000000
85083  -53.336  36.976  3.421 0.0000000000
84394  -53.121  35.931  3.004 0.0000000000
84405  -52.669  35.516  2.363 0.0000000000
90350  -50.619  44.306  4.738 0.0000000000
89755  -51.082  43.560  4.719 0.0000000000
106371  -48.417  40.672  3.943 0.0000000000
87746  -49.023  40.588  4.732 0.0000000000
87745  -48.441  40.146  4.523 0.0000000000
87129  -48.384  39.508  4.591 0.0000000000
86473  -47.843  39.072  4.100 0.0000000000
85791  -47.764  37.657  3.077 0.0000000000
86486  -47.455  38.583  3.381 0.0000000000
111624  -49.592  32.101  21.329 0.0000000000
119784  -52.631  33.742  17.838 0.0000000000
110033  -53.165  33.070  17.853 0.0000000000
81378  -54.391  31.513  17.906 0.0000000000
82083  -54.681  32.463  17.676 0.0000000000
90283  -43.592  44.163  10.631 0.0000000000
90277  -44.098  44.029  11.006 0.0000000000
89684  -43.465  43.446  10.772 0.0000000000
88369  -42.862  42.120  10.460 0.0000000000
89023  -42.631  42.136  10.065 0.0000000000
91407  -45.617  46.803  5.387 0.0000000000
90857  -45.098  46.087  5.829 0.0000000000
90871  -45.947  45.976  5.604 0.0000000000
90872  -46.835  45.889  5.554 0.0000000000
91409  -47.394  46.357  5.086 0.0000000000
118679  -52.014  49.961  3.520 0.0000000000
112557  -52.143  49.113  3.549 0.0000000000
111326  -53.244  48.968  3.633 0.0000000000
119055  -54.118  48.004  3.448 0.0000000000
92654  -53.949  48.723  3.499 0.0000000000
92664  -54.184  48.764  2.709 0.0000000000
93178  -53.860  49.479  3.158 0.0000000000
84966  -48.669  36.381  18.755 0.0000000000
84967  -49.517  36.747  18.402 0.0000000000
85660  -49.901  37.429  19.810 0.0000000000
85669  -50.083  37.332  18.943 0.0000000000
85670  -51.095  37.815  18.633 0.0000000000
82111  -51.361  31.930  12.621 0.0000000000
82095  -51.666  32.154  14.031 0.0000000000
81408  -52.158  31.403  13.107 0.0000000000
122731  -52.765  31.048  13.587 0.0000000000
82112  -52.532  31.754  12.199 0.0000000000
88951  -48.972  43.073  17.987 0.0000000000
88962  -49.237  42.394  16.782 0.0000000000
88324  -48.505  41.720  15.885 0.0000000000
88325  -49.392  41.865  15.599 0.0000000000
90312  -54.606  44.776  8.380 0.0000000000
90287  -54.500  45.200  9.940 0.0000000000
89718  -55.107  43.961  8.772 0.0000000000
86424  -54.898  38.911  10.583 0.0000000000
87071  -54.287  39.318  10.749 0.0000000000
86422  -53.386  39.115  10.417 0.0000000000
87070  -52.699  39.823  10.369 0.0000000000
102592  -53.136  38.195  10.148 0.0000000000
85739  -53.498  37.243  10.308 0.0000000000
86433  -54.284  37.695  10.469 0.0000000000
82152  -53.703  32.816  8.349 0.0000000000
82153  -53.929  31.878  8.441 0.0000000000
81442  -53.748  32.086  7.619 0.0000000000
81443  -54.229  31.410  7.402 0.0000000000
81448  -54.051  31.850  6.559 0.0000000000
82166  -51.824  31.832  5.391 0.0000000000
81453  -51.289  31.660  6.522 0.0000000000
82913  -46.641  33.434  8.261 0.0000000000
81438  -46.686  31.854  8.590 0.0000000000
81437  -46.007  31.711  8.767 0.0000000000
81432  -45.370  31.576  9.192 0.0000000000
78598  -55.718  26.715  6.515 0.0000000000
89782  -52.457  43.862  1.927 0.0000000000
88454  -50.311  42.138  0.727 0.0000000000
108634  -49.570  41.693  1.228 0.0000000000
88443  -49.031  41.455  2.222 0.0000000000
88452  -48.799  41.264  0.992 0.0000000000
87770  -48.072  40.726  0.695 0.0000000000
101679  -47.263  40.714  -0.315 0.0000000000
82756  -51.319  33.609  22.339 0.0000000000
83529  -51.656  35.490  18.631 0.0000000000
84253  -51.968  36.228  19.256 0.0000000000
90820  -44.249  45.438  10.216 0.0000000000
93645  -50.564  50.424  3.741 0.0000000000
94106  -50.779  51.836  4.993 0.0000000000
94105  -50.263  51.946  5.332 0.0000000000
84309  -49.004  35.398  12.108 0.0000000000
83578  -49.567  35.124  12.920 0.0000000000
83584  -49.396  34.725  12.092 0.0000000000
82867  -49.656  33.797  11.864 0.0000000000
82877  -49.906  33.685  11.010 0.0000000000
89660  -46.102  43.089  14.315 0.0000000000
89629  -50.305  44.177  15.890 0.0000000000
87099  -53.112  39.874  7.249 0.0000000000
87725  -54.296  40.684  7.795 0.0000000000
87100  -54.244  39.937  7.176 0.0000000000
86456  -54.971  38.777  6.290 0.0000000000
86447  -55.232  39.134  6.929 0.0000000000
85759  -55.435  38.771  7.600 0.0000000000
86441  -55.591  38.769  8.380 0.0000000000
85751  -55.551  38.129  8.272 0.0000000000
108053  -55.426  37.493  8.227 0.0000000000
85062  -54.945  37.085  7.557 0.0000000000
84371  -53.539  35.458  5.859 0.0000000000
114771  -53.509  34.465  6.424 0.0000000000
113440  -53.476  33.665  5.706 0.0000000000
107925  -53.653  32.940  5.452 0.0000000000
82955  -53.276  33.255  2.708 0.0000000000
82187  -53.353  32.714  3.243 0.0000000000
82186  -53.028  32.724  2.786 0.0000000000
82180  -52.510  32.529  3.328 0.0000000000
82947  -51.701  32.901  3.342 0.0000000000
90308  -50.040  44.393  8.651 0.0000000000
90340  -51.808  44.541  6.504 0.0000000000
90326  -52.448  44.978  6.963 0.0000000000
89746  -52.595  44.472  6.873 0.0000000000
90327  -53.348  45.013  7.367 0.0000000000
89067  -52.554  43.609  6.914 0.0000000000
89092  -50.950  42.266  3.700 0.0000000000
122342  -51.229  42.604  3.971 0.0000000000
89084  -51.109  42.230  4.601 0.0000000000
88419  -50.240  40.785  5.887 0.0000000000
88420  -50.826  41.671  5.463 0.0000000000
88414  -50.952  41.134  6.430 0.0000000000
106108  -51.735  41.552  7.112 0.0000000000
87733  -51.373  40.381  6.909 0.0000000000
87723  -52.299  40.592  7.446 0.0000000000
87111  -50.759  39.713  6.479 0.0000000000
86475  -49.330  38.401  4.797 0.0000000000
86464  -50.687  38.540  5.616 0.0000000000
86476  -50.277  38.132  4.895 0.0000000000
86477  -51.461  37.941  4.777 0.0000000000
122942  -50.497  37.242  3.591 0.0000000000
85094  -50.659  36.664  2.750 0.0000000000
85793  -49.659  37.251  3.506 0.0000000000
85103  -47.911  36.377  1.421 0.0000000000
85104  -49.069  36.107  1.483 0.0000000000
85129  -47.904  35.124  -0.477 0.0000000000
83713  -47.534  34.670  -0.595 0.0000000000
87148  -46.749  39.458  0.266 0.0000000000
86495  -46.762  38.768  1.382 0.0000000000
86503  -46.225  38.386  0.351 0.0000000000
117923  -44.646  36.688  0.646 0.0000000000
85824  -45.378  36.937  -0.059 0.0000000000
82774  -49.506  33.738  20.226 0.0000000000
82792  -49.393  33.667  19.290 0.0000000000
82806  -50.103  33.431  18.135 0.0000000000
81376  -51.947  31.020  17.696 0.0000000000
80639  -51.832  30.294  17.206 0.0000000000
80644  -51.650  29.942  16.869 0.0000000000
115538  -53.035  29.795  16.714 0.0000000000
79930  -53.514  29.252  15.745 0.0000000000
79912  -54.011  29.583  16.506 0.0000000000
79923  -55.689  29.432  15.820 0.0000000000
120079  -55.462  29.283  15.818 0.0000000000
79199  -55.989  29.096  15.429 0.0000000000
79220  -56.544  28.705  14.205 0.0000000000
79932  -56.780  29.094  14.641 0.0000000000
105478  -39.080  44.327  14.042 0.0000000000
89640  -38.701  43.765  14.806 0.0000000000
89641  -39.533  43.770  14.770 0.0000000000
118662  -40.638  43.507  15.428 0.0000000000
89643  -41.098  43.645  14.690 0.0000000000
90812  -41.627  45.495  12.548 0.0000000000
89667  -43.574  43.920  12.544 0.0000000000
90264  -42.541  44.223  12.950 0.0000000000
89657  -42.779  43.821  13.459 0.0000000000
89658  -43.512  43.605  13.602 0.0000000000
109783  -44.432  43.425  13.762 0.0000000000
101950  -44.674  43.235  12.777 0.0000000000
102567  -44.613  41.397  10.748 0.0000000000
88351  -45.188  41.443  11.483 0.0000000000
88372  -45.555  41.401  10.677 0.0000000000
88374  -46.950  41.716  10.941 0.0000000000
88391  -45.984  41.565  9.934 0.0000000000
89054  -43.741  42.659  8.047 0.0000000000
117460  -44.193  43.191  7.420 0.0000000000
89744  -46.436  44.134  6.791 0.0000000000
119850  -46.203  43.429  7.273 0.0000000000
101880  -46.994  43.461  7.673 0.0000000000
89714  -47.408  43.217  8.265 0.0000000000
89731  -47.713  43.889  7.745 0.0000000000
89715  -48.380  43.680  8.445 0.0000000000
90323  -47.855  44.568  7.220 0.0000000000
90874  -48.631  46.111  5.784 0.0000000000
102619  -49.137  46.030  5.948 0.0000000000
90875  -49.676  45.698  5.850 0.0000000000
112121  -49.314  46.036  5.167 0.0000000000
92649  -48.553  48.441  3.752 0.0000000000
92014  -48.757  47.516  3.920 0.0000000000
117351  -49.277  48.021  3.672 0.0000000000
92029  -52.004  47.485  3.357 0.0000000000
105980  -51.348  46.799  3.294 0.0000000000
90890  -50.682  45.521  3.488 0.0000000000
91452  -52.226  45.530  2.816 0.0000000000
90901  -52.862  44.849  2.474 0.0000000000
91453  -53.361  45.673  2.774 0.0000000000
91483  -53.793  46.214  1.167 0.0000000000
90915  -53.798  45.365  1.432 0.0000000000
90927  -53.211  45.671  0.656 0.0000000000
90402  -52.082  44.677  0.130 0.0000000000
91482  -52.457  46.008  0.080 0.0000000000
92685  -52.880  48.370  0.567 0.0000000000
92062  -52.508  47.531  0.352 0.0000000000
92684  -52.095  48.201  0.334 0.0000000000
107839  -51.455  48.856  0.504 0.0000000000
104482  -52.390  49.084  0.494 0.0000000000
86338  -52.905  38.722  21.752 0.0000000000
86380  -53.448  38.755  18.214 0.0000000000
85664  -54.036  39.011  19.038 0.0000000000
85687  -54.322  38.177  17.717 0.0000000000
84984  -54.594  37.230  17.354 0.0000000000
102358  -54.600  37.169  16.873 0.0000000000
106799  -51.150  36.008  15.220 0.0000000000
85003  -51.718  36.539  15.780 0.0000000000
108601  -52.138  36.079  15.465 0.0000000000
83571  -52.950  34.281  15.329 0.0000000000
82840  -53.603  33.309  15.520 0.0000000000
82832  -54.780  34.448  16.451 0.0000000000
82088  -54.223  32.433  15.834 0.0000000000
81386  -54.746  31.610  16.301 0.0000000000
81385  -53.854  31.517  15.411 0.0000000000
80678  -54.708  30.596  13.818 0.0000000000
80670  -55.725  30.260  14.500 0.0000000000
80679  -55.585  30.482  13.385 0.0000000000
80672  -56.938  29.496  13.545 0.0000000000
80686  -56.201  30.282  12.106 0.0000000000
87664  -47.437  40.466  13.730 0.0000000000
87050  -46.239  39.509  12.431 0.0000000000
90284  -51.003  44.287  10.056 0.0000000000
89678  -50.551  43.723  11.570 0.0000000000
90278  -52.295  44.704  11.458 0.0000000000
104728  -54.090  45.033  12.872 0.0000000000
90265  -52.863  44.614  13.967 0.0000000000
90266  -53.872  44.568  14.199 0.0000000000
101718  -52.768  44.353  15.883 0.0000000000
89654  -53.892  44.188  14.727 0.0000000000
88392  -55.738  41.724  9.658 0.0000000000
89012  -55.698  42.289  10.359 0.0000000000
88359  -55.522  41.957  11.346 0.0000000000
103901  -53.112  41.817  11.984 0.0000000000
88999  -54.029  42.279  12.613 0.0000000000
88344  -52.330  42.123  12.383 0.0000000000
88991  -52.531  42.598  13.372 0.0000000000
88343  -51.461  41.974  12.456 0.0000000000
88342  -50.414  41.661  12.789 0.0000000000
88355  -50.668  41.550  11.744 0.0000000000
87068  -50.725  40.007  10.048 0.0000000000
109848  -49.992  40.085  10.233 0.0000000000
87067  -49.270  39.707  10.173 0.0000000000
87066  -48.332  39.421  10.450 0.0000000000
85735  -49.273  38.258  9.636 0.0000000000
85728  -49.363  37.146  9.682 0.0000000000
85736  -50.127  37.785  9.408 0.0000000000
84339  -52.746  35.930  10.114 0.0000000000
111447  -51.431  35.702  9.655 0.0000000000
84328  -52.063  35.022  10.039 0.0000000000
83603  -51.434  34.234  10.267 0.0000000000
83604  -52.623  34.461  10.573 0.0000000000
113033  -55.283  36.218  9.503 0.0000000000
85039  -54.847  36.208  10.150 0.0000000000
84340  -54.862  35.602  9.659 0.0000000000
82904  -54.088  33.680  10.156 0.0000000000
118810  -54.121  34.463  10.250 0.0000000000
82124  -53.859  32.718  11.210 0.0000000000
80715  -54.979  30.765  9.284 0.0000000000
80694  -55.736  30.333  10.188 0.0000000000
80696  -56.742  29.531  10.761 0.0000000000
79983  -56.621  28.990  8.594 0.0000000000
80731  -55.248  29.962  5.815 0.0000000000
80011  -55.144  29.351  5.978 0.0000000000
82175  -53.860  32.118  4.739 0.0000000000
81456  -54.295  31.438  5.316 0.0000000000
118385  -54.040  31.472  4.684 0.0000000000
80728  -52.331  30.583  6.298 0.0000000000
118320  -53.157  30.432  5.604 0.0000000000
80729  -52.878  29.964  6.326 0.0000000000
80009  -53.416  29.275  6.446 0.0000000000
79304  -51.561  28.686  7.529 0.0000000000
80003  -51.513  29.705  7.531 0.0000000000
79994  -49.568  30.062  8.255 0.0000000000
80001  -49.085  29.333  7.921 0.0000000000
79993  -48.613  29.964  8.167 0.0000000000
84424  -50.771  34.978  0.720 0.0000000000
83694  -51.430  34.639  1.186 0.0000000000
83693  -50.677  34.620  0.838 0.0000000000
83671  -49.853  34.345  2.983 0.0000000000
83672  -50.670  33.864  2.408 0.0000000000
82945  -50.211  33.852  4.586 0.0000000000
84370  -47.043  35.327  6.027 0.0000000000
83655  -47.891  35.059  5.836 0.0000000000
82922  -48.434  33.688  7.409 0.0000000000
83648  -48.389  34.382  6.547 0.0000000000
82929  -49.027  33.823  6.768 0.0000000000
82930  -49.659  33.473  6.384 0.0000000000
82923  -49.303  33.253  7.218 0.0000000000
82159  -49.591  32.499  7.610 0.0000000000
112056  -47.042  31.160  8.380 0.0000000000
111951  -47.772  31.229  8.358 0.0000000000
80711  -47.385  30.486  8.207 0.0000000000
79992  -47.777  29.888  7.982 0.0000000000
79234  -55.278  28.558  12.799 0.0000000000
78572  -55.617  27.333  9.073 0.0000000000
117389  -52.219  43.527  0.872 0.0000000000
89112  -51.789  42.940  1.125 0.0000000000
89121  -51.519  42.992  0.287 0.0000000000
88461  -49.849  41.924  -0.346 0.0000000000
108209  -48.980  41.499  -0.617 0.0000000000
88460  -48.452  41.199  -0.055 0.0000000000
88466  -48.648  41.697  -0.967 0.0000000000
84318  -48.917  35.592  11.300 0.0000000000
88987  -46.932  42.034  13.123 0.0000000000
107423  -47.785  42.295  12.976 0.0000000000
89670  -49.889  43.254  12.946 0.0000000000
86466  -52.914  38.425  5.211 0.0000000000
86454  -53.643  38.808  5.732 0.0000000000
112438  -53.709  38.289  5.012 0.0000000000
86468  -54.564  38.460  5.786 0.0000000000
85076  -54.351  37.928  5.388 0.0000000000
85069  -54.147  37.115  5.954 0.0000000000
84383  -53.566  36.281  4.924 0.0000000000
83658  -53.334  35.215  4.694 0.0000000000
108090  -53.406  34.091  4.189 0.0000000000
83666  -53.264  34.972  3.600 0.0000000000
83673  -53.108  34.486  2.647 0.0000000000
82962  -52.614  33.725  1.916 0.0000000000
90863  -50.183  45.373  6.378 0.0000000000
90849  -50.901  45.204  7.396 0.0000000000
90339  -50.953  44.799  6.180 0.0000000000
90345  -51.432  44.162  5.888 0.0000000000
88435  -49.708  41.631  3.149 0.0000000000
103935  -50.169  41.742  3.977 0.0000000000
107281  -49.286  41.215  4.078 0.0000000000
87738  -49.535  40.355  5.463 0.0000000000
87110  -50.015  40.039  6.120 0.0000000000
87122  -49.523  39.608  5.588 0.0000000000
86462  -48.985  39.162  5.096 0.0000000000
85779  -48.969  37.907  4.140 0.0000000000
85792  -48.677  37.428  3.358 0.0000000000
85805  -47.420  37.167  2.096 0.0000000000
103963  -45.917  38.423  0.003 0.0000000000
82075  -48.555  32.433  18.449 0.0000000000
82807  -50.778  34.035  18.161 0.0000000000
82817  -50.931  33.252  17.791 0.0000000000
110381  -51.940  33.051  17.818 0.0000000000
82081  -52.549  32.115  17.853 0.0000000000
81377  -53.372  31.269  17.937 0.0000000000
80646  -53.778  30.140  17.204 0.0000000000
80641  -54.080  30.747  17.745 0.0000000000
80647  -55.027  30.470  17.043 0.0000000000
79914  -55.359  29.892  16.425 0.0000000000
103848  -43.612  44.996  11.307 0.0000000000
90269  -42.657  44.808  12.245 0.0000000000
90270  -43.790  44.340  11.550 0.0000000000
90271  -44.166  43.899  11.644 0.0000000000
118336  -44.436  42.856  12.046 0.0000000000
88349  -43.785  42.100  11.480 0.0000000000
88371  -43.734  41.633  10.872 0.0000000000
88389  -44.035  41.467  9.927 0.0000000000
110826  -44.552  45.416  6.278 0.0000000000
89729  -44.468  43.898  6.939 0.0000000000
120997  -45.543  44.641  6.420 0.0000000000
90337  -46.213  44.745  6.356 0.0000000000
114439  -47.185  44.711  6.649 0.0000000000
90338  -47.994  45.144  6.811 0.0000000000
90860  -47.726  45.388  6.383 0.0000000000
90873  -47.835  45.913  5.805 0.0000000000
93166  -50.236  49.395  3.514 0.0000000000
92650  -49.918  48.526  3.528 0.0000000000
92651  -50.851  48.621  3.491 0.0000000000
117418  -51.713  48.237  3.480 0.0000000000
92030  -53.181  47.424  3.423 0.0000000000
91439  -53.673  46.606  3.135 0.0000000000
92031  -53.981  47.428  3.400 0.0000000000
92041  -54.357  47.419  2.512 0.0000000000
114317  -53.644  47.189  1.159 0.0000000000
92677  -53.715  48.319  1.438 0.0000000000
84965  -47.793  36.030  19.111 0.0000000000
84949  -47.800  36.203  19.906 0.0000000000
84937  -48.485  36.527  20.313 0.0000000000
121782  -49.165  36.882  20.698 0.0000000000
86351  -52.729  39.265  20.844 0.0000000000
85662  -51.915  38.605  19.277 0.0000000000
85671  -52.259  38.400  18.331 0.0000000000
85695  -53.323  37.788  16.846 0.0000000000
83580  -50.758  34.320  13.810 0.0000000000
83570  -51.761  34.302  14.575 0.0000000000
82858  -51.201  33.158  14.009 0.0000000000
82096  -52.347  31.949  14.520 0.0000000000
80657  -53.706  31.012  14.926 0.0000000000
81401  -53.137  30.951  14.273 0.0000000000
81402  -53.627  30.783  13.686 0.0000000000
81410  -54.363  30.961  12.657 0.0000000000
87657  -47.049  41.069  15.440 0.0000000000
87662  -48.110  40.830  14.256 0.0000000000
88334  -48.970  41.103  13.755 0.0000000000
90823  -53.630  45.506  9.623 0.0000000000
90286  -53.073  45.239  10.708 0.0000000000
102883  -54.034  45.427  10.935 0.0000000000
101940  -54.651  45.012  11.085 0.0000000000
90281  -54.835  44.551  12.140 0.0000000000
87699  -55.434  40.305  10.617 0.0000000000
117086  -55.283  41.119  11.548 0.0000000000
87698  -55.085  40.428  11.243 0.0000000000
87681  -53.744  40.998  11.496 0.0000000000
88376  -52.565  41.111  11.142 0.0000000000
119199  -51.684  41.044  10.876 0.0000000000
103342  -52.152  40.522  10.540 0.0000000000
87069  -51.691  39.909  10.055 0.0000000000
86432  -51.802  38.265  9.628 0.0000000000
85737  -51.145  37.383  9.430 0.0000000000
85738  -52.388  37.398  9.784 0.0000000000
120640  -52.880  36.723  10.066 0.0000000000
85037  -53.595  35.855  10.476 0.0000000000
82916  -54.035  33.902  8.618 0.0000000000
82917  -54.092  33.350  9.351 0.0000000000
82143  -54.206  32.710  9.933 0.0000000000
104025  -54.447  31.919  10.473 0.0000000000
81433  -54.366  31.719  9.447 0.0000000000
114556  -55.123  30.435  8.356 0.0000000000
80723  -54.913  30.558  7.214 0.0000000000
108953  -55.059  30.484  5.937 0.0000000000
81460  -52.864  31.400  4.747 0.0000000000
81461  -53.712  31.254  4.701 0.0000000000
81454  -52.144  31.227  5.805 0.0000000000
80721  -51.504  30.475  7.296 0.0000000000
81446  -50.789  31.194  7.543 0.0000000000
83691  -48.825  34.515  0.065 0.0000000000
112967  -50.216  34.470  0.921 0.0000000000
104310  -49.434  34.453  0.952 0.0000000000
83679  -49.133  34.483  2.168 0.0000000000
83670  -49.029  34.712  3.468 0.0000000000
83639  -46.322  34.629  7.459 0.0000000000
83647  -47.501  34.782  6.664 0.0000000000
83640  -47.104  34.455  7.319 0.0000000000
82921  -47.456  33.753  7.769 0.0000000000
82915  -48.072  33.161  8.065 0.0000000000
120457  -48.393  32.557  8.227 0.0000000000
82150  -47.757  32.569  8.338 0.0000000000
81439  -47.413  31.893  8.457 0.0000000000
80709  -45.795  30.847  8.708 0.0000000000
79942  -52.744  29.160  14.078 0.0000000000
89772  -51.542  43.621  3.106 0.0000000000
89093  -51.510  42.809  3.086 0.0000000000
89103  -51.070  42.467  2.600 0.0000000000
89111  -51.118  42.529  1.537 0.0000000000
114188  -48.184  40.804  2.809 0.0000000000
87761  -47.530  40.099  2.869 0.0000000000
87143  -47.123  39.218  2.580 0.0000000000
87780  -47.661  40.719  -0.147 0.0000000000
87779  -46.995  40.147  -0.114 0.0000000000
82043  -50.014  32.862  21.571 0.0000000000
119674  -49.975  33.667  21.139 0.0000000000
83510  -49.835  34.329  19.619 0.0000000000
83489  -50.866  34.391  21.663 0.0000000000
83511  -50.315  34.885  19.814 0.0000000000
109985  -50.308  34.693  19.217 0.0000000000
83528  -50.784  34.743  18.654 0.0000000000
83537  -51.655  34.691  18.199 0.0000000000
83538  -53.004  34.636  17.916 0.0000000000
90819  -43.709  45.639  11.111 0.0000000000
115088  -44.073  45.033  10.627 0.0000000000
109874  -42.705  44.215  10.209 0.0000000000
91419  -46.981  46.936  4.631 0.0000000000
93646  -51.470  50.561  3.767 0.0000000000
109907  -52.140  50.370  3.619 0.0000000000
93647  -52.723  50.073  3.552 0.0000000000
93636  -52.016  50.543  3.642 0.0000000000
94107  -51.802  51.055  3.881 0.0000000000
83579  -50.315  35.068  13.711 0.0000000000
82105  -50.673  32.566  12.705 0.0000000000
82110  -50.729  32.600  11.877 0.0000000000
89584  -49.473  44.109  18.023 0.0000000000
88953  -51.103  43.892  17.615 0.0000000000
89044  -54.444  42.726  8.439 0.0000000000
89045  -55.048  42.937  8.700 0.0000000000
88401  -54.341  41.587  8.268 0.0000000000
123178  -55.433  41.470  8.662 0.0000000000
87715  -55.331  40.924  8.411 0.0000000000
87115  -54.821  39.401  6.645 0.0000000000
87726  -55.307  40.145  7.811 0.0000000000
104312  -55.591  40.307  8.769 0.0000000000
87085  -55.563  39.508  9.666 0.0000000000
86434  -55.352  38.670  10.119 0.0000000000
85741  -55.519  37.798  9.847 0.0000000000
85740  -55.062  37.299  10.479 0.0000000000
85750  -55.734  37.440  9.099 0.0000000000
85057  -55.444  36.690  8.814 0.0000000000
84347  -55.040  35.847  8.819 0.0000000000
84360  -54.469  36.193  7.333 0.0000000000
83642  -54.536  35.495  7.984 0.0000000000
83628  -53.879  34.471  7.661 0.0000000000
82182  -53.557  32.484  3.876 0.0000000000
82948  -53.553  33.156  3.544 0.0000000000
82172  -51.294  32.509  5.114 0.0000000000
84403  -46.924  35.352  2.956 0.0000000000
84380  -46.445  35.543  5.319 0.0000000000
84369  -46.191  35.452  6.179 0.0000000000
84358  -45.826  35.225  6.958 0.0000000000
83627  -46.011  34.127  8.056 0.0000000000
82912  -45.672  33.483  8.538 0.0000000000
89701  -49.401  43.515  9.608 0.0000000000
89686  -49.610  43.383  10.410 0.0000000000
89702  -50.162  43.805  9.827 0.0000000000
90296  -50.657  44.345  9.198 0.0000000000
90297  -51.748  44.939  9.310 0.0000000000
90837  -51.843  45.312  7.410 0.0000000000
121371  -52.133  45.425  7.971 0.0000000000
90298  -52.782  45.493  8.950 0.0000000000
90839  -53.598  45.497  8.430 0.0000000000
89734  -54.044  44.661  7.788 0.0000000000
89059  -53.852  43.603  7.967 0.0000000000
89756  -51.415  43.366  5.460 0.0000000000
111231  -51.638  42.869  5.987 0.0000000000
89066  -51.939  42.720  6.670 0.0000000000
89057  -52.410  42.440  7.363 0.0000000000
118497  -52.990  42.163  7.810 0.0000000000
88409  -53.476  41.469  8.018 0.0000000000
87098  -52.182  39.866  7.146 0.0000000000
87123  -50.243  39.273  6.003 0.0000000000
86452  -51.132  38.923  6.276 0.0000000000
86453  -52.241  38.783  6.205 0.0000000000
86478  -52.401  38.135  4.787 0.0000000000
105077  -52.500  37.803  4.196 0.0000000000
85795  -52.336  37.027  3.077 0.0000000000
85107  -52.311  36.046  2.196 0.0000000000
85095  -51.915  36.497  2.490 0.0000000000
85106  -51.228  35.910  1.889 0.0000000000
107584  -50.293  35.096  0.446 0.0000000000
85807  -49.404  36.714  2.637 0.0000000000
112735  -49.281  35.382  0.431 0.0000000000
84423  -49.709  35.033  0.042 0.0000000000
83700  -48.114  34.628  -0.398 0.0000000000
83690  -47.208  34.463  0.187 0.0000000000
84421  -46.223  34.656  0.434 0.0000000000
85804  -46.645  37.623  1.355 0.0000000000
85817  -46.972  36.602  0.996 0.0000000000
86509  -45.791  37.595  0.023 0.0000000000
85825  -45.861  36.548  -0.055 0.0000000000
85127  -46.290  35.496  -0.339 0.0000000000
82773  -48.942  33.102  19.790 0.0000000000
82791  -48.929  33.074  18.889 0.0000000000
82079  -48.984  32.028  17.611 0.0000000000
82816  -50.279  32.781  17.705 0.0000000000
82080  -49.960  32.101  17.422 0.0000000000
80638  -50.302  30.438  17.052 0.0000000000
79920  -51.801  29.511  15.889 0.0000000000
104460  -51.909  29.348  14.500 0.0000000000
79929  -52.551  29.271  15.212 0.0000000000
115555  -53.728  28.870  14.003 0.0000000000
79218  -54.388  28.729  13.401 0.0000000000
79198  -54.570  29.186  15.860 0.0000000000
113066  -54.702  28.715  14.386 0.0000000000
79219  -55.519  28.569  13.806 0.0000000000
79235  -56.333  28.572  13.236 0.0000000000
79236  -56.877  28.772  12.489 0.0000000000
90249  -40.813  44.112  13.885 0.0000000000
90263  -41.482  44.629  13.117 0.0000000000
89644  -42.673  43.548  14.472 0.0000000000
106114  -43.067  43.456  15.535 0.0000000000
101767  -45.282  43.304  14.109 0.0000000000
88976  -45.729  42.484  13.455 0.0000000000
88986  -44.956  42.334  12.769 0.0000000000
88340  -45.634  41.818  12.715 0.0000000000
88333  -46.216  41.949  13.139 0.0000000000
88353  -46.931  41.693  11.710 0.0000000000
88996  -47.750  42.072  11.397 0.0000000000
89028  -48.142  42.649  9.817 0.0000000000
89698  -41.880  43.155  9.672 0.0000000000
89038  -42.399  42.494  9.458 0.0000000000
89040  -44.255  42.109  8.518 0.0000000000
88400  -44.675  41.657  9.111 0.0000000000
89730  -45.131  43.255  7.257 0.0000000000
89056  -45.653  42.684  7.801 0.0000000000
89025  -45.574  41.754  9.160 0.0000000000
89026  -46.451  42.034  9.328 0.0000000000
89027  -47.299  42.345  9.554 0.0000000000
89700  -48.655  43.245  9.294 0.0000000000
90307  -49.242  44.402  8.245 0.0000000000
90324  -49.239  45.070  7.611 0.0000000000
111351  -48.587  45.165  7.199 0.0000000000
90847  -49.160  45.481  7.063 0.0000000000
90848  -49.946  45.361  7.169 0.0000000000
90883  -50.277  44.973  4.242 0.0000000000
91420  -47.831  46.849  4.560 0.0000000000
91421  -48.645  46.831  4.462 0.0000000000
91422  -49.264  46.567  4.505 0.0000000000
92027  -49.952  47.779  3.629 0.0000000000
91435  -49.838  46.931  3.849 0.0000000000
91423  -49.861  46.059  4.228 0.0000000000
90356  -51.038  44.540  3.374 0.0000000000
120501  -51.627  44.237  2.915 0.0000000000
90365  -52.229  44.083  2.430 0.0000000000
89789  -52.663  43.966  1.488 0.0000000000
90902  -53.690  45.103  2.282 0.0000000000
90376  -53.091  44.413  1.472 0.0000000000
90391  -52.727  44.163  0.978 0.0000000000
90390  -52.217  44.065  0.470 0.0000000000
103218  -51.663  44.085  -0.047 0.0000000000
92061  -52.128  46.814  0.086 0.0000000000
92069  -51.268  46.993  -0.120 0.0000000000
93660  -53.176  50.460  3.224 0.0000000000
94122  -53.264  50.656  2.252 0.0000000000
93188  -53.261  50.221  1.373 0.0000000000
84940  -53.459  38.089  20.870 0.0000000000
86352  -53.520  39.273  20.302 0.0000000000
85650  -53.808  38.901  20.433 0.0000000000
84952  -52.709  37.096  19.971 0.0000000000
84969  -53.185  37.183  19.087 0.0000000000
84264  -54.029  36.398  17.753 0.0000000000
83539  -54.553  34.885  17.298 0.0000000000
84992  -51.305  36.862  16.362 0.0000000000
84993  -52.482  37.151  16.253 0.0000000000
84994  -53.958  37.124  16.363 0.0000000000
83556  -52.371  35.332  15.205 0.0000000000
84283  -53.536  36.089  15.867 0.0000000000
84274  -54.469  36.283  16.436 0.0000000000
83548  -54.778  35.322  16.518 0.0000000000
83540  -54.885  34.317  16.951 0.0000000000
82821  -54.881  33.409  17.287 0.0000000000
82084  -55.121  32.768  17.089 0.0000000000
105875  -55.082  30.924  16.864 0.0000000000
80652  -55.370  30.180  16.438 0.0000000000
80658  -55.724  30.146  15.597 0.0000000000
80659  -56.348  29.571  14.949 0.0000000000
80660  -56.852  29.367  14.286 0.0000000000
79957  -57.166  29.033  13.119 0.0000000000
79968  -57.111  29.015  12.081 0.0000000000
86406  -45.232  38.477  12.360 0.0000000000
87055  -45.792  38.811  11.813 0.0000000000
86409  -47.204  38.312  10.796 0.0000000000
89677  -49.800  43.303  11.220 0.0000000000
108719  -50.759  43.798  13.610 0.0000000000
90272  -52.578  44.643  12.628 0.0000000000
89672  -51.622  44.283  13.109 0.0000000000
89652  -51.363  44.251  14.657 0.0000000000
90250  -51.890  44.477  15.733 0.0000000000
89604  -52.101  44.124  16.934 0.0000000000
88965  -51.833  43.277  16.288 0.0000000000
89703  -55.417  43.678  9.349 0.0000000000
89001  -55.518  43.159  10.997 0.0000000000
89674  -54.907  44.009  12.978 0.0000000000
88358  -55.141  41.842  12.117 0.0000000000
88994  -55.044  43.014  12.741 0.0000000000
89664  -54.302  43.886  14.103 0.0000000000
88983  -53.252  43.336  14.498 0.0000000000
88973  -52.230  43.141  15.436 0.0000000000
88964  -50.859  42.499  15.859 0.0000000000
88330  -49.733  41.605  14.540 0.0000000000
122775  -49.805  41.448  13.552 0.0000000000
87672  -49.029  40.793  12.220 0.0000000000
87680  -50.062  41.040  11.178 0.0000000000
87679  -49.276  40.720  11.392 0.0000000000
87678  -48.523  40.420  11.658 0.0000000000
87058  -48.053  39.927  11.174 0.0000000000
86420  -47.709  38.835  10.550 0.0000000000
85716  -47.582  37.441  10.866 0.0000000000
85717  -48.143  37.305  10.505 0.0000000000
85036  -49.241  36.250  10.094 0.0000000000
84326  -49.347  35.469  10.541 0.0000000000
85047  -50.790  36.416  9.452 0.0000000000
84338  -50.370  35.635  9.643 0.0000000000
84327  -49.927  34.992  9.975 0.0000000000
82890  -50.854  33.542  10.682 0.0000000000
82879  -51.348  32.979  11.206 0.0000000000
85050  -54.663  36.670  10.495 0.0000000000
85038  -54.140  36.116  10.524 0.0000000000
84330  -53.760  35.484  10.513 0.0000000000
83616  -54.470  34.989  9.959 0.0000000000
83606  -53.969  34.955  10.525 0.0000000000
83605  -53.408  34.720  10.610 0.0000000000
82892  -53.042  33.912  11.013 0.0000000000
82881  -53.331  33.137  11.251 0.0000000000
82122  -52.793  32.519  11.613 0.0000000000
81418  -54.090  31.774  11.697 0.0000000000
116688  -54.647  31.175  11.914 0.0000000000
81426  -55.002  31.023  10.890 0.0000000000
81420  -55.181  30.832  11.664 0.0000000000
119154  -57.073  28.936  10.404 0.0000000000
79984  -57.055  28.549  9.651 0.0000000000
80006  -56.858  28.273  7.960 0.0000000000
79305  -56.598  27.975  7.293 0.0000000000
80716  -55.749  29.802  7.786 0.0000000000
106648  -56.108  28.427  6.717 0.0000000000
106107  -55.609  28.492  6.433 0.0000000000
107519  -54.933  28.566  6.261 0.0000000000
81457  -54.663  30.858  5.416 0.0000000000
80735  -54.398  30.572  5.245 0.0000000000
80734  -53.796  30.733  5.072 0.0000000000
80015  -54.691  30.002  5.510 0.0000000000
119314  -52.818  28.315  7.070 0.0000000000
78586  -51.895  27.760  7.323 0.0000000000
84414  -52.059  35.143  1.770 0.0000000000
83682  -52.145  34.171  1.525 0.0000000000
82961  -52.256  33.568  1.787 0.0000000000
83681  -50.890  34.097  1.388 0.0000000000
82960  -51.566  33.608  1.946 0.0000000000
82952  -51.239  33.379  2.946 0.0000000000
82946  -50.937  33.303  3.947 0.0000000000
82939  -50.724  33.212  4.909 0.0000000000
82931  -50.408  33.033  5.839 0.0000000000
84392  -47.606  35.390  4.011 0.0000000000
83656  -48.701  34.681  5.534 0.0000000000
83657  -49.485  34.309  5.114 0.0000000000
81445  -49.838  31.695  7.909 0.0000000000
81441  -49.296  31.358  8.294 0.0000000000
81440  -48.571  31.352  8.386 0.0000000000
80713  -49.038  30.709  8.369 0.0000000000
79205  -55.128  28.895  15.316 0.0000000000
79207  -56.555  28.959  14.861 0.0000000000
79266  -57.012  28.568  10.460 0.0000000000
79320  -54.621  27.816  6.436 0.0000000000
79911  -52.115  29.753  16.544 0.0000000000
79922  -55.151  29.586  16.292 0.0000000000
79944  -57.116  29.048  14.011 0.0000000000
79975  -57.125  28.982  11.133 0.0000000000
80642  -54.786  30.949  17.567 0.0000000000
80645  -52.531  30.090  17.016 0.0000000000
80680  -56.368  30.208  13.018 0.0000000000
80681  -56.901  29.550  12.600 0.0000000000
81375  -50.668  31.191  17.325 0.0000000000
81379  -54.920  31.747  17.453 0.0000000000
81381  -55.150  31.798  17.016 0.0000000000
81384  -52.960  31.445  14.656 0.0000000000
81400  -51.611  31.774  13.421 0.0000000000
81409  -53.108  31.142  12.866 0.0000000000
82089  -54.888  32.442  16.579 0.0000000000
82106  -51.015  32.318  13.365 0.0000000000
82142  -45.566  32.185  9.038 0.0000000000
82147  -45.258  32.807  8.942 0.0000000000
82149  -47.006  32.599  8.441 0.0000000000
82820  -54.318  33.175  17.745 0.0000000000
82841  -54.720  33.418  16.318 0.0000000000
82868  -50.131  33.180  12.379 0.0000000000
82878  -50.098  33.209  11.651 0.0000000000
82880  -52.452  33.075  11.298 0.0000000000
82954  -52.838  33.215  2.210 0.0000000000
83557  -53.785  35.214  15.738 0.0000000000
83558  -54.215  34.369  15.880 0.0000000000
83601  -49.650  34.569  10.677 0.0000000000
83602  -50.348  34.234  10.282 0.0000000000
83688  -46.186  34.664  -0.291 0.0000000000
83692  -49.746  34.688  0.332 0.0000000000
83698  -46.695  34.653  -0.567 0.0000000000
83699  -47.288  34.552  -0.540 0.0000000000
83701  -49.079  34.838  -0.152 0.0000000000
83712  -47.126  34.650  -0.681 0.0000000000
84254  -54.019  37.288  18.180 0.0000000000
84294  -51.434  35.666  14.957 0.0000000000
84337  -49.701  35.701  9.898 0.0000000000
84372  -53.981  36.217  6.473 0.0000000000
84413  -51.381  35.303  1.360 0.0000000000
84433  -47.317  34.807  -0.715 0.0000000000
84434  -48.139  34.788  -0.494 0.0000000000
84938  -49.167  36.927  20.066 0.0000000000
84951  -49.264  36.857  19.271 0.0000000000
84953  -53.791  38.223  19.834 0.0000000000
84968  -50.413  37.208  18.036 0.0000000000
84971  -54.472  37.951  17.882 0.0000000000
84983  -51.953  37.530  16.879 0.0000000000
84985  -54.518  37.697  17.286 0.0000000000
85025  -46.793  36.903  11.693 0.0000000000
85027  -48.157  36.659  11.035 0.0000000000
85028  -48.801  36.139  10.829 0.0000000000
85035  -48.642  36.831  10.302 0.0000000000
85114  -46.500  36.027  0.003 0.0000000000
85116  -48.397  35.601  0.508 0.0000000000
85117  -49.965  35.419  0.820 0.0000000000
85118  -50.749  35.355  1.060 0.0000000000
85125  -45.059  36.399  0.181 0.0000000000
85651  -53.960  39.118  19.750 0.0000000000
85663  -54.079  38.822  19.389 0.0000000000
85672  -54.130  38.540  18.492 0.0000000000
85685  -52.735  38.171  17.514 0.0000000000
85686  -53.926  38.344  17.563 0.0000000000
85726  -47.878  38.023  10.416 0.0000000000
85758  -55.220  38.227  7.235 0.0000000000
85781  -50.893  37.570  4.128 0.0000000000
85782  -51.967  37.440  3.823 0.0000000000
86342  -52.549  39.008  21.618 0.0000000000
86343  -53.285  39.101  21.142 0.0000000000
86360  -52.841  39.308  19.897 0.0000000000
86361  -53.643  39.225  19.479 0.0000000000
86367  -53.783  39.059  18.794 0.0000000000
86368  -54.045  38.735  18.306 0.0000000000
86408  -46.512  38.596  11.228 0.0000000000
86421  -48.302  38.557  10.145 0.0000000000
86431  -50.847  38.264  9.453 0.0000000000
86435  -55.637  38.690  9.322 0.0000000000
86467  -54.216  38.420  5.340 0.0000000000
86487  -48.128  38.166  3.888 0.0000000000
86508  -45.374  37.975  0.102 0.0000000000
87049  -45.475  39.131  12.731 0.0000000000
87056  -46.613  39.284  11.601 0.0000000000
87057  -47.377  39.616  11.448 0.0000000000
87065  -47.695  39.388  10.877 0.0000000000
87072  -54.953  39.690  10.829 0.0000000000
87073  -55.394  39.791  10.367 0.0000000000
87080  -48.841  38.940  9.874 0.0000000000
87081  -50.089  39.482  9.795 0.0000000000
87082  -51.076  39.137  9.654 0.0000000000
87091  -55.580  39.504  8.560 0.0000000000
87114  -54.049  39.379  6.442 0.0000000000
87128  -47.795  39.997  4.004 0.0000000000
87665  -48.225  40.630  13.356 0.0000000000
87666  -48.802  40.816  12.950 0.0000000000
87670  -47.603  40.294  12.818 0.0000000000
87693  -49.584  40.466  10.693 0.0000000000
87694  -50.381  40.618  10.554 0.0000000000
87696  -53.166  40.401  10.880 0.0000000000
87697  -54.336  40.154  11.146 0.0000000000
87707  -55.606  40.332  9.734 0.0000000000
87714  -55.085  41.739  8.500 0.0000000000
88319  -48.250  42.271  17.040 0.0000000000
88326  -50.122  42.035  15.412 0.0000000000
88328  -47.868  41.183  15.161 0.0000000000
88331  -50.629  42.127  14.895 0.0000000000
88335  -49.453  41.172  12.860 0.0000000000
88336  -50.544  41.852  13.928 0.0000000000
88337  -51.422  42.226  13.484 0.0000000000
88339  -44.968  41.711  12.186 0.0000000000
88341  -46.354  41.667  12.360 0.0000000000
88345  -54.711  42.379  12.582 0.0000000000
88352  -46.144  41.500  11.480 0.0000000000
88357  -54.365  41.639  12.150 0.0000000000
88370  -43.223  41.952  10.830 0.0000000000
88373  -46.304  41.559  10.611 0.0000000000
88375  -50.901  41.182  10.990 0.0000000000
88377  -55.601  41.170  10.744 0.0000000000
88388  -43.128  41.785  10.243 0.0000000000
88398  -43.418  41.748  9.552 0.0000000000
88399  -43.934  41.735  9.150 0.0000000000
88410  -54.948  40.755  8.009 0.0000000000
88429  -50.665  41.843  4.553 0.0000000000
88934  -49.510  43.871  18.174 0.0000000000
88935  -50.459  43.957  17.998 0.0000000000
88952  -50.109  43.340  17.565 0.0000000000
88954  -51.714  43.768  17.079 0.0000000000
88972  -51.391  42.604  15.388 0.0000000000
88974  -53.227  43.720  15.435 0.0000000000
88979  -48.324  42.571  13.630 0.0000000000
88982  -52.360  42.883  14.455 0.0000000000
88988  -47.351  41.911  12.330 0.0000000000
88992  -53.328  42.541  12.926 0.0000000000
88993  -54.475  43.058  13.304 0.0000000000
89008  -43.242  42.440  10.851 0.0000000000
89010  -47.569  42.172  10.406 0.0000000000
89011  -49.122  42.893  10.941 0.0000000000
89029  -55.594  42.684  9.474 0.0000000000
89039  -43.293  42.137  8.909 0.0000000000
89041  -45.159  42.119  8.425 0.0000000000
89042  -46.056  42.298  8.528 0.0000000000
89043  -46.948  42.578  8.753 0.0000000000
89046  -55.347  43.092  8.997 0.0000000000
89058  -53.126  43.130  7.552 0.0000000000
89120  -50.702  42.457  0.006 0.0000000000
89130  -50.865  42.862  -0.286 0.0000000000
89585  -50.252  44.035  18.037 0.0000000000
89586  -51.004  44.105  17.653 0.0000000000
89603  -51.728  44.094  17.261 0.0000000000
89620  -39.992  43.485  15.612 0.0000000000
89630  -52.278  43.966  16.828 0.0000000000
89631  -52.582  44.087  16.467 0.0000000000
89642  -40.324  43.766  14.668 0.0000000000
89650  -49.770  43.628  14.970 0.0000000000
89651  -50.810  44.158  15.287 0.0000000000
89653  -53.271  44.091  15.583 0.0000000000
89661  -49.790  43.310  13.884 0.0000000000
89662  -51.800  44.365  14.052 0.0000000000
89663  -53.860  43.913  14.897 0.0000000000
89665  -54.547  44.149  13.608 0.0000000000
89669  -44.406  42.025  12.092 0.0000000000
89673  -54.644  43.679  13.414 0.0000000000
89680  -55.246  43.651  12.068 0.0000000000
89683  -42.519  42.652  10.269 0.0000000000
89687  -51.250  44.212  11.016 0.0000000000
89688  -55.182  44.319  11.110 0.0000000000
89689  -55.402  44.058  10.101 0.0000000000
89711  -41.954  43.140  8.936 0.0000000000
89712  -42.771  42.802  8.459 0.0000000000
90218  -50.335  44.261  17.625 0.0000000000
90223  -51.669  44.204  17.172 0.0000000000
90233  -50.350  44.367  16.842 0.0000000000
90234  -51.160  44.412  16.326 0.0000000000
90252  -53.397  44.412  15.064 0.0000000000
90273  -53.673  44.859  13.240 0.0000000000
90274  -54.443  44.661  13.121 0.0000000000
90280  -54.278  45.027  12.071 0.0000000000
90295  -49.898  43.924  9.200 0.0000000000
90300  -55.092  44.705  9.231 0.0000000000
90310  -53.420  45.387  7.766 0.0000000000
90311  -54.024  45.208  7.938 0.0000000000
90336  -44.934  44.622  6.480 0.0000000000
90367  -53.624  44.812  1.774 0.0000000000
90403  -52.588  45.176  0.356 0.0000000000
90829  -52.139  45.335  8.522 0.0000000000
90838  -52.829  45.541  8.154 0.0000000000
90903  -54.087  45.287  2.051 0.0000000000
90935  -51.910  45.441  -0.141 0.0000000000
91437  -51.335  45.963  3.094 0.0000000000
91440  -54.134  46.801  3.059 0.0000000000
91455  -54.289  46.670  2.582 0.0000000000
91469  -54.214  45.940  1.934 0.0000000000
91470  -54.197  46.779  1.824 0.0000000000
92032  -54.306  47.384  3.160 0.0000000000
92652  -52.726  48.261  3.562 0.0000000000
92665  -54.393  48.097  3.108 0.0000000000
93168  -52.729  49.719  3.612 0.0000000000
93635  -51.439  51.060  4.059 0.0000000000
93648  -53.352  49.900  3.420 0.0000000000
93671  -53.573  50.090  2.609 0.0000000000
101672  -53.650  42.443  8.132 0.0000000000
102442  -54.038  35.572  17.648 0.0000000000
102746  -48.372  42.545  10.695 0.0000000000
104853  -45.703  41.555  12.066 0.0000000000
105826  -55.712  41.157  8.995 0.0000000000
107191  -47.662  40.485  1.766 0.0000000000
109014  -54.596  30.447  17.352 0.0000000000
109342  -52.812  36.347  18.509 0.0000000000
110071  -55.774  29.655  15.787 0.0000000000
110454  -52.973  33.684  2.181 0.0000000000
110876  -55.136  39.661  7.156 0.0000000000
112447  -50.208  36.990  9.417 0.0000000000
113302  -55.591  43.181  10.009 0.0000000000
113305  -46.597  40.650  14.964 0.0000000000
113514  -47.388  47.379  4.323 0.0000000000
113651  -46.297  45.430  5.914 0.0000000000
114358  -50.997  43.191  16.852 0.0000000000
115966  -49.483  34.328  11.358 0.0000000000
116511  -51.282  42.812  4.672 0.0000000000
116811  -49.542  33.426  18.615 0.0000000000
116908  -56.937  28.934  14.346 0.0000000000
116973  -44.098  43.541  12.928 0.0000000000
117475  -52.025  44.327  16.643 0.0000000000
118399  -48.578  42.523  12.767 0.0000000000
118726  -54.098  44.788  13.537 0.0000000000
119113  -55.022  38.095  10.464 0.0000000000
119155  -54.626  35.103  16.054 0.0000000000
119529  -54.629  33.956  17.404 0.0000000000
120144  -48.025  34.445  -0.043 0.0000000000
120324  -54.428  36.892  6.739 0.0000000000
120673  -52.584  44.543  0.598 0.0000000000
120743  -47.926  40.403  3.468 0.0000000000
121283  -54.120  47.560  1.804 0.0000000000
121581  -43.879  43.619  7.263 0.0000000000
121675  -48.710  38.371  9.875 0.0000000000
121691  -49.479  39.057  9.689 0.0000000000
122019  -51.884  47.465  0.180 0.0000000000
122138  -51.827  43.587  0.271 0.0000000000
122194  -54.305  37.059  10.555 0.0000000000
122980  -52.634  45.273  9.801 0.0000000000
123174  -50.725  45.256  6.785 0.0000000000
