#!ascii label  , from subject sub-2001 vox2ras=TkReg
1169
56569  -19.937  0.230  -26.107 0.5555555820
105446  -20.555  0.344  -26.508 0.6666666865
57376  -21.335  1.069  -27.180 0.7777777910
57377  -22.311  0.918  -27.166 0.7777777910
58935  -21.578  2.477  -27.443 0.8888888955
112343  -24.476  2.493  -27.326 0.8888888955
56562  -18.527  -0.340  -25.096 0.5555555820
110854  -19.347  0.406  -25.853 0.5555555820
58140  -20.307  1.330  -26.660 0.6666666865
58152  -22.999  1.573  -27.385 0.8888888955
58936  -22.637  2.368  -27.598 0.8888888955
59806  -23.547  3.716  -28.216 1.0000000000
58939  -26.178  3.184  -26.900 0.8888888955
60630  -26.072  4.273  -27.320 1.0000000000
118059  -18.963  1.940  -25.725 0.7777777910
58933  -20.491  2.372  -26.885 1.0000000000
60626  -20.508  4.101  -27.122 1.0000000000
58955  -21.623  3.338  -27.580 1.0000000000
115879  -22.639  4.440  -28.414 1.0000000000
59794  -21.098  3.755  -27.456 1.0000000000
101405  -23.717  4.712  -28.563 1.0000000000
110632  -22.332  5.170  -28.498 1.0000000000
101197  -23.238  5.009  -28.612 1.0000000000
101653  -24.352  5.138  -28.595 1.0000000000
61474  -25.732  5.050  -27.803 1.0000000000
101332  -23.767  5.500  -28.828 1.0000000000
101057  -24.360  5.770  -28.868 1.0000000000
62284  -26.285  6.190  -27.893 1.0000000000
62300  -25.651  6.455  -28.543 1.0000000000
63073  -26.500  6.813  -28.016 0.7777777910
60625  -19.869  4.571  -26.651 0.8888888955
60627  -21.008  4.610  -27.517 1.0000000000
61486  -22.898  5.630  -28.811 1.0000000000
121136  -21.210  5.060  -27.681 1.0000000000
103217  -22.161  5.813  -28.634 1.0000000000
62310  -23.706  6.435  -29.352 1.0000000000
62312  -24.627  6.887  -29.426 1.0000000000
63088  -25.240  7.102  -29.320 1.0000000000
63089  -26.000  7.440  -28.715 1.0000000000
63074  -27.473  7.892  -27.731 0.8888888955
63090  -26.699  8.085  -28.449 1.0000000000
63075  -28.434  8.064  -27.281 0.7777777910
63858  -29.342  8.252  -27.114 0.7777777910
62283  -19.928  6.735  -26.939 0.5555555820
104981  -20.600  7.915  -28.009 0.7777777910
63085  -20.939  7.167  -28.230 0.8888888955
63087  -22.478  7.269  -29.309 1.0000000000
62309  -22.933  6.329  -29.145 1.0000000000
63086  -21.858  7.333  -29.127 0.8888888955
118935  -23.897  7.581  -29.713 1.0000000000
113637  -26.066  8.238  -29.019 1.0000000000
63868  -27.277  8.589  -28.257 0.8888888955
63867  -26.619  8.908  -28.906 1.0000000000
64731  -27.522  9.391  -28.327 0.8888888955
64720  -28.850  9.693  -27.370 0.7777777910
64722  -30.540  9.247  -27.371 0.6666666865
107166  -30.896  10.090  -27.489 0.6666666865
63854  -19.704  8.481  -27.090 0.4444444478
63072  -20.323  7.621  -27.499 0.7777777910
64718  -20.378  9.342  -28.092 0.6666666865
101082  -21.345  9.070  -29.088 0.7777777910
105865  -21.215  8.480  -28.939 0.8888888955
63881  -22.964  8.534  -29.747 0.8888888955
63109  -24.517  8.009  -30.036 1.0000000000
64750  -23.750  9.386  -30.347 1.0000000000
63894  -25.129  9.024  -30.410 1.0000000000
64742  -26.185  9.495  -29.648 1.0000000000
107664  -26.343  10.321  -29.544 0.8888888955
65563  -27.400  10.341  -28.495 0.7777777910
65554  -28.780  10.595  -27.352 0.7777777910
107168  -31.536  10.148  -28.315 0.5555555820
66363  -29.598  11.089  -26.996 0.7777777910
65564  -31.130  10.914  -27.768 0.6666666865
65552  -20.225  10.190  -28.070 0.6666666865
64717  -19.852  9.362  -27.518 0.6666666865
64729  -21.321  9.797  -29.067 0.7777777910
65560  -20.878  10.478  -28.801 0.7777777910
65570  -22.299  10.056  -29.788 0.8888888955
64749  -22.947  9.739  -30.163 0.8888888955
104775  -23.422  10.143  -30.394 1.0000000000
65582  -24.559  10.486  -30.638 1.0000000000
65571  -25.404  10.791  -30.467 1.0000000000
106684  -25.797  10.107  -30.157 0.8888888955
65562  -26.495  11.073  -29.362 0.8888888955
66362  -27.917  11.082  -28.000 0.8888888955
66382  -26.061  11.674  -29.761 0.8888888955
106748  -27.382  11.880  -28.442 0.7777777910
113311  -28.573  12.111  -27.092 0.7777777910
66364  -30.491  11.656  -27.253 0.7777777910
66372  -31.319  11.744  -28.079 0.6666666865
66360  -19.690  11.087  -27.741 0.6666666865
65551  -19.449  10.203  -27.241 0.5555555820
65569  -21.898  10.940  -29.715 0.8888888955
65580  -22.802  10.675  -30.230 0.8888888955
117638  -23.116  11.408  -30.433 1.0000000000
65581  -23.728  10.859  -30.577 1.0000000000
66381  -25.514  11.505  -30.342 1.0000000000
65572  -25.928  10.906  -29.995 0.8888888955
67186  -28.120  12.707  -27.255 0.7777777910
67907  -28.533  13.494  -27.058 0.7777777910
67172  -30.076  12.581  -26.962 0.6666666865
117446  -31.510  13.131  -28.754 0.5555555820
67187  -31.448  12.514  -28.473 0.5555555820
66361  -20.394  11.232  -28.491 0.7777777910
66368  -19.878  12.028  -28.199 0.6666666865
66369  -21.112  11.399  -29.185 0.8888888955
102837  -22.954  12.146  -30.469 1.0000000000
67207  -24.091  12.272  -30.782 1.0000000000
114218  -25.011  12.658  -30.485 0.8888888955
67197  -26.137  12.477  -29.443 0.8888888955
122953  -25.924  13.739  -29.248 0.8888888955
67184  -26.823  12.560  -28.764 0.8888888955
67924  -27.618  13.469  -27.672 0.7777777910
111578  -29.115  14.216  -27.144 0.7777777910
68627  -30.193  14.109  -27.283 0.7777777910
67925  -31.206  13.215  -28.081 0.5555555820
123151  -27.513  14.708  -28.029 0.7777777910
110206  -30.703  14.891  -27.584 0.5555555820
68641  -31.441  13.885  -28.624 0.5555555820
117414  -29.695  14.901  -27.251 0.6666666865
67169  -18.741  12.737  -27.265 0.4444444478
67183  -20.653  13.068  -29.116 0.7777777910
67195  -22.256  12.552  -30.078 1.0000000000
66378  -21.071  12.352  -29.289 0.8888888955
67206  -22.895  13.046  -30.521 1.0000000000
111410  -23.685  13.010  -30.680 0.8888888955
67949  -24.677  13.512  -30.382 0.8888888955
67938  -25.509  13.318  -29.780 0.8888888955
68655  -25.743  14.372  -29.399 0.8888888955
68637  -26.334  13.970  -28.795 0.8888888955
112110  -28.669  14.987  -27.401 0.6666666865
68628  -31.236  15.428  -28.193 0.5555555820
68651  -20.323  15.414  -29.327 0.6666666865
67921  -20.209  13.829  -28.910 0.6666666865
68653  -21.642  14.833  -29.927 0.7777777910
68668  -23.515  14.556  -30.544 0.8888888955
68666  -22.569  14.790  -30.369 0.7777777910
68669  -24.308  14.372  -30.414 0.8888888955
69465  -24.722  15.536  -30.013 0.7777777910
68670  -25.019  14.265  -29.996 0.8888888955
106210  -25.374  15.766  -29.614 0.7777777910
69466  -25.898  15.276  -29.301 0.7777777910
109725  -27.091  15.051  -28.324 0.6666666865
70318  -25.438  16.492  -29.426 0.6666666865
70295  -27.782  16.533  -27.758 0.6666666865
69445  -27.238  15.823  -28.197 0.6666666865
69446  -28.227  15.749  -27.588 0.5555555820
71142  -27.443  17.350  -27.940 0.6666666865
105915  -28.331  17.214  -27.532 0.5555555820
111360  -30.246  16.990  -27.440 0.5555555820
70298  -31.048  16.114  -27.903 0.4444444478
71132  -29.892  17.747  -27.456 0.5555555820
70313  -19.672  16.994  -28.926 0.3333333433
70302  -19.343  16.570  -28.545 0.3333333433
69463  -20.380  16.178  -29.438 0.5555555820
69464  -21.047  15.630  -29.700 0.6666666865
119031  -21.234  16.674  -29.660 0.5555555820
121280  -22.775  15.865  -30.310 0.7777777910
101949  -23.864  16.790  -29.877 0.6666666865
70317  -24.127  15.979  -30.103 0.6666666865
70327  -23.268  16.083  -30.239 0.6666666865
105533  -24.743  16.250  -29.792 0.6666666865
70304  -25.444  17.173  -29.274 0.6666666865
71141  -26.661  17.516  -28.483 0.6666666865
113779  -27.210  18.154  -28.144 0.6666666865
71131  -28.926  17.878  -27.431 0.5555555820
72844  -29.985  19.241  -27.736 0.5555555820
72005  -28.620  18.651  -27.561 0.6666666865
71149  -19.781  17.569  -28.826 0.4444444478
71139  -19.341  17.361  -28.498 0.4444444478
72027  -20.159  17.912  -28.932 0.5555555820
70325  -20.927  17.013  -29.533 0.5555555820
70326  -21.565  16.959  -29.671 0.6666666865
70316  -22.816  16.936  -29.869 0.6666666865
71140  -25.801  17.818  -28.900 0.6666666865
72004  -27.708  18.895  -27.880 0.6666666865
72843  -29.266  19.789  -27.752 0.5555555820
106905  -29.187  19.134  -27.598 0.6666666865
72012  -19.944  18.477  -28.632 0.4444444478
72029  -21.788  18.126  -29.516 0.6666666865
71153  -22.294  17.647  -29.694 0.6666666865
72030  -23.513  18.346  -29.459 0.6666666865
71154  -23.147  17.620  -29.703 0.6666666865
110802  -26.989  18.791  -28.291 0.6666666865
58150  -21.026  1.688  -27.206 0.8888888955
58920  -20.095  1.959  -26.609 1.0000000000
58934  -20.925  2.854  -27.272 1.0000000000
58956  -22.503  3.257  -27.817 1.0000000000
60628  -24.401  4.344  -28.272 1.0000000000
67906  -19.069  13.685  -27.783 0.5555555820
110083  -20.537  12.194  -28.829 0.7777777910
123163  -23.481  12.462  -30.652 1.0000000000
67923  -26.903  13.356  -28.395 0.8888888955
67155  -18.183  12.712  -26.530 0.2222222239
69447  -29.197  15.659  -27.258 0.6666666865
68667  -23.034  15.362  -30.445 0.7777777910
70297  -30.550  16.262  -27.540 0.4444444478
71163  -21.088  17.545  -29.437 0.6666666865
64709  -19.099  9.297  -26.677 0.4444444478
72855  -30.523  19.683  -28.217 0.5555555820
113008  -30.701  19.046  -28.086 0.5555555820
71129  -19.021  17.114  -28.254 0.2222222239
72011  -19.654  18.108  -28.576 0.3333333433
73616  -30.290  20.395  -28.338 0.5555555820
54927  -19.783  -1.653  -25.173 0.5555555820
55786  -20.610  -1.198  -25.655 0.5555555820
56570  -20.535  -0.311  -26.106 0.6666666865
57365  -21.687  0.406  -26.873 0.5555555820
57366  -22.798  0.135  -26.552 0.5555555820
58153  -24.088  1.569  -27.043 0.7777777910
58921  -25.875  2.057  -26.624 0.8888888955
55785  -19.062  -0.938  -25.192 0.5555555820
57378  -23.362  0.882  -26.875 0.6666666865
58922  -26.511  2.483  -26.622 0.7777777910
60616  -26.872  4.075  -26.806 0.8888888955
56552  -18.092  -0.436  -24.628 0.4444444478
57355  -17.958  1.264  -24.904 0.5555555820
103453  -26.662  4.847  -27.199 1.0000000000
58907  -17.978  2.619  -24.954 0.2222222239
58919  -19.285  2.278  -25.975 0.6666666865
62286  -28.235  6.092  -26.858 0.8888888955
121475  -27.663  6.659  -27.191 0.6666666865
63076  -29.109  7.436  -26.927 0.7777777910
63077  -30.052  7.558  -27.152 0.6666666865
112650  -19.120  3.685  -25.744 0.5555555820
63859  -30.265  8.391  -27.268 0.6666666865
61466  -19.156  5.105  -26.015 0.4444444478
63869  -31.081  8.477  -27.746 0.5555555820
105220  -31.788  10.182  -29.411 0.5555555820
62275  -18.302  6.836  -25.298 0.2222222239
65565  -31.636  10.997  -28.710 0.5555555820
66373  -31.697  11.837  -29.024 0.5555555820
65540  -18.406  10.201  -25.890 0.3333333433
106603  -31.694  12.433  -30.338 0.5555555820
66359  -19.121  11.861  -27.400 0.4444444478
119497  -31.570  13.692  -30.652 0.4444444478
104837  -31.538  15.074  -29.925 0.5555555820
70307  -31.377  16.304  -28.441 0.4444444478
70292  -18.862  16.460  -28.077 0.3333333433
69456  -19.113  15.983  -28.175 0.3333333433
68634  -19.376  15.474  -28.370 0.4444444478
71133  -31.063  16.894  -27.852 0.4444444478
72018  -31.128  18.567  -28.337 0.4444444478
73617  -30.909  20.089  -28.744 0.2222222239
111109  -19.356  18.174  -28.357 0.3333333433
72013  -20.782  18.340  -29.076 0.6666666865
109154  -22.553  18.215  -29.537 0.6666666865
72031  -24.452  18.447  -29.359 0.6666666865
72032  -25.218  18.532  -29.132 0.6666666865
72850  -25.441  19.327  -28.869 0.6666666865
111352  -26.925  20.002  -28.435 0.6666666865
72853  -27.726  19.780  -28.025 0.6666666865
73602  -28.517  20.241  -27.903 0.6666666865
73615  -29.428  20.607  -28.074 0.4444444478
73623  -31.134  20.518  -29.219 0.3333333433
72014  -21.302  18.417  -29.214 0.5555555820
56563  -19.192  -0.156  -25.603 0.5555555820
103779  -21.148  -0.002  -26.535 0.6666666865
116845  -20.399  0.812  -26.598 0.6666666865
57364  -20.913  0.681  -26.861 0.7777777910
113175  -20.715  1.231  -26.916 0.7777777910
58151  -21.947  1.644  -27.447 0.8888888955
106912  -20.794  2.174  -27.123 1.0000000000
105025  -24.670  3.460  -27.678 1.0000000000
58154  -25.110  1.893  -26.766 0.8888888955
57341  -18.109  0.337  -24.908 0.5555555820
57357  -18.714  0.338  -25.474 0.5555555820
57356  -18.351  1.047  -25.316 0.6666666865
57362  -19.044  0.908  -25.791 0.6666666865
58139  -19.503  1.523  -26.126 0.8888888955
58138  -18.651  1.600  -25.573 0.5555555820
58149  -20.583  1.712  -26.894 0.8888888955
58937  -23.579  2.301  -27.539 0.8888888955
59795  -23.906  2.974  -27.756 1.0000000000
59796  -25.658  3.621  -27.306 1.0000000000
101055  -23.181  4.375  -28.502 1.0000000000
59797  -26.337  3.692  -26.988 1.0000000000
60638  -24.939  4.874  -28.244 1.0000000000
58128  -18.099  1.913  -25.124 0.5555555820
58918  -18.372  2.367  -25.345 0.6666666865
109309  -19.742  2.899  -26.396 0.8888888955
59793  -20.484  3.233  -26.957 0.8888888955
59786  -19.850  3.792  -26.551 0.8888888955
116468  -21.686  3.789  -27.714 1.0000000000
60637  -21.728  4.474  -27.962 1.0000000000
101054  -22.796  3.901  -28.315 1.0000000000
111794  -21.677  5.073  -28.095 1.0000000000
61476  -27.357  5.430  -27.004 0.8888888955
61488  -25.829  5.778  -28.072 1.0000000000
62311  -24.107  6.187  -29.211 1.0000000000
61495  -23.476  5.908  -29.073 1.0000000000
62299  -24.791  6.348  -29.029 1.0000000000
62285  -27.073  6.290  -27.362 0.8888888955
114694  -28.133  7.149  -27.124 0.7777777910
61473  -20.587  4.981  -27.288 1.0000000000
116586  -19.840  5.253  -26.723 0.5555555820
60615  -19.321  4.337  -26.076 0.6666666865
61485  -21.227  5.675  -27.874 0.8888888955
62298  -22.158  6.703  -28.881 1.0000000000
113956  -23.370  7.026  -29.436 1.0000000000
63101  -24.993  7.719  -29.861 1.0000000000
63102  -25.541  7.922  -29.579 1.0000000000
63856  -27.961  8.692  -27.802 0.8888888955
63857  -28.719  8.863  -27.378 0.7777777910
114300  -18.669  5.999  -25.677 0.5555555820
61472  -19.432  5.933  -26.490 0.5555555820
113331  -20.317  5.850  -27.176 0.7777777910
62296  -20.725  6.590  -27.722 0.7777777910
63866  -20.618  8.874  -28.355 0.6666666865
63877  -20.993  8.332  -29.086 0.8888888955
63098  -21.477  7.667  -28.803 0.8888888955
62307  -20.766  7.614  -30.115 0.8888888955
62297  -21.486  6.494  -28.398 0.8888888955
122483  -21.607  7.073  -28.708 1.0000000000
63880  -22.268  8.200  -29.461 0.8888888955
63099  -23.119  7.827  -29.613 1.0000000000
63882  -25.379  8.446  -30.115 1.0000000000
64730  -26.807  9.828  -28.979 0.8888888955
65553  -28.130  10.077  -27.912 0.8888888955
64719  -28.259  9.342  -27.790 0.7777777910
64721  -29.567  9.102  -27.161 0.7777777910
65555  -30.437  10.784  -27.235 0.6666666865
64733  -31.740  9.342  -28.942 0.5555555820
63855  -20.298  8.634  -27.790 0.5555555820
63847  -18.429  8.067  -25.836 0.3333333433
63064  -18.596  7.519  -26.036 0.3333333433
63071  -19.477  7.588  -26.674 0.4444444478
64728  -20.753  9.610  -28.572 0.6666666865
64737  -21.035  8.877  -28.773 0.7777777910
64739  -22.477  9.153  -29.689 0.8888888955
63893  -24.495  8.750  -30.341 1.0000000000
64751  -24.564  9.614  -30.506 1.0000000000
121635  -26.829  10.543  -29.001 0.7777777910
103341  -28.637  11.458  -27.255 0.7777777910
105796  -21.775  10.194  -29.461 0.8888888955
65583  -25.000  10.837  -30.684 1.0000000000
67171  -29.038  12.706  -26.748 0.7777777910
112394  -29.424  11.921  -26.860 0.7777777910
67173  -30.897  12.500  -27.672 0.6666666865
66380  -22.414  11.619  -30.137 0.8888888955
66391  -24.459  11.411  -30.754 1.0000000000
67208  -24.719  12.091  -30.737 0.8888888955
67908  -29.631  13.414  -26.944 0.6666666865
67939  -31.613  13.396  -29.298 0.5555555820
67950  -31.673  13.214  -30.055 0.5555555820
66379  -21.680  11.982  -29.691 0.8888888955
113421  -24.357  12.840  -30.658 1.0000000000
67922  -26.237  13.237  -29.041 0.8888888955
68639  -28.015  14.335  -27.569 0.8888888955
68640  -31.000  13.991  -27.778 0.6666666865
68656  -26.418  14.774  -28.789 0.8888888955
116532  -31.243  14.593  -28.160 0.5555555820
67170  -19.435  12.835  -27.968 0.5555555820
67182  -20.065  12.972  -28.618 0.5555555820
67194  -21.445  13.071  -29.570 1.0000000000
67937  -21.486  14.064  -29.731 0.7777777910
67947  -23.211  13.818  -30.599 0.8888888955
67946  -22.586  13.861  -30.415 0.7777777910
69467  -31.551  15.674  -29.091 0.5555555820
68635  -19.789  15.235  -28.853 0.5555555820
110912  -19.869  14.449  -28.760 0.5555555820
69462  -19.904  15.978  -29.144 0.4444444478
68636  -20.267  14.623  -29.127 0.6666666865
67936  -20.821  13.928  -29.282 0.7777777910
67920  -19.670  13.756  -28.432 0.7777777910
111547  -21.863  15.432  -30.050 0.7777777910
67945  -22.056  14.206  -30.179 0.7777777910
69479  -24.676  14.908  -30.160 0.7777777910
69458  -26.519  15.534  -28.772 0.6666666865
70305  -26.022  16.009  -29.196 0.6666666865
70306  -26.946  16.687  -28.355 0.6666666865
109192  -28.738  16.425  -27.386 0.5555555820
70296  -29.716  16.336  -27.281 0.5555555820
116621  -30.647  17.570  -27.662 0.4444444478
72007  -30.515  18.376  -27.745 0.5555555820
69457  -19.539  15.965  -28.672 0.4444444478
70314  -19.975  16.626  -29.253 0.5555555820
69476  -21.619  16.185  -29.886 0.6666666865
106504  -22.358  16.406  -30.056 0.7777777910
72017  -26.475  18.347  -28.527 0.6666666865
71151  -20.541  17.448  -29.306 0.5555555820
71152  -21.202  18.043  -29.358 0.6666666865
71156  -25.003  17.786  -29.369 0.6666666865
72016  -25.840  18.646  -28.782 0.6666666865
72851  -26.395  19.217  -28.548 0.6666666865
66347  -19.014  11.001  -26.993 0.4444444478
67905  -18.420  13.527  -27.036 0.3333333433
65541  -18.767  10.238  -26.506 0.4444444478
72864  -31.308  19.732  -29.442 0.3333333433
73622  -30.727  20.887  -28.770 0.3333333433
56564  -19.812  -0.667  -25.673 0.5555555820
58142  -25.870  1.297  -26.484 0.6666666865
55775  -18.387  -1.137  -24.602 0.4444444478
55776  -18.983  -1.611  -24.789 0.5555555820
60631  -27.559  4.559  -26.718 0.7777777910
55774  -17.895  -0.924  -24.141 0.3333333433
57340  -17.850  0.676  -24.582 0.4444444478
62276  -18.944  6.752  -26.234 0.3333333433
63063  -18.277  7.557  -25.378 0.1111111119
111010  -18.498  9.559  -26.163 0.4444444478
66346  -18.437  11.137  -26.338 0.3333333433
121060  -18.699  11.468  -26.858 0.3333333433
68621  -19.078  15.244  -27.999 0.3333333433
73614  -28.550  21.035  -28.182 0.6666666865
74370  -29.356  21.638  -28.325 0.4444444478
55802  -25.077  -2.616  -26.960 0.4444444478
54073  -26.371  -3.842  -27.019 0.2222222239
54928  -20.794  -2.112  -25.257 0.4444444478
55788  -22.183  -2.034  -25.538 0.4444444478
55793  -21.348  -0.781  -26.004 0.4444444478
55794  -22.292  -1.267  -25.817 0.4444444478
106724  -23.822  -1.413  -25.931 0.4444444478
55797  -24.888  -1.462  -26.540 0.4444444478
55815  -26.995  -2.292  -28.312 0.2222222239
114599  -23.572  -0.444  -26.151 0.4444444478
56573  -24.387  -0.525  -26.234 0.4444444478
56574  -25.269  -0.442  -26.514 0.4444444478
55816  -27.794  -2.456  -28.816 0.1111111119
55817  -28.610  -2.371  -29.061 0.1111111119
56582  -26.561  -1.127  -27.838 0.3333333433
57367  -23.844  0.219  -26.402 0.4444444478
56575  -26.116  -0.281  -26.878 0.3333333433
57380  -26.892  0.035  -27.369 0.3333333433
56594  -27.961  -1.488  -28.986 0.2222222239
57369  -25.582  0.423  -26.470 0.4444444478
57368  -24.725  0.269  -26.419 0.4444444478
58156  -28.469  1.359  -28.043 0.2222222239
109090  -29.219  0.824  -28.963 0.1111111119
58968  -30.273  1.647  -29.286 0.1111111119
58155  -27.909  1.362  -27.172 0.3333333433
58941  -28.464  1.946  -27.337 0.3333333433
58923  -27.478  2.483  -26.599 0.4444444478
59788  -27.841  3.010  -26.588 0.5555555820
59789  -28.527  3.178  -26.743 0.6666666865
59807  -29.986  3.244  -28.410 0.4444444478
121197  -30.607  4.625  -29.297 0.3333333433
61477  -28.376  5.009  -26.703 0.6666666865
61478  -29.942  5.028  -27.397 0.5555555820
111025  -29.473  5.940  -27.023 0.5555555820
102070  -30.838  5.442  -28.790 0.5555555820
115259  -31.068  6.334  -28.361 0.3333333433
63103  -31.566  7.751  -29.246 0.4444444478
63092  -31.386  7.728  -28.290 0.5555555820
117672  -31.174  7.079  -28.094 0.4444444478
63884  -31.718  8.566  -29.609 0.4444444478
72849  -24.035  19.177  -29.179 0.5555555820
72863  -24.775  19.044  -29.165 0.5555555820
73612  -26.053  20.075  -28.704 0.5555555820
74369  -27.370  21.515  -28.574 0.5555555820
54938  -23.878  -2.792  -26.027 0.4444444478
54081  -26.196  -3.723  -27.533 0.2222222239
56583  -27.361  -0.575  -28.317 0.2222222239
57382  -28.595  0.731  -28.632 0.2222222239
57394  -28.999  -0.032  -29.154 0.1111111119
58958  -29.086  1.940  -28.056 0.4444444478
58959  -29.645  1.906  -28.711 0.3333333433
58924  -28.259  2.500  -26.774 0.4444444478
60632  -28.565  4.046  -26.687 0.6666666865
60639  -30.074  4.071  -27.801 0.4444444478
115221  -31.315  6.990  -29.894 0.3333333433
65584  -31.772  10.140  -30.678 0.4444444478
73611  -25.222  20.144  -28.778 0.5555555820
73610  -24.376  20.114  -28.733 0.5555555820
56571  -22.012  -0.384  -26.377 0.4444444478
59808  -30.351  3.141  -29.201 0.2222222239
105414  -27.978  21.239  -28.354 0.5555555820
54058  -21.994  -3.361  -25.096 0.4444444478
54060  -23.562  -3.813  -25.929 0.4444444478
54072  -25.757  -4.032  -27.080 0.2222222239
54063  -26.788  -3.372  -26.327 0.1111111119
54918  -20.174  -2.627  -24.775 0.4444444478
54947  -27.478  -3.036  -28.234 0.1111111119
54959  -28.512  -2.622  -28.809 0.1111111119
54074  -27.095  -3.399  -27.158 0.1111111119
54949  -29.316  -2.324  -29.011 0.1111111119
56601  -29.772  -0.921  -29.293 0.1111111119
58175  -30.952  -0.180  -29.435 0.1111111119
108716  -31.030  0.772  -29.574 0.1111111119
58969  -30.995  1.787  -29.647 0.1111111119
59817  -30.905  2.900  -29.761 0.2222222239
61496  -30.846  5.254  -29.680 0.1111111119
104415  -30.595  3.856  -29.671 0.2222222239
116767  -31.275  6.356  -30.328 0.2222222239
62334  -31.453  6.944  -30.772 0.2222222239
63111  -31.557  7.804  -30.369 0.3333333433
64743  -31.795  9.353  -30.024 0.4444444478
65591  -31.767  10.409  -31.761 0.3333333433
65573  -31.775  11.134  -29.879 0.4444444478
66393  -31.784  11.104  -31.066 0.3333333433
68622  -19.373  14.655  -28.255 0.4444444478
68657  -31.600  14.086  -29.760 0.4444444478
71157  -31.534  17.374  -29.650 0.3333333433
111206  -20.352  18.621  -28.756 0.4444444478
105749  -28.289  21.729  -28.393 0.5555555820
72862  -22.960  18.843  -29.217 0.5555555820
72848  -23.425  19.591  -28.812 0.5555555820
110601  -25.729  20.855  -28.766 0.5555555820
120898  -26.672  21.521  -28.765 0.5555555820
55787  -21.479  -1.642  -25.604 0.4444444478
57379  -24.191  0.810  -26.633 0.5555555820
58141  -24.927  1.063  -26.534 0.5555555820
58143  -26.443  1.751  -26.548 0.6666666865
60617  -27.737  3.694  -26.605 0.6666666865
62287  -28.946  6.689  -26.846 0.5555555820
62301  -30.648  6.843  -27.631 0.5555555820
63091  -30.825  7.672  -27.635 0.4444444478
117804  -31.748  11.737  -30.492 0.4444444478
72019  -31.452  18.126  -28.938 0.3333333433
111152  -26.702  1.205  -26.559 0.3333333433
57370  -26.457  0.571  -26.658 0.3333333433
55796  -24.458  -2.248  -26.383 0.4444444478
54945  -25.787  -3.173  -27.585 0.4444444478
54944  -25.289  -3.448  -27.156 0.3333333433
54939  -24.694  -3.218  -26.697 0.4444444478
54080  -25.682  -3.795  -27.300 0.3333333433
54082  -26.866  -3.426  -27.679 0.1111111119
54929  -21.674  -2.479  -25.295 0.4444444478
54930  -22.474  -2.745  -25.409 0.4444444478
55795  -23.023  -2.042  -25.584 0.4444444478
56572  -22.920  -0.755  -26.049 0.4444444478
55803  -25.491  -2.164  -27.249 0.4444444478
55804  -26.178  -2.263  -27.791 0.4444444478
56581  -25.745  -1.253  -27.059 0.4444444478
54946  -26.735  -3.178  -28.066 0.2222222239
54958  -28.030  -2.823  -28.705 0.1111111119
56593  -27.299  -1.578  -28.507 0.2222222239
55822  -29.393  -1.926  -29.192 0.1111111119
54948  -28.770  -2.521  -28.454 0.1111111119
57381  -27.735  0.571  -27.967 0.3333333433
57371  -27.236  0.866  -26.893 0.3333333433
57393  -28.189  -0.278  -28.780 0.2222222239
58165  -29.138  1.380  -28.614 0.2222222239
58166  -29.728  1.196  -29.033 0.1111111119
58174  -30.344  0.621  -29.377 0.1111111119
58144  -27.236  1.698  -26.579 0.3333333433
111880  -28.940  2.563  -27.346 0.4444444478
59798  -29.409  3.391  -27.369 0.4444444478
60640  -30.348  3.920  -28.827 0.3333333433
58942  -29.548  2.581  -28.166 0.4444444478
103517  -30.049  2.498  -28.895 0.3333333433
60649  -30.836  4.644  -30.067 0.1111111119
114104  -29.144  5.315  -26.855 0.5555555820
101675  -29.371  4.447  -27.021 0.5555555820
61479  -30.488  5.818  -27.684 0.5555555820
63895  -31.642  8.648  -30.615 0.4444444478
73621  -24.757  19.569  -28.951 0.5555555820
106924  -26.637  20.887  -28.638 0.5555555820
54931  -23.155  -2.972  -25.607 0.4444444478
54070  -24.350  -3.930  -26.446 0.4444444478
57401  -30.342  -0.246  -29.366 0.1111111119
58960  -30.474  2.423  -29.370 0.2222222239
53148  -23.196  -4.546  -25.707 0.4444444478
54059  -22.770  -3.658  -25.521 0.4444444478
53161  -24.727  -4.411  -26.380 0.4444444478
53162  -25.270  -4.184  -26.606 0.2222222239
54071  -25.137  -4.014  -26.924 0.4444444478
54057  -21.106  -2.997  -24.886 0.4444444478
105358  -28.036  -2.935  -28.310 0.1111111119
122449  -27.448  -3.223  -27.837 0.1111111119
55818  -30.005  -1.674  -29.114 0.1111111119
48515  -23.608  -9.106  -20.348 0.1111111119
49449  -20.282  -7.861  -23.038 0.3333333433
49440  -22.104  -8.034  -22.405 0.2222222239
49425  -22.495  -8.292  -21.544 0.2222222239
49409  -23.731  -8.401  -20.718 0.1111111119
50355  -23.966  -7.790  -21.045 0.1111111119
51334  -18.549  -5.885  -22.854 0.3333333433
51326  -18.734  -6.655  -22.681 0.3333333433
50403  -21.449  -7.356  -23.679 0.3333333433
51338  -22.024  -7.273  -23.561 0.3333333433
50373  -22.782  -7.550  -21.951 0.2222222239
108923  -22.613  -6.714  -23.637 0.2222222239
50374  -23.562  -7.308  -21.605 0.1111111119
50391  -23.226  -6.789  -22.469 0.2222222239
53118  -17.667  -3.931  -22.615 0.2222222239
53119  -18.163  -4.626  -23.034 0.2222222239
53109  -17.673  -4.811  -22.527 0.2222222239
51335  -19.297  -6.102  -23.233 0.3333333433
51336  -20.307  -6.324  -23.729 0.3333333433
50402  -20.710  -7.269  -23.582 0.3333333433
116184  -18.433  -3.128  -23.591 0.2222222239
108385  -18.266  -3.819  -23.348 0.3333333433
54031  -18.969  -3.569  -23.840 0.3333333433
53120  -19.061  -4.513  -23.585 0.3333333433
54044  -19.578  -3.154  -24.338 0.3333333433
53131  -19.777  -4.046  -24.121 0.3333333433
53121  -19.956  -4.807  -23.928 0.3333333433
53132  -20.729  -4.630  -24.375 0.3333333433
52255  -22.078  -5.773  -24.813 0.3333333433
53133  -21.718  -4.945  -24.788 0.3333333433
51350  -23.159  -6.107  -24.325 0.3333333433
52256  -22.910  -5.725  -25.055 0.3333333433
51340  -24.098  -5.709  -23.168 0.1111111119
52246  -23.846  -5.683  -23.987 0.2222222239
54904  -17.867  -2.246  -23.251 0.2222222239
54905  -18.250  -2.465  -23.684 0.2222222239
54045  -20.459  -3.570  -24.532 0.3333333433
53147  -22.345  -4.443  -25.244 0.3333333433
53134  -22.399  -5.249  -25.121 0.3333333433
52257  -23.645  -5.571  -24.880 0.3333333433
52258  -24.301  -5.290  -24.579 0.1111111119
55761  -17.744  -1.441  -23.438 0.3333333433
55762  -18.047  -1.695  -23.916 0.3333333433
54046  -21.410  -3.978  -24.767 0.3333333433
52267  -23.598  -5.205  -25.570 0.3333333433
53160  -23.989  -4.578  -26.076 0.3333333433
53149  -24.350  -4.826  -25.791 0.3333333433
109321  -31.690  8.168  -31.117 0.2222222239
64753  -31.617  9.284  -30.929 0.2222222239
103606  -31.696  8.773  -31.434 0.2222222239
111406  -31.550  12.980  -30.982 0.3333333433
107508  -31.666  12.057  -31.375 0.2222222239
49450  -21.071  -7.959  -23.299 0.3333333433
50389  -21.740  -7.773  -23.162 0.3333333433
49426  -23.212  -7.947  -21.215 0.2222222239
51315  -24.106  -6.719  -21.808 0.1111111119
51347  -20.987  -6.130  -24.190 0.3333333433
51348  -21.654  -6.313  -24.418 0.3333333433
54917  -19.310  -2.301  -24.572 0.3333333433
48514  -22.725  -9.495  -20.370 0.1111111119
48487  -23.500  -9.724  -19.946 0.1111111119
50387  -18.485  -7.300  -22.280 0.3333333433
50388  -19.334  -7.567  -22.623 0.3333333433
49438  -20.720  -8.607  -22.849 0.3333333433
49424  -21.808  -8.727  -22.009 0.3333333433
48488  -24.328  -9.606  -19.936 0.1111111119
113753  -24.393  -8.240  -20.702 0.1111111119
50356  -24.737  -7.748  -20.938 0.1111111119
106755  -25.006  -6.953  -21.279 0.1111111119
51327  -24.055  -6.149  -22.513 0.1111111119
52247  -24.518  -5.273  -23.573 0.1111111119
53135  -25.016  -4.719  -24.140 0.1111111119
107760  -24.642  -4.901  -25.210 0.1111111119
53150  -25.081  -4.540  -25.968 0.1111111119
64768  -31.980  9.898  -32.413 0.2222222239
67958  -31.485  13.645  -31.539 0.2222222239
111856  -31.557  12.858  -31.997 0.2222222239
56551  -17.803  -0.102  -24.326 0.2222222239
59785  -18.723  2.959  -25.533 0.5555555820
54916  -18.585  -1.999  -24.291 0.4444444478
66398  -31.712  11.230  -32.088 0.2222222239
111084  -24.377  -8.836  -20.397 0.1111111119
49408  -22.945  -8.644  -20.804 0.1111111119
50401  -19.794  -6.971  -23.161 0.3333333433
49439  -21.442  -8.408  -22.747 0.3333333433
52243  -18.792  -5.308  -23.169 0.3333333433
52230  -18.048  -5.340  -22.712 0.2222222239
51337  -21.176  -6.778  -24.044 0.3333333433
107164  -21.901  -6.872  -24.069 0.3333333433
50390  -22.387  -7.368  -22.893 0.2222222239
52244  -19.656  -5.418  -23.614 0.3333333433
51339  -23.480  -6.194  -23.356 0.1111111119
54030  -17.963  -3.076  -23.174 0.2222222239
54043  -18.851  -2.763  -24.037 0.3333333433
52245  -20.487  -5.484  -24.062 0.3333333433
52254  -21.282  -5.569  -24.462 0.3333333433
51349  -22.405  -6.337  -24.485 0.3333333433
52266  -22.894  -5.115  -25.443 0.3333333433
52268  -24.107  -5.249  -25.305 0.3333333433
48539  -22.182  -9.016  -21.146 0.2222222239
49437  -19.763  -8.583  -22.558 0.3333333433
49436  -18.761  -8.050  -22.129 0.2222222239
48549  -20.434  -9.334  -22.516 0.3333333433
48550  -21.175  -9.109  -22.382 0.3333333433
51325  -17.955  -6.023  -22.404 0.2222222239
51324  -17.529  -6.151  -21.846 0.2222222239
63912  -32.107  8.939  -32.172 0.1111111119
64770  -33.583  9.215  -33.113 0.1111111119
64769  -32.612  9.539  -32.860 0.1111111119
65598  -32.325  10.477  -33.133 0.1111111119
65605  -33.779  10.635  -34.045 0.1111111119
66412  -32.707  11.636  -34.036 0.1111111119
67216  -31.685  12.100  -32.627 0.1111111119
66411  -32.123  11.973  -33.559 0.1111111119
116240  -31.497  15.452  -30.850 0.2222222239
67223  -31.799  12.585  -33.394 0.1111111119
70337  -31.352  16.676  -31.210 0.1111111119
70319  -31.575  16.525  -29.320 0.2222222239
72033  -31.477  18.287  -30.103 0.1111111119
120930  -31.482  16.141  -30.797 0.1111111119
71171  -31.165  17.319  -31.696 0.1111111119
72015  -22.016  18.580  -29.258 0.4444444478
105336  -31.423  18.885  -29.302 0.1111111119
72841  -21.759  19.517  -28.211 0.4444444478
72847  -22.407  19.166  -28.812 0.4444444478
72869  -31.394  19.707  -30.433 0.1111111119
75127  -29.734  22.544  -28.615 0.3333333433
74371  -30.429  21.804  -28.747 0.2222222239
74375  -31.119  21.300  -29.451 0.1111111119
73638  -31.297  20.380  -30.907 0.1111111119
107064  -24.989  20.893  -28.727 0.4444444478
75124  -25.027  22.206  -29.267 0.4444444478
118119  -26.121  21.525  -28.914 0.4444444478
120126  -25.748  22.169  -29.225 0.4444444478
114651  -26.657  22.140  -28.944 0.4444444478
75141  -27.042  23.011  -29.130 0.4444444478
75903  -28.167  23.350  -28.813 0.4444444478
75904  -29.231  23.276  -28.693 0.2222222239
75918  -29.676  23.764  -29.173 0.2222222239
75905  -29.915  23.159  -28.882 0.2222222239
75930  -30.547  23.305  -30.152 0.2222222239
75149  -30.896  22.544  -30.356 0.2222222239
79597  -27.230  28.258  -31.442 0.1111111119
78849  -29.082  27.013  -31.222 0.1111111119
75932  -30.549  23.299  -31.498 0.1111111119
120789  -21.687  20.078  -27.524 0.4444444478
73600  -22.536  20.327  -27.646 0.4444444478
73608  -22.957  19.853  -28.227 0.4444444478
112189  -24.336  21.012  -28.622 0.3333333433
75139  -25.316  22.794  -29.502 0.4444444478
118578  -25.616  23.306  -29.629 0.4444444478
75915  -26.354  23.564  -29.514 0.4444444478
75916  -27.312  23.860  -29.285 0.4444444478
76718  -25.021  24.672  -30.194 0.3333333433
76702  -27.619  24.666  -29.399 0.3333333433
77448  -28.092  25.446  -29.552 0.1111111119
77449  -29.085  25.479  -29.719 0.1111111119
77464  -29.517  25.674  -30.408 0.1111111119
76705  -30.153  24.101  -29.943 0.2222222239
76720  -29.759  24.960  -30.169 0.1111111119
77474  -29.675  25.722  -31.129 0.1111111119
107192  -23.809  21.209  -28.338 0.3333333433
75123  -24.419  22.315  -29.006 0.3333333433
76700  -25.522  24.008  -29.851 0.3333333433
76701  -26.579  24.475  -29.639 0.4444444478
77463  -25.661  25.542  -30.118 0.2222222239
77446  -26.364  25.203  -29.856 0.2222222239
78173  -27.577  26.110  -29.810 0.2222222239
78174  -28.495  26.182  -29.859 0.1111111119
78172  -26.652  25.946  -29.914 0.1111111119
111555  -27.072  26.780  -30.126 0.1111111119
78191  -28.787  26.705  -30.424 0.1111111119
78189  -26.113  26.611  -30.198 0.1111111119
78847  -27.505  27.425  -30.526 0.1111111119
112998  -24.101  21.773  -28.498 0.3333333433
74359  -23.536  21.724  -27.681 0.3333333433
111898  -24.002  22.451  -28.593 0.3333333433
75138  -24.601  22.888  -29.455 0.3333333433
76699  -24.537  24.029  -30.043 0.3333333433
77462  -24.594  25.381  -30.353 0.2222222239
78188  -25.094  26.353  -30.288 0.1111111119
78845  -25.541  27.355  -30.394 0.1111111119
79589  -27.185  27.991  -30.773 0.1111111119
80298  -25.880  29.177  -32.167 0.1111111119
114810  -23.637  22.673  -26.734 0.1111111119
75902  -23.722  23.037  -28.287 0.2222222239
76689  -23.292  23.988  -28.852 0.2222222239
75912  -23.927  23.122  -29.111 0.3333333433
76698  -23.171  24.339  -29.768 0.2222222239
75913  -24.171  23.560  -29.721 0.3333333433
76697  -22.716  24.873  -30.094 0.2222222239
77460  -22.971  25.112  -30.400 0.1111111119
78185  -22.276  26.279  -30.436 0.1111111119
78186  -23.043  25.742  -30.541 0.1111111119
104405  -23.334  26.876  -30.468 0.1111111119
111370  -24.974  27.941  -30.500 0.1111111119
79586  -24.805  28.755  -30.675 0.1111111119
79588  -26.597  28.329  -30.904 0.1111111119
79600  -26.486  28.718  -32.926 0.1111111119
105798  -27.590  27.976  -33.099 0.1111111119
75891  -24.078  23.444  -26.638 0.1111111119
75900  -23.706  23.112  -27.399 0.1111111119
76672  -23.684  23.877  -27.274 0.1111111119
77427  -22.487  25.242  -27.935 0.1111111119
77436  -21.963  25.456  -28.886 0.1111111119
76688  -22.644  24.790  -29.415 0.2222222239
77435  -21.516  25.893  -29.473 0.1111111119
78171  -21.737  25.996  -30.037 0.1111111119
78831  -20.404  27.216  -29.773 0.1111111119
78843  -22.280  27.399  -30.462 0.1111111119
79584  -21.900  28.417  -30.257 0.1111111119
122623  -23.198  27.673  -30.425 0.1111111119
76673  -24.467  24.221  -26.891 0.1111111119
77412  -24.426  24.945  -27.221 0.1111111119
77429  -23.946  25.356  -27.383 0.1111111119
108604  -22.568  26.171  -27.657 0.1111111119
78151  -21.667  26.011  -28.078 0.1111111119
105570  -21.890  26.939  -27.721 0.1111111119
78821  -19.688  27.759  -28.291 0.1111111119
77430  -24.794  25.580  -27.317 0.1111111119
78154  -25.124  26.408  -27.435 0.1111111119
78153  -24.196  26.135  -27.426 0.1111111119
63913  -32.858  8.708  -32.465 0.1111111119
65599  -33.181  10.073  -33.536 0.1111111119
65606  -34.584  10.522  -33.906 0.1111111119
67965  -31.438  13.497  -32.566 0.1111111119
113881  -31.626  12.862  -32.873 0.1111111119
68677  -31.351  14.280  -32.117 0.1111111119
112391  -31.300  18.131  -31.240 0.1111111119
75126  -28.759  22.516  -28.488 0.3333333433
75128  -30.365  22.685  -29.023 0.2222222239
75142  -30.819  22.196  -29.497 0.1111111119
74381  -31.114  21.826  -30.132 0.1111111119
72876  -31.234  19.606  -31.341 0.1111111119
74368  -25.390  21.563  -28.946 0.4444444478
76721  -30.214  24.622  -30.735 0.2222222239
78175  -29.131  26.164  -30.114 0.1111111119
78192  -29.319  26.323  -30.775 0.1111111119
77478  -29.678  25.604  -31.897 0.1111111119
75914  -24.919  23.410  -29.754 0.3333333433
78855  -27.817  27.846  -31.137 0.1111111119
77459  -22.453  25.480  -30.282 0.1111111119
77428  -23.245  25.039  -27.583 0.1111111119
78150  -20.295  27.171  -28.216 0.1111111119
79583  -20.793  28.382  -30.094 0.1111111119
78811  -23.486  27.223  -27.522 0.1111111119
78812  -24.371  27.084  -27.518 0.1111111119
65601  -35.480  10.577  -32.859 0.1111111119
65600  -35.118  10.000  -33.527 0.1111111119
106810  -31.514  14.489  -30.950 0.2222222239
116152  -31.563  15.928  -30.034 0.2222222239
72040  -31.375  18.941  -30.841 0.1111111119
72846  -20.585  19.076  -28.509 0.4444444478
77447  -27.134  25.315  -29.649 0.2222222239
75892  -24.868  23.569  -26.196 0.1111111119
77413  -25.172  24.908  -27.049 0.1111111119
78152  -23.293  25.735  -27.504 0.1111111119
111938  -23.490  26.544  -27.486 0.1111111119
122360  -35.202  9.437  -33.160 0.1111111119
63905  -32.020  8.146  -31.679 0.1111111119
63130  -33.008  7.921  -32.019 0.1111111119
64771  -34.653  9.303  -33.319 0.1111111119
65592  -35.886  10.769  -31.873 0.1111111119
64772  -35.662  9.769  -32.604 0.1111111119
66405  -35.000  11.695  -33.372 0.1111111119
109306  -33.821  11.951  -34.251 0.1111111119
67233  -33.682  12.606  -34.385 0.1111111119
123156  -32.491  12.276  -34.242 0.1111111119
68684  -31.153  14.089  -33.190 0.1111111119
114334  -31.530  13.282  -33.647 0.1111111119
67231  -32.017  12.708  -34.115 0.1111111119
109875  -31.070  14.785  -32.680 0.1111111119
69490  -30.536  15.658  -33.504 0.1111111119
71182  -30.686  17.147  -32.615 0.1111111119
104447  -21.428  18.846  -28.884 0.4444444478
72047  -30.888  17.988  -32.200 0.1111111119
72046  -31.080  18.813  -31.767 0.1111111119
74389  -30.755  21.730  -31.786 0.1111111119
73645  -30.575  20.198  -32.606 0.1111111119
73599  -20.799  19.619  -27.800 0.4444444478
75166  -29.765  21.973  -33.305 0.1111111119
117400  -29.914  24.176  -32.373 0.1111111119
73589  -22.167  20.793  -26.970 0.2222222239
73601  -23.298  20.835  -27.993 0.3333333433
74358  -22.998  21.216  -27.203 0.2222222239
77482  -29.010  25.832  -33.221 0.1111111119
74352  -23.291  22.021  -26.542 0.1111111119
75115  -23.716  22.371  -27.889 0.2222222239
79606  -27.017  27.960  -33.967 0.1111111119
74346  -23.052  22.059  -25.609 0.1111111119
75086  -23.607  22.332  -25.026 0.1111111119
75878  -24.788  23.059  -25.653 0.1111111119
80307  -25.716  29.105  -33.601 0.1111111119
75879  -25.396  23.226  -25.671 0.1111111119
75893  -25.669  23.702  -26.129 0.1111111119
80275  -21.574  29.200  -30.001 0.1111111119
80288  -23.384  30.085  -30.882 0.1111111119
80277  -24.449  29.612  -31.198 0.1111111119
110121  -24.427  29.925  -32.492 0.1111111119
76674  -25.439  24.227  -26.578 0.1111111119
107576  -26.051  24.853  -26.818 0.1111111119
108443  -21.749  27.935  -27.747 0.1111111119
80249  -21.108  29.234  -28.792 0.1111111119
73630  -31.335  20.472  -29.966 0.1111111119
75125  -27.710  22.391  -28.670 0.4444444478
65597  -31.872  10.631  -32.501 0.1111111119
71166  -31.423  17.417  -30.708 0.2222222239
73609  -23.740  20.452  -28.475 0.4444444478
66403  -31.935  11.258  -32.923 0.1111111119
66414  -34.380  11.339  -33.994 0.1111111119
67232  -33.111  12.186  -34.531 0.1111111119
70348  -31.029  16.508  -32.122 0.1111111119
74382  -31.240  21.153  -30.460 0.1111111119
110423  -30.694  20.925  -32.188 0.1111111119
75917  -28.116  24.140  -29.134 0.2222222239
76690  -28.892  24.036  -28.945 0.2222222239
76704  -29.413  24.550  -29.494 0.1111111119
113224  -30.523  23.824  -30.770 0.2222222239
75155  -30.840  22.537  -31.289 0.1111111119
78860  -27.862  28.010  -32.119 0.1111111119
79596  -26.595  28.637  -31.786 0.1111111119
78197  -29.400  26.340  -31.591 0.1111111119
78856  -28.511  27.531  -31.701 0.1111111119
78861  -28.367  27.432  -32.827 0.1111111119
78205  -28.885  26.697  -33.065 0.1111111119
75936  -29.752  22.867  -33.081 0.1111111119
111349  -30.363  22.498  -32.279 0.1111111119
76726  -30.251  24.219  -31.587 0.2222222239
77475  -30.026  25.079  -31.368 0.2222222239
78846  -26.578  27.604  -30.483 0.1111111119
76717  -24.115  24.618  -30.301 0.2222222239
78187  -24.035  26.089  -30.466 0.1111111119
105447  -24.527  27.120  -30.392 0.1111111119
105326  -25.743  28.301  -30.702 0.1111111119
79587  -26.085  28.781  -31.179 0.1111111119
80278  -25.410  29.128  -31.096 0.1111111119
122238  -25.103  29.488  -31.931 0.1111111119
75100  -23.711  22.556  -25.823 0.1111111119
111439  -23.498  23.646  -27.942 0.1111111119
106676  -23.771  24.125  -30.030 0.3333333433
76716  -23.339  24.651  -30.244 0.2222222239
77461  -23.649  25.216  -30.445 0.1111111119
78844  -24.005  28.012  -30.449 0.1111111119
79585  -23.783  29.113  -30.576 0.1111111119
76686  -23.778  24.621  -27.384 0.1111111119
75112  -24.244  23.053  -25.975 0.1111111119
76685  -23.107  24.391  -27.898 0.1111111119
78161  -21.007  26.378  -28.785 0.1111111119
76684  -22.706  24.786  -28.598 0.1111111119
77445  -22.136  25.359  -29.780 0.1111111119
78169  -20.207  27.095  -28.993 0.1111111119
78170  -20.970  26.537  -29.602 0.1111111119
78184  -21.289  26.863  -30.217 0.1111111119
79571  -19.991  28.636  -29.533 0.1111111119
107162  -23.019  28.395  -30.374 0.1111111119
104244  -22.681  29.450  -30.282 0.1111111119
117435  -22.764  27.573  -27.564 0.1111111119
78809  -20.042  27.861  -27.819 0.1111111119
79561  -20.326  28.841  -28.335 0.1111111119
63914  -33.559  8.422  -32.463 0.1111111119
111004  -35.098  10.914  -33.500 0.1111111119
69484  -31.317  15.104  -31.810 0.1111111119
76729  -29.910  24.870  -32.145 0.1111111119
106516  -29.493  25.358  -32.704 0.1111111119
110189  -23.796  28.017  -27.589 0.1111111119
66406  -35.460  11.462  -32.590 0.1111111119
69491  -30.893  15.596  -32.602 0.1111111119
70347  -30.524  16.322  -33.020 0.1111111119
74397  -30.348  21.500  -32.705 0.1111111119
76728  -29.559  24.560  -32.899 0.1111111119
111849  -28.300  26.163  -33.766 0.1111111119
74345  -22.325  21.586  -25.397 0.1111111119
78865  -28.298  26.963  -33.559 0.1111111119
80237  -21.337  28.984  -28.254 0.1111111119
80250  -22.187  29.513  -28.681 0.1111111119
80260  -21.216  29.318  -29.431 0.1111111119
48548  -19.728  -9.554  -22.393 0.2222222239
60607  -18.528  4.330  -25.037 0.2222222239
61465  -18.631  5.310  -25.279 0.2222222239
60614  -18.821  4.400  -25.424 0.4444444478
72845  -19.824  18.947  -28.403 0.2222222239
73598  -20.194  19.667  -27.612 0.1111111119
73588  -21.272  20.239  -27.134 0.1111111119
68610  -18.317  15.111  -27.203 0.2222222239
114015  -18.093  14.240  -26.769 0.1111111119
106248  -18.028  2.882  -24.910 0.2222222239
68609  -17.790  14.786  -26.433 0.1111111119
70291  -18.681  16.213  -27.774 0.1111111119
115982  -19.379  19.366  -27.883 0.1111111119
112705  -19.209  20.300  -25.755 0.1111111119
73587  -19.835  20.438  -26.109 0.1111111119
58114  -17.884  1.394  -24.568 0.2222222239
64708  -18.424  8.779  -26.040 0.2222222239
72003  -19.470  18.768  -28.396 0.1111111119
63838  -18.256  8.097  -25.357 0.1111111119
112334  -18.373  9.296  -25.841 0.3333333433
72840  -19.884  19.369  -28.035 0.3333333433
59775  -18.287  3.480  -25.000 0.2222222239
72002  -19.277  19.048  -28.118 0.1111111119
72839  -19.329  19.137  -28.008 0.1111111119
72831  -19.549  19.450  -27.824 0.1111111119
104094  -18.867  17.988  -27.365 0.1111111119
71992  -19.041  18.829  -26.671 0.1111111119
48537  -20.222  -10.097  -22.333 0.1111111119
106069  -20.860  -9.802  -22.080 0.1111111119
48538  -21.190  -10.137  -21.365 0.1111111119
48534  -17.813  -9.248  -21.263 0.1111111119
49422  -18.012  -8.449  -21.592 0.1111111119
50386  -17.863  -6.740  -22.086 0.1111111119
58091  -17.894  1.061  -23.035 0.1111111119
61459  -18.403  5.580  -25.049 0.1111111119
109150  -18.450  11.946  -26.720 0.2222222239
66345  -18.077  11.996  -26.099 0.2222222239
105906  -17.936  12.405  -26.088 0.2222222239
111623  -18.466  -9.293  -21.716 0.1111111119
114553  -18.295  6.147  -24.957 0.1111111119
48535  -18.426  -10.002  -21.607 0.1111111119
114154  -19.682  -10.252  -22.298 0.1111111119
47622  -20.568  -10.509  -21.856 0.1111111119
114526  -21.503  -9.433  -21.657 0.1111111119
112105  -17.481  -6.917  -21.475 0.1111111119
52216  -17.460  -5.556  -21.779 0.1111111119
57318  -17.723  0.294  -22.903 0.1111111119
58109  -18.100  1.760  -23.230 0.1111111119
59765  -17.787  3.211  -24.945 0.1111111119
60598  -18.570  4.799  -24.558 0.1111111119
66330  -18.241  11.153  -25.966 0.2222222239
105650  -17.657  13.195  -24.978 0.2222222239
67894  -17.487  13.401  -25.616 0.1111111119
47620  -19.152  -10.721  -22.044 0.1111111119
67154  -17.686  12.865  -26.028 0.2222222239
67895  -17.864  13.407  -26.293 0.1111111119
58906  -17.929  2.072  -24.903 0.1111111119
105998  -17.383  -4.143  -22.034 0.1111111119
104624  -17.514  -3.336  -22.204 0.1111111119
54018  -17.709  -2.888  -22.674 0.1111111119
56540  -17.707  -0.287  -23.928 0.1111111119
57330  -17.786  0.588  -24.353 0.1111111119
52229  -17.540  -5.430  -22.206 0.1111111119
50372  -17.895  -7.497  -21.781 0.1111111119
49423  -18.994  -8.953  -22.059 0.1111111119
105943  -17.935  3.366  -24.859 0.1111111119
58108  -17.852  1.347  -24.504 0.1111111119
48536  -19.080  -9.816  -22.081 0.1111111119
49407  -17.281  -8.454  -20.969 0.1111111119
118077  -17.349  -7.688  -21.205 0.1111111119
66315  -18.478  11.379  -25.537 0.1111111119
51314  -17.506  -6.417  -21.317 0.1111111119
57319  -18.167  0.692  -22.345 0.1111111119
58896  -17.914  2.120  -24.788 0.1111111119
67124  -17.268  13.486  -24.998 0.1111111119
67880  -17.461  13.576  -25.547 0.1111111119
69431  -18.157  15.543  -26.962 0.1111111119
65508  -18.325  10.044  -25.942 0.1111111119
70279  -18.519  15.886  -27.506 0.1111111119
47621  -19.979  -10.791  -22.179 0.1111111119
54957  -27.492  -2.868  -28.463 0.1111111119
56595  -28.820  -1.245  -29.205 0.2222222239
57363  -19.805  0.844  -26.229 0.6666666865
57395  -29.730  0.315  -29.237 0.1111111119
58938  -25.480  2.768  -27.014 0.7777777910
58940  -27.937  1.963  -26.771 0.4444444478
58954  -21.987  4.064  -28.033 1.0000000000
58957  -23.237  2.936  -27.789 1.0000000000
59787  -27.000  3.237  -26.683 0.7777777910
59805  -21.735  4.081  -27.852 1.0000000000
59826  -22.150  3.973  -28.074 1.0000000000
60629  -25.242  4.271  -27.795 1.0000000000
60648  -22.193  4.500  -28.278 1.0000000000
61475  -26.474  5.606  -27.543 0.8888888955
61487  -25.091  5.609  -28.524 1.0000000000
61489  -30.470  4.779  -28.263 0.5555555820
62288  -29.843  6.709  -27.088 0.5555555820
62302  -31.377  6.968  -28.860 0.4444444478
62308  -21.104  7.512  -29.923 0.8888888955
62313  -31.094  6.112  -29.506 0.3333333433
62321  -20.811  7.859  -30.027 0.8888888955
62333  -21.167  7.840  -30.031 0.8888888955
63097  -20.923  7.998  -28.748 0.8888888955
63100  -24.421  7.303  -29.639 1.0000000000
63107  -22.001  7.693  -29.406 0.8888888955
63108  -23.746  8.424  -30.055 0.8888888955
63110  -24.974  8.336  -30.247 1.0000000000
63121  -20.778  8.095  -30.081 0.8888888955
63122  -21.101  8.208  -29.718 0.8888888955
63848  -18.932  8.305  -26.409 0.4444444478
63870  -31.589  8.520  -28.575 0.4444444478
63878  -20.972  8.259  -28.563 0.8888888955
63879  -21.738  8.793  -29.368 0.8888888955
63883  -25.898  8.686  -29.696 1.0000000000
63890  -20.927  8.484  -29.308 0.8888888955
63891  -20.849  8.307  -29.819 0.8888888955
63892  -21.518  8.231  -29.254 0.8888888955
63904  -21.226  8.484  -29.341 0.8888888955
63906  -32.518  8.227  -31.971 0.1111111119
64732  -31.358  9.302  -27.955 0.6666666865
64738  -21.848  9.545  -29.431 0.8888888955
64740  -23.179  9.057  -30.026 0.8888888955
64741  -25.644  9.254  -30.203 1.0000000000
64752  -25.230  10.005  -30.534 0.8888888955
64760  -21.114  8.617  -28.837 0.8888888955
64761  -31.723  9.561  -31.625 0.2222222239
64773  -34.195  9.908  -33.743 0.1111111119
65561  -21.397  10.576  -29.260 0.8888888955
65604  -32.921  10.892  -33.790 0.1111111119
66370  -26.702  11.810  -29.120 0.8888888955
66371  -27.995  11.963  -27.727 0.7777777910
66383  -31.745  11.961  -29.807 0.5555555820
66390  -23.665  11.763  -30.680 1.0000000000
66392  -25.059  11.441  -30.672 1.0000000000
66404  -32.368  11.247  -33.494 0.1111111119
66413  -33.450  11.410  -34.207 0.1111111119
67140  -17.613  13.224  -25.835 0.1111111119
67185  -27.476  12.641  -28.059 0.7777777910
67188  -31.662  12.645  -29.383 0.5555555820
67196  -25.548  12.262  -30.125 0.8888888955
67205  -22.119  13.473  -30.089 0.7777777910
67209  -25.164  11.981  -30.570 0.8888888955
67238  -32.531  12.869  -34.745 0.1111111119
67866  -17.168  13.866  -24.601 0.1111111119
67909  -30.557  13.294  -27.431 0.6666666865
67948  -23.959  13.678  -30.629 0.8888888955
68626  -27.797  15.106  -27.880 0.5555555820
68638  -27.107  14.260  -28.208 0.8888888955
68652  -20.883  14.772  -29.512 0.6666666865
68654  -25.266  15.040  -29.792 0.7777777910
69441  -18.596  15.790  -27.598 0.1111111119
69448  -30.147  15.611  -27.333 0.6666666865
69449  -30.781  15.654  -27.677 0.4444444478
69475  -20.901  16.447  -29.617 0.6666666865
69477  -22.435  15.623  -30.252 0.7777777910
69478  -23.965  15.264  -30.355 0.7777777910
70303  -19.680  16.432  -28.940 0.3333333433
70315  -20.414  16.847  -29.431 0.5555555820
70328  -31.505  16.682  -30.288 0.1111111119
71130  -27.994  18.029  -27.625 0.6666666865
71143  -31.179  17.800  -28.089 0.4444444478
71144  -31.460  17.178  -28.641 0.3333333433
71150  -20.055  17.253  -29.188 0.4444444478
71155  -24.129  17.669  -29.571 0.6666666865
71164  -21.653  17.618  -29.587 0.6666666865
71165  -22.109  17.127  -29.752 0.6666666865
72006  -29.537  18.513  -27.528 0.5555555820
72028  -20.693  17.973  -29.181 0.6666666865
72842  -28.491  19.430  -27.709 0.5555555820
72852  -27.149  19.339  -28.262 0.6666666865
72854  -29.917  19.968  -27.947 0.5555555820
72856  -31.129  19.263  -28.663 0.5555555820
73613  -27.675  20.677  -28.296 0.5555555820
73637  -30.980  20.278  -31.770 0.1111111119
74367  -24.737  21.617  -28.864 0.4444444478
74390  -31.051  21.050  -31.353 0.1111111119
75140  -26.104  22.819  -29.371 0.4444444478
75156  -31.108  21.837  -30.917 0.1111111119
75919  -30.239  23.326  -29.424 0.2222222239
75937  -30.121  23.476  -32.300 0.1111111119
76703  -28.555  24.742  -29.328 0.2222222239
76719  -25.821  24.761  -29.964 0.3333333433
76734  -29.085  25.024  -33.388 0.1111111119
77465  -29.905  25.231  -30.764 0.1111111119
78190  -27.970  26.793  -30.180 0.1111111119
78201  -29.309  26.161  -32.450 0.1111111119
78810  -20.853  27.517  -27.837 0.1111111119
78830  -19.779  27.792  -29.226 0.1111111119
78841  -20.224  27.891  -29.862 0.1111111119
78842  -20.729  27.555  -30.142 0.1111111119
78848  -28.347  27.313  -30.788 0.1111111119
78857  -29.104  26.999  -32.169 0.1111111119
79548  -19.852  28.346  -27.944 0.1111111119
79549  -20.661  28.372  -27.867 0.1111111119
79560  -19.682  28.583  -28.629 0.1111111119
79572  -20.612  29.053  -29.655 0.1111111119
79601  -27.155  28.346  -32.452 0.1111111119
80248  -20.270  29.194  -29.027 0.1111111119
101056  -22.832  5.129  -28.598 1.0000000000
101294  -22.169  3.867  -28.029 1.0000000000
102035  -20.386  18.295  -28.912 0.4444444478
102432  -24.800  17.019  -29.595 0.6666666865
103748  -26.113  16.817  -28.909 0.6666666865
104434  -21.055  26.746  -28.076 0.1111111119
104962  -21.338  27.681  -30.332 0.1111111119
106256  -27.259  7.057  -27.551 0.7777777910
106459  -26.774  7.459  -28.075 1.0000000000
106547  -24.006  10.094  -30.519 1.0000000000
109153  -18.691  14.458  -27.526 0.4444444478
109743  -23.608  23.816  -29.572 0.3333333433
110262  -29.308  17.098  -27.368 0.5555555820
110318  -31.485  14.790  -28.923 0.5555555820
112586  -31.437  19.111  -30.029 0.1111111119
113660  -31.302  15.924  -31.576 0.1111111119
114023  -30.584  22.824  -29.659 0.2222222239
115891  -22.193  4.185  -28.185 1.0000000000
116021  -29.815  10.098  -27.084 0.6666666865
116762  -27.115  11.131  -28.726 0.8888888955
116829  -21.235  8.219  -29.399 0.8888888955
116901  -30.787  23.137  -30.827 0.1111111119
116937  -34.239  8.731  -32.889 0.1111111119
117856  -30.077  21.071  -28.432 0.3333333433
118694  -24.193  6.688  -29.421 1.0000000000
118699  -21.293  6.739  -30.033 0.8888888955
118778  -23.264  5.471  -28.780 1.0000000000
120870  -22.703  15.273  -30.389 0.7777777910
121249  -31.331  18.717  -28.791 0.4444444478
121545  -20.844  18.618  -28.928 0.4444444478
121759  -23.949  6.952  -29.525 1.0000000000
122243  -23.040  -1.352  -25.785 0.4444444478
122628  -22.850  26.876  -27.528 0.1111111119
123110  -20.375  8.111  -29.871 0.8888888955
123132  -26.560  16.165  -28.723 0.6666666865
