#!ascii label  , from subject sub-2001 vox2ras=TkReg
955
40583  19.471  -21.052  43.669 0.0000000000
37649  29.623  -24.048  47.547 0.0000000000
55991  36.576  -4.865  29.214 0.0000000000
47484  28.554  -14.030  34.662 0.0000000000
43427  31.755  -18.812  42.646 0.0000000000
122535  48.360  1.649  19.161 0.0000000000
52544  39.529  -9.554  28.698 0.0000000000
51531  33.635  -10.212  30.142 0.0000000000
39691  15.426  -23.128  43.346 0.0000000000
37686  22.718  -25.398  45.481 0.0000000000
35636  25.927  -26.720  41.885 0.0000000000
39737  21.172  -22.495  40.160 0.0000000000
58818  42.271  -2.171  25.636 0.0000000000
38662  22.288  -23.189  47.977 0.0000000000
105418  17.682  -22.583  47.722 0.0000000000
124075  40.375  -0.181  29.355 0.0000000000
39623  12.835  -22.332  47.634 0.0000000000
33604  9.795  -27.749  47.191 0.0000000000
47519  34.038  -15.010  33.368 0.0000000000
46374  29.140  -15.038  40.467 0.0000000000
41500  29.408  -20.511  38.650 0.0000000000
38777  29.035  -24.461  39.967 0.0000000000
51517  39.465  -10.640  31.228 0.0000000000
51543  37.395  -10.355  29.153 0.0000000000
50513  36.107  -10.306  32.053 0.0000000000
54218  41.638  -7.726  30.430 0.0000000000
41466  18.487  -20.416  41.098 0.0000000000
40618  16.072  -22.006  40.586 0.0000000000
40586  17.204  -21.918  43.033 0.0000000000
39672  21.990  -22.739  44.304 0.0000000000
38747  22.154  -23.653  43.080 0.0000000000
40597  20.563  -21.298  42.267 0.0000000000
41502  19.770  -20.839  38.923 0.0000000000
108388  35.539  -2.862  27.871 0.0000000000
56911  39.198  -4.088  30.587 0.0000000000
58792  37.733  -2.574  29.540 0.0000000000
117213  38.251  -1.022  27.809 0.0000000000
39585  16.468  -22.179  49.594 0.0000000000
121007  15.334  -22.051  47.472 0.0000000000
40516  14.310  -21.152  49.773 0.0000000000
115373  10.060  -26.241  51.838 0.0000000000
124831  10.989  -25.746  49.798 0.0000000000
33579  9.253  -28.155  49.445 0.0000000000
31722  7.315  -28.912  49.640 0.0000000000
106251  6.779  -28.868  51.373 0.0000000000
47403  30.866  -14.316  41.489 0.0000000000
109398  30.272  -17.357  41.441 0.0000000000
43465  29.117  -18.220  39.059 0.0000000000
42433  30.228  -19.719  40.136 0.0000000000
112663  24.540  -26.014  40.011 0.0000000000
36664  28.017  -26.074  41.660 0.0000000000
36694  26.147  -25.538  38.685 0.0000000000
37824  27.405  -24.545  37.742 0.0000000000
46462  31.840  -15.077  34.544 0.0000000000
124086  31.689  -14.445  31.449 0.0000000000
46496  29.916  -15.211  32.589 0.0000000000
64866  49.777  4.032  17.200 0.0000000000
62216  49.530  1.751  16.942 0.0000000000
55123  38.246  -6.685  28.789 0.0000000000
52552  37.344  -9.787  27.998 0.0000000000
55100  40.825  -5.985  30.504 0.0000000000
34516  26.045  -27.326  46.422 0.0000000000
115806  27.774  -26.545  44.563 0.0000000000
35584  24.079  -26.422  43.638 0.0000000000
109609  22.838  -25.344  41.010 0.0000000000
38794  22.183  -23.951  38.831 0.0000000000
59674  44.645  -0.726  27.084 0.0000000000
58841  45.304  -0.855  24.795 0.0000000000
112088  45.665  -0.517  22.916 0.0000000000
60606  45.322  0.231  19.539 0.0000000000
39657  20.736  -21.709  45.807 0.0000000000
40559  18.604  -22.284  45.574 0.0000000000
39598  19.903  -22.785  48.210 0.0000000000
37651  22.889  -23.799  46.953 0.0000000000
59677  41.228  -0.693  27.006 0.0000000000
105842  16.394  -22.518  45.575 0.0000000000
38698  13.754  -23.544  45.400 0.0000000000
36600  12.503  -25.395  44.974 0.0000000000
39587  11.893  -22.696  49.735 0.0000000000
36571  11.476  -25.325  47.117 0.0000000000
30636  3.494  -30.889  53.083 0.0000000000
50494  35.630  -11.406  33.713 0.0000000000
123254  31.492  -14.913  36.066 0.0000000000
47428  30.950  -14.335  39.381 0.0000000000
105527  28.679  -14.399  38.280 0.0000000000
117443  27.441  -16.835  37.921 0.0000000000
42457  27.587  -19.520  37.339 0.0000000000
40673  28.262  -21.319  36.125 0.0000000000
36621  29.657  -24.928  43.927 0.0000000000
38745  30.790  -24.098  42.311 0.0000000000
40613  31.049  -21.791  40.542 0.0000000000
39753  29.857  -22.981  39.251 0.0000000000
39782  28.130  -22.842  36.472 0.0000000000
49511  33.884  -11.890  32.133 0.0000000000
49531  31.428  -12.586  29.998 0.0000000000
51518  38.774  -10.526  31.660 0.0000000000
105165  38.156  -10.616  31.180 0.0000000000
51519  37.872  -10.300  32.054 0.0000000000
51515  41.010  -10.054  31.697 0.0000000000
41454  18.783  -20.618  42.150 0.0000000000
40599  17.656  -21.307  42.481 0.0000000000
40584  18.639  -21.292  43.746 0.0000000000
40581  20.971  -21.492  43.602 0.0000000000
40596  21.108  -21.781  42.830 0.0000000000
41452  20.168  -21.040  42.687 0.0000000000
41465  19.323  -20.563  41.458 0.0000000000
56944  35.289  -4.312  28.787 0.0000000000
55990  37.410  -5.009  29.311 0.0000000000
57915  38.071  -3.392  29.925 0.0000000000
118340  37.138  -3.347  29.560 0.0000000000
58793  36.917  -2.537  29.176 0.0000000000
34448  10.083  -27.043  51.955 0.0000000000
34458  10.326  -27.173  51.159 0.0000000000
33556  9.172  -28.002  51.091 0.0000000000
32712  8.721  -28.427  49.830 0.0000000000
32699  8.040  -28.503  50.142 0.0000000000
31723  6.629  -29.288  49.983 0.0000000000
45375  30.409  -16.216  42.603 0.0000000000
44363  30.895  -17.999  41.699 0.0000000000
44364  30.497  -18.158  41.098 0.0000000000
42422  31.410  -19.511  41.266 0.0000000000
38670  30.153  -22.833  47.411 0.0000000000
36696  23.911  -25.443  38.503 0.0000000000
36684  25.696  -25.919  39.417 0.0000000000
114554  24.530  -25.426  37.847 0.0000000000
37809  25.583  -25.318  37.773 0.0000000000
47503  30.595  -14.743  34.121 0.0000000000
46478  30.443  -15.050  32.850 0.0000000000
61417  47.703  1.310  20.739 0.0000000000
61416  49.296  1.455  20.445 0.0000000000
62210  50.353  1.860  18.411 0.0000000000
62215  50.094  2.000  17.589 0.0000000000
62217  48.909  1.538  17.293 0.0000000000
53391  39.181  -8.468  28.365 0.0000000000
53392  38.033  -8.537  28.276 0.0000000000
52551  38.081  -9.525  28.372 0.0000000000
50540  35.720  -10.404  30.047 0.0000000000
122616  36.482  -10.280  28.512 0.0000000000
51559  34.319  -10.159  28.154 0.0000000000
53386  40.813  -8.702  29.571 0.0000000000
54228  40.335  -7.667  29.261 0.0000000000
55112  39.556  -6.251  29.505 0.0000000000
39705  15.960  -22.670  42.375 0.0000000000
38752  14.392  -24.132  42.708 0.0000000000
35571  24.220  -26.657  45.550 0.0000000000
116608  24.761  -26.993  44.808 0.0000000000
36607  23.288  -26.037  44.129 0.0000000000
39718  21.601  -23.109  41.760 0.0000000000
37761  22.274  -24.639  41.617 0.0000000000
38778  21.759  -23.929  40.356 0.0000000000
37781  22.262  -24.339  39.702 0.0000000000
38795  21.723  -23.274  39.565 0.0000000000
39755  21.357  -22.324  39.034 0.0000000000
117933  26.328  -16.915  36.965 0.0000000000
111635  43.638  -0.930  26.450 0.0000000000
58816  45.556  -0.862  25.791 0.0000000000
125531  43.515  -1.999  24.759 0.0000000000
58856  44.598  -1.300  23.222 0.0000000000
58885  44.252  -1.501  21.259 0.0000000000
59748  45.240  -0.277  21.913 0.0000000000
39615  21.110  -22.131  47.219 0.0000000000
39616  20.141  -22.283  47.391 0.0000000000
39597  20.841  -22.589  47.962 0.0000000000
113684  22.519  -22.938  47.146 0.0000000000
39633  22.252  -22.522  46.191 0.0000000000
60537  42.380  -0.084  28.240 0.0000000000
60538  41.379  -0.055  28.489 0.0000000000
59690  38.933  -0.995  26.218 0.0000000000
40548  18.342  -22.499  46.270 0.0000000000
39658  17.242  -22.592  45.543 0.0000000000
105296  16.723  -22.493  46.762 0.0000000000
39622  13.607  -22.155  47.312 0.0000000000
39641  14.779  -22.560  46.301 0.0000000000
38682  13.495  -23.279  46.223 0.0000000000
38715  13.358  -24.149  44.956 0.0000000000
37677  12.520  -24.357  46.255 0.0000000000
39575  11.758  -22.722  50.538 0.0000000000
35535  10.658  -26.404  48.178 0.0000000000
36538  11.318  -25.200  48.730 0.0000000000
35547  10.650  -26.509  47.177 0.0000000000
35560  11.340  -26.160  46.011 0.0000000000
46428  32.390  -15.335  36.130 0.0000000000
47404  30.079  -14.592  41.234 0.0000000000
47417  30.640  -14.253  40.460 0.0000000000
47429  30.001  -14.345  39.733 0.0000000000
47440  30.243  -14.339  38.813 0.0000000000
47431  28.774  -14.678  39.601 0.0000000000
46402  28.055  -15.131  38.810 0.0000000000
45414  28.360  -15.739  39.137 0.0000000000
42441  29.364  -19.638  39.001 0.0000000000
42442  28.850  -18.984  38.659 0.0000000000
42447  28.655  -19.790  38.136 0.0000000000
108774  28.289  -20.737  36.821 0.0000000000
40659  28.811  -21.435  37.324 0.0000000000
35600  26.804  -26.801  42.891 0.0000000000
36606  28.547  -25.264  44.692 0.0000000000
35617  27.788  -25.298  43.266 0.0000000000
37778  28.625  -25.330  40.680 0.0000000000
37759  29.237  -25.310  41.711 0.0000000000
38764  29.911  -24.412  41.120 0.0000000000
39716  31.299  -22.483  41.931 0.0000000000
38775  30.217  -23.382  40.211 0.0000000000
40631  30.579  -21.977  39.912 0.0000000000
38793  29.337  -23.782  39.277 0.0000000000
38838  26.678  -23.796  35.777 0.0000000000
38823  27.972  -23.810  37.169 0.0000000000
48499  35.305  -13.704  33.605 0.0000000000
50505  34.983  -11.487  33.087 0.0000000000
121038  34.278  -13.202  32.784 0.0000000000
47565  30.818  -14.610  30.242 0.0000000000
48541  31.763  -13.041  30.546 0.0000000000
108336  48.895  3.891  16.909 0.0000000000
105513  39.901  -10.157  29.571 0.0000000000
51542  38.328  -10.364  29.201 0.0000000000
120624  38.619  -10.602  29.806 0.0000000000
114550  37.225  -10.564  29.995 0.0000000000
50526  35.133  -10.307  30.974 0.0000000000
52524  41.995  -9.263  31.676 0.0000000000
106155  40.860  -9.981  30.880 0.0000000000
41468  17.079  -20.912  40.561 0.0000000000
40600  17.027  -21.738  42.087 0.0000000000
39689  16.727  -22.316  43.439 0.0000000000
38710  22.405  -23.423  44.860 0.0000000000
37724  22.449  -24.590  43.621 0.0000000000
39687  21.826  -22.884  43.470 0.0000000000
39703  21.326  -22.414  42.261 0.0000000000
40633  20.693  -21.852  40.741 0.0000000000
40648  20.756  -21.747  39.609 0.0000000000
40634  20.257  -21.143  40.150 0.0000000000
41479  19.225  -20.326  39.912 0.0000000000
58844  41.807  -3.210  24.350 0.0000000000
38650  21.336  -23.313  49.294 0.0000000000
57898  39.493  -3.474  30.751 0.0000000000
59654  39.068  -1.804  29.980 0.0000000000
59656  39.062  -0.971  29.268 0.0000000000
60540  39.594  -0.445  28.695 0.0000000000
59666  38.251  -1.247  28.712 0.0000000000
58799  36.894  -2.083  28.440 0.0000000000
39602  16.643  -22.327  48.754 0.0000000000
39620  16.330  -22.351  47.336 0.0000000000
39603  15.895  -21.939  49.014 0.0000000000
40528  15.139  -21.605  48.471 0.0000000000
40530  13.450  -21.362  48.598 0.0000000000
37601  11.179  -24.003  50.878 0.0000000000
36524  10.740  -25.217  50.937 0.0000000000
34485  10.353  -27.204  49.405 0.0000000000
33591  9.773  -27.651  48.108 0.0000000000
32740  8.425  -28.448  48.010 0.0000000000
46355  29.976  -15.276  41.629 0.0000000000
45386  29.679  -15.833  41.257 0.0000000000
110014  29.270  -16.619  40.143 0.0000000000
44375  30.003  -17.799  40.689 0.0000000000
42434  29.793  -19.291  39.726 0.0000000000
41477  29.888  -20.316  39.553 0.0000000000
36667  24.613  -26.302  40.881 0.0000000000
111218  27.237  -25.891  42.374 0.0000000000
36666  26.645  -26.178  40.271 0.0000000000
36682  27.340  -25.769  39.938 0.0000000000
37794  27.831  -25.188  39.476 0.0000000000
37806  28.310  -24.548  39.040 0.0000000000
37808  26.737  -25.122  38.198 0.0000000000
37843  26.142  -24.458  36.378 0.0000000000
46475  33.344  -15.294  33.826 0.0000000000
47538  32.771  -14.602  32.536 0.0000000000
46494  32.349  -15.049  32.789 0.0000000000
117665  30.580  -15.215  32.151 0.0000000000
63955  50.824  3.111  17.342 0.0000000000
63068  50.375  2.589  16.898 0.0000000000
55124  37.301  -6.566  28.727 0.0000000000
55136  35.913  -6.821  28.055 0.0000000000
54243  36.752  -7.213  28.372 0.0000000000
51557  37.131  -10.077  28.135 0.0000000000
107777  36.546  -10.138  27.398 0.0000000000
55087  42.121  -6.093  31.512 0.0000000000
55088  41.412  -5.828  31.078 0.0000000000
56897  40.358  -4.526  31.207 0.0000000000
55981  39.602  -5.136  30.340 0.0000000000
55113  38.771  -5.980  29.191 0.0000000000
35540  27.957  -25.499  47.155 0.0000000000
36595  28.695  -24.942  46.313 0.0000000000
34530  27.085  -27.023  45.949 0.0000000000
35601  25.710  -27.143  43.409 0.0000000000
35620  24.840  -26.657  42.374 0.0000000000
37741  22.717  -25.378  42.934 0.0000000000
111741  22.870  -25.441  42.052 0.0000000000
36652  23.709  -25.896  41.403 0.0000000000
36668  23.694  -25.701  40.470 0.0000000000
37796  22.895  -24.898  38.960 0.0000000000
37811  23.122  -24.958  38.171 0.0000000000
58840  46.320  -0.689  24.789 0.0000000000
58842  43.973  -1.692  24.257 0.0000000000
59717  45.514  -0.868  24.039 0.0000000000
59728  46.700  -0.446  23.345 0.0000000000
59739  47.048  -0.167  23.070 0.0000000000
60597  46.369  0.627  21.241 0.0000000000
61423  46.534  1.266  19.172 0.0000000000
107579  46.798  1.156  17.834 0.0000000000
109624  20.139  -21.437  45.130 0.0000000000
123680  19.455  -21.471  44.793 0.0000000000
40546  19.754  -21.886  45.962 0.0000000000
39637  18.724  -22.460  46.782 0.0000000000
39618  18.441  -22.592  47.546 0.0000000000
38651  20.261  -23.317  49.353 0.0000000000
39583  18.122  -22.774  49.139 0.0000000000
39572  17.824  -22.625  50.086 0.0000000000
109935  29.144  -25.027  48.328 0.0000000000
34490  26.788  -26.461  47.803 0.0000000000
119407  24.996  -27.201  46.885 0.0000000000
112035  23.275  -26.111  46.152 0.0000000000
106154  23.334  -25.386  47.256 0.0000000000
112928  22.760  -25.112  46.216 0.0000000000
38697  22.562  -23.328  45.715 0.0000000000
39656  21.575  -22.043  45.544 0.0000000000
59663  44.361  -0.469  27.873 0.0000000000
106837  42.988  -0.864  26.824 0.0000000000
114520  41.997  -1.703  26.157 0.0000000000
60552  39.854  -0.437  27.820 0.0000000000
116749  40.586  -1.001  26.505 0.0000000000
58830  40.774  -2.283  25.084 0.0000000000
40572  17.969  -22.003  44.229 0.0000000000
115264  16.558  -22.520  44.469 0.0000000000
39675  15.945  -22.636  44.299 0.0000000000
39640  15.696  -22.498  46.016 0.0000000000
39661  15.022  -22.726  45.494 0.0000000000
38713  14.846  -23.375  44.072 0.0000000000
37711  13.634  -24.435  44.029 0.0000000000
37712  13.063  -24.907  44.509 0.0000000000
40518  12.830  -21.394  49.911 0.0000000000
108998  12.359  -22.631  48.051 0.0000000000
38665  11.818  -23.722  48.626 0.0000000000
37657  12.206  -24.043  47.019 0.0000000000
36588  11.653  -25.517  46.322 0.0000000000
30634  4.672  -30.138  52.535 0.0000000000
123185  36.819  -10.439  33.549 0.0000000000
47502  34.289  -15.349  34.030 0.0000000000
46461  32.979  -15.380  34.521 0.0000000000
46443  31.706  -14.985  35.403 0.0000000000
47467  29.629  -14.199  35.759 0.0000000000
47453  31.015  -14.643  37.391 0.0000000000
47454  29.976  -14.252  37.122 0.0000000000
110083  29.062  -14.134  36.460 0.0000000000
47457  27.312  -14.726  37.413 0.0000000000
45427  27.085  -16.090  37.649 0.0000000000
44417  26.452  -17.705  37.085 0.0000000000
44390  28.671  -17.462  38.848 0.0000000000
43478  27.546  -18.284  37.788 0.0000000000
42458  26.873  -18.930  37.014 0.0000000000
41518  27.173  -19.402  36.735 0.0000000000
41526  27.843  -20.401  35.742 0.0000000000
42412  32.040  -19.490  42.831 0.0000000000
36594  29.043  -24.490  45.862 0.0000000000
37702  29.999  -23.983  44.782 0.0000000000
37720  30.780  -23.939  43.931 0.0000000000
36648  27.550  -25.413  42.680 0.0000000000
120432  30.132  -24.788  42.593 0.0000000000
39686  31.301  -22.813  43.386 0.0000000000
39700  31.540  -22.287  42.770 0.0000000000
41451  31.704  -21.039  42.058 0.0000000000
115574  31.640  -20.267  41.570 0.0000000000
41463  31.011  -21.004  40.492 0.0000000000
40646  30.315  -21.224  39.695 0.0000000000
40647  29.906  -21.275  39.040 0.0000000000
38810  28.865  -23.879  38.680 0.0000000000
38822  28.730  -23.204  37.699 0.0000000000
39771  29.208  -22.253  37.920 0.0000000000
39792  28.245  -22.005  35.454 0.0000000000
50504  35.656  -10.660  33.083 0.0000000000
50514  35.082  -10.605  32.489 0.0000000000
50515  33.368  -10.930  31.670 0.0000000000
48526  33.140  -13.423  31.821 0.0000000000
49529  32.664  -11.736  31.184 0.0000000000
51533  31.930  -10.709  29.836 0.0000000000
61431  47.861  0.980  16.677 0.0000000000
51506  38.554  -10.243  32.622 0.0000000000
51505  39.619  -10.341  32.273 0.0000000000
41442  19.063  -20.747  43.041 0.0000000000
40582  20.262  -21.133  43.530 0.0000000000
113122  20.669  -21.309  42.991 0.0000000000
41441  19.718  -20.913  43.076 0.0000000000
41453  19.543  -20.750  42.391 0.0000000000
56002  35.840  -5.055  28.986 0.0000000000
56003  35.081  -5.146  28.232 0.0000000000
56925  37.829  -4.245  29.710 0.0000000000
56926  36.896  -4.228  29.452 0.0000000000
57916  36.373  -3.648  29.353 0.0000000000
33547  9.347  -27.478  52.322 0.0000000000
33555  9.711  -27.578  51.557 0.0000000000
32698  8.713  -28.366  50.637 0.0000000000
32690  8.671  -28.215  51.432 0.0000000000
32691  8.016  -28.451  50.967 0.0000000000
44354  31.233  -17.906  42.614 0.0000000000
45374  30.818  -16.863  43.024 0.0000000000
43436  31.428  -18.720  41.856 0.0000000000
38660  30.267  -22.888  48.188 0.0000000000
37648  29.845  -23.379  47.120 0.0000000000
37810  23.672  -25.179  37.605 0.0000000000
37827  24.517  -25.164  36.932 0.0000000000
47483  29.788  -14.315  34.636 0.0000000000
47504  29.471  -14.483  33.748 0.0000000000
62198  48.460  1.535  20.062 0.0000000000
62205  49.483  1.653  19.197 0.0000000000
62211  49.584  1.798  18.028 0.0000000000
62212  48.682  1.654  18.298 0.0000000000
52550  38.768  -9.251  28.309 0.0000000000
50541  34.738  -10.262  30.081 0.0000000000
51544  35.410  -10.304  29.066 0.0000000000
51545  34.074  -10.164  29.178 0.0000000000
51560  33.303  -10.255  28.483 0.0000000000
51546  33.183  -10.208  29.360 0.0000000000
52543  40.263  -9.390  29.247 0.0000000000
53387  40.034  -8.546  28.854 0.0000000000
54229  39.562  -7.636  28.772 0.0000000000
121177  15.706  -22.875  42.906 0.0000000000
39706  15.389  -23.234  42.297 0.0000000000
38751  14.762  -23.848  42.011 0.0000000000
38732  14.846  -23.605  43.039 0.0000000000
36596  23.263  -26.119  45.108 0.0000000000
37703  22.659  -25.350  44.547 0.0000000000
38779  21.513  -23.193  40.742 0.0000000000
114002  21.844  -23.871  41.235 0.0000000000
44418  26.448  -17.710  36.827 0.0000000000
58817  43.331  -1.615  25.534 0.0000000000
58829  42.584  -2.763  24.937 0.0000000000
59749  44.534  -0.737  20.899 0.0000000000
38671  21.791  -22.577  47.681 0.0000000000
38663  21.505  -23.041  48.353 0.0000000000
39614  21.908  -22.294  46.962 0.0000000000
60527  40.326  -0.239  29.874 0.0000000000
60526  40.963  0.103  29.421 0.0000000000
60539  40.387  -0.195  28.718 0.0000000000
104817  17.996  -22.588  46.956 0.0000000000
39638  17.488  -22.578  46.390 0.0000000000
39619  17.193  -22.544  47.174 0.0000000000
39642  13.909  -22.603  46.589 0.0000000000
39643  13.121  -22.795  46.927 0.0000000000
38683  12.813  -23.604  46.618 0.0000000000
39561  11.574  -22.852  51.388 0.0000000000
34509  10.248  -27.182  47.644 0.0000000000
34522  10.262  -27.300  46.619 0.0000000000
106058  29.736  -14.529  40.520 0.0000000000
47430  29.245  -14.554  39.959 0.0000000000
46388  28.786  -14.913  39.996 0.0000000000
46389  28.459  -15.030  39.523 0.0000000000
45413  28.887  -15.645  39.926 0.0000000000
41501  28.867  -20.688  37.817 0.0000000000
35619  27.091  -26.480  42.117 0.0000000000
35618  27.656  -25.747  42.602 0.0000000000
37777  29.292  -24.726  40.737 0.0000000000
113855  29.951  -23.990  40.495 0.0000000000
38776  29.700  -23.743  39.937 0.0000000000
47536  34.477  -14.085  33.064 0.0000000000
48500  34.916  -13.055  32.999 0.0000000000
51527  40.095  -10.358  30.575 0.0000000000
51528  39.200  -10.627  30.277 0.0000000000
50512  37.211  -10.401  31.493 0.0000000000
51530  37.601  -10.607  30.614 0.0000000000
50525  36.425  -10.432  30.759 0.0000000000
53374  42.480  -8.653  31.651 0.0000000000
51516  40.305  -10.341  31.534 0.0000000000
52535  40.622  -9.737  29.973 0.0000000000
39704  16.614  -22.294  42.700 0.0000000000
38728  22.273  -23.528  43.981 0.0000000000
113087  21.487  -22.415  43.010 0.0000000000
40614  20.855  -21.822  41.822 0.0000000000
39719  21.142  -22.508  41.285 0.0000000000
40615  20.333  -21.252  41.272 0.0000000000
109262  19.092  -20.347  40.610 0.0000000000
41480  18.488  -20.269  40.018 0.0000000000
58786  38.535  -2.633  29.954 0.0000000000
58785  39.219  -2.685  30.441 0.0000000000
59657  38.337  -1.804  29.445 0.0000000000
58800  36.233  -2.676  28.721 0.0000000000
116677  36.291  -2.287  27.956 0.0000000000
39584  17.236  -22.499  49.437 0.0000000000
108982  15.166  -21.402  49.514 0.0000000000
40529  14.306  -21.214  48.929 0.0000000000
37586  10.314  -24.364  52.385 0.0000000000
38635  10.769  -24.375  51.433 0.0000000000
109797  9.858  -27.732  49.855 0.0000000000
34470  10.425  -27.192  50.280 0.0000000000
33578  9.840  -27.702  48.989 0.0000000000
33592  9.155  -28.037  48.561 0.0000000000
32713  7.975  -28.607  49.293 0.0000000000
32726  7.885  -28.831  48.351 0.0000000000
123436  6.683  -29.099  50.706 0.0000000000
31710  6.188  -29.386  51.158 0.0000000000
45385  30.089  -16.227  41.821 0.0000000000
46341  30.398  -15.360  42.426 0.0000000000
45398  29.746  -16.735  40.912 0.0000000000
43450  30.329  -18.786  40.441 0.0000000000
111787  25.597  -26.353  40.410 0.0000000000
125224  25.111  -26.076  39.720 0.0000000000
36683  26.611  -25.741  39.422 0.0000000000
37795  27.083  -25.390  39.023 0.0000000000
37807  27.606  -24.821  38.628 0.0000000000
37826  25.584  -25.020  36.869 0.0000000000
121424  32.440  -15.260  33.969 0.0000000000
46476  32.441  -15.186  33.334 0.0000000000
46477  31.381  -15.173  33.528 0.0000000000
120664  50.450  2.359  17.418 0.0000000000
108420  49.979  2.081  16.893 0.0000000000
62219  49.616  2.154  16.170 0.0000000000
62220  49.257  1.656  16.148 0.0000000000
54242  37.703  -7.431  28.459 0.0000000000
53396  37.087  -9.019  28.032 0.0000000000
54254  37.028  -8.116  28.122 0.0000000000
52561  36.805  -9.654  26.942 0.0000000000
51556  37.850  -10.050  28.618 0.0000000000
51558  35.434  -10.177  27.830 0.0000000000
51576  35.247  -10.045  26.875 0.0000000000
54212  42.243  -7.817  31.068 0.0000000000
111848  42.449  -7.029  31.294 0.0000000000
55970  40.870  -5.219  31.124 0.0000000000
55980  40.184  -5.186  30.697 0.0000000000
55101  39.956  -5.761  30.123 0.0000000000
54230  39.101  -6.827  28.993 0.0000000000
55114  37.834  -5.840  29.074 0.0000000000
34515  26.683  -27.180  46.595 0.0000000000
34514  27.266  -26.195  46.641 0.0000000000
34531  26.518  -27.238  45.747 0.0000000000
108160  24.844  -26.822  43.989 0.0000000000
35602  24.870  -26.785  43.116 0.0000000000
35603  24.160  -26.421  42.907 0.0000000000
37742  22.349  -24.562  42.574 0.0000000000
37812  22.502  -24.497  38.261 0.0000000000
40649  20.272  -21.134  39.132 0.0000000000
40660  20.769  -21.719  38.644 0.0000000000
40661  20.099  -21.371  38.402 0.0000000000
59662  45.305  -0.576  27.835 0.0000000000
58828  45.492  -0.891  25.407 0.0000000000
58827  46.280  -0.900  25.607 0.0000000000
124290  43.075  -3.199  23.723 0.0000000000
106221  43.308  -2.634  24.045 0.0000000000
59729  44.994  -0.938  22.770 0.0000000000
112895  45.699  -0.673  23.370 0.0000000000
59740  45.895  -0.292  22.836 0.0000000000
60598  45.278  0.201  20.894 0.0000000000
60589  46.095  0.175  22.331 0.0000000000
61419  45.839  0.693  20.225 0.0000000000
61418  46.692  1.119  20.247 0.0000000000
39636  19.492  -22.205  46.693 0.0000000000
39617  19.249  -22.516  47.468 0.0000000000
38643  19.557  -23.253  49.606 0.0000000000
39582  18.955  -23.008  49.368 0.0000000000
121657  18.487  -22.867  49.918 0.0000000000
104717  28.190  -25.429  48.283 0.0000000000
111538  24.401  -27.036  47.033 0.0000000000
37650  23.051  -24.523  47.450 0.0000000000
37668  22.978  -24.735  46.812 0.0000000000
37669  22.813  -24.036  46.260 0.0000000000
39634  21.361  -22.046  46.376 0.0000000000
40557  21.071  -21.537  45.003 0.0000000000
60550  41.804  -0.341  27.586 0.0000000000
60549  42.751  -0.493  27.425 0.0000000000
59676  42.147  -1.013  26.799 0.0000000000
59665  38.967  -0.707  28.279 0.0000000000
59679  38.999  -0.735  27.295 0.0000000000
59678  39.787  -0.741  26.819 0.0000000000
59689  39.903  -1.164  25.916 0.0000000000
108928  40.689  -1.635  25.794 0.0000000000
59699  40.042  -1.709  25.115 0.0000000000
109521  18.733  -21.786  44.749 0.0000000000
40560  18.063  -22.478  45.055 0.0000000000
40561  17.285  -22.483  44.679 0.0000000000
39659  16.636  -22.517  45.066 0.0000000000
39660  15.884  -22.560  45.085 0.0000000000
105535  15.984  -22.329  46.743 0.0000000000
121259  15.275  -22.308  46.734 0.0000000000
39662  14.253  -23.053  45.877 0.0000000000
39677  14.496  -23.201  45.019 0.0000000000
39676  15.263  -22.859  44.694 0.0000000000
38714  14.004  -23.736  44.522 0.0000000000
37693  12.787  -24.611  45.414 0.0000000000
36613  12.109  -26.166  44.403 0.0000000000
39574  12.261  -22.065  50.243 0.0000000000
39586  12.342  -21.983  49.361 0.0000000000
38652  12.074  -22.777  48.810 0.0000000000
37613  11.129  -24.627  50.620 0.0000000000
122467  11.311  -24.740  49.974 0.0000000000
36554  11.375  -25.217  47.919 0.0000000000
37642  11.626  -24.523  48.304 0.0000000000
38673  12.007  -23.886  47.825 0.0000000000
37658  11.744  -24.613  47.455 0.0000000000
37678  11.931  -24.789  46.661 0.0000000000
119591  5.769  -29.169  52.666 0.0000000000
107635  5.264  -29.456  52.959 0.0000000000
31686  3.929  -30.124  53.345 0.0000000000
30635  4.104  -30.543  52.831 0.0000000000
48487  35.945  -13.811  34.135 0.0000000000
46459  34.312  -15.580  34.566 0.0000000000
46460  33.744  -15.476  34.418 0.0000000000
46441  33.686  -15.597  35.045 0.0000000000
47466  30.758  -14.514  35.542 0.0000000000
118300  30.789  -14.515  36.462 0.0000000000
47439  31.237  -14.713  38.378 0.0000000000
107321  29.612  -14.328  38.154 0.0000000000
47455  28.950  -14.216  37.382 0.0000000000
106105  28.202  -14.150  36.549 0.0000000000
47456  28.012  -14.335  37.442 0.0000000000
45426  27.834  -15.944  38.332 0.0000000000
46403  27.550  -15.308  37.942 0.0000000000
117448  26.587  -16.932  37.330 0.0000000000
44389  29.209  -17.440  39.597 0.0000000000
42448  28.119  -18.938  37.918 0.0000000000
43477  28.406  -18.246  38.400 0.0000000000
42449  27.297  -18.829  37.438 0.0000000000
43491  26.774  -18.336  37.241 0.0000000000
40685  28.298  -21.150  35.060 0.0000000000
35569  27.679  -26.123  45.612 0.0000000000
35568  28.431  -25.196  45.547 0.0000000000
113200  29.018  -24.988  44.335 0.0000000000
36605  29.621  -24.469  44.511 0.0000000000
37701  30.362  -23.860  44.443 0.0000000000
37721  30.238  -24.457  43.999 0.0000000000
36649  27.145  -25.362  42.536 0.0000000000
38746  29.956  -24.689  41.902 0.0000000000
38727  31.208  -23.740  43.237 0.0000000000
39685  31.478  -21.987  43.578 0.0000000000
38744  31.247  -23.143  42.514 0.0000000000
39717  31.038  -22.627  41.034 0.0000000000
40595  31.572  -21.804  42.235 0.0000000000
40612  31.380  -21.803  41.444 0.0000000000
117170  31.987  -20.179  42.382 0.0000000000
41462  31.365  -21.052  41.107 0.0000000000
115178  31.165  -20.334  40.828 0.0000000000
40632  30.222  -22.081  39.356 0.0000000000
39770  29.786  -22.195  38.701 0.0000000000
38811  28.232  -24.180  38.160 0.0000000000
116059  28.623  -22.189  36.819 0.0000000000
120935  36.357  -11.197  34.271 0.0000000000
105416  36.170  -10.701  33.543 0.0000000000
49498  34.403  -12.253  32.745 0.0000000000
50506  34.271  -11.124  32.479 0.0000000000
106266  34.503  -10.544  31.800 0.0000000000
47552  33.273  -14.161  32.222 0.0000000000
47553  32.427  -14.156  31.749 0.0000000000
49530  31.956  -11.994  30.545 0.0000000000
50528  32.250  -10.918  30.724 0.0000000000
50529  31.542  -11.488  29.863 0.0000000000
65745  48.435  5.552  17.468 0.0000000000
65748  47.621  4.992  17.065 0.0000000000
66586  47.573  6.949  17.315 0.0000000000
122839  46.954  0.847  17.056 0.0000000000
105683  38.818  -10.791  30.973 0.0000000000
41455  18.027  -20.746  41.874 0.0000000000
40598  18.316  -20.948  42.822 0.0000000000
40585  17.825  -21.590  43.387 0.0000000000
40569  21.232  -21.621  44.269 0.0000000000
39688  21.554  -22.060  43.731 0.0000000000
41464  19.993  -20.895  41.808 0.0000000000
57930  35.721  -3.443  28.958 0.0000000000
125097  38.458  -4.522  29.877 0.0000000000
56912  38.546  -4.073  30.149 0.0000000000
40502  16.271  -21.853  50.167 0.0000000000
40515  15.905  -21.777  49.711 0.0000000000
40503  15.667  -21.460  50.261 0.0000000000
33564  9.843  -27.692  50.729 0.0000000000
33565  9.243  -28.130  50.275 0.0000000000
31709  7.343  -28.750  50.394 0.0000000000
125580  7.312  -28.707  50.923 0.0000000000
44355  30.604  -17.113  42.212 0.0000000000
43437  30.978  -18.769  41.117 0.0000000000
42423  30.803  -19.601  40.641 0.0000000000
36685  24.670  -25.760  39.265 0.0000000000
36695  25.075  -25.630  38.520 0.0000000000
47521  30.194  -14.793  33.404 0.0000000000
60596  47.940  0.927  21.720 0.0000000000
60595  48.776  0.930  21.884 0.0000000000
60605  48.536  1.289  21.070 0.0000000000
62209  50.732  2.288  18.019 0.0000000000
124853  49.621  1.803  17.430 0.0000000000
54241  38.681  -7.556  28.498 0.0000000000
52560  37.615  -9.205  28.227 0.0000000000
119291  36.492  -10.475  29.590 0.0000000000
53381  41.395  -8.466  30.171 0.0000000000
54219  41.030  -7.673  29.820 0.0000000000
55111  40.387  -6.703  29.797 0.0000000000
114593  39.766  -7.000  29.305 0.0000000000
40601  16.353  -22.188  41.652 0.0000000000
37747  14.090  -24.387  41.897 0.0000000000
37748  13.785  -24.646  42.878 0.0000000000
35570  25.140  -27.188  45.517 0.0000000000
111388  24.108  -26.446  44.540 0.0000000000
38765  22.039  -23.740  42.171 0.0000000000
37762  22.268  -24.602  40.638 0.0000000000
38812  21.864  -23.884  38.209 0.0000000000
112176  21.638  -23.086  38.573 0.0000000000
45443  26.446  -15.943  36.590 0.0000000000
59686  44.497  -0.857  26.033 0.0000000000
105215  44.448  -1.130  25.278 0.0000000000
106247  44.457  -1.231  24.831 0.0000000000
118027  43.886  -2.345  22.567 0.0000000000
59741  44.865  -0.806  22.143 0.0000000000
60599  44.706  -0.453  19.856 0.0000000000
39635  20.387  -21.985  46.576 0.0000000000
123995  22.686  -23.278  46.445 0.0000000000
60551  40.844  -0.299  27.798 0.0000000000
124158  18.011  -22.555  45.800 0.0000000000
39639  16.601  -22.532  46.170 0.0000000000
39621  14.527  -22.172  47.047 0.0000000000
38699  13.142  -23.953  45.838 0.0000000000
39560  12.156  -22.170  51.097 0.0000000000
36539  10.938  -25.907  49.039 0.0000000000
113523  11.240  -25.246  49.517 0.0000000000
36555  11.028  -25.715  48.294 0.0000000000
36572  11.012  -25.843  47.578 0.0000000000
35546  11.160  -25.993  46.768 0.0000000000
35561  10.817  -26.632  46.306 0.0000000000
107763  33.264  -15.575  35.724 0.0000000000
46429  31.703  -14.975  36.793 0.0000000000
47441  29.261  -14.401  39.131 0.0000000000
47442  28.428  -14.657  39.032 0.0000000000
47443  27.960  -14.690  38.215 0.0000000000
116776  28.192  -16.687  38.643 0.0000000000
113302  29.381  -18.900  39.262 0.0000000000
122996  28.187  -20.210  37.421 0.0000000000
115630  27.632  -26.554  43.491 0.0000000000
35581  28.214  -25.875  44.865 0.0000000000
35599  28.393  -26.057  44.024 0.0000000000
105659  28.416  -25.584  43.792 0.0000000000
37760  28.559  -25.739  41.680 0.0000000000
113510  30.472  -24.050  41.468 0.0000000000
39701  30.936  -23.335  41.616 0.0000000000
38763  30.524  -23.551  40.802 0.0000000000
39735  30.626  -22.701  40.327 0.0000000000
39736  30.247  -22.828  39.782 0.0000000000
38824  27.133  -24.261  36.762 0.0000000000
38837  27.432  -23.378  36.170 0.0000000000
39793  27.693  -22.647  35.280 0.0000000000
39794  27.141  -23.215  34.991 0.0000000000
49487  35.331  -12.447  33.533 0.0000000000
124475  34.905  -12.350  33.085 0.0000000000
49499  33.762  -12.792  32.341 0.0000000000
47554  31.138  -14.949  31.022 0.0000000000
48528  31.687  -14.140  30.858 0.0000000000
63956  49.765  3.395  16.604 0.0000000000
51541  39.101  -10.333  29.294 0.0000000000
105293  37.967  -10.590  29.873 0.0000000000
51529  38.406  -10.729  30.470 0.0000000000
53375  41.949  -8.778  30.843 0.0000000000
52525  41.439  -9.548  31.297 0.0000000000
52534  41.262  -9.259  30.396 0.0000000000
40617  16.714  -21.523  41.040 0.0000000000
40616  17.379  -21.108  41.506 0.0000000000
39690  16.055  -22.649  43.427 0.0000000000
125978  22.570  -24.821  45.040 0.0000000000
37704  22.519  -24.263  44.582 0.0000000000
39702  21.706  -23.023  42.653 0.0000000000
41489  19.766  -20.668  39.618 0.0000000000
41478  19.724  -20.678  40.664 0.0000000000
107117  41.601  -2.783  25.122 0.0000000000
38649  22.221  -23.551  49.641 0.0000000000
58783  39.896  -2.749  30.878 0.0000000000
57899  38.830  -3.434  30.326 0.0000000000
60528  39.697  -0.889  30.104 0.0000000000
118421  39.869  -0.427  29.363 0.0000000000
59667  37.579  -1.895  28.972 0.0000000000
108885  37.527  -1.429  28.195 0.0000000000
58806  36.874  -1.717  27.450 0.0000000000
39601  17.448  -22.559  48.528 0.0000000000
105678  16.878  -22.477  47.924 0.0000000000
105056  16.002  -22.186  48.139 0.0000000000
40539  14.231  -21.622  47.941 0.0000000000
39604  13.311  -21.745  47.922 0.0000000000
37626  11.071  -25.258  50.227 0.0000000000
109615  10.745  -25.843  50.409 0.0000000000
35525  10.698  -26.443  49.786 0.0000000000
111680  10.597  -26.620  48.986 0.0000000000
34498  10.270  -27.179  48.557 0.0000000000
32725  8.613  -28.442  48.980 0.0000000000
47394  30.348  -14.792  41.872 0.0000000000
46356  29.592  -15.148  41.012 0.0000000000
45399  29.335  -15.834  40.672 0.0000000000
44376  29.583  -17.390  40.257 0.0000000000
43464  29.684  -18.263  39.834 0.0000000000
36651  25.778  -26.603  41.382 0.0000000000
35635  27.047  -26.383  41.946 0.0000000000
36650  26.774  -26.462  41.307 0.0000000000
36665  27.450  -26.224  41.276 0.0000000000
37779  28.042  -25.667  40.445 0.0000000000
37793  28.441  -24.894  39.834 0.0000000000
126143  28.815  -24.325  39.367 0.0000000000
37825  26.472  -24.869  37.326 0.0000000000
47537  33.643  -14.498  32.791 0.0000000000
47520  33.159  -15.075  33.106 0.0000000000
115416  31.576  -14.770  32.013 0.0000000000
46495  31.528  -15.130  32.741 0.0000000000
108733  50.544  3.525  17.171 0.0000000000
63066  50.855  2.743  17.670 0.0000000000
63961  50.280  2.999  16.657 0.0000000000
56001  36.773  -5.692  28.935 0.0000000000
55126  35.873  -5.897  28.399 0.0000000000
55125  36.519  -6.455  28.562 0.0000000000
52545  38.690  -9.965  28.644 0.0000000000
51574  37.008  -10.037  27.214 0.0000000000
51575  36.150  -9.973  26.796 0.0000000000
55099  41.731  -6.729  30.801 0.0000000000
56910  39.691  -4.604  30.691 0.0000000000
55982  39.027  -4.699  30.153 0.0000000000
55988  39.232  -5.465  29.792 0.0000000000
55989  38.379  -5.104  29.561 0.0000000000
36562  28.688  -25.138  47.568 0.0000000000
36561  29.232  -24.620  47.288 0.0000000000
36583  28.695  -25.073  46.940 0.0000000000
35554  28.105  -25.478  46.389 0.0000000000
34545  27.145  -27.053  45.174 0.0000000000
35583  25.589  -27.224  44.543 0.0000000000
34546  26.415  -27.276  44.841 0.0000000000
120424  27.128  -27.037  44.329 0.0000000000
35582  26.529  -27.155  43.849 0.0000000000
110193  25.880  -26.890  42.536 0.0000000000
37723  22.791  -25.534  43.683 0.0000000000
36623  23.366  -25.976  43.166 0.0000000000
125871  23.169  -25.699  42.610 0.0000000000
36638  23.783  -26.115  42.292 0.0000000000
35637  24.720  -26.474  41.685 0.0000000000
37780  22.864  -25.170  40.019 0.0000000000
36686  23.740  -25.533  39.524 0.0000000000
47468  28.392  -14.042  35.591 0.0000000000
126633  47.063  -0.704  24.611 0.0000000000
124156  43.018  -2.807  24.554 0.0000000000
126227  44.536  -1.216  24.465 0.0000000000
58857  43.892  -1.972  23.516 0.0000000000
106693  44.591  -1.261  24.020 0.0000000000
59716  46.542  -0.639  23.986 0.0000000000
59715  47.578  -0.606  24.043 0.0000000000
59727  47.722  -0.399  23.463 0.0000000000
60588  47.246  0.438  22.313 0.0000000000
117171  47.197  0.919  21.319 0.0000000000
62206  47.463  1.480  19.545 0.0000000000
62213  47.660  1.521  18.527 0.0000000000
61428  46.865  1.360  18.666 0.0000000000
123315  19.890  -21.202  44.301 0.0000000000
40571  19.231  -21.318  44.260 0.0000000000
40558  19.223  -21.809  45.414 0.0000000000
40547  18.984  -22.257  46.080 0.0000000000
38664  20.628  -23.083  48.614 0.0000000000
123978  20.066  -23.155  48.737 0.0000000000
38642  19.980  -23.305  50.207 0.0000000000
39581  19.592  -23.136  48.904 0.0000000000
39599  18.899  -22.821  48.374 0.0000000000
39600  18.115  -22.664  48.251 0.0000000000
39573  17.022  -22.176  50.427 0.0000000000
39559  17.802  -22.358  50.770 0.0000000000
37617  30.058  -23.611  48.544 0.0000000000
37633  29.641  -24.178  48.242 0.0000000000
36546  28.689  -25.188  47.995 0.0000000000
35541  27.203  -25.975  47.449 0.0000000000
116121  26.213  -27.273  47.308 0.0000000000
123569  26.269  -27.171  48.161 0.0000000000
108195  25.512  -27.278  47.086 0.0000000000
35555  24.694  -27.095  46.294 0.0000000000
35556  24.052  -26.647  46.424 0.0000000000
121828  23.196  -25.546  46.736 0.0000000000
37687  22.633  -24.290  45.458 0.0000000000
39655  22.139  -22.648  45.192 0.0000000000
39673  21.662  -22.043  44.673 0.0000000000
40570  20.625  -21.346  44.320 0.0000000000
59664  43.376  -0.254  28.019 0.0000000000
59675  43.654  -0.629  27.298 0.0000000000
59687  42.730  -1.366  26.185 0.0000000000
120963  40.459  -0.545  27.175 0.0000000000
59688  41.385  -1.349  26.320 0.0000000000
59698  41.437  -2.122  25.750 0.0000000000
40573  17.183  -22.247  43.872 0.0000000000
39674  16.495  -22.477  43.928 0.0000000000
115564  15.539  -22.957  44.025 0.0000000000
38733  14.249  -23.986  43.584 0.0000000000
37729  13.208  -25.177  43.476 0.0000000000
40517  13.540  -21.174  49.459 0.0000000000
40531  12.859  -21.418  49.119 0.0000000000
39605  12.625  -21.926  48.435 0.0000000000
38644  11.401  -23.400  50.734 0.0000000000
116483  11.594  -23.260  50.110 0.0000000000
38653  11.684  -23.486  49.437 0.0000000000
37625  11.498  -24.435  49.255 0.0000000000
117812  12.125  -23.220  48.139 0.0000000000
38672  12.457  -23.176  47.425 0.0000000000
37694  12.205  -25.072  45.866 0.0000000000
35575  11.862  -25.904  45.458 0.0000000000
105003  6.066  -29.144  51.937 0.0000000000
31697  5.282  -29.702  52.199 0.0000000000
31698  4.798  -30.529  51.838 0.0000000000
51507  37.604  -10.298  33.058 0.0000000000
47518  34.909  -14.879  33.648 0.0000000000
46442  32.661  -15.330  35.231 0.0000000000
47482  30.962  -14.616  34.882 0.0000000000
46415  31.739  -15.034  37.608 0.0000000000
116389  30.436  -14.431  38.007 0.0000000000
47470  27.292  -14.396  36.546 0.0000000000
46416  26.836  -15.371  37.310 0.0000000000
46417  26.535  -15.468  36.895 0.0000000000
45433  26.454  -16.131  37.127 0.0000000000
109284  28.784  -16.601  39.397 0.0000000000
44402  27.865  -17.561  38.215 0.0000000000
44403  27.014  -17.651  37.567 0.0000000000
43492  26.558  -18.340  36.900 0.0000000000
42459  26.949  -18.899  36.538 0.0000000000
41527  27.405  -19.590  36.177 0.0000000000
41517  27.565  -20.054  36.684 0.0000000000
41544  28.355  -20.547  34.884 0.0000000000
37667  29.601  -24.010  46.892 0.0000000000
37666  29.765  -23.387  46.392 0.0000000000
37685  29.775  -23.554  45.560 0.0000000000
113656  28.984  -24.608  45.056 0.0000000000
36593  29.498  -24.096  45.310 0.0000000000
37665  30.039  -23.037  45.899 0.0000000000
38695  30.664  -22.640  44.848 0.0000000000
35634  27.116  -25.367  42.535 0.0000000000
36636  27.654  -25.239  43.228 0.0000000000
36635  28.266  -25.488  43.253 0.0000000000
37740  28.261  -25.906  42.656 0.0000000000
37739  29.283  -25.433  42.646 0.0000000000
37722  29.896  -25.027  43.312 0.0000000000
38708  31.005  -23.211  44.067 0.0000000000
39671  31.077  -22.364  44.232 0.0000000000
116858  31.308  -21.602  44.420 0.0000000000
40594  31.787  -21.444  42.975 0.0000000000
126738  31.920  -20.707  42.819 0.0000000000
42413  31.827  -19.480  42.042 0.0000000000
41476  30.544  -20.506  40.213 0.0000000000
111433  30.723  -21.291  40.112 0.0000000000
40658  29.405  -21.388  38.261 0.0000000000
39754  29.412  -23.090  38.559 0.0000000000
114145  28.344  -21.794  34.713 0.0000000000
50503  36.810  -10.341  32.641 0.0000000000
125367  35.428  -10.321  31.683 0.0000000000
50527  33.997  -10.305  31.071 0.0000000000
48512  33.824  -13.783  32.459 0.0000000000
49512  33.258  -12.262  31.727 0.0000000000
48527  32.410  -13.552  31.211 0.0000000000
49513  32.582  -12.761  31.170 0.0000000000
113607  33.090  -10.469  30.848 0.0000000000
51532  32.652  -10.374  30.058 0.0000000000
62218  47.829  1.306  17.587 0.0000000000
62221  48.691  1.287  16.312 0.0000000000
61436  47.781  0.571  15.771 0.0000000000
34503  26.799  -27.030  47.389 0.0000000000
34517  25.383  -27.248  46.300 0.0000000000
34532  25.846  -27.297  45.549 0.0000000000
36545  29.225  -24.719  47.864 0.0000000000
36563  27.953  -25.430  47.760 0.0000000000
36581  29.494  -23.959  46.140 0.0000000000
36582  29.164  -24.530  46.626 0.0000000000
36622  29.074  -25.429  43.570 0.0000000000
36637  27.621  -25.567  42.679 0.0000000000
37632  29.876  -23.415  47.824 0.0000000000
37684  30.091  -23.404  45.040 0.0000000000
37738  30.655  -24.432  43.225 0.0000000000
38709  30.512  -23.345  44.594 0.0000000000
43426  31.949  -18.984  43.272 0.0000000000
56927  36.012  -4.270  29.280 0.0000000000
58794  36.399  -3.076  29.217 0.0000000000
65746  47.493  5.974  17.223 0.0000000000
103974  27.227  -25.789  47.922 0.0000000000
