#!ascii label  , from subject sub-2001 vox2ras=TkReg
1016
125191  32.518  -53.612  -26.898 0.3000000119
18553  31.082  -44.640  -26.688 0.6000000238
21482  30.112  -40.490  -27.755 0.6999999881
22509  29.813  -39.553  -28.148 0.6999999881
9869  32.139  -54.098  -27.482 0.4000000060
13560  30.375  -49.280  -29.555 0.4000000060
10695  32.881  -53.067  -27.033 0.5000000000
18552  31.523  -44.866  -27.667 0.6999999881
19516  30.787  -43.467  -26.504 0.6999999881
121129  31.260  -44.000  -27.455 0.5000000000
21498  31.387  -40.765  -28.778 0.6000000238
21493  30.922  -41.192  -28.120 0.6000000238
22516  31.013  -39.655  -28.697 0.6999999881
24635  30.252  -38.679  -28.422 0.6999999881
105996  32.402  -53.119  -27.813 0.5000000000
118081  31.398  -49.446  -29.567 0.4000000060
117716  32.789  -53.025  -27.358 0.6000000238
15613  30.559  -48.420  -29.074 0.4000000060
15604  31.293  -48.029  -28.429 0.5000000000
10708  33.792  -52.264  -27.943 0.6000000238
16669  31.021  -47.536  -27.840 0.6000000238
16652  31.500  -46.615  -27.522 0.6000000238
10694  33.419  -52.371  -27.609 0.6000000238
17576  31.800  -45.751  -27.736 0.6000000238
19525  31.177  -43.039  -27.742 0.6000000238
21492  31.596  -41.642  -28.860 0.6000000238
23591  32.929  -40.088  -29.714 0.6999999881
22515  31.814  -40.455  -29.159 0.6999999881
23581  32.292  -39.359  -29.292 0.6999999881
24645  31.719  -38.782  -28.955 0.6999999881
25713  30.450  -38.381  -28.223 0.6999999881
24644  32.474  -38.784  -29.051 0.6999999881
24633  31.973  -38.458  -28.700 0.6999999881
25711  31.699  -38.143  -28.319 0.6999999881
25720  34.218  -38.090  -28.878 0.6999999881
10723  31.453  -52.764  -28.129 0.5000000000
11655  31.658  -51.075  -28.905 0.5000000000
11656  30.551  -50.854  -28.834 0.5000000000
15612  31.522  -48.478  -29.149 0.4000000060
11637  33.637  -51.971  -28.396 0.5000000000
16668  31.978  -47.108  -27.857 0.6000000238
11621  34.326  -51.867  -28.044 0.6000000238
110436  34.456  -51.772  -28.351 0.5000000000
11635  35.478  -51.249  -29.045 0.5000000000
18569  32.006  -43.908  -28.978 0.6999999881
19529  31.725  -43.159  -28.910 0.6000000238
19524  31.553  -43.985  -28.337 0.6999999881
22524  32.804  -41.080  -29.855 0.6000000238
20531  31.962  -42.455  -29.342 0.6000000238
23590  33.836  -39.919  -29.809 0.6000000238
22525  32.358  -41.228  -29.586 0.6000000238
23580  33.153  -39.270  -29.444 0.6999999881
25701  31.516  -37.832  -27.838 0.6999999881
23578  35.043  -39.056  -29.701 0.6000000238
25709  33.517  -37.917  -28.464 0.6999999881
25700  32.267  -37.669  -27.826 0.6999999881
24642  34.553  -38.492  -29.291 0.6999999881
113093  31.881  -49.023  -29.507 0.4000000060
11638  32.386  -52.049  -28.297 0.5000000000
12604  32.020  -50.343  -29.482 0.4000000060
14505  32.363  -47.877  -28.592 0.5000000000
118440  33.955  -50.885  -29.371 0.4000000060
125429  31.979  -46.326  -27.721 0.6000000238
11653  34.241  -51.546  -28.898 0.4000000060
13558  33.761  -49.944  -29.656 0.4000000060
12602  34.854  -50.592  -29.415 0.4000000060
13557  35.383  -49.879  -29.414 0.4000000060
18564  31.948  -44.836  -28.586 0.6999999881
19528  32.331  -43.472  -29.488 0.6000000238
124174  32.771  -42.856  -29.939 0.6000000238
22523  33.580  -40.879  -30.072 0.6000000238
21506  33.292  -42.038  -30.318 0.6000000238
107517  35.567  -39.887  -30.065 0.6000000238
26673  32.144  -37.371  -27.196 0.6999999881
25698  34.135  -37.242  -27.883 0.6999999881
25719  35.031  -37.947  -28.986 0.6000000238
25708  34.572  -37.607  -28.468 0.6000000238
13559  32.823  -49.384  -29.607 0.4000000060
14521  32.561  -48.687  -29.325 0.4000000060
17587  32.368  -45.929  -28.120 0.6999999881
14520  33.647  -49.070  -29.558 0.4000000060
18563  32.573  -45.116  -28.929 0.8000000119
12586  36.690  -50.245  -29.008 0.5000000000
18573  33.059  -43.624  -30.069 0.6999999881
115593  33.019  -43.166  -30.171 0.6000000238
21505  34.302  -41.669  -30.391 0.5000000000
25691  31.394  -37.598  -27.107 0.6999999881
24649  37.662  -38.679  -30.624 0.6000000238
24651  35.971  -38.972  -29.880 0.6000000238
25699  33.161  -37.493  -27.826 0.8000000119
26672  32.943  -37.131  -27.210 0.8000000119
24639  37.324  -38.115  -29.955 0.6000000238
24640  36.400  -38.255  -29.664 0.6000000238
15603  33.322  -47.456  -28.488 0.5000000000
121692  34.136  -47.877  -28.810 0.5000000000
14502  36.245  -48.069  -28.889 0.6999999881
119889  35.059  -48.361  -29.107 0.4000000060
121736  33.373  -44.179  -29.946 0.6999999881
19534  33.583  -43.715  -30.504 0.6999999881
21504  35.193  -41.514  -30.355 0.6000000238
20534  34.157  -42.821  -30.730 0.6000000238
120411  36.440  -40.607  -30.396 0.6000000238
26664  32.787  -36.793  -26.475 0.6000000238
23588  36.563  -39.739  -30.348 0.6000000238
26678  35.173  -36.979  -27.893 0.6999999881
26671  33.806  -36.818  -27.277 0.6999999881
25717  36.974  -37.547  -29.325 0.6999999881
25707  35.587  -37.383  -28.513 0.6999999881
15602  34.164  -47.188  -28.346 0.5000000000
16666  33.489  -46.535  -28.314 0.6000000238
16667  32.785  -46.806  -28.120 0.6000000238
16664  35.386  -46.442  -27.938 0.6999999881
114799  35.103  -47.595  -28.650 0.6000000238
116302  32.999  -45.748  -28.627 0.6999999881
124402  36.314  -46.836  -27.741 0.6999999881
15600  37.710  -48.014  -28.254 0.6999999881
18567  33.970  -44.421  -30.152 0.6999999881
18571  34.328  -44.227  -30.609 0.6999999881
118463  36.103  -42.154  -30.429 0.5000000000
20533  35.061  -43.599  -30.795 0.6000000238
26647  32.417  -36.068  -24.687 0.5000000000
122133  37.592  -41.099  -30.713 0.6000000238
22520  36.857  -41.747  -30.455 0.6000000238
27587  33.406  -36.089  -25.752 0.6000000238
27582  33.088  -35.612  -24.969 0.5000000000
119657  38.052  -39.288  -31.077 0.6000000238
23587  37.394  -39.581  -30.681 0.6000000238
26669  35.714  -36.163  -27.462 0.6000000238
27585  34.829  -35.162  -26.359 0.5000000000
28558  34.863  -34.148  -26.427 0.5000000000
24648  38.554  -38.587  -31.104 0.6999999881
25725  38.178  -37.864  -30.378 0.6999999881
25715  38.642  -36.921  -30.099 0.6999999881
26676  37.106  -36.160  -28.361 0.6999999881
26668  36.535  -35.688  -27.851 0.5000000000
25724  38.964  -37.517  -30.772 0.6999999881
126548  38.054  -35.517  -29.909 0.6000000238
17586  33.702  -45.548  -28.775 0.6000000238
121950  34.952  -47.002  -28.204 0.6999999881
16665  34.291  -46.285  -28.239 0.6000000238
17584  35.295  -45.592  -27.741 0.6999999881
17588  34.093  -44.831  -29.443 0.6999999881
19532  35.644  -44.093  -30.368 0.6999999881
18570  35.167  -44.350  -30.432 0.6999999881
21503  37.175  -42.883  -30.174 0.6000000238
118742  32.725  -35.256  -24.314 0.4000000060
21502  38.030  -42.595  -30.295 0.5000000000
28550  34.195  -33.751  -25.947 0.4000000060
24655  39.293  -39.032  -31.591 0.6000000238
114341  38.676  -39.572  -31.452 0.6000000238
27592  35.957  -35.210  -27.389 0.5000000000
27584  35.438  -34.682  -26.910 0.5000000000
26675  37.653  -35.548  -29.205 0.5000000000
28563  36.551  -34.236  -29.119 0.4000000060
25729  39.392  -38.059  -31.320 0.6000000238
26685  39.096  -36.477  -30.716 0.6999999881
26680  38.549  -35.947  -30.248 0.6000000238
121515  38.032  -35.150  -30.526 0.5000000000
18561  35.105  -44.856  -28.628 0.6000000238
17585  34.643  -45.500  -28.307 0.6999999881
18562  34.583  -44.785  -29.240 0.6999999881
111515  35.229  -44.834  -27.544 0.6999999881
114533  35.230  -44.169  -28.028 0.6999999881
18565  35.189  -44.467  -29.823 0.6000000238
19531  36.633  -43.832  -29.932 0.6000000238
21509  39.687  -42.021  -30.909 0.6000000238
20528  38.491  -42.952  -30.054 0.5000000000
22519  38.852  -41.372  -31.103 0.6000000238
23594  40.139  -39.518  -31.621 0.6000000238
22528  39.726  -41.237  -31.366 0.6000000238
27591  36.440  -34.697  -28.131 0.4000000060
28561  35.880  -34.233  -27.692 0.5000000000
113512  35.281  -33.709  -27.279 0.4000000060
25728  40.028  -37.641  -31.527 0.6000000238
28564  36.077  -33.845  -28.644 0.4000000060
25723  39.604  -37.091  -31.171 0.6000000238
27601  38.616  -35.588  -30.952 0.5000000000
106811  35.610  -44.272  -29.088 0.6999999881
19515  35.134  -43.521  -27.388 0.6999999881
19523  36.553  -43.868  -29.220 0.6000000238
19526  36.917  -43.776  -29.738 0.6000000238
19530  37.496  -43.404  -29.731 0.5000000000
21494  40.625  -41.643  -30.762 0.6000000238
21495  39.976  -42.218  -30.512 0.6000000238
21499  40.642  -41.393  -31.143 0.6000000238
23593  41.152  -40.063  -31.401 0.5000000000
24653  41.068  -39.005  -31.535 0.6000000238
26688  40.346  -36.770  -31.630 0.6000000238
26684  39.464  -36.026  -31.483 0.5000000000
20525  36.214  -43.052  -28.324 0.6999999881
20524  37.036  -43.288  -28.848 0.6999999881
21490  38.253  -42.913  -29.480 0.6000000238
22513  39.827  -41.896  -29.788 0.5000000000
23575  41.589  -40.381  -30.455 0.6000000238
23576  40.676  -40.934  -29.884 0.6000000238
24647  42.468  -39.067  -30.935 0.6000000238
25726  41.956  -37.428  -31.447 0.6000000238
27607  40.223  -35.883  -31.895 0.5000000000
13518  35.068  -49.542  -26.876 0.5000000000
13517  37.108  -49.025  -27.446 0.5000000000
14477  35.423  -48.855  -26.362 0.5000000000
118756  36.082  -49.382  -27.192 0.5000000000
15586  37.582  -47.840  -27.481 0.6999999881
16629  36.551  -46.640  -25.149 0.6999999881
14465  36.865  -47.817  -26.054 0.5000000000
14466  35.918  -48.187  -25.660 0.5000000000
16650  37.118  -46.940  -26.798 0.6999999881
16628  37.045  -47.105  -25.862 0.6999999881
17575  35.757  -45.532  -26.985 0.6999999881
9844  32.303  -53.943  -26.765 0.3000000119
23571  30.170  -39.183  -28.484 0.6999999881
20527  30.784  -41.952  -27.491 0.6000000238
123237  30.841  -38.524  -28.560 0.6999999881
14501  37.233  -48.661  -28.884 0.6000000238
25706  36.647  -37.073  -28.627 0.6999999881
26663  33.594  -36.466  -26.559 0.6000000238
26677  36.199  -36.612  -28.024 0.6999999881
27593  35.252  -35.676  -26.924 0.6000000238
26682  37.559  -36.690  -28.984 0.6999999881
27580  34.314  -34.626  -25.828 0.5000000000
28551  33.764  -34.166  -25.238 0.5000000000
27598  37.582  -34.843  -30.081 0.5000000000
20532  37.112  -43.480  -29.924 0.5000000000
19514  35.655  -43.594  -28.319 0.6999999881
20529  38.133  -43.132  -29.804 0.5000000000
24652  42.040  -38.523  -31.324 0.6000000238
25727  40.973  -37.816  -31.649 0.6000000238
19522  37.380  -43.473  -29.462 0.6000000238
23585  41.831  -40.548  -30.847 0.6000000238
108829  38.111  -42.399  -28.969 0.5000000000
16605  35.588  -45.906  -23.703 0.6000000238
19446  33.112  -43.981  -20.878 0.6000000238
19434  32.486  -43.044  -19.997 0.4000000060
17517  34.470  -45.043  -22.443 0.5000000000
111007  36.029  -46.097  -24.472 0.6000000238
16654  29.578  -47.312  -27.338 0.5000000000
109345  32.991  -43.836  -19.022 0.4000000060
17577  31.232  -45.869  -26.965 0.5000000000
17568  29.576  -45.780  -26.080 0.5000000000
18483  33.994  -44.676  -21.976 0.5000000000
20416  34.368  -42.797  -18.504 0.4000000060
17578  30.130  -46.379  -26.707 0.5000000000
18535  29.639  -43.967  -25.445 0.5000000000
19456  33.531  -44.009  -21.790 0.6000000238
18546  30.432  -44.254  -25.881 0.5000000000
17538  35.095  -45.364  -23.192 0.5000000000
17559  36.309  -46.036  -25.508 0.6000000238
19413  35.985  -43.238  -18.798 0.4000000060
119497  37.607  -43.655  -19.644 0.4000000060
19457  32.764  -43.283  -21.281 0.4000000060
20512  27.262  -43.649  -26.894 0.5000000000
18502  34.103  -44.411  -22.444 0.5000000000
19507  29.495  -43.153  -25.708 0.5000000000
20511  28.352  -42.281  -26.773 0.5000000000
17549  35.459  -45.400  -24.107 0.6000000238
18534  34.986  -44.661  -25.003 0.6000000238
17566  36.454  -46.126  -26.458 0.6000000238
107122  30.314  -41.263  -27.438 0.5000000000
21484  28.625  -40.801  -27.446 0.5000000000
20520  27.276  -42.601  -27.214 0.4000000060
19467  34.085  -44.041  -23.747 0.5000000000
19468  34.010  -44.037  -23.036 0.5000000000
19482  34.178  -44.019  -24.676 0.6000000238
19494  34.271  -43.890  -25.629 0.6000000238
114286  35.344  -44.906  -25.805 0.6000000238
19504  34.576  -43.528  -26.507 0.6000000238
113787  35.326  -44.846  -26.634 0.6000000238
20434  32.845  -42.280  -18.993 0.4000000060
20415  35.221  -42.687  -18.613 0.4000000060
22502  28.269  -39.897  -27.609 0.5000000000
21485  27.693  -40.637  -27.463 0.5000000000
21486  26.293  -41.138  -27.294 0.4000000060
22501  29.192  -40.122  -27.716 0.6000000238
113993  27.100  -41.411  -27.390 0.4000000060
20482  32.659  -42.831  -23.105 0.6000000238
108764  33.156  -42.753  -24.979 0.6000000238
20500  33.543  -42.462  -25.679 0.6000000238
20508  34.242  -42.619  -26.343 0.6000000238
19411  37.620  -42.871  -19.726 0.4000000060
23563  28.090  -39.322  -27.473 0.5000000000
23565  26.718  -39.665  -27.149 0.4000000060
22505  25.633  -40.620  -26.769 0.4000000060
21425  31.762  -41.632  -21.047 0.6000000238
20451  32.335  -42.367  -19.712 0.4000000060
21453  32.005  -41.795  -23.285 0.6000000238
20474  32.782  -43.103  -22.187 0.6000000238
20481  33.336  -43.431  -23.557 0.5000000000
119365  32.913  -41.460  -25.080 0.6000000238
119350  32.263  -41.645  -24.005 0.5000000000
20507  34.602  -42.080  -26.690 0.6000000238
19432  38.185  -43.450  -19.961 0.4000000060
20433  33.708  -42.079  -18.625 0.4000000060
23573  28.847  -38.994  -27.603 0.6000000238
23558  26.994  -39.307  -26.927 0.5000000000
23553  26.439  -40.135  -25.708 0.5000000000
125156  25.304  -40.733  -26.084 0.5000000000
22422  32.287  -40.871  -19.767 0.4000000060
21403  32.528  -41.528  -19.379 0.4000000060
21440  31.657  -40.989  -21.349 0.5000000000
22467  32.085  -40.835  -23.858 0.5000000000
22475  32.549  -40.571  -24.528 0.5000000000
21465  33.333  -41.451  -25.570 0.6000000238
21472  34.518  -41.372  -26.480 0.6000000238
123559  35.168  -42.285  -27.123 0.6000000238
21399  36.419  -41.611  -19.577 0.4000000060
20430  36.727  -42.532  -19.330 0.4000000060
20450  37.379  -41.953  -20.051 0.4000000060
108934  38.215  -42.740  -20.308 0.4000000060
25692  30.096  -38.260  -27.623 0.6000000238
22404  35.073  -40.506  -19.538 0.4000000060
21400  35.509  -41.257  -19.157 0.4000000060
24613  28.346  -38.953  -26.314 0.6000000238
110117  27.241  -39.863  -25.333 0.5000000000
22488  25.611  -40.697  -25.309 0.4000000060
111780  32.564  -40.129  -19.971 0.4000000060
107133  31.793  -40.653  -22.805 0.5000000000
22487  33.468  -40.511  -25.529 0.5000000000
22496  34.561  -40.650  -26.372 0.6000000238
21481  35.111  -41.658  -26.924 0.6000000238
21480  36.370  -41.386  -27.847 0.6000000238
21423  37.455  -41.518  -21.281 0.4000000060
24620  29.902  -38.266  -26.723 0.6000000238
110810  29.100  -38.625  -26.530 0.6000000238
23551  28.426  -39.207  -25.385 0.5000000000
22470  25.101  -40.526  -24.058 0.5000000000
22420  34.473  -39.833  -19.966 0.4000000060
23474  32.251  -39.681  -20.790 0.4000000060
121508  32.017  -39.646  -22.470 0.5000000000
23538  32.482  -39.748  -24.042 0.5000000000
22495  35.219  -40.308  -26.720 0.5000000000
20462  38.104  -41.832  -22.045 0.4000000060
24612  29.783  -38.445  -25.631 0.6000000238
24601  28.829  -39.183  -24.340 0.5000000000
23524  28.084  -39.733  -23.674 0.5000000000
123387  32.094  -39.990  -23.278 0.5000000000
23550  33.732  -39.549  -25.380 0.4000000060
23557  35.053  -39.504  -26.388 0.4000000060
22499  36.093  -40.302  -27.324 0.4000000060
22498  36.936  -40.701  -28.070 0.6000000238
21489  38.777  -42.233  -29.353 0.4000000060
21413  36.747  -41.231  -20.595 0.4000000060
24619  30.660  -37.884  -26.925 0.6000000238
22419  35.416  -40.142  -20.485 0.4000000060
25685  31.348  -37.505  -26.096 0.5000000000
24599  30.250  -38.232  -24.801 0.5000000000
23512  26.868  -39.584  -22.628 0.4000000060
24600  29.627  -38.613  -24.566 0.4000000060
23522  32.926  -38.723  -23.612 0.5000000000
24610  33.932  -38.621  -24.883 0.5000000000
115558  34.303  -38.930  -25.517 0.6000000238
23555  36.299  -39.316  -27.038 0.4000000060
23562  36.741  -39.812  -27.645 0.4000000060
23570  38.264  -40.235  -28.537 0.4000000060
24616  36.540  -38.398  -26.685 0.5000000000
25676  31.309  -37.308  -24.977 0.5000000000
25677  30.741  -37.679  -24.447 0.6000000238
26649  31.165  -36.908  -23.853 0.4000000060
24631  39.190  -38.951  -28.387 0.5000000000
23577  39.728  -40.776  -29.240 0.5000000000
25690  36.845  -37.512  -26.271 0.5000000000
24617  35.635  -38.783  -26.435 0.5000000000
24625  37.194  -38.973  -27.438 0.5000000000
23560  38.178  -39.188  -28.151 0.5000000000
22418  36.234  -40.587  -21.081 0.4000000060
25721  42.598  -37.978  -31.028 0.5000000000
23567  41.016  -39.816  -29.782 0.4000000060
23568  40.092  -39.685  -29.045 0.5000000000
24624  38.046  -38.270  -27.452 0.5000000000
24615  37.378  -37.999  -26.874 0.5000000000
26630  31.386  -35.986  -23.412 0.4000000060
24637  42.321  -38.741  -30.596 0.4000000060
24628  41.873  -38.157  -29.591 0.4000000060
23574  42.216  -39.793  -30.825 0.5000000000
24638  41.704  -39.265  -30.138 0.5000000000
24630  40.047  -38.604  -28.558 0.5000000000
24629  41.024  -38.663  -29.143 0.5000000000
24623  38.730  -38.401  -27.873 0.5000000000
24622  39.583  -38.110  -27.980 0.5000000000
25705  40.668  -37.850  -28.199 0.4000000060
21483  29.584  -41.035  -27.382 0.5000000000
22510  28.920  -39.339  -27.788 0.6000000238
20509  30.155  -42.738  -26.179 0.6000000238
24636  29.718  -38.612  -28.026 0.6000000238
16653  30.649  -46.962  -27.379 0.5000000000
26655  32.632  -36.498  -25.599 0.5000000000
22508  37.343  -41.887  -28.432 0.6000000238
22507  37.987  -41.239  -28.637 0.4000000060
19508  28.594  -42.953  -25.979 0.5000000000
20510  29.353  -42.394  -26.310 0.5000000000
21474  29.067  -41.633  -26.978 0.5000000000
22503  26.848  -40.429  -27.364 0.4000000060
21487  25.721  -40.966  -27.106 0.4000000060
21439  31.708  -41.463  -22.075 0.6000000238
23564  27.411  -39.300  -27.153 0.6000000238
23559  26.536  -39.683  -26.710 0.4000000060
118091  34.683  -40.971  -18.931 0.4000000060
24626  29.293  -38.577  -27.392 0.6000000238
24621  28.440  -38.839  -27.096 0.6000000238
107255  27.010  -39.413  -26.408 0.5000000000
22478  24.670  -41.058  -25.036 0.5000000000
121498  24.140  -41.357  -25.895 0.5000000000
22477  25.469  -40.689  -24.475 0.5000000000
106423  29.054  -38.879  -25.472 0.5000000000
23540  27.407  -40.202  -24.212 0.5000000000
23539  28.008  -39.655  -24.794 0.5000000000
23549  34.428  -39.501  -25.956 0.5000000000
22469  25.916  -40.523  -23.868 0.5000000000
23510  32.452  -38.931  -22.336 0.5000000000
24611  30.604  -37.946  -25.681 0.6000000238
23561  37.470  -39.957  -28.159 0.3000000119
25704  41.558  -37.557  -28.530 0.4000000060
5676  26.111  -58.444  -14.353 0.3000000119
5701  27.381  -58.426  -16.448 0.3000000119
5688  26.585  -57.634  -14.737 0.3000000119
6528  27.810  -57.941  -17.014 0.3000000119
6515  27.410  -56.913  -15.862 0.3000000119
6540  28.561  -57.789  -18.423 0.3000000119
6527  28.200  -57.387  -17.571 0.3000000119
8077  29.475  -55.795  -14.563 0.3000000119
7301  27.547  -56.238  -15.416 0.3000000119
7313  28.299  -56.365  -17.178 0.3000000119
7336  28.720  -56.864  -18.122 0.3000000119
8089  28.349  -55.129  -15.358 0.3000000119
110406  29.889  -54.437  -15.070 0.3000000119
8094  28.243  -55.548  -16.509 0.4000000060
8103  28.613  -55.561  -17.177 0.4000000060
7335  29.394  -56.431  -18.604 0.4000000060
7348  29.911  -56.804  -19.346 0.3000000119
9710  30.003  -53.456  -15.763 0.3000000119
9719  29.634  -53.713  -16.247 0.4000000060
8905  29.417  -54.235  -17.010 0.4000000060
8102  29.146  -55.148  -17.501 0.4000000060
110964  31.567  -53.918  -15.256 0.3000000119
7334  30.248  -56.036  -18.939 0.4000000060
9706  33.052  -53.661  -15.571 0.4000000060
9707  32.164  -53.296  -15.423 0.4000000060
7347  30.707  -56.298  -19.676 0.4000000060
7346  31.282  -55.783  -19.960 0.3000000119
10550  31.088  -52.664  -15.835 0.4000000060
8904  30.405  -54.052  -17.646 0.4000000060
10549  31.896  -52.538  -15.645 0.4000000060
8911  31.212  -54.033  -18.321 0.5000000000
8912  30.747  -54.624  -18.242 0.4000000060
11604  33.592  -51.792  -27.390 0.5000000000
10560  33.769  -52.443  -15.959 0.4000000060
8119  31.007  -55.537  -19.271 0.4000000060
9835  31.500  -53.786  -25.700 0.3000000119
10684  31.591  -52.431  -26.070 0.4000000060
8953  30.821  -54.696  -22.192 0.3000000119
15606  29.730  -48.237  -28.508 0.4000000060
15588  29.592  -48.003  -28.020 0.4000000060
12574  36.795  -50.245  -28.585 0.4000000060
13530  36.707  -50.064  -27.929 0.4000000060
12575  36.056  -50.840  -28.435 0.4000000060
9718  30.372  -53.084  -16.251 0.3000000119
8903  30.794  -53.200  -17.405 0.5000000000
13531  35.445  -50.408  -27.618 0.4000000060
12576  34.263  -51.031  -27.489 0.4000000060
10561  32.475  -51.840  -15.889 0.4000000060
10696  32.045  -53.314  -26.447 0.4000000060
8118  31.433  -55.080  -19.553 0.4000000060
11606  31.988  -51.839  -26.359 0.5000000000
8128  31.445  -55.403  -20.273 0.5000000000
10671  31.038  -52.232  -24.871 0.4000000060
8939  31.235  -54.963  -21.318 0.3000000119
9822  31.138  -53.377  -24.828 0.4000000060
16640  28.987  -46.527  -26.394 0.4000000060
13545  37.234  -49.544  -28.735 0.4000000060
10562  31.688  -52.041  -16.052 0.4000000060
10578  31.139  -52.490  -16.583 0.4000000060
13519  34.189  -49.899  -26.987 0.4000000060
12563  33.259  -50.966  -27.045 0.5000000000
10577  31.180  -52.440  -17.562 0.4000000060
9746  31.209  -53.308  -18.165 0.4000000060
12564  32.442  -50.451  -26.657 0.5000000000
123698  31.854  -51.175  -16.843 0.4000000060
111021  31.418  -51.474  -17.342 0.4000000060
121014  31.272  -53.004  -18.481 0.4000000060
9759  31.450  -53.665  -19.253 0.5000000000
9773  31.263  -53.865  -20.097 0.5000000000
112034  33.247  -50.129  -26.857 0.4000000060
116293  31.670  -50.001  -26.085 0.5000000000
11460  31.708  -50.672  -17.285 0.4000000060
9774  30.743  -53.428  -20.809 0.5000000000
11591  31.311  -51.528  -25.783 0.4000000060
8940  30.785  -54.135  -21.543 0.4000000060
9808  30.529  -53.501  -23.317 0.4000000060
9823  30.563  -53.031  -24.108 0.4000000060
10672  30.366  -52.145  -23.880 0.4000000060
14478  34.282  -49.069  -26.397 0.4000000060
14468  33.530  -48.576  -25.764 0.3000000119
114457  31.136  -52.003  -18.107 0.4000000060
10603  30.425  -52.165  -19.475 0.4000000060
13505  32.388  -49.561  -26.361 0.4000000060
119462  24.466  -41.576  -26.580 0.4000000060
12416  31.375  -49.930  -17.758 0.4000000060
11476  30.919  -50.709  -17.859 0.4000000060
10620  30.289  -52.499  -20.385 0.5000000000
10632  30.202  -52.685  -21.201 0.5000000000
112927  31.636  -49.083  -25.806 0.5000000000
12550  31.139  -50.582  -25.608 0.4000000060
12437  30.538  -49.907  -18.331 0.4000000060
9783  30.351  -53.267  -21.776 0.4000000060
11592  30.895  -51.177  -25.049 0.4000000060
116792  30.400  -52.754  -23.396 0.4000000060
11580  30.392  -51.298  -24.332 0.4000000060
15564  35.211  -47.809  -24.903 0.4000000060
14479  33.263  -49.290  -26.450 0.3000000119
11477  30.602  -51.546  -18.632 0.4000000060
11515  29.787  -51.672  -19.931 0.4000000060
14469  32.492  -48.738  -25.857 0.3000000119
110441  30.163  -50.536  -18.647 0.4000000060
11516  29.310  -51.200  -20.295 0.4000000060
10633  29.713  -51.875  -20.943 0.4000000060
10645  29.952  -52.308  -21.964 0.5000000000
13379  30.255  -49.466  -18.872 0.4000000060
12456  29.126  -49.939  -19.643 0.4000000060
11550  29.720  -51.447  -22.481 0.4000000060
11568  30.021  -51.338  -23.423 0.4000000060
12551  30.529  -50.315  -24.738 0.4000000060
15553  35.607  -47.127  -24.303 0.4000000060
119673  29.116  -51.064  -21.019 0.4000000060
4258  32.134  -61.255  -23.881 0.3000000119
7300  30.437  -56.250  -14.754 0.3000000119
8887  31.240  -54.650  -15.077 0.3000000119
8886  32.422  -54.184  -15.405 0.4000000060
10559  34.100  -51.954  -16.433 0.4000000060
11444  32.855  -51.169  -16.357 0.4000000060
11458  33.670  -50.810  -17.397 0.4000000060
12435  32.964  -50.284  -17.722 0.4000000060
117017  32.837  -48.048  -25.120 0.3000000119
13378  31.028  -49.580  -18.568 0.4000000060
15565  34.024  -48.029  -24.927 0.4000000060
15555  32.105  -47.367  -24.479 0.4000000060
13506  31.021  -48.780  -25.130 0.4000000060
13399  29.813  -49.093  -19.431 0.4000000060
12473  28.940  -50.478  -20.238 0.4000000060
106299  28.755  -50.216  -21.115 0.4000000060
12510  29.510  -50.479  -22.882 0.4000000060
12538  29.991  -49.671  -24.149 0.3000000119
13492  30.497  -49.290  -24.722 0.4000000060
121519  28.879  -48.914  -20.171 0.4000000060
11605  32.686  -51.564  -26.812 0.4000000060
16617  35.142  -46.827  -23.805 0.4000000060
4897  27.276  -59.212  -16.757 0.3000000119
5687  26.942  -57.785  -15.616 0.3000000119
5718  28.104  -58.326  -17.836 0.3000000119
3539  31.820  -61.765  -23.112 0.3000000119
4985  31.276  -60.296  -22.218 0.3000000119
6514  27.819  -57.054  -16.699 0.3000000119
8087  30.064  -55.198  -14.807 0.3000000119
8095  27.949  -55.565  -15.739 0.4000000060
8889  28.803  -54.598  -15.644 0.3000000119
119515  30.513  -53.859  -15.280 0.3000000119
8906  28.728  -54.904  -16.739 0.4000000060
8101  29.970  -54.820  -17.870 0.4000000060
125202  31.956  -54.669  -15.261 0.3000000119
8893  34.482  -53.836  -16.514 0.4000000060
125913  31.437  -53.723  -18.694 0.4000000060
108286  31.461  -55.083  -20.620 0.5000000000
105051  30.547  -53.848  -22.432 0.3000000119
8928  31.488  -54.606  -19.904 0.5000000000
12396  32.989  -50.619  -16.948 0.4000000060
10658  30.172  -52.155  -22.965 0.4000000060
120323  29.926  -50.516  -23.896 0.4000000060
17519  33.216  -45.338  -21.697 0.4000000060
17518  34.033  -45.470  -22.303 0.4000000060
17472  32.627  -45.139  -19.641 0.4000000060
19433  32.790  -43.809  -19.884 0.3000000119
18469  33.449  -44.611  -21.394 0.5000000000
17539  34.658  -45.608  -22.784 0.4000000060
16606  35.074  -46.170  -23.312 0.4000000060
13451  38.730  -50.092  -23.240 0.3000000119
126093  38.508  -49.465  -22.524 0.3000000119
16547  38.355  -46.245  -20.852 0.3000000119
17471  37.005  -45.791  -19.800 0.3000000119
17453  36.873  -44.946  -19.498 0.3000000119
19391  35.021  -43.460  -18.533 0.3000000119
14429  38.785  -48.819  -22.236 0.3000000119
14407  39.045  -47.998  -22.057 0.3000000119
15515  39.380  -47.112  -21.772 0.3000000119
12527  40.213  -50.849  -24.882 0.3000000119
13476  40.606  -50.162  -24.305 0.3000000119
17470  37.915  -45.634  -20.332 0.3000000119
18458  37.966  -44.211  -19.845 0.3000000119
14428  39.554  -48.620  -22.639 0.3000000119
16570  40.155  -46.480  -21.688 0.3000000119
17469  38.748  -45.477  -20.687 0.3000000119
14426  42.161  -48.568  -23.231 0.3000000119
15530  40.698  -47.712  -22.576 0.3000000119
16568  41.597  -46.045  -21.851 0.3000000119
15528  42.617  -47.627  -22.779 0.3000000119
16591  42.053  -46.762  -22.332 0.3000000119
14443  41.794  -49.575  -23.804 0.3000000119
17491  39.546  -45.232  -20.933 0.3000000119
18467  40.437  -44.112  -21.481 0.3000000119
19445  39.167  -42.886  -21.395 0.3000000119
14425  43.116  -48.553  -23.245 0.3000000119
17489  41.091  -45.396  -21.584 0.3000000119
19442  40.992  -43.679  -22.202 0.3000000119
15527  43.636  -47.676  -23.131 0.3000000119
17516  42.431  -45.998  -22.253 0.3000000119
17488  41.928  -45.159  -22.007 0.3000000119
18480  43.305  -45.066  -22.926 0.3000000119
19455  39.337  -42.748  -22.755 0.3000000119
19443  40.232  -43.308  -22.149 0.3000000119
19454  40.245  -43.297  -23.292 0.3000000119
20479  38.830  -42.382  -24.079 0.3000000119
21437  37.411  -41.270  -22.489 0.3000000119
20490  38.988  -42.217  -24.475 0.3000000119
20472  37.860  -41.508  -23.200 0.3000000119
121204  37.429  -41.101  -23.138 0.3000000119
18426  33.240  -44.552  -18.810 0.3000000119
17493  33.188  -44.966  -21.095 0.4000000060
18443  36.326  -44.323  -19.093 0.3000000119
19430  39.275  -43.731  -20.753 0.3000000119
17494  32.258  -45.309  -20.963 0.5000000000
13450  39.226  -49.398  -22.904 0.3000000119
17492  39.290  -46.140  -21.239 0.3000000119
16548  37.534  -46.460  -20.437 0.3000000119
113392  36.206  -45.345  -19.224 0.3000000119
18424  34.759  -44.314  -18.529 0.3000000119
15514  40.192  -47.149  -22.152 0.3000000119
14427  40.372  -48.515  -22.999 0.3000000119
18456  39.070  -44.656  -20.560 0.3000000119
16569  41.012  -46.808  -22.116 0.3000000119
16589  43.853  -46.763  -23.112 0.3000000119
17537  43.873  -45.571  -23.269 0.3000000119
18466  41.200  -44.520  -21.732 0.3000000119
15542  44.565  -48.326  -23.572 0.3000000119
18482  41.795  -44.142  -22.345 0.3000000119
14454  30.484  -48.501  -24.601 0.3000000119
14455  29.694  -48.241  -23.778 0.4000000060
15497  29.550  -47.145  -21.071 0.4000000060
16575  29.575  -46.921  -21.769 0.4000000060
111084  31.178  -47.685  -24.638 0.3000000119
16551  30.316  -46.887  -20.549 0.4000000060
15496  31.072  -47.160  -19.932 0.3000000119
15544  30.229  -47.077  -23.540 0.4000000060
16574  30.244  -46.378  -21.431 0.4000000060
15472  31.884  -46.553  -19.583 0.3000000119
16609  30.895  -46.434  -23.235 0.3000000119
16593  30.894  -45.909  -22.288 0.4000000060
16573  30.787  -46.130  -20.726 0.4000000060
109430  32.663  -46.253  -23.135 0.3000000119
17520  31.962  -45.565  -21.968 0.4000000060
17473  32.096  -45.407  -19.976 0.4000000060
16619  33.025  -46.795  -23.723 0.3000000119
16618  34.265  -46.823  -23.677 0.3000000119
107247  33.445  -47.428  -24.364 0.3000000119
17495  31.172  -45.725  -21.331 0.4000000060
121496  29.637  -47.215  -23.101 0.4000000060
8093  33.439  -55.090  -16.014 0.3000000119
108868  28.713  -48.894  -22.167 0.3000000119
5715  34.829  -58.194  -18.186 0.3000000119
6525  34.255  -57.606  -17.555 0.3000000119
8092  33.809  -55.840  -16.533 0.3000000119
8894  33.725  -54.204  -15.941 0.3000000119
14430  28.870  -48.016  -22.304 0.3000000119
13436  28.622  -49.283  -21.257 0.3000000119
6538  36.083  -57.359  -19.236 0.3000000119
8099  35.029  -55.436  -17.779 0.3000000119
109007  35.099  -56.270  -18.148 0.3000000119
8902  35.112  -53.863  -17.331 0.3000000119
10576  34.696  -52.417  -17.061 0.3000000119
14414  28.731  -48.344  -21.329 0.3000000119
7358  37.143  -57.628  -20.597 0.3000000119
7332  36.109  -56.399  -19.486 0.3000000119
7345  36.564  -57.239  -19.917 0.3000000119
111149  35.205  -54.562  -17.738 0.3000000119
8107  35.559  -55.810  -18.599 0.3000000119
9731  35.251  -53.062  -17.781 0.3000000119
110564  36.660  -56.825  -20.578 0.3000000119
8117  36.228  -55.910  -20.229 0.3000000119
8901  35.479  -54.012  -18.142 0.3000000119
8106  35.895  -55.329  -19.244 0.3000000119
10588  34.832  -52.103  -17.881 0.3000000119
11475  33.606  -50.600  -18.172 0.3000000119
12454  32.383  -49.847  -19.281 0.3000000119
7371  37.047  -57.053  -21.244 0.3000000119
10587  35.215  -52.642  -18.661 0.3000000119
9745  35.596  -53.510  -18.781 0.3000000119
114321  34.488  -51.518  -19.054 0.3000000119
14395  28.979  -48.384  -20.607 0.3000000119
8127  36.633  -56.518  -21.488 0.3000000119
8133  37.043  -56.830  -21.978 0.3000000119
8926  36.209  -55.644  -20.768 0.3000000119
8919  35.799  -54.097  -19.748 0.3000000119
10602  34.924  -52.205  -19.510 0.3000000119
111311  32.996  -50.191  -18.680 0.3000000119
13398  30.662  -49.123  -19.515 0.3000000119
13417  30.320  -48.461  -20.059 0.3000000119
14394  30.506  -47.852  -20.269 0.3000000119
13457  29.181  -49.467  -22.896 0.3000000119
8927  36.054  -55.427  -22.252 0.3000000119
10601  35.507  -53.130  -19.627 0.3000000119
11489  34.275  -51.523  -19.932 0.3000000119
12472  32.290  -49.829  -20.343 0.3000000119
109216  34.121  -54.865  -16.516 0.3000000119
7323  34.939  -57.114  -18.134 0.3000000119
7324  34.546  -56.386  -17.507 0.3000000119
4248  31.752  -60.824  -23.035 0.3000000119
7314  27.799  -56.214  -16.225 0.3000000119
7325  28.931  -55.991  -17.833 0.4000000060
7333  35.559  -56.736  -18.689 0.3000000119
8078  28.526  -55.583  -14.722 0.3000000119
8084  32.624  -55.162  -15.584 0.3000000119
8088  29.127  -54.822  -14.996 0.3000000119
8100  34.756  -54.682  -17.133 0.3000000119
8108  31.264  -54.820  -18.825 0.4000000060
8109  30.549  -55.278  -18.549 0.4000000060
8110  29.685  -55.629  -18.233 0.4000000060
8885  33.080  -54.467  -15.674 0.4000000060
8888  29.464  -54.057  -15.575 0.3000000119
8895  28.965  -54.307  -16.200 0.3000000119
8896  28.417  -54.931  -16.024 0.4000000060
8910  35.828  -54.403  -18.979 0.3000000119
8918  36.021  -54.980  -19.885 0.3000000119
8920  31.568  -54.352  -19.067 0.4000000060
8929  31.248  -54.385  -20.703 0.5000000000
9708  31.258  -53.187  -15.487 0.4000000060
9709  30.581  -53.180  -15.647 0.4000000060
9716  34.398  -52.818  -16.371 0.3000000119
9717  33.815  -53.252  -15.854 0.4000000060
9732  30.061  -53.563  -16.866 0.4000000060
9760  30.890  -53.085  -19.825 0.5000000000
9794  30.345  -52.975  -22.636 0.4000000060
9856  32.324  -54.309  -27.049 0.3000000119
10548  32.938  -52.625  -15.630 0.4000000060
10589  31.087  -52.630  -18.935 0.4000000060
10722  33.204  -52.472  -28.017 0.5000000000
11443  33.586  -51.194  -16.623 0.4000000060
11445  32.170  -51.430  -16.388 0.4000000060
11457  34.297  -51.530  -17.193 0.4000000060
11459  32.365  -50.810  -16.820 0.4000000060
11474  34.307  -51.251  -18.174 0.3000000119
11490  33.784  -50.878  -19.184 0.3000000119
11491  29.494  -50.690  -19.487 0.4000000060
11536  29.525  -51.511  -21.676 0.4000000060
11619  35.475  -51.334  -28.707 0.4000000060
11620  35.203  -51.390  -28.237 0.4000000060
11636  35.015  -51.581  -28.773 0.5000000000
11654  33.005  -51.257  -29.108 0.4000000060
12415  32.281  -50.279  -17.431 0.4000000060
12436  32.074  -49.809  -18.272 0.4000000060
12455  29.751  -49.784  -19.059 0.4000000060
12489  29.182  -50.795  -21.886 0.4000000060
12565  31.777  -50.962  -26.312 0.5000000000
12587  36.110  -50.835  -28.854 0.5000000000
12601  35.908  -50.612  -29.168 0.5000000000
12603  32.955  -50.261  -29.582 0.4000000060
12605  31.012  -50.207  -29.400 0.4000000060
13397  31.602  -49.477  -19.443 0.4000000060
13400  29.226  -49.313  -19.713 0.4000000060
13416  31.625  -49.186  -20.410 0.3000000119
13418  28.751  -49.558  -20.305 0.4000000060
13437  28.713  -48.865  -20.664 0.3000000119
13449  40.053  -49.316  -23.412 0.3000000119
13452  37.763  -49.980  -22.569 0.3000000119
13477  39.670  -50.114  -23.813 0.3000000119
13478  29.590  -49.104  -23.606 0.3000000119
13493  30.064  -48.846  -24.199 0.3000000119
13528  37.659  -48.743  -28.334 0.4000000060
13529  37.363  -49.442  -28.138 0.4000000060
13556  36.279  -49.974  -29.223 0.5000000000
14369  29.367  -48.650  -20.080 0.4000000060
14444  40.913  -49.406  -23.723 0.3000000119
14445  29.088  -48.545  -23.021 0.3000000119
14453  30.926  -48.152  -24.813 0.4000000060
14467  34.689  -48.440  -25.632 0.5000000000
14476  37.415  -48.203  -26.932 0.5000000000
14489  37.618  -48.559  -27.745 0.6999999881
14503  34.138  -48.545  -29.243 0.5000000000
14504  33.318  -48.254  -29.064 0.4000000060
14518  36.040  -49.089  -29.262 0.6000000238
14519  34.745  -49.091  -29.464 0.4000000060
14522  30.886  -48.807  -29.454 0.4000000060
15498  29.077  -47.774  -20.979 0.3000000119
15518  29.115  -47.539  -21.603 0.4000000060
15529  41.624  -47.637  -22.656 0.3000000119
15531  39.859  -47.823  -22.374 0.3000000119
15532  29.344  -47.306  -22.419 0.4000000060
15543  31.052  -47.096  -24.065 0.3000000119
15545  29.789  -47.589  -23.602 0.4000000060
15554  34.634  -47.399  -24.251 0.4000000060
15563  36.310  -47.363  -25.088 0.6999999881
15566  31.696  -48.212  -25.199 0.4000000060
15574  37.333  -47.541  -26.603 0.6999999881
15585  37.809  -48.240  -27.997 0.6999999881
15587  37.106  -47.290  -27.776 0.6999999881
15589  28.971  -47.888  -27.749 0.4000000060
15601  36.072  -47.258  -28.225 0.6999999881
16550  31.146  -46.348  -20.136 0.3000000119
16571  38.697  -46.792  -21.296 0.3000000119
16590  42.988  -46.751  -22.650 0.3000000119
16592  32.964  -45.784  -22.465 0.3000000119
16594  30.009  -46.613  -22.578 0.4000000060
16607  33.955  -46.161  -22.943 0.4000000060
16608  31.877  -46.642  -23.628 0.3000000119
16616  35.657  -46.473  -23.962 0.6000000238
16651  36.300  -46.414  -27.307 0.6999999881
16670  30.177  -47.798  -27.920 0.5000000000
17452  37.570  -44.966  -19.845 0.3000000119
17474  31.454  -45.754  -20.445 0.4000000060
17490  40.241  -45.623  -21.334 0.3000000119
17514  44.062  -46.181  -23.299 0.3000000119
17515  43.313  -45.942  -22.745 0.3000000119
17536  44.642  -45.828  -23.859 0.3000000119
17558  36.747  -46.588  -25.955 0.6999999881
17567  30.449  -45.336  -26.252 0.5000000000
17589  33.361  -44.819  -29.337 0.6999999881
18442  37.215  -44.280  -19.531 0.4000000060
18444  35.536  -44.042  -18.671 0.3000000119
18445  32.862  -44.534  -19.329 0.3000000119
18457  38.329  -44.846  -20.232 0.3000000119
18459  32.867  -44.569  -20.374 0.4000000060
18468  39.734  -44.358  -20.961 0.3000000119
18481  42.550  -44.607  -22.595 0.3000000119
18501  34.587  -44.618  -23.009 0.5000000000
18520  34.862  -44.688  -23.836 0.6000000238
18533  35.723  -45.399  -25.121 0.6000000238
18544  35.870  -45.434  -26.098 0.6000000238
18545  34.857  -44.340  -26.125 0.6000000238
18551  35.071  -44.192  -27.036 0.6999999881
18566  34.625  -44.500  -30.135 0.6999999881
18568  32.644  -44.239  -29.373 0.6999999881
18572  33.661  -44.063  -30.455 0.6999999881
19393  33.355  -43.104  -18.706 0.4000000060
19412  36.916  -43.490  -19.337 0.4000000060
19414  32.725  -43.082  -19.356 0.4000000060
19431  38.745  -43.185  -20.549 0.4000000060
19444  39.770  -43.419  -21.501 0.3000000119
19447  32.679  -43.362  -20.536 0.4000000060
19483  33.430  -43.369  -24.447 0.6000000238
19495  33.673  -43.318  -25.273 0.6000000238
19496  28.754  -43.739  -25.480 0.5000000000
19505  34.005  -43.167  -25.927 0.6000000238
19506  30.183  -43.463  -25.787 0.5000000000
19527  36.059  -44.209  -29.985 0.6000000238
19533  34.189  -43.757  -30.779 0.6999999881
20431  35.819  -42.160  -18.900 0.4000000060
20432  34.768  -41.825  -18.651 0.4000000060
20448  38.564  -42.456  -21.148 0.4000000060
20449  37.991  -42.111  -20.787 0.4000000060
20461  38.733  -42.352  -22.109 0.3000000119
20471  38.379  -42.104  -23.208 0.3000000119
20473  33.478  -43.650  -22.665 0.5000000000
20480  38.313  -41.826  -23.849 0.3000000119
20491  32.676  -42.446  -24.184 0.5000000000
20517  35.796  -42.096  -27.597 0.6000000238
20518  35.461  -42.863  -27.612 0.6999999881
20519  28.040  -41.569  -27.249 0.5000000000
20526  31.390  -42.227  -28.437 0.6000000238
20530  32.553  -42.995  -29.840 0.6000000238
20535  33.424  -43.094  -30.482 0.6000000238
20536  32.887  -42.558  -30.023 0.6000000238
20537  32.506  -42.450  -29.734 0.6000000238
21401  33.920  -41.171  -18.774 0.4000000060
21402  33.193  -41.498  -18.894 0.4000000060
21414  35.963  -40.829  -19.997 0.4000000060
21415  31.958  -41.603  -20.101 0.4000000060
21424  36.906  -40.949  -21.747 0.3000000119
21438  37.032  -40.768  -22.701 0.3000000119
21451  38.463  -41.500  -23.831 0.3000000119
21452  37.873  -41.221  -23.456 0.3000000119
21460  32.938  -42.034  -25.056 0.6000000238
21461  32.552  -41.423  -24.579 0.5000000000
21466  32.919  -40.897  -25.069 0.5000000000
21473  33.980  -41.815  -26.192 0.6000000238
21491  36.752  -42.448  -28.339 0.6000000238
21496  38.957  -42.593  -30.006 0.5000000000
21497  32.044  -41.584  -29.380 0.6000000238
21500  40.211  -41.906  -30.980 0.6000000238
21501  39.028  -42.336  -30.421 0.6000000238
21507  32.751  -41.831  -29.881 0.6000000238
21508  32.561  -41.862  -29.743 0.6000000238
22405  34.123  -40.415  -19.232 0.4000000060
22406  33.097  -40.693  -19.252 0.4000000060
22421  33.461  -39.879  -19.747 0.4000000060
22433  36.510  -40.368  -22.065 0.4000000060
22435  31.854  -40.673  -20.591 0.4000000060
22454  31.721  -40.256  -21.654 0.5000000000
22468  26.666  -40.436  -23.897 0.5000000000
22474  32.970  -40.038  -24.912 0.4000000060
22476  26.147  -40.621  -24.551 0.4000000060
22486  34.096  -40.196  -25.984 0.6000000238
22497  33.950  -40.993  -26.066 0.6000000238
22500  35.604  -41.116  -27.146 0.6000000238
22504  26.182  -40.353  -27.146 0.4000000060
22506  38.973  -41.130  -28.987 0.5000000000
22511  41.197  -41.171  -30.641 0.6000000238
22512  40.485  -41.706  -30.403 0.6000000238
22514  32.273  -40.247  -29.443 0.6999999881
22517  41.833  -40.509  -31.060 0.5000000000
22518  41.330  -41.110  -30.912 0.6000000238
22521  35.778  -41.011  -30.317 0.6000000238
22522  34.679  -40.602  -30.119 0.6000000238
22526  41.166  -40.858  -31.214 0.5000000000
22527  40.341  -40.571  -31.466 0.6000000238
23491  32.283  -39.223  -21.652 0.5000000000
23523  32.405  -39.201  -23.085 0.5000000000
23525  27.240  -40.076  -23.294 0.5000000000
23526  26.409  -40.158  -23.264 0.5000000000
23537  33.229  -39.138  -24.518 0.5000000000
23541  26.805  -40.381  -24.684 0.5000000000
23552  27.713  -39.259  -25.941 0.5000000000
23554  25.946  -40.274  -26.382 0.5000000000
23556  35.642  -39.631  -26.795 0.4000000060
23566  26.211  -40.020  -26.898 0.4000000060
23569  38.998  -39.941  -28.717 0.5000000000
23572  29.555  -38.922  -28.202 0.6999999881
23579  34.122  -39.147  -29.530 0.6999999881
23582  31.573  -39.341  -29.035 0.6999999881
23583  30.810  -38.877  -28.732 0.6999999881
23584  42.174  -39.985  -30.960 0.6000000238
23586  38.195  -40.190  -31.163 0.6000000238
23589  34.650  -39.702  -29.822 0.6000000238
23592  42.032  -39.628  -31.191 0.6000000238
23595  39.427  -40.054  -31.622 0.6000000238
24566  32.854  -38.426  -22.713 0.5000000000
24614  27.583  -39.071  -26.850 0.5000000000
24618  34.870  -38.832  -25.937 0.5000000000
24627  28.006  -39.124  -27.243 0.6000000238
24632  32.747  -38.395  -28.698 0.6999999881
24634  31.352  -38.477  -28.649 0.6999999881
24641  35.477  -38.387  -29.452 0.6000000238
24643  33.514  -38.557  -29.080 0.6999999881
24646  31.216  -38.705  -28.798 0.6999999881
24650  36.834  -38.829  -30.229 0.6000000238
24654  40.075  -38.495  -31.618 0.6000000238
25695  40.335  -37.476  -27.350 0.5000000000
25702  30.825  -38.011  -27.763 0.6000000238
25710  32.488  -38.045  -28.305 0.6999999881
25712  31.173  -38.181  -28.262 0.6999999881
25714  42.240  -37.702  -30.119 0.4000000060
25716  37.891  -37.267  -29.658 0.6999999881
25718  35.976  -37.769  -29.135 0.6000000238
25722  42.586  -38.215  -30.895 0.4000000060
26648  31.784  -36.477  -24.292 0.5000000000
26656  31.949  -36.906  -25.353 0.5000000000
26662  34.435  -36.114  -26.674 0.6000000238
26665  32.062  -37.169  -26.330 0.6000000238
26670  34.758  -36.523  -27.322 0.6999999881
26681  38.197  -36.296  -29.594 0.6999999881
26687  41.206  -36.891  -31.676 0.6000000238
27581  33.731  -35.099  -25.316 0.5000000000
27586  34.126  -35.634  -26.003 0.5000000000
27595  37.006  -35.124  -28.621 0.5000000000
28568  35.999  -33.562  -29.549 0.4000000060
105193  32.146  -42.434  -21.645 0.6000000238
105371  31.763  -45.951  -22.849 0.4000000060
105556  35.540  -54.892  -18.389 0.3000000119
107376  31.028  -55.476  -21.957 0.3000000119
107705  32.507  -52.553  -26.712 0.4000000060
108187  33.878  -45.019  -21.800 0.5000000000
108812  30.642  -40.158  -28.302 0.6999999881
110510  32.647  -45.019  -20.364 0.4000000060
110707  34.884  -44.166  -30.686 0.6999999881
110895  38.661  -44.027  -20.204 0.3000000119
110940  28.877  -49.869  -22.052 0.4000000060
110985  27.443  -39.755  -27.428 0.4000000060
111280  42.668  -45.375  -22.463 0.3000000119
111392  35.468  -44.871  -18.770 0.3000000119
111559  31.379  -53.020  -25.612 0.4000000060
111663  33.067  -52.340  -27.024 0.5000000000
112473  37.705  -42.854  -28.956 0.6000000238
112497  40.834  -46.076  -21.655 0.3000000119
112792  34.881  -42.799  -26.929 0.6000000238
112889  36.230  -43.351  -30.334 0.6000000238
113341  35.199  -42.474  -30.585 0.6000000238
113439  31.601  -51.828  -16.771 0.4000000060
113475  30.626  -42.532  -26.825 0.6000000238
114478  40.648  -44.906  -21.379 0.3000000119
114522  33.317  -51.759  -16.000 0.4000000060
114559  29.580  -47.809  -20.567 0.3000000119
115150  37.511  -34.531  -30.654 0.5000000000
115355  30.531  -54.678  -14.976 0.3000000119
115505  36.587  -48.539  -26.563 0.5000000000
115657  34.802  -51.921  -18.625 0.3000000119
115678  34.646  -40.023  -26.315 0.6000000238
116175  29.277  -47.769  -23.099 0.4000000060
116217  40.136  -44.880  -21.140 0.3000000119
116725  32.200  -42.567  -20.612 0.4000000060
117261  31.055  -49.651  -25.359 0.5000000000
117404  36.023  -54.957  -20.806 0.3000000119
117735  41.233  -48.526  -23.195 0.3000000119
118269  32.228  -49.608  -29.617 0.4000000060
118302  34.440  -49.691  -29.590 0.4000000060
119224  30.357  -47.766  -24.274 0.3000000119
119294  32.146  -42.348  -22.507 0.6000000238
119534  34.791  -51.302  -29.139 0.4000000060
119650  42.293  -43.897  -23.120 0.3000000119
120393  37.124  -47.803  -28.497 0.6999999881
121105  34.423  -55.546  -17.060 0.3000000119
121209  37.872  -43.228  -29.534 0.5000000000
122121  30.028  -51.319  -19.186 0.4000000060
122124  34.903  -53.172  -16.958 0.3000000119
122151  29.610  -49.861  -23.516 0.4000000060
122177  24.856  -41.090  -26.277 0.5000000000
122853  27.536  -57.630  -16.286 0.3000000119
122982  30.036  -41.853  -26.815 0.5000000000
123209  36.133  -46.750  -24.494 0.4000000060
123272  35.024  -41.025  -26.673 0.5000000000
123541  36.876  -49.585  -29.085 0.6000000238
124090  30.399  -39.551  -28.442 0.6999999881
124108  38.909  -40.474  -31.492 0.6000000238
124528  32.091  -43.114  -29.419 0.6000000238
124784  30.131  -48.313  -24.249 0.3000000119
125045  34.953  -51.603  -28.462 0.5000000000
125379  37.925  -43.187  -29.879 0.5000000000
125606  29.278  -48.230  -28.355 0.4000000060
125708  34.200  -45.324  -28.775 0.6999999881
125796  27.869  -42.976  -26.591 0.5000000000
125962  34.171  -56.119  -17.006 0.3000000119
126641  35.619  -33.338  -29.083 0.4000000060
126774  37.838  -42.423  -20.163 0.4000000060
