#!ascii label  , from subject sub-2001 vox2ras=TkReg
2014
24609  34.698  -38.171  -25.205 0.6000000238
24581  33.415  -37.930  -23.150 0.5000000000
26653  38.088  -36.664  -25.001 0.6999999881
26661  38.362  -36.805  -25.844 0.6000000238
26660  39.515  -36.825  -25.840 0.6000000238
26659  40.737  -36.557  -25.695 0.6000000238
25674  35.369  -36.885  -24.057 0.6999999881
25683  35.514  -37.402  -25.120 0.6000000238
25681  37.352  -36.855  -25.716 0.5000000000
25689  37.740  -37.272  -26.400 0.5000000000
25697  38.132  -37.636  -26.920 0.5000000000
25687  39.943  -37.128  -26.562 0.6000000238
108098  34.812  -37.142  -23.369 0.5000000000
24580  34.097  -37.541  -23.590 0.5000000000
24608  35.310  -38.195  -25.794 0.6000000238
26658  41.393  -36.251  -26.182 0.6000000238
23490  33.002  -38.975  -21.053 0.5000000000
23472  33.760  -39.321  -20.490 0.5000000000
28523  40.034  -35.239  -23.200 0.6000000238
28536  40.155  -34.941  -23.984 0.6999999881
26627  38.521  -37.124  -23.479 0.6000000238
26644  39.043  -36.874  -24.122 0.6999999881
26643  40.444  -36.363  -23.913 0.6000000238
26651  40.687  -36.281  -24.703 0.6000000238
26642  40.850  -35.974  -24.386 0.6000000238
26629  36.293  -36.707  -23.756 0.6000000238
26646  36.883  -36.586  -24.123 0.6999999881
27579  41.045  -35.702  -25.222 0.6000000238
25637  34.168  -37.585  -22.712 0.5000000000
25655  35.651  -36.982  -23.301 0.5000000000
27583  41.388  -35.901  -26.001 0.6000000238
24564  33.846  -38.153  -21.878 0.5000000000
123453  41.475  -35.812  -26.558 0.6000000238
23489  33.894  -38.748  -21.188 0.5000000000
27589  40.884  -35.503  -27.151 0.6000000238
119325  39.360  -34.478  -27.781 0.6999999881
112944  40.836  -35.647  -28.185 0.6000000238
111834  39.625  -34.165  -28.565 0.6999999881
27597  41.113  -35.609  -29.284 0.6000000238
28565  41.026  -34.606  -30.041 0.6000000238
28570  41.598  -34.310  -31.174 0.6000000238
110825  37.125  -32.957  -31.290 0.5000000000
31661  35.797  -31.581  -30.661 0.6999999881
30606  36.403  -33.207  -30.582 0.6000000238
31662  35.037  -31.333  -30.146 0.8000000119
30601  35.303  -32.812  -29.743 0.6999999881
28525  38.199  -34.378  -22.948 0.6000000238
28524  39.102  -34.514  -23.590 0.6999999881
25672  39.632  -36.845  -23.363 0.6999999881
26626  40.121  -36.403  -23.252 0.6999999881
27536  39.495  -35.735  -22.495 0.6000000238
27572  40.628  -35.409  -24.504 0.6999999881
28537  39.230  -34.442  -24.574 0.6999999881
25653  37.809  -37.528  -23.218 0.6000000238
25652  38.802  -37.439  -22.842 0.6000000238
29500  38.061  -33.995  -24.514 0.8000000119
24578  37.622  -38.369  -22.922 0.5000000000
24579  36.811  -37.815  -22.985 0.5000000000
29513  38.409  -34.132  -25.257 0.8000000119
111253  39.253  -34.492  -25.523 0.6000000238
112975  35.465  -38.484  -22.123 0.5000000000
125166  35.456  -37.789  -22.457 0.5000000000
28557  38.761  -34.297  -26.442 0.8000000119
28556  39.691  -34.785  -26.269 0.6000000238
23488  34.806  -39.376  -20.973 0.5000000000
29535  38.178  -33.650  -27.053 0.8000000119
119386  38.861  -33.626  -28.026 0.8000000119
28559  39.851  -35.011  -27.117 0.6999999881
29537  39.608  -33.154  -28.846 0.6999999881
30598  40.997  -32.014  -30.109 0.6999999881
30599  40.370  -32.551  -29.547 0.6999999881
29540  40.410  -33.707  -29.502 0.6999999881
30605  41.127  -31.336  -30.598 0.6000000238
29542  41.502  -33.049  -31.443 0.6000000238
108386  41.245  -33.654  -30.480 0.6000000238
122500  39.744  -31.474  -32.527 0.6999999881
30614  40.543  -32.758  -32.422 0.6999999881
29544  41.297  -33.036  -32.128 0.6000000238
31665  38.209  -31.261  -32.222 0.6999999881
29545  38.690  -32.764  -32.227 0.6000000238
31660  36.544  -31.732  -31.154 0.8000000119
30613  37.231  -31.957  -31.656 0.8000000119
30612  37.958  -32.377  -31.943 0.6000000238
32644  35.915  -30.524  -30.472 0.8999999762
121071  33.916  -31.714  -29.213 0.6999999881
32634  34.980  -30.387  -29.803 0.8000000119
113411  34.613  -32.306  -29.548 0.6999999881
28507  37.307  -34.142  -22.386 0.6000000238
29489  37.300  -33.821  -23.228 0.6999999881
30529  35.999  -32.588  -23.148 0.6999999881
28506  38.021  -34.739  -22.077 0.6000000238
30541  36.117  -32.510  -24.048 0.6000000238
26596  38.670  -36.113  -20.841 0.4000000060
26606  38.926  -36.406  -21.565 0.6000000238
27537  38.529  -35.547  -21.582 0.6000000238
109225  37.256  -33.591  -24.043 0.6999999881
121593  38.932  -37.042  -21.699 0.6000000238
29501  37.059  -33.326  -24.872 0.8000000119
23506  38.107  -38.905  -22.822 0.4000000060
24577  38.346  -38.112  -22.683 0.5000000000
25635  38.661  -37.806  -22.238 0.6000000238
29514  37.616  -33.583  -25.497 0.8000000119
23521  37.537  -39.155  -23.013 0.5000000000
29529  37.457  -33.104  -26.422 0.8000000119
22453  36.189  -39.859  -22.187 0.4000000060
30584  37.685  -32.765  -27.213 0.8000000119
22434  35.799  -39.956  -21.483 0.5000000000
30593  38.693  -31.648  -28.300 0.8000000119
32624  39.059  -30.201  -28.392 0.8000000119
30600  39.573  -31.500  -28.935 0.6999999881
30583  38.247  -32.702  -27.865 0.8000000119
32631  40.745  -29.998  -30.751 0.8000000119
111027  40.480  -31.512  -29.680 0.6999999881
32641  40.016  -29.426  -31.485 0.8999999762
32640  40.228  -30.132  -32.038 0.8999999762
31654  40.985  -30.705  -30.254 0.6999999881
32646  38.845  -30.018  -32.138 0.8999999762
30610  40.545  -31.770  -32.336 0.6999999881
30611  38.884  -31.795  -32.477 0.6000000238
106841  36.517  -30.967  -31.041 0.8999999762
31666  37.410  -30.801  -31.681 0.8999999762
32636  32.893  -30.584  -28.806 0.8000000119
31649  32.423  -31.349  -28.462 0.8000000119
110388  33.583  -31.031  -29.104 0.8000000119
31656  33.213  -31.355  -28.828 0.8000000119
121269  34.289  -30.114  -29.451 0.8000000119
32635  34.257  -31.017  -29.540 0.6999999881
29477  36.514  -33.371  -22.570 0.6999999881
30530  35.489  -31.940  -22.762 0.6000000238
29476  36.728  -33.901  -21.652 0.6000000238
29468  36.152  -33.215  -21.610 0.5000000000
122507  35.648  -31.936  -23.643 0.6999999881
28483  38.054  -34.849  -20.052 0.4000000060
28484  37.463  -34.346  -20.292 0.5000000000
28495  37.124  -34.333  -20.918 0.6000000238
26587  39.015  -36.316  -20.514 0.5000000000
30553  36.440  -32.457  -24.932 0.6999999881
25625  39.947  -38.039  -20.745 0.5000000000
25634  38.912  -37.843  -21.548 0.6000000238
23487  39.769  -39.429  -21.469 0.4000000060
24546  39.555  -38.670  -21.131 0.4000000060
32610  36.848  -30.544  -26.278 0.8000000119
31630  36.672  -31.357  -26.148 0.8000000119
22450  38.475  -40.207  -23.058 0.4000000060
31637  37.782  -31.802  -27.595 0.8000000119
31629  37.161  -31.558  -26.896 0.8000000119
22452  36.711  -40.115  -22.782 0.3000000119
33476  39.001  -29.213  -27.880 0.8000000119
32616  38.481  -30.054  -27.802 0.8000000119
31647  38.477  -30.864  -28.015 0.8000000119
33495  39.675  -28.883  -28.886 0.8000000119
31646  39.290  -30.728  -28.717 0.8000000119
33502  39.589  -28.412  -29.742 0.8999999762
32632  40.263  -29.429  -30.298 0.8999999762
33503  38.915  -28.415  -30.553 0.8999999762
32642  39.184  -29.053  -31.227 0.8999999762
34401  38.220  -27.940  -30.357 0.8999999762
119553  38.022  -29.785  -31.566 0.8999999762
32643  37.029  -30.132  -31.091 0.8999999762
33499  32.437  -29.937  -28.597 0.8000000119
31650  31.592  -31.150  -28.134 0.8000000119
33504  36.681  -29.502  -30.404 0.8999999762
33496  36.263  -28.808  -30.014 0.8999999762
111390  33.860  -29.363  -29.360 0.8000000119
33497  35.652  -29.595  -29.916 0.8000000119
30510  36.027  -32.309  -20.684 0.6000000238
30521  35.442  -31.910  -21.856 0.6000000238
32560  35.256  -30.315  -21.780 0.6000000238
30496  36.618  -32.485  -20.034 0.6000000238
28468  38.524  -34.404  -19.718 0.4000000060
28469  37.809  -34.147  -19.815 0.4000000060
28485  36.899  -33.795  -20.422 0.4000000060
28496  36.480  -33.617  -20.977 0.5000000000
124992  35.611  -31.440  -23.905 0.6999999881
27502  38.782  -35.191  -19.863 0.4000000060
31619  36.024  -30.993  -24.822 0.6999999881
27516  40.290  -35.651  -20.059 0.5000000000
121216  39.443  -35.505  -19.906 0.4000000060
32587  36.082  -30.220  -24.671 0.6999999881
112849  40.962  -36.035  -20.323 0.5000000000
34377  36.937  -28.915  -25.868 0.8000000119
32601  36.444  -30.576  -25.518 0.8000000119
34381  38.444  -28.633  -27.327 0.8000000119
33470  37.395  -30.104  -26.830 0.8000000119
34391  39.231  -28.425  -28.217 0.8000000119
107095  39.090  -27.040  -29.003 0.8999999762
36450  38.916  -26.964  -29.689 0.8999999762
105884  37.418  -28.582  -30.404 0.8999999762
105269  37.294  -27.911  -30.340 1.0000000000
34392  33.018  -28.639  -28.859 0.8000000119
107184  33.557  -28.556  -29.217 0.8000000119
34402  35.777  -28.019  -30.105 1.0000000000
33498  34.720  -29.463  -29.586 0.8000000119
34399  34.297  -28.550  -29.577 0.8000000119
31573  35.392  -31.170  -21.386 0.6000000238
33420  35.395  -29.448  -21.331 0.6000000238
31560  36.345  -31.619  -20.181 0.6000000238
33428  35.287  -29.474  -22.273 0.6999999881
30494  38.294  -32.723  -19.697 0.4000000060
30495  37.403  -32.609  -19.750 0.4000000060
28467  39.305  -34.539  -19.699 0.4000000060
32574  35.653  -29.955  -23.824 0.6999999881
106362  40.713  -34.886  -20.090 0.5000000000
29456  40.461  -33.289  -20.217 0.4000000060
33448  36.168  -29.303  -24.491 0.8000000119
34376  37.619  -29.084  -26.604 0.8000000119
109162  36.608  -28.708  -25.112 0.8000000119
36426  37.809  -26.753  -26.891 0.8000000119
125358  37.901  -28.422  -26.780 0.8000000119
36437  38.307  -26.493  -27.779 0.8000000119
35437  38.717  -27.824  -27.803 0.8000000119
35446  39.207  -27.699  -28.599 0.8999999762
35452  38.726  -27.417  -30.162 0.8999999762
109218  38.863  -26.411  -29.453 0.8999999762
36453  38.385  -26.791  -30.319 1.0000000000
35453  37.661  -27.263  -30.443 1.0000000000
124005  36.828  -26.751  -30.588 1.0000000000
35451  34.087  -27.652  -29.423 0.8000000119
33486  32.443  -29.293  -28.563 0.8000000119
110472  35.974  -26.531  -30.504 1.0000000000
35456  34.745  -26.909  -29.857 0.8000000119
34403  34.836  -27.793  -29.888 0.8000000119
32548  36.347  -30.048  -20.076 0.6000000238
31561  35.787  -31.359  -20.727 0.6000000238
106250  35.493  -28.725  -22.805 0.6999999881
108552  35.924  -27.159  -22.918 0.6999999881
109911  38.617  -31.600  -20.027 0.4000000060
31548  37.960  -31.966  -19.774 0.5000000000
31549  37.112  -31.765  -19.790 0.5000000000
34360  35.830  -28.967  -23.685 0.8000000119
34346  35.969  -27.958  -23.463 0.8000000119
29457  39.652  -33.117  -19.920 0.4000000060
123212  36.335  -28.382  -24.345 0.8000000119
30507  41.095  -32.639  -20.679 0.4000000060
30508  40.089  -32.426  -20.367 0.4000000060
35418  37.121  -27.512  -25.753 0.8000000119
34370  36.918  -28.218  -25.640 0.8000000119
119383  37.569  -27.378  -26.370 0.8000000119
35427  38.339  -27.201  -27.541 0.8000000119
37524  38.711  -25.707  -29.055 0.8999999762
38545  38.343  -24.977  -28.482 0.8000000119
37528  38.803  -26.414  -30.086 1.0000000000
37531  38.300  -25.980  -30.680 1.0000000000
38558  39.072  -24.892  -30.315 1.0000000000
36454  37.530  -26.448  -30.683 1.0000000000
37537  37.065  -25.045  -31.471 1.0000000000
36451  34.372  -26.735  -29.457 0.8999999762
34393  32.672  -28.693  -28.371 0.8000000119
115170  33.537  -27.575  -28.336 0.8999999762
37534  35.196  -25.765  -30.225 1.0000000000
123891  34.981  -25.857  -29.998 1.0000000000
37526  34.784  -25.972  -29.508 1.0000000000
39487  37.707  -24.278  -32.335 1.0000000000
40424  38.179  -23.121  -32.862 1.0000000000
39488  37.037  -23.843  -31.659 1.0000000000
39479  36.573  -23.454  -30.902 1.0000000000
40430  39.112  -22.822  -33.553 1.0000000000
40425  37.379  -22.380  -32.020 1.0000000000
34332  35.613  -28.628  -21.040 0.6999999881
35372  35.635  -27.910  -21.465 0.6999999881
35371  36.033  -27.220  -20.944 0.6999999881
116726  36.496  -29.067  -20.137 0.6000000238
34314  36.604  -28.349  -20.111 0.6000000238
35384  35.615  -27.909  -22.416 0.6999999881
32547  37.183  -30.341  -19.916 0.6000000238
32545  38.649  -30.786  -20.391 0.5000000000
36386  36.298  -26.508  -23.377 0.8000000119
31572  40.181  -30.924  -21.482 0.4000000060
35405  36.482  -27.478  -24.304 0.8000000119
36417  36.833  -26.879  -25.100 0.8000000119
36416  37.367  -26.730  -25.967 0.8000000119
113719  37.474  -25.234  -26.502 0.8000000119
37505  37.501  -25.956  -26.283 0.8000000119
38546  37.987  -25.069  -27.755 0.6999999881
37516  37.799  -25.703  -27.219 0.8000000119
38554  38.696  -24.922  -29.397 0.8999999762
124381  38.342  -24.178  -28.731 0.8000000119
39473  38.382  -23.319  -28.962 1.0000000000
113187  39.088  -23.170  -29.882 1.0000000000
38563  39.349  -24.910  -31.215 1.0000000000
39478  39.379  -24.213  -30.562 1.0000000000
40409  39.685  -22.702  -30.420 1.0000000000
38562  39.682  -24.683  -32.040 1.0000000000
40416  40.417  -22.917  -31.184 1.0000000000
39485  40.454  -24.001  -32.167 1.0000000000
39492  40.368  -23.905  -33.494 1.0000000000
39493  39.145  -23.989  -33.373 1.0000000000
38559  35.595  -24.614  -29.624 1.0000000000
112914  34.798  -25.755  -28.516 1.0000000000
121485  39.737  -23.508  -33.666 1.0000000000
38565  35.756  -24.769  -30.398 1.0000000000
114438  36.007  -23.997  -29.814 1.0000000000
40418  36.467  -22.410  -30.566 1.0000000000
41295  38.058  -22.041  -32.733 1.0000000000
35383  35.840  -27.152  -21.949 0.6999999881
112367  37.993  -27.931  -20.129 0.5000000000
35357  36.315  -27.803  -20.369 0.6999999881
36379  36.139  -26.456  -22.503 0.6999999881
33406  37.243  -29.590  -19.982 0.6000000238
33419  38.703  -29.958  -20.763 0.5000000000
33405  38.135  -29.353  -20.300 0.5000000000
37470  36.602  -25.917  -23.874 0.8000000119
36401  36.753  -26.031  -24.710 0.8000000119
37494  36.842  -25.318  -25.084 0.6999999881
115804  37.190  -25.285  -25.835 0.8000000119
38534  37.606  -24.633  -27.061 0.8000000119
38518  37.240  -24.591  -26.211 0.8000000119
39461  37.962  -24.332  -27.902 0.6999999881
39462  37.575  -23.696  -27.358 0.6999999881
40403  38.437  -22.371  -29.051 0.8999999762
41270  37.907  -21.818  -28.393 0.8000000119
118469  37.955  -20.918  -28.331 0.8000000119
116993  38.561  -19.326  -28.652 0.8000000119
41269  38.436  -21.412  -28.975 0.8000000119
42226  38.466  -20.627  -28.852 0.8000000119
41277  39.147  -21.943  -29.737 0.8999999762
42235  38.977  -20.920  -29.454 0.8999999762
118114  38.897  -19.972  -29.182 0.8000000119
116969  39.584  -21.244  -30.061 0.8999999762
41276  39.971  -21.959  -30.555 1.0000000000
39484  41.079  -23.439  -32.973 1.0000000000
38568  39.596  -24.555  -32.829 1.0000000000
41296  40.757  -22.088  -33.780 1.0000000000
41293  39.796  -21.962  -33.840 1.0000000000
40410  36.133  -22.014  -29.765 1.0000000000
42257  41.002  -21.217  -33.524 1.0000000000
41294  38.798  -21.727  -33.325 1.0000000000
41289  36.732  -21.697  -31.169 1.0000000000
42258  40.381  -21.143  -33.833 1.0000000000
43258  38.954  -20.009  -33.385 1.0000000000
42251  37.549  -20.082  -32.338 1.0000000000
35355  37.695  -27.035  -20.093 0.6999999881
36360  37.168  -26.516  -20.324 0.6999999881
37441  37.087  -25.995  -20.586 0.6999999881
37456  36.698  -25.668  -21.278 0.6999999881
113431  36.384  -25.739  -22.177 0.6999999881
125435  38.536  -27.384  -20.277 0.6000000238
38480  36.475  -25.201  -22.727 0.6999999881
34311  38.859  -28.099  -20.525 0.5000000000
106826  36.508  -24.498  -22.875 0.6999999881
34331  38.947  -29.062  -20.899 0.5000000000
38487  36.555  -25.093  -23.563 0.8000000119
38500  36.688  -24.573  -24.483 0.6999999881
39431  36.955  -23.965  -25.892 0.6999999881
39432  36.714  -23.657  -25.116 0.6999999881
39445  37.255  -23.836  -26.561 0.6999999881
105279  37.191  -23.015  -26.910 0.6999999881
40404  37.909  -22.673  -28.360 0.6999999881
40390  37.557  -22.885  -27.648 0.6999999881
42213  37.590  -20.340  -27.611 0.8000000119
43215  37.528  -19.426  -27.226 0.8000000119
44181  37.787  -18.543  -27.287 0.8000000119
124908  37.828  -19.707  -27.807 0.8000000119
43214  38.086  -19.102  -27.984 0.8000000119
44193  38.645  -18.590  -28.545 0.8000000119
42234  39.572  -20.452  -29.985 1.0000000000
43236  39.557  -19.548  -29.925 0.8999999762
44207  39.044  -19.027  -29.224 0.8000000119
43242  40.244  -20.067  -30.729 1.0000000000
44206  39.627  -18.654  -29.921 0.8000000119
41282  40.798  -22.053  -31.432 1.0000000000
42242  40.368  -21.079  -30.813 1.0000000000
41287  41.322  -22.067  -32.459 1.0000000000
42249  41.406  -21.128  -32.838 1.0000000000
43256  40.916  -19.483  -33.592 1.0000000000
41283  36.261  -21.462  -30.316 1.0000000000
40411  35.876  -22.403  -29.112 1.0000000000
122326  40.411  -19.684  -33.748 1.0000000000
44234  39.366  -19.305  -33.557 1.0000000000
42256  38.305  -20.260  -32.911 1.0000000000
42252  36.808  -20.746  -31.386 1.0000000000
44230  38.355  -18.524  -33.046 1.0000000000
37439  38.172  -25.171  -20.427 0.6999999881
37440  37.342  -25.359  -20.675 0.6999999881
120404  36.915  -24.322  -21.775 0.6000000238
39397  36.708  -24.032  -22.349 0.6000000238
39409  36.494  -23.605  -23.092 0.6000000238
39420  36.561  -23.646  -24.076 0.6999999881
120478  36.648  -22.794  -25.255 0.6999999881
106681  36.531  -22.869  -24.496 0.6999999881
40378  36.655  -22.173  -25.713 0.6999999881
40377  36.908  -22.258  -26.526 0.6999999881
113796  37.184  -20.102  -26.899 0.8000000119
115216  37.289  -22.235  -27.254 0.6999999881
42204  37.051  -20.861  -26.968 0.8000000119
45188  38.353  -17.432  -27.689 0.8000000119
45199  38.752  -17.759  -28.407 0.8000000119
45214  39.787  -17.688  -29.942 0.8000000119
126321  40.243  -18.376  -30.732 0.8000000119
124476  41.170  -19.436  -32.333 1.0000000000
44214  40.822  -18.937  -31.559 1.0000000000
125288  40.402  -17.703  -30.864 0.6999999881
44222  41.207  -18.826  -32.647 1.0000000000
115522  40.859  -18.188  -31.665 0.8999999762
44229  41.133  -19.005  -33.398 1.0000000000
44232  40.996  -18.479  -33.733 1.0000000000
45242  41.333  -17.629  -34.035 1.0000000000
41278  35.682  -21.647  -29.217 1.0000000000
44233  40.398  -18.901  -33.781 1.0000000000
110298  39.373  -18.331  -33.642 1.0000000000
117224  36.930  -20.040  -31.699 1.0000000000
115637  36.509  -20.124  -31.039 1.0000000000
42244  36.024  -20.788  -30.125 1.0000000000
43255  38.102  -19.436  -32.828 1.0000000000
37455  37.004  -24.822  -21.292 0.6999999881
40355  36.474  -22.118  -23.977 0.6000000238
41238  36.568  -21.351  -24.354 0.6999999881
41251  36.747  -21.343  -26.209 0.6999999881
41244  36.613  -21.381  -25.266 0.6999999881
42196  36.897  -20.403  -26.243 0.8000000119
44172  37.432  -18.737  -26.487 0.6999999881
45179  37.709  -17.989  -26.673 0.6999999881
46170  38.763  -16.896  -28.223 0.6999999881
46169  39.229  -16.369  -28.810 0.6999999881
46180  39.735  -16.727  -29.607 0.6999999881
125195  40.773  -16.543  -31.022 0.8000000119
46189  40.300  -17.003  -30.507 0.6999999881
45232  41.232  -17.993  -32.789 0.8999999762
45238  41.377  -17.786  -33.700 1.0000000000
45237  41.938  -17.070  -33.927 1.0000000000
42236  35.662  -20.375  -29.533 1.0000000000
45243  40.404  -17.933  -34.004 1.0000000000
43250  36.736  -19.467  -31.349 1.0000000000
44231  37.535  -18.624  -32.307 1.0000000000
123104  37.516  -23.533  -21.308 0.6000000238
40304  37.364  -22.866  -21.697 0.6000000238
113514  36.805  -23.212  -22.386 0.6000000238
41210  37.148  -21.448  -22.278 0.6000000238
113179  36.557  -22.817  -22.920 0.6000000238
42166  36.848  -20.903  -22.852 0.6000000238
42180  36.708  -20.533  -23.762 0.6000000238
42190  36.669  -20.603  -24.787 0.6000000238
42197  36.713  -20.717  -25.590 0.6000000238
44165  37.127  -18.868  -25.470 0.6999999881
114814  37.451  -18.077  -25.871 0.6999999881
45178  38.031  -17.236  -26.827 0.6999999881
46158  38.401  -16.635  -27.413 0.6999999881
47192  38.746  -15.936  -27.965 0.6999999881
47191  39.361  -15.426  -28.709 0.6999999881
118533  39.666  -15.981  -29.367 0.6999999881
53937  43.409  -8.333  -24.561 0.3000000119
47215  40.240  -16.081  -30.176 0.6999999881
54823  43.890  -7.647  -24.621 0.3000000119
47214  40.949  -15.831  -31.082 0.8000000119
38522  31.412  -24.403  -25.349 0.8999999762
46201  41.685  -17.186  -33.246 1.0000000000
39448  33.300  -23.348  -26.543 1.0000000000
41271  35.294  -20.997  -28.858 1.0000000000
40393  34.113  -22.236  -27.381 1.0000000000
45245  40.710  -17.118  -34.250 1.0000000000
45240  37.834  -17.814  -32.424 1.0000000000
45239  38.497  -17.700  -33.129 1.0000000000
43244  36.104  -20.198  -30.351 1.0000000000
45233  37.302  -17.961  -31.698 1.0000000000
40303  38.034  -22.248  -21.256 0.6000000238
40321  37.412  -22.028  -21.828 0.6000000238
42160  37.482  -20.559  -22.197 0.6000000238
44131  38.088  -18.831  -22.681 0.6000000238
43178  37.380  -19.182  -23.269 0.6999999881
116702  37.273  -18.639  -23.825 0.6999999881
43179  36.932  -19.728  -23.657 0.6000000238
44155  37.123  -18.644  -24.515 0.6999999881
47133  42.324  -15.419  -24.148 0.3000000119
47134  41.496  -15.762  -23.662 0.3000000119
46149  37.846  -16.849  -25.942 0.6999999881
117662  38.424  -15.929  -27.134 0.6999999881
53101  43.138  -9.029  -24.168 0.3000000119
53948  42.806  -8.867  -24.807 0.4000000060
122239  42.978  -8.335  -25.441 0.4000000060
37498  31.062  -24.953  -24.766 0.6999999881
38501  30.232  -24.917  -24.721 0.6999999881
55741  44.430  -6.945  -28.272 0.3000000119
54835  43.529  -7.593  -25.378 0.3000000119
107853  41.209  -14.986  -31.225 0.6999999881
38538  31.805  -23.800  -25.884 0.8999999762
55740  44.474  -6.190  -27.512 0.3000000119
125901  43.601  -7.399  -26.297 0.3000000119
47226  41.593  -15.663  -32.203 0.8000000119
123666  32.561  -22.776  -26.836 0.8999999762
55728  43.989  -6.947  -27.011 0.3000000119
54847  43.500  -7.705  -27.057 0.3000000119
47229  41.916  -16.362  -33.234 0.8000000119
46207  41.929  -16.507  -34.125 1.0000000000
42228  35.164  -20.139  -28.586 1.0000000000
46206  39.083  -16.643  -33.609 1.0000000000
44216  36.339  -18.988  -30.276 1.0000000000
43237  35.966  -19.489  -29.790 1.0000000000
124873  38.587  -17.020  -33.176 1.0000000000
44224  36.622  -18.889  -30.903 1.0000000000
46199  37.632  -17.093  -31.721 1.0000000000
45225  37.272  -17.290  -30.881 1.0000000000
46190  37.457  -16.165  -30.785 1.0000000000
44141  38.439  -17.968  -22.869 0.6999999881
45145  37.934  -17.362  -23.585 0.6999999881
46126  41.563  -16.772  -23.802 0.3000000119
46113  40.817  -16.336  -23.362 0.4000000060
116240  37.354  -17.988  -24.078 0.6999999881
45156  37.576  -17.294  -24.524 0.6999999881
45170  37.560  -17.380  -25.425 0.6999999881
47120  40.882  -14.974  -23.390 0.4000000060
46148  38.169  -16.359  -26.562 0.6999999881
48152  41.875  -13.942  -23.626 0.3000000119
48153  41.059  -14.156  -23.441 0.5000000000
48215  38.680  -14.797  -26.649 0.6999999881
48214  39.039  -14.514  -27.332 0.6999999881
49189  41.291  -13.383  -23.583 0.5000000000
47173  38.971  -15.136  -27.934 0.6999999881
51182  42.377  -11.010  -23.865 0.4000000060
51184  41.122  -11.617  -24.558 0.6000000238
52154  41.617  -10.523  -25.187 0.5000000000
52135  42.583  -10.247  -24.000 0.3000000119
47204  39.953  -15.346  -29.542 0.6999999881
54007  44.804  -8.042  -30.719 0.4000000060
52168  41.929  -9.889  -25.743 0.4000000060
47203  40.509  -15.201  -30.330 0.6999999881
38502  29.473  -24.476  -25.064 0.6999999881
54879  45.007  -7.394  -30.222 0.4000000060
125941  42.605  -8.872  -25.563 0.4000000060
118636  42.334  -9.261  -26.140 0.4000000060
37483  29.616  -25.383  -24.311 0.6000000238
55751  45.072  -6.625  -29.525 0.3000000119
54869  44.193  -7.767  -28.601 0.3000000119
124637  44.680  -7.369  -29.229 0.4000000060
53964  42.742  -8.621  -26.267 0.4000000060
53127  42.611  -9.062  -27.072 0.4000000060
48254  41.537  -14.191  -31.361 0.6999999881
121115  43.910  -8.505  -28.970 0.4000000060
53963  43.059  -8.367  -27.089 0.4000000060
53137  42.628  -9.529  -28.060 0.4000000060
47225  42.053  -14.741  -32.363 0.8000000119
54857  43.904  -7.500  -27.760 0.3000000119
53976  43.550  -8.173  -27.944 0.3000000119
117895  43.064  -8.792  -27.861 0.4000000060
47228  42.268  -15.537  -33.360 0.8000000119
41272  34.701  -21.264  -28.114 1.0000000000
47235  42.321  -15.560  -34.068 0.8999999762
46209  40.339  -16.259  -34.255 1.0000000000
123862  36.638  -18.288  -30.239 1.0000000000
46198  37.947  -16.214  -31.842 1.0000000000
46202  38.415  -16.248  -32.772 1.0000000000
113395  38.849  -15.877  -33.285 1.0000000000
45226  36.901  -17.582  -30.302 1.0000000000
45215  36.553  -17.419  -29.430 1.0000000000
46191  36.971  -16.723  -30.028 1.0000000000
109941  39.474  -17.065  -22.941 0.6000000238
45144  38.741  -17.143  -23.080 0.6000000238
120673  38.407  -16.627  -23.557 0.6999999881
46114  40.098  -16.702  -23.045 0.5000000000
117271  40.025  -15.912  -23.209 0.6000000238
46117  37.975  -16.583  -24.178 0.6999999881
123645  40.668  -15.628  -23.360 0.5000000000
47121  40.072  -15.145  -23.299 0.4000000060
46140  37.758  -16.634  -25.034 0.6999999881
46139  38.061  -16.057  -25.635 0.6999999881
112172  39.463  -14.713  -23.542 0.6000000238
47151  38.328  -15.248  -25.260 0.6999999881
112871  40.459  -13.595  -23.627 0.6000000238
48198  38.596  -14.642  -25.833 0.6999999881
49190  40.859  -12.839  -23.821 0.6000000238
50212  40.668  -12.341  -24.386 0.6000000238
113237  39.306  -13.830  -26.970 0.6999999881
115477  39.537  -13.862  -27.736 0.6999999881
51204  41.126  -11.220  -25.532 0.6000000238
50239  40.181  -12.358  -26.692 0.6000000238
48228  39.389  -14.584  -28.245 0.6000000238
108833  44.000  -9.112  -31.521 0.4000000060
52169  41.564  -10.557  -26.249 0.4000000060
51217  40.612  -11.772  -26.206 0.5000000000
49266  39.907  -13.972  -28.585 0.6999999881
54008  44.497  -8.703  -31.127 0.4000000060
51216  41.097  -11.186  -26.718 0.5000000000
49272  40.318  -14.100  -29.402 0.6999999881
54000  44.392  -8.627  -30.206 0.4000000060
53167  44.134  -9.652  -31.206 0.5000000000
52181  42.077  -9.868  -26.934 0.4000000060
117650  42.083  -10.189  -27.864 0.4000000060
48246  40.805  -14.321  -30.347 0.6999999881
39449  31.245  -23.287  -26.521 0.8999999762
38523  30.451  -24.388  -25.290 0.6999999881
49294  42.539  -13.938  -32.698 0.6999999881
125080  42.057  -14.101  -31.998 0.6999999881
53988  43.329  -9.057  -28.656 0.4000000060
40394  32.355  -22.115  -27.274 0.8999999762
112009  41.659  -15.028  -34.295 0.8999999762
42214  33.933  -20.903  -27.724 0.8999999762
44208  36.267  -18.503  -29.504 1.0000000000
42229  34.650  -20.572  -28.065 1.0000000000
110301  39.458  -15.986  -33.825 1.0000000000
43228  35.538  -19.645  -28.976 1.0000000000
122093  38.208  -15.553  -32.083 1.0000000000
44209  35.743  -18.827  -28.832 1.0000000000
43229  35.105  -19.205  -28.220 1.0000000000
47227  37.795  -15.131  -31.203 1.0000000000
48249  35.340  -14.150  -31.072 0.8999999762
48248  36.428  -14.273  -30.834 1.0000000000
47216  37.129  -15.002  -30.438 1.0000000000
46171  35.355  -16.352  -29.058 1.0000000000
44194  35.969  -17.813  -28.697 1.0000000000
47205  36.004  -15.378  -29.858 1.0000000000
47206  35.223  -15.521  -29.792 1.0000000000
120023  34.576  -16.528  -28.981 0.8999999762
47218  35.169  -14.761  -30.492 1.0000000000
47207  34.265  -15.778  -29.782 0.8999999762
46115  39.138  -16.273  -23.217 0.6000000238
46116  38.453  -15.856  -23.804 0.6999999881
47135  38.534  -15.156  -24.324 0.6999999881
48155  39.004  -14.490  -24.020 0.6999999881
48185  38.996  -13.933  -25.481 0.6999999881
49191  39.641  -13.951  -23.792 0.6000000238
48167  39.281  -13.846  -24.505 0.6000000238
49225  39.547  -13.262  -25.210 0.6999999881
50240  39.826  -12.830  -26.028 0.6000000238
50255  39.741  -13.128  -27.077 0.6000000238
49265  40.056  -13.235  -28.105 0.6000000238
54014  43.632  -8.195  -31.547 0.3000000119
50228  40.105  -12.589  -25.076 0.6000000238
50227  40.255  -12.293  -25.843 0.6000000238
108035  43.244  -8.998  -31.676 0.4000000060
125073  42.823  -8.401  -31.491 0.4000000060
51231  40.664  -11.804  -27.199 0.6000000238
50254  40.340  -12.516  -27.631 0.6000000238
51249  40.925  -11.966  -28.116 0.5000000000
105807  40.412  -13.369  -28.981 0.6000000238
52197  41.814  -10.756  -28.244 0.4000000060
106909  40.874  -13.533  -29.808 0.6000000238
114739  43.826  -10.323  -31.323 0.5000000000
52196  42.508  -10.256  -28.730 0.4000000060
49281  41.381  -13.577  -30.712 0.6000000238
52207  43.870  -10.243  -30.858 0.5000000000
53151  43.221  -9.710  -29.194 0.4000000060
49287  42.175  -13.522  -31.710 0.6000000238
53163  43.829  -9.757  -30.283 0.4000000060
52208  43.208  -10.446  -29.904 0.4000000060
122424  31.716  -22.717  -26.930 0.8999999762
48266  42.743  -14.029  -34.055 0.8999999762
48262  42.864  -14.056  -33.853 0.8000000119
41262  32.669  -21.360  -27.522 0.8999999762
43218  32.751  -19.779  -27.491 0.8999999762
119367  33.841  -20.002  -27.600 0.8999999762
47230  38.568  -15.347  -32.695 1.0000000000
48247  37.194  -14.382  -30.881 1.0000000000
44195  35.299  -18.208  -28.210 1.0000000000
45201  35.237  -17.167  -28.393 0.8999999762
122228  33.828  -14.709  -30.764 1.0000000000
47208  32.967  -15.249  -30.572 1.0000000000
106366  33.419  -16.297  -29.628 0.8999999762
123708  32.727  -14.283  -30.976 1.0000000000
46183  32.242  -15.612  -30.315 0.8999999762
54893  43.168  -7.171  -31.292 0.3000000119
107144  42.248  -7.658  -31.286 0.3000000119
117108  41.930  -8.558  -31.403 0.3000000119
50265  40.626  -12.657  -28.544 0.6000000238
53171  42.488  -9.594  -31.734 0.5000000000
51248  41.532  -11.427  -28.628 0.5000000000
51247  42.279  -10.948  -29.174 0.5000000000
51256  41.951  -11.622  -29.519 0.5000000000
50272  41.668  -12.292  -29.856 0.5000000000
53170  43.447  -9.736  -31.700 0.5000000000
51262  42.464  -11.829  -30.416 0.5000000000
52214  43.566  -10.806  -31.647 0.5000000000
51255  42.780  -11.199  -30.134 0.5000000000
49280  41.873  -13.015  -31.005 0.6000000238
49293  42.875  -13.632  -33.436 0.6999999881
51267  43.351  -11.505  -32.117 0.5000000000
51260  43.409  -11.365  -31.577 0.5000000000
49297  42.891  -13.505  -33.696 0.6000000238
48268  41.460  -14.270  -34.286 0.8999999762
48265  39.781  -14.485  -33.749 0.8999999762
48264  40.688  -14.791  -34.232 0.8999999762
48261  38.673  -14.431  -32.620 0.8999999762
48257  35.491  -13.505  -31.547 0.8999999762
49282  36.644  -13.679  -31.317 0.8999999762
48256  37.599  -14.045  -31.345 0.8999999762
48255  38.236  -14.706  -31.929 1.0000000000
44182  34.055  -18.355  -27.718 0.8999999762
43216  34.331  -19.160  -27.744 0.8999999762
117246  34.209  -17.043  -28.524 0.8999999762
48250  34.181  -13.972  -31.307 0.8000000119
110726  33.207  -13.739  -31.269 0.6999999881
44183  33.243  -18.242  -27.876 0.8999999762
46172  32.481  -16.558  -29.636 0.8999999762
125383  33.346  -17.005  -28.861 0.8999999762
106169  41.991  -6.560  -31.145 0.3000000119
110669  41.141  -7.632  -31.269 0.3000000119
54895  40.240  -7.141  -30.966 0.4000000060
55778  40.124  -6.784  -29.946 0.3000000119
54015  40.575  -8.116  -31.337 0.3000000119
107175  39.689  -7.817  -31.141 0.4000000060
53172  41.093  -9.125  -31.593 0.4000000060
50273  41.013  -12.817  -29.383 0.6000000238
53175  41.632  -10.142  -31.966 0.5000000000
50279  42.162  -12.460  -30.748 0.5000000000
124119  42.960  -11.560  -32.393 0.5000000000
117885  43.172  -11.458  -30.928 0.5000000000
50278  42.676  -12.703  -31.680 0.5000000000
113346  43.216  -12.219  -32.337 0.5000000000
51268  43.081  -12.203  -32.719 0.5000000000
50286  43.113  -12.910  -33.144 0.5000000000
113454  42.473  -11.949  -32.938 0.5000000000
51274  41.721  -12.264  -33.449 0.6000000238
49298  42.480  -13.373  -34.052 0.6000000238
50293  39.807  -12.540  -33.267 0.6999999881
108071  40.459  -13.177  -33.749 0.6999999881
104794  40.502  -13.910  -34.026 0.6999999881
49300  38.861  -12.690  -32.973 0.6999999881
49295  38.691  -13.393  -32.707 0.8000000119
49299  39.621  -13.517  -33.329 0.8000000119
43217  33.515  -19.070  -27.618 0.8999999762
49289  37.019  -13.115  -31.798 0.8999999762
49288  38.060  -13.687  -32.042 0.8999999762
48258  34.524  -13.434  -31.596 0.6999999881
117146  31.920  -17.792  -28.697 0.8999999762
45203  31.778  -16.862  -29.407 0.8999999762
48242  32.189  -14.715  -30.447 1.0000000000
54896  39.574  -7.520  -30.068 0.3000000119
54016  38.906  -8.200  -31.209 0.4000000060
54889  39.265  -7.420  -30.051 0.3000000119
53173  39.815  -8.612  -31.558 0.4000000060
54890  38.963  -8.251  -30.347 0.3000000119
53176  40.231  -9.600  -31.985 0.4000000060
54018  38.088  -8.719  -31.587 0.4000000060
52218  42.075  -11.091  -32.423 0.4000000060
53177  38.867  -9.010  -32.044 0.4000000060
52219  40.749  -10.600  -32.440 0.4000000060
52220  39.479  -10.147  -32.423 0.4000000060
51270  39.981  -11.117  -32.815 0.5000000000
51269  41.241  -11.509  -32.876 0.5000000000
50287  38.015  -12.032  -32.621 0.6000000238
49296  37.606  -12.634  -32.331 0.8000000119
49290  35.685  -12.751  -31.957 0.6999999881
49284  33.257  -13.359  -31.290 0.6999999881
45216  31.595  -15.889  -30.130 0.8999999762
45204  31.205  -17.275  -29.119 0.8999999762
47209  31.298  -14.965  -29.962 0.8999999762
47210  30.823  -15.437  -29.471 0.8000000119
45217  31.011  -16.240  -29.754 0.8000000119
47195  30.971  -15.311  -29.034 0.6999999881
47178  31.288  -15.477  -27.818 0.8000000119
54002  39.287  -8.494  -29.757 0.3000000119
54009  39.022  -8.244  -30.206 0.3000000119
54010  38.375  -8.646  -30.658 0.3000000119
54003  38.615  -8.824  -30.282 0.4000000060
53174  37.467  -9.156  -31.664 0.4000000060
53168  37.725  -9.102  -30.784 0.4000000060
52216  36.830  -9.790  -31.691 0.5000000000
51271  38.866  -10.777  -32.697 0.5000000000
52222  36.841  -10.359  -32.181 0.5000000000
108731  37.833  -10.532  -32.441 0.5000000000
51273  36.228  -10.965  -32.266 0.5000000000
109491  37.292  -11.158  -32.449 0.5000000000
50288  36.771  -11.725  -32.373 0.6000000238
50283  36.210  -12.228  -32.259 0.6999999881
50284  35.022  -11.962  -32.245 0.6999999881
49292  33.873  -12.757  -31.562 0.6999999881
50276  33.916  -12.637  -31.053 0.6999999881
49276  33.033  -13.523  -31.040 0.6999999881
49275  33.582  -13.193  -30.626 0.6999999881
48232  32.036  -14.682  -29.873 0.8000000119
48231  32.916  -14.583  -29.373 0.6999999881
54883  39.875  -7.096  -29.670 0.3000000119
53990  39.727  -8.668  -28.906 0.3000000119
53153  38.890  -9.744  -29.042 0.4000000060
53164  38.933  -9.160  -29.715 0.3000000119
53165  38.411  -9.533  -30.062 0.4000000060
52212  37.640  -9.923  -30.463 0.4000000060
106039  36.984  -9.653  -31.160 0.4000000060
51263  36.770  -10.364  -30.836 0.3000000119
52213  36.294  -10.333  -31.551 0.5000000000
51264  35.504  -10.875  -31.881 0.6000000238
51257  36.860  -11.258  -30.226 0.3000000119
50281  35.855  -10.997  -31.228 0.5000000000
124841  36.112  -11.592  -30.405 0.4000000060
50289  35.638  -11.478  -32.279 0.6999999881
51266  35.004  -11.360  -32.106 0.6999999881
113149  35.184  -11.616  -30.968 0.6000000238
50285  34.467  -11.934  -31.976 0.6999999881
49291  34.486  -12.646  -31.863 0.6999999881
50282  34.442  -12.080  -31.495 0.6999999881
49274  34.469  -12.976  -30.062 0.6000000238
52198  38.470  -10.401  -28.497 0.3000000119
52209  38.242  -10.241  -29.527 0.3000000119
52210  37.607  -10.757  -29.922 0.3000000119
52199  37.986  -10.769  -28.988 0.3000000119
51250  37.497  -11.443  -29.065 0.3000000119
51233  37.649  -11.796  -27.970 0.3000000119
50274  36.736  -11.939  -29.594 0.3000000119
50266  37.088  -12.224  -28.641 0.4000000060
108352  34.829  -12.326  -30.544 0.5000000000
108651  36.463  -12.491  -29.168 0.5000000000
50267  36.580  -12.928  -28.378 0.5000000000
49273  35.666  -12.934  -29.321 0.6000000238
122787  35.101  -13.544  -29.074 0.6000000238
53966  39.792  -8.436  -26.754 0.4000000060
118744  39.257  -9.356  -27.175 0.3000000119
53139  38.886  -9.908  -27.913 0.3000000119
123849  38.750  -10.038  -27.108 0.3000000119
52183  38.449  -10.545  -27.556 0.3000000119
118287  38.400  -10.591  -26.622 0.3000000119
51232  38.097  -11.080  -28.177 0.3000000119
51218  37.980  -11.314  -27.107 0.3000000119
50241  37.143  -12.632  -26.686 0.3000000119
50256  37.191  -12.501  -27.693 0.4000000060
50257  36.693  -13.212  -27.327 0.4000000060
49267  35.879  -13.822  -28.056 0.6000000238
49236  35.945  -13.766  -26.392 0.4000000060
48229  35.031  -14.505  -27.701 0.5000000000
125748  34.983  -14.165  -28.548 0.6000000238
47163  31.982  -15.238  -27.103 0.6999999881
47179  30.460  -15.472  -27.830 0.8000000119
53114  39.174  -9.143  -26.070 0.3000000119
53128  38.795  -9.913  -26.324 0.3000000119
52171  37.945  -11.253  -25.971 0.3000000119
51219  37.526  -11.952  -26.293 0.3000000119
50229  36.959  -12.545  -25.674 0.4000000060
49226  35.773  -13.423  -25.737 0.4000000060
49237  35.342  -14.018  -26.216 0.4000000060
48199  34.894  -14.560  -26.847 0.4000000060
47175  34.147  -15.012  -27.433 0.5000000000
49238  34.550  -14.107  -26.199 0.4000000060
47193  33.504  -15.148  -28.183 0.6000000238
48200  34.121  -14.726  -26.702 0.4000000060
47162  32.895  -15.258  -26.988 0.6999999881
48201  33.366  -14.760  -26.632 0.4000000060
49240  32.479  -13.587  -26.412 0.4000000060
48202  32.477  -14.628  -26.603 0.6000000238
49241  31.839  -13.961  -26.516 0.5000000000
48203  31.559  -14.718  -26.737 0.6000000238
47164  31.098  -15.201  -27.189 0.6999999881
48204  30.167  -15.015  -27.198 0.6999999881
53949  39.517  -8.394  -25.683 0.3000000119
53115  38.684  -9.800  -25.331 0.3000000119
52170  38.332  -10.543  -25.621 0.3000000119
52156  37.796  -11.179  -24.945 0.3000000119
51207  36.728  -12.237  -24.858 0.3000000119
118755  36.237  -12.853  -25.294 0.4000000060
50230  35.579  -12.935  -25.269 0.3000000119
113045  34.994  -12.518  -25.261 0.3000000119
49227  34.942  -13.355  -25.662 0.3000000119
50231  34.317  -12.706  -25.690 0.3000000119
107380  33.752  -14.099  -26.304 0.4000000060
49228  34.041  -13.356  -25.982 0.3000000119
121785  33.500  -12.412  -26.091 0.3000000119
49239  33.237  -13.347  -26.249 0.3000000119
50243  32.594  -12.640  -26.373 0.3000000119
50244  31.667  -12.980  -26.500 0.3000000119
112597  31.165  -12.202  -26.640 0.4000000060
49242  31.008  -13.857  -26.599 0.5000000000
49243  29.561  -14.256  -26.935 0.5000000000
53950  38.947  -8.989  -25.064 0.3000000119
53103  38.417  -9.642  -24.334 0.3000000119
52155  38.111  -10.429  -24.631 0.3000000119
51185  37.149  -11.583  -24.528 0.3000000119
51186  36.490  -11.666  -24.366 0.3000000119
51208  34.174  -11.784  -25.646 0.3000000119
51220  33.414  -11.445  -26.167 0.3000000119
51221  32.751  -11.679  -26.409 0.3000000119
105180  31.902  -11.985  -26.544 0.3000000119
113724  30.083  -13.505  -26.685 0.5000000000
50246  29.815  -12.596  -26.756 0.5000000000
116491  29.111  -13.266  -26.877 0.5000000000
53939  38.723  -8.839  -24.071 0.3000000119
53104  37.687  -10.182  -23.778 0.3000000119
51169  36.441  -11.115  -23.983 0.3000000119
51187  35.803  -11.338  -24.303 0.3000000119
51188  35.051  -11.692  -24.949 0.3000000119
52173  33.740  -10.804  -26.035 0.3000000119
51222  31.173  -11.442  -26.808 0.4000000060
51223  30.403  -11.922  -26.770 0.4000000060
51236  29.359  -11.713  -27.058 0.4000000060
106643  29.079  -10.735  -27.526 0.4000000060
122035  29.227  -12.473  -26.924 0.5000000000
54824  39.534  -7.437  -24.438 0.3000000119
54825  39.016  -8.059  -23.803 0.3000000119
52122  36.881  -10.598  -23.679 0.3000000119
52123  36.137  -10.628  -23.768 0.3000000119
120850  35.086  -10.955  -24.775 0.3000000119
52158  34.440  -10.913  -25.391 0.3000000119
52175  32.052  -11.092  -26.716 0.3000000119
52184  32.184  -10.239  -27.044 0.3000000119
51234  31.286  -10.586  -27.142 0.4000000060
51235  30.198  -10.925  -27.226 0.3000000119
54809  38.660  -7.807  -23.053 0.3000000119
53928  38.375  -8.557  -23.257 0.3000000119
53909  37.699  -8.849  -22.980 0.3000000119
52121  37.194  -9.659  -23.263 0.3000000119
112403  36.499  -10.067  -23.427 0.3000000119
52138  35.429  -10.473  -24.306 0.3000000119
53105  35.083  -9.628  -24.646 0.3000000119
52157  34.741  -10.235  -25.062 0.3000000119
53117  34.539  -9.406  -25.446 0.3000000119
52174  32.951  -10.700  -26.537 0.3000000119
53908  38.059  -8.181  -22.707 0.3000000119
53079  37.076  -8.860  -22.871 0.3000000119
53910  36.987  -8.171  -22.608 0.3000000119
53929  36.439  -8.518  -22.973 0.3000000119
116936  35.861  -8.810  -23.541 0.3000000119
52172  34.092  -10.003  -25.883 0.3000000119
53129  33.635  -9.415  -26.475 0.3000000119
53130  32.919  -9.683  -26.871 0.3000000119
54790  37.556  -7.687  -22.436 0.3000000119
106180  37.129  -6.979  -22.201 0.3000000119
53930  35.885  -7.959  -23.328 0.3000000119
54810  36.429  -7.751  -22.768 0.4000000060
116557  35.329  -8.921  -24.359 0.3000000119
53116  34.848  -8.926  -25.067 0.3000000119
123970  34.125  -9.175  -26.073 0.3000000119
53940  35.470  -8.107  -24.181 0.4000000060
54811  35.952  -7.119  -23.109 0.4000000060
53951  34.991  -8.236  -25.007 0.4000000060
54792  36.503  -7.006  -22.534 0.3000000119
55686  35.599  -6.309  -23.739 0.4000000060
37533  36.499  -25.424  -30.941 1.0000000000
38570  37.974  -24.842  -32.085 1.0000000000
105622  35.774  -25.696  -30.597 0.8999999762
106531  32.583  -14.243  -30.802 0.6999999881
112349  32.655  -15.236  -28.511 0.8000000119
47177  32.226  -15.403  -27.713 0.8000000119
113837  40.040  -36.595  -24.232 0.6000000238
123738  40.185  -36.601  -25.048 0.6000000238
106571  40.086  -34.840  -24.711 0.6000000238
23509  34.683  -38.593  -21.643 0.5000000000
23508  35.572  -39.286  -21.792 0.5000000000
26605  39.467  -36.342  -22.482 0.6000000238
27528  38.180  -35.483  -20.832 0.5000000000
23505  38.526  -39.431  -22.544 0.4000000060
120768  39.106  -38.482  -21.401 0.5000000000
22466  37.179  -39.831  -23.123 0.4000000060
30562  36.573  -32.115  -25.707 0.6999999881
32623  39.829  -29.688  -29.140 0.8999999762
32566  35.383  -30.301  -22.889 0.6999999881
25613  39.530  -37.121  -20.576 0.5000000000
24533  40.785  -38.072  -20.713 0.5000000000
33462  36.547  -29.592  -25.268 0.8000000119
22465  37.940  -40.654  -23.461 0.4000000060
123896  37.899  -30.120  -27.315 0.8000000119
124321  35.518  -30.579  -23.555 0.6999999881
27501  39.979  -34.834  -19.814 0.4000000060
36446  38.747  -26.426  -28.630 0.8000000119
123536  33.757  -27.328  -28.951 0.8000000119
32549  35.598  -30.356  -20.789 0.6000000238
31559  39.530  -31.463  -20.567 0.4000000060
29455  41.244  -33.593  -20.502 0.4000000060
35419  36.701  -27.852  -25.061 0.8000000119
37532  37.314  -25.718  -31.065 1.0000000000
32559  39.370  -30.520  -21.042 0.5000000000
32546  37.954  -30.161  -20.151 0.5000000000
38571  36.618  -24.438  -31.188 1.0000000000
117210  37.091  -27.794  -20.005 0.6999999881
39477  39.772  -24.323  -31.419 1.0000000000
38569  38.911  -24.952  -32.059 1.0000000000
41288  37.323  -21.384  -31.934 1.0000000000
115655  38.026  -20.975  -32.620 1.0000000000
111364  37.614  -22.199  -27.853 0.8000000119
110346  41.281  -19.544  -33.103 1.0000000000
45198  39.258  -17.270  -28.992 0.8000000119
43241  40.883  -19.707  -31.573 1.0000000000
42241  41.049  -20.564  -31.698 1.0000000000
43206  37.145  -19.558  -26.294 0.6999999881
46197  41.292  -16.485  -32.058 0.8000000119
45241  41.576  -17.066  -34.165 1.0000000000
45244  39.237  -17.499  -33.711 1.0000000000
46204  42.240  -16.255  -33.890 1.0000000000
42179  37.060  -20.042  -22.966 0.6000000238
107181  36.939  -19.270  -24.750 0.6999999881
51167  42.792  -11.545  -23.685 0.4000000060
38537  32.790  -23.923  -25.938 1.0000000000
39465  33.297  -22.524  -27.051 1.0000000000
52153  42.121  -9.997  -24.746 0.4000000060
50196  42.242  -12.294  -23.660 0.4000000060
52136  41.953  -10.672  -24.353 0.5000000000
50197  41.442  -12.082  -23.913 0.5000000000
106217  44.288  -9.214  -30.655 0.4000000060
53150  43.841  -9.159  -29.645 0.4000000060
46182  36.248  -16.202  -29.347 1.0000000000
52182  41.599  -10.616  -27.307 0.5000000000
47220  31.635  -14.978  -30.323 0.8000000119
52215  43.066  -10.625  -31.974 0.5000000000
51261  43.102  -11.951  -31.433 0.5000000000
50290  42.706  -12.759  -33.495 0.5000000000
50292  41.010  -12.657  -33.717 0.6999999881
51275  40.490  -11.956  -33.241 0.6000000238
51276  39.358  -11.642  -32.995 0.5000000000
51272  38.361  -11.381  -32.706 0.5000000000
53179  37.469  -9.707  -32.118 0.5000000000
48240  33.248  -13.792  -30.074 0.6999999881
49268  34.198  -13.636  -29.497 0.6999999881
47161  33.591  -15.149  -26.984 0.6000000238
50213  35.869  -12.288  -24.757 0.3000000119
28574  41.388  -33.772  -31.877 0.5000000000
29548  40.919  -33.628  -32.351 0.5000000000
110664  39.440  -33.136  -32.393 0.5000000000
26690  40.930  -36.116  -31.861 0.5000000000
27606  40.715  -35.260  -32.080 0.5000000000
120997  42.496  -36.847  -30.932 0.5000000000
27603  41.646  -35.567  -31.507 0.5000000000
28577  41.324  -35.088  -31.911 0.5000000000
26679  42.315  -36.998  -30.304 0.5000000000
25703  42.006  -37.304  -28.928 0.4000000060
27596  41.779  -36.482  -29.572 0.5000000000
25693  41.749  -36.866  -27.895 0.4000000060
27594  41.542  -36.266  -28.272 0.5000000000
25686  41.071  -36.831  -26.643 0.5000000000
26666  41.665  -36.383  -27.455 0.5000000000
34347  31.412  -28.532  -23.805 0.6999999881
33437  30.320  -29.332  -23.526 0.6999999881
34371  32.483  -28.520  -25.413 0.8000000119
35430  33.069  -27.997  -26.932 0.8000000119
34378  32.524  -28.588  -26.526 0.8000000119
36439  33.969  -26.976  -28.200 0.8999999762
35390  31.209  -27.712  -23.581 0.6999999881
35429  33.492  -27.352  -26.361 0.8999999762
35420  33.428  -26.852  -25.565 0.8999999762
114045  34.207  -26.671  -27.316 0.8999999762
36438  34.447  -26.255  -27.914 0.8999999762
111020  31.524  -26.970  -23.665 0.6000000238
35407  31.971  -27.542  -23.893 0.8000000119
36428  33.993  -26.617  -26.368 0.8999999762
36427  34.534  -25.934  -26.889 0.8999999762
38555  35.658  -24.266  -28.613 0.8999999762
39474  36.245  -23.090  -29.921 0.8999999762
123846  39.759  -22.590  -21.803 0.5000000000
40301  39.283  -22.880  -21.221 0.5000000000
40302  38.740  -22.296  -21.222 0.5000000000
37438  39.003  -24.943  -20.587 0.6000000238
38451  38.368  -24.388  -20.641 0.5000000000
39365  37.850  -23.883  -20.883 0.5000000000
36359  38.799  -25.778  -20.387 0.6000000238
36404  31.199  -26.245  -23.814 0.6000000238
37481  32.403  -25.725  -24.616 0.8999999762
36418  33.670  -26.004  -25.505 0.8999999762
116688  33.034  -26.229  -24.869 0.8999999762
37507  34.427  -25.163  -26.330 0.8999999762
38547  35.419  -24.209  -27.746 0.8999999762
39471  35.912  -23.398  -28.963 0.8999999762
42165  39.248  -20.529  -22.031 0.5000000000
43159  38.665  -20.169  -21.863 0.5000000000
41209  39.761  -21.013  -22.390 0.5000000000
41192  38.567  -21.504  -21.470 0.5000000000
42159  38.188  -20.709  -21.721 0.5000000000
41208  40.244  -21.419  -22.764 0.5000000000
41191  39.271  -22.052  -21.564 0.5000000000
38521  32.366  -24.482  -25.416 0.8999999762
37482  31.624  -25.645  -24.347 0.6999999881
37496  32.976  -25.306  -25.137 0.8999999762
37495  33.791  -25.193  -25.691 0.8999999762
39446  34.913  -23.708  -27.194 0.8999999762
40405  35.461  -22.610  -28.337 0.8999999762
44128  39.730  -19.083  -22.579 0.5000000000
43165  38.465  -19.467  -22.177 0.5000000000
43163  40.033  -19.752  -22.720 0.5000000000
42178  40.314  -20.618  -22.939 0.5000000000
38520  33.176  -24.621  -25.596 0.8999999762
39447  34.198  -23.729  -26.637 0.8999999762
40391  34.894  -22.797  -27.568 0.8999999762
44130  39.047  -18.684  -22.417 0.5000000000
44129  39.914  -18.363  -22.759 0.5000000000
45143  40.110  -17.532  -22.912 0.5000000000
44140  40.420  -19.044  -22.970 0.5000000000
45142  40.878  -17.206  -23.301 0.4000000060
39434  29.851  -23.787  -25.851 0.6000000238
39452  28.599  -23.392  -26.327 0.6000000238
39450  30.276  -23.342  -26.606 0.8000000119
40380  29.824  -22.923  -27.202 0.6999999881
40381  29.112  -22.977  -27.250 0.6999999881
116976  28.118  -22.701  -26.913 0.6999999881
42221  27.929  -21.240  -26.938 0.6999999881
40396  30.328  -22.147  -27.453 0.8000000119
122076  30.755  -22.788  -27.076 0.8000000119
40397  29.469  -22.370  -27.396 0.6999999881
41265  29.152  -21.681  -27.366 0.6999999881
41266  28.476  -21.688  -27.176 0.6999999881
42220  28.769  -20.785  -27.186 0.6999999881
113890  28.582  -19.844  -27.233 0.6999999881
42217  31.330  -20.719  -27.717 0.8000000119
42218  30.545  -20.744  -27.782 0.8000000119
42216  32.223  -20.669  -27.573 0.8000000119
113305  29.318  -19.937  -27.568 0.6999999881
108261  30.129  -19.978  -27.935 0.6999999881
43232  30.534  -19.212  -28.287 0.8000000119
43221  29.655  -19.017  -28.107 0.6999999881
125882  30.851  -18.589  -28.558 0.8000000119
44201  29.517  -17.937  -28.360 0.6000000238
43230  32.098  -19.293  -27.830 0.8000000119
43231  31.342  -19.162  -28.240 0.8000000119
45205  30.047  -17.316  -28.761 0.6000000238
45206  29.400  -16.923  -28.527 0.6000000238
46175  28.746  -16.529  -28.295 0.6000000238
113085  30.714  -17.769  -28.813 0.8000000119
46173  29.940  -16.324  -28.960 0.6000000238
46174  29.355  -16.118  -28.623 0.6000000238
44199  31.337  -18.228  -28.623 0.8000000119
47198  28.767  -15.877  -28.314 0.6000000238
45218  30.554  -16.722  -29.181 0.6999999881
47196  30.137  -15.664  -28.808 0.6000000238
48216  29.192  -14.886  -27.524 0.6000000238
48233  29.614  -15.491  -27.959 0.6000000238
46185  30.497  -15.770  -29.391 0.6999999881
122068  30.610  -15.480  -28.679 0.6999999881
25696  39.000  -37.651  -27.303 0.4000000060
25694  41.364  -37.161  -27.495 0.5000000000
26667  41.627  -36.502  -26.977 0.5000000000
104981  42.185  -36.302  -30.756 0.5000000000
27599  41.847  -35.440  -31.185 0.5000000000
37525  35.248  -25.175  -29.079 0.8999999762
44139  40.850  -18.218  -23.257 0.3000000119
40395  31.292  -22.122  -27.366 0.8000000119
26686  41.752  -36.394  -31.542 0.5000000000
123736  42.116  -37.109  -29.388 0.5000000000
35406  32.572  -27.663  -24.670 0.8000000119
39378  39.557  -23.766  -21.168 0.5000000000
41263  30.918  -21.443  -27.635 0.8000000119
42219  29.736  -20.904  -27.599 0.6999999881
43219  31.768  -19.931  -27.643 0.8000000119
44185  29.022  -18.399  -27.983 0.6999999881
44200  30.225  -18.336  -28.523 0.6999999881
32565  39.818  -30.260  -21.657 0.4000000060
33426  40.419  -29.670  -22.595 0.4000000060
115112  39.593  -29.198  -21.544 0.4000000060
33427  39.928  -29.736  -21.945 0.4000000060
35369  40.118  -27.306  -21.538 0.5000000000
114556  40.629  -28.856  -22.679 0.4000000060
33434  40.928  -29.531  -23.221 0.4000000060
36367  39.926  -26.466  -21.092 0.5000000000
37454  39.688  -25.590  -20.830 0.5000000000
35382  40.778  -27.277  -22.245 0.5000000000
34329  40.363  -28.123  -22.108 0.4000000060
35389  41.919  -27.632  -23.436 0.4000000060
35381  41.393  -27.345  -22.853 0.4000000060
34358  42.440  -28.111  -24.115 0.4000000060
38469  39.695  -24.625  -21.009 0.5000000000
36378  40.578  -26.501  -21.744 0.5000000000
36385  41.901  -26.740  -23.185 0.4000000060
35388  42.392  -27.069  -23.866 0.4000000060
36425  43.689  -26.184  -26.387 0.4000000060
114228  43.230  -26.763  -24.836 0.4000000060
35404  42.911  -27.323  -24.498 0.4000000060
36436  43.721  -25.920  -27.146 0.4000000060
36415  43.527  -26.641  -25.536 0.4000000060
37453  40.360  -25.120  -21.429 0.5000000000
37460  40.883  -25.696  -21.888 0.5000000000
37459  41.406  -25.531  -22.447 0.4000000060
42240  45.160  -21.110  -30.503 0.3000000119
37469  41.900  -25.852  -22.980 0.4000000060
41280  45.359  -21.868  -31.026 0.3000000119
108650  42.781  -25.625  -24.209 0.4000000060
40415  45.079  -22.601  -30.912 0.3000000119
39472  44.682  -23.518  -30.868 0.3000000119
39469  43.767  -23.861  -28.762 0.3000000119
38553  43.648  -24.672  -28.244 0.3000000119
38544  43.503  -24.561  -27.391 0.4000000060
107933  43.405  -25.613  -25.699 0.4000000060
36399  43.202  -26.008  -24.881 0.4000000060
117583  44.180  -24.163  -29.974 0.3000000119
38552  43.911  -24.800  -29.242 0.3000000119
37514  43.660  -25.342  -27.663 0.4000000060
39395  40.751  -23.677  -22.236 0.4000000060
38479  41.037  -24.735  -22.150 0.4000000060
38486  41.739  -24.956  -22.908 0.4000000060
42224  44.159  -20.885  -28.774 0.3000000119
41281  44.834  -21.806  -30.166 0.3000000119
40401  44.083  -22.476  -29.144 0.3000000119
39459  43.477  -23.333  -27.978 0.3000000119
39443  43.301  -23.734  -27.218 0.4000000060
38532  43.348  -24.389  -26.703 0.4000000060
37480  43.053  -24.970  -24.917 0.4000000060
40408  44.538  -22.571  -29.918 0.3000000119
40402  43.713  -22.879  -28.647 0.3000000119
115716  43.518  -24.029  -27.909 0.3000000119
39396  39.999  -23.320  -21.713 0.4000000060
42211  43.246  -20.946  -27.518 0.3000000119
41249  42.593  -21.491  -26.365 0.3000000119
40365  42.441  -22.115  -25.811 0.4000000060
40354  42.093  -21.891  -25.048 0.4000000060
39406  42.172  -23.457  -24.122 0.4000000060
39407  41.761  -23.524  -23.453 0.4000000060
116470  44.242  -20.018  -28.645 0.3000000119
41258  42.900  -21.613  -27.080 0.3000000119
39430  42.695  -23.017  -25.883 0.4000000060
39418  42.496  -23.304  -24.949 0.4000000060
38485  42.164  -24.312  -23.594 0.4000000060
42225  43.664  -21.149  -28.099 0.3000000119
40389  43.079  -22.380  -27.254 0.3000000119
39444  42.971  -23.043  -26.795 0.4000000060
38517  42.903  -23.969  -25.403 0.4000000060
38499  42.586  -24.147  -24.504 0.4000000060
41268  43.827  -21.918  -28.495 0.3000000119
40388  43.453  -22.538  -27.910 0.3000000119
38533  43.136  -23.782  -26.307 0.4000000060
42177  40.996  -20.609  -23.622 0.4000000060
41227  41.340  -21.350  -23.913 0.4000000060
41228  40.765  -21.388  -23.298 0.4000000060
106426  40.351  -22.781  -22.316 0.4000000060
42194  42.175  -20.671  -25.467 0.3000000119
41237  41.722  -21.294  -24.605 0.4000000060
40340  41.216  -22.134  -23.526 0.4000000060
39408  41.132  -23.017  -22.999 0.4000000060
41242  42.304  -21.354  -25.663 0.4000000060
40339  41.712  -22.028  -24.237 0.4000000060
113703  41.692  -22.810  -23.814 0.4000000060
43222  28.815  -19.122  -27.634 0.6000000238
43223  27.972  -19.155  -27.064 0.6000000238
45207  28.737  -17.522  -28.074 0.5000000000
44186  28.357  -18.333  -27.632 0.5000000000
45190  28.084  -16.901  -27.913 0.5000000000
46159  28.118  -16.120  -28.103 0.5000000000
48217  28.383  -14.903  -27.726 0.5000000000
49253  28.656  -14.187  -27.198 0.4000000060
53979  33.246  -8.246  -27.156 0.3000000119
53980  32.604  -7.912  -27.755 0.3000000119
53952  34.463  -8.505  -25.759 0.3000000119
53967  33.819  -8.531  -26.528 0.3000000119
54850  33.725  -7.677  -26.900 0.3000000119
54862  32.597  -7.226  -28.155 0.3000000119
107675  31.804  -7.428  -28.709 0.3000000119
54872  32.281  -6.691  -29.040 0.3000000119
54838  35.178  -7.428  -24.858 0.3000000119
54839  34.714  -7.577  -25.613 0.3000000119
54849  34.227  -7.680  -26.312 0.3000000119
54860  34.080  -6.914  -26.846 0.3000000119
124808  33.695  -7.202  -27.158 0.3000000119
109431  33.623  -6.718  -27.486 0.3000000119
54871  33.001  -6.656  -28.158 0.3000000119
55754  32.827  -6.032  -29.196 0.3000000119
56644  32.742  -5.454  -30.459 0.3000000119
54826  35.563  -7.266  -23.980 0.3000000119
115077  34.989  -6.793  -25.460 0.3000000119
55717  34.590  -6.866  -26.148 0.3000000119
55731  34.542  -6.117  -26.630 0.3000000119
56611  34.569  -5.335  -27.153 0.3000000119
55744  33.503  -5.986  -28.211 0.3000000119
56634  33.423  -5.367  -29.303 0.3000000119
109953  35.358  -5.829  -24.720 0.3000000119
55730  34.963  -6.124  -25.950 0.3000000119
56610  34.917  -5.388  -26.370 0.3000000119
56623  34.043  -5.151  -28.199 0.3000000119
57590  34.429  -4.276  -28.669 0.3000000119
113465  35.480  -4.969  -23.869 0.3000000119
56580  35.443  -4.990  -24.765 0.3000000119
57549  35.372  -4.672  -25.542 0.3000000119
57565  35.201  -4.700  -26.144 0.3000000119
57581  34.650  -4.541  -27.632 0.3000000119
57524  35.473  -4.343  -24.213 0.3000000119
57536  35.485  -4.187  -25.137 0.3000000119
117193  35.541  -3.423  -25.548 0.3000000119
58546  35.465  -4.073  -25.936 0.3000000119
58531  35.503  -3.579  -24.592 0.3000000119
59376  35.517  -2.612  -24.906 0.3000000119
59364  35.400  -2.442  -23.660 0.3000000119
35403  43.389  -27.406  -25.112 0.4000000060
32564  40.351  -30.298  -22.198 0.4000000060
32573  40.925  -30.307  -23.020 0.4000000060
110593  42.642  -28.974  -24.687 0.4000000060
115787  41.469  -29.298  -23.711 0.4000000060
37513  43.940  -26.208  -27.982 0.4000000060
35426  43.838  -27.078  -26.336 0.4000000060
35417  43.671  -27.463  -25.736 0.4000000060
41286  45.859  -21.896  -31.985 0.3000000119
39476  45.374  -23.328  -32.210 0.3000000119
38557  44.086  -25.049  -30.496 0.3000000119
37523  43.827  -25.466  -28.643 0.3000000119
117406  45.591  -21.277  -31.313 0.3000000119
42232  45.061  -20.262  -30.144 0.3000000119
108389  43.763  -20.268  -28.015 0.3000000119
115556  44.581  -20.123  -29.316 0.3000000119
43176  41.317  -19.864  -24.004 0.4000000060
116490  41.666  -20.137  -24.613 0.4000000060
42195  41.816  -20.666  -24.899 0.4000000060
112980  42.751  -20.012  -26.530 0.3000000119
42212  42.787  -20.816  -26.860 0.3000000119
115467  41.078  -19.131  -23.564 0.4000000060
111810  27.951  -20.251  -26.917 0.6000000238
56550  35.644  -5.420  -23.095 0.3000000119
57510  35.522  -4.521  -23.234 0.3000000119
58515  35.482  -3.764  -23.591 0.3000000119
59357  35.431  -2.346  -22.661 0.3000000119
42239  45.586  -20.548  -31.057 0.3000000119
33418  39.368  -29.810  -21.370 0.4000000060
35370  39.346  -27.220  -20.735 0.5000000000
37468  42.315  -25.293  -23.541 0.4000000060
42233  44.647  -20.976  -29.684 0.3000000119
55702  35.319  -6.627  -24.704 0.3000000119
57566  34.968  -4.676  -26.829 0.3000000119
57580  35.277  -4.030  -26.625 0.3000000119
60228  35.188  -1.565  -23.260 0.3000000119
31558  40.544  -31.780  -20.936 0.3000000119
31580  40.859  -30.884  -22.224 0.3000000119
30595  33.456  -32.160  -28.459 0.6000000238
30596  32.460  -31.921  -28.180 0.6999999881
124952  32.160  -32.149  -27.655 0.6999999881
33433  41.354  -29.986  -23.728 0.3000000119
22449  39.365  -40.498  -22.833 0.3000000119
23503  39.992  -40.148  -21.898 0.3000000119
31631  30.217  -31.593  -27.041 0.6999999881
125925  41.760  -32.508  -21.126 0.3000000119
30577  30.312  -32.103  -27.164 0.6999999881
30587  30.913  -31.999  -27.569 0.6999999881
123572  42.012  -32.079  -21.646 0.3000000119
31579  41.599  -30.949  -22.766 0.3000000119
30586  31.622  -31.887  -27.790 0.6999999881
31578  42.249  -31.586  -22.380 0.3000000119
32600  42.902  -30.099  -25.093 0.3000000119
120868  42.325  -30.537  -23.979 0.3000000119
32572  41.707  -30.477  -23.559 0.3000000119
33469  43.872  -29.635  -26.308 0.3000000119
109413  43.691  -28.931  -25.916 0.3000000119
33446  42.332  -29.778  -24.586 0.3000000119
24545  40.512  -38.858  -21.019 0.3000000119
27515  41.210  -35.300  -20.331 0.4000000060
33473  30.889  -30.533  -27.185 0.6999999881
30518  42.347  -32.774  -21.409 0.3000000119
28481  41.307  -34.460  -20.414 0.3000000119
32618  30.574  -31.023  -27.412 0.6999999881
31651  31.014  -31.067  -27.783 0.6999999881
30528  42.691  -32.318  -22.043 0.3000000119
31577  43.024  -31.838  -22.740 0.3000000119
31601  43.130  -30.839  -24.146 0.3000000119
33447  41.776  -29.731  -24.111 0.3000000119
32607  44.184  -30.159  -26.612 0.3000000119
25611  41.394  -37.524  -20.703 0.4000000060
32602  30.875  -30.457  -26.272 0.6999999881
27527  42.624  -35.293  -21.117 0.3000000119
28480  41.951  -34.880  -20.729 0.3000000119
30527  43.381  -32.589  -22.445 0.3000000119
29466  42.536  -33.572  -21.279 0.3000000119
33478  31.442  -29.994  -27.534 0.6999999881
30540  43.651  -32.162  -23.000 0.3000000119
113094  31.518  -30.090  -27.950 0.6999999881
34375  43.964  -28.075  -26.323 0.3000000119
33461  43.217  -28.944  -25.255 0.3000000119
33468  44.320  -29.515  -27.041 0.3000000119
110931  44.050  -28.949  -26.589 0.3000000119
33472  31.424  -29.891  -26.733 0.6999999881
29465  43.360  -34.039  -21.669 0.3000000119
34379  31.927  -29.278  -27.167 0.6999999881
29474  44.409  -33.505  -22.770 0.3000000119
29475  43.753  -33.362  -22.268 0.3000000119
34383  31.979  -29.404  -28.001 0.6999999881
35436  44.368  -27.718  -28.079 0.3000000119
28491  43.874  -34.948  -21.962 0.3000000119
35439  33.120  -28.083  -27.937 0.6999999881
35425  44.111  -27.498  -27.122 0.3000000119
44164  42.091  -18.688  -24.946 0.3000000119
30602  34.840  -32.614  -29.291 0.5000000000
30564  32.384  -32.670  -26.014 0.6999999881
30573  34.013  -32.492  -27.753 0.6000000238
30563  33.198  -32.788  -26.025 0.6000000238
30594  34.349  -32.508  -28.726 0.6000000238
31632  29.823  -32.414  -26.519 0.6999999881
32604  29.871  -31.681  -26.297 0.6999999881
23485  41.483  -39.434  -21.405 0.3000000119
32603  30.308  -31.025  -25.727 0.6999999881
25610  42.158  -37.590  -21.033 0.4000000060
33464  31.002  -30.329  -24.994 0.6999999881
26594  42.696  -36.186  -21.175 0.4000000060
27514  41.830  -35.885  -20.697 0.4000000060
106182  32.030  -29.119  -25.167 0.6999999881
27526  43.315  -35.601  -21.539 0.3000000119
27525  43.944  -35.925  -22.058 0.3000000119
123944  44.363  -36.922  -22.512 0.3000000119
30519  41.332  -31.958  -21.265 0.3000000119
33463  31.546  -29.780  -25.625 0.6999999881
30585  32.983  -32.292  -27.707 0.6000000238
27535  44.522  -35.460  -22.539 0.3000000119
26593  43.400  -36.476  -21.637 0.3000000119
27604  39.674  -35.260  -31.995 0.5000000000
29547  37.093  -33.769  -30.937 0.5000000000
28571  37.263  -34.215  -30.770 0.5000000000
29549  40.058  -33.582  -32.477 0.4000000060
24582  30.199  -38.090  -23.751 0.4000000060
24584  28.700  -39.057  -23.126 0.5000000000
29546  37.852  -33.479  -31.654 0.4000000060
28575  38.367  -34.152  -31.772 0.5000000000
28572  36.662  -33.802  -30.430 0.5000000000
23527  25.594  -40.089  -23.438 0.4000000060
113492  24.706  -39.846  -23.661 0.4000000060
24583  29.438  -38.608  -23.515 0.5000000000
29541  35.462  -33.076  -29.526 0.4000000060
126622  23.927  -39.363  -23.875 0.4000000060
23542  23.242  -40.226  -24.555 0.4000000060
23513  26.039  -39.469  -22.821 0.4000000060
24568  28.430  -38.584  -22.317 0.5000000000
24569  27.176  -38.959  -22.132 0.4000000060
26631  30.669  -36.488  -22.981 0.5000000000
27557  31.862  -34.668  -23.581 0.4000000060
115023  34.898  -32.907  -27.963 0.5000000000
29516  33.572  -33.400  -25.488 0.4000000060
27574  32.485  -34.614  -23.936 0.4000000060
29530  34.488  -33.157  -26.833 0.4000000060
114606  22.746  -39.508  -24.485 0.4000000060
24590  18.255  -38.423  -23.517 0.4000000060
24571  25.624  -38.452  -22.590 0.4000000060
25662  20.668  -37.123  -23.754 0.4000000060
24548  28.200  -37.984  -21.843 0.5000000000
24550  27.016  -38.238  -21.831 0.4000000060
26632  21.789  -36.602  -23.574 0.4000000060
25638  29.417  -37.538  -22.426 0.5000000000
118385  23.315  -35.720  -22.616 0.4000000060
26614  22.326  -36.048  -23.067 0.4000000060
26607  29.880  -36.620  -22.511 0.5000000000
27538  30.160  -35.699  -22.635 0.5000000000
27544  24.024  -35.172  -22.157 0.4000000060
125902  22.885  -34.366  -22.329 0.4000000060
27559  30.839  -35.476  -22.938 0.5000000000
28527  31.243  -34.373  -23.432 0.6000000238
28526  31.869  -33.875  -23.857 0.6000000238
29517  32.821  -33.031  -25.259 0.5000000000
24606  18.835  -39.070  -23.835 0.4000000060
25680  20.218  -37.899  -23.879 0.4000000060
24587  23.340  -38.417  -23.907 0.4000000060
25661  21.434  -37.088  -23.897 0.4000000060
26598  27.033  -37.355  -21.693 0.5000000000
25640  26.170  -37.674  -21.957 0.4000000060
25660  22.127  -37.159  -23.916 0.4000000060
26609  28.182  -36.486  -21.962 0.5000000000
26613  23.953  -36.386  -22.638 0.4000000060
118578  23.078  -36.532  -23.237 0.4000000060
26608  29.036  -36.585  -22.209 0.5000000000
28528  30.469  -34.334  -23.399 0.5000000000
28511  24.288  -34.191  -22.268 0.4000000060
29491  30.827  -33.767  -23.933 0.6000000238
29503  32.335  -33.375  -24.558 0.6000000238
24605  19.781  -38.790  -24.053 0.4000000060
24572  24.738  -38.142  -23.001 0.4000000060
25678  21.781  -37.680  -24.192 0.4000000060
25659  22.968  -37.313  -23.720 0.4000000060
26612  24.870  -36.612  -22.231 0.4000000060
27540  28.481  -35.666  -22.429 0.5000000000
106183  25.518  -35.990  -21.825 0.4000000060
123818  24.727  -34.838  -21.980 0.4000000060
121207  29.645  -35.103  -22.790 0.5000000000
28510  25.204  -34.306  -22.313 0.4000000060
30576  31.507  -32.542  -26.649 0.6000000238
29504  31.246  -33.299  -24.639 0.6000000238
28540  29.908  -33.944  -24.143 0.6000000238
23543  22.032  -39.146  -24.554 0.4000000060
24588  22.485  -37.873  -24.106 0.4000000060
25642  24.350  -37.253  -22.836 0.4000000060
25643  23.618  -37.050  -23.234 0.4000000060
26610  27.326  -36.491  -21.753 0.5000000000
26611  26.393  -36.486  -21.752 0.5000000000
110619  26.901  -35.757  -21.869 0.5000000000
27542  26.181  -35.456  -21.905 0.5000000000
27560  28.760  -34.972  -23.161 0.5000000000
27541  27.651  -35.639  -22.168 0.5000000000
27562  26.922  -34.974  -22.598 0.5000000000
28509  25.991  -34.634  -22.433 0.4000000060
28529  29.566  -34.504  -23.472 0.6000000238
28531  26.416  -34.366  -23.586 0.5000000000
28532  25.706  -33.944  -23.171 0.4000000060
29531  30.566  -32.681  -26.483 0.6000000238
29519  30.398  -33.060  -25.711 0.6000000238
28530  28.618  -34.490  -24.178 0.6000000238
114083  28.019  -34.714  -23.908 0.5000000000
29506  29.234  -33.925  -25.298 0.6000000238
120644  27.799  -34.469  -24.880 0.6000000238
122277  27.186  -34.583  -24.117 0.5000000000
29520  29.426  -33.362  -25.931 0.6000000238
123822  30.053  -32.576  -26.698 0.6000000238
31592  29.114  -30.947  -23.709 0.5000000000
31604  28.917  -31.749  -24.498 0.6000000238
31605  28.129  -32.075  -24.599 0.5000000000
31603  29.691  -31.512  -25.056 0.6000000238
31621  28.431  -32.619  -25.438 0.6000000238
106051  27.263  -33.587  -25.573 0.5000000000
29523  26.382  -33.574  -25.523 0.5000000000
28542  28.485  -34.197  -25.224 0.6000000238
107308  27.015  -34.376  -25.213 0.5000000000
28543  26.380  -34.339  -24.819 0.5000000000
28544  25.931  -34.090  -24.389 0.5000000000
29492  25.331  -33.484  -24.289 0.5000000000
32575  29.887  -30.326  -23.636 0.5000000000
32576  29.167  -30.166  -23.487 0.5000000000
33450  30.774  -29.953  -23.943 0.6000000238
32589  30.312  -30.824  -24.424 0.6000000238
28552  27.766  -34.061  -25.502 0.6000000238
29522  26.934  -34.046  -25.480 0.5000000000
31620  29.252  -32.310  -25.700 0.6000000238
30566  28.305  -33.489  -25.742 0.6000000238
28573  36.460  -33.934  -29.990 0.4000000060
29536  35.538  -33.430  -28.275 0.4000000060
30607  35.717  -32.924  -30.172 0.5000000000
29543  35.954  -33.382  -30.014 0.4000000060
116811  29.015  -33.287  -26.013 0.6000000238
28580  38.994  -34.643  -31.923 0.5000000000
28567  37.089  -34.576  -29.589 0.5000000000
27602  37.938  -34.770  -31.050 0.5000000000
28566  37.029  -34.232  -30.363 0.5000000000
25656  30.204  -37.433  -22.920 0.5000000000
24585  25.195  -39.123  -23.217 0.4000000060
24586  24.298  -38.762  -23.545 0.4000000060
26633  21.078  -36.559  -23.501 0.4000000060
27545  22.630  -35.156  -22.514 0.4000000060
25658  23.868  -37.794  -23.424 0.4000000060
122414  25.632  -36.840  -21.954 0.4000000060
24603  21.471  -38.390  -24.369 0.4000000060
24589  19.259  -38.141  -23.678 0.3000000119
27563  21.437  -36.041  -23.064 0.3000000119
25663  19.664  -37.188  -23.476 0.3000000119
27546  21.801  -35.282  -22.666 0.3000000119
27564  20.660  -36.013  -22.961 0.3000000119
27547  20.989  -35.280  -22.687 0.3000000119
27566  19.039  -36.033  -22.811 0.3000000119
22451  37.366  -40.601  -23.177 0.4000000060
23473  32.952  -39.519  -20.335 0.5000000000
23486  40.526  -39.657  -21.449 0.3000000119
23504  39.171  -39.858  -22.160 0.4000000060
23507  36.254  -39.283  -22.464 0.5000000000
23511  27.787  -39.324  -22.628 0.5000000000
23520  37.837  -39.783  -23.150 0.4000000060
23529  23.322  -39.408  -24.218 0.4000000060
24544  41.657  -38.376  -21.039 0.4000000060
24547  32.955  -38.470  -21.867 0.5000000000
24549  27.703  -38.534  -21.971 0.4000000060
24560  39.086  -39.129  -21.703 0.4000000060
24561  38.703  -38.596  -22.115 0.5000000000
24562  36.134  -38.222  -22.568 0.5000000000
24563  34.760  -37.854  -22.178 0.5000000000
24565  33.391  -38.001  -22.424 0.5000000000
24567  29.169  -38.384  -22.671 0.5000000000
24570  26.491  -38.759  -22.280 0.4000000060
24597  34.255  -37.802  -24.393 0.5000000000
24598  33.578  -38.216  -24.045 0.5000000000
24602  22.665  -38.721  -24.301 0.4000000060
24604  20.664  -38.549  -24.254 0.4000000060
24607  35.986  -37.830  -26.048 0.6000000238
25612  40.468  -37.379  -20.502 0.5000000000
25626  27.559  -37.908  -21.737 0.5000000000
25636  35.110  -37.347  -22.746 0.5000000000
25639  28.616  -37.335  -21.988 0.5000000000
25641  25.221  -37.495  -22.433 0.4000000060
25651  38.980  -37.043  -22.536 0.6000000238
25654  35.915  -37.463  -22.872 0.5000000000
25657  29.801  -38.102  -22.955 0.5000000000
25673  36.218  -36.725  -24.534 0.6999999881
25675  34.658  -37.255  -23.964 0.6999999881
25679  21.058  -37.714  -24.126 0.4000000060
25682  36.447  -37.084  -25.464 0.5000000000
25684  34.872  -37.437  -24.545 0.6000000238
25688  38.709  -37.149  -26.540 0.5000000000
26584  42.034  -36.831  -20.866 0.4000000060
26585  41.165  -36.728  -20.485 0.4000000060
26586  40.263  -36.573  -20.270 0.5000000000
26592  43.993  -36.751  -22.160 0.3000000119
26595  38.981  -37.084  -20.936 0.5000000000
26597  27.829  -37.272  -21.754 0.5000000000
26603  44.553  -36.372  -22.624 0.3000000119
26604  40.305  -35.888  -23.134 0.6000000238
26625  40.595  -36.021  -23.692 0.6000000238
26628  37.279  -36.889  -23.672 0.6000000238
26634  20.277  -36.557  -23.312 0.4000000060
26635  19.557  -36.497  -23.117 0.3000000119
26645  37.774  -36.701  -24.162 0.6999999881
26650  41.174  -36.104  -25.307 0.6000000238
26652  39.235  -36.710  -25.038 0.6000000238
26654  37.067  -36.568  -24.847 0.6999999881
26657  41.707  -36.043  -26.674 0.5000000000
26674  41.865  -36.795  -28.472 0.5000000000
26683  42.462  -37.044  -31.094 0.5000000000
26689  41.291  -35.643  -31.801 0.5000000000
27517  39.480  -36.216  -20.196 0.5000000000
27518  38.504  -35.543  -20.394 0.4000000060
27519  37.828  -34.943  -20.588 0.5000000000
27539  29.342  -35.742  -22.482 0.5000000000
27543  25.380  -35.101  -21.887 0.4000000060
27556  40.583  -35.621  -23.768 0.6000000238
27558  31.430  -35.122  -23.284 0.6000000238
27561  27.854  -35.012  -23.022 0.5000000000
27565  19.852  -35.968  -22.881 0.3000000119
27573  33.193  -34.595  -24.562 0.4000000060
27575  32.075  -35.456  -23.827 0.4000000060
27588  41.605  -35.939  -27.230 0.6000000238
27590  39.963  -35.050  -28.022 0.6999999881
27600  41.641  -35.485  -30.472 0.6000000238
27605  38.762  -35.153  -31.490 0.5000000000
28482  40.622  -34.158  -20.130 0.4000000060
28492  43.187  -34.850  -21.461 0.3000000119
28493  42.613  -34.426  -21.172 0.3000000119
28494  37.748  -34.958  -21.189 0.6000000238
28504  44.139  -34.120  -22.274 0.3000000119
28505  39.061  -34.965  -22.635 0.6000000238
28508  30.303  -34.920  -22.874 0.5000000000
28538  33.185  -33.712  -24.741 0.5000000000
28539  32.721  -33.974  -24.176 0.4000000060
28541  29.157  -34.223  -24.486 0.6000000238
28549  40.420  -35.089  -25.323 0.6000000238
28555  40.857  -35.415  -26.160 0.6000000238
28560  39.006  -34.371  -27.133 0.8000000119
28562  40.320  -34.872  -28.988 0.6999999881
28569  41.441  -34.731  -31.630 0.5000000000
28576  37.694  -34.261  -31.246 0.4000000060
28578  41.144  -34.448  -32.141 0.5000000000
28579  40.116  -34.419  -32.342 0.5000000000
29439  39.902  -33.937  -19.828 0.4000000060
29440  39.150  -33.769  -19.664 0.4000000060
29441  38.382  -33.603  -19.666 0.4000000060
29442  37.648  -33.391  -19.735 0.4000000060
29443  36.947  -33.271  -19.951 0.4000000060
29454  41.943  -33.995  -20.811 0.3000000119
29458  37.288  -33.839  -19.983 0.4000000060
29459  36.435  -33.132  -20.484 0.5000000000
29467  41.862  -33.150  -20.899 0.3000000119
29478  24.965  -33.514  -22.914 0.4000000060
29488  37.991  -34.093  -23.677 0.6999999881
29490  36.599  -33.167  -23.581 0.6999999881
29502  36.628  -33.045  -24.324 0.8000000119
29505  30.140  -33.597  -25.041 0.6000000238
29507  26.299  -34.021  -25.340 0.5000000000
29508  25.772  -33.878  -25.097 0.5000000000
29515  33.882  -33.085  -26.154 0.4000000060
29518  31.647  -32.833  -25.525 0.6000000238
29521  28.661  -33.765  -25.738 0.6000000238
29528  38.176  -33.941  -26.069 0.8000000119
29532  29.530  -32.898  -26.255 0.6999999881
29538  35.111  -32.916  -28.935 0.4000000060
29539  41.105  -32.800  -30.255 0.6000000238
29550  39.211  -33.961  -32.254 0.4000000060
30493  38.955  -33.089  -19.735 0.4000000060
30509  39.140  -32.332  -19.957 0.4000000060
30517  43.034  -33.107  -21.813 0.3000000119
30520  35.805  -32.625  -22.226 0.6000000238
30526  44.030  -32.796  -22.891 0.3000000119
30552  36.944  -32.837  -25.659 0.8000000119
30554  27.554  -32.670  -25.332 0.5000000000
30565  29.083  -33.007  -26.130 0.6000000238
30572  36.934  -32.250  -26.328 0.8000000119
30574  33.580  -32.623  -26.845 0.6000000238
30575  32.477  -32.438  -26.914 0.6999999881
30591  39.779  -32.221  -29.081 0.6999999881
30592  39.057  -32.476  -28.520 0.8000000119
30597  31.816  -31.595  -28.057 0.6999999881
30603  34.052  -32.203  -29.022 0.6000000238
30604  41.314  -32.082  -31.009 0.6000000238
30608  35.195  -32.257  -30.151 0.6999999881
30609  41.213  -32.281  -31.997 0.6999999881
30615  39.642  -32.239  -32.516 0.5000000000
31570  41.496  -31.466  -21.961 0.3000000119
31571  40.866  -31.402  -21.582 0.3000000119
31581  35.289  -31.161  -22.318 0.6000000238
31589  43.476  -31.519  -23.436 0.3000000119
31590  42.510  -31.072  -23.282 0.3000000119
31591  35.454  -31.193  -23.328 0.6999999881
31593  28.313  -31.352  -23.937 0.5000000000
31602  35.875  -31.702  -24.435 0.6999999881
31618  36.287  -31.540  -25.283 0.6999999881
31638  31.207  -31.543  -27.799 0.6999999881
31639  30.621  -31.522  -27.501 0.6999999881
31648  33.229  -31.823  -28.699 0.8000000119
31655  40.263  -30.500  -29.570 0.6999999881
31657  32.061  -30.596  -28.428 0.8000000119
31658  41.079  -31.424  -31.688 0.6999999881
31659  40.992  -30.669  -31.248 0.8000000119
31663  40.416  -30.962  -32.228 0.6999999881
31664  39.335  -30.864  -32.474 0.8999999762
32584  43.199  -30.491  -24.928 0.3000000119
32585  42.574  -30.329  -24.534 0.3000000119
32586  41.934  -30.169  -24.158 0.3000000119
32588  35.655  -30.876  -24.117 0.6999999881
32598  44.099  -30.498  -26.070 0.3000000119
32608  43.742  -30.115  -26.053 0.3000000119
32609  37.674  -30.769  -27.362 0.8000000119
32611  30.313  -31.026  -26.840 0.6999999881
32615  39.232  -29.624  -28.401 0.8000000119
32617  31.128  -30.582  -27.666 0.6999999881
32625  31.471  -30.569  -28.050 0.8000000119
32633  39.814  -28.867  -30.013 0.8999999762
33407  35.810  -29.328  -20.577 0.6000000238
33435  35.500  -29.478  -23.106 0.6999999881
33436  30.988  -29.145  -23.723 0.6999999881
33438  29.485  -29.414  -23.417 0.5000000000
33449  31.500  -29.366  -24.438 0.6999999881
33460  43.343  -29.751  -25.641 0.3000000119
33471  36.911  -29.798  -26.080 0.8000000119
33477  38.161  -29.544  -27.271 0.8000000119
33487  31.905  -29.937  -28.283 0.8000000119
34312  38.314  -28.638  -20.322 0.5000000000
34313  37.408  -28.671  -20.035 0.6000000238
34315  36.031  -28.505  -20.472 0.6000000238
34330  39.632  -28.288  -21.339 0.5000000000
34338  41.475  -28.043  -23.132 0.4000000060
34339  40.981  -28.054  -22.690 0.4000000060
34340  40.074  -28.994  -22.070 0.4000000060
34341  35.380  -28.663  -21.858 0.6999999881
34344  41.754  -28.485  -23.628 0.4000000060
34345  41.187  -28.713  -23.196 0.4000000060
34348  30.690  -28.483  -23.532 0.6999999881
34357  43.071  -28.149  -24.826 0.4000000060
34359  42.021  -29.099  -24.186 0.4000000060
34361  32.044  -28.420  -24.378 0.6999999881
34369  43.549  -28.156  -25.492 0.4000000060
34372  32.063  -29.246  -26.118 0.6999999881
34374  44.324  -28.528  -27.372 0.3000000119
34382  32.482  -28.649  -27.563 0.6999999881
34397  39.539  -28.142  -29.111 0.8999999762
34398  35.253  -28.722  -29.785 1.0000000000
34400  39.194  -27.945  -29.926 0.8999999762
35354  38.616  -26.625  -20.279 0.6999999881
35356  36.745  -27.106  -20.314 0.6999999881
35358  35.844  -27.992  -20.810 0.6999999881
35421  33.021  -27.764  -25.740 0.8000000119
35428  38.028  -27.773  -26.993 0.8000000119
35438  33.657  -27.359  -27.368 0.8999999762
35447  33.276  -28.076  -28.683 0.8000000119
35450  39.230  -27.543  -29.358 0.8999999762
35454  36.496  -27.419  -30.382 1.0000000000
35455  35.440  -27.133  -30.181 0.8000000119
36361  36.589  -26.470  -20.780 0.6999999881
36368  39.312  -26.331  -20.595 0.5000000000
36369  36.241  -26.446  -21.563 0.6999999881
36377  41.292  -26.418  -22.453 0.4000000060
36384  42.411  -26.170  -23.638 0.4000000060
36400  42.826  -26.482  -24.320 0.4000000060
36402  36.569  -26.654  -24.185 0.8000000119
36403  32.261  -26.584  -24.168 0.8999999762
36419  32.925  -27.024  -24.941 0.8999999762
36424  43.919  -26.640  -27.090 0.4000000060
36447  34.294  -26.513  -28.849 1.0000000000
36455  36.591  -26.067  -30.772 1.0000000000
36456  35.234  -26.289  -30.223 0.8999999762
37461  36.359  -25.804  -23.036 0.8000000119
37497  32.013  -25.015  -24.826 0.6999999881
37504  43.524  -25.234  -26.690 0.4000000060
37506  34.869  -25.142  -27.092 0.8999999762
37515  38.329  -25.727  -28.148 0.6999999881
37517  35.263  -24.979  -27.941 0.8999999762
37529  35.226  -25.391  -30.017 1.0000000000
37530  34.840  -26.211  -29.924 0.8999999762
37536  38.072  -25.319  -31.474 1.0000000000
38450  39.048  -24.121  -20.766 0.5000000000
38452  37.634  -24.614  -20.803 0.6999999881
38468  40.269  -24.207  -21.589 0.4000000060
38470  37.313  -24.146  -21.306 0.6999999881
38471  36.644  -24.895  -22.061 0.6000000238
38516  43.261  -24.651  -25.937 0.4000000060
38519  36.903  -24.574  -25.459 0.8000000119
38535  34.622  -24.425  -26.697 0.8999999762
38536  33.825  -24.297  -26.089 0.8999999762
38548  35.097  -24.522  -27.291 0.8999999762
38564  36.108  -25.067  -30.899 1.0000000000
39363  39.012  -23.431  -20.875 0.5000000000
39364  38.472  -23.633  -20.804 0.5000000000
39379  38.583  -22.912  -20.981 0.5000000000
39380  37.964  -23.140  -21.031 0.6000000238
39381  37.074  -23.688  -21.818 0.6000000238
39394  41.478  -24.028  -22.849 0.4000000060
39419  42.110  -22.676  -24.568 0.4000000060
39433  30.829  -23.792  -25.898 0.8999999762
39451  29.271  -23.368  -26.671 0.6999999881
39460  43.231  -23.007  -27.433 0.3000000119
39463  35.516  -23.484  -28.005 0.8999999762
39464  34.159  -23.015  -26.992 0.8999999762
39468  44.136  -23.238  -29.517 0.3000000119
39470  37.924  -23.506  -28.154 0.6999999881
39480  36.249  -24.105  -30.523 1.0000000000
39486  38.655  -24.618  -32.747 1.0000000000
40319  40.596  -22.121  -22.870 0.4000000060
40320  39.896  -21.898  -22.219 0.5000000000
40322  36.871  -22.295  -22.427 0.6000000238
40341  36.515  -22.168  -23.154 0.6000000238
40353  42.381  -22.595  -25.253 0.4000000060
40366  36.875  -23.111  -26.010 0.6999999881
40367  36.558  -22.114  -24.855 0.6999999881
40376  42.748  -22.285  -26.546 0.3000000119
40379  32.221  -23.289  -26.447 0.8999999762
40392  34.802  -21.972  -27.901 1.0000000000
40398  28.661  -22.456  -27.229 0.6999999881
40399  27.963  -22.095  -27.010 0.6999999881
40406  35.307  -21.775  -28.615 1.0000000000
40414  45.524  -22.477  -31.778 0.3000000119
40417  39.870  -23.605  -30.929 1.0000000000
40422  41.362  -22.772  -32.998 1.0000000000
40423  41.086  -22.956  -32.201 1.0000000000
40426  36.884  -22.850  -31.411 1.0000000000
40428  41.005  -22.934  -33.489 1.0000000000
40429  40.203  -22.933  -33.816 1.0000000000
41193  37.769  -21.378  -21.696 0.5000000000
41211  36.731  -21.631  -22.809 0.6000000238
41229  36.592  -21.430  -23.466 0.6000000238
41243  42.000  -21.179  -25.150 0.3000000119
41250  37.051  -21.625  -26.935 0.6999999881
41257  43.369  -21.754  -27.720 0.3000000119
41259  37.482  -21.421  -27.628 0.8000000119
41260  34.053  -21.541  -27.637 1.0000000000
41261  33.386  -21.274  -27.589 0.8999999762
41264  30.271  -21.406  -27.647 0.8000000119
41275  44.348  -21.771  -29.321 0.3000000119
41292  41.249  -22.080  -33.293 1.0000000000
42158  38.793  -20.811  -21.699 0.5000000000
42164  39.716  -20.309  -22.447 0.5000000000
42189  41.479  -20.647  -24.284 0.4000000060
42203  42.507  -20.730  -26.120 0.4000000060
42215  33.109  -20.680  -27.552 0.8999999762
42227  38.181  -19.989  -28.352 0.8000000119
42243  36.378  -20.807  -30.716 1.0000000000
42250  41.140  -21.366  -31.830 1.0000000000
42255  39.172  -20.890  -33.456 1.0000000000
43160  38.055  -20.050  -21.933 0.5000000000
43164  39.281  -19.683  -22.232 0.5000000000
43166  37.694  -19.636  -22.456 0.6000000238
43177  40.711  -19.831  -23.276 0.5000000000
43190  41.765  -19.440  -24.625 0.3000000119
43191  36.989  -19.186  -24.041 0.6999999881
43192  36.795  -19.846  -24.383 0.6999999881
43199  36.860  -19.881  -25.361 0.6999999881
43220  30.911  -19.962  -27.896 0.8000000119
43243  36.369  -19.562  -30.655 1.0000000000
43247  46.157  -20.043  -31.710 0.3000000119
43248  41.291  -20.124  -32.586 1.0000000000
43249  37.211  -19.383  -32.053 1.0000000000
43254  41.135  -20.301  -33.337 1.0000000000
43257  39.929  -20.235  -33.770 1.0000000000
44142  37.708  -18.301  -23.349 0.6999999881
44180  38.260  -18.210  -27.880 0.8000000119
44184  32.699  -18.877  -27.789 0.8000000119
44192  39.180  -18.156  -29.149 0.8000000119
44196  34.711  -18.525  -27.871 1.0000000000
44197  32.730  -17.471  -28.634 0.8999999762
44198  31.970  -18.628  -28.258 0.8000000119
44215  40.200  -19.195  -30.691 1.0000000000
44223  36.998  -18.753  -31.589 1.0000000000
45137  39.289  -17.758  -22.728 0.5000000000
45189  33.745  -17.610  -28.098 0.8999999762
45200  35.971  -16.939  -28.816 1.0000000000
45202  34.595  -17.763  -27.951 0.8999999762
45234  36.918  -18.144  -30.984 1.0000000000
46127  38.099  -15.884  -24.670 0.6999999881
46181  36.787  -15.679  -29.963 1.0000000000
46184  31.135  -15.278  -30.045 0.8000000119
46192  31.630  -15.138  -30.369 0.8000000119
46203  38.100  -17.018  -32.529 1.0000000000
46205  39.810  -16.652  -34.109 1.0000000000
46208  41.216  -16.602  -34.305 1.0000000000
47119  41.706  -14.804  -23.656 0.4000000060
47122  39.370  -15.451  -23.362 0.6000000238
47123  38.877  -15.166  -23.704 0.6999999881
47160  38.367  -15.457  -26.346 0.6999999881
47174  38.664  -15.287  -27.248 0.6999999881
47176  33.249  -15.288  -27.510 0.6000000238
47180  28.876  -15.451  -28.034 0.6000000238
47181  28.223  -15.517  -28.001 0.5000000000
47194  31.639  -15.195  -28.973 0.6999999881
47197  29.405  -15.789  -28.465 0.6000000238
47217  36.219  -14.843  -30.301 1.0000000000
47219  32.174  -14.755  -30.528 1.0000000000
47231  42.531  -15.395  -33.892 0.8000000119
47232  41.195  -15.760  -34.323 1.0000000000
47233  39.971  -15.377  -34.134 0.8999999762
47234  39.122  -15.104  -33.393 1.0000000000
48154  40.216  -14.377  -23.434 0.5000000000
48186  38.735  -14.509  -24.854 0.6999999881
48197  38.937  -14.171  -26.425 0.6999999881
48230  34.084  -14.565  -28.613 0.6000000238
48238  40.261  -14.730  -29.712 0.6999999881
48239  39.834  -14.687  -29.034 0.6999999881
48241  32.587  -14.096  -30.604 0.6999999881
48259  42.658  -14.578  -33.550 0.8000000119
48260  39.180  -14.221  -33.141 0.8999999762
48263  42.664  -14.697  -33.937 0.8999999762
48267  42.309  -14.605  -34.217 0.8999999762
49207  40.008  -13.141  -24.223 0.6000000238
49235  39.365  -13.509  -26.210 0.6000000238
49251  36.235  -13.752  -26.980 0.4000000060
49252  35.665  -14.236  -27.017 0.4000000060
49283  33.420  -13.150  -31.291 0.6999999881
49286  42.975  -13.106  -32.643 0.6999999881
50242  36.492  -13.248  -26.215 0.4000000060
50245  30.692  -12.809  -26.618 0.4000000060
50264  41.215  -12.094  -29.021 0.6000000238
50275  35.895  -12.197  -30.009 0.5000000000
50280  41.442  -12.947  -30.223 0.6000000238
50291  41.992  -12.805  -33.963 0.6000000238
51168  42.111  -11.638  -23.796 0.4000000060
51183  41.742  -11.338  -24.137 0.5000000000
51205  40.592  -11.924  -25.205 0.6000000238
51206  37.417  -11.888  -25.271 0.3000000119
51230  41.208  -11.256  -27.719 0.5000000000
51265  35.526  -10.965  -32.104 0.6999999881
52137  36.877  -11.214  -24.082 0.3000000119
52211  43.586  -10.869  -30.977 0.5000000000
52217  36.078  -10.485  -31.953 0.5000000000
52221  38.387  -9.865  -32.332 0.5000000000
53090  38.029  -9.356  -23.483 0.3000000119
53091  36.477  -9.332  -23.215 0.3000000119
53092  35.774  -9.775  -23.722 0.3000000119
53102  42.683  -9.505  -24.322 0.3000000119
53113  42.352  -9.366  -25.205 0.4000000060
53152  39.298  -9.117  -29.160 0.3000000119
53169  43.694  -10.068  -31.523 0.5000000000
53178  37.972  -9.137  -32.081 0.5000000000
53947  43.193  -7.981  -26.248 0.3000000119
54011  37.724  -8.816  -31.155 0.3000000119
54017  38.300  -8.504  -31.005 0.3000000119
54791  36.905  -7.548  -22.449 0.3000000119
54861  33.254  -7.407  -27.499 0.3000000119
54880  44.538  -7.979  -29.644 0.4000000060
55667  36.659  -6.281  -22.167 0.3000000119
55743  34.083  -6.053  -27.382 0.3000000119
56566  35.474  -5.511  -24.045 0.3000000119
56598  35.236  -5.407  -25.579 0.3000000119
104923  37.860  -29.220  -30.913 0.8999999762
105305  42.787  -37.077  -21.307 0.4000000060
105342  38.771  -27.131  -28.242 0.8000000119
105585  30.649  -25.528  -24.271 0.6999999881
105992  42.182  -36.292  -31.137 0.5000000000
106011  30.657  -37.343  -23.535 0.4000000060
106177  38.272  -34.631  -31.453 0.5000000000
106188  36.098  -30.855  -20.280 0.6000000238
106356  41.443  -13.385  -34.150 0.6999999881
106688  36.541  -24.281  -23.612 0.8000000119
106894  35.482  -3.108  -23.968 0.3000000119
106989  33.066  -29.465  -28.957 0.8000000119
107219  36.689  -25.394  -24.356 0.8000000119
107265  42.583  -37.461  -30.883 0.5000000000
107470  33.299  -21.824  -27.397 0.8999999762
108148  37.283  -18.014  -24.980 0.6999999881
108179  23.407  -34.777  -22.253 0.4000000060
108562  37.833  -26.038  -20.195 0.6999999881
109186  33.072  -14.096  -26.394 0.4000000060
109479  37.329  -32.313  -26.924 0.8000000119
110026  37.437  -28.179  -26.278 0.8000000119
110063  39.319  -37.909  -21.002 0.5000000000
110160  31.784  -21.429  -27.541 0.8000000119
110178  39.812  -17.204  -34.073 1.0000000000
110203  30.841  -14.713  -26.807 0.6000000238
110239  33.441  -28.001  -29.078 0.8000000119
110555  35.775  -32.512  -21.395 0.6000000238
110720  24.629  -35.676  -22.034 0.4000000060
110725  40.736  -20.345  -33.711 1.0000000000
111165  36.481  -22.861  -23.603 0.6000000238
111173  41.185  -18.459  -33.367 1.0000000000
111523  36.771  -30.929  -19.913 0.6000000238
111567  35.559  -25.344  -30.459 1.0000000000
111594  35.987  -32.444  -30.619 0.5000000000
111805  33.483  -10.112  -26.401 0.3000000119
112119  38.885  -25.673  -30.141 1.0000000000
112399  37.337  -34.417  -21.613 0.6000000238
112467  38.773  -25.326  -31.089 1.0000000000
112860  35.480  -3.117  -23.076 0.3000000119
113095  37.100  -26.025  -25.498 0.8000000119
113261  29.929  -15.877  -28.860 0.6000000238
113367  41.562  -12.727  -23.682 0.4000000060
113558  39.157  -7.380  -30.137 0.3000000119
113702  44.480  -34.726  -22.519 0.3000000119
114249  40.327  -25.876  -21.357 0.5000000000
114275  35.813  -21.193  -29.662 1.0000000000
114503  36.891  -38.897  -22.869 0.5000000000
115613  33.728  -13.194  -31.487 0.6999999881
115681  36.574  -37.157  -23.341 0.6000000238
115702  33.650  -30.265  -29.176 0.8000000119
115736  32.826  -13.786  -31.067 0.6999999881
116051  39.270  -21.285  -21.843 0.5000000000
116193  30.889  -34.813  -23.078 0.6000000238
116256  22.092  -38.298  -24.353 0.4000000060
116333  37.525  -12.025  -27.146 0.3000000119
116421  37.492  -23.394  -32.200 1.0000000000
116585  37.412  -10.914  -24.186 0.3000000119
116638  41.991  -20.051  -25.151 0.4000000060
116646  31.492  -32.271  -27.391 0.6999999881
117417  30.713  -32.408  -27.130 0.6999999881
117785  34.638  -19.840  -27.967 1.0000000000
118288  29.793  -21.721  -27.537 0.6999999881
118519  34.802  -25.602  -27.632 0.8999999762
119710  36.627  -32.510  -31.029 0.6000000238
120027  36.263  -27.146  -23.663 0.8000000119
120166  34.183  -25.802  -26.070 0.8999999762
120256  37.755  -31.052  -19.886 0.5000000000
120320  32.521  -18.211  -28.199 0.8999999762
120369  41.468  -11.048  -24.692 0.5000000000
120399  38.651  -33.545  -32.070 0.5000000000
120604  30.326  -14.307  -26.752 0.6999999881
120789  38.798  -24.113  -29.635 1.0000000000
120971  22.416  -36.732  -23.575 0.4000000060
121188  37.701  -17.501  -26.157 0.6999999881
121361  35.621  -31.856  -21.178 0.6000000238
121371  40.952  -17.315  -31.719 0.8999999762
121478  35.025  -4.061  -27.229 0.3000000119
121775  42.178  -13.919  -34.264 0.8999999762
121907  34.941  -11.405  -31.773 0.6000000238
121915  28.801  -37.994  -22.153 0.5000000000
122262  37.995  -17.872  -27.294 0.8000000119
122486  37.274  -9.243  -31.285 0.4000000060
122748  36.648  -28.177  -30.219 1.0000000000
122835  42.850  -29.605  -25.071 0.3000000119
123033  37.236  -24.543  -31.845 1.0000000000
123110  25.280  -33.354  -25.237 0.5000000000
123204  38.967  -35.810  -20.122 0.4000000060
123257  38.199  -23.991  -32.843 1.0000000000
123352  34.566  -31.792  -29.751 0.6999999881
123434  38.319  -12.654  -32.636 0.8000000119
123495  42.637  -24.862  -24.113 0.4000000060
124115  23.971  -35.750  -22.362 0.4000000060
124236  41.441  -19.274  -24.073 0.4000000060
124450  39.065  -25.218  -30.724 1.0000000000
124460  29.634  -31.160  -24.079 0.6000000238
124478  37.494  -8.371  -22.696 0.3000000119
124608  39.382  -35.045  -19.762 0.4000000060
124693  43.403  -11.738  -31.936 0.5000000000
124701  33.400  -38.572  -21.499 0.5000000000
124731  37.557  -40.250  -23.242 0.4000000060
125044  43.445  -8.634  -28.337 0.4000000060
125108  29.831  -32.906  -26.353 0.6000000238
125263  38.858  -12.058  -32.955 0.5000000000
125295  31.710  -28.048  -23.839 0.6999999881
125412  37.068  -30.868  -26.746 0.8000000119
125517  38.907  -15.656  -23.482 0.6000000238
125526  36.162  -24.668  -30.776 1.0000000000
125536  35.185  -6.151  -25.313 0.3000000119
125778  42.094  -16.776  -33.831 1.0000000000
125897  37.266  -20.622  -31.956 1.0000000000
125944  38.530  -32.140  -19.849 0.4000000060
126067  35.905  -24.052  -29.234 0.8999999762
126148  31.535  -15.454  -28.252 0.8000000119
126161  36.763  -39.616  -22.862 0.4000000060
126475  32.047  -5.766  -30.988 0.3000000119
126721  36.066  -33.022  -20.983 0.5000000000
