#!ascii label  , from subject sub-1012 vox2ras=TkReg
1224
150406  -12.638  -11.228  57.437 0.0000000000
67296  -44.433  -7.642  33.338 0.0000000000
75195  -40.654  0.371  29.404 0.0000000000
62525  -35.285  -11.008  42.300 0.0000000000
75282  -44.920  0.840  18.816 0.0000000000
82283  -43.277  5.921  21.085 0.0000000000
166727  -45.989  -6.216  38.946 0.0000000000
66141  -38.747  -8.286  35.626 0.0000000000
76371  -51.216  1.898  16.991 0.0000000000
82346  -53.447  6.801  12.572 0.0000000000
89028  -54.804  12.595  11.563 0.0000000000
156292  -40.093  6.543  33.011 0.0000000000
79716  -39.085  4.828  25.235 0.0000000000
83346  -44.639  7.097  27.415 0.0000000000
84481  -47.777  8.964  23.214 0.0000000000
170818  -26.392  -7.521  45.383 0.0000000000
62249  -9.091  -11.129  61.690 0.0000000000
73192  -46.254  -1.178  30.539 0.0000000000
79626  -44.063  4.165  34.796 0.0000000000
64893  -30.018  -8.937  42.250 0.0000000000
152738  -31.650  -9.313  36.662 0.0000000000
89078  -50.932  12.213  6.313 0.0000000000
93320  -57.643  16.141  7.010 0.0000000000
78622  -46.219  2.707  20.402 0.0000000000
79764  -50.658  4.483  22.663 0.0000000000
63556  -15.034  -10.486  51.600 0.0000000000
59993  -7.266  -14.497  59.858 0.0000000000
78687  -52.512  3.432  14.032 0.0000000000
82196  -42.885  6.566  29.946 0.0000000000
68322  -23.836  -6.938  42.056 0.0000000000
62266  -10.802  -11.409  60.208 0.0000000000
69391  -46.201  -4.907  29.611 0.0000000000
168920  -46.925  -4.345  32.341 0.0000000000
63708  -32.034  -10.052  42.873 0.0000000000
63746  -31.284  -9.739  39.534 0.0000000000
173257  -34.903  -9.994  38.456 0.0000000000
175878  -41.427  -8.430  34.604 0.0000000000
67291  -37.021  -7.603  32.890 0.0000000000
66189  -40.557  -8.291  32.112 0.0000000000
63690  -33.204  -10.630  45.206 0.0000000000
64866  -30.301  -9.420  45.823 0.0000000000
78712  -47.527  3.632  10.796 0.0000000000
154353  -49.234  10.354  8.716 0.0000000000
166324  -56.464  14.456  9.264 0.0000000000
81024  -41.181  5.477  22.494 0.0000000000
81055  -45.422  5.585  21.066 0.0000000000
82279  -49.365  6.775  22.607 0.0000000000
63644  -22.206  -10.295  47.962 0.0000000000
63596  -19.694  -10.270  49.088 0.0000000000
64789  -17.716  -9.011  51.725 0.0000000000
63639  -17.101  -10.353  47.007 0.0000000000
59994  -7.708  -14.597  59.884 0.0000000000
67275  -45.212  -7.064  35.763 0.0000000000
70313  -47.329  -4.127  34.768 0.0000000000
71225  -47.392  -3.263  37.748 0.0000000000
63751  -38.348  -10.623  41.277 0.0000000000
64964  -37.454  -9.639  38.226 0.0000000000
181861  -40.388  -8.782  38.674 0.0000000000
176561  -43.154  -8.322  37.212 0.0000000000
75285  -48.243  0.320  17.528 0.0000000000
162679  -48.435  0.229  14.894 0.0000000000
78702  -50.069  3.204  12.258 0.0000000000
83450  -50.349  7.533  11.640 0.0000000000
86862  -50.787  10.545  11.061 0.0000000000
85679  -53.291  9.747  13.225 0.0000000000
78516  -40.791  4.234  30.991 0.0000000000
77396  -39.361  2.232  28.421 0.0000000000
82193  -39.439  6.107  29.276 0.0000000000
166759  -41.655  6.251  26.150 0.0000000000
82256  -44.001  6.888  23.769 0.0000000000
83382  -45.795  7.648  22.250 0.0000000000
83356  -45.959  7.969  24.896 0.0000000000
67190  -24.396  -6.628  47.411 0.0000000000
66036  -23.585  -8.523  46.062 0.0000000000
93339  -56.220  16.821  2.621 0.0000000000
63458  -7.742  -10.288  61.601 0.0000000000
72208  -44.871  -2.267  27.980 0.0000000000
74167  -43.774  -0.083  30.027 0.0000000000
73170  -47.144  -0.786  33.841 0.0000000000
76239  -45.002  1.233  32.851 0.0000000000
77360  -42.821  2.654  32.287 0.0000000000
80889  -40.569  5.389  34.842 0.0000000000
154745  -34.829  -9.204  34.967 0.0000000000
66031  -28.399  -8.505  47.369 0.0000000000
66044  -28.314  -8.363  44.432 0.0000000000
165406  -52.435  13.201  8.997 0.0000000000
91281  -54.372  14.671  7.138 0.0000000000
161717  -55.661  16.191  4.452 0.0000000000
94378  -57.653  17.902  5.730 0.0000000000
150408  -10.866  -12.717  55.581 0.0000000000
61139  -9.559  -12.736  57.617 0.0000000000
76342  -46.575  1.372  19.634 0.0000000000
81040  -47.570  6.281  21.791 0.0000000000
154772  -48.959  3.690  21.764 0.0000000000
76351  -48.931  1.351  19.285 0.0000000000
77496  -51.276  2.643  19.358 0.0000000000
63502  -13.597  -10.881  55.248 0.0000000000
61127  -8.495  -12.290  59.932 0.0000000000
62257  -7.469  -12.174  60.570 0.0000000000
61117  -6.935  -12.545  60.062 0.0000000000
62281  -11.635  -11.534  58.511 0.0000000000
67309  -44.355  -7.673  32.241 0.0000000000
69371  -46.149  -5.768  31.836 0.0000000000
68391  -46.366  -5.895  33.066 0.0000000000
165667  -34.098  -10.676  42.226 0.0000000000
63748  -34.379  -10.467  40.791 0.0000000000
63749  -35.586  -10.584  41.018 0.0000000000
66177  -43.058  -8.206  33.524 0.0000000000
156836  -40.944  -8.352  32.963 0.0000000000
66192  -42.928  -8.254  32.399 0.0000000000
66205  -41.809  -8.364  31.040 0.0000000000
155878  -35.183  -11.437  43.920 0.0000000000
62463  -34.527  -11.292  45.306 0.0000000000
62486  -33.716  -10.887  44.533 0.0000000000
168344  -32.724  -10.432  44.216 0.0000000000
175538  -48.486  9.032  9.571 0.0000000000
74186  -41.536  -0.631  28.643 0.0000000000
161227  -39.579  -0.281  28.376 0.0000000000
82275  -42.848  6.186  22.112 0.0000000000
159887  -42.480  4.817  19.478 0.0000000000
81054  -44.485  5.260  20.599 0.0000000000
63665  -20.961  -10.805  46.423 0.0000000000
63643  -21.360  -10.551  47.605 0.0000000000
63664  -19.777  -10.809  46.526 0.0000000000
63620  -18.683  -10.426  48.186 0.0000000000
176747  -18.624  -10.870  45.399 0.0000000000
68363  -45.603  -6.492  37.491 0.0000000000
69352  -46.748  -5.149  36.859 0.0000000000
70298  -46.810  -4.699  38.424 0.0000000000
63752  -39.312  -10.437  41.472 0.0000000000
64942  -39.016  -9.854  40.077 0.0000000000
64934  -40.747  -9.566  41.092 0.0000000000
67254  -44.831  -7.376  39.449 0.0000000000
66115  -43.080  -8.344  38.596 0.0000000000
67264  -44.279  -7.667  37.975 0.0000000000
185306  -44.135  -7.794  36.555 0.0000000000
76379  -49.927  0.948  16.849 0.0000000000
74302  -47.294  -0.330  16.077 0.0000000000
75309  -49.267  0.580  15.354 0.0000000000
81097  -53.115  4.739  13.131 0.0000000000
77561  -51.108  3.097  12.728 0.0000000000
175048  -51.534  4.909  11.969 0.0000000000
79866  -49.867  4.975  11.697 0.0000000000
82360  -51.891  7.025  11.722 0.0000000000
84542  -52.258  8.945  12.419 0.0000000000
83443  -53.601  8.269  12.975 0.0000000000
80919  -39.412  5.760  32.023 0.0000000000
79665  -39.352  5.138  30.264 0.0000000000
82172  -39.801  6.306  30.736 0.0000000000
82216  -43.386  6.623  28.642 0.0000000000
159280  -42.400  6.526  28.445 0.0000000000
82241  -43.385  6.612  26.459 0.0000000000
82247  -43.282  6.602  24.972 0.0000000000
83350  -44.507  7.195  25.722 0.0000000000
83364  -45.310  7.737  24.175 0.0000000000
83351  -45.258  7.552  26.134 0.0000000000
170037  -26.010  -7.157  47.482 0.0000000000
68287  -25.263  -6.412  47.758 0.0000000000
68291  -24.847  -6.693  45.920 0.0000000000
67202  -23.723  -7.802  44.767 0.0000000000
94387  -56.790  17.686  2.420 0.0000000000
95488  -57.443  18.543  1.703 0.0000000000
63459  -8.247  -10.499  62.062 0.0000000000
71260  -46.466  -3.440  29.899 0.0000000000
71273  -46.173  -3.326  28.978 0.0000000000
72199  -45.976  -2.062  29.249 0.0000000000
73203  -43.799  -1.025  28.935 0.0000000000
74178  -44.717  -0.451  30.072 0.0000000000
170232  -47.483  -2.217  35.856 0.0000000000
72168  -47.475  -2.086  34.310 0.0000000000
74134  -47.305  -0.814  35.508 0.0000000000
78476  -45.342  3.223  35.602 0.0000000000
77348  -45.284  2.184  34.605 0.0000000000
77347  -44.688  2.573  34.239 0.0000000000
76237  -43.779  1.633  32.258 0.0000000000
78493  -43.527  3.367  33.529 0.0000000000
79647  -42.149  4.367  32.943 0.0000000000
79624  -42.405  5.047  34.720 0.0000000000
184075  -31.907  -9.624  38.240 0.0000000000
181305  -37.498  -8.867  36.365 0.0000000000
150422  -36.174  -9.416  36.210 0.0000000000
66140  -37.307  -8.498  35.218 0.0000000000
66187  -35.130  -8.000  32.351 0.0000000000
64851  -29.815  -9.228  47.312 0.0000000000
64881  -30.259  -9.283  44.351 0.0000000000
66039  -29.052  -8.711  45.415 0.0000000000
66045  -28.838  -8.493  43.590 0.0000000000
66050  -28.057  -8.090  42.391 0.0000000000
175335  -53.095  12.067  11.292 0.0000000000
87900  -51.388  11.778  10.346 0.0000000000
167369  -53.319  12.750  10.599 0.0000000000
92249  -57.123  15.329  8.259 0.0000000000
167219  -55.471  14.615  8.240 0.0000000000
91283  -55.942  14.924  7.090 0.0000000000
91287  -54.907  15.175  5.855 0.0000000000
92277  -56.486  15.685  5.858 0.0000000000
92286  -56.652  16.442  5.200 0.0000000000
93331  -57.642  17.068  5.948 0.0000000000
78542  -38.770  3.825  26.659 0.0000000000
158246  -38.381  1.640  25.831 0.0000000000
152924  -46.057  1.769  19.826 0.0000000000
77477  -47.058  2.480  20.606 0.0000000000
84490  -47.109  8.605  22.589 0.0000000000
83392  -46.407  7.534  21.821 0.0000000000
83393  -47.289  8.047  21.958 0.0000000000
82269  -49.921  6.258  23.090 0.0000000000
81042  -49.357  5.669  22.562 0.0000000000
79784  -49.851  4.125  22.215 0.0000000000
77486  -48.912  2.163  20.501 0.0000000000
77487  -50.102  2.470  20.388 0.0000000000
76352  -49.962  1.694  19.088 0.0000000000
78624  -51.148  3.488  21.404 0.0000000000
176775  -16.487  -9.646  51.399 0.0000000000
63528  -15.492  -9.909  52.733 0.0000000000
63503  -14.334  -10.280  55.009 0.0000000000
63526  -14.060  -10.821  53.597 0.0000000000
62316  -13.316  -11.454  53.820 0.0000000000
163747  -13.425  -11.482  51.899 0.0000000000
61138  -8.451  -13.132  58.035 0.0000000000
62272  -9.286  -12.215  59.479 0.0000000000
61134  -8.393  -12.774  58.911 0.0000000000
61119  -7.151  -13.574  59.824 0.0000000000
61118  -7.031  -12.937  60.033 0.0000000000
62256  -7.220  -11.856  60.707 0.0000000000
66087  -42.335  -8.770  40.966 0.0000000000
78671  -52.738  3.351  16.938 0.0000000000
76392  -51.344  2.040  15.183 0.0000000000
78682  -53.373  4.069  15.470 0.0000000000
155004  -41.568  6.481  31.874 0.0000000000
67211  -25.722  -7.328  43.678 0.0000000000
68297  -24.738  -6.850  44.689 0.0000000000
63471  -11.575  -10.490  61.136 0.0000000000
62265  -10.385  -11.283  60.904 0.0000000000
69382  -45.724  -5.930  30.710 0.0000000000
70327  -46.559  -4.560  30.970 0.0000000000
164342  -47.091  -2.946  32.041 0.0000000000
80865  -42.939  5.499  36.844 0.0000000000
64894  -30.637  -9.390  42.099 0.0000000000
64911  -30.227  -9.169  40.477 0.0000000000
63725  -31.493  -9.775  41.073 0.0000000000
159002  -33.429  -10.264  39.742 0.0000000000
172961  -33.365  -9.590  37.639 0.0000000000
154809  -40.159  -8.360  35.130 0.0000000000
66172  -37.398  -7.789  33.838 0.0000000000
176108  -38.833  -7.827  33.807 0.0000000000
67306  -38.453  -7.688  32.119 0.0000000000
168235  -40.428  -8.426  29.727 0.0000000000
164426  -32.500  -10.376  46.691 0.0000000000
179169  -30.262  -9.423  46.759 0.0000000000
63671  -31.699  -10.145  45.264 0.0000000000
64882  -30.945  -9.621  44.012 0.0000000000
76426  -46.918  1.595  11.191 0.0000000000
87928  -50.130  11.465  7.651 0.0000000000
90096  -56.847  13.395  11.190 0.0000000000
90102  -55.811  13.706  10.287 0.0000000000
81022  -39.930  4.899  23.574 0.0000000000
79781  -45.465  3.714  20.488 0.0000000000
161371  -46.352  4.424  21.179 0.0000000000
85620  -49.203  9.623  23.704 0.0000000000
84492  -48.856  8.635  22.587 0.0000000000
84493  -49.659  8.393  22.896 0.0000000000
64836  -23.221  -9.301  48.242 0.0000000000
63623  -22.236  -10.217  48.872 0.0000000000
64808  -19.448  -9.534  50.539 0.0000000000
64824  -18.354  -9.839  49.681 0.0000000000
64823  -17.569  -9.978  49.569 0.0000000000
63593  -16.295  -10.356  49.045 0.0000000000
157673  -14.743  -10.894  48.898 0.0000000000
163922  -15.336  -10.676  47.449 0.0000000000
67285  -45.149  -7.169  34.845 0.0000000000
69366  -46.632  -5.588  34.032 0.0000000000
69358  -46.689  -5.475  35.360 0.0000000000
71227  -47.388  -3.349  36.919 0.0000000000
62540  -37.006  -11.098  41.901 0.0000000000
63766  -36.919  -10.525  40.365 0.0000000000
63782  -38.280  -9.921  39.572 0.0000000000
170036  -39.008  -9.100  38.122 0.0000000000
66119  -39.610  -8.598  37.370 0.0000000000
66108  -42.054  -8.578  39.530 0.0000000000
66113  -41.545  -8.486  38.167 0.0000000000
66131  -40.925  -8.452  36.678 0.0000000000
66144  -42.591  -8.398  35.907 0.0000000000
66160  -43.982  -7.884  35.150 0.0000000000
62508  -37.766  -11.514  43.526 0.0000000000
74284  -45.458  0.052  17.756 0.0000000000
75295  -43.396  0.782  16.981 0.0000000000
74300  -45.684  -0.376  16.579 0.0000000000
158826  -45.869  -0.495  14.678 0.0000000000
182451  -46.972  0.333  13.580 0.0000000000
76404  -50.647  1.692  14.263 0.0000000000
76413  -48.784  1.573  12.931 0.0000000000
76412  -47.481  1.325  12.585 0.0000000000
78714  -48.526  3.929  11.669 0.0000000000
81119  -48.181  5.573  11.410 0.0000000000
170781  -48.705  7.936  11.571 0.0000000000
85686  -49.146  9.257  11.321 0.0000000000
85687  -50.272  9.114  11.583 0.0000000000
86863  -52.463  10.572  12.315 0.0000000000
87882  -53.938  11.200  12.735 0.0000000000
85670  -54.382  9.781  14.006 0.0000000000
87895  -56.095  12.471  12.408 0.0000000000
76260  -40.915  1.796  30.195 0.0000000000
177772  -39.626  1.081  28.844 0.0000000000
77389  -39.761  2.745  29.090 0.0000000000
159187  -38.959  4.233  28.296 0.0000000000
80966  -38.942  5.634  27.448 0.0000000000
82195  -41.083  6.455  29.507 0.0000000000
82232  -40.229  6.377  27.739 0.0000000000
80984  -39.606  5.915  26.301 0.0000000000
82253  -41.797  5.954  24.397 0.0000000000
82265  -42.685  6.298  23.219 0.0000000000
82276  -43.599  6.513  22.232 0.0000000000
83381  -45.042  6.948  21.796 0.0000000000
83363  -44.669  7.412  23.480 0.0000000000
83365  -46.107  8.241  23.816 0.0000000000
84480  -46.882  8.745  23.478 0.0000000000
84459  -47.325  8.893  25.342 0.0000000000
163907  -48.114  9.450  24.979 0.0000000000
67189  -24.052  -7.575  47.758 0.0000000000
68296  -24.217  -6.760  45.251 0.0000000000
67194  -23.889  -7.293  46.569 0.0000000000
66029  -23.651  -8.373  47.146 0.0000000000
64847  -23.328  -9.199  46.597 0.0000000000
74187  -42.434  -0.774  28.644 0.0000000000
75197  -42.411  0.230  29.809 0.0000000000
70318  -47.259  -4.193  33.910 0.0000000000
71237  -47.324  -2.819  32.939 0.0000000000
161233  -46.721  -0.894  32.340 0.0000000000
75164  -46.345  0.283  33.324 0.0000000000
74154  -45.686  -0.098  31.419 0.0000000000
75176  -43.865  0.745  31.199 0.0000000000
76263  -43.113  0.982  30.975 0.0000000000
76261  -41.612  1.439  30.553 0.0000000000
78517  -41.568  3.724  31.447 0.0000000000
79646  -41.174  4.785  32.581 0.0000000000
80887  -39.244  5.946  34.283 0.0000000000
80864  -41.566  5.449  36.701 0.0000000000
80861  -39.493  5.968  36.175 0.0000000000
172962  -36.177  -9.801  38.011 0.0000000000
172937  -34.932  -9.646  36.855 0.0000000000
150420  -33.241  -9.168  34.875 0.0000000000
66170  -35.497  -8.272  33.403 0.0000000000
150427  -33.176  -8.800  33.952 0.0000000000
181051  -27.144  -7.826  47.818 0.0000000000
67198  -27.070  -7.810  45.918 0.0000000000
64865  -29.683  -9.164  46.231 0.0000000000
66038  -28.408  -8.521  46.032 0.0000000000
67205  -27.120  -7.791  44.465 0.0000000000
66049  -27.128  -7.913  42.728 0.0000000000
86869  -49.863  10.581  10.464 0.0000000000
87918  -50.902  12.040  9.138 0.0000000000
154800  -51.179  12.726  7.840 0.0000000000
90108  -53.884  13.825  9.369 0.0000000000
90139  -53.877  14.291  7.860 0.0000000000
90137  -52.174  13.713  6.997 0.0000000000
90155  -53.465  14.535  5.700 0.0000000000
90162  -54.446  15.041  4.136 0.0000000000
91306  -54.688  15.124  3.273 0.0000000000
92292  -55.654  16.301  3.544 0.0000000000
93336  -56.484  17.136  3.669 0.0000000000
152542  -12.210  -11.721  56.684 0.0000000000
181433  -10.825  -12.144  57.905 0.0000000000
61150  -10.461  -12.502  57.134 0.0000000000
76279  -38.808  0.841  27.724 0.0000000000
75266  -47.076  0.762  19.099 0.0000000000
83391  -45.677  7.125  21.704 0.0000000000
180201  -46.463  5.744  21.420 0.0000000000
160005  -47.358  4.982  21.651 0.0000000000
82278  -48.559  6.777  22.171 0.0000000000
81041  -48.380  5.407  22.095 0.0000000000
78623  -47.695  3.280  21.280 0.0000000000
77478  -48.436  2.739  21.137 0.0000000000
76343  -48.161  1.544  19.844 0.0000000000
75272  -46.463  0.599  18.907 0.0000000000
75274  -48.809  0.730  18.078 0.0000000000
76369  -49.689  1.069  17.751 0.0000000000
76359  -51.084  1.959  17.926 0.0000000000
172384  -13.376  -10.575  57.381 0.0000000000
63496  -14.079  -10.318  55.838 0.0000000000
152963  -13.067  -11.095  56.735 0.0000000000
152341  -12.211  -12.194  54.871 0.0000000000
178573  -11.830  -12.520  53.440 0.0000000000
62280  -10.539  -12.047  58.633 0.0000000000
160846  -9.793  -11.739  60.197 0.0000000000
62258  -9.357  -11.533  60.952 0.0000000000
61126  -7.563  -12.931  59.810 0.0000000000
160344  -8.252  -11.840  60.830 0.0000000000
62248  -8.220  -11.243  61.619 0.0000000000
62247  -7.623  -11.206  61.439 0.0000000000
62246  -7.272  -11.034  61.088 0.0000000000
59992  -6.879  -14.232  59.684 0.0000000000
161742  -6.651  -13.142  59.623 0.0000000000
152546  -12.950  -10.692  58.160 0.0000000000
173230  -12.305  -11.294  58.064 0.0000000000
67310  -45.100  -7.259  32.812 0.0000000000
68390  -45.600  -6.567  32.339 0.0000000000
68385  -45.714  -6.662  33.379 0.0000000000
62538  -35.173  -10.677  41.520 0.0000000000
67283  -43.814  -7.971  33.742 0.0000000000
67295  -43.731  -8.048  32.830 0.0000000000
168408  -35.834  -11.419  43.272 0.0000000000
62505  -34.931  -11.178  43.059 0.0000000000
62504  -34.095  -10.903  43.375 0.0000000000
84566  -48.176  8.546  10.016 0.0000000000
74185  -40.544  -0.391  28.701 0.0000000000
74196  -39.936  -0.986  27.948 0.0000000000
75205  -40.022  0.182  28.884 0.0000000000
81039  -42.085  5.488  20.675 0.0000000000
81053  -43.505  5.051  20.107 0.0000000000
82284  -44.294  6.136  21.154 0.0000000000
62439  -20.004  -11.136  45.549 0.0000000000
63663  -18.841  -10.760  46.306 0.0000000000
68359  -46.111  -6.088  38.088 0.0000000000
69346  -46.492  -5.353  37.829 0.0000000000
69341  -46.389  -5.498  38.694 0.0000000000
63753  -40.176  -10.161  41.659 0.0000000000
68353  -45.402  -6.790  39.215 0.0000000000
67261  -44.935  -7.243  38.591 0.0000000000
68358  -45.483  -6.617  38.330 0.0000000000
67265  -45.060  -7.111  37.688 0.0000000000
63738  -39.720  -10.649  42.333 0.0000000000
76380  -50.628  1.448  16.444 0.0000000000
75297  -49.272  0.562  16.315 0.0000000000
81107  -52.968  5.336  12.595 0.0000000000
79854  -52.352  4.565  12.611 0.0000000000
81106  -52.136  5.448  12.073 0.0000000000
184461  -51.395  5.600  11.770 0.0000000000
82345  -52.636  6.276  12.163 0.0000000000
166591  -52.684  7.305  12.179 0.0000000000
175159  -53.371  7.608  12.630 0.0000000000
80908  -39.216  6.049  32.556 0.0000000000
80918  -39.267  5.993  31.729 0.0000000000
82139  -39.563  6.326  32.558 0.0000000000
82235  -44.037  6.753  28.081 0.0000000000
82234  -43.151  6.580  27.862 0.0000000000
162063  -43.736  6.711  27.242 0.0000000000
158622  -43.764  6.752  25.772 0.0000000000
82242  -44.162  6.902  26.539 0.0000000000
176597  -44.784  7.258  26.574 0.0000000000
67197  -26.256  -7.403  46.496 0.0000000000
67196  -25.417  -6.827  46.805 0.0000000000
171104  -25.672  -7.191  45.986 0.0000000000
95486  -57.384  18.455  2.822 0.0000000000
95489  -57.903  19.198  2.114 0.0000000000
63461  -9.727  -10.455  62.196 0.0000000000
63460  -8.914  -10.517  62.226 0.0000000000
72193  -46.597  -2.662  30.524 0.0000000000
72200  -46.337  -2.633  29.609 0.0000000000
73206  -46.354  -1.869  30.002 0.0000000000
73205  -45.625  -1.225  29.745 0.0000000000
74169  -45.618  -0.578  30.589 0.0000000000
73166  -47.434  -1.508  35.968 0.0000000000
74127  -47.084  -0.154  36.236 0.0000000000
78475  -44.746  3.702  35.192 0.0000000000
77339  -45.005  2.898  34.925 0.0000000000
78485  -44.429  3.331  34.520 0.0000000000
78494  -44.131  2.973  33.856 0.0000000000
78484  -43.828  3.727  34.137 0.0000000000
79625  -43.284  4.448  34.410 0.0000000000
182917  -43.310  4.923  35.267 0.0000000000
157786  -29.050  -8.606  41.128 0.0000000000
66128  -38.000  -8.573  36.137 0.0000000000
174491  -37.642  -8.535  35.664 0.0000000000
165680  -38.027  -8.318  35.358 0.0000000000
64892  -29.415  -8.709  42.864 0.0000000000
66051  -28.328  -8.070  41.177 0.0000000000
89083  -51.488  12.518  5.518 0.0000000000
89027  -53.895  12.361  11.413 0.0000000000
89036  -54.378  12.974  10.817 0.0000000000
92257  -57.128  15.584  7.360 0.0000000000
92256  -56.569  15.122  7.635 0.0000000000
92267  -56.536  15.341  6.768 0.0000000000
92268  -57.144  15.783  6.431 0.0000000000
93327  -57.512  16.411  6.137 0.0000000000
93328  -58.021  16.832  6.641 0.0000000000
79698  -38.768  4.351  26.125 0.0000000000
183661  -38.641  3.017  26.035 0.0000000000
79715  -38.897  4.173  25.308 0.0000000000
78621  -46.010  3.436  20.615 0.0000000000
152016  -45.343  2.012  19.485 0.0000000000
77484  -46.006  2.137  19.906 0.0000000000
84491  -47.993  8.675  22.468 0.0000000000
81043  -50.205  5.318  23.037 0.0000000000
155205  -49.833  4.806  22.597 0.0000000000
168981  -49.849  3.518  21.698 0.0000000000
170667  -50.436  3.330  21.438 0.0000000000
78635  -50.685  2.971  20.924 0.0000000000
78609  -50.601  3.802  21.957 0.0000000000
63557  -15.748  -10.125  51.292 0.0000000000
63542  -15.450  -10.141  52.023 0.0000000000
63527  -14.859  -10.287  53.341 0.0000000000
63541  -14.778  -10.521  52.346 0.0000000000
62331  -14.064  -11.030  52.307 0.0000000000
62347  -14.223  -11.009  51.463 0.0000000000
82141  -42.483  6.519  32.508 0.0000000000
182987  -25.492  -7.250  42.776 0.0000000000
63481  -11.730  -10.870  60.288 0.0000000000
63480  -11.125  -11.005  60.814 0.0000000000
63470  -10.861  -10.711  61.404 0.0000000000
68396  -44.405  -7.179  30.367 0.0000000000
69376  -46.324  -5.298  31.125 0.0000000000
70321  -46.641  -4.840  31.762 0.0000000000
71243  -46.875  -3.871  31.682 0.0000000000
63707  -31.092  -9.568  41.701 0.0000000000
63726  -32.835  -10.249  41.842 0.0000000000
63764  -34.731  -10.439  40.217 0.0000000000
63779  -34.308  -10.327  39.538 0.0000000000
150412  -33.724  -10.112  38.978 0.0000000000
153317  -33.051  -9.755  38.484 0.0000000000
66156  -40.739  -8.399  34.442 0.0000000000
67282  -39.052  -7.977  34.268 0.0000000000
66155  -39.908  -8.234  34.193 0.0000000000
67307  -39.260  -7.921  32.582 0.0000000000
66188  -39.840  -8.158  32.049 0.0000000000
67320  -39.090  -8.023  31.108 0.0000000000
66203  -40.055  -8.271  31.021 0.0000000000
66206  -42.687  -8.257  30.826 0.0000000000
62445  -33.810  -10.968  45.719 0.0000000000
63674  -33.852  -10.898  46.696 0.0000000000
63673  -33.065  -10.588  46.126 0.0000000000
63672  -32.313  -10.351  45.991 0.0000000000
63650  -31.704  -10.130  46.494 0.0000000000
63709  -32.872  -10.401  43.070 0.0000000000
171154  -31.702  -10.028  43.775 0.0000000000
160166  -47.152  2.318  10.852 0.0000000000
81023  -40.540  5.236  23.185 0.0000000000
81037  -40.353  4.766  21.595 0.0000000000
79780  -44.818  4.118  20.338 0.0000000000
156927  -45.709  4.766  20.989 0.0000000000
175186  -49.867  9.597  23.570 0.0000000000
84483  -49.429  9.192  23.094 0.0000000000
81025  -50.673  5.977  23.448 0.0000000000
64846  -22.819  -9.717  47.369 0.0000000000
64835  -22.682  -9.820  48.447 0.0000000000
63621  -20.520  -10.515  48.395 0.0000000000
63597  -20.723  -10.413  49.315 0.0000000000
64825  -19.156  -9.827  49.784 0.0000000000
159754  -18.850  -10.174  49.093 0.0000000000
63619  -17.689  -10.363  47.973 0.0000000000
63595  -18.056  -10.201  48.907 0.0000000000
63594  -17.124  -10.270  48.737 0.0000000000
180840  -16.912  -10.138  49.497 0.0000000000
63617  -16.221  -10.433  48.108 0.0000000000
63616  -15.433  -10.586  48.465 0.0000000000
155987  -16.152  -10.476  47.041 0.0000000000
68373  -45.731  -6.617  35.251 0.0000000000
68374  -46.265  -6.099  35.666 0.0000000000
70301  -47.220  -3.962  37.348 0.0000000000
70305  -47.209  -4.192  36.553 0.0000000000
162796  -37.511  -10.802  41.405 0.0000000000
156048  -37.574  -10.571  40.752 0.0000000000
63767  -38.309  -10.316  40.382 0.0000000000
157223  -39.748  -9.459  39.766 0.0000000000
64954  -39.022  -9.474  39.197 0.0000000000
64955  -39.787  -9.104  38.872 0.0000000000
64976  -38.880  -8.705  37.170 0.0000000000
64965  -39.961  -8.714  38.101 0.0000000000
158995  -42.969  -8.492  40.820 0.0000000000
66098  -41.810  -8.813  40.261 0.0000000000
66122  -42.527  -8.426  37.794 0.0000000000
66114  -42.266  -8.468  38.744 0.0000000000
176043  -41.043  -8.473  37.510 0.0000000000
66121  -41.706  -8.468  37.196 0.0000000000
66143  -41.162  -8.470  35.885 0.0000000000
66132  -42.518  -8.430  36.801 0.0000000000
67270  -44.645  -7.400  36.232 0.0000000000
66146  -44.048  -7.842  35.878 0.0000000000
67274  -44.572  -7.465  35.387 0.0000000000
62528  -38.325  -11.346  42.820 0.0000000000
62541  -37.913  -11.108  41.999 0.0000000000
62527  -37.391  -11.385  42.685 0.0000000000
74285  -46.443  -0.230  17.364 0.0000000000
74299  -44.696  0.017  17.176 0.0000000000
74301  -46.628  -0.373  16.537 0.0000000000
74321  -47.843  -0.183  15.397 0.0000000000
74319  -46.307  -0.462  15.661 0.0000000000
74320  -46.763  -0.350  14.821 0.0000000000
74333  -46.449  -0.115  13.627 0.0000000000
75321  -47.962  0.474  13.979 0.0000000000
77543  -52.154  2.893  14.617 0.0000000000
77542  -51.494  2.366  14.367 0.0000000000
77560  -50.147  2.527  12.655 0.0000000000
77549  -49.995  1.822  13.180 0.0000000000
77559  -49.238  2.140  12.572 0.0000000000
166202  -49.035  2.902  12.044 0.0000000000
76420  -47.885  2.160  12.150 0.0000000000
78701  -49.464  3.673  11.946 0.0000000000
82358  -50.122  6.746  11.628 0.0000000000
81120  -49.017  5.754  11.640 0.0000000000
82357  -49.221  6.595  11.640 0.0000000000
156988  -48.577  7.220  11.528 0.0000000000
160686  -49.378  7.420  11.648 0.0000000000
84552  -49.520  8.348  11.636 0.0000000000
84553  -50.779  8.254  11.697 0.0000000000
85678  -52.647  9.761  12.741 0.0000000000
85689  -51.885  9.778  12.132 0.0000000000
86864  -53.130  11.093  12.336 0.0000000000
87884  -55.663  11.847  12.928 0.0000000000
77382  -40.807  2.781  30.221 0.0000000000
77390  -40.340  2.254  29.659 0.0000000000
78530  -40.198  3.310  29.693 0.0000000000
80939  -39.131  5.629  29.753 0.0000000000
79672  -39.170  4.852  29.592 0.0000000000
156766  -38.876  4.889  28.968 0.0000000000
79680  -38.702  5.250  28.078 0.0000000000
180391  -39.274  6.065  28.228 0.0000000000
155003  -41.737  6.445  30.995 0.0000000000
82173  -40.821  6.443  30.399 0.0000000000
155002  -41.905  6.468  30.141 0.0000000000
162789  -42.006  6.422  27.007 0.0000000000
156420  -41.433  6.459  27.823 0.0000000000
82239  -40.975  6.344  26.943 0.0000000000
176990  -40.084  6.248  26.855 0.0000000000
82244  -40.571  6.103  25.973 0.0000000000
80999  -40.588  5.810  25.064 0.0000000000
82245  -41.347  6.003  25.236 0.0000000000
162632  -43.833  6.818  24.509 0.0000000000
82254  -42.572  6.310  24.247 0.0000000000
82255  -43.308  6.598  23.989 0.0000000000
82266  -43.434  6.614  23.053 0.0000000000
82267  -44.150  6.926  22.828 0.0000000000
84469  -46.685  8.602  24.590 0.0000000000
84450  -47.215  8.799  26.464 0.0000000000
167119  -47.851  9.270  25.924 0.0000000000
85611  -48.979  9.903  24.606 0.0000000000
181933  -24.774  -6.283  47.595 0.0000000000
68286  -24.774  -6.266  48.167 0.0000000000
67182  -24.424  -6.844  48.436 0.0000000000
68314  -24.180  -6.767  42.965 0.0000000000
68304  -23.953  -6.917  44.589 0.0000000000
166483  -23.731  -7.851  45.610 0.0000000000
163826  -23.370  -9.083  47.527 0.0000000000
63468  -7.419  -10.285  60.862 0.0000000000
71272  -45.659  -3.683  27.938 0.0000000000
73231  -44.030  -2.157  27.547 0.0000000000
155592  -44.010  -0.581  29.518 0.0000000000
74188  -43.140  -0.999  28.648 0.0000000000
180903  -43.098  -0.382  29.341 0.0000000000
74177  -42.048  -0.218  29.218 0.0000000000
70312  -47.069  -4.850  34.331 0.0000000000
73171  -47.367  -1.188  34.548 0.0000000000
167391  -47.429  -2.764  33.810 0.0000000000
72173  -47.377  -2.065  33.401 0.0000000000
72178  -47.100  -1.939  32.374 0.0000000000
73179  -47.140  -1.267  33.144 0.0000000000
76232  -45.327  1.347  33.458 0.0000000000
75157  -45.984  0.936  33.754 0.0000000000
75169  -45.619  0.739  32.864 0.0000000000
74148  -46.225  0.005  32.355 0.0000000000
75177  -45.459  0.428  32.063 0.0000000000
74153  -44.757  0.469  31.474 0.0000000000
75168  -44.889  0.884  32.282 0.0000000000
77374  -43.109  1.918  31.980 0.0000000000
76250  -43.471  1.322  31.600 0.0000000000
76249  -42.751  1.571  31.364 0.0000000000
76262  -42.372  1.201  30.767 0.0000000000
76248  -42.043  1.884  31.097 0.0000000000
77383  -41.401  2.311  30.707 0.0000000000
78518  -42.222  3.187  31.885 0.0000000000
79623  -41.475  5.199  34.315 0.0000000000
79634  -41.352  5.014  33.457 0.0000000000
80898  -40.311  5.362  34.091 0.0000000000
80910  -40.177  5.353  33.189 0.0000000000
80888  -39.652  5.676  34.845 0.0000000000
80848  -41.911  5.699  37.801 0.0000000000
82097  -39.613  6.274  35.745 0.0000000000
63735  -31.415  -9.795  40.184 0.0000000000
63724  -30.326  -9.453  40.231 0.0000000000
63781  -37.451  -9.995  39.125 0.0000000000
63791  -36.515  -10.054  38.735 0.0000000000
152531  -36.151  -9.668  37.080 0.0000000000
150425  -36.233  -8.914  35.264 0.0000000000
150418  -34.961  -9.456  35.914 0.0000000000
153342  -33.381  -9.392  35.782 0.0000000000
66171  -36.485  -8.037  33.642 0.0000000000
171337  -27.594  -8.119  47.599 0.0000000000
67191  -26.922  -7.750  47.161 0.0000000000
66037  -27.699  -8.216  46.584 0.0000000000
66043  -27.734  -8.190  45.209 0.0000000000
158725  -27.642  -7.963  43.438 0.0000000000
175010  -49.951  9.910  11.139 0.0000000000
158081  -50.707  11.173  10.441 0.0000000000
89044  -52.431  12.767  9.937 0.0000000000
176688  -51.310  12.062  9.739 0.0000000000
89043  -51.655  12.587  9.277 0.0000000000
89057  -51.077  12.443  8.469 0.0000000000
167363  -51.700  12.993  8.370 0.0000000000
90110  -55.765  14.160  9.482 0.0000000000
90109  -54.783  13.940  9.553 0.0000000000
90124  -55.198  14.354  8.819 0.0000000000
169831  -53.588  14.413  7.107 0.0000000000
90138  -53.040  14.021  7.509 0.0000000000
90148  -52.928  14.195  6.443 0.0000000000
91295  -55.014  15.448  5.155 0.0000000000
91294  -54.116  14.923  5.073 0.0000000000
162518  -55.075  15.699  4.328 0.0000000000
91307  -55.183  15.833  3.501 0.0000000000
93334  -57.217  17.382  5.249 0.0000000000
93333  -56.637  16.969  4.818 0.0000000000
94381  -57.053  17.581  4.340 0.0000000000
94385  -57.482  18.342  3.888 0.0000000000
94382  -57.527  18.151  4.877 0.0000000000
172586  -11.924  -12.156  55.768 0.0000000000
61151  -11.009  -12.440  56.396 0.0000000000
76280  -39.316  1.364  28.411 0.0000000000
76289  -38.829  1.819  27.442 0.0000000000
76349  -46.170  0.962  19.421 0.0000000000
152863  -46.085  0.152  19.986 0.0000000000
82287  -46.933  7.066  21.614 0.0000000000
83385  -49.102  7.743  22.451 0.0000000000
164671  -48.257  7.993  22.128 0.0000000000
79763  -49.115  4.633  22.241 0.0000000000
79783  -48.147  4.291  21.793 0.0000000000
76350  -47.608  1.080  19.408 0.0000000000
75273  -48.365  0.890  18.836 0.0000000000
157334  -47.787  0.504  18.396 0.0000000000
77495  -50.475  2.266  19.604 0.0000000000
77502  -50.820  2.110  18.797 0.0000000000
76358  -50.263  1.574  18.273 0.0000000000
173450  -13.378  -10.960  56.023 0.0000000000
176261  -12.725  -11.498  56.154 0.0000000000
173206  -12.864  -11.545  55.478 0.0000000000
62329  -12.681  -12.004  52.278 0.0000000000
172890  -12.469  -12.108  54.048 0.0000000000
61200  -11.802  -12.608  52.631 0.0000000000
60001  -7.656  -14.224  59.389 0.0000000000
61133  -7.839  -13.378  58.962 0.0000000000
62255  -6.980  -11.587  60.503 0.0000000000
59991  -6.621  -14.201  59.529 0.0000000000
62274  -11.246  -11.476  59.433 0.0000000000
68397  -45.294  -6.578  31.177 0.0000000000
67323  -44.878  -7.213  31.693 0.0000000000
154776  -46.736  -5.057  32.587 0.0000000000
160448  -35.398  -10.236  39.075 0.0000000000
66158  -42.281  -8.337  34.286 0.0000000000
66174  -40.620  -8.342  33.701 0.0000000000
66175  -41.405  -8.394  33.734 0.0000000000
176028  -41.614  -8.383  32.855 0.0000000000
66190  -41.343  -8.353  32.092 0.0000000000
67308  -43.553  -8.012  31.592 0.0000000000
62506  -36.234  -11.597  44.295 0.0000000000
159987  -35.388  -11.522  44.977 0.0000000000
62487  -34.588  -11.307  44.446 0.0000000000
63689  -32.487  -10.394  45.173 0.0000000000
79879  -47.793  4.923  10.452 0.0000000000
85701  -48.772  9.736  9.434 0.0000000000
73213  -40.976  -1.114  28.000 0.0000000000
82274  -41.988  5.771  22.205 0.0000000000
81038  -40.925  5.093  20.748 0.0000000000
81052  -41.189  4.440  18.843 0.0000000000
63666  -22.166  -10.356  46.614 0.0000000000
63642  -20.249  -10.611  47.434 0.0000000000
157923  -19.594  -10.482  48.201 0.0000000000
63641  -19.223  -10.622  47.303 0.0000000000
63640  -18.112  -10.494  46.925 0.0000000000
63662  -17.945  -10.610  45.569 0.0000000000
63661  -17.172  -10.446  45.947 0.0000000000
68368  -45.781  -6.382  36.813 0.0000000000
68369  -46.257  -6.007  36.468 0.0000000000
68364  -46.215  -5.973  37.267 0.0000000000
167610  -46.908  -4.611  37.627 0.0000000000
71224  -47.196  -3.965  38.112 0.0000000000
63737  -38.825  -10.928  42.131 0.0000000000
63768  -38.965  -10.260  40.773 0.0000000000
64933  -39.756  -9.856  40.735 0.0000000000
64943  -40.365  -9.428  40.259 0.0000000000
168709  -40.533  -9.061  39.453 0.0000000000
66100  -43.427  -8.289  40.164 0.0000000000
67260  -44.259  -7.719  38.922 0.0000000000
67259  -43.749  -8.060  38.520 0.0000000000
66123  -43.454  -8.210  37.879 0.0000000000
66134  -43.856  -8.010  37.186 0.0000000000
159266  -44.554  -7.462  37.066 0.0000000000
67271  -45.248  -6.936  36.736 0.0000000000
62529  -39.253  -11.163  42.986 0.0000000000
75286  -49.101  0.626  17.217 0.0000000000
74286  -47.797  -0.094  16.889 0.0000000000
74303  -48.082  -0.148  16.177 0.0000000000
75308  -48.627  0.162  15.800 0.0000000000
79843  -52.810  4.122  13.508 0.0000000000
78693  -51.721  2.900  13.619 0.0000000000
78694  -52.066  3.638  13.077 0.0000000000
78703  -51.432  4.088  12.335 0.0000000000
79852  -50.337  3.966  12.022 0.0000000000
79853  -50.824  4.626  11.854 0.0000000000
167638  -50.814  6.118  11.654 0.0000000000
159013  -51.028  6.860  11.603 0.0000000000
83451  -51.208  7.536  11.658 0.0000000000
83452  -51.873  8.024  11.944 0.0000000000
83442  -52.823  8.197  12.518 0.0000000000
84543  -53.074  8.988  12.931 0.0000000000
79655  -39.983  5.043  31.432 0.0000000000
79666  -39.942  4.694  30.636 0.0000000000
79654  -39.467  5.590  31.070 0.0000000000
80929  -39.253  5.749  30.478 0.0000000000
82171  -39.427  6.102  30.183 0.0000000000
158129  -42.872  6.568  29.147 0.0000000000
82215  -42.108  6.505  29.307 0.0000000000
165275  -42.880  6.528  27.100 0.0000000000
82240  -42.569  6.428  26.316 0.0000000000
82246  -42.351  6.294  25.312 0.0000000000
165017  -43.080  6.520  25.773 0.0000000000
82248  -43.998  6.897  25.126 0.0000000000
83354  -44.470  7.262  24.593 0.0000000000
83355  -45.190  7.608  25.226 0.0000000000
176873  -45.779  7.846  25.724 0.0000000000
68281  -25.910  -6.701  48.414 0.0000000000
159944  -24.777  -6.414  46.988 0.0000000000
67210  -23.706  -7.644  43.846 0.0000000000
64860  -22.916  -9.810  45.939 0.0000000000
93342  -56.415  17.106  1.512 0.0000000000
94389  -57.015  18.003  0.945 0.0000000000
94391  -57.571  17.680  -0.150 0.0000000000
70338  -46.435  -4.342  30.158 0.0000000000
70347  -46.290  -4.211  29.354 0.0000000000
183864  -46.081  -2.631  29.074 0.0000000000
73218  -45.229  -1.746  28.854 0.0000000000
73217  -44.374  -1.597  28.487 0.0000000000
73204  -44.636  -1.077  29.262 0.0000000000
169479  -47.469  -2.895  35.740 0.0000000000
72163  -47.485  -2.636  35.017 0.0000000000
160301  -47.467  -1.742  35.202 0.0000000000
74137  -46.981  -0.289  34.636 0.0000000000
77340  -45.557  2.432  35.349 0.0000000000
76231  -44.681  1.676  33.205 0.0000000000
76238  -44.432  1.411  32.552 0.0000000000
77354  -44.392  2.272  33.549 0.0000000000
77353  -43.781  2.610  33.238 0.0000000000
78507  -43.195  3.046  32.898 0.0000000000
78506  -42.570  3.545  32.563 0.0000000000
78492  -42.929  3.869  33.228 0.0000000000
79635  -42.490  4.622  33.817 0.0000000000
80890  -41.397  5.308  35.059 0.0000000000
80832  -40.964  5.929  38.700 0.0000000000
179125  -32.071  -9.723  39.521 0.0000000000
64981  -37.726  -9.020  36.779 0.0000000000
152859  -37.053  -9.337  36.564 0.0000000000
67290  -36.126  -7.791  32.683 0.0000000000
64880  -29.633  -8.995  44.839 0.0000000000
86871  -52.498  11.396  11.684 0.0000000000
86870  -51.552  11.262  11.017 0.0000000000
87901  -52.284  12.085  10.755 0.0000000000
89045  -53.225  13.308  9.620 0.0000000000
91259  -56.060  14.581  8.696 0.0000000000
91269  -56.008  14.788  7.923 0.0000000000
91268  -55.297  14.757  7.534 0.0000000000
91282  -55.135  14.936  6.645 0.0000000000
91286  -54.284  14.907  6.182 0.0000000000
167170  -55.758  15.253  6.074 0.0000000000
91296  -55.740  15.830  5.269 0.0000000000
92285  -56.359  16.189  5.191 0.0000000000
93330  -57.081  16.700  5.542 0.0000000000
172625  -11.108  -12.709  54.949 0.0000000000
173320  -9.999  -13.277  55.647 0.0000000000
77403  -39.077  2.682  27.749 0.0000000000
77402  -38.687  2.689  26.679 0.0000000000
77485  -47.163  1.948  20.163 0.0000000000
83383  -46.608  8.118  22.236 0.0000000000
83384  -47.724  7.348  21.836 0.0000000000
183086  -49.298  3.231  21.476 0.0000000000
78634  -49.732  2.869  21.160 0.0000000000
77494  -49.512  1.880  19.813 0.0000000000
77488  -50.991  2.742  20.165 0.0000000000
64777  -16.135  -9.606  52.120 0.0000000000
154232  -16.206  -9.359  53.037 0.0000000000
64771  -15.102  -9.829  53.993 0.0000000000
63512  -14.555  -10.291  54.189 0.0000000000
63511  -13.818  -10.837  54.425 0.0000000000
152513  -13.092  -11.519  54.668 0.0000000000
62330  -13.523  -11.358  52.874 0.0000000000
171087  -12.739  -12.035  51.459 0.0000000000
61135  -9.414  -12.431  58.697 0.0000000000
163405  -41.417  -9.479  41.661 0.0000000000
167949  -44.684  -7.531  40.142 0.0000000000
166675  -52.200  2.790  17.006 0.0000000000
76381  -51.288  1.930  16.086 0.0000000000
77522  -52.297  2.875  16.310 0.0000000000
77532  -52.303  2.921  15.489 0.0000000000
158190  -52.710  3.466  15.034 0.0000000000
81098  -53.716  5.354  13.371 0.0000000000
81099  -54.092  6.327  13.182 0.0000000000
82347  -54.077  7.446  13.129 0.0000000000
82126  -40.843  6.642  33.598 0.0000000000
82140  -40.359  6.510  32.196 0.0000000000
155005  -41.253  6.551  32.745 0.0000000000
82157  -42.666  6.509  31.534 0.0000000000
174720  -43.422  6.604  30.841 0.0000000000
82197  -43.563  6.650  29.405 0.0000000000
166765  -45.386  7.504  27.014 0.0000000000
67203  -25.615  -7.224  45.027 0.0000000000
68315  -24.858  -6.872  42.310 0.0000000000
63469  -10.028  -10.938  61.580 0.0000000000
69383  -46.164  -5.274  30.268 0.0000000000
71251  -46.655  -3.640  30.763 0.0000000000
168985  -46.830  -3.080  31.291 0.0000000000
72183  -46.804  -2.293  31.408 0.0000000000
79606  -43.764  5.146  36.079 0.0000000000
63736  -32.780  -10.154  40.881 0.0000000000
63747  -32.849  -10.150  40.232 0.0000000000
63778  -32.650  -10.066  39.336 0.0000000000
150410  -31.797  -9.493  37.556 0.0000000000
154166  -39.350  -8.182  35.016 0.0000000000
66153  -37.765  -8.081  34.640 0.0000000000
67281  -38.314  -7.761  34.004 0.0000000000
67292  -37.905  -7.603  33.050 0.0000000000
67293  -38.682  -7.748  33.244 0.0000000000
67305  -37.529  -7.532  31.759 0.0000000000
64852  -30.600  -9.513  47.520 0.0000000000
154759  -30.876  -9.713  46.656 0.0000000000
64867  -30.988  -9.747  45.538 0.0000000000
156554  -46.645  0.910  11.592 0.0000000000
89069  -50.543  11.894  6.980 0.0000000000
89038  -56.166  13.254  11.016 0.0000000000
89037  -55.300  13.147  10.931 0.0000000000
90103  -56.682  13.731  10.532 0.0000000000
90111  -56.505  14.122  9.837 0.0000000000
93321  -58.163  16.630  7.508 0.0000000000
81009  -39.490  5.042  24.567 0.0000000000
79730  -39.091  4.008  24.217 0.0000000000
79744  -39.444  4.294  23.336 0.0000000000
84482  -48.634  9.147  23.095 0.0000000000
82268  -49.795  7.322  22.997 0.0000000000
63622  -21.528  -10.472  48.623 0.0000000000
63598  -21.665  -10.353  49.491 0.0000000000
165126  -17.825  -9.587  50.301 0.0000000000
154591  -17.221  -9.464  51.021 0.0000000000
63558  -16.430  -9.921  50.687 0.0000000000
63574  -16.350  -10.211  49.884 0.0000000000
63573  -15.655  -10.361  50.346 0.0000000000
63591  -14.823  -10.747  49.855 0.0000000000
63592  -15.550  -10.489  49.436 0.0000000000
67297  -45.119  -7.227  33.863 0.0000000000
68386  -46.228  -6.229  33.894 0.0000000000
68379  -45.724  -6.679  34.321 0.0000000000
68380  -46.357  -6.071  34.739 0.0000000000
70308  -47.109  -4.814  35.113 0.0000000000
170748  -46.591  -5.529  36.047 0.0000000000
70304  -47.014  -4.891  35.923 0.0000000000
71229  -47.406  -3.450  36.093 0.0000000000
72160  -47.463  -2.717  36.448 0.0000000000
71218  -47.164  -3.987  38.905 0.0000000000
62539  -36.062  -10.915  41.757 0.0000000000
63750  -36.699  -10.687  41.106 0.0000000000
177893  -37.537  -10.357  39.952 0.0000000000
64953  -38.256  -9.562  38.736 0.0000000000
179345  -38.245  -9.401  38.139 0.0000000000
64975  -38.157  -9.221  37.487 0.0000000000
66129  -39.392  -8.481  36.712 0.0000000000
64935  -41.604  -9.170  41.004 0.0000000000
64944  -41.067  -9.138  40.269 0.0000000000
66107  -41.333  -8.770  39.555 0.0000000000
164012  -42.825  -8.418  39.415 0.0000000000
175437  -41.626  -8.563  38.967 0.0000000000
66106  -41.001  -8.646  38.830 0.0000000000
66120  -40.376  -8.503  37.404 0.0000000000
66130  -40.063  -8.423  36.652 0.0000000000
66142  -39.580  -8.333  35.929 0.0000000000
154810  -40.460  -8.409  35.918 0.0000000000
66157  -40.948  -8.447  35.222 0.0000000000
156906  -41.820  -8.450  35.323 0.0000000000
66133  -43.387  -8.197  36.427 0.0000000000
66145  -43.347  -8.156  35.495 0.0000000000
174814  -42.691  -8.311  35.107 0.0000000000
66159  -43.355  -8.120  34.535 0.0000000000
67284  -44.351  -7.630  34.411 0.0000000000
163706  -37.264  -11.586  44.236 0.0000000000
62507  -36.833  -11.506  43.432 0.0000000000
62526  -36.423  -11.312  42.560 0.0000000000
74283  -44.408  0.582  17.914 0.0000000000
150810  -43.190  0.999  17.261 0.0000000000
164869  -44.461  -0.333  16.228 0.0000000000
74318  -45.320  -0.546  15.272 0.0000000000
76391  -50.677  1.509  15.454 0.0000000000
76403  -49.900  1.107  14.868 0.0000000000
75322  -48.985  0.725  14.389 0.0000000000
77550  -50.978  2.397  13.395 0.0000000000
76414  -49.497  1.290  13.838 0.0000000000
75334  -48.358  0.988  13.450 0.0000000000
75333  -47.172  0.739  13.094 0.0000000000
76411  -46.549  0.835  12.199 0.0000000000
76419  -46.871  1.558  11.805 0.0000000000
77557  -47.148  2.307  11.426 0.0000000000
78713  -47.729  3.797  11.219 0.0000000000
177073  -49.375  4.303  11.777 0.0000000000
79865  -48.778  4.899  11.609 0.0000000000
79864  -47.984  4.705  11.355 0.0000000000
81118  -47.759  5.275  11.066 0.0000000000
83448  -48.064  6.994  11.268 0.0000000000
83449  -48.113  7.813  11.250 0.0000000000
84550  -48.099  8.610  10.824 0.0000000000
84551  -48.561  8.577  11.345 0.0000000000
85688  -50.991  9.815  11.593 0.0000000000
168700  -51.349  8.976  11.907 0.0000000000
165484  -51.655  10.606  11.702 0.0000000000
87892  -53.494  11.680  11.930 0.0000000000
87893  -54.377  11.936  12.117 0.0000000000
84544  -54.068  8.294  13.485 0.0000000000
168615  -53.765  9.135  13.518 0.0000000000
85680  -53.939  10.325  13.467 0.0000000000
87883  -54.852  11.582  12.791 0.0000000000
87894  -55.252  12.195  12.251 0.0000000000
158977  -55.697  12.774  11.658 0.0000000000
89029  -56.517  12.969  11.747 0.0000000000
76270  -40.429  1.283  29.644 0.0000000000
75194  -39.964  0.809  29.133 0.0000000000
76269  -39.818  1.666  29.070 0.0000000000
79673  -39.825  4.304  29.892 0.0000000000
78529  -39.449  3.927  29.149 0.0000000000
78536  -39.291  3.199  28.419 0.0000000000
78543  -38.971  3.514  27.572 0.0000000000
79684  -38.659  4.994  26.947 0.0000000000
80982  -38.806  4.999  26.023 0.0000000000
82156  -40.593  6.454  31.311 0.0000000000
82194  -40.006  6.370  29.803 0.0000000000
82214  -41.335  6.471  28.671 0.0000000000
82213  -40.234  6.388  28.773 0.0000000000
82231  -39.427  6.038  27.221 0.0000000000
80997  -39.221  5.400  25.724 0.0000000000
80998  -39.872  5.705  25.325 0.0000000000
81011  -40.980  5.714  24.327 0.0000000000
162525  -41.314  5.673  23.603 0.0000000000
82264  -41.970  5.891  23.419 0.0000000000
82277  -44.257  6.659  21.931 0.0000000000
83374  -44.899  7.330  22.498 0.0000000000
83375  -45.482  7.852  23.108 0.0000000000
83376  -46.310  8.328  22.826 0.0000000000
83352  -45.950  7.861  26.487 0.0000000000
84458  -46.462  8.345  25.780 0.0000000000
84442  -46.869  8.477  27.207 0.0000000000
84470  -47.558  8.990  24.229 0.0000000000
84471  -48.394  9.449  23.907 0.0000000000
67195  -24.301  -6.697  46.305 0.0000000000
68295  -23.922  -6.969  45.554 0.0000000000
95491  -58.194  19.108  1.050 0.0000000000
95496  -57.837  18.274  0.253 0.0000000000
73215  -42.779  -1.391  28.028 0.0000000000
73214  -41.931  -1.248  27.983 0.0000000000
74176  -41.246  -0.153  29.188 0.0000000000
75196  -41.560  0.307  29.671 0.0000000000
166511  -46.917  -4.995  33.492 0.0000000000
70317  -47.119  -4.302  33.057 0.0000000000
71233  -47.418  -3.344  34.371 0.0000000000
174683  -47.332  -3.516  33.448 0.0000000000
71236  -47.164  -3.641  32.584 0.0000000000
73183  -46.593  -1.310  31.440 0.0000000000
75158  -46.500  0.410  34.184 0.0000000000
74142  -46.748  -0.165  33.820 0.0000000000
166350  -46.723  -0.468  33.131 0.0000000000
157154  -46.332  -0.543  31.695 0.0000000000
74155  -46.171  -0.669  31.085 0.0000000000
161321  -45.013  -0.055  30.827 0.0000000000
74168  -44.261  0.203  30.681 0.0000000000
76251  -44.198  1.085  31.880 0.0000000000
75188  -43.469  0.454  30.547 0.0000000000
75187  -42.725  0.625  30.409 0.0000000000
75186  -41.931  0.738  30.270 0.0000000000
76271  -41.124  0.922  30.050 0.0000000000
78525  -41.236  3.290  30.781 0.0000000000
78505  -41.887  4.106  32.137 0.0000000000
79656  -40.993  4.546  31.761 0.0000000000
79645  -40.073  5.273  32.288 0.0000000000
80909  -39.341  5.811  32.917 0.0000000000
82110  -39.346  6.193  34.165 0.0000000000
80878  -42.744  5.300  36.078 0.0000000000
80877  -41.996  5.287  35.598 0.0000000000
80876  -40.474  5.434  35.829 0.0000000000
80847  -40.646  5.639  37.770 0.0000000000
80863  -40.353  5.535  36.946 0.0000000000
80875  -39.631  5.771  35.737 0.0000000000
82096  -39.297  5.988  35.126 0.0000000000
182783  -39.567  6.318  34.959 0.0000000000
82111  -40.241  6.654  34.489 0.0000000000
63765  -36.057  -10.507  40.380 0.0000000000
150416  -35.811  -10.039  38.542 0.0000000000
152309  -34.845  -9.751  37.754 0.0000000000
154547  -33.439  -9.508  36.723 0.0000000000
173372  -31.388  -8.929  35.837 0.0000000000
174406  -36.862  -8.303  34.498 0.0000000000
177999  -35.820  -8.564  34.319 0.0000000000
150428  -34.621  -8.767  34.089 0.0000000000
150419  -31.445  -8.717  34.932 0.0000000000
167352  -26.650  -7.408  48.053 0.0000000000
66032  -29.112  -8.841  46.775 0.0000000000
67204  -26.472  -7.589  44.024 0.0000000000
85695  -48.951  9.880  10.531 0.0000000000
86876  -49.277  10.510  9.643 0.0000000000
87899  -50.747  11.634  9.775 0.0000000000
87906  -50.193  11.572  9.080 0.0000000000
87917  -50.413  11.910  8.404 0.0000000000
89056  -50.663  12.217  7.725 0.0000000000
89070  -50.986  12.595  7.121 0.0000000000
90101  -54.931  13.570  10.305 0.0000000000
89046  -54.064  13.434  10.083 0.0000000000
90123  -54.285  14.175  8.738 0.0000000000
90122  -53.272  13.827  8.616 0.0000000000
90121  -52.360  13.530  8.016 0.0000000000
89079  -51.458  13.030  6.533 0.0000000000
90147  -52.011  13.561  5.943 0.0000000000
178667  -52.651  13.896  5.352 0.0000000000
153919  -53.240  14.105  4.693 0.0000000000
90161  -53.800  14.221  3.989 0.0000000000
91314  -55.323  15.888  2.814 0.0000000000
92295  -55.684  16.252  2.546 0.0000000000
92293  -56.171  16.589  4.392 0.0000000000
92296  -56.008  16.621  3.404 0.0000000000
94384  -57.036  17.778  3.457 0.0000000000
95487  -57.852  19.174  3.244 0.0000000000
150407  -11.631  -11.842  57.472 0.0000000000
173218  -9.811  -13.110  56.386 0.0000000000
181565  -9.698  -12.953  56.937 0.0000000000
75204  -39.449  0.530  28.536 0.0000000000
74184  -38.834  -0.056  27.876 0.0000000000
78561  -38.738  3.150  24.455 0.0000000000
175738  -45.479  0.727  18.938 0.0000000000
82285  -45.148  6.407  21.300 0.0000000000
82286  -45.989  6.676  21.477 0.0000000000
79782  -46.990  3.837  21.298 0.0000000000
75283  -46.086  0.226  18.446 0.0000000000
75284  -47.210  0.047  17.814 0.0000000000
76357  -49.381  1.211  18.570 0.0000000000
76370  -50.494  1.462  17.395 0.0000000000
79765  -51.570  3.996  22.136 0.0000000000
171721  -13.742  -10.405  56.623 0.0000000000
158535  -13.952  -11.278  50.219 0.0000000000
62346  -13.251  -11.659  50.924 0.0000000000
62273  -10.224  -11.881  59.465 0.0000000000
58964  -7.717  -15.171  60.534 0.0000000000
58963  -7.096  -15.063  60.078 0.0000000000
62315  -12.626  -11.969  53.202 0.0000000000
62524  -34.183  -10.530  41.401 0.0000000000
63540  -14.278  -10.811  52.903 0.0000000000
63572  -14.915  -10.641  50.810 0.0000000000
63618  -16.896  -10.346  47.813 0.0000000000
63763  -33.184  -10.244  39.982 0.0000000000
63780  -36.537  -10.380  39.614 0.0000000000
64806  -17.053  -9.829  50.154 0.0000000000
64974  -37.183  -9.541  37.321 0.0000000000
66112  -40.706  -8.567  38.121 0.0000000000
66127  -37.157  -8.837  35.921 0.0000000000
66154  -38.568  -8.082  34.834 0.0000000000
66173  -40.083  -8.194  33.068 0.0000000000
66176  -42.239  -8.342  33.182 0.0000000000
66191  -42.119  -8.340  32.128 0.0000000000
66204  -40.956  -8.366  31.059 0.0000000000
67294  -39.312  -7.962  33.569 0.0000000000
67304  -36.671  -7.522  31.835 0.0000000000
68305  -24.167  -6.785  44.179 0.0000000000
68306  -24.728  -6.905  43.543 0.0000000000
68313  -23.960  -6.905  43.511 0.0000000000
69363  -46.782  -5.373  34.710 0.0000000000
70309  -47.306  -4.145  35.620 0.0000000000
71231  -47.428  -3.434  35.268 0.0000000000
73175  -47.357  -1.479  33.842 0.0000000000
74334  -47.454  0.001  14.413 0.0000000000
75198  -43.099  0.181  30.020 0.0000000000
75281  -44.100  0.777  18.060 0.0000000000
75296  -48.542  0.236  16.670 0.0000000000
76224  -44.983  1.911  33.891 0.0000000000
76225  -45.597  1.524  34.226 0.0000000000
76390  -49.998  0.987  15.883 0.0000000000
77361  -43.458  2.275  32.596 0.0000000000
77362  -44.071  1.955  32.906 0.0000000000
77372  -41.830  2.765  31.277 0.0000000000
77373  -42.462  2.291  31.664 0.0000000000
77521  -51.760  2.417  16.606 0.0000000000
77531  -51.807  2.468  15.811 0.0000000000
77558  -47.792  3.041  11.588 0.0000000000
77568  -47.277  3.034  11.057 0.0000000000
77579  -47.518  2.996  10.455 0.0000000000
78524  -40.538  3.781  30.319 0.0000000000
79636  -43.287  4.051  33.792 0.0000000000
79685  -38.740  4.450  27.518 0.0000000000
79863  -47.621  4.410  10.898 0.0000000000
80862  -39.821  5.700  36.584 0.0000000000
80897  -39.442  5.748  33.828 0.0000000000
80950  -38.983  5.637  28.967 0.0000000000
80983  -39.021  5.549  26.645 0.0000000000
81010  -40.200  5.435  24.365 0.0000000000
81121  -49.944  5.937  11.690 0.0000000000
81122  -50.744  5.355  11.703 0.0000000000
82124  -39.136  6.016  33.512 0.0000000000
82125  -39.380  6.241  33.252 0.0000000000
82155  -39.533  6.253  31.732 0.0000000000
82174  -42.559  6.509  30.694 0.0000000000
82233  -42.392  6.505  27.652 0.0000000000
82356  -48.408  6.414  11.471 0.0000000000
82359  -51.670  6.210  11.742 0.0000000000
85685  -48.499  9.174  10.953 0.0000000000
85694  -48.396  9.210  10.258 0.0000000000
86855  -53.218  10.491  12.877 0.0000000000
86877  -49.999  11.126  9.746 0.0000000000
87905  -49.576  11.039  8.938 0.0000000000
87907  -51.830  12.261  10.032 0.0000000000
89071  -51.617  13.156  7.487 0.0000000000
90149  -53.721  14.612  6.527 0.0000000000
91267  -54.745  14.516  8.075 0.0000000000
92278  -57.044  16.074  5.604 0.0000000000
93338  -55.996  16.496  1.845 0.0000000000
95490  -57.743  18.581  0.832 0.0000000000
152107  -11.278  -12.783  54.069 0.0000000000
152439  -31.844  -9.759  38.907 0.0000000000
154412  -38.823  -8.476  36.412 0.0000000000
154780  -18.124  -9.213  51.032 0.0000000000
155369  -41.764  -8.482  36.289 0.0000000000
158949  -35.490  -10.407  39.780 0.0000000000
159968  -46.552  -1.836  30.760 0.0000000000
160303  -51.832  2.536  15.114 0.0000000000
160937  -45.729  -6.518  36.120 0.0000000000
163539  -43.599  -8.163  39.230 0.0000000000
174864  -39.840  6.523  33.694 0.0000000000
175598  -39.359  6.044  31.011 0.0000000000
176948  -53.439  5.976  12.685 0.0000000000
178487  -43.693  6.664  30.080 0.0000000000
179002  -49.910  11.402  8.419 0.0000000000
180660  -47.128  -0.259  16.950 0.0000000000
181889  -51.312  2.773  13.228 0.0000000000
182317  -19.199  -10.348  48.682 0.0000000000
182543  -19.278  -10.990  45.799 0.0000000000
183135  -40.775  6.444  28.251 0.0000000000
183564  -47.469  -2.716  34.374 0.0000000000
184316  -55.330  13.856  9.917 0.0000000000
184815  -47.041  -4.486  37.108 0.0000000000
185320  -38.984  5.287  29.351 0.0000000000
185426  -38.326  -8.749  36.806 0.0000000000
