#!ascii label  , from subject sub-1012 vox2ras=TkReg
1983
122437  -54.498  44.966  -17.969 0.0000000000
136067  -43.828  61.297  -21.005 0.0000000000
133238  -47.471  57.551  -5.870 0.0000000000
129144  -51.782  52.159  -19.469 0.0000000000
167207  -49.131  64.398  -26.661 0.0000000000
136681  -51.218  61.625  -16.795 0.0000000000
133377  -53.467  57.402  -23.010 0.0000000000
126830  -50.104  49.343  -26.850 0.0000000000
120479  -58.900  42.929  -4.676 0.0000000000
125858  -57.448  49.022  -10.014 0.0000000000
138563  -38.615  65.683  -24.285 0.0000000000
140518  -45.303  68.381  -30.565 0.0000000000
136726  -42.599  62.017  -27.497 0.0000000000
129956  -53.112  53.048  -11.879 0.0000000000
134726  -47.052  58.835  -11.084 0.0000000000
134069  -49.756  58.201  -11.254 0.0000000000
125009  -47.772  47.168  -17.331 0.0000000000
123375  -47.615  45.633  -25.794 0.0000000000
121636  -41.649  43.868  -28.830 0.0000000000
120595  -52.630  42.588  -19.996 0.0000000000
135486  -49.891  61.010  -30.795 0.0000000000
135454  -50.114  60.644  -25.163 0.0000000000
158559  -51.561  58.116  -28.495 0.0000000000
132559  -52.196  56.222  -24.623 0.0000000000
123226  -57.523  45.840  -7.206 0.0000000000
124941  -55.787  47.848  -7.171 0.0000000000
137914  -35.092  64.445  -20.177 0.0000000000
137973  -43.583  64.998  -30.224 0.0000000000
129929  -53.309  53.502  -8.483 0.0000000000
132434  -52.441  56.394  -6.329 0.0000000000
183311  -41.512  58.537  -19.245 0.0000000000
181777  -45.756  57.858  -16.243 0.0000000000
133337  -53.406  58.034  -15.878 0.0000000000
135371  -52.718  60.844  -12.527 0.0000000000
131601  -49.697  55.766  -15.716 0.0000000000
129104  -48.180  52.404  -15.212 0.0000000000
126749  -49.446  49.828  -18.559 0.0000000000
176332  -47.505  45.820  -21.223 0.0000000000
125057  -50.754  48.159  -22.785 0.0000000000
124268  -45.390  46.693  -28.623 0.0000000000
137929  -47.280  65.078  -22.701 0.0000000000
134776  -47.795  58.678  -18.568 0.0000000000
135431  -48.604  60.127  -22.297 0.0000000000
134798  -52.561  59.971  -20.153 0.0000000000
130789  -54.667  54.542  -19.681 0.0000000000
126804  -52.964  49.506  -24.508 0.0000000000
129213  -54.317  52.437  -23.529 0.0000000000
128414  -49.957  52.106  -23.797 0.0000000000
121428  -58.264  43.147  -9.251 0.0000000000
123248  -55.587  45.476  -11.547 0.0000000000
124989  -56.325  47.701  -14.669 0.0000000000
136028  -36.334  61.643  -15.622 0.0000000000
136061  -38.139  61.773  -20.003 0.0000000000
137327  -41.447  63.515  -22.556 0.0000000000
138569  -44.713  65.249  -24.026 0.0000000000
165072  -47.975  66.616  -28.185 0.0000000000
136742  -46.524  63.135  -29.269 0.0000000000
134171  -46.563  58.770  -27.963 0.0000000000
134162  -41.990  58.592  -27.595 0.0000000000
127456  -54.139  50.837  -9.346 0.0000000000
128302  -56.030  51.969  -11.646 0.0000000000
170023  -53.163  48.434  -14.200 0.0000000000
135951  -45.877  61.131  -5.804 0.0000000000
135378  -48.763  60.523  -13.696 0.0000000000
136616  -50.201  62.554  -8.313 0.0000000000
134694  -49.438  59.536  -6.360 0.0000000000
131587  -49.970  55.451  -11.077 0.0000000000
126695  -49.585  50.095  -13.856 0.0000000000
122418  -50.061  44.234  -16.462 0.0000000000
120574  -48.023  42.663  -18.720 0.0000000000
121585  -46.376  43.268  -23.588 0.0000000000
121637  -45.469  44.134  -28.132 0.0000000000
124271  -50.253  47.069  -28.067 0.0000000000
123449  -46.548  45.808  -31.661 0.0000000000
119885  -43.640  41.664  -29.727 0.0000000000
123299  -55.860  45.634  -17.841 0.0000000000
122451  -55.428  44.667  -19.146 0.0000000000
121526  -53.483  43.801  -18.806 0.0000000000
134188  -49.769  59.043  -31.418 0.0000000000
170526  -50.789  59.469  -30.085 0.0000000000
133452  -50.633  57.920  -31.543 0.0000000000
159697  -51.473  56.627  -29.446 0.0000000000
184414  -49.951  56.466  -5.418 0.0000000000
181656  -42.818  59.928  -20.369 0.0000000000
157435  -52.420  55.073  -17.993 0.0000000000
132523  -51.835  56.589  -16.578 0.0000000000
129980  -50.734  54.202  -17.694 0.0000000000
129978  -49.601  53.177  -17.439 0.0000000000
127542  -50.824  50.854  -19.408 0.0000000000
126771  -50.500  49.316  -20.239 0.0000000000
127555  -51.718  50.339  -20.804 0.0000000000
137939  -48.253  64.905  -24.014 0.0000000000
136078  -47.062  61.650  -22.950 0.0000000000
136718  -48.173  62.519  -24.990 0.0000000000
134808  -51.619  59.734  -24.463 0.0000000000
135441  -51.784  60.400  -22.291 0.0000000000
134138  -52.733  59.132  -21.693 0.0000000000
155495  -53.392  57.840  -19.473 0.0000000000
132537  -54.109  56.053  -20.897 0.0000000000
130060  -55.071  52.809  -21.903 0.0000000000
131638  -54.329  55.048  -22.399 0.0000000000
130845  -51.886  55.010  -23.293 0.0000000000
124091  -57.219  47.005  -8.615 0.0000000000
123244  -56.178  45.759  -9.656 0.0000000000
124105  -56.203  47.226  -11.129 0.0000000000
165477  -55.913  47.015  -12.827 0.0000000000
124964  -56.587  48.216  -11.736 0.0000000000
138548  -36.303  65.317  -22.435 0.0000000000
137304  -35.876  62.969  -20.013 0.0000000000
137323  -37.499  63.800  -22.473 0.0000000000
136703  -38.968  62.500  -21.232 0.0000000000
162125  -39.396  64.223  -23.769 0.0000000000
139844  -44.256  67.637  -27.978 0.0000000000
138577  -43.352  65.387  -25.739 0.0000000000
168124  -45.189  66.533  -27.635 0.0000000000
138586  -46.451  66.093  -26.449 0.0000000000
139852  -46.447  67.139  -29.188 0.0000000000
137352  -42.890  63.248  -28.477 0.0000000000
137962  -44.939  64.325  -29.723 0.0000000000
136106  -45.058  62.238  -27.949 0.0000000000
136108  -46.845  61.241  -28.366 0.0000000000
135465  -44.409  60.384  -27.153 0.0000000000
156916  -44.094  58.248  -27.136 0.0000000000
135463  -41.871  60.124  -27.284 0.0000000000
127466  -47.226  50.247  -9.529 0.0000000000
155364  -47.934  48.111  -9.617 0.0000000000
126680  -49.648  49.712  -9.576 0.0000000000
126683  -52.540  49.449  -9.362 0.0000000000
160773  -51.657  50.846  -9.453 0.0000000000
130732  -54.757  54.627  -10.128 0.0000000000
129938  -55.680  53.630  -10.185 0.0000000000
129087  -54.324  52.247  -12.052 0.0000000000
127495  -54.601  50.257  -13.213 0.0000000000
127493  -52.725  50.384  -13.313 0.0000000000
134052  -45.568  58.073  -9.566 0.0000000000
134705  -45.368  59.830  -7.536 0.0000000000
135334  -46.786  60.410  -8.311 0.0000000000
178058  -49.323  59.870  -17.775 0.0000000000
134761  -48.324  59.781  -15.775 0.0000000000
136024  -49.907  61.450  -14.747 0.0000000000
134734  -51.402  60.073  -11.446 0.0000000000
135987  -52.106  62.195  -10.175 0.0000000000
135347  -51.679  61.409  -9.053 0.0000000000
135969  -50.390  61.453  -7.100 0.0000000000
168587  -50.438  59.708  -8.868 0.0000000000
133282  -50.381  57.785  -7.840 0.0000000000
132480  -49.453  56.815  -11.012 0.0000000000
126730  -48.163  49.488  -16.443 0.0000000000
127503  -48.410  50.975  -14.586 0.0000000000
124995  -48.318  47.473  -15.384 0.0000000000
124117  -49.796  46.952  -14.733 0.0000000000
123282  -48.373  45.376  -16.344 0.0000000000
121504  -48.936  43.462  -17.334 0.0000000000
177554  -47.391  44.234  -18.226 0.0000000000
123334  -47.821  46.159  -23.001 0.0000000000
122481  -46.255  44.598  -21.818 0.0000000000
123359  -46.350  45.139  -24.349 0.0000000000
121606  -45.634  43.793  -25.596 0.0000000000
122514  -46.506  44.971  -27.090 0.0000000000
126824  -52.851  49.684  -26.369 0.0000000000
126005  -51.858  48.262  -25.723 0.0000000000
126026  -49.935  48.361  -27.892 0.0000000000
123417  -43.162  45.476  -28.897 0.0000000000
124284  -45.497  46.517  -30.347 0.0000000000
122564  -43.649  44.711  -30.549 0.0000000000
121673  -44.535  44.155  -30.744 0.0000000000
175925  -42.447  41.988  -29.513 0.0000000000
119017  -42.409  40.150  -28.487 0.0000000000
121464  -57.238  43.416  -14.851 0.0000000000
119772  -52.016  41.742  -21.294 0.0000000000
164587  -49.668  63.133  -29.306 0.0000000000
136722  -49.136  62.394  -26.712 0.0000000000
136100  -49.936  61.141  -27.864 0.0000000000
134815  -50.929  59.658  -27.097 0.0000000000
134160  -52.158  58.241  -26.272 0.0000000000
132561  -53.317  56.469  -24.574 0.0000000000
132591  -52.424  56.806  -26.938 0.0000000000
167065  -58.399  44.186  -5.662 0.0000000000
123213  -57.974  46.200  -4.802 0.0000000000
126661  -57.306  48.896  -7.630 0.0000000000
139200  -37.670  66.895  -23.698 0.0000000000
139255  -44.158  66.993  -31.569 0.0000000000
137350  -40.960  63.090  -28.690 0.0000000000
136104  -40.489  61.540  -28.591 0.0000000000
129054  -50.967  52.892  -9.236 0.0000000000
180528  -53.292  55.147  -7.332 0.0000000000
131584  -53.475  55.333  -9.904 0.0000000000
134082  -46.425  58.212  -13.572 0.0000000000
135390  -52.687  60.713  -15.847 0.0000000000
136666  -52.182  61.991  -14.036 0.0000000000
134755  -52.980  59.518  -14.192 0.0000000000
134084  -51.496  58.836  -13.472 0.0000000000
133317  -49.681  57.221  -13.357 0.0000000000
131591  -48.930  55.788  -13.162 0.0000000000
130755  -48.626  54.155  -15.581 0.0000000000
128343  -48.544  51.135  -16.866 0.0000000000
125912  -48.501  48.493  -18.054 0.0000000000
164776  -47.599  46.038  -18.900 0.0000000000
125032  -48.843  47.355  -20.440 0.0000000000
125040  -49.694  47.287  -22.002 0.0000000000
157251  -49.692  46.516  -24.390 0.0000000000
125119  -48.139  47.993  -27.258 0.0000000000
133235  -44.581  57.899  -4.910 0.0000000000
137318  -45.639  63.531  -21.676 0.0000000000
157324  -45.381  59.743  -20.719 0.0000000000
135429  -46.290  60.563  -21.559 0.0000000000
134796  -48.430  59.357  -20.646 0.0000000000
135406  -50.097  60.096  -19.258 0.0000000000
135446  -49.783  60.572  -23.776 0.0000000000
135424  -51.170  60.735  -20.792 0.0000000000
136050  -52.186  61.429  -18.165 0.0000000000
134772  -53.204  58.875  -17.748 0.0000000000
131610  -54.152  55.945  -17.943 0.0000000000
129146  -53.631  53.068  -19.982 0.0000000000
127556  -52.668  50.849  -21.344 0.0000000000
128379  -54.433  51.650  -21.964 0.0000000000
127590  -54.176  50.706  -24.204 0.0000000000
127617  -52.426  50.676  -26.007 0.0000000000
130846  -53.079  54.509  -23.383 0.0000000000
129223  -51.860  52.288  -23.997 0.0000000000
157754  -57.153  44.423  -8.205 0.0000000000
122381  -56.760  44.043  -10.169 0.0000000000
122389  -56.568  44.285  -12.968 0.0000000000
123255  -56.054  45.340  -14.058 0.0000000000
124136  -56.354  46.773  -15.729 0.0000000000
124143  -55.268  46.725  -16.375 0.0000000000
134763  -37.346  59.456  -16.182 0.0000000000
157926  -36.736  61.410  -18.025 0.0000000000
135404  -38.099  60.358  -18.364 0.0000000000
135412  -39.944  60.221  -19.723 0.0000000000
136064  -41.075  61.207  -20.505 0.0000000000
136707  -42.834  62.770  -21.421 0.0000000000
179731  -39.968  65.966  -25.085 0.0000000000
137944  -41.427  64.657  -24.553 0.0000000000
137936  -42.641  64.413  -23.658 0.0000000000
137330  -44.474  64.014  -22.124 0.0000000000
178749  -46.362  65.803  -23.424 0.0000000000
139207  -48.213  66.429  -24.462 0.0000000000
138591  -49.068  65.671  -27.569 0.0000000000
184393  -46.060  66.109  -30.956 0.0000000000
138609  -47.849  65.569  -30.300 0.0000000000
137965  -49.124  64.361  -29.881 0.0000000000
168951  -48.179  62.112  -29.779 0.0000000000
134832  -47.890  59.591  -28.897 0.0000000000
132616  -46.135  57.127  -28.501 0.0000000000
132600  -43.668  57.034  -27.648 0.0000000000
135477  -41.069  60.297  -28.896 0.0000000000
165813  -54.696  48.682  -8.446 0.0000000000
127460  -57.131  50.356  -8.607 0.0000000000
129057  -53.902  52.808  -8.965 0.0000000000
128293  -56.593  51.883  -9.525 0.0000000000
127479  -57.239  50.310  -11.038 0.0000000000
126701  -55.805  49.508  -13.587 0.0000000000
181822  -54.763  48.080  -14.993 0.0000000000
123273  -52.916  46.212  -15.556 0.0000000000
134682  -46.343  59.453  -4.226 0.0000000000
134108  -46.581  58.237  -17.538 0.0000000000
134754  -47.621  59.334  -14.557 0.0000000000
135361  -48.253  59.939  -12.217 0.0000000000
136652  -50.495  62.194  -12.693 0.0000000000
136000  -49.915  62.182  -11.065 0.0000000000
156090  -48.212  61.012  -9.454 0.0000000000
135968  -48.315  61.743  -7.132 0.0000000000
135314  -48.313  60.852  -5.365 0.0000000000
134005  -48.524  58.723  -5.870 0.0000000000
180842  -50.302  57.506  -6.242 0.0000000000
131575  -51.987  55.934  -9.515 0.0000000000
129944  -51.864  53.872  -11.710 0.0000000000
129951  -48.845  54.297  -13.102 0.0000000000
129094  -49.869  52.331  -12.994 0.0000000000
128318  -51.256  51.261  -13.139 0.0000000000
126712  -50.861  48.907  -13.923 0.0000000000
124132  -51.209  46.239  -15.031 0.0000000000
122420  -52.034  44.559  -16.534 0.0000000000
121524  -51.464  43.089  -18.030 0.0000000000
120593  -50.352  42.144  -19.173 0.0000000000
119758  -48.933  41.637  -21.100 0.0000000000
122468  -46.669  44.591  -20.081 0.0000000000
120627  -47.372  42.480  -21.616 0.0000000000
119783  -48.646  41.698  -22.679 0.0000000000
120670  -48.061  42.142  -24.583 0.0000000000
120691  -47.146  42.500  -26.515 0.0000000000
125969  -52.057  49.175  -23.133 0.0000000000
124226  -50.729  47.080  -25.666 0.0000000000
123403  -49.500  46.086  -27.485 0.0000000000
125137  -47.637  47.348  -28.734 0.0000000000
124287  -48.820  46.029  -30.069 0.0000000000
122538  -48.219  45.539  -30.022 0.0000000000
180027  -46.282  44.691  -30.380 0.0000000000
120731  -44.925  43.035  -29.407 0.0000000000
123298  -55.084  45.604  -17.559 0.0000000000
123308  -55.857  45.110  -18.612 0.0000000000
122450  -54.759  44.715  -18.663 0.0000000000
122458  -54.482  44.197  -19.269 0.0000000000
122449  -54.002  44.412  -18.413 0.0000000000
165471  -49.410  58.344  -31.152 0.0000000000
134200  -50.157  58.510  -31.726 0.0000000000
133467  -49.949  57.157  -32.070 0.0000000000
131541  -48.839  56.066  -5.418 0.0000000000
133239  -48.557  57.321  -6.130 0.0000000000
178407  -43.230  60.493  -20.606 0.0000000000
134785  -43.394  58.908  -19.863 0.0000000000
135420  -43.949  60.293  -20.669 0.0000000000
129990  -52.318  53.825  -18.854 0.0000000000
131607  -51.419  54.946  -17.580 0.0000000000
129989  -51.308  53.352  -18.485 0.0000000000
129988  -50.616  52.732  -18.340 0.0000000000
158345  -51.220  52.459  -18.840 0.0000000000
127543  -51.296  50.596  -20.069 0.0000000000
128360  -51.534  51.373  -19.778 0.0000000000
168106  -48.714  64.618  -25.630 0.0000000000
137342  -48.069  63.684  -24.491 0.0000000000
137344  -48.458  63.514  -25.358 0.0000000000
163156  -52.525  58.786  -23.949 0.0000000000
162891  -52.693  59.039  -22.528 0.0000000000
134139  -53.089  58.320  -22.290 0.0000000000
133369  -53.454  57.539  -20.951 0.0000000000
132538  -53.721  56.827  -21.447 0.0000000000
132539  -54.046  56.057  -22.109 0.0000000000
132540  -53.779  56.513  -22.890 0.0000000000
120490  -58.807  43.062  -5.812 0.0000000000
124959  -57.406  48.365  -9.379 0.0000000000
124100  -57.116  47.481  -9.224 0.0000000000
124958  -56.681  47.490  -10.083 0.0000000000
125862  -57.054  48.852  -10.940 0.0000000000
138549  -37.073  65.227  -23.185 0.0000000000
137921  -36.881  64.470  -22.563 0.0000000000
137922  -37.654  64.438  -23.142 0.0000000000
137923  -38.251  63.772  -22.876 0.0000000000
137932  -38.901  64.937  -24.162 0.0000000000
141218  -44.086  69.637  -30.815 0.0000000000
141191  -44.334  69.663  -29.186 0.0000000000
140517  -44.727  68.944  -29.897 0.0000000000
139845  -44.946  67.072  -28.178 0.0000000000
139851  -45.594  67.416  -28.942 0.0000000000
139223  -45.948  66.684  -28.245 0.0000000000
139861  -46.067  67.671  -30.049 0.0000000000
136735  -43.238  62.648  -27.916 0.0000000000
137353  -43.869  63.184  -28.481 0.0000000000
136727  -43.550  61.917  -27.534 0.0000000000
136098  -45.031  61.272  -27.543 0.0000000000
167300  -43.529  60.595  -26.970 0.0000000000
169566  -43.607  59.867  -26.867 0.0000000000
160111  -42.128  60.800  -27.117 0.0000000000
156064  -46.631  50.828  -9.434 0.0000000000
127467  -48.065  50.807  -9.551 0.0000000000
154881  -48.172  49.915  -9.585 0.0000000000
154880  -49.000  50.418  -9.563 0.0000000000
127468  -50.855  50.609  -9.497 0.0000000000
129946  -53.683  53.610  -11.368 0.0000000000
129947  -54.582  53.511  -11.184 0.0000000000
129075  -54.012  52.951  -11.736 0.0000000000
128309  -53.775  51.657  -12.527 0.0000000000
128308  -52.877  51.764  -12.646 0.0000000000
134068  -46.586  58.327  -11.672 0.0000000000
134061  -46.410  58.323  -10.727 0.0000000000
134719  -46.086  58.879  -9.165 0.0000000000
134715  -46.779  59.708  -9.155 0.0000000000
136035  -50.173  60.884  -16.769 0.0000000000
135396  -49.635  60.727  -16.094 0.0000000000
179500  -50.414  61.558  -15.449 0.0000000000
134728  -50.691  59.665  -10.844 0.0000000000
134729  -51.598  60.512  -10.788 0.0000000000
135354  -51.059  60.289  -10.152 0.0000000000
135336  -50.992  60.641  -8.442 0.0000000000
134063  -49.975  58.726  -10.441 0.0000000000
134054  -49.719  57.977  -9.951 0.0000000000
133302  -49.515  57.479  -11.176 0.0000000000
125899  -47.918  48.415  -16.284 0.0000000000
155902  -48.075  48.991  -15.631 0.0000000000
124994  -47.919  47.731  -15.871 0.0000000000
124142  -48.149  46.226  -16.111 0.0000000000
123281  -47.808  45.845  -16.777 0.0000000000
123296  -47.855  44.922  -17.018 0.0000000000
123295  -47.632  45.583  -17.408 0.0000000000
123361  -48.256  46.159  -24.436 0.0000000000
123347  -47.306  45.782  -23.805 0.0000000000
123360  -47.398  45.694  -24.787 0.0000000000
122513  -46.333  45.010  -26.034 0.0000000000
123388  -47.277  45.399  -26.642 0.0000000000
126832  -51.853  49.664  -27.216 0.0000000000
126841  -51.389  49.053  -27.541 0.0000000000
126840  -50.524  48.948  -27.620 0.0000000000
122535  -42.124  44.592  -28.915 0.0000000000
123433  -43.302  45.252  -29.782 0.0000000000
121652  -42.576  44.013  -29.670 0.0000000000
121662  -43.045  43.711  -30.042 0.0000000000
164686  -42.146  43.075  -29.284 0.0000000000
171092  -41.630  41.630  -28.771 0.0000000000
178531  -41.292  42.864  -28.560 0.0000000000
121474  -57.280  43.495  -15.867 0.0000000000
158571  -53.065  42.278  -21.300 0.0000000000
120611  -51.882  42.043  -20.214 0.0000000000
136751  -49.965  62.249  -30.274 0.0000000000
136099  -49.753  62.002  -28.332 0.0000000000
136115  -50.214  61.703  -30.164 0.0000000000
134835  -51.094  58.905  -29.364 0.0000000000
134828  -50.684  59.870  -28.128 0.0000000000
134823  -51.268  59.105  -27.681 0.0000000000
134155  -51.679  58.966  -26.060 0.0000000000
134167  -51.649  58.324  -27.603 0.0000000000
133403  -52.600  57.287  -26.436 0.0000000000
133411  -52.017  57.489  -27.692 0.0000000000
131724  -51.296  56.275  -28.941 0.0000000000
123207  -57.502  46.046  -4.776 0.0000000000
125834  -57.346  48.356  -7.200 0.0000000000
125832  -56.218  48.667  -7.512 0.0000000000
139198  -36.488  66.850  -22.812 0.0000000000
137359  -41.559  63.705  -29.182 0.0000000000
182929  -39.968  62.399  -29.000 0.0000000000
179999  -38.900  62.883  -30.016 0.0000000000
131564  -51.646  55.797  -5.848 0.0000000000
130707  -51.914  55.206  -6.731 0.0000000000
130709  -53.030  55.663  -6.903 0.0000000000
131572  -53.789  55.495  -8.253 0.0000000000
132463  -53.216  55.936  -8.469 0.0000000000
134113  -40.354  58.354  -18.749 0.0000000000
134089  -46.216  58.125  -14.653 0.0000000000
184677  -53.482  59.038  -15.994 0.0000000000
134756  -53.170  59.898  -14.571 0.0000000000
134097  -53.139  58.425  -15.216 0.0000000000
132522  -50.743  56.241  -16.216 0.0000000000
133326  -51.375  57.848  -14.601 0.0000000000
133334  -50.834  57.227  -15.022 0.0000000000
133325  -50.346  57.388  -14.137 0.0000000000
132505  -50.061  56.831  -14.675 0.0000000000
131600  -49.008  55.448  -14.903 0.0000000000
130753  -49.059  54.941  -15.681 0.0000000000
128349  -49.719  51.492  -18.101 0.0000000000
129113  -49.060  52.633  -17.187 0.0000000000
127526  -49.037  50.917  -17.634 0.0000000000
126738  -48.518  49.620  -17.341 0.0000000000
125913  -49.191  48.983  -18.877 0.0000000000
159646  -48.637  48.101  -18.874 0.0000000000
125923  -49.259  48.374  -19.606 0.0000000000
125951  -50.611  48.342  -21.957 0.0000000000
125034  -50.067  47.895  -21.509 0.0000000000
184300  -49.980  47.210  -22.711 0.0000000000
124200  -49.592  46.617  -23.653 0.0000000000
124184  -50.040  46.960  -23.395 0.0000000000
137319  -46.194  63.595  -21.848 0.0000000000
136710  -45.926  62.721  -21.640 0.0000000000
181513  -46.277  62.268  -21.953 0.0000000000
135437  -47.639  60.580  -22.621 0.0000000000
135430  -47.723  59.971  -21.885 0.0000000000
134801  -48.570  59.717  -21.470 0.0000000000
134790  -49.109  59.522  -19.848 0.0000000000
135414  -49.935  59.994  -20.173 0.0000000000
179254  -49.441  61.495  -26.601 0.0000000000
136087  -48.563  61.797  -25.488 0.0000000000
135450  -49.977  60.636  -24.560 0.0000000000
135434  -52.075  60.587  -21.396 0.0000000000
135433  -51.524  60.652  -21.539 0.0000000000
135425  -51.915  60.961  -20.678 0.0000000000
136058  -51.825  61.433  -19.175 0.0000000000
135408  -52.446  60.843  -18.709 0.0000000000
135403  -52.482  60.725  -17.764 0.0000000000
134780  -52.840  59.138  -18.672 0.0000000000
131615  -54.416  55.461  -19.032 0.0000000000
132533  -54.118  56.407  -17.993 0.0000000000
130769  -54.389  54.983  -18.872 0.0000000000
130768  -53.941  54.699  -18.833 0.0000000000
130777  -54.454  54.438  -19.353 0.0000000000
129162  -54.184  52.701  -20.626 0.0000000000
129163  -54.859  52.987  -20.805 0.0000000000
130059  -54.922  52.992  -22.485 0.0000000000
129196  -54.874  52.320  -22.561 0.0000000000
129226  -54.298  51.616  -23.951 0.0000000000
127604  -53.874  50.650  -25.011 0.0000000000
132560  -52.954  56.372  -25.230 0.0000000000
131666  -53.528  55.800  -23.891 0.0000000000
131650  -52.948  55.324  -23.699 0.0000000000
130068  -50.705  53.480  -23.281 0.0000000000
155210  -51.510  53.042  -23.541 0.0000000000
123220  -57.787  45.323  -6.498 0.0000000000
122366  -57.920  44.282  -6.695 0.0000000000
122365  -57.406  44.824  -7.422 0.0000000000
123246  -55.727  45.408  -10.561 0.0000000000
122380  -56.207  44.849  -9.822 0.0000000000
122383  -55.916  44.707  -11.299 0.0000000000
121430  -56.873  43.893  -11.306 0.0000000000
122388  -55.991  44.709  -12.539 0.0000000000
122397  -56.493  44.485  -13.789 0.0000000000
122396  -55.884  44.944  -13.192 0.0000000000
124110  -56.141  46.983  -13.977 0.0000000000
123260  -56.023  46.255  -14.299 0.0000000000
124998  -56.210  47.496  -15.401 0.0000000000
124145  -56.217  46.556  -16.387 0.0000000000
124997  -55.940  47.726  -15.555 0.0000000000
136018  -36.653  61.934  -14.807 0.0000000000
135383  -38.037  60.742  -13.870 0.0000000000
135381  -36.774  61.018  -15.066 0.0000000000
135388  -37.027  60.086  -15.466 0.0000000000
135387  -36.558  60.856  -15.943 0.0000000000
137911  -34.861  64.391  -19.130 0.0000000000
137301  -35.037  63.529  -18.663 0.0000000000
136691  -36.734  62.555  -20.268 0.0000000000
136688  -36.273  62.357  -19.436 0.0000000000
136045  -36.786  61.748  -18.779 0.0000000000
136046  -37.493  61.083  -18.360 0.0000000000
136047  -38.337  60.909  -18.931 0.0000000000
176469  -38.679  60.256  -18.835 0.0000000000
136054  -38.663  61.285  -19.577 0.0000000000
137313  -40.250  62.932  -21.872 0.0000000000
136695  -40.369  61.850  -20.760 0.0000000000
136705  -40.816  62.480  -21.360 0.0000000000
136696  -41.378  61.926  -20.974 0.0000000000
137315  -42.161  63.259  -21.915 0.0000000000
138566  -40.974  65.156  -25.113 0.0000000000
138576  -42.278  65.747  -25.946 0.0000000000
138578  -44.544  65.330  -25.273 0.0000000000
177745  -43.117  64.683  -24.198 0.0000000000
178261  -43.971  64.770  -23.728 0.0000000000
137925  -44.001  64.481  -22.809 0.0000000000
138557  -44.780  65.047  -23.111 0.0000000000
138550  -45.503  65.199  -22.708 0.0000000000
138570  -45.765  65.619  -24.294 0.0000000000
139225  -47.624  66.544  -27.516 0.0000000000
139211  -47.249  66.347  -25.833 0.0000000000
139219  -47.957  66.554  -26.474 0.0000000000
158095  -48.562  66.281  -26.226 0.0000000000
138590  -48.629  66.202  -28.058 0.0000000000
138618  -43.633  66.204  -31.292 0.0000000000
179608  -45.743  66.983  -31.217 0.0000000000
138607  -44.988  65.579  -30.812 0.0000000000
137364  -46.480  64.026  -29.797 0.0000000000
137976  -46.402  64.930  -30.405 0.0000000000
137370  -47.336  64.478  -30.281 0.0000000000
137964  -48.549  65.113  -30.015 0.0000000000
137371  -48.143  63.975  -30.273 0.0000000000
178839  -48.782  63.472  -30.315 0.0000000000
136743  -47.381  62.682  -29.479 0.0000000000
135471  -46.648  60.230  -27.896 0.0000000000
135472  -47.431  60.382  -28.542 0.0000000000
134827  -47.077  59.518  -28.180 0.0000000000
134175  -48.211  58.669  -29.457 0.0000000000
133422  -46.774  57.996  -28.417 0.0000000000
133421  -45.954  58.012  -27.820 0.0000000000
134164  -43.261  58.342  -26.995 0.0000000000
133409  -44.340  57.472  -27.512 0.0000000000
133408  -42.855  57.884  -27.283 0.0000000000
132599  -42.791  57.211  -27.699 0.0000000000
157274  -41.669  57.890  -28.634 0.0000000000
135476  -40.604  60.960  -28.875 0.0000000000
124957  -52.042  47.966  -9.092 0.0000000000
127470  -53.330  50.134  -9.363 0.0000000000
126684  -53.484  49.226  -9.183 0.0000000000
126667  -54.240  49.893  -9.166 0.0000000000
127458  -55.958  50.325  -8.598 0.0000000000
127457  -55.061  50.553  -9.107 0.0000000000
129928  -52.310  53.453  -8.567 0.0000000000
129056  -52.783  52.836  -9.050 0.0000000000
129077  -55.764  52.708  -11.302 0.0000000000
129069  -56.100  52.754  -9.527 0.0000000000
129078  -56.426  52.403  -10.859 0.0000000000
128304  -57.166  51.121  -10.689 0.0000000000
127478  -56.843  50.840  -11.561 0.0000000000
126693  -56.500  49.700  -12.535 0.0000000000
127484  -55.871  50.751  -12.680 0.0000000000
126714  -53.635  48.972  -13.910 0.0000000000
126715  -54.672  49.000  -14.138 0.0000000000
170319  -54.138  48.321  -14.528 0.0000000000
124987  -54.256  47.677  -15.036 0.0000000000
124986  -53.162  47.706  -14.637 0.0000000000
135324  -45.525  60.714  -6.936 0.0000000000
134681  -45.387  59.507  -4.191 0.0000000000
134130  -46.737  58.826  -20.050 0.0000000000
134126  -46.069  58.444  -19.448 0.0000000000
134120  -47.023  58.388  -18.315 0.0000000000
135385  -48.790  60.510  -14.694 0.0000000000
134760  -47.660  59.324  -15.419 0.0000000000
135377  -48.235  59.891  -14.124 0.0000000000
134747  -47.642  59.338  -13.638 0.0000000000
135369  -48.754  60.571  -12.743 0.0000000000
136017  -52.793  61.174  -13.043 0.0000000000
136653  -51.720  62.295  -13.576 0.0000000000
136646  -52.335  62.108  -12.144 0.0000000000
136629  -50.995  62.838  -9.417 0.0000000000
136638  -50.619  62.583  -10.853 0.0000000000
135985  -49.572  62.263  -9.514 0.0000000000
135992  -49.263  61.752  -10.323 0.0000000000
135984  -48.849  61.680  -9.270 0.0000000000
135983  -48.123  61.324  -8.666 0.0000000000
136615  -49.552  62.325  -8.027 0.0000000000
135320  -49.939  60.565  -6.629 0.0000000000
135955  -49.352  61.043  -5.961 0.0000000000
135316  -49.268  60.306  -5.971 0.0000000000
134685  -48.268  59.581  -5.383 0.0000000000
134693  -48.975  59.318  -5.989 0.0000000000
134012  -49.079  58.273  -6.205 0.0000000000
134023  -49.790  58.570  -6.762 0.0000000000
132471  -50.112  56.444  -9.980 0.0000000000
132447  -50.796  57.056  -8.379 0.0000000000
132472  -50.981  56.147  -9.703 0.0000000000
130729  -51.973  54.953  -10.678 0.0000000000
131588  -50.930  55.134  -10.836 0.0000000000
130750  -48.491  54.319  -14.290 0.0000000000
130743  -48.838  55.069  -13.093 0.0000000000
129958  -48.581  53.890  -13.688 0.0000000000
127504  -48.792  50.480  -14.105 0.0000000000
128316  -49.181  51.795  -13.370 0.0000000000
127490  -49.370  50.950  -13.582 0.0000000000
129095  -50.923  52.091  -12.891 0.0000000000
127491  -50.421  50.640  -13.472 0.0000000000
126696  -50.663  49.777  -13.749 0.0000000000
125882  -50.120  48.341  -14.213 0.0000000000
123270  -49.753  45.595  -15.483 0.0000000000
124131  -50.249  46.236  -15.039 0.0000000000
123271  -50.790  45.598  -15.412 0.0000000000
123285  -51.416  45.057  -15.908 0.0000000000
122419  -51.009  44.391  -16.389 0.0000000000
121506  -51.808  43.564  -17.536 0.0000000000
122433  -50.714  43.818  -16.781 0.0000000000
121521  -48.482  42.949  -17.941 0.0000000000
120576  -49.959  42.451  -18.534 0.0000000000
120592  -49.537  42.075  -19.244 0.0000000000
120610  -50.190  41.778  -19.870 0.0000000000
120608  -48.289  42.037  -20.292 0.0000000000
124164  -47.660  46.108  -19.791 0.0000000000
123314  -47.122  45.259  -19.413 0.0000000000
123321  -47.119  45.422  -20.495 0.0000000000
121572  -46.003  43.882  -22.271 0.0000000000
121562  -46.253  43.865  -21.382 0.0000000000
120640  -47.000  42.696  -22.383 0.0000000000
120628  -48.300  41.861  -21.844 0.0000000000
120656  -47.147  42.636  -23.137 0.0000000000
119798  -48.121  42.022  -23.531 0.0000000000
120669  -47.206  42.611  -24.026 0.0000000000
122512  -45.407  43.948  -26.469 0.0000000000
121607  -45.990  43.263  -26.262 0.0000000000
121613  -45.500  43.679  -27.080 0.0000000000
170035  -46.747  42.210  -27.903 0.0000000000
120706  -45.861  42.668  -28.549 0.0000000000
127563  -52.917  50.459  -22.229 0.0000000000
126783  -52.330  49.710  -22.530 0.0000000000
126793  -52.722  49.613  -23.527 0.0000000000
125108  -50.963  47.455  -27.027 0.0000000000
179197  -51.308  47.661  -26.321 0.0000000000
124238  -50.656  47.022  -26.530 0.0000000000
164530  -50.332  46.645  -26.003 0.0000000000
124249  -49.973  46.496  -27.832 0.0000000000
125118  -46.848  47.440  -27.874 0.0000000000
125136  -46.688  47.144  -28.675 0.0000000000
124297  -45.381  45.934  -31.420 0.0000000000
124292  -46.812  46.391  -31.198 0.0000000000
124299  -47.052  46.001  -31.623 0.0000000000
123434  -48.800  45.817  -29.903 0.0000000000
122577  -47.721  45.630  -30.834 0.0000000000
122555  -47.050  44.976  -30.011 0.0000000000
167020  -46.355  45.432  -31.387 0.0000000000
119897  -43.651  42.196  -29.957 0.0000000000
120743  -44.367  43.279  -30.219 0.0000000000
119898  -44.116  42.365  -29.958 0.0000000000
169556  -44.635  41.809  -29.605 0.0000000000
122422  -56.781  44.968  -17.066 0.0000000000
123309  -56.255  45.124  -18.329 0.0000000000
122469  -55.792  43.952  -20.314 0.0000000000
170539  -49.951  60.241  -31.068 0.0000000000
135487  -50.152  61.005  -30.646 0.0000000000
134855  -50.168  59.276  -31.451 0.0000000000
134189  -50.582  58.714  -31.261 0.0000000000
134176  -51.350  58.094  -29.672 0.0000000000
133423  -51.635  57.307  -29.047 0.0000000000
133453  -51.063  57.271  -31.028 0.0000000000
131555  -50.001  55.897  -5.202 0.0000000000
132426  -51.444  56.416  -5.567 0.0000000000
134123  -41.803  59.051  -19.700 0.0000000000
134124  -42.760  58.623  -19.519 0.0000000000
133366  -44.813  57.822  -18.320 0.0000000000
132524  -52.961  56.791  -16.728 0.0000000000
132516  -52.377  57.281  -16.127 0.0000000000
131605  -52.454  56.146  -17.183 0.0000000000
131604  -51.270  55.737  -17.004 0.0000000000
130757  -50.266  54.859  -17.028 0.0000000000
130760  -49.824  53.913  -17.273 0.0000000000
129979  -50.398  53.379  -17.884 0.0000000000
129130  -50.445  51.994  -18.520 0.0000000000
126750  -50.147  50.345  -19.006 0.0000000000
183308  -50.246  49.499  -19.708 0.0000000000
126757  -50.581  50.026  -19.717 0.0000000000
126758  -51.060  49.957  -20.362 0.0000000000
125952  -51.142  48.924  -21.756 0.0000000000
137938  -47.815  65.170  -23.240 0.0000000000
137332  -47.166  64.042  -22.789 0.0000000000
137340  -47.624  64.058  -23.551 0.0000000000
136717  -47.706  62.795  -24.118 0.0000000000
135444  -47.861  60.862  -23.455 0.0000000000
135452  -51.185  59.967  -24.952 0.0000000000
135447  -50.649  60.464  -23.902 0.0000000000
135442  -52.024  60.089  -22.947 0.0000000000
134804  -52.319  59.907  -22.207 0.0000000000
134134  -52.796  59.094  -20.703 0.0000000000
134131  -52.880  58.900  -19.581 0.0000000000
134132  -53.173  58.212  -20.364 0.0000000000
132536  -53.776  56.832  -20.480 0.0000000000
131623  -54.562  55.263  -20.171 0.0000000000
130790  -54.924  53.857  -20.387 0.0000000000
166162  -54.794  54.432  -20.708 0.0000000000
130809  -54.751  54.270  -21.807 0.0000000000
130072  -54.541  53.227  -23.008 0.0000000000
131649  -51.973  55.748  -23.794 0.0000000000
121425  -58.273  43.268  -8.299 0.0000000000
162045  -57.316  46.420  -7.909 0.0000000000
123238  -56.834  45.262  -8.198 0.0000000000
124090  -56.630  46.033  -8.796 0.0000000000
124102  -56.048  46.469  -10.314 0.0000000000
124104  -55.629  46.262  -11.208 0.0000000000
124107  -55.579  46.174  -12.153 0.0000000000
167062  -55.802  46.829  -11.853 0.0000000000
162039  -56.213  47.449  -12.056 0.0000000000
124973  -56.321  47.808  -13.744 0.0000000000
136668  -36.209  62.460  -15.421 0.0000000000
138546  -35.636  65.244  -21.625 0.0000000000
137306  -35.661  63.675  -20.557 0.0000000000
137309  -36.200  63.774  -21.316 0.0000000000
179649  -36.806  63.328  -21.379 0.0000000000
136702  -38.059  62.635  -21.142 0.0000000000
136693  -38.550  62.151  -20.632 0.0000000000
137311  -38.461  62.921  -21.802 0.0000000000
137325  -39.659  63.295  -22.500 0.0000000000
137336  -39.953  63.685  -23.222 0.0000000000
140495  -44.332  68.543  -28.294 0.0000000000
138583  -43.100  66.212  -26.546 0.0000000000
139215  -43.509  66.776  -27.106 0.0000000000
164156  -44.032  66.117  -26.873 0.0000000000
138584  -44.753  65.647  -26.283 0.0000000000
138579  -45.594  65.654  -25.488 0.0000000000
139217  -45.974  66.176  -27.245 0.0000000000
139224  -46.746  66.463  -27.723 0.0000000000
139853  -47.105  66.999  -29.267 0.0000000000
137960  -43.070  64.389  -29.657 0.0000000000
137974  -44.500  64.958  -30.271 0.0000000000
137362  -44.453  63.694  -29.133 0.0000000000
137354  -44.833  63.015  -28.506 0.0000000000
136737  -45.760  62.676  -28.583 0.0000000000
136738  -46.646  62.244  -28.745 0.0000000000
136107  -45.921  61.788  -28.053 0.0000000000
135466  -45.265  60.417  -27.419 0.0000000000
134821  -45.041  59.697  -27.242 0.0000000000
134166  -45.664  58.971  -27.475 0.0000000000
134820  -44.292  59.577  -27.013 0.0000000000
135460  -43.031  59.431  -26.784 0.0000000000
134818  -42.350  59.275  -27.089 0.0000000000
127455  -45.197  50.909  -8.934 0.0000000000
127464  -45.517  50.187  -9.257 0.0000000000
175746  -46.102  48.905  -9.521 0.0000000000
125853  -47.378  48.746  -9.580 0.0000000000
125857  -51.696  48.716  -9.348 0.0000000000
179232  -50.914  49.162  -9.474 0.0000000000
126682  -51.522  49.852  -9.461 0.0000000000
128292  -53.230  51.108  -9.416 0.0000000000
130721  -54.684  54.437  -8.679 0.0000000000
129930  -55.064  53.697  -8.907 0.0000000000
130733  -55.320  54.213  -9.804 0.0000000000
129948  -55.399  53.339  -10.924 0.0000000000
129088  -55.193  52.113  -11.872 0.0000000000
127483  -55.078  50.861  -12.787 0.0000000000
128321  -54.164  50.956  -12.867 0.0000000000
127494  -53.657  50.330  -13.260 0.0000000000
126713  -52.582  49.013  -13.819 0.0000000000
134046  -45.275  58.476  -8.735 0.0000000000
134714  -46.145  59.696  -8.343 0.0000000000
157370  -46.144  61.049  -7.059 0.0000000000
134777  -48.607  59.273  -18.235 0.0000000000
182708  -48.152  58.970  -17.751 0.0000000000
134770  -48.657  59.532  -17.347 0.0000000000
136029  -49.213  60.672  -15.456 0.0000000000
136023  -49.366  61.056  -14.181 0.0000000000
135370  -52.477  60.624  -12.182 0.0000000000
136001  -52.407  61.831  -11.409 0.0000000000
159515  -52.240  61.287  -10.864 0.0000000000
135986  -51.915  62.107  -9.328 0.0000000000
135975  -51.589  62.015  -8.487 0.0000000000
136610  -50.116  62.278  -7.600 0.0000000000
135337  -51.302  61.411  -8.195 0.0000000000
135326  -50.601  60.747  -7.476 0.0000000000
134706  -50.088  59.444  -7.395 0.0000000000
134036  -50.070  58.426  -7.368 0.0000000000
134047  -50.110  58.849  -8.248 0.0000000000
132459  -49.800  57.195  -9.806 0.0000000000
131580  -49.720  56.202  -10.698 0.0000000000
128332  -48.164  51.559  -15.269 0.0000000000
128324  -48.353  51.831  -14.471 0.0000000000
127511  -48.166  50.691  -15.363 0.0000000000
125880  -48.401  49.036  -14.888 0.0000000000
125881  -49.123  48.644  -14.391 0.0000000000
124983  -49.440  47.761  -14.540 0.0000000000
124116  -48.894  47.157  -14.876 0.0000000000
123269  -48.827  45.797  -15.677 0.0000000000
123283  -49.269  44.887  -16.079 0.0000000000
121488  -49.957  43.497  -17.142 0.0000000000
122432  -48.406  44.112  -17.106 0.0000000000
121503  -48.227  43.569  -17.592 0.0000000000
121520  -47.669  43.440  -18.211 0.0000000000
165286  -47.466  45.845  -22.066 0.0000000000
123326  -46.807  45.292  -21.440 0.0000000000
123333  -46.866  45.545  -22.869 0.0000000000
123346  -46.389  45.187  -23.489 0.0000000000
122499  -45.880  44.498  -23.706 0.0000000000
121596  -45.769  43.842  -24.138 0.0000000000
121595  -45.632  44.085  -24.975 0.0000000000
121605  -45.649  44.266  -25.816 0.0000000000
122522  -45.835  44.454  -27.674 0.0000000000
126814  -53.036  49.548  -25.500 0.0000000000
125992  -52.375  48.780  -25.030 0.0000000000
126006  -52.514  48.984  -26.141 0.0000000000
178562  -51.184  48.502  -27.535 0.0000000000
125140  -50.254  47.657  -28.053 0.0000000000
124267  -44.615  46.377  -28.697 0.0000000000
177931  -45.210  46.562  -29.351 0.0000000000
124283  -44.648  46.265  -29.889 0.0000000000
155250  -44.638  45.560  -31.055 0.0000000000
123447  -45.143  45.459  -31.411 0.0000000000
122573  -44.902  44.944  -31.314 0.0000000000
121663  -43.660  44.179  -30.562 0.0000000000
120740  -43.423  43.251  -30.253 0.0000000000
119873  -42.790  41.517  -29.493 0.0000000000
119034  -42.780  40.696  -29.161 0.0000000000
181218  -42.417  41.180  -29.180 0.0000000000
119008  -41.674  40.652  -27.921 0.0000000000
120544  -57.278  42.953  -14.337 0.0000000000
167609  -49.558  63.412  -27.891 0.0000000000
137345  -48.849  63.452  -26.253 0.0000000000
136729  -49.500  62.621  -27.637 0.0000000000
136091  -49.568  61.752  -27.333 0.0000000000
136092  -49.891  60.940  -26.900 0.0000000000
170784  -50.482  60.534  -28.902 0.0000000000
135467  -50.392  60.414  -27.409 0.0000000000
135456  -50.550  60.245  -26.356 0.0000000000
134811  -51.465  59.458  -25.546 0.0000000000
134809  -52.104  59.145  -24.588 0.0000000000
134151  -53.100  57.905  -24.132 0.0000000000
133383  -53.459  57.180  -24.042 0.0000000000
133395  -53.294  57.204  -24.899 0.0000000000
132577  -53.132  56.739  -25.357 0.0000000000
132576  -52.754  56.727  -26.054 0.0000000000
132617  -51.735  56.780  -28.550 0.0000000000
132603  -51.983  56.578  -27.504 0.0000000000
121400  -58.659  43.776  -4.982 0.0000000000
170357  -58.485  44.520  -4.767 0.0000000000
122345  -58.354  45.283  -5.055 0.0000000000
161013  -57.913  46.367  -6.284 0.0000000000
124067  -56.930  46.585  -5.296 0.0000000000
155754  -57.569  47.034  -5.734 0.0000000000
124079  -57.742  46.941  -6.978 0.0000000000
156319  -57.584  47.460  -7.712 0.0000000000
155273  -57.517  48.277  -7.648 0.0000000000
125845  -57.551  48.936  -8.397 0.0000000000
138545  -35.193  65.769  -20.973 0.0000000000
168458  -36.068  66.168  -22.418 0.0000000000
138554  -36.641  66.027  -23.057 0.0000000000
138556  -38.101  66.229  -24.086 0.0000000000
140528  -45.052  68.468  -31.291 0.0000000000
137972  -42.638  65.000  -30.230 0.0000000000
137360  -42.515  63.785  -29.107 0.0000000000
137351  -41.903  63.231  -28.504 0.0000000000
136725  -41.746  62.022  -27.610 0.0000000000
180763  -41.571  61.546  -27.583 0.0000000000
136732  -40.473  62.295  -28.557 0.0000000000
136103  -39.917  61.924  -29.011 0.0000000000
130716  -52.281  54.591  -7.444 0.0000000000
130717  -53.126  54.643  -7.563 0.0000000000
131578  -54.409  55.067  -8.796 0.0000000000
130731  -53.911  54.794  -10.360 0.0000000000
130739  -53.333  54.238  -10.949 0.0000000000
133316  -45.865  57.665  -13.034 0.0000000000
134075  -46.510  58.231  -12.637 0.0000000000
136038  -52.235  61.398  -16.399 0.0000000000
136671  -51.424  61.941  -15.279 0.0000000000
136031  -52.337  61.444  -15.426 0.0000000000
162438  -52.929  60.748  -13.882 0.0000000000
135379  -52.864  60.492  -13.222 0.0000000000
133327  -52.410  58.201  -14.946 0.0000000000
134085  -52.419  59.244  -13.867 0.0000000000
134748  -52.106  59.594  -13.099 0.0000000000
134077  -51.104  59.153  -12.666 0.0000000000
134083  -50.574  58.388  -13.072 0.0000000000
133310  -49.863  57.791  -12.751 0.0000000000
156644  -49.412  57.081  -12.583 0.0000000000
132495  -49.242  56.489  -13.256 0.0000000000
131599  -48.626  54.680  -14.942 0.0000000000
129964  -48.284  53.336  -15.232 0.0000000000
129971  -49.083  53.412  -16.874 0.0000000000
129112  -48.565  52.788  -16.502 0.0000000000
154762  -48.167  52.165  -15.988 0.0000000000
127518  -48.167  50.461  -16.223 0.0000000000
125905  -48.311  48.881  -17.213 0.0000000000
125010  -47.979  48.020  -17.223 0.0000000000
125016  -47.802  46.759  -18.252 0.0000000000
124157  -48.296  47.357  -18.822 0.0000000000
124165  -48.348  46.795  -20.112 0.0000000000
124170  -48.616  46.858  -20.929 0.0000000000
158650  -49.918  48.554  -20.258 0.0000000000
125033  -49.364  47.458  -21.102 0.0000000000
124177  -48.167  46.373  -21.499 0.0000000000
124199  -48.823  46.420  -23.227 0.0000000000
123348  -49.021  46.391  -24.059 0.0000000000
123362  -49.201  46.315  -24.996 0.0000000000
126016  -48.680  48.494  -26.747 0.0000000000
126015  -47.788  48.206  -26.294 0.0000000000
125107  -47.112  47.723  -26.897 0.0000000000
178682  -45.566  46.998  -27.286 0.0000000000
124247  -44.465  46.401  -27.730 0.0000000000
123400  -43.713  45.876  -28.141 0.0000000000
123399  -42.609  45.382  -28.064 0.0000000000
122534  -41.546  44.311  -28.442 0.0000000000
136073  -44.511  62.117  -21.311 0.0000000000
135421  -44.646  60.514  -20.899 0.0000000000
136074  -45.323  61.896  -21.433 0.0000000000
135422  -46.169  59.926  -21.121 0.0000000000
134794  -46.880  59.395  -20.801 0.0000000000
136077  -46.565  61.724  -22.264 0.0000000000
158180  -46.913  59.925  -21.481 0.0000000000
134795  -47.609  59.085  -20.392 0.0000000000
134778  -49.260  59.646  -18.762 0.0000000000
178791  -49.983  60.264  -18.249 0.0000000000
135402  -50.592  60.932  -17.737 0.0000000000
136720  -48.629  62.536  -25.836 0.0000000000
136084  -48.461  61.498  -24.871 0.0000000000
135439  -49.456  60.418  -22.878 0.0000000000
135440  -50.502  60.549  -23.090 0.0000000000
164711  -50.295  60.535  -22.378 0.0000000000
182580  -49.603  60.222  -21.804 0.0000000000
167944  -50.725  60.582  -19.955 0.0000000000
136048  -51.267  61.248  -18.473 0.0000000000
136042  -51.756  61.704  -17.578 0.0000000000
135397  -52.581  60.690  -16.789 0.0000000000
134771  -52.834  59.793  -17.232 0.0000000000
134110  -53.800  58.189  -17.021 0.0000000000
134121  -53.280  58.334  -18.638 0.0000000000
133357  -53.870  57.194  -17.417 0.0000000000
132525  -53.645  56.934  -16.954 0.0000000000
130762  -53.423  55.235  -18.240 0.0000000000
130767  -52.856  54.580  -18.551 0.0000000000
129145  -52.659  52.617  -19.734 0.0000000000
154615  -52.311  51.876  -20.127 0.0000000000
129161  -53.218  52.329  -20.407 0.0000000000
155972  -53.472  51.447  -21.502 0.0000000000
182388  -53.755  50.680  -22.718 0.0000000000
129179  -54.982  52.756  -21.453 0.0000000000
156376  -54.357  51.123  -22.752 0.0000000000
127575  -54.117  50.661  -23.384 0.0000000000
126825  -53.405  50.139  -25.702 0.0000000000
126834  -52.918  50.251  -26.298 0.0000000000
127629  -51.488  50.006  -26.823 0.0000000000
131637  -53.971  55.716  -23.156 0.0000000000
131652  -54.098  54.824  -23.021 0.0000000000
130071  -53.896  53.612  -23.363 0.0000000000
130070  -53.045  53.565  -23.431 0.0000000000
129224  -52.899  52.136  -24.144 0.0000000000
121408  -58.442  43.545  -6.474 0.0000000000
121418  -57.657  43.948  -7.738 0.0000000000
121424  -57.531  43.755  -8.711 0.0000000000
122378  -56.738  44.358  -9.078 0.0000000000
121427  -57.558  43.564  -9.712 0.0000000000
121441  -57.256  43.571  -12.547 0.0000000000
170309  -57.397  43.258  -13.242 0.0000000000
121453  -57.288  43.316  -13.940 0.0000000000
122398  -57.037  43.983  -14.339 0.0000000000
164980  -56.567  45.149  -15.518 0.0000000000
123254  -55.643  45.988  -13.265 0.0000000000
123261  -56.354  45.881  -15.104 0.0000000000
122408  -56.721  45.050  -16.240 0.0000000000
123289  -56.444  45.813  -16.811 0.0000000000
124151  -55.599  46.197  -17.027 0.0000000000
123288  -54.701  46.020  -16.732 0.0000000000
136033  -35.684  62.078  -16.897 0.0000000000
136687  -35.454  62.843  -19.116 0.0000000000
136680  -35.633  62.131  -17.728 0.0000000000
136040  -36.235  61.535  -17.340 0.0000000000
176628  -37.043  60.418  -17.118 0.0000000000
134773  -37.957  59.825  -17.841 0.0000000000
134768  -38.146  59.106  -17.562 0.0000000000
134775  -39.335  58.975  -18.652 0.0000000000
182547  -39.816  58.660  -18.743 0.0000000000
134782  -40.837  59.544  -19.739 0.0000000000
136063  -39.703  61.535  -20.382 0.0000000000
136056  -40.245  61.081  -20.220 0.0000000000
135413  -40.852  60.395  -20.148 0.0000000000
135418  -41.644  60.527  -20.370 0.0000000000
136066  -42.802  61.285  -20.804 0.0000000000
136698  -43.082  61.947  -21.154 0.0000000000
138564  -39.409  65.656  -24.603 0.0000000000
137942  -39.773  64.767  -24.377 0.0000000000
137943  -40.611  64.677  -24.497 0.0000000000
137934  -41.110  64.243  -23.885 0.0000000000
138568  -42.747  64.954  -25.162 0.0000000000
137945  -42.259  64.651  -24.474 0.0000000000
137339  -42.289  64.089  -23.251 0.0000000000
161105  -42.848  63.563  -22.178 0.0000000000
137316  -43.287  63.321  -21.734 0.0000000000
136708  -44.339  62.902  -21.367 0.0000000000
137317  -44.862  63.477  -21.638 0.0000000000
137927  -45.808  64.899  -22.312 0.0000000000
138552  -47.063  65.647  -22.780 0.0000000000
166936  -46.490  66.043  -24.871 0.0000000000
139201  -47.685  66.341  -23.734 0.0000000000
138560  -47.672  65.869  -23.241 0.0000000000
178643  -48.484  66.146  -24.497 0.0000000000
138581  -48.723  65.764  -25.147 0.0000000000
137951  -49.219  65.117  -27.111 0.0000000000
139880  -45.504  67.622  -31.284 0.0000000000
139881  -46.193  67.218  -30.984 0.0000000000
139238  -47.597  66.701  -29.709 0.0000000000
137975  -45.396  64.938  -30.331 0.0000000000
174988  -47.301  65.984  -30.545 0.0000000000
139239  -48.039  66.396  -29.504 0.0000000000
138594  -48.618  65.865  -29.230 0.0000000000
138593  -49.107  65.428  -28.583 0.0000000000
137953  -49.377  64.830  -28.070 0.0000000000
137366  -49.478  63.683  -29.580 0.0000000000
136749  -49.070  62.624  -30.453 0.0000000000
136114  -48.973  61.766  -30.440 0.0000000000
136739  -47.343  61.891  -29.062 0.0000000000
136113  -48.410  61.325  -29.767 0.0000000000
135479  -48.921  60.925  -30.254 0.0000000000
134833  -48.840  59.855  -29.965 0.0000000000
133434  -48.693  57.995  -30.367 0.0000000000
133410  -45.032  58.121  -27.392 0.0000000000
133420  -45.224  57.305  -27.882 0.0000000000
158940  -41.510  60.975  -27.550 0.0000000000
160575  -41.350  60.186  -27.922 0.0000000000
134831  -41.435  59.463  -28.484 0.0000000000
125843  -54.359  47.898  -8.282 0.0000000000
125841  -52.782  48.416  -9.099 0.0000000000
125842  -53.805  48.475  -8.774 0.0000000000
125831  -55.237  48.237  -7.848 0.0000000000
126669  -56.122  49.478  -8.113 0.0000000000
126671  -57.246  49.585  -8.142 0.0000000000
126685  -57.493  49.783  -9.642 0.0000000000
129066  -51.402  52.179  -9.352 0.0000000000
129068  -53.086  52.031  -9.380 0.0000000000
128276  -54.015  51.811  -9.370 0.0000000000
170783  -54.789  53.170  -8.865 0.0000000000
129058  -54.792  52.419  -9.171 0.0000000000
128277  -54.909  51.512  -9.292 0.0000000000
128279  -56.447  51.442  -9.117 0.0000000000
127474  -57.388  50.470  -10.149 0.0000000000
126688  -57.364  49.665  -10.533 0.0000000000
125867  -56.782  49.210  -11.820 0.0000000000
125871  -56.542  48.865  -12.667 0.0000000000
125873  -56.082  48.958  -14.123 0.0000000000
127496  -55.465  50.174  -13.150 0.0000000000
126716  -55.581  49.008  -14.239 0.0000000000
125892  -55.821  48.162  -15.204 0.0000000000
124988  -55.226  47.792  -15.444 0.0000000000
124134  -54.263  46.556  -15.915 0.0000000000
123287  -53.626  45.651  -16.318 0.0000000000
134000  -44.782  58.776  -4.290 0.0000000000
134001  -45.879  58.799  -4.251 0.0000000000
185149  -47.238  58.533  -5.073 0.0000000000
134787  -45.018  59.132  -20.217 0.0000000000
134101  -45.801  57.851  -17.012 0.0000000000
134103  -47.255  58.678  -16.782 0.0000000000
134096  -47.119  58.748  -15.884 0.0000000000
134095  -46.529  58.398  -15.504 0.0000000000
134753  -47.039  58.701  -14.102 0.0000000000
134746  -47.114  58.709  -13.150 0.0000000000
134732  -47.566  59.337  -11.694 0.0000000000
136664  -51.108  62.147  -14.275 0.0000000000
136016  -50.846  62.209  -13.630 0.0000000000
156039  -49.783  61.635  -12.800 0.0000000000
136639  -51.288  62.656  -11.156 0.0000000000
136643  -50.555  62.412  -11.645 0.0000000000
136005  -49.280  61.216  -12.324 0.0000000000
135362  -48.724  60.696  -11.788 0.0000000000
163801  -48.169  60.104  -11.224 0.0000000000
134727  -47.503  59.587  -10.691 0.0000000000
135344  -47.533  60.529  -9.108 0.0000000000
135335  -47.426  61.085  -8.111 0.0000000000
135958  -47.439  61.551  -6.326 0.0000000000
136605  -49.599  61.889  -7.000 0.0000000000
135959  -48.408  61.610  -6.292 0.0000000000
135953  -47.096  61.251  -5.517 0.0000000000
163384  -47.464  60.271  -4.831 0.0000000000
134003  -47.422  59.056  -4.834 0.0000000000
166749  -47.721  58.431  -5.503 0.0000000000
133250  -49.267  57.529  -6.118 0.0000000000
160804  -50.625  56.551  -5.483 0.0000000000
133261  -52.096  56.633  -6.414 0.0000000000
133272  -50.602  57.562  -6.846 0.0000000000
133273  -51.195  57.122  -7.488 0.0000000000
132449  -52.738  56.451  -7.812 0.0000000000
131576  -52.941  55.761  -9.331 0.0000000000
130738  -52.405  54.348  -11.135 0.0000000000
129955  -52.227  53.193  -12.045 0.0000000000
132488  -49.196  56.328  -12.480 0.0000000000
131592  -49.141  55.542  -12.464 0.0000000000
130735  -49.604  55.136  -11.841 0.0000000000
128315  -48.604  52.188  -13.766 0.0000000000
129952  -49.392  53.921  -12.622 0.0000000000
129953  -50.269  53.602  -12.350 0.0000000000
129083  -50.624  52.883  -12.670 0.0000000000
129084  -51.633  52.662  -12.512 0.0000000000
128307  -51.951  51.905  -12.788 0.0000000000
128319  -52.291  51.100  -13.014 0.0000000000
126697  -51.664  49.431  -13.734 0.0000000000
125884  -52.323  48.236  -14.208 0.0000000000
124984  -50.421  47.533  -14.455 0.0000000000
179234  -51.216  47.332  -14.498 0.0000000000
124985  -52.018  47.502  -14.520 0.0000000000
123286  -52.499  45.322  -16.062 0.0000000000
122436  -53.598  44.574  -17.593 0.0000000000
122448  -53.243  44.061  -18.072 0.0000000000
121525  -52.496  43.496  -18.234 0.0000000000
121538  -51.988  42.863  -18.674 0.0000000000
121523  -50.469  42.896  -17.871 0.0000000000
120577  -51.043  42.496  -18.707 0.0000000000
158160  -51.082  42.004  -19.604 0.0000000000
119760  -51.006  41.668  -20.509 0.0000000000
119771  -50.797  41.547  -21.508 0.0000000000
123306  -47.365  45.414  -18.621 0.0000000000
155750  -47.023  43.897  -18.749 0.0000000000
178040  -46.784  43.654  -19.356 0.0000000000
122477  -46.487  44.617  -20.946 0.0000000000
121549  -46.463  43.857  -20.516 0.0000000000
120607  -47.406  42.514  -20.576 0.0000000000
162576  -48.047  42.031  -21.087 0.0000000000
119769  -49.030  41.576  -21.998 0.0000000000
119784  -49.529  41.531  -22.628 0.0000000000
119799  -49.160  41.586  -23.481 0.0000000000
120657  -48.803  41.714  -24.228 0.0000000000
120680  -47.138  42.662  -24.928 0.0000000000
171148  -46.866  42.718  -25.705 0.0000000000
127562  -52.081  50.049  -21.610 0.0000000000
160677  -51.667  49.461  -21.860 0.0000000000
125968  -51.477  48.572  -23.190 0.0000000000
184799  -51.951  48.510  -24.471 0.0000000000
125090  -51.118  47.712  -24.419 0.0000000000
125075  -50.550  47.325  -23.938 0.0000000000
124215  -50.181  46.567  -25.113 0.0000000000
124225  -49.755  46.360  -25.911 0.0000000000
123389  -48.521  45.751  -26.862 0.0000000000
126025  -49.088  48.222  -27.646 0.0000000000
124285  -46.449  46.678  -30.324 0.0000000000
180304  -47.971  46.832  -29.680 0.0000000000
124288  -49.271  46.660  -29.181 0.0000000000
123435  -49.243  46.087  -29.280 0.0000000000
123402  -48.820  45.680  -28.024 0.0000000000
122523  -46.909  44.975  -28.108 0.0000000000
122536  -46.135  44.509  -28.827 0.0000000000
122554  -45.976  44.367  -29.683 0.0000000000
122575  -45.852  44.849  -31.049 0.0000000000
121664  -45.490  44.250  -30.233 0.0000000000
121653  -45.342  43.926  -29.805 0.0000000000
119018  -43.043  39.884  -28.945 0.0000000000
119033  -41.927  40.957  -28.836 0.0000000000
119048  -43.362  41.221  -29.502 0.0000000000
119759  -49.984  41.599  -20.786 0.0000000000
119863  -41.183  42.130  -28.453 0.0000000000
119872  -42.150  41.561  -29.191 0.0000000000
119883  -42.937  42.160  -29.844 0.0000000000
119884  -43.351  41.856  -29.817 0.0000000000
119886  -43.959  41.683  -29.757 0.0000000000
119887  -45.311  42.012  -29.355 0.0000000000
120536  -57.404  42.966  -13.493 0.0000000000
120575  -48.972  42.457  -18.557 0.0000000000
120590  -47.658  42.541  -19.633 0.0000000000
120591  -48.594  42.184  -19.394 0.0000000000
120594  -51.925  42.470  -19.377 0.0000000000
120609  -49.228  41.732  -20.079 0.0000000000
120641  -47.799  42.218  -22.544 0.0000000000
120671  -48.922  41.770  -25.106 0.0000000000
120681  -47.959  42.197  -25.687 0.0000000000
120705  -41.858  42.367  -29.050 0.0000000000
120716  -41.667  43.295  -28.873 0.0000000000
120727  -42.513  42.597  -29.606 0.0000000000
120728  -42.818  42.848  -29.834 0.0000000000
120729  -43.342  42.460  -30.019 0.0000000000
120730  -44.603  42.707  -29.717 0.0000000000
120741  -43.597  42.864  -30.203 0.0000000000
120742  -44.185  43.112  -30.274 0.0000000000
121419  -58.316  43.422  -7.325 0.0000000000
121505  -50.986  43.410  -17.332 0.0000000000
121522  -49.435  42.869  -17.827 0.0000000000
121536  -46.604  43.913  -19.839 0.0000000000
121537  -46.790  43.139  -19.953 0.0000000000
121550  -46.643  43.118  -20.960 0.0000000000
121563  -46.530  43.227  -21.877 0.0000000000
121573  -46.425  43.312  -22.726 0.0000000000
121584  -45.840  43.869  -23.171 0.0000000000
121597  -46.340  43.223  -24.439 0.0000000000
121614  -46.229  42.859  -27.320 0.0000000000
121622  -45.375  44.070  -27.343 0.0000000000
121623  -45.425  43.600  -27.978 0.0000000000
121638  -45.316  43.885  -28.965 0.0000000000
121651  -42.080  43.686  -29.246 0.0000000000
121661  -42.568  43.337  -29.669 0.0000000000
121672  -43.875  43.663  -30.545 0.0000000000
121674  -45.062  43.913  -30.259 0.0000000000
122352  -58.128  44.971  -5.891 0.0000000000
122377  -56.431  45.231  -9.103 0.0000000000
122385  -55.759  44.894  -11.944 0.0000000000
122386  -56.436  44.329  -12.130 0.0000000000
122390  -57.078  43.765  -13.478 0.0000000000
122402  -56.485  44.792  -14.703 0.0000000000
122403  -57.035  44.285  -15.397 0.0000000000
122416  -48.588  44.639  -16.597 0.0000000000
122417  -49.190  44.086  -16.721 0.0000000000
122421  -53.108  44.817  -16.754 0.0000000000
122431  -47.768  44.169  -17.621 0.0000000000
122434  -51.531  43.893  -16.910 0.0000000000
122435  -52.560  44.109  -17.361 0.0000000000
122447  -47.115  44.724  -18.692 0.0000000000
122452  -56.685  44.568  -18.596 0.0000000000
122457  -46.766  44.360  -19.330 0.0000000000
122490  -46.108  44.661  -22.768 0.0000000000
122507  -45.980  44.670  -25.118 0.0000000000
122537  -47.561  45.185  -29.148 0.0000000000
122553  -42.073  44.208  -29.126 0.0000000000
122563  -43.181  44.354  -30.110 0.0000000000
122565  -46.471  45.101  -30.962 0.0000000000
122566  -47.182  45.287  -30.741 0.0000000000
122567  -47.810  45.519  -30.529 0.0000000000
122572  -44.278  45.094  -30.944 0.0000000000
122574  -45.558  44.936  -31.295 0.0000000000
122576  -47.116  45.590  -31.234 0.0000000000
122584  -45.583  45.396  -31.514 0.0000000000
122585  -46.161  45.582  -31.583 0.0000000000
122586  -46.693  45.734  -31.556 0.0000000000
123214  -58.153  45.835  -5.639 0.0000000000
123249  -55.623  45.369  -12.408 0.0000000000
123272  -51.808  45.764  -15.457 0.0000000000
123274  -56.516  45.967  -16.062 0.0000000000
123284  -50.361  44.901  -15.876 0.0000000000
123297  -54.135  45.223  -17.113 0.0000000000
123300  -56.330  45.505  -17.557 0.0000000000
123307  -55.314  45.175  -18.361 0.0000000000
123332  -46.594  45.237  -22.175 0.0000000000
123374  -46.646  45.285  -25.201 0.0000000000
123376  -48.297  46.004  -25.184 0.0000000000
123377  -48.832  46.107  -25.906 0.0000000000
123390  -49.431  46.155  -26.623 0.0000000000
123401  -47.685  45.391  -27.525 0.0000000000
123416  -41.952  44.825  -28.329 0.0000000000
123418  -48.809  45.676  -29.146 0.0000000000
123419  -49.451  46.070  -28.461 0.0000000000
123432  -42.702  44.612  -29.559 0.0000000000
123440  -43.845  45.176  -30.597 0.0000000000
123441  -44.926  46.097  -30.870 0.0000000000
123442  -48.233  45.760  -30.497 0.0000000000
123448  -45.867  45.719  -31.632 0.0000000000
123450  -47.129  45.830  -31.475 0.0000000000
123451  -47.697  45.777  -31.060 0.0000000000
124068  -57.607  46.609  -5.278 0.0000000000
124069  -58.005  46.599  -5.481 0.0000000000
124089  -54.108  47.096  -8.143 0.0000000000
124099  -56.579  46.689  -9.445 0.0000000000
124118  -50.753  46.824  -14.700 0.0000000000
124119  -51.633  46.828  -14.743 0.0000000000
124120  -56.348  46.926  -14.925 0.0000000000
124128  -47.945  47.035  -15.936 0.0000000000
124129  -48.519  46.653  -15.465 0.0000000000
124130  -49.278  46.367  -15.146 0.0000000000
124133  -52.569  46.911  -14.927 0.0000000000
124135  -55.031  47.197  -15.907 0.0000000000
124141  -47.775  46.691  -16.651 0.0000000000
124144  -55.913  46.752  -16.476 0.0000000000
124150  -47.647  46.330  -17.396 0.0000000000
124152  -56.072  46.169  -17.037 0.0000000000
124169  -47.883  46.266  -20.671 0.0000000000
124171  -49.001  46.836  -21.757 0.0000000000
124182  -48.462  46.422  -22.361 0.0000000000
124183  -49.437  46.748  -22.706 0.0000000000
124201  -50.174  46.780  -24.213 0.0000000000
124237  -50.111  46.477  -26.833 0.0000000000
124248  -45.146  46.709  -27.861 0.0000000000
124250  -50.486  47.003  -27.339 0.0000000000
124266  -43.900  45.836  -29.328 0.0000000000
124269  -46.023  46.786  -29.252 0.0000000000
124270  -49.711  46.533  -28.586 0.0000000000
124282  -44.157  45.730  -30.366 0.0000000000
124286  -48.217  46.311  -30.409 0.0000000000
124291  -45.570  46.242  -31.214 0.0000000000
124293  -47.610  46.160  -31.122 0.0000000000
124294  -48.070  45.872  -30.805 0.0000000000
124298  -46.171  46.093  -31.601 0.0000000000
124300  -47.520  45.871  -31.279 0.0000000000
124940  -54.890  47.475  -7.601 0.0000000000
124943  -57.568  47.725  -6.917 0.0000000000
124946  -51.902  47.286  -8.899 0.0000000000
124949  -57.517  47.971  -8.464 0.0000000000
124956  -51.309  47.806  -9.194 0.0000000000
124961  -56.716  48.015  -10.828 0.0000000000
124962  -57.097  48.334  -10.266 0.0000000000
124968  -56.384  47.995  -12.781 0.0000000000
124982  -48.641  48.034  -14.847 0.0000000000
124996  -53.616  47.039  -15.250 0.0000000000
125002  -47.812  47.504  -16.511 0.0000000000
125003  -55.675  47.279  -15.966 0.0000000000
125004  -56.089  47.198  -15.975 0.0000000000
125017  -48.162  47.640  -18.078 0.0000000000
125024  -48.665  47.555  -19.656 0.0000000000
125025  -49.350  47.899  -20.308 0.0000000000
125056  -50.420  47.524  -23.131 0.0000000000
125076  -50.941  47.955  -23.612 0.0000000000
125089  -50.666  47.144  -24.776 0.0000000000
125100  -51.260  47.605  -25.282 0.0000000000
125117  -45.974  47.031  -28.079 0.0000000000
125121  -50.741  47.750  -27.627 0.0000000000
125122  -51.359  48.135  -27.182 0.0000000000
125138  -49.364  47.441  -28.673 0.0000000000
125139  -49.818  47.192  -28.497 0.0000000000
125143  -47.019  46.932  -29.506 0.0000000000
125144  -48.696  46.572  -29.751 0.0000000000
125824  -57.198  48.051  -6.771 0.0000000000
125833  -56.997  48.635  -7.170 0.0000000000
125844  -55.498  48.904  -8.126 0.0000000000
125856  -50.701  48.422  -9.402 0.0000000000
125874  -56.344  48.639  -13.621 0.0000000000
125883  -51.238  48.068  -14.218 0.0000000000
125885  -55.250  48.447  -14.823 0.0000000000
125886  -55.949  48.528  -14.741 0.0000000000
125887  -56.231  48.373  -14.450 0.0000000000
125891  -48.144  48.278  -15.450 0.0000000000
125893  -56.143  48.098  -15.111 0.0000000000
125924  -49.875  49.052  -19.648 0.0000000000
125934  -50.494  48.647  -21.050 0.0000000000
125980  -51.549  48.293  -24.081 0.0000000000
125981  -52.189  48.878  -23.975 0.0000000000
125991  -51.674  48.177  -24.830 0.0000000000
126017  -49.599  48.762  -27.233 0.0000000000
126018  -51.957  48.495  -26.716 0.0000000000
126019  -52.384  49.197  -26.962 0.0000000000
126027  -50.551  48.334  -27.744 0.0000000000
126028  -51.795  48.840  -27.333 0.0000000000
126029  -52.034  49.318  -27.272 0.0000000000
126041  -49.457  47.911  -28.203 0.0000000000
126042  -49.944  47.820  -28.226 0.0000000000
126660  -56.855  49.265  -7.702 0.0000000000
126668  -55.116  49.560  -8.646 0.0000000000
126670  -56.722  49.990  -8.293 0.0000000000
126676  -45.860  49.501  -9.441 0.0000000000
126677  -46.708  49.368  -9.533 0.0000000000
126678  -47.547  49.456  -9.566 0.0000000000
126679  -48.891  49.596  -9.589 0.0000000000
126681  -50.513  49.801  -9.536 0.0000000000
126691  -56.862  50.035  -11.784 0.0000000000
126692  -57.118  49.609  -11.251 0.0000000000
126698  -53.172  49.684  -13.581 0.0000000000
126699  -54.127  49.618  -13.596 0.0000000000
126700  -55.069  49.579  -13.633 0.0000000000
126702  -56.238  49.348  -13.340 0.0000000000
126709  -48.427  50.072  -14.728 0.0000000000
126710  -48.891  49.579  -14.278 0.0000000000
126711  -49.822  49.209  -14.013 0.0000000000
126724  -48.148  49.780  -15.475 0.0000000000
126739  -48.907  50.121  -17.878 0.0000000000
126748  -48.764  49.331  -18.031 0.0000000000
126772  -51.239  49.517  -21.067 0.0000000000
126805  -53.598  50.131  -23.973 0.0000000000
126815  -53.647  50.115  -24.869 0.0000000000
126831  -51.076  49.516  -27.220 0.0000000000
126833  -52.410  49.735  -26.905 0.0000000000
127459  -56.581  50.787  -8.753 0.0000000000
127465  -46.300  50.180  -9.448 0.0000000000
127469  -52.428  50.435  -9.424 0.0000000000
127471  -57.320  50.504  -9.256 0.0000000000
127485  -56.415  50.472  -12.317 0.0000000000
127489  -48.697  51.334  -13.892 0.0000000000
127492  -51.649  50.349  -13.452 0.0000000000
127497  -56.085  50.056  -13.022 0.0000000000
127525  -48.516  50.290  -17.068 0.0000000000
127532  -49.611  50.635  -18.322 0.0000000000
127564  -53.641  51.034  -22.104 0.0000000000
127574  -53.208  50.259  -23.078 0.0000000000
127576  -54.466  51.192  -23.424 0.0000000000
127618  -53.070  50.706  -25.795 0.0000000000
127619  -53.367  50.519  -25.623 0.0000000000
127630  -52.194  50.207  -26.745 0.0000000000
128278  -55.830  51.275  -9.053 0.0000000000
128280  -57.010  51.130  -9.030 0.0000000000
128284  -45.947  50.917  -9.277 0.0000000000
128290  -51.084  51.406  -9.437 0.0000000000
128291  -52.367  51.332  -9.429 0.0000000000
128297  -56.831  51.887  -10.307 0.0000000000
128298  -57.143  51.241  -9.750 0.0000000000
128303  -56.682  51.632  -11.216 0.0000000000
128310  -54.671  51.546  -12.412 0.0000000000
128311  -55.522  51.420  -12.266 0.0000000000
128312  -56.246  51.210  -11.994 0.0000000000
128317  -50.133  51.495  -13.202 0.0000000000
128320  -53.236  51.022  -12.914 0.0000000000
128339  -48.142  51.346  -16.097 0.0000000000
128350  -51.017  51.666  -19.143 0.0000000000
128366  -52.039  51.108  -20.486 0.0000000000
128367  -52.881  51.609  -20.830 0.0000000000
128368  -53.766  52.072  -21.169 0.0000000000
128380  -54.935  52.246  -22.011 0.0000000000
128396  -54.698  51.713  -22.694 0.0000000000
128428  -54.070  51.225  -24.623 0.0000000000
128429  -54.397  51.181  -24.037 0.0000000000
128438  -52.807  51.150  -25.418 0.0000000000
128439  -53.529  50.990  -25.328 0.0000000000
129055  -51.845  52.892  -9.138 0.0000000000
129059  -55.455  52.881  -9.204 0.0000000000
129060  -56.046  52.086  -9.231 0.0000000000
129067  -52.200  52.163  -9.349 0.0000000000
129071  -56.098  53.075  -10.531 0.0000000000
129072  -56.481  52.629  -10.025 0.0000000000
129076  -54.918  52.863  -11.578 0.0000000000
129082  -49.627  53.140  -12.808 0.0000000000
129085  -52.553  52.493  -12.359 0.0000000000
129086  -53.438  52.365  -12.210 0.0000000000
129092  -48.574  53.055  -13.720 0.0000000000
129093  -49.010  52.637  -13.210 0.0000000000
129098  -48.328  52.705  -14.420 0.0000000000
129120  -48.555  51.988  -16.701 0.0000000000
129121  -49.822  52.468  -17.871 0.0000000000
129131  -52.015  52.990  -19.170 0.0000000000
129178  -54.640  52.420  -21.379 0.0000000000
129211  -52.449  52.945  -23.612 0.0000000000
129212  -53.490  52.734  -23.707 0.0000000000
129214  -54.624  51.798  -23.326 0.0000000000
129919  -53.627  54.225  -8.060 0.0000000000
129920  -54.176  54.498  -8.228 0.0000000000
129933  -55.551  53.518  -9.483 0.0000000000
129937  -55.071  53.984  -10.530 0.0000000000
129939  -56.099  53.203  -9.867 0.0000000000
129943  -50.852  54.050  -11.828 0.0000000000
129945  -52.779  53.721  -11.539 0.0000000000
129954  -51.291  53.381  -12.213 0.0000000000
129959  -48.898  53.482  -13.137 0.0000000000
129962  -48.390  53.549  -14.358 0.0000000000
129970  -48.604  53.505  -16.131 0.0000000000
129991  -53.215  54.162  -19.114 0.0000000000
130004  -52.969  53.446  -19.424 0.0000000000
130005  -54.074  53.895  -19.511 0.0000000000
130006  -54.772  53.918  -19.825 0.0000000000
130023  -54.529  53.372  -20.174 0.0000000000
130024  -55.007  53.299  -21.107 0.0000000000
130044  -55.013  53.463  -21.823 0.0000000000
130069  -51.915  53.948  -23.222 0.0000000000
130677  -49.261  55.915  -5.321 0.0000000000
130708  -52.739  55.167  -7.042 0.0000000000
130715  -51.314  54.631  -7.345 0.0000000000
130722  -55.188  54.157  -9.174 0.0000000000
130725  -54.311  55.084  -9.622 0.0000000000
130726  -54.882  54.659  -9.341 0.0000000000
130730  -52.960  54.871  -10.542 0.0000000000
130736  -50.406  54.739  -11.462 0.0000000000
130737  -51.427  54.497  -11.288 0.0000000000
130740  -54.249  54.147  -10.763 0.0000000000
130744  -49.224  54.720  -12.513 0.0000000000
130745  -49.901  54.332  -12.049 0.0000000000
130748  -48.634  54.659  -13.667 0.0000000000
130752  -48.390  54.023  -14.890 0.0000000000
130756  -49.232  54.297  -16.450 0.0000000000
130761  -51.706  54.275  -18.206 0.0000000000
130827  -54.679  53.715  -22.468 0.0000000000
130847  -53.827  54.498  -23.257 0.0000000000
130848  -54.221  54.050  -22.953 0.0000000000
131542  -49.981  56.039  -5.194 0.0000000000
131543  -50.580  55.921  -5.289 0.0000000000
131544  -51.021  56.345  -5.416 0.0000000000
131556  -51.249  56.313  -5.394 0.0000000000
131557  -52.000  56.342  -5.870 0.0000000000
131565  -52.467  55.749  -6.366 0.0000000000
131569  -53.490  55.452  -7.559 0.0000000000
131570  -53.755  54.848  -7.758 0.0000000000
131573  -54.185  54.985  -8.136 0.0000000000
131577  -53.774  55.500  -9.079 0.0000000000
131581  -50.484  55.786  -10.391 0.0000000000
131582  -51.510  55.583  -10.229 0.0000000000
131583  -52.524  55.462  -10.093 0.0000000000
131586  -49.394  56.067  -11.611 0.0000000000
131594  -48.740  55.304  -13.637 0.0000000000
131595  -48.943  55.902  -14.007 0.0000000000
131597  -48.645  55.071  -14.241 0.0000000000
131603  -50.268  55.552  -16.478 0.0000000000
131608  -53.006  55.701  -17.698 0.0000000000
131609  -53.883  55.778  -17.892 0.0000000000
131612  -54.158  55.577  -18.383 0.0000000000
131630  -54.459  55.192  -21.362 0.0000000000
131651  -53.621  55.143  -23.442 0.0000000000
131665  -53.053  55.909  -24.427 0.0000000000
131738  -51.220  55.933  -29.968 0.0000000000
132412  -48.905  56.400  -5.576 0.0000000000
132413  -49.623  56.218  -5.336 0.0000000000
132414  -50.347  56.258  -5.330 0.0000000000
132441  -52.765  56.468  -6.962 0.0000000000
132442  -53.074  56.085  -6.856 0.0000000000
132448  -51.847  56.745  -8.095 0.0000000000
132450  -53.259  56.025  -7.629 0.0000000000
132460  -50.445  56.817  -9.251 0.0000000000
132461  -51.412  56.486  -8.941 0.0000000000
132462  -52.412  56.246  -8.708 0.0000000000
132470  -49.658  56.808  -10.384 0.0000000000
132504  -49.557  56.682  -14.028 0.0000000000
132513  -49.500  56.233  -14.798 0.0000000000
132514  -50.305  56.566  -15.388 0.0000000000
132515  -51.271  57.023  -15.879 0.0000000000
132529  -53.437  56.311  -17.342 0.0000000000
132530  -53.907  56.386  -17.568 0.0000000000
132534  -54.235  55.869  -18.320 0.0000000000
132546  -53.630  56.478  -23.658 0.0000000000
132575  -52.056  56.447  -25.689 0.0000000000
132604  -52.159  56.866  -27.727 0.0000000000
132629  -51.266  56.509  -30.441 0.0000000000
133240  -49.402  56.872  -5.749 0.0000000000
133241  -50.008  56.716  -5.526 0.0000000000
133251  -49.826  57.219  -5.823 0.0000000000
133252  -51.250  56.464  -5.542 0.0000000000
133253  -51.771  56.458  -5.841 0.0000000000
133259  -50.497  57.193  -5.968 0.0000000000
133260  -51.282  56.963  -6.049 0.0000000000
133274  -52.146  56.767  -7.201 0.0000000000
133291  -50.022  57.794  -8.951 0.0000000000
133297  -49.596  57.374  -10.501 0.0000000000
133308  -45.963  57.680  -12.105 0.0000000000
133309  -49.601  57.656  -11.926 0.0000000000
133318  -50.258  57.763  -13.420 0.0000000000
133319  -50.943  58.143  -13.849 0.0000000000
133335  -51.876  57.610  -15.394 0.0000000000
133336  -52.879  57.843  -15.623 0.0000000000
133345  -45.170  57.638  -16.502 0.0000000000
133346  -53.265  57.458  -16.321 0.0000000000
133347  -53.681  57.683  -16.606 0.0000000000
133356  -45.034  57.686  -17.389 0.0000000000
133367  -54.190  56.305  -18.787 0.0000000000
133368  -53.822  56.970  -19.539 0.0000000000
133371  -53.423  57.559  -21.889 0.0000000000
133394  -52.711  58.107  -24.942 0.0000000000
133401  -53.023  57.219  -25.649 0.0000000000
133407  -42.307  57.911  -27.647 0.0000000000
133412  -52.389  57.160  -27.168 0.0000000000
133419  -41.962  57.369  -28.202 0.0000000000
133435  -51.396  57.310  -30.058 0.0000000000
133450  -49.248  57.381  -31.320 0.0000000000
133451  -49.908  58.218  -31.792 0.0000000000
133468  -50.216  57.521  -31.967 0.0000000000
133480  -50.123  56.791  -32.139 0.0000000000
133999  -43.918  58.485  -4.758 0.0000000000
134002  -46.781  58.913  -4.450 0.0000000000
134004  -47.989  59.015  -5.318 0.0000000000
134013  -49.429  58.032  -6.285 0.0000000000
134053  -46.175  58.374  -9.968 0.0000000000
134055  -50.022  58.773  -9.376 0.0000000000
134060  -45.784  57.798  -10.360 0.0000000000
134062  -49.643  57.955  -10.663 0.0000000000
134070  -50.230  58.879  -11.289 0.0000000000
134076  -50.209  58.496  -12.114 0.0000000000
134090  -51.892  58.548  -14.245 0.0000000000
134091  -52.842  58.825  -14.541 0.0000000000
134092  -53.305  59.054  -14.851 0.0000000000
134094  -45.973  57.990  -15.592 0.0000000000
134098  -53.386  58.649  -15.540 0.0000000000
134102  -46.419  58.258  -16.362 0.0000000000
134104  -53.580  58.366  -16.233 0.0000000000
134105  -38.462  58.356  -17.180 0.0000000000
134109  -47.481  58.640  -17.660 0.0000000000
134111  -38.804  58.639  -18.029 0.0000000000
134116  -42.937  58.065  -18.849 0.0000000000
134119  -46.290  58.143  -18.622 0.0000000000
134122  -40.959  58.746  -19.311 0.0000000000
134125  -45.187  58.573  -19.655 0.0000000000
134127  -46.953  58.410  -19.146 0.0000000000
134129  -45.766  58.973  -20.136 0.0000000000
134135  -53.116  58.333  -21.307 0.0000000000
134144  -52.968  58.390  -23.240 0.0000000000
134158  -42.952  58.891  -26.837 0.0000000000
134159  -51.601  58.828  -26.849 0.0000000000
134163  -42.600  58.473  -27.187 0.0000000000
134165  -44.659  58.926  -27.106 0.0000000000
134168  -52.104  57.832  -27.001 0.0000000000
134170  -41.652  58.656  -28.197 0.0000000000
134172  -47.342  58.755  -28.578 0.0000000000
134187  -49.149  58.947  -30.525 0.0000000000
134190  -51.075  58.052  -30.708 0.0000000000
134199  -50.026  58.989  -31.666 0.0000000000
134680  -44.067  59.147  -4.648 0.0000000000
134683  -46.932  59.960  -4.434 0.0000000000
134684  -47.621  59.618  -4.867 0.0000000000
134686  -48.674  59.891  -5.594 0.0000000000
134700  -49.890  59.887  -6.887 0.0000000000
134713  -44.873  59.018  -7.900 0.0000000000
134720  -46.750  59.075  -10.106 0.0000000000
134721  -47.322  59.836  -9.848 0.0000000000
134722  -50.481  59.600  -9.829 0.0000000000
134733  -50.822  59.405  -11.802 0.0000000000
134737  -47.135  58.737  -12.256 0.0000000000
134738  -47.658  59.346  -12.695 0.0000000000
134739  -51.822  59.973  -12.224 0.0000000000
134740  -52.604  60.267  -12.779 0.0000000000
134749  -52.814  59.889  -13.479 0.0000000000
134750  -53.030  60.091  -13.822 0.0000000000
134758  -37.441  59.350  -15.460 0.0000000000
134759  -47.043  58.743  -15.023 0.0000000000
134762  -53.344  59.387  -15.371 0.0000000000
134765  -47.792  59.269  -16.240 0.0000000000
134766  -48.535  59.712  -16.528 0.0000000000
134767  -37.481  59.712  -17.098 0.0000000000
134769  -48.002  59.116  -17.026 0.0000000000
134774  -38.591  59.550  -18.376 0.0000000000
134779  -52.627  59.822  -18.207 0.0000000000
134781  -40.060  59.151  -19.203 0.0000000000
134783  -41.449  59.852  -20.079 0.0000000000
134784  -42.143  59.846  -20.217 0.0000000000
134788  -47.658  58.734  -19.592 0.0000000000
134789  -48.465  59.067  -19.185 0.0000000000
134792  -43.552  59.587  -20.327 0.0000000000
134793  -44.468  59.652  -20.501 0.0000000000
134797  -49.324  59.798  -20.840 0.0000000000
134800  -47.706  59.470  -21.151 0.0000000000
134802  -52.461  60.006  -21.147 0.0000000000
134806  -51.928  59.747  -23.772 0.0000000000
134816  -51.219  59.537  -26.253 0.0000000000
134819  -43.686  59.025  -26.860 0.0000000000
134822  -45.833  59.927  -27.553 0.0000000000
134825  -41.690  59.362  -27.685 0.0000000000
134826  -46.383  59.474  -27.762 0.0000000000
134829  -51.131  59.088  -28.473 0.0000000000
134834  -50.713  59.843  -29.321 0.0000000000
134844  -49.623  59.756  -30.933 0.0000000000
134845  -50.503  59.462  -30.891 0.0000000000
134846  -50.956  58.805  -30.364 0.0000000000
134854  -50.009  59.607  -31.385 0.0000000000
135303  -45.018  60.112  -4.651 0.0000000000
135305  -47.666  60.820  -5.160 0.0000000000
135306  -48.106  60.226  -5.219 0.0000000000
135313  -47.958  61.334  -5.648 0.0000000000
135315  -48.733  60.512  -5.542 0.0000000000
135325  -46.733  61.033  -7.507 0.0000000000
135333  -46.119  60.453  -7.602 0.0000000000
135345  -48.549  61.177  -10.031 0.0000000000
135346  -51.070  60.465  -9.357 0.0000000000
135353  -47.990  60.442  -10.176 0.0000000000
135355  -51.782  60.972  -9.982 0.0000000000
135363  -52.125  60.655  -11.544 0.0000000000
135364  -52.526  61.131  -11.792 0.0000000000
135368  -48.259  59.899  -13.181 0.0000000000
135384  -48.235  59.834  -14.998 0.0000000000
135386  -52.892  60.747  -14.910 0.0000000000
135389  -48.938  60.286  -16.029 0.0000000000
135391  -53.125  60.116  -15.367 0.0000000000
135393  -36.616  60.916  -16.783 0.0000000000
135394  -36.929  60.202  -16.431 0.0000000000
135395  -49.319  60.238  -16.836 0.0000000000
135398  -53.099  59.817  -16.183 0.0000000000
135399  -36.937  60.965  -17.557 0.0000000000
135400  -37.494  60.398  -17.732 0.0000000000
135401  -49.872  60.475  -17.448 0.0000000000
135405  -39.264  59.778  -19.069 0.0000000000
135407  -50.663  60.693  -18.680 0.0000000000
135411  -39.065  60.622  -19.351 0.0000000000
135415  -52.371  60.889  -19.635 0.0000000000
135419  -42.427  60.564  -20.508 0.0000000000
135423  -50.248  60.388  -20.883 0.0000000000
135426  -52.219  60.805  -20.533 0.0000000000
135428  -45.497  60.761  -21.311 0.0000000000
135432  -50.677  60.574  -21.643 0.0000000000
135436  -46.832  60.717  -22.053 0.0000000000
135438  -48.482  60.466  -22.983 0.0000000000
135445  -48.790  60.590  -23.662 0.0000000000
135449  -49.070  60.807  -24.441 0.0000000000
135451  -50.670  60.390  -24.674 0.0000000000
135455  -50.578  60.341  -25.419 0.0000000000
135464  -42.718  60.195  -26.870 0.0000000000
135469  -40.932  60.938  -28.204 0.0000000000
135470  -45.972  60.833  -27.706 0.0000000000
135473  -50.320  60.648  -28.243 0.0000000000
135478  -48.220  60.536  -29.344 0.0000000000
135480  -50.472  60.858  -29.857 0.0000000000
135485  -49.481  61.270  -30.622 0.0000000000
135495  -50.089  60.133  -31.069 0.0000000000
135954  -48.725  61.241  -5.710 0.0000000000
135957  -46.509  61.406  -5.997 0.0000000000
135960  -49.148  61.553  -6.365 0.0000000000
135961  -49.807  61.491  -6.656 0.0000000000
135965  -45.954  61.155  -6.440 0.0000000000
135966  -46.650  61.396  -6.743 0.0000000000
135967  -47.398  61.496  -7.250 0.0000000000
135970  -51.115  61.795  -7.774 0.0000000000
135973  -47.989  61.585  -7.852 0.0000000000
135974  -48.811  61.869  -8.139 0.0000000000
135993  -50.219  62.552  -10.091 0.0000000000
135994  -52.124  61.693  -9.991 0.0000000000
135995  -52.306  61.867  -10.647 0.0000000000
135999  -49.277  61.431  -11.386 0.0000000000
136006  -49.861  61.878  -11.993 0.0000000000
136007  -52.578  61.498  -12.283 0.0000000000
136014  -49.317  61.117  -13.243 0.0000000000
136015  -50.019  61.689  -13.703 0.0000000000
136019  -37.315  61.360  -14.345 0.0000000000
136025  -50.545  61.838  -14.496 0.0000000000
136026  -52.517  61.463  -14.460 0.0000000000
136030  -49.800  61.123  -15.476 0.0000000000
136034  -36.196  61.548  -16.430 0.0000000000
136036  -50.600  61.433  -16.345 0.0000000000
136037  -51.827  61.710  -16.865 0.0000000000
136041  -50.736  61.333  -17.077 0.0000000000
136043  -52.214  61.414  -17.300 0.0000000000
136049  -51.822  61.607  -18.383 0.0000000000
136053  -37.805  61.484  -19.211 0.0000000000
136055  -39.465  61.113  -19.876 0.0000000000
136057  -51.204  60.954  -19.243 0.0000000000
136059  -52.140  61.404  -19.040 0.0000000000
136062  -38.993  61.629  -20.228 0.0000000000
136065  -41.936  61.269  -20.703 0.0000000000
136068  -44.748  61.313  -21.223 0.0000000000
136069  -51.598  61.084  -19.970 0.0000000000
136070  -52.056  61.249  -19.848 0.0000000000
136072  -43.697  62.359  -21.292 0.0000000000
136075  -46.085  61.552  -21.748 0.0000000000
136080  -47.533  61.819  -23.814 0.0000000000
136081  -48.176  61.129  -24.216 0.0000000000
136083  -47.890  61.911  -24.478 0.0000000000
136085  -49.297  61.090  -25.238 0.0000000000
136088  -49.050  61.639  -26.028 0.0000000000
136089  -49.841  60.878  -25.946 0.0000000000
136095  -42.023  61.455  -27.308 0.0000000000
136096  -42.906  61.206  -27.104 0.0000000000
136097  -43.980  61.219  -27.268 0.0000000000
136105  -41.065  61.709  -27.910 0.0000000000
136109  -47.710  61.228  -29.118 0.0000000000
136119  -49.583  61.809  -30.551 0.0000000000
136120  -49.940  61.747  -30.559 0.0000000000
136604  -48.934  61.813  -6.833 0.0000000000
136606  -50.226  61.913  -7.145 0.0000000000
136609  -49.231  62.028  -7.446 0.0000000000
136611  -50.748  62.147  -7.582 0.0000000000
136612  -51.163  62.373  -8.155 0.0000000000
136617  -50.860  62.704  -8.580 0.0000000000
136618  -51.427  62.484  -8.908 0.0000000000
136627  -49.510  62.306  -8.726 0.0000000000
136628  -50.242  62.631  -9.090 0.0000000000
136630  -51.624  62.525  -9.764 0.0000000000
136633  -51.156  62.754  -10.303 0.0000000000
136634  -51.789  62.526  -10.609 0.0000000000
136635  -52.189  62.224  -10.854 0.0000000000
136644  -51.305  62.534  -12.078 0.0000000000
136645  -51.950  62.390  -12.538 0.0000000000
136654  -52.414  61.960  -13.019 0.0000000000
136665  -51.579  62.103  -14.538 0.0000000000
136670  -50.974  61.937  -15.008 0.0000000000
136672  -51.990  61.934  -14.976 0.0000000000
136675  -35.868  62.182  -16.137 0.0000000000
136676  -51.014  61.752  -15.835 0.0000000000
136677  -51.694  61.761  -15.963 0.0000000000
136685  -35.830  62.225  -18.576 0.0000000000
136689  -37.211  61.983  -19.729 0.0000000000
136692  -37.646  62.310  -20.465 0.0000000000
136694  -39.426  62.036  -20.748 0.0000000000
136697  -42.294  61.975  -21.116 0.0000000000
136701  -37.182  62.827  -20.985 0.0000000000
136704  -39.878  62.460  -21.281 0.0000000000
136706  -41.784  62.604  -21.428 0.0000000000
136709  -45.146  62.823  -21.403 0.0000000000
136713  -46.584  62.933  -22.345 0.0000000000
136715  -47.218  62.917  -23.256 0.0000000000
136728  -44.385  61.847  -27.632 0.0000000000
136731  -39.546  62.452  -29.495 0.0000000000
136733  -41.348  62.528  -28.112 0.0000000000
136734  -42.267  62.680  -27.920 0.0000000000
136736  -44.181  62.511  -27.963 0.0000000000
136740  -49.665  62.891  -28.554 0.0000000000
136744  -49.719  62.855  -30.010 0.0000000000
136745  -49.962  62.358  -29.498 0.0000000000
136750  -49.642  62.376  -30.337 0.0000000000
137303  -35.235  63.601  -19.634 0.0000000000
137307  -36.396  63.167  -20.772 0.0000000000
137310  -37.535  63.202  -21.745 0.0000000000
137312  -39.339  62.869  -21.853 0.0000000000
137314  -41.181  63.052  -21.896 0.0000000000
137322  -36.791  63.778  -21.963 0.0000000000
137324  -38.801  63.281  -22.429 0.0000000000
137326  -40.560  63.377  -22.524 0.0000000000
137328  -42.242  63.712  -22.668 0.0000000000
137329  -43.610  63.803  -22.245 0.0000000000
137331  -46.639  64.206  -22.307 0.0000000000
137335  -39.073  63.677  -23.130 0.0000000000
137337  -40.834  63.790  -23.228 0.0000000000
137338  -41.646  63.924  -23.240 0.0000000000
137348  -49.290  63.408  -27.130 0.0000000000
137355  -49.603  63.857  -28.598 0.0000000000
137357  -39.487  63.177  -29.628 0.0000000000
137358  -40.125  62.980  -29.131 0.0000000000
137361  -43.482  63.761  -29.108 0.0000000000
137363  -45.537  63.597  -29.254 0.0000000000
137365  -47.372  63.602  -29.877 0.0000000000
137368  -38.326  63.410  -30.571 0.0000000000
137372  -49.239  63.334  -30.207 0.0000000000
137916  -35.590  64.396  -21.120 0.0000000000
137917  -36.207  64.475  -21.866 0.0000000000
137918  -45.331  64.195  -21.943 0.0000000000
137919  -46.053  64.298  -21.978 0.0000000000
137924  -42.996  64.083  -22.884 0.0000000000
137926  -44.990  64.725  -22.439 0.0000000000
137928  -46.552  65.023  -22.439 0.0000000000
137931  -37.968  65.232  -23.825 0.0000000000
137933  -40.269  64.174  -23.882 0.0000000000
137935  -41.893  64.334  -23.836 0.0000000000
137937  -43.347  64.490  -23.436 0.0000000000
137946  -48.567  65.159  -24.744 0.0000000000
137949  -48.947  65.414  -26.183 0.0000000000
137955  -49.382  64.581  -29.070 0.0000000000
137959  -42.113  64.374  -29.680 0.0000000000
137961  -44.013  64.364  -29.665 0.0000000000
137963  -45.751  64.367  -29.866 0.0000000000
137977  -48.018  64.780  -30.344 0.0000000000
137978  -48.693  64.169  -30.211 0.0000000000
138547  -35.558  66.192  -21.706 0.0000000000
138551  -46.326  65.512  -22.793 0.0000000000
138555  -37.374  66.031  -23.593 0.0000000000
138558  -45.568  65.463  -23.319 0.0000000000
138559  -47.085  66.050  -23.171 0.0000000000
138561  -48.189  65.696  -23.595 0.0000000000
138565  -40.210  65.308  -24.869 0.0000000000
138567  -41.819  65.105  -25.219 0.0000000000
138571  -46.850  66.223  -23.902 0.0000000000
138572  -48.497  65.774  -24.232 0.0000000000
138574  -40.590  65.846  -25.342 0.0000000000
138575  -41.354  65.784  -25.611 0.0000000000
138580  -46.381  65.992  -25.735 0.0000000000
138585  -45.652  65.842  -26.408 0.0000000000
138587  -48.833  66.024  -25.851 0.0000000000
138588  -48.980  65.896  -26.645 0.0000000000
138595  -49.050  65.109  -29.438 0.0000000000
138606  -44.074  65.580  -30.812 0.0000000000
138608  -46.610  65.908  -30.765 0.0000000000
138610  -48.189  65.887  -29.911 0.0000000000
138619  -44.580  66.244  -31.258 0.0000000000
138620  -45.525  66.296  -31.135 0.0000000000
138621  -46.207  66.569  -30.998 0.0000000000
139199  -37.041  66.674  -23.309 0.0000000000
139202  -48.224  66.176  -23.838 0.0000000000
139205  -40.292  66.591  -25.260 0.0000000000
139206  -47.438  66.432  -24.694 0.0000000000
139212  -48.141  66.522  -25.414 0.0000000000
139213  -48.540  66.232  -25.204 0.0000000000
139216  -44.947  66.064  -27.057 0.0000000000
139218  -47.046  66.302  -26.912 0.0000000000
139220  -48.754  66.171  -27.103 0.0000000000
139222  -44.292  66.784  -27.512 0.0000000000
139226  -48.315  66.446  -27.222 0.0000000000
139228  -47.090  66.726  -28.504 0.0000000000
139229  -47.652  66.757  -29.075 0.0000000000
139230  -48.224  66.470  -28.795 0.0000000000
139247  -47.636  66.351  -30.161 0.0000000000
139256  -45.066  67.007  -31.418 0.0000000000
139829  -37.148  67.559  -23.189 0.0000000000
139830  -38.050  67.752  -23.679 0.0000000000
139850  -44.834  67.866  -28.639 0.0000000000
139862  -46.879  67.243  -29.865 0.0000000000
139863  -47.334  66.945  -29.626 0.0000000000
139868  -45.815  67.776  -30.894 0.0000000000
139869  -46.529  67.230  -30.496 0.0000000000
139870  -47.218  66.922  -30.133 0.0000000000
139879  -44.712  67.816  -31.611 0.0000000000
140494  -43.829  68.362  -27.703 0.0000000000
140507  -44.617  68.738  -28.997 0.0000000000
140508  -45.229  68.158  -29.576 0.0000000000
140527  -44.628  69.092  -30.766 0.0000000000
141175  -44.147  69.192  -27.745 0.0000000000
141207  -44.260  69.651  -30.096 0.0000000000
154108  -46.212  47.346  -27.140 0.0000000000
154184  -57.756  47.104  -6.215 0.0000000000
154226  -53.415  59.007  -16.718 0.0000000000
154455  -44.255  44.465  -30.847 0.0000000000
154467  -49.344  56.910  -11.780 0.0000000000
154740  -57.431  49.762  -8.795 0.0000000000
154879  -49.972  50.497  -9.550 0.0000000000
155465  -54.246  49.142  -8.876 0.0000000000
155880  -49.926  49.630  -19.270 0.0000000000
156128  -51.229  61.452  -17.684 0.0000000000
156334  -51.255  60.182  -24.154 0.0000000000
156536  -42.529  45.052  -29.006 0.0000000000
156593  -50.320  51.151  -18.733 0.0000000000
157381  -49.615  55.121  -16.318 0.0000000000
157460  -53.824  57.262  -18.501 0.0000000000
157544  -47.542  45.884  -18.092 0.0000000000
157589  -52.567  42.254  -20.670 0.0000000000
157699  -47.213  43.129  -19.047 0.0000000000
157718  -54.488  47.280  -15.538 0.0000000000
157759  -49.106  51.781  -17.419 0.0000000000
158069  -50.149  61.160  -16.033 0.0000000000
158219  -55.459  52.076  -9.243 0.0000000000
158531  -43.761  64.929  -24.743 0.0000000000
158669  -51.124  48.609  -22.399 0.0000000000
158750  -53.514  57.473  -20.175 0.0000000000
158807  -46.066  46.458  -31.073 0.0000000000
158858  -48.615  58.065  -6.120 0.0000000000
158916  -51.623  49.082  -22.465 0.0000000000
159074  -45.181  43.023  -29.057 0.0000000000
159542  -44.330  68.486  -31.599 0.0000000000
159660  -52.113  55.535  -17.515 0.0000000000
159678  -36.169  61.763  -18.101 0.0000000000
159767  -51.372  60.373  -23.221 0.0000000000
159958  -47.369  46.583  -30.419 0.0000000000
160307  -54.195  56.137  -19.788 0.0000000000
160321  -50.251  61.369  -29.025 0.0000000000
160376  -44.331  69.694  -28.203 0.0000000000
160563  -34.977  64.186  -18.285 0.0000000000
160919  -35.197  65.017  -20.851 0.0000000000
161076  -50.778  55.848  -5.375 0.0000000000
161559  -52.598  59.904  -19.168 0.0000000000
161884  -54.755  52.535  -22.998 0.0000000000
162527  -49.841  48.103  -20.835 0.0000000000
163198  -51.722  51.570  -9.417 0.0000000000
163821  -48.301  52.857  -15.858 0.0000000000
163930  -51.991  62.432  -11.520 0.0000000000
164094  -53.667  56.881  -22.283 0.0000000000
164153  -51.307  62.434  -12.911 0.0000000000
164215  -54.051  55.308  -18.430 0.0000000000
165250  -47.476  44.990  -17.930 0.0000000000
165289  -51.079  60.585  -22.381 0.0000000000
165313  -45.608  57.725  -15.096 0.0000000000
165831  -45.699  44.377  -26.724 0.0000000000
165967  -54.423  54.374  -22.563 0.0000000000
166074  -50.266  47.694  -22.317 0.0000000000
166325  -47.047  59.365  -4.457 0.0000000000
166335  -48.669  60.258  -15.404 0.0000000000
166344  -47.286  65.300  -30.490 0.0000000000
166423  -48.648  60.923  -10.828 0.0000000000
166434  -38.516  64.342  -23.537 0.0000000000
166547  -50.473  60.187  -30.419 0.0000000000
166595  -52.018  46.359  -15.101 0.0000000000
166607  -51.734  56.631  -28.127 0.0000000000
166721  -56.211  44.571  -10.591 0.0000000000
167773  -40.748  63.562  -29.303 0.0000000000
167778  -46.184  59.375  -20.561 0.0000000000
168072  -49.441  64.193  -27.578 0.0000000000
168296  -48.084  46.761  -19.246 0.0000000000
168359  -49.816  60.993  -6.412 0.0000000000
168634  -46.883  66.685  -30.656 0.0000000000
169867  -52.427  59.384  -23.112 0.0000000000
169942  -51.745  48.720  -13.937 0.0000000000
169992  -44.042  63.426  -21.705 0.0000000000
170055  -51.682  59.455  -24.973 0.0000000000
170254  -49.546  60.574  -30.719 0.0000000000
170360  -45.835  65.622  -30.764 0.0000000000
170738  -46.212  43.240  -25.268 0.0000000000
170826  -38.094  63.357  -22.291 0.0000000000
171025  -50.412  59.900  -8.049 0.0000000000
171161  -53.697  57.938  -17.820 0.0000000000
171284  -52.364  49.785  -13.588 0.0000000000
174674  -46.578  58.178  -5.020 0.0000000000
174813  -52.557  57.885  -25.770 0.0000000000
175694  -48.234  63.126  -30.080 0.0000000000
176246  -50.966  59.904  -25.666 0.0000000000
176356  -48.246  46.272  -23.711 0.0000000000
177113  -52.055  58.763  -25.444 0.0000000000
177428  -45.557  59.167  -8.360 0.0000000000
177525  -52.723  56.129  -6.355 0.0000000000
177617  -43.497  57.672  -27.316 0.0000000000
177685  -50.715  62.507  -8.013 0.0000000000
177920  -43.898  65.615  -26.243 0.0000000000
178204  -47.510  64.668  -22.980 0.0000000000
178338  -43.637  63.000  -21.422 0.0000000000
178593  -42.750  59.300  -20.014 0.0000000000
178984  -41.846  58.056  -28.038 0.0000000000
179618  -48.430  64.382  -24.848 0.0000000000
179630  -43.308  44.814  -30.178 0.0000000000
179721  -51.909  57.221  -28.279 0.0000000000
180115  -54.309  53.783  -8.509 0.0000000000
180281  -44.640  59.500  -4.407 0.0000000000
180613  -35.597  62.614  -16.609 0.0000000000
180821  -57.289  46.943  -5.499 0.0000000000
180908  -45.804  44.396  -24.440 0.0000000000
180952  -46.910  66.265  -25.254 0.0000000000
180961  -58.185  46.070  -4.992 0.0000000000
181118  -50.681  60.596  -19.268 0.0000000000
181396  -49.419  60.981  -14.931 0.0000000000
181700  -53.284  57.736  -23.617 0.0000000000
181884  -45.973  42.911  -27.784 0.0000000000
181946  -54.980  53.821  -21.145 0.0000000000
182090  -54.862  53.514  -20.435 0.0000000000
182224  -47.110  58.771  -11.678 0.0000000000
182417  -52.605  61.511  -13.650 0.0000000000
182532  -51.532  56.994  -6.703 0.0000000000
182746  -46.964  61.128  -22.506 0.0000000000
182773  -48.271  59.035  -19.973 0.0000000000
183297  -35.850  65.716  -22.080 0.0000000000
183598  -50.989  53.822  -18.109 0.0000000000
183816  -48.465  60.047  -5.423 0.0000000000
184189  -48.593  59.254  -5.725 0.0000000000
184215  -45.792  43.688  -24.859 0.0000000000
184528  -51.414  58.676  -28.034 0.0000000000
184658  -48.036  45.387  -28.420 0.0000000000
184828  -34.839  64.868  -19.643 0.0000000000
184835  -54.230  50.912  -24.507 0.0000000000
185106  -57.566  49.198  -9.218 0.0000000000
185115  -42.785  63.261  -21.756 0.0000000000
