#!ascii label  , from subject sub-1012 vox2ras=TkReg
1214
53780  -22.648  -19.037  46.230 0.0000000000
77301  -49.714  2.834  39.676 0.0000000000
82204  -53.674  6.555  29.471 0.0000000000
78630  -63.718  3.822  21.217 0.0000000000
162644  -49.972  -3.812  40.948 0.0000000000
81015  -58.903  5.645  25.153 0.0000000000
176960  -60.267  -0.159  12.863 0.0000000000
76435  -62.503  1.670  10.806 0.0000000000
75161  -52.519  0.644  33.575 0.0000000000
76257  -56.166  1.922  31.427 0.0000000000
83254  -50.713  7.422  35.497 0.0000000000
164047  -25.712  -20.553  54.934 0.0000000000
52701  -30.740  -19.779  52.963 0.0000000000
52737  -35.907  -20.018  50.172 0.0000000000
158115  -42.964  -20.097  46.725 0.0000000000
56945  -49.589  -16.266  42.758 0.0000000000
63773  -52.494  -10.433  39.984 0.0000000000
70303  -54.455  -4.253  36.754 0.0000000000
74212  -59.541  -0.399  26.616 0.0000000000
78722  -63.658  3.165  10.815 0.0000000000
77323  -52.920  2.724  37.709 0.0000000000
79610  -53.020  4.514  36.369 0.0000000000
82066  -49.588  6.003  37.829 0.0000000000
54739  -27.593  -18.412  57.630 0.0000000000
155836  -28.906  -21.276  54.230 0.0000000000
61346  -48.723  -12.506  43.716 0.0000000000
60213  -51.208  -13.546  41.120 0.0000000000
63743  -50.376  -9.948  42.432 0.0000000000
74106  -50.137  -0.594  40.163 0.0000000000
71211  -52.672  -3.948  39.781 0.0000000000
74116  -52.817  -0.364  38.757 0.0000000000
73168  -53.876  -0.998  35.050 0.0000000000
80923  -56.621  5.849  31.873 0.0000000000
75210  -57.578  0.901  28.831 0.0000000000
79677  -59.007  4.835  29.200 0.0000000000
81033  -61.503  4.856  23.160 0.0000000000
76305  -62.540  1.843  24.758 0.0000000000
74244  -63.902  -0.259  22.772 0.0000000000
73293  -64.244  -1.589  20.666 0.0000000000
73359  -61.963  -1.681  14.597 0.0000000000
74328  -62.004  -0.512  15.840 0.0000000000
68340  -48.831  -6.725  42.140 0.0000000000
77470  -59.307  2.965  22.285 0.0000000000
75351  -61.469  0.049  11.774 0.0000000000
73379  -62.675  -1.407  13.028 0.0000000000
75368  -65.434  0.688  11.535 0.0000000000
72204  -54.528  -2.386  29.462 0.0000000000
77366  -53.594  2.496  32.707 0.0000000000
82104  -54.105  6.157  34.373 0.0000000000
53729  -24.388  -19.742  51.351 0.0000000000
55871  -30.969  -17.275  48.115 0.0000000000
183356  -33.066  -16.940  50.733 0.0000000000
53771  -33.396  -18.920  46.893 0.0000000000
53785  -36.541  -19.670  45.927 0.0000000000
53817  -40.372  -19.410  44.479 0.0000000000
168064  -43.329  -19.380  43.565 0.0000000000
53805  -46.500  -18.833  44.614 0.0000000000
55978  -50.815  -16.666  40.088 0.0000000000
68342  -51.883  -7.025  41.083 0.0000000000
67257  -53.811  -7.139  38.569 0.0000000000
67278  -54.631  -7.164  34.851 0.0000000000
70320  -53.407  -4.576  33.147 0.0000000000
71254  -52.531  -3.123  30.580 0.0000000000
78558  -60.405  3.688  26.669 0.0000000000
77539  -62.522  1.994  16.756 0.0000000000
76355  -65.321  1.524  19.108 0.0000000000
54817  -23.144  -18.587  49.699 0.0000000000
78450  -51.195  3.303  39.061 0.0000000000
79595  -51.398  4.564  38.113 0.0000000000
80826  -49.828  4.603  38.772 0.0000000000
64900  -48.072  -10.222  44.152 0.0000000000
63729  -49.320  -10.789  43.395 0.0000000000
66055  -48.651  -8.885  43.623 0.0000000000
75116  -49.785  1.121  39.893 0.0000000000
74108  -51.413  -0.370  39.824 0.0000000000
76191  -51.530  1.668  39.409 0.0000000000
76204  -52.967  1.155  38.255 0.0000000000
80934  -57.636  5.313  30.870 0.0000000000
82207  -56.337  6.437  29.790 0.0000000000
79772  -62.648  4.627  21.967 0.0000000000
77457  -63.419  2.753  23.422 0.0000000000
77472  -64.164  2.349  22.251 0.0000000000
74252  -64.145  -0.574  21.867 0.0000000000
76339  -64.775  1.418  21.262 0.0000000000
72360  -62.522  -2.238  14.474 0.0000000000
72343  -62.490  -2.212  15.200 0.0000000000
71376  -63.753  -3.242  16.183 0.0000000000
76446  -59.837  2.328  10.770 0.0000000000
75364  -61.746  0.582  11.369 0.0000000000
74364  -62.540  -0.771  12.427 0.0000000000
75352  -62.238  -0.078  11.759 0.0000000000
73380  -63.559  -1.127  12.496 0.0000000000
75353  -63.338  -0.181  11.806 0.0000000000
76437  -64.366  1.509  11.251 0.0000000000
74158  -52.636  -0.280  31.328 0.0000000000
74160  -54.116  -0.423  30.708 0.0000000000
76236  -52.847  2.037  33.179 0.0000000000
82089  -52.141  6.286  36.302 0.0000000000
80881  -53.344  5.356  35.584 0.0000000000
84379  -52.709  7.294  34.852 0.0000000000
83286  -53.284  7.259  33.730 0.0000000000
83284  -51.656  7.476  33.462 0.0000000000
167256  -25.608  -21.241  51.118 0.0000000000
51650  -26.655  -21.447  53.154 0.0000000000
51654  -29.856  -20.928  53.433 0.0000000000
54799  -35.922  -18.468  51.495 0.0000000000
54810  -34.206  -18.313  50.475 0.0000000000
54832  -33.074  -17.993  48.589 0.0000000000
53762  -34.344  -19.388  48.374 0.0000000000
53783  -35.130  -19.561  46.139 0.0000000000
52768  -35.973  -20.086  47.486 0.0000000000
53802  -41.631  -20.081  45.576 0.0000000000
53834  -42.169  -19.382  43.951 0.0000000000
52804  -43.135  -20.027  45.322 0.0000000000
58039  -48.167  -15.500  43.888 0.0000000000
167175  -47.034  -16.682  44.834 0.0000000000
55908  -48.041  -17.578  44.001 0.0000000000
53839  -47.829  -19.049  43.293 0.0000000000
54888  -49.110  -18.032  42.741 0.0000000000
54940  -49.323  -17.949  40.817 0.0000000000
56958  -50.599  -16.636  41.438 0.0000000000
61389  -51.925  -11.882  40.530 0.0000000000
60218  -52.419  -13.462  39.550 0.0000000000
61407  -53.033  -12.127  39.130 0.0000000000
62579  -53.780  -11.059  37.902 0.0000000000
68329  -50.416  -6.421  42.172 0.0000000000
166952  -50.566  -4.914  41.463 0.0000000000
70299  -53.854  -4.104  38.288 0.0000000000
69339  -53.559  -5.822  39.010 0.0000000000
69349  -54.427  -5.805  37.524 0.0000000000
66138  -54.745  -7.411  36.373 0.0000000000
69360  -54.699  -5.112  35.894 0.0000000000
166270  -54.242  -4.056  34.843 0.0000000000
170919  -53.326  -0.262  34.832 0.0000000000
72175  -52.644  -2.156  32.892 0.0000000000
175750  -52.399  -1.357  32.194 0.0000000000
72202  -53.215  -2.351  29.581 0.0000000000
177682  -25.245  -19.719  57.446 0.0000000000
53703  -24.572  -19.732  55.492 0.0000000000
53716  -24.232  -19.526  53.568 0.0000000000
75183  -55.968  0.180  31.537 0.0000000000
74172  -56.923  -0.726  30.927 0.0000000000
75217  -58.036  0.570  27.862 0.0000000000
80992  -58.062  5.853  26.735 0.0000000000
82237  -59.372  6.072  27.518 0.0000000000
79712  -60.492  5.231  26.364 0.0000000000
74232  -63.289  -0.306  24.358 0.0000000000
75231  -62.357  0.463  25.334 0.0000000000
74311  -63.393  -0.458  16.928 0.0000000000
177423  -62.118  1.450  16.320 0.0000000000
164046  -63.783  0.943  17.134 0.0000000000
77520  -63.789  2.439  17.659 0.0000000000
176199  -65.809  -0.088  18.173 0.0000000000
73295  -65.676  -1.394  19.651 0.0000000000
179145  -61.809  3.448  10.550 0.0000000000
77572  -63.099  2.400  10.727 0.0000000000
81125  -62.657  5.199  11.273 0.0000000000
180069  -63.161  6.467  12.742 0.0000000000
167097  -53.218  1.213  35.659 0.0000000000
77344  -53.159  2.776  35.405 0.0000000000
175093  -52.982  3.840  36.764 0.0000000000
80841  -51.193  5.420  37.530 0.0000000000
83224  -49.984  6.936  36.673 0.0000000000
52661  -26.569  -20.454  56.767 0.0000000000
181244  -27.011  -21.235  54.669 0.0000000000
53704  -30.240  -19.544  54.977 0.0000000000
59099  -48.959  -14.718  43.247 0.0000000000
59102  -50.188  -14.534  42.182 0.0000000000
60206  -50.153  -13.099  42.402 0.0000000000
62533  -50.786  -11.709  41.852 0.0000000000
63757  -51.527  -10.304  41.104 0.0000000000
72139  -50.040  -2.275  40.357 0.0000000000
71205  -50.966  -3.472  40.672 0.0000000000
73143  -51.673  -1.858  39.957 0.0000000000
73152  -52.927  -1.853  38.968 0.0000000000
73157  -53.877  -2.101  37.823 0.0000000000
72162  -54.452  -2.674  36.043 0.0000000000
74126  -53.875  -0.734  37.206 0.0000000000
75150  -53.617  0.380  36.088 0.0000000000
55791  -26.440  -17.829  58.268 0.0000000000
78511  -56.436  3.965  32.296 0.0000000000
178513  -56.963  1.182  30.339 0.0000000000
78527  -57.621  3.452  30.375 0.0000000000
177107  -58.025  2.764  29.059 0.0000000000
77405  -58.621  1.955  27.512 0.0000000000
81031  -60.187  5.382  24.013 0.0000000000
79727  -61.302  4.782  25.076 0.0000000000
78584  -62.465  3.598  24.258 0.0000000000
75248  -63.641  1.096  23.639 0.0000000000
74340  -61.376  -0.897  14.227 0.0000000000
75329  -60.866  0.040  14.721 0.0000000000
74341  -61.747  -0.968  15.057 0.0000000000
73334  -62.630  -1.009  16.376 0.0000000000
76201  -48.638  1.942  38.022 0.0000000000
75135  -49.160  0.492  38.402 0.0000000000
80962  -55.486  5.788  28.242 0.0000000000
79737  -57.595  4.685  24.501 0.0000000000
79753  -58.767  4.631  23.521 0.0000000000
78612  -59.533  3.751  22.501 0.0000000000
78628  -60.829  3.874  21.731 0.0000000000
168117  -60.732  -0.063  12.137 0.0000000000
74353  -61.782  -1.161  13.244 0.0000000000
73372  -62.355  -1.839  13.798 0.0000000000
72361  -63.085  -2.420  13.935 0.0000000000
75366  -63.796  0.727  11.413 0.0000000000
74375  -64.901  0.027  11.696 0.0000000000
71255  -55.576  -2.234  30.251 0.0000000000
74161  -55.208  -0.100  31.337 0.0000000000
76244  -55.120  2.024  32.096 0.0000000000
78498  -53.524  3.434  34.076 0.0000000000
78488  -54.823  4.089  33.448 0.0000000000
79639  -55.513  4.512  33.194 0.0000000000
82134  -55.378  5.904  33.093 0.0000000000
157856  -53.934  7.112  32.112 0.0000000000
159496  -48.453  5.083  37.297 0.0000000000
165759  -48.268  5.922  35.950 0.0000000000
83295  -49.741  7.282  33.115 0.0000000000
53759  -23.545  -19.363  48.556 0.0000000000
51687  -24.706  -21.357  49.121 0.0000000000
55888  -30.767  -16.975  46.670 0.0000000000
55807  -30.766  -17.265  55.436 0.0000000000
156550  -31.249  -18.493  53.955 0.0000000000
54782  -31.534  -18.303  52.246 0.0000000000
176916  -32.212  -17.439  47.498 0.0000000000
53814  -36.764  -19.148  44.518 0.0000000000
53830  -38.313  -18.898  43.708 0.0000000000
54841  -43.724  -18.419  47.238 0.0000000000
55890  -45.554  -17.723  45.948 0.0000000000
52795  -44.580  -19.511  45.928 0.0000000000
52827  -45.170  -19.719  44.205 0.0000000000
53845  -45.879  -19.335  42.679 0.0000000000
58052  -51.320  -15.097  40.760 0.0000000000
66069  -49.819  -8.020  43.026 0.0000000000
66094  -51.455  -8.526  41.377 0.0000000000
66103  -52.549  -8.664  40.087 0.0000000000
69333  -52.637  -5.404  40.082 0.0000000000
164688  -52.837  -7.054  39.988 0.0000000000
64961  -53.101  -9.266  39.201 0.0000000000
66125  -54.324  -8.793  37.261 0.0000000000
165093  -54.730  -8.934  35.823 0.0000000000
69385  -53.444  -5.542  30.657 0.0000000000
71232  -53.769  -3.394  34.278 0.0000000000
71240  -52.890  -3.713  32.586 0.0000000000
70341  -52.981  -4.633  29.974 0.0000000000
71275  -53.591  -3.919  28.684 0.0000000000
53722  -23.802  -19.237  51.933 0.0000000000
178872  -58.225  6.162  28.433 0.0000000000
182144  -59.674  4.470  28.130 0.0000000000
76300  -59.844  1.678  26.409 0.0000000000
77426  -61.446  2.886  25.405 0.0000000000
75230  -61.603  1.001  25.569 0.0000000000
74214  -61.430  -0.627  26.202 0.0000000000
77489  -60.137  2.099  20.941 0.0000000000
79808  -62.520  4.109  20.070 0.0000000000
75316  -61.370  0.843  15.712 0.0000000000
76398  -61.053  1.365  15.907 0.0000000000
77519  -61.553  2.876  17.167 0.0000000000
78659  -63.688  3.263  18.729 0.0000000000
77491  -64.471  2.844  20.214 0.0000000000
74262  -65.635  -0.168  20.045 0.0000000000
54846  -22.321  -18.203  46.478 0.0000000000
78449  -50.589  3.444  39.215 0.0000000000
79585  -50.159  3.986  39.165 0.0000000000
79584  -49.483  4.181  39.051 0.0000000000
64898  -46.807  -9.908  44.297 0.0000000000
179783  -48.213  -9.485  43.947 0.0000000000
66054  -48.008  -8.967  43.812 0.0000000000
76180  -49.746  2.057  39.804 0.0000000000
76181  -50.169  1.563  40.038 0.0000000000
77302  -50.088  2.418  39.860 0.0000000000
77314  -51.347  2.549  39.255 0.0000000000
82182  -54.052  6.777  30.190 0.0000000000
82184  -55.772  6.605  30.473 0.0000000000
82206  -55.416  6.454  29.654 0.0000000000
79792  -63.080  4.448  21.365 0.0000000000
78629  -63.429  4.085  21.963 0.0000000000
78615  -63.974  3.179  21.918 0.0000000000
75257  -64.630  0.716  21.808 0.0000000000
77481  -64.458  2.330  21.435 0.0000000000
72356  -63.037  -2.719  14.770 0.0000000000
72344  -63.111  -2.698  15.703 0.0000000000
76448  -61.636  1.853  10.679 0.0000000000
157654  -61.943  1.185  10.987 0.0000000000
75365  -62.713  0.740  11.269 0.0000000000
75171  -52.553  0.467  32.004 0.0000000000
76235  -52.574  1.152  32.750 0.0000000000
83239  -51.142  7.201  36.147 0.0000000000
83256  -52.326  7.166  35.378 0.0000000000
159691  -51.333  7.570  34.917 0.0000000000
83271  -51.503  7.511  34.172 0.0000000000
52691  -25.611  -20.597  54.198 0.0000000000
51649  -26.102  -21.125  53.688 0.0000000000
52700  -30.277  -20.356  53.149 0.0000000000
51663  -29.992  -20.888  52.566 0.0000000000
52724  -35.900  -19.627  50.702 0.0000000000
53731  -34.818  -18.899  50.741 0.0000000000
53754  -35.173  -19.731  49.728 0.0000000000
53753  -34.356  -19.210  49.303 0.0000000000
53763  -35.048  -19.860  48.852 0.0000000000
53773  -35.061  -19.829  47.921 0.0000000000
52751  -35.921  -20.147  49.245 0.0000000000
52775  -42.372  -20.184  47.314 0.0000000000
158012  -41.148  -20.415  47.151 0.0000000000
52792  -42.468  -20.235  46.571 0.0000000000
53803  -42.457  -20.158  45.831 0.0000000000
155439  -43.214  -20.095  46.082 0.0000000000
56938  -48.426  -16.183  43.761 0.0000000000
166567  -48.117  -16.756  44.007 0.0000000000
55909  -48.604  -16.957  43.613 0.0000000000
54872  -48.635  -17.822  43.375 0.0000000000
55915  -49.243  -17.142  43.017 0.0000000000
55922  -50.094  -17.321  41.955 0.0000000000
55916  -49.836  -16.980  42.497 0.0000000000
62556  -52.195  -11.104  40.242 0.0000000000
61406  -52.641  -12.607  39.516 0.0000000000
62568  -52.972  -11.324  39.264 0.0000000000
62575  -53.375  -11.604  38.587 0.0000000000
168480  -53.336  -10.792  38.734 0.0000000000
69326  -49.903  -4.793  41.482 0.0000000000
70283  -50.409  -4.081  41.040 0.0000000000
174476  -54.200  -3.996  37.540 0.0000000000
163289  -54.251  -4.860  37.718 0.0000000000
69355  -54.628  -5.220  36.739 0.0000000000
183466  -54.600  -4.684  36.290 0.0000000000
70311  -54.499  -4.588  35.373 0.0000000000
70307  -54.547  -4.177  35.950 0.0000000000
75162  -52.800  0.542  34.415 0.0000000000
74145  -52.547  -0.613  33.312 0.0000000000
75167  -52.401  0.216  32.956 0.0000000000
182697  -52.417  -0.822  31.731 0.0000000000
52669  -25.816  -20.390  56.327 0.0000000000
52659  -25.091  -20.009  56.865 0.0000000000
179458  -25.390  -20.289  55.545 0.0000000000
52690  -25.058  -20.210  54.769 0.0000000000
76256  -55.682  1.182  31.716 0.0000000000
75184  -56.417  -0.282  31.220 0.0000000000
162111  -56.246  0.678  31.335 0.0000000000
75218  -58.715  0.223  26.949 0.0000000000
74202  -58.869  -0.934  27.107 0.0000000000
74203  -59.907  -1.204  26.845 0.0000000000
73249  -60.958  -1.317  26.704 0.0000000000
81004  -58.667  5.841  25.977 0.0000000000
82250  -59.544  6.089  26.365 0.0000000000
82251  -60.023  6.057  26.184 0.0000000000
75340  -60.314  -0.194  13.856 0.0000000000
74312  -64.426  -0.803  17.282 0.0000000000
182895  -63.361  0.352  16.916 0.0000000000
75292  -64.644  0.780  17.530 0.0000000000
156056  -53.290  2.089  36.759 0.0000000000
77328  -53.185  2.927  36.945 0.0000000000
174889  -52.854  3.341  37.377 0.0000000000
179887  -50.707  5.160  38.096 0.0000000000
82067  -50.410  5.765  37.707 0.0000000000
82077  -50.946  6.185  37.136 0.0000000000
82076  -50.164  6.370  37.209 0.0000000000
53675  -27.171  -19.129  57.637 0.0000000000
54762  -30.313  -18.776  55.354 0.0000000000
62471  -47.428  -11.680  44.393 0.0000000000
61345  -48.176  -12.631  44.041 0.0000000000
169883  -48.669  -14.002  43.537 0.0000000000
60194  -49.025  -13.210  43.407 0.0000000000
169522  -49.263  -13.924  43.064 0.0000000000
61361  -49.333  -12.430  43.239 0.0000000000
63730  -50.004  -10.808  42.766 0.0000000000
62532  -50.232  -11.641  42.424 0.0000000000
163032  -50.595  -10.880  42.106 0.0000000000
62545  -51.148  -11.012  41.473 0.0000000000
63744  -51.001  -10.114  41.735 0.0000000000
73141  -50.093  -1.478  40.228 0.0000000000
162556  -50.994  -1.948  40.299 0.0000000000
73142  -50.495  -1.262  40.191 0.0000000000
74115  -52.141  -0.378  39.326 0.0000000000
169253  -52.558  -1.109  39.127 0.0000000000
166766  -53.172  -1.153  38.500 0.0000000000
73156  -53.461  -1.954  38.346 0.0000000000
73160  -53.739  -1.346  37.758 0.0000000000
182558  -54.022  -1.308  37.222 0.0000000000
74122  -53.411  -0.319  37.976 0.0000000000
154431  -52.901  1.949  37.999 0.0000000000
76210  -53.264  1.357  37.424 0.0000000000
76215  -53.400  1.212  36.517 0.0000000000
55792  -27.238  -17.784  57.898 0.0000000000
53674  -26.379  -19.139  57.959 0.0000000000
80912  -56.497  5.195  32.391 0.0000000000
78512  -57.175  4.215  31.666 0.0000000000
80924  -57.166  5.124  31.701 0.0000000000
80935  -58.105  5.353  30.146 0.0000000000
78528  -58.163  4.145  30.185 0.0000000000
78533  -58.693  4.179  29.511 0.0000000000
77400  -58.303  2.435  28.329 0.0000000000
78539  -58.679  3.453  28.799 0.0000000000
81032  -60.790  5.104  23.592 0.0000000000
79740  -61.576  4.863  24.284 0.0000000000
81019  -61.846  4.842  23.484 0.0000000000
166224  -63.915  1.881  22.975 0.0000000000
76317  -63.486  1.890  23.730 0.0000000000
74234  -63.677  0.143  23.615 0.0000000000
73278  -63.468  -1.012  22.450 0.0000000000
73335  -63.415  -1.433  16.819 0.0000000000
76202  -48.964  1.354  38.651 0.0000000000
79752  -57.958  4.424  23.750 0.0000000000
77469  -58.517  2.697  22.537 0.0000000000
78613  -60.203  4.016  22.283 0.0000000000
78627  -60.017  3.356  21.945 0.0000000000
75363  -60.958  0.526  11.516 0.0000000000
75350  -60.166  0.566  11.702 0.0000000000
74363  -61.612  -0.465  12.344 0.0000000000
73373  -63.275  -1.857  13.231 0.0000000000
154198  -63.277  3.907  10.766 0.0000000000
76436  -63.430  1.532  11.000 0.0000000000
77573  -64.028  2.324  10.953 0.0000000000
158045  -65.209  1.460  11.439 0.0000000000
75367  -64.661  0.750  11.524 0.0000000000
71265  -55.383  -3.076  29.365 0.0000000000
71266  -56.378  -3.615  29.958 0.0000000000
72196  -54.688  -1.752  29.990 0.0000000000
76255  -53.712  1.159  31.691 0.0000000000
75181  -53.916  0.330  31.204 0.0000000000
185242  -54.658  0.678  31.567 0.0000000000
75173  -54.891  1.262  31.859 0.0000000000
77367  -54.554  2.699  32.510 0.0000000000
153991  -53.258  3.432  35.608 0.0000000000
77351  -53.116  2.842  34.527 0.0000000000
78479  -53.565  4.088  35.078 0.0000000000
80882  -53.904  5.387  34.931 0.0000000000
79619  -54.047  4.720  34.600 0.0000000000
79629  -54.721  4.670  33.835 0.0000000000
80901  -55.187  5.266  33.523 0.0000000000
82117  -54.792  6.014  33.711 0.0000000000
154057  -52.855  7.373  33.087 0.0000000000
158681  -53.677  7.157  32.892 0.0000000000
52735  -24.084  -19.773  49.889 0.0000000000
165045  -23.956  -20.035  49.073 0.0000000000
52722  -24.649  -20.268  50.471 0.0000000000
50473  -26.054  -21.649  51.018 0.0000000000
51642  -28.313  -21.298  54.615 0.0000000000
51652  -28.336  -21.457  53.660 0.0000000000
53770  -30.166  -18.700  47.847 0.0000000000
54839  -30.303  -17.796  47.831 0.0000000000
168977  -30.359  -17.274  47.240 0.0000000000
55878  -31.028  -17.096  47.455 0.0000000000
56875  -31.349  -16.547  55.177 0.0000000000
55812  -31.305  -17.298  54.930 0.0000000000
54795  -32.192  -17.316  51.652 0.0000000000
54794  -31.912  -17.459  50.929 0.0000000000
55855  -32.919  -17.076  50.166 0.0000000000
53761  -33.575  -18.861  47.953 0.0000000000
54840  -32.805  -18.134  47.633 0.0000000000
54849  -32.508  -17.979  46.726 0.0000000000
54850  -33.022  -18.703  46.115 0.0000000000
54858  -33.137  -18.819  45.342 0.0000000000
160365  -35.797  -19.584  45.829 0.0000000000
53798  -35.234  -19.420  45.331 0.0000000000
53799  -36.205  -19.404  45.247 0.0000000000
54868  -36.259  -18.952  43.798 0.0000000000
155774  -39.590  -19.666  45.225 0.0000000000
53788  -39.156  -20.003  46.058 0.0000000000
160606  -38.730  -19.401  44.854 0.0000000000
180093  -38.706  -19.149  44.210 0.0000000000
53816  -39.452  -19.253  44.329 0.0000000000
53832  -40.150  -18.946  43.607 0.0000000000
54885  -42.482  -19.016  43.024 0.0000000000
54886  -43.232  -18.939  42.797 0.0000000000
54900  -43.656  -18.668  42.254 0.0000000000
53843  -44.007  -19.123  42.869 0.0000000000
55898  -46.902  -17.468  44.905 0.0000000000
55897  -46.168  -17.579  45.432 0.0000000000
54852  -45.785  -18.360  45.547 0.0000000000
53790  -44.802  -18.793  46.246 0.0000000000
53804  -45.886  -19.067  45.041 0.0000000000
52817  -45.079  -19.625  44.721 0.0000000000
53822  -46.211  -19.340  44.305 0.0000000000
53852  -48.018  -19.007  42.185 0.0000000000
177896  -46.644  -19.271  42.533 0.0000000000
53851  -47.176  -19.097  42.020 0.0000000000
54903  -46.172  -18.981  41.938 0.0000000000
55957  -50.350  -17.180  40.591 0.0000000000
55976  -49.479  -17.221  39.680 0.0000000000
55995  -49.946  -16.733  39.224 0.0000000000
169311  -50.694  -14.017  41.714 0.0000000000
58048  -50.906  -15.285  41.361 0.0000000000
59106  -51.040  -14.489  41.210 0.0000000000
67223  -48.660  -7.688  42.872 0.0000000000
68318  -48.938  -7.129  42.612 0.0000000000
68341  -51.212  -6.664  41.687 0.0000000000
67233  -50.764  -7.310  42.158 0.0000000000
67241  -51.402  -7.611  41.517 0.0000000000
66095  -52.009  -8.906  40.743 0.0000000000
67242  -51.996  -7.952  40.874 0.0000000000
71210  -51.834  -3.836  40.379 0.0000000000
70285  -51.770  -4.649  40.691 0.0000000000
70291  -52.978  -4.780  39.601 0.0000000000
68356  -53.698  -6.437  38.809 0.0000000000
68355  -53.238  -6.362  39.441 0.0000000000
67256  -53.341  -7.106  39.227 0.0000000000
162257  -53.030  -7.948  39.586 0.0000000000
66110  -53.890  -7.873  38.343 0.0000000000
66117  -53.929  -8.660  38.053 0.0000000000
153888  -54.291  -7.999  37.591 0.0000000000
67279  -54.762  -7.489  35.581 0.0000000000
66150  -54.763  -8.210  36.106 0.0000000000
184682  -54.731  -8.293  35.493 0.0000000000
69369  -53.914  -5.244  33.757 0.0000000000
70324  -53.131  -4.682  32.125 0.0000000000
72165  -54.144  -1.807  35.199 0.0000000000
72166  -54.331  -2.595  35.420 0.0000000000
72170  -53.909  -2.484  34.645 0.0000000000
72180  -52.421  -2.133  31.895 0.0000000000
71239  -52.655  -2.824  32.522 0.0000000000
71245  -52.508  -2.998  31.662 0.0000000000
71246  -52.707  -3.900  31.450 0.0000000000
70340  -52.700  -3.665  29.845 0.0000000000
179747  -52.995  -4.015  29.218 0.0000000000
73209  -53.794  -1.811  29.713 0.0000000000
71264  -54.235  -3.177  28.817 0.0000000000
53723  -24.367  -19.691  52.177 0.0000000000
171266  -23.989  -19.400  52.763 0.0000000000
53740  -23.667  -19.106  50.208 0.0000000000
76277  -57.273  1.540  29.624 0.0000000000
75201  -57.235  0.638  29.876 0.0000000000
75202  -57.635  -0.024  29.387 0.0000000000
80963  -56.379  5.964  28.321 0.0000000000
79696  -60.321  4.787  27.052 0.0000000000
79695  -59.814  5.117  27.856 0.0000000000
78546  -59.913  3.999  27.642 0.0000000000
77407  -59.814  3.026  27.050 0.0000000000
77414  -59.904  2.405  26.598 0.0000000000
78573  -61.984  3.299  24.846 0.0000000000
78572  -61.477  3.937  25.326 0.0000000000
76304  -61.857  1.891  25.271 0.0000000000
74225  -61.889  -0.012  25.785 0.0000000000
75225  -61.019  0.277  25.986 0.0000000000
74215  -62.169  -0.823  25.947 0.0000000000
78639  -61.171  3.489  20.838 0.0000000000
78646  -61.384  3.196  19.938 0.0000000000
74327  -61.466  -0.108  15.234 0.0000000000
76399  -61.474  1.463  16.043 0.0000000000
77537  -61.413  1.948  16.195 0.0000000000
76386  -60.768  1.719  16.371 0.0000000000
165739  -61.090  2.267  16.749 0.0000000000
77518  -60.858  2.355  17.629 0.0000000000
78678  -62.297  2.962  17.061 0.0000000000
76366  -64.544  2.150  18.183 0.0000000000
78668  -63.429  2.944  18.019 0.0000000000
77510  -64.299  2.774  18.769 0.0000000000
156173  -64.039  3.263  19.207 0.0000000000
77492  -64.870  2.128  19.639 0.0000000000
76347  -65.271  1.426  19.875 0.0000000000
185062  -65.608  0.936  19.375 0.0000000000
77322  -52.443  2.520  38.368 0.0000000000
78456  -52.507  3.286  38.009 0.0000000000
79587  -51.473  3.741  38.518 0.0000000000
79594  -50.468  4.570  38.531 0.0000000000
80839  -49.268  5.534  38.128 0.0000000000
63717  -47.838  -11.016  44.320 0.0000000000
62515  -49.016  -11.686  43.609 0.0000000000
63718  -48.603  -10.885  43.967 0.0000000000
64901  -48.867  -9.827  43.779 0.0000000000
64917  -49.672  -9.879  43.112 0.0000000000
158491  -50.222  0.475  40.114 0.0000000000
74107  -50.641  -0.397  40.115 0.0000000000
75117  -51.014  0.392  40.018 0.0000000000
176280  -51.406  0.914  39.650 0.0000000000
76192  -52.058  0.977  39.252 0.0000000000
75128  -52.950  0.393  38.458 0.0000000000
76203  -52.389  1.657  38.746 0.0000000000
77315  -52.005  2.351  38.987 0.0000000000
82164  -55.935  6.544  31.239 0.0000000000
82166  -57.127  5.903  31.177 0.0000000000
82185  -56.687  6.375  30.615 0.0000000000
82186  -57.582  5.963  30.335 0.0000000000
82187  -58.142  5.891  29.700 0.0000000000
81034  -62.192  4.735  22.621 0.0000000000
79756  -62.455  4.563  23.192 0.0000000000
79773  -62.950  4.432  22.552 0.0000000000
77471  -63.814  2.744  22.666 0.0000000000
75249  -64.135  0.737  22.771 0.0000000000
74245  -64.395  0.084  22.165 0.0000000000
74253  -64.812  -0.071  21.349 0.0000000000
76434  -61.096  1.221  11.002 0.0000000000
78723  -64.172  3.992  11.103 0.0000000000
155393  -64.527  3.081  11.122 0.0000000000
77574  -64.954  2.353  11.310 0.0000000000
74376  -65.664  -0.055  11.575 0.0000000000
73196  -53.398  -1.055  30.283 0.0000000000
73197  -54.352  -1.133  30.247 0.0000000000
74159  -53.268  -0.250  30.857 0.0000000000
75172  -52.881  1.092  31.922 0.0000000000
76242  -53.177  1.735  32.326 0.0000000000
80870  -52.354  5.508  36.594 0.0000000000
159376  -53.251  4.779  35.923 0.0000000000
82090  -52.887  6.009  35.888 0.0000000000
83257  -53.046  6.797  35.262 0.0000000000
83258  -53.574  6.652  34.698 0.0000000000
83273  -53.823  6.900  34.073 0.0000000000
84389  -52.745  7.374  34.319 0.0000000000
84388  -52.370  7.475  33.816 0.0000000000
83297  -51.422  7.432  32.706 0.0000000000
163952  -24.812  -20.255  51.951 0.0000000000
51677  -25.106  -20.948  50.818 0.0000000000
52708  -25.350  -20.733  52.410 0.0000000000
51670  -25.880  -21.341  51.862 0.0000000000
181749  -26.512  -21.683  51.616 0.0000000000
54818  -30.943  -18.219  49.359 0.0000000000
54809  -33.587  -17.707  49.982 0.0000000000
54820  -33.637  -18.298  49.306 0.0000000000
53752  -33.762  -18.846  48.720 0.0000000000
53772  -34.279  -19.424  47.431 0.0000000000
170999  -34.320  -19.412  46.505 0.0000000000
157026  -35.094  -19.753  46.981 0.0000000000
53784  -35.882  -19.790  46.506 0.0000000000
52802  -40.667  -19.891  45.360 0.0000000000
53818  -41.356  -19.590  44.680 0.0000000000
53819  -42.304  -19.820  44.996 0.0000000000
53821  -43.962  -19.753  44.300 0.0000000000
58036  -47.058  -15.423  44.585 0.0000000000
56932  -46.773  -16.102  44.945 0.0000000000
56933  -47.324  -16.120  44.523 0.0000000000
55899  -47.530  -16.918  44.401 0.0000000000
54870  -47.530  -18.345  44.109 0.0000000000
53823  -47.011  -18.953  44.200 0.0000000000
54904  -48.760  -18.538  42.327 0.0000000000
55934  -50.306  -17.257  41.255 0.0000000000
55935  -50.794  -16.695  40.748 0.0000000000
169437  -51.590  -12.704  40.788 0.0000000000
60214  -51.842  -13.501  40.373 0.0000000000
167661  -52.167  -12.661  40.110 0.0000000000
62578  -53.857  -11.655  37.264 0.0000000000
178853  -54.091  -10.890  37.183 0.0000000000
69316  -49.062  -5.964  41.899 0.0000000000
68327  -49.226  -6.479  42.284 0.0000000000
69317  -49.552  -5.728  41.949 0.0000000000
69327  -50.886  -5.730  41.710 0.0000000000
168363  -51.767  -6.034  41.096 0.0000000000
165492  -53.270  -4.078  39.068 0.0000000000
70296  -53.593  -4.996  38.802 0.0000000000
69344  -53.992  -5.730  38.359 0.0000000000
68361  -54.148  -6.484  38.106 0.0000000000
167005  -54.238  -7.235  37.866 0.0000000000
68366  -54.514  -6.580  37.358 0.0000000000
68371  -54.805  -6.684  35.974 0.0000000000
68377  -54.727  -6.719  35.383 0.0000000000
69365  -54.559  -5.441  35.170 0.0000000000
70316  -54.236  -4.924  34.647 0.0000000000
70315  -53.813  -4.344  34.067 0.0000000000
74140  -53.337  -0.840  34.506 0.0000000000
73173  -53.636  -1.551  34.555 0.0000000000
74146  -52.954  -1.134  33.953 0.0000000000
73177  -52.590  -1.339  33.147 0.0000000000
72185  -52.423  -2.183  30.914 0.0000000000
72195  -52.690  -2.232  30.064 0.0000000000
73185  -52.458  -1.251  31.236 0.0000000000
73208  -53.135  -1.728  29.899 0.0000000000
53672  -24.993  -19.238  57.995 0.0000000000
53685  -24.621  -19.457  57.314 0.0000000000
53695  -23.841  -19.146  56.013 0.0000000000
52707  -24.703  -20.051  52.859 0.0000000000
165606  -57.864  0.080  28.541 0.0000000000
74192  -58.071  -0.692  28.885 0.0000000000
74201  -58.259  -0.369  27.831 0.0000000000
80991  -57.043  5.418  26.719 0.0000000000
178601  -57.637  5.901  27.309 0.0000000000
82243  -59.080  6.118  26.899 0.0000000000
80980  -60.111  5.668  27.087 0.0000000000
165584  -60.663  4.452  26.381 0.0000000000
167000  -62.756  0.912  24.818 0.0000000000
164947  -62.247  1.209  25.182 0.0000000000
74310  -62.650  -0.012  16.510 0.0000000000
75317  -61.967  0.540  16.082 0.0000000000
75304  -62.890  1.001  16.620 0.0000000000
76387  -63.361  1.507  17.037 0.0000000000
183257  -62.772  2.276  17.008 0.0000000000
76388  -64.129  1.650  17.464 0.0000000000
76377  -65.028  1.260  17.983 0.0000000000
75279  -65.652  0.734  18.570 0.0000000000
184932  -65.855  0.233  19.342 0.0000000000
77588  -62.191  2.541  10.573 0.0000000000
78721  -62.747  3.303  10.597 0.0000000000
165821  -62.966  5.893  11.870 0.0000000000
79872  -63.364  4.652  11.041 0.0000000000
81126  -63.582  5.432  11.525 0.0000000000
76221  -52.858  1.293  34.785 0.0000000000
170379  -52.611  1.353  33.796 0.0000000000
157480  -52.986  2.061  35.127 0.0000000000
179316  -53.185  3.408  36.275 0.0000000000
79603  -52.588  4.675  36.957 0.0000000000
78462  -52.506  3.910  37.471 0.0000000000
80856  -51.962  5.139  37.373 0.0000000000
80855  -51.729  5.900  36.977 0.0000000000
83225  -50.645  6.829  36.675 0.0000000000
83253  -49.947  7.147  35.941 0.0000000000
52681  -26.633  -20.793  56.080 0.0000000000
51633  -26.803  -21.054  55.340 0.0000000000
51624  -27.202  -21.030  55.832 0.0000000000
51625  -27.759  -20.949  55.912 0.0000000000
52682  -28.908  -20.827  55.447 0.0000000000
52683  -29.439  -20.643  55.073 0.0000000000
52692  -30.167  -20.397  53.906 0.0000000000
53711  -30.525  -19.628  54.196 0.0000000000
52758  -42.522  -19.641  47.725 0.0000000000
59095  -47.917  -14.917  43.994 0.0000000000
59096  -48.380  -14.789  43.676 0.0000000000
58043  -49.271  -15.463  43.007 0.0000000000
58044  -49.897  -15.435  42.482 0.0000000000
59100  -49.564  -14.649  42.764 0.0000000000
169521  -49.847  -13.842  42.586 0.0000000000
60207  -50.721  -13.124  41.823 0.0000000000
61362  -49.921  -12.393  42.710 0.0000000000
61377  -50.455  -12.391  42.151 0.0000000000
61378  -50.898  -12.378  41.691 0.0000000000
170396  -51.315  -11.931  41.228 0.0000000000
62546  -51.682  -11.102  40.852 0.0000000000
63758  -52.025  -10.385  40.538 0.0000000000
71203  -50.017  -3.028  40.580 0.0000000000
71204  -50.333  -3.290  40.663 0.0000000000
72141  -50.722  -2.694  40.449 0.0000000000
72145  -51.513  -2.760  40.215 0.0000000000
72146  -52.123  -2.408  39.808 0.0000000000
169434  -51.884  -1.107  39.660 0.0000000000
73151  -52.312  -1.810  39.489 0.0000000000
72150  -52.655  -2.513  39.368 0.0000000000
72151  -53.220  -2.604  38.803 0.0000000000
72155  -53.722  -2.675  38.173 0.0000000000
72156  -54.070  -2.680  37.496 0.0000000000
71228  -54.428  -3.418  36.334 0.0000000000
73161  -54.122  -1.896  37.175 0.0000000000
74131  -54.154  -1.270  36.703 0.0000000000
73169  -54.207  -1.265  35.835 0.0000000000
75136  -53.276  0.582  37.862 0.0000000000
75145  -53.604  0.288  37.088 0.0000000000
160758  -53.804  -0.378  35.562 0.0000000000
75155  -53.281  0.446  35.255 0.0000000000
54737  -26.041  -18.522  58.295 0.0000000000
52660  -25.826  -20.103  57.157 0.0000000000
77369  -56.053  3.065  31.881 0.0000000000
76258  -56.617  1.346  30.935 0.0000000000
77379  -56.647  2.894  31.295 0.0000000000
77387  -57.111  2.764  30.648 0.0000000000
77394  -57.490  2.566  29.752 0.0000000000
179708  -57.577  4.686  31.173 0.0000000000
77399  -57.674  1.948  28.882 0.0000000000
76286  -57.995  1.492  28.075 0.0000000000
76293  -58.414  1.110  27.372 0.0000000000
76294  -59.034  1.312  26.789 0.0000000000
81016  -59.709  5.667  24.699 0.0000000000
81006  -60.250  5.788  25.453 0.0000000000
81007  -60.988  5.311  24.739 0.0000000000
79728  -61.891  4.179  24.644 0.0000000000
77440  -62.527  2.755  24.502 0.0000000000
78600  -62.923  3.821  23.474 0.0000000000
77441  -63.066  2.289  24.158 0.0000000000
76307  -63.167  1.425  24.272 0.0000000000
75234  -63.289  0.546  24.319 0.0000000000
74352  -60.852  -0.521  13.200 0.0000000000
73345  -62.176  -1.454  15.537 0.0000000000
77313  -49.319  2.533  39.413 0.0000000000
78447  -49.075  3.723  38.997 0.0000000000
77321  -48.619  2.784  38.274 0.0000000000
71215  -49.486  -3.284  39.719 0.0000000000
72149  -49.585  -1.780  39.308 0.0000000000
73150  -49.696  -0.939  39.686 0.0000000000
74114  -49.488  -0.172  39.094 0.0000000000
75126  -49.412  0.769  39.331 0.0000000000
76190  -49.341  1.701  39.407 0.0000000000
82223  -53.275  6.271  28.764 0.0000000000
82225  -55.023  6.148  28.871 0.0000000000
80961  -54.631  5.721  28.194 0.0000000000
80976  -55.074  5.286  27.597 0.0000000000
79711  -56.729  4.909  25.953 0.0000000000
79725  -57.144  4.804  25.258 0.0000000000
79726  -58.034  5.268  25.181 0.0000000000
79738  -58.590  5.131  24.340 0.0000000000
79739  -59.485  5.193  23.846 0.0000000000
184311  -59.475  4.752  23.301 0.0000000000
177622  -59.084  4.198  22.971 0.0000000000
79755  -60.716  4.798  22.958 0.0000000000
79771  -61.366  4.598  22.458 0.0000000000
79790  -61.968  4.534  21.869 0.0000000000
79800  -62.359  4.287  20.992 0.0000000000
74362  -59.848  0.183  12.293 0.0000000000
182218  -61.770  -1.487  13.967 0.0000000000
74374  -64.197  0.137  11.679 0.0000000000
73186  -55.019  -0.793  30.914 0.0000000000
165810  -55.928  -1.028  31.211 0.0000000000
184903  -55.822  0.017  31.571 0.0000000000
76245  -55.627  2.214  31.879 0.0000000000
76229  -52.787  2.147  34.160 0.0000000000
77357  -53.338  2.889  33.545 0.0000000000
79618  -53.573  4.733  35.359 0.0000000000
78480  -53.959  4.087  34.155 0.0000000000
176007  -54.012  3.143  32.922 0.0000000000
77368  -54.890  3.441  32.908 0.0000000000
179187  -55.345  2.850  32.322 0.0000000000
78510  -55.715  3.586  32.574 0.0000000000
78501  -55.934  4.109  32.826 0.0000000000
80902  -55.900  5.205  32.998 0.0000000000
82149  -55.999  5.856  32.494 0.0000000000
83287  -54.104  6.901  33.372 0.0000000000
83300  -54.585  6.864  32.535 0.0000000000
83316  -55.309  6.708  31.848 0.0000000000
82181  -53.230  6.950  30.133 0.0000000000
79583  -48.855  4.412  38.526 0.0000000000
80854  -49.050  5.961  37.858 0.0000000000
80869  -48.378  5.564  36.563 0.0000000000
80853  -48.775  5.830  37.292 0.0000000000
82087  -49.495  6.675  36.333 0.0000000000
82102  -49.183  6.749  35.561 0.0000000000
83269  -49.923  7.241  35.059 0.0000000000
83282  -49.896  7.303  34.114 0.0000000000
83283  -50.779  7.436  33.539 0.0000000000
82203  -52.784  6.719  29.445 0.0000000000
53769  -23.316  -19.579  47.767 0.0000000000
52749  -23.751  -20.255  48.289 0.0000000000
177401  -23.878  -21.075  48.062 0.0000000000
176785  -26.822  -21.336  53.962 0.0000000000
50465  -27.191  -21.644  52.674 0.0000000000
54763  -30.956  -18.053  55.053 0.0000000000
182745  -30.926  -19.087  54.082 0.0000000000
53718  -30.991  -19.252  53.522 0.0000000000
53724  -31.144  -19.145  52.679 0.0000000000
55862  -31.797  -17.198  49.454 0.0000000000
160457  -32.500  -17.273  48.895 0.0000000000
155783  -31.602  -17.188  47.892 0.0000000000
55879  -31.621  -17.223  47.114 0.0000000000
179025  -34.460  -19.377  45.692 0.0000000000
52769  -37.014  -20.232  47.642 0.0000000000
52786  -36.773  -19.976  46.731 0.0000000000
53800  -37.151  -19.423  45.269 0.0000000000
53815  -37.862  -19.193  44.517 0.0000000000
53833  -41.096  -19.210  43.797 0.0000000000
54884  -41.682  -19.042  43.219 0.0000000000
53765  -42.614  -18.858  48.055 0.0000000000
52776  -43.205  -19.773  47.050 0.0000000000
56926  -45.786  -16.862  45.784 0.0000000000
54843  -44.884  -17.953  46.435 0.0000000000
53789  -44.294  -19.160  46.486 0.0000000000
52794  -43.884  -19.640  46.467 0.0000000000
52805  -43.871  -19.932  45.440 0.0000000000
52816  -44.447  -19.798  44.769 0.0000000000
53835  -44.523  -19.563  43.663 0.0000000000
53837  -46.027  -19.640  43.893 0.0000000000
53836  -45.548  -19.559  43.458 0.0000000000
53844  -44.970  -19.284  42.837 0.0000000000
54902  -45.328  -18.972  42.163 0.0000000000
56952  -50.743  -15.967  41.589 0.0000000000
56959  -51.112  -15.985  40.918 0.0000000000
56966  -51.209  -16.156  40.196 0.0000000000
58053  -51.692  -14.879  40.250 0.0000000000
56967  -51.533  -15.627  39.630 0.0000000000
58063  -51.454  -15.644  39.161 0.0000000000
66067  -48.517  -8.286  43.268 0.0000000000
179800  -49.588  -8.502  43.150 0.0000000000
169528  -50.052  -8.903  42.868 0.0000000000
67232  -50.013  -7.198  42.681 0.0000000000
66079  -50.440  -8.086  42.486 0.0000000000
64929  -50.850  -9.035  42.020 0.0000000000
64938  -51.448  -9.444  41.281 0.0000000000
64939  -51.870  -9.734  40.776 0.0000000000
64949  -52.358  -9.604  40.221 0.0000000000
70284  -51.130  -4.332  40.954 0.0000000000
69332  -52.069  -5.298  40.635 0.0000000000
68349  -52.312  -6.585  40.517 0.0000000000
69338  -53.146  -5.590  39.506 0.0000000000
68350  -52.789  -6.156  40.026 0.0000000000
164689  -52.295  -7.305  40.530 0.0000000000
67250  -52.486  -7.882  40.256 0.0000000000
64950  -52.743  -9.220  39.733 0.0000000000
169628  -52.800  -9.850  39.600 0.0000000000
63801  -53.704  -10.164  38.200 0.0000000000
63802  -54.082  -10.264  37.439 0.0000000000
63814  -54.317  -10.310  36.762 0.0000000000
166179  -54.605  -8.116  36.821 0.0000000000
66137  -54.609  -8.894  36.527 0.0000000000
71230  -54.457  -3.335  35.724 0.0000000000
72171  -54.270  -3.285  35.079 0.0000000000
158143  -53.345  -3.822  33.532 0.0000000000
71235  -53.082  -2.992  33.441 0.0000000000
70369  -55.393  -5.056  27.476 0.0000000000
71263  -53.243  -3.177  29.195 0.0000000000
71276  -54.324  -3.975  28.380 0.0000000000
54807  -23.127  -18.614  50.589 0.0000000000
53751  -23.649  -19.199  49.379 0.0000000000
75191  -56.854  0.346  30.860 0.0000000000
82226  -55.908  6.204  28.975 0.0000000000
155740  -56.841  6.248  29.110 0.0000000000
80944  -58.615  5.402  29.430 0.0000000000
82228  -59.050  6.058  28.183 0.0000000000
80945  -59.206  5.499  28.550 0.0000000000
78540  -59.425  3.959  28.385 0.0000000000
157454  -59.141  2.994  27.817 0.0000000000
77406  -59.344  2.243  26.990 0.0000000000
75224  -59.889  0.556  26.338 0.0000000000
79713  -60.967  4.635  25.792 0.0000000000
78559  -60.963  3.750  25.939 0.0000000000
162256  -60.750  2.890  26.026 0.0000000000
76302  -61.107  2.007  25.670 0.0000000000
76301  -60.419  2.181  26.171 0.0000000000
167004  -60.650  1.280  25.965 0.0000000000
74213  -60.501  -0.459  26.410 0.0000000000
77479  -59.816  2.468  21.711 0.0000000000
77480  -60.486  2.956  21.278 0.0000000000
78640  -61.893  3.902  20.420 0.0000000000
79801  -62.862  4.334  20.602 0.0000000000
75328  -60.519  0.215  14.918 0.0000000000
76409  -61.046  0.849  15.524 0.0000000000
75315  -60.618  0.775  15.561 0.0000000000
76365  -60.314  1.720  18.157 0.0000000000
77508  -60.846  2.352  18.584 0.0000000000
78679  -62.999  2.655  17.290 0.0000000000
78666  -62.082  3.302  17.738 0.0000000000
78656  -61.987  3.503  18.600 0.0000000000
78648  -62.574  3.812  19.217 0.0000000000
79803  -63.575  3.802  20.074 0.0000000000
78641  -63.936  3.568  20.466 0.0000000000
76346  -64.793  1.996  20.531 0.0000000000
74254  -65.269  0.109  20.647 0.0000000000
74261  -65.166  -0.531  20.587 0.0000000000
161682  -65.554  -0.825  20.019 0.0000000000
73294  -65.054  -1.367  20.299 0.0000000000
72282  -64.562  -2.221  20.188 0.0000000000
50464  -26.570  -21.575  52.335 0.0000000000
51632  -26.287  -21.024  54.621 0.0000000000
51634  -27.584  -21.188  55.169 0.0000000000
51635  -28.960  -21.117  54.866 0.0000000000
51669  -25.265  -20.853  51.584 0.0000000000
51686  -24.479  -20.572  49.523 0.0000000000
51698  -24.156  -20.896  48.734 0.0000000000
52670  -27.200  -20.751  56.359 0.0000000000
52680  -26.110  -20.730  55.502 0.0000000000
52684  -30.016  -20.278  54.655 0.0000000000
52698  -24.869  -20.128  53.874 0.0000000000
52774  -41.524  -20.347  47.670 0.0000000000
52790  -41.094  -20.304  46.333 0.0000000000
52791  -41.784  -20.387  46.927 0.0000000000
52793  -43.449  -19.948  46.454 0.0000000000
52803  -41.901  -20.294  46.279 0.0000000000
52806  -44.500  -19.721  45.330 0.0000000000
52807  -45.147  -19.463  45.205 0.0000000000
52815  -43.730  -19.910  44.904 0.0000000000
52818  -45.555  -19.424  44.656 0.0000000000
52828  -45.601  -19.549  44.325 0.0000000000
53673  -25.692  -19.043  58.146 0.0000000000
53686  -25.788  -19.561  57.740 0.0000000000
53687  -26.640  -19.828  57.401 0.0000000000
53688  -27.426  -19.683  57.216 0.0000000000
53696  -24.501  -19.568  56.476 0.0000000000
53705  -30.773  -18.845  54.599 0.0000000000
53717  -30.543  -19.898  53.558 0.0000000000
53728  -23.708  -19.142  51.050 0.0000000000
53732  -35.379  -19.001  51.110 0.0000000000
53741  -24.105  -19.576  50.601 0.0000000000
53743  -34.635  -19.115  50.127 0.0000000000
53744  -35.306  -19.461  50.467 0.0000000000
53768  -22.818  -18.910  47.165 0.0000000000
53774  -43.188  -19.056  47.483 0.0000000000
53775  -43.825  -19.148  46.979 0.0000000000
53776  -44.307  -18.547  46.746 0.0000000000
53786  -37.440  -19.768  46.027 0.0000000000
53791  -45.271  -18.995  45.674 0.0000000000
53797  -33.953  -19.233  45.034 0.0000000000
53813  -35.744  -19.220  44.544 0.0000000000
53820  -43.100  -19.769  44.508 0.0000000000
53831  -39.181  -18.912  43.663 0.0000000000
53838  -46.946  -19.306  43.641 0.0000000000
53846  -46.452  -19.457  43.213 0.0000000000
53847  -47.368  -19.230  42.819 0.0000000000
54735  -24.553  -18.673  58.355 0.0000000000
54738  -26.840  -18.481  58.014 0.0000000000
54756  -30.280  -18.000  55.768 0.0000000000
54769  -31.480  -17.673  54.334 0.0000000000
54821  -34.004  -18.655  49.887 0.0000000000
54828  -23.114  -18.659  48.842 0.0000000000
54830  -31.296  -17.496  49.007 0.0000000000
54851  -45.287  -18.375  46.000 0.0000000000
54859  -46.403  -18.293  45.057 0.0000000000
54860  -46.990  -18.295  44.581 0.0000000000
54866  -32.595  -18.244  44.850 0.0000000000
54901  -44.498  -18.814  42.236 0.0000000000
54905  -49.533  -17.995  42.123 0.0000000000
54924  -48.489  -18.564  41.705 0.0000000000
54926  -49.887  -17.752  41.035 0.0000000000
55843  -32.569  -17.037  50.796 0.0000000000
55844  -33.085  -16.815  51.243 0.0000000000
55863  -33.014  -17.418  49.395 0.0000000000
55895  -31.029  -16.886  45.801 0.0000000000
55907  -47.402  -17.714  44.404 0.0000000000
55921  -49.574  -17.525  42.452 0.0000000000
55956  -49.741  -17.508  40.378 0.0000000000
55977  -50.238  -17.021  39.892 0.0000000000
56937  -47.877  -16.153  44.141 0.0000000000
56944  -48.988  -16.246  43.303 0.0000000000
56951  -50.235  -16.326  42.122 0.0000000000
56979  -50.626  -16.449  39.434 0.0000000000
56980  -51.172  -16.115  39.588 0.0000000000
58035  -46.454  -15.444  44.988 0.0000000000
58037  -47.625  -15.472  44.215 0.0000000000
58040  -48.694  -15.484  43.484 0.0000000000
58047  -50.460  -15.389  41.926 0.0000000000
58057  -51.508  -15.515  40.227 0.0000000000
58058  -51.840  -15.005  39.689 0.0000000000
59092  -47.406  -14.724  44.252 0.0000000000
59103  -50.656  -14.736  41.692 0.0000000000
59107  -51.534  -14.308  40.616 0.0000000000
59109  -52.001  -14.289  39.959 0.0000000000
60179  -47.965  -14.095  43.974 0.0000000000
60180  -48.402  -13.270  43.819 0.0000000000
60195  -49.602  -13.148  42.917 0.0000000000
61399  -52.516  -11.816  39.811 0.0000000000
62494  -48.242  -11.822  44.110 0.0000000000
62516  -49.655  -11.634  43.034 0.0000000000
62557  -52.603  -11.044  39.750 0.0000000000
63774  -52.896  -10.575  39.400 0.0000000000
63788  -53.241  -9.998  38.957 0.0000000000
64899  -47.502  -9.791  44.113 0.0000000000
64971  -53.554  -9.339  38.492 0.0000000000
64972  -54.009  -9.474  37.717 0.0000000000
64979  -54.377  -9.582  36.985 0.0000000000
66066  -47.814  -8.674  43.393 0.0000000000
66068  -49.173  -8.209  43.249 0.0000000000
66080  -51.007  -8.125  41.919 0.0000000000
66104  -52.958  -8.717  39.510 0.0000000000
66109  -53.417  -8.497  38.885 0.0000000000
67224  -49.001  -7.591  43.018 0.0000000000
67225  -49.463  -7.599  42.949 0.0000000000
67267  -54.576  -7.329  37.116 0.0000000000
67268  -54.719  -6.646  36.659 0.0000000000
68319  -49.376  -7.050  42.666 0.0000000000
68328  -49.765  -6.375  42.351 0.0000000000
69318  -50.137  -5.589  41.997 0.0000000000
69328  -51.377  -5.139  41.151 0.0000000000
69350  -54.685  -6.021  36.908 0.0000000000
69356  -54.751  -5.928  36.283 0.0000000000
69361  -54.712  -6.008  35.598 0.0000000000
70290  -52.349  -4.659  40.199 0.0000000000
70330  -52.688  -4.028  30.580 0.0000000000
70361  -54.840  -4.431  27.954 0.0000000000
71209  -49.735  -3.539  40.558 0.0000000000
71216  -52.317  -3.121  39.826 0.0000000000
71217  -52.974  -3.267  39.276 0.0000000000
71221  -53.510  -3.353  38.589 0.0000000000
71222  -54.000  -3.362  37.895 0.0000000000
71226  -54.268  -3.402  37.105 0.0000000000
71262  -52.766  -2.881  29.768 0.0000000000
72140  -50.266  -2.680  40.444 0.0000000000
72159  -54.297  -2.670  36.736 0.0000000000
72176  -53.154  -2.088  33.879 0.0000000000
72203  -53.782  -2.547  29.281 0.0000000000
73135  -50.391  -2.060  40.300 0.0000000000
73140  -49.834  -1.770  40.068 0.0000000000
73164  -54.315  -1.971  36.363 0.0000000000
73195  -52.749  -1.474  30.400 0.0000000000
73198  -55.363  -1.429  30.671 0.0000000000
73221  -58.581  -1.319  28.159 0.0000000000
73287  -64.505  -0.888  21.014 0.0000000000
74105  -49.834  -0.021  39.942 0.0000000000
74130  -53.969  -0.493  36.408 0.0000000000
74139  -52.744  -0.210  33.984 0.0000000000
74150  -52.383  -0.493  32.335 0.0000000000
74162  -56.162  -0.557  31.340 0.0000000000
74171  -52.850  -0.776  30.679 0.0000000000
75118  -51.727  0.325  39.518 0.0000000000
75127  -52.411  0.322  39.026 0.0000000000
75180  -53.088  0.491  31.423 0.0000000000
75182  -55.477  0.530  31.656 0.0000000000
75258  -65.043  0.673  20.980 0.0000000000
75263  -65.479  0.648  20.128 0.0000000000
75293  -65.380  0.387  17.896 0.0000000000
75305  -64.110  0.166  17.253 0.0000000000
76182  -50.788  1.190  39.949 0.0000000000
76189  -48.887  2.225  38.851 0.0000000000
76193  -52.603  0.914  38.770 0.0000000000
76243  -54.148  1.989  32.106 0.0000000000
76267  -56.674  2.204  30.940 0.0000000000
76332  -64.406  1.576  22.123 0.0000000000
76340  -65.119  1.235  20.563 0.0000000000
76367  -65.132  1.578  18.538 0.0000000000
76400  -62.813  1.652  16.768 0.0000000000
77303  -50.700  2.032  39.761 0.0000000000
77312  -48.911  3.042  38.987 0.0000000000
77335  -53.233  2.774  36.184 0.0000000000
77380  -57.182  3.520  31.123 0.0000000000
77415  -60.253  2.840  26.499 0.0000000000
77427  -62.070  2.514  24.956 0.0000000000
77499  -61.425  3.033  19.007 0.0000000000
77500  -64.451  2.791  19.399 0.0000000000
77501  -64.823  2.179  18.919 0.0000000000
77509  -61.392  3.002  18.060 0.0000000000
77527  -61.830  2.521  16.538 0.0000000000
77528  -62.404  2.413  16.798 0.0000000000
77529  -63.211  2.062  17.121 0.0000000000
77538  -61.977  2.008  16.373 0.0000000000
78436  -49.734  3.537  39.390 0.0000000000
78437  -50.133  3.182  39.557 0.0000000000
78438  -50.654  2.816  39.504 0.0000000000
78448  -49.374  3.250  39.344 0.0000000000
78451  -51.937  3.139  38.701 0.0000000000
78455  -48.698  3.587  38.473 0.0000000000
78470  -53.262  4.098  35.914 0.0000000000
78499  -54.058  3.591  33.466 0.0000000000
78500  -55.451  3.950  33.040 0.0000000000
78521  -56.740  3.553  31.687 0.0000000000
78534  -59.125  4.242  28.937 0.0000000000
78582  -56.786  4.313  24.548 0.0000000000
78583  -57.257  4.220  23.935 0.0000000000
78585  -62.928  3.048  24.001 0.0000000000
78599  -58.268  4.017  23.114 0.0000000000
78614  -63.483  3.551  22.695 0.0000000000
78647  -61.980  3.672  19.503 0.0000000000
78649  -63.514  3.684  19.518 0.0000000000
78650  -64.044  3.401  19.781 0.0000000000
78657  -62.650  3.508  18.425 0.0000000000
78658  -63.143  3.670  19.000 0.0000000000
78667  -62.793  3.173  17.777 0.0000000000
78669  -64.005  2.762  18.250 0.0000000000
79586  -50.882  3.949  38.800 0.0000000000
79593  -49.277  4.935  38.549 0.0000000000
79596  -52.048  3.892  38.140 0.0000000000
79640  -56.218  4.552  32.703 0.0000000000
79659  -57.685  4.141  30.897 0.0000000000
79660  -57.983  4.725  30.548 0.0000000000
79676  -58.474  4.770  29.872 0.0000000000
79682  -59.439  4.721  28.553 0.0000000000
79741  -62.254  4.395  23.913 0.0000000000
79754  -60.127  5.068  23.414 0.0000000000
79769  -59.956  4.470  22.820 0.0000000000
79770  -60.759  4.387  22.401 0.0000000000
79789  -61.364  4.362  21.986 0.0000000000
79791  -62.547  4.490  21.509 0.0000000000
79793  -63.373  4.104  20.605 0.0000000000
79799  -61.660  4.133  21.336 0.0000000000
79802  -63.229  4.049  20.101 0.0000000000
79809  -63.001  4.047  19.748 0.0000000000
79871  -62.386  4.289  10.764 0.0000000000
80840  -49.908  5.254  38.275 0.0000000000
80871  -52.932  5.152  36.237 0.0000000000
80892  -54.494  5.352  34.156 0.0000000000
80979  -59.616  5.836  27.687 0.0000000000
80993  -59.877  6.103  26.942 0.0000000000
80994  -60.216  5.767  26.290 0.0000000000
80995  -60.668  5.368  25.542 0.0000000000
81003  -57.575  5.368  25.952 0.0000000000
81005  -59.598  5.966  25.653 0.0000000000
81017  -60.530  5.459  24.520 0.0000000000
81018  -61.178  5.142  23.954 0.0000000000
81049  -61.802  4.697  22.483 0.0000000000
81050  -62.260  4.632  22.081 0.0000000000
82075  -49.396  6.306  37.097 0.0000000000
82086  -48.802  6.253  36.375 0.0000000000
82088  -51.403  6.564  36.519 0.0000000000
82103  -53.503  6.067  35.146 0.0000000000
82148  -55.340  6.396  32.484 0.0000000000
82165  -56.512  6.268  31.372 0.0000000000
82183  -54.895  6.690  30.318 0.0000000000
82205  -54.533  6.466  29.536 0.0000000000
82208  -57.761  6.173  29.206 0.0000000000
82224  -54.158  6.170  28.806 0.0000000000
82227  -58.602  5.971  28.984 0.0000000000
82236  -57.740  6.138  27.905 0.0000000000
83238  -50.472  7.145  36.199 0.0000000000
83240  -51.912  7.049  36.059 0.0000000000
83241  -52.497  6.699  35.806 0.0000000000
83255  -51.595  7.360  35.463 0.0000000000
83270  -50.694  7.472  34.560 0.0000000000
83272  -53.235  7.145  34.507 0.0000000000
83285  -52.142  7.444  33.106 0.0000000000
83288  -54.772  6.478  33.157 0.0000000000
83301  -55.978  6.336  31.885 0.0000000000
84378  -52.095  7.494  34.716 0.0000000000
154817  -43.964  -19.966  45.981 0.0000000000
155532  -52.119  4.466  37.648 0.0000000000
156953  -56.965  1.953  30.338 0.0000000000
157330  -53.231  2.013  35.977 0.0000000000
160339  -35.671  -20.089  48.387 0.0000000000
160941  -57.186  6.273  29.818 0.0000000000
161058  -38.755  -19.680  45.499 0.0000000000
161845  -64.258  3.104  21.015 0.0000000000
165405  -53.498  -7.711  38.941 0.0000000000
165481  -65.965  -0.683  19.381 0.0000000000
165609  -58.105  3.448  29.612 0.0000000000
166112  -54.352  -2.058  35.765 0.0000000000
166173  -44.988  -18.550  41.689 0.0000000000
167042  -49.955  -0.945  40.134 0.0000000000
167048  -51.183  -1.141  40.069 0.0000000000
167853  -53.372  3.481  34.808 0.0000000000
168508  -48.547  4.057  38.018 0.0000000000
168751  -53.645  -11.870  37.975 0.0000000000
168836  -46.478  -16.806  45.217 0.0000000000
169036  -58.520  6.128  27.615 0.0000000000
169204  -49.338  -8.981  43.378 0.0000000000
169526  -51.138  -12.732  41.332 0.0000000000
169529  -45.191  -17.232  46.223 0.0000000000
169778  -54.430  -3.883  35.432 0.0000000000
170341  -49.438  3.690  39.239 0.0000000000
175705  -50.311  -13.717  42.140 0.0000000000
175874  -54.333  6.531  33.717 0.0000000000
177083  -56.747  4.591  32.210 0.0000000000
177902  -60.593  5.521  25.075 0.0000000000
178129  -44.560  -19.765  44.269 0.0000000000
178983  -52.316  -5.903  40.456 0.0000000000
181819  -34.577  -19.351  45.186 0.0000000000
182027  -63.033  4.542  21.940 0.0000000000
182460  -52.250  -8.355  40.484 0.0000000000
182522  -25.023  -20.098  56.167 0.0000000000
183163  -63.185  3.359  18.377 0.0000000000
183274  -61.259  4.796  22.933 0.0000000000
183446  -57.694  6.118  29.773 0.0000000000
183722  -53.505  -2.752  34.083 0.0000000000
183879  -53.131  2.215  37.368 0.0000000000
183931  -30.848  -19.667  52.371 0.0000000000
184007  -24.877  -20.419  51.247 0.0000000000
184180  -45.536  -18.723  41.746 0.0000000000
184286  -31.122  -18.270  54.496 0.0000000000
184360  -60.385  1.397  16.625 0.0000000000
184841  -64.520  2.588  20.795 0.0000000000
