#!ascii label  , from subject sub-1012 vox2ras=TkReg
1081
17648  -47.213  -56.180  -35.868 0.5000000000
156325  -45.859  -57.790  -35.697 0.8000000119
15881  -44.299  -58.610  -37.448 0.8000000119
161071  -44.960  -58.371  -37.124 0.8000000119
15863  -45.743  -57.955  -36.772 0.8000000119
18498  -47.432  -55.143  -35.636 0.5000000000
17663  -47.000  -56.943  -36.159 0.5000000000
16752  -46.434  -57.398  -36.453 0.6000000238
15914  -42.717  -58.460  -39.307 0.6999999881
15898  -43.841  -58.593  -38.227 0.6999999881
15882  -45.529  -57.986  -37.789 0.8000000119
177410  -46.525  -57.021  -38.402 0.6999999881
20285  -48.272  -53.357  -35.275 0.6000000238
18499  -48.022  -55.184  -36.365 0.5000000000
18510  -48.137  -55.480  -37.195 0.6000000238
15912  -40.914  -58.737  -39.503 0.6999999881
185165  -47.552  -56.252  -37.461 0.6000000238
17672  -48.047  -55.507  -38.176 0.6000000238
15928  -41.336  -58.165  -40.073 0.6999999881
15896  -41.347  -59.111  -38.719 0.6999999881
15916  -44.404  -58.166  -38.998 0.6999999881
16766  -47.094  -56.916  -38.010 0.6000000238
18529  -47.576  -55.489  -38.883 0.6000000238
15917  -45.191  -57.863  -38.691 0.8000000119
16793  -46.064  -56.788  -39.084 0.8000000119
16779  -46.822  -56.570  -38.707 0.6999999881
20302  -48.782  -53.847  -36.266 0.4000000060
19407  -48.690  -54.913  -37.705 0.6000000238
16799  -40.131  -57.641  -40.250 0.6999999881
19431  -48.068  -54.406  -39.105 0.6000000238
16789  -40.984  -57.331  -40.084 0.6999999881
15929  -42.334  -58.112  -39.901 0.6999999881
15915  -43.547  -58.327  -39.211 0.6999999881
16791  -43.981  -57.818  -39.778 0.6999999881
16802  -45.018  -56.752  -40.034 0.6000000238
17707  -46.057  -55.663  -39.884 0.6999999881
20345  -46.030  -53.614  -39.952 0.5000000000
17704  -43.892  -56.723  -40.333 0.6000000238
17705  -44.518  -56.536  -40.235 0.6000000238
17706  -45.171  -55.983  -40.145 0.6000000238
19429  -45.447  -54.395  -40.028 0.6000000238
182520  -44.795  -54.564  -39.930 0.6000000238
20334  -44.828  -53.371  -39.092 0.5000000000
20324  -49.751  -53.625  -37.573 0.4000000060
19396  -49.139  -54.219  -37.223 0.5000000000
17701  -39.541  -56.757  -40.156 0.6999999881
19408  -49.202  -54.241  -38.073 0.6000000238
20346  -48.279  -53.576  -39.106 0.6000000238
17703  -41.967  -57.487  -40.034 0.6999999881
19433  -47.695  -53.950  -39.514 0.6000000238
17693  -42.606  -56.674  -39.943 0.6999999881
21270  -47.250  -52.924  -39.716 0.5000000000
21265  -47.184  -52.301  -39.629 0.6000000238
17694  -43.443  -56.298  -40.164 0.6999999881
19428  -44.192  -54.620  -39.625 0.6000000238
21252  -45.991  -52.170  -39.097 0.5000000000
22140  -46.827  -51.703  -39.341 0.5000000000
160213  -44.529  -53.266  -38.326 0.5000000000
17687  -37.003  -56.133  -40.141 0.6000000238
19425  -38.239  -54.377  -39.411 0.6000000238
20325  -50.409  -52.961  -37.796 0.5000000000
20336  -50.558  -52.712  -38.414 0.5000000000
17689  -39.001  -55.843  -39.932 0.6999999881
17700  -38.615  -56.778  -40.281 0.6999999881
20335  -49.669  -53.352  -38.335 0.5000000000
20347  -49.060  -53.109  -38.787 0.5000000000
21273  -49.759  -51.965  -39.349 0.4000000060
17702  -40.291  -56.783  -40.032 0.6999999881
21272  -49.058  -52.307  -39.146 0.5000000000
17691  -40.796  -56.283  -39.745 0.6999999881
18526  -41.907  -55.138  -38.881 0.6999999881
22148  -49.088  -51.767  -39.429 0.5000000000
18540  -42.159  -55.851  -39.475 0.6999999881
19416  -43.333  -54.701  -38.969 0.6000000238
22141  -47.581  -51.675  -39.566 0.5000000000
19417  -43.993  -53.944  -38.755 0.6000000238
22989  -47.463  -50.806  -39.381 0.5000000000
20322  -43.863  -53.655  -37.492 0.5000000000
20323  -44.780  -52.834  -37.725 0.5000000000
21239  -45.500  -52.136  -37.822 0.5000000000
22134  -46.354  -51.484  -38.778 0.5000000000
183663  -45.857  -51.977  -38.498 0.5000000000
23865  -47.212  -50.021  -37.790 0.3000000119
170532  -52.206  -50.404  -39.578 0.3000000119
19423  -36.629  -54.559  -39.508 0.6000000238
19424  -37.432  -54.861  -39.592 0.6000000238
21268  -51.241  -52.021  -39.134 0.4000000060
22997  -51.340  -50.554  -39.777 0.4000000060
19413  -40.088  -53.965  -38.788 0.6000000238
22149  -49.931  -51.215  -39.765 0.5000000000
17690  -39.979  -56.034  -39.797 0.6999999881
18525  -41.134  -54.917  -38.924 0.6999999881
22994  -48.958  -50.925  -39.736 0.5000000000
19415  -42.473  -54.712  -38.394 0.5000000000
22990  -48.321  -50.377  -39.596 0.5000000000
19406  -43.094  -54.279  -37.928 0.5000000000
23867  -48.329  -49.408  -38.783 0.4000000060
22986  -47.163  -50.279  -38.849 0.3000000119
24751  -48.212  -49.143  -37.975 0.4000000060
22120  -46.067  -51.618  -37.191 0.5000000000
22976  -46.808  -50.265  -37.152 0.4000000060
20340  -37.838  -53.451  -39.220 0.6000000238
20341  -38.735  -53.592  -39.125 0.6000000238
20342  -39.454  -53.625  -38.920 0.6000000238
20331  -39.942  -53.186  -38.628 0.6000000238
23875  -50.327  -49.670  -40.231 0.3000000119
22995  -49.764  -50.316  -40.056 0.4000000060
19427  -40.295  -54.675  -39.104 0.6000000238
23872  -50.038  -48.898  -40.282 0.3000000119
20333  -41.276  -53.855  -37.947 0.6000000238
19414  -41.693  -54.453  -38.188 0.6999999881
24762  -49.894  -48.144  -39.755 0.3000000119
22991  -49.069  -49.963  -39.913 0.3000000119
19394  -41.752  -54.105  -37.236 0.6000000238
25694  -50.035  -47.364  -39.169 0.3000000119
24761  -48.898  -49.074  -39.009 0.3000000119
20282  -42.286  -53.809  -35.456 0.5000000000
19405  -42.275  -54.364  -37.412 0.5000000000
20321  -42.909  -54.187  -36.814 0.5000000000
25690  -48.932  -47.718  -37.790 0.3000000119
24758  -48.747  -48.736  -38.239 0.3000000119
20300  -43.566  -53.746  -36.326 0.5000000000
20301  -44.431  -53.122  -36.754 0.5000000000
25687  -48.246  -48.371  -37.459 0.3000000119
21202  -43.671  -53.175  -34.911 0.5000000000
22975  -46.434  -50.119  -36.388 0.4000000060
23857  -46.977  -49.521  -36.821 0.3000000119
21260  -37.486  -52.622  -39.021 0.5000000000
21261  -38.353  -52.766  -39.007 0.6000000238
21249  -38.924  -52.076  -38.863 0.5000000000
20319  -40.988  -53.179  -37.814 0.6000000238
22105  -41.275  -52.098  -36.862 0.5000000000
27544  -50.165  -45.818  -38.745 0.3000000119
20320  -41.397  -53.657  -37.319 0.6000000238
27546  -50.379  -44.969  -39.048 0.3000000119
26618  -49.844  -46.653  -38.579 0.3000000119
20298  -41.602  -53.728  -36.561 0.6000000238
20283  -43.204  -53.683  -35.466 0.5000000000
185285  -44.691  -51.732  -34.540 0.5000000000
22107  -45.869  -51.414  -36.377 0.4000000060
22967  -45.799  -50.737  -35.629 0.4000000060
22130  -38.708  -51.049  -38.864 0.5000000000
154616  -39.552  -50.685  -38.670 0.5000000000
22983  -40.295  -50.831  -38.369 0.5000000000
21250  -39.756  -52.350  -38.605 0.5000000000
22118  -40.986  -51.146  -37.641 0.5000000000
169804  -51.928  -44.340  -40.098 0.3000000119
28432  -51.182  -44.672  -39.637 0.3000000119
21238  -41.297  -53.038  -37.077 0.6000000238
21201  -41.448  -52.911  -35.204 0.6000000238
20262  -41.869  -53.345  -34.850 0.5000000000
22091  -44.221  -52.466  -34.604 0.5000000000
23849  -46.506  -49.035  -36.207 0.4000000060
24738  -45.289  -48.491  -35.881 0.4000000060
22973  -39.974  -50.040  -38.445 0.5000000000
22974  -40.685  -50.087  -37.982 0.5000000000
159160  -41.066  -50.183  -37.102 0.5000000000
29345  -53.070  -43.553  -39.640 0.4000000060
30268  -52.057  -42.340  -39.845 0.4000000060
22966  -41.265  -51.114  -36.528 0.5000000000
22090  -41.305  -52.089  -35.816 0.5000000000
29349  -50.997  -43.263  -39.864 0.4000000060
28431  -50.422  -43.988  -39.494 0.3000000119
22955  -41.140  -51.183  -35.400 0.4000000060
28430  -49.583  -44.387  -38.982 0.3000000119
167627  -41.179  -52.078  -34.773 0.5000000000
21176  -41.762  -52.452  -33.600 0.4000000060
21177  -42.439  -52.599  -33.500 0.4000000060
23838  -45.355  -49.854  -35.097 0.4000000060
23854  -40.315  -49.295  -38.156 0.5000000000
23855  -40.751  -49.320  -37.509 0.5000000000
23846  -40.854  -49.457  -36.495 0.5000000000
30261  -52.358  -42.139  -39.076 0.4000000060
22965  -41.057  -50.284  -36.002 0.5000000000
23836  -40.786  -49.588  -35.449 0.4000000060
31223  -51.157  -41.805  -40.067 0.4000000060
30273  -50.657  -42.502  -40.090 0.4000000060
22954  -40.887  -50.400  -34.921 0.4000000060
22940  -40.946  -51.249  -34.300 0.4000000060
29344  -49.400  -43.621  -39.451 0.4000000060
22067  -41.582  -51.873  -33.217 0.4000000060
22068  -42.168  -52.130  -32.975 0.4000000060
22920  -43.277  -50.742  -32.508 0.4000000060
22080  -44.736  -51.085  -34.063 0.4000000060
22932  -43.929  -51.167  -33.151 0.4000000060
23837  -44.744  -49.247  -34.741 0.4000000060
175677  -45.131  -46.542  -36.747 0.4000000060
24737  -44.861  -47.982  -35.973 0.4000000060
179460  -40.295  -48.052  -37.076 0.5000000000
24731  -40.430  -48.117  -36.332 0.4000000060
31210  -51.439  -41.871  -37.338 0.4000000060
31218  -51.701  -41.642  -39.522 0.4000000060
182681  -40.520  -48.264  -35.519 0.5000000000
165632  -40.622  -48.876  -34.829 0.4000000060
23810  -40.980  -50.071  -33.020 0.4000000060
180114  -49.841  -42.511  -40.227 0.4000000060
161887  -41.587  -50.528  -32.420 0.4000000060
158400  -42.407  -50.730  -32.242 0.4000000060
26614  -45.626  -46.058  -36.977 0.3000000119
22941  -44.587  -50.161  -33.772 0.4000000060
165611  -40.354  -47.562  -35.730 0.4000000060
25665  -40.301  -47.019  -34.988 0.5000000000
25651  -40.484  -47.380  -34.042 0.4000000060
31222  -51.176  -40.947  -39.805 0.4000000060
24703  -40.623  -48.372  -33.754 0.4000000060
23809  -40.704  -49.435  -33.803 0.4000000060
24691  -40.780  -48.307  -32.800 0.4000000060
23794  -40.822  -49.106  -32.870 0.4000000060
23795  -41.376  -49.593  -32.235 0.4000000060
23796  -42.187  -49.850  -31.783 0.4000000060
23797  -43.114  -50.062  -32.112 0.4000000060
23811  -43.984  -50.118  -32.789 0.4000000060
26608  -44.729  -46.280  -36.643 0.4000000060
24717  -44.484  -48.481  -34.602 0.4000000060
25672  -44.577  -47.501  -35.929 0.4000000060
26585  -40.317  -46.499  -34.131 0.4000000060
159211  -40.540  -46.890  -33.396 0.4000000060
25621  -40.952  -47.780  -32.308 0.4000000060
24692  -41.218  -48.638  -32.116 0.4000000060
24675  -42.621  -48.189  -31.495 0.4000000060
26613  -45.032  -45.846  -36.966 0.4000000060
24693  -43.320  -48.462  -31.812 0.4000000060
24704  -44.078  -48.312  -32.729 0.4000000060
25623  -43.706  -47.572  -32.210 0.4000000060
162222  -44.356  -48.042  -33.829 0.4000000060
25652  -44.357  -47.619  -34.993 0.4000000060
27501  -40.309  -45.232  -32.959 0.4000000060
27483  -40.648  -45.599  -32.318 0.4000000060
166543  -40.789  -46.144  -32.178 0.4000000060
27464  -41.796  -46.110  -31.398 0.4000000060
25622  -41.307  -47.249  -31.790 0.4000000060
179875  -42.424  -45.813  -31.402 0.4000000060
25610  -42.092  -47.554  -31.391 0.4000000060
26545  -43.390  -46.789  -31.887 0.4000000060
162351  -43.711  -46.159  -32.505 0.4000000060
175531  -44.516  -45.493  -36.879 0.3000000119
26586  -44.224  -46.694  -34.710 0.4000000060
165524  -44.319  -46.832  -35.719 0.4000000060
28385  -40.214  -44.431  -32.653 0.4000000060
28375  -40.705  -44.926  -31.986 0.4000000060
29290  -40.213  -43.193  -31.757 0.4000000060
28363  -41.332  -44.666  -31.408 0.4000000060
28364  -41.950  -44.474  -31.246 0.4000000060
27465  -43.122  -45.954  -31.712 0.4000000060
178696  -43.631  -44.718  -33.161 0.4000000060
28427  -45.946  -43.796  -38.139 0.4000000060
27539  -44.873  -45.109  -37.372 0.3000000119
26575  -44.154  -46.528  -33.506 0.4000000060
27518  -43.990  -45.424  -36.153 0.5000000000
27528  -44.069  -45.082  -36.745 0.4000000060
162338  -44.049  -45.849  -34.401 0.5000000000
178304  -40.470  -42.575  -31.176 0.4000000060
161615  -41.054  -42.305  -30.714 0.4000000060
30215  -40.894  -43.172  -30.943 0.4000000060
30216  -41.487  -43.092  -30.948 0.4000000060
29281  -41.405  -43.814  -31.096 0.4000000060
27502  -43.881  -45.575  -33.328 0.4000000060
28411  -43.680  -44.642  -36.590 0.5000000000
31163  -40.222  -40.970  -30.921 0.4000000060
31164  -40.938  -41.313  -30.635 0.4000000060
31165  -41.541  -41.569  -31.005 0.4000000060
28392  -43.629  -44.493  -34.814 0.4000000060
180412  -43.365  -44.159  -36.263 0.5000000000
34330  -40.885  -39.027  -30.774 0.4000000060
34331  -41.275  -38.592  -31.175 0.4000000060
33156  -41.410  -39.647  -31.253 0.4000000060
29326  -43.085  -43.338  -36.161 0.5000000000
37314  -41.155  -35.179  -30.916 0.4000000060
35378  -40.646  -37.512  -30.544 0.4000000060
160127  -41.144  -36.788  -30.791 0.4000000060
35379  -41.270  -37.649  -31.142 0.4000000060
183863  -41.370  -36.802  -31.465 0.4000000060
35397  -41.447  -37.257  -32.375 0.5000000000
35358  -40.612  -36.647  -30.409 0.4000000060
22092  -44.921  -52.045  -35.209 0.5000000000
22956  -45.326  -51.049  -34.908 0.5000000000
23848  -46.114  -49.160  -35.900 0.4000000060
18497  -46.852  -55.768  -35.058 0.5000000000
15861  -44.199  -58.758  -36.542 0.8000000119
14999  -43.025  -59.295  -37.150 0.8000000119
14998  -42.282  -59.363  -37.406 0.6999999881
20265  -48.242  -52.843  -34.352 0.5000000000
15022  -40.900  -59.486  -38.018 0.6999999881
21204  -48.870  -52.729  -34.916 0.5000000000
15039  -39.329  -59.300  -39.257 0.6999999881
20304  -50.314  -52.952  -36.884 0.4000000060
20286  -49.107  -53.021  -35.722 0.4000000060
15926  -39.631  -58.382  -40.213 0.6999999881
17688  -38.011  -56.036  -40.130 0.6999999881
20305  -51.159  -52.709  -37.187 0.4000000060
21240  -52.010  -52.549  -37.728 0.4000000060
185117  -36.212  -56.534  -40.076 0.6000000238
22145  -52.661  -51.065  -39.213 0.4000000060
19422  -35.806  -54.189  -39.365 0.6000000238
21259  -36.634  -52.527  -38.889 0.5000000000
22129  -37.644  -51.029  -38.756 0.5000000000
165224  -39.085  -50.112  -38.672 0.5000000000
183840  -39.908  -48.776  -38.180 0.4000000060
176795  -39.841  -46.623  -36.616 0.4000000060
27527  -39.827  -46.039  -36.243 0.4000000060
177620  -40.122  -45.987  -35.223 0.4000000060
28399  -40.044  -44.954  -34.929 0.4000000060
29296  -39.847  -43.912  -33.394 0.4000000060
169653  -40.061  -43.762  -32.412 0.4000000060
30221  -39.718  -42.383  -32.100 0.4000000060
32156  -40.174  -40.169  -30.849 0.4000000060
34329  -40.245  -38.460  -30.594 0.4000000060
38316  -40.474  -34.513  -31.004 0.4000000060
15839  -45.020  -58.165  -35.199 0.8000000119
15899  -44.737  -58.313  -38.067 0.8000000119
19395  -48.545  -54.756  -36.790 0.5000000000
15879  -43.058  -59.114  -37.894 0.6999999881
169834  -42.835  -57.495  -40.131 0.6999999881
19418  -48.540  -54.721  -38.459 0.6000000238
18542  -47.174  -55.228  -39.439 0.6999999881
17695  -45.674  -56.348  -39.738 0.6999999881
20350  -47.954  -53.276  -39.373 0.6000000238
154056  -46.397  -54.343  -40.033 0.6000000238
18545  -45.813  -55.142  -40.091 0.6000000238
18537  -39.673  -55.233  -39.484 0.6999999881
155692  -47.683  -52.955  -39.526 0.5000000000
185212  -38.886  -55.035  -39.513 0.6000000238
21254  -51.497  -52.390  -38.538 0.5000000000
21267  -50.297  -52.212  -39.111 0.5000000000
161856  -51.055  -49.741  -40.095 0.3000000119
22119  -45.539  -52.017  -36.806 0.5000000000
21251  -40.457  -52.690  -38.263 0.6000000238
20263  -42.676  -53.450  -34.709 0.5000000000
22106  -45.454  -51.635  -35.847 0.5000000000
23824  -45.049  -50.200  -34.505 0.4000000060
22069  -43.118  -52.121  -33.245 0.4000000060
24739  -45.824  -48.200  -36.154 0.4000000060
23823  -44.342  -49.101  -33.538 0.4000000060
163508  -43.008  -49.357  -31.765 0.4000000060
27511  -40.153  -45.591  -34.016 0.4000000060
25636  -44.215  -47.420  -33.106 0.4000000060
160901  -41.455  -38.087  -31.916 0.4000000060
14065  -41.821  -60.634  -31.063 0.4000000060
14052  -42.577  -60.445  -30.388 0.4000000060
14011  -41.889  -60.131  -28.019 0.4000000060
14012  -42.194  -60.101  -27.193 0.4000000060
14028  -41.570  -60.292  -28.804 0.4000000060
14877  -41.382  -59.738  -27.256 0.4000000060
14865  -41.707  -59.611  -26.426 0.4000000060
183500  -41.583  -58.378  -24.947 0.4000000060
16607  -42.929  -57.315  -24.717 0.5000000000
14010  -40.930  -60.063  -27.967 0.4000000060
14864  -41.028  -59.173  -26.395 0.4000000060
17477  -40.825  -56.710  -25.559 0.5000000000
17478  -41.678  -56.621  -25.348 0.5000000000
163733  -42.101  -55.808  -27.691 0.6000000238
170723  -40.329  -60.031  -27.299 0.4000000060
15737  -40.209  -58.021  -25.523 0.4000000060
16603  -40.147  -56.872  -25.713 0.4000000060
17496  -42.178  -56.084  -26.000 0.5000000000
20287  -49.930  -52.767  -35.915 0.3000000119
21206  -50.940  -52.639  -36.061 0.4000000060
21255  -52.510  -52.246  -38.387 0.3000000119
17497  -43.254  -56.293  -26.094 0.5000000000
20228  -47.656  -53.250  -32.912 0.5000000000
20245  -49.314  -52.954  -33.396 0.4000000060
184428  -38.503  -57.722  -26.531 0.4000000060
17512  -40.747  -55.977  -26.829 0.5000000000
17513  -41.664  -55.844  -26.823 0.5000000000
15736  -38.843  -58.148  -25.881 0.4000000060
16617  -39.663  -57.479  -25.766 0.4000000060
164772  -42.966  -55.811  -27.851 0.6000000238
17529  -43.685  -55.917  -28.035 0.6000000238
17548  -44.516  -56.104  -29.541 0.6999999881
20264  -47.628  -53.142  -33.747 0.5000000000
17516  -44.447  -56.131  -27.692 0.6999999881
18423  -45.798  -55.271  -30.708 0.6999999881
19352  -46.972  -53.545  -33.210 0.6999999881
17568  -45.273  -55.826  -30.101 0.6999999881
184884  -45.564  -55.433  -31.303 0.6999999881
165277  -40.332  -56.016  -27.680 0.5000000000
163734  -41.218  -55.875  -27.643 0.6000000238
17528  -42.404  -55.962  -28.552 0.6000000238
17546  -42.706  -56.317  -29.365 0.6000000238
16628  -38.676  -57.064  -27.242 0.4000000060
166049  -39.407  -56.411  -27.716 0.5000000000
17526  -40.912  -56.040  -28.501 0.6000000238
17566  -43.845  -56.787  -30.389 0.6000000238
17581  -44.460  -56.911  -31.133 0.6000000238
22135  -52.867  -51.729  -38.725 0.3000000119
17547  -43.584  -56.331  -29.472 0.6000000238
17582  -45.122  -56.071  -31.171 0.6999999881
19365  -46.590  -54.382  -33.702 0.6000000238
19381  -47.511  -54.058  -35.075 0.5000000000
16649  -38.429  -57.225  -29.742 0.6000000238
17562  -39.387  -56.764  -30.278 0.6000000238
16660  -39.738  -57.055  -30.984 0.6999999881
17564  -41.250  -56.744  -30.138 0.6000000238
16662  -41.903  -57.260  -30.812 0.6000000238
16679  -43.664  -57.364  -31.273 0.6000000238
169412  -38.560  -56.994  -28.944 0.5000000000
17525  -39.998  -56.144  -28.618 0.6000000238
16695  -44.345  -57.341  -31.874 0.6000000238
17596  -45.208  -56.399  -32.140 0.6999999881
17614  -45.989  -56.360  -33.622 0.6999999881
18456  -45.664  -55.848  -32.689 0.6999999881
18483  -46.923  -54.712  -34.669 0.6000000238
18470  -46.090  -55.105  -33.209 0.6999999881
16675  -39.170  -57.345  -31.611 0.6000000238
16676  -40.034  -57.492  -31.674 0.6999999881
164063  -40.805  -57.747  -31.717 0.6999999881
16661  -40.789  -57.241  -31.023 0.6999999881
16678  -42.645  -57.711  -31.542 0.6000000238
17647  -46.724  -56.670  -35.400 0.5000000000
157139  -44.335  -57.681  -32.630 0.6999999881
165013  -45.381  -56.811  -32.929 0.6999999881
18482  -46.457  -55.447  -34.150 0.6000000238
15835  -41.866  -59.158  -34.219 0.6999999881
184125  -43.763  -58.736  -35.162 0.6999999881
15805  -40.958  -58.550  -32.779 0.6999999881
15822  -42.360  -58.746  -33.605 0.6000000238
15823  -43.256  -58.522  -33.748 0.5000000000
15806  -41.963  -58.447  -32.791 0.6999999881
15807  -42.790  -58.436  -33.105 0.6000000238
16708  -44.447  -57.976  -33.449 0.6999999881
16725  -46.232  -57.216  -35.046 0.5000000000
16694  -43.575  -57.781  -32.119 0.6000000238
153742  -45.400  -57.441  -33.719 0.6999999881
17633  -46.033  -57.128  -34.289 0.6000000238
15859  -42.895  -59.285  -35.851 0.6999999881
15847  -43.640  -58.993  -35.776 0.6999999881
14981  -42.642  -59.392  -36.588 0.6999999881
16724  -45.603  -57.666  -34.696 0.6000000238
15848  -44.313  -58.569  -35.597 0.6999999881
20244  -48.353  -52.856  -33.507 0.5000000000
15824  -44.007  -58.325  -34.068 0.6000000238
14051  -41.589  -60.510  -30.268 0.4000000060
16606  -42.092  -57.257  -24.761 0.4000000060
164760  -39.493  -58.193  -25.696 0.4000000060
16604  -40.503  -57.352  -25.427 0.4000000060
17511  -39.912  -56.253  -26.832 0.4000000060
16616  -39.045  -57.264  -26.253 0.4000000060
19322  -46.389  -54.339  -31.947 0.6999999881
18457  -45.888  -54.894  -32.332 0.6999999881
17545  -41.685  -56.265  -29.221 0.6000000238
16663  -42.921  -57.167  -30.669 0.6000000238
162655  -39.208  -56.523  -28.772 0.6999999881
17563  -40.249  -56.705  -30.253 0.6000000238
16677  -41.581  -57.739  -31.535 0.6000000238
16707  -43.580  -58.158  -32.995 0.6000000238
15836  -42.743  -58.943  -34.388 0.6000000238
15804  -39.959  -58.493  -32.949 0.5000000000
16648  -37.988  -57.643  -29.088 0.4000000060
16674  -38.472  -57.535  -31.310 0.5000000000
15820  -40.116  -59.125  -33.695 0.6000000238
15766  -37.545  -58.426  -28.918 0.4000000060
15776  -37.566  -58.422  -30.038 0.5000000000
16673  -37.911  -57.900  -30.787 0.5000000000
16689  -38.632  -57.794  -32.128 0.5000000000
14944  -39.270  -58.850  -33.451 0.5000000000
14967  -39.707  -59.991  -34.948 0.5000000000
16690  -39.481  -57.820  -32.294 0.5000000000
15834  -40.977  -59.254  -33.972 0.6000000238
14958  -41.261  -59.523  -34.861 0.5000000000
14957  -40.359  -59.587  -34.480 0.5000000000
14979  -40.573  -59.998  -36.424 0.6999999881
155855  -39.820  -60.210  -35.888 0.6000000238
14996  -40.381  -59.815  -37.385 0.6000000238
14898  -37.223  -59.169  -29.496 0.5000000000
166613  -37.585  -58.844  -31.817 0.5000000000
14942  -37.969  -59.317  -33.283 0.5000000000
14955  -38.898  -59.864  -34.555 0.5000000000
15819  -38.594  -58.774  -33.209 0.5000000000
14968  -41.476  -59.687  -35.945 0.6000000238
174519  -39.196  -60.311  -36.294 0.6000000238
14995  -39.533  -59.874  -37.804 0.5000000000
167186  -39.761  -59.437  -38.691 0.6000000238
14049  -37.013  -59.834  -30.924 0.5000000000
14078  -37.318  -59.905  -32.833 0.5000000000
14091  -37.491  -60.105  -33.711 0.5000000000
14954  -38.160  -59.844  -34.138 0.5000000000
182038  -38.372  -60.389  -35.549 0.5000000000
14997  -41.330  -59.657  -37.117 0.6000000238
14977  -38.955  -60.264  -37.058 0.5000000000
15020  -39.028  -59.636  -38.611 0.6000000238
14038  -36.730  -60.577  -30.524 0.5000000000
14077  -36.749  -60.549  -32.348 0.5000000000
14090  -36.839  -60.588  -33.284 0.5000000000
13307  -36.297  -61.229  -35.551 0.5000000000
179791  -35.392  -61.242  -36.670 0.6000000238
14114  -36.994  -60.809  -35.090 0.4000000060
14128  -34.717  -61.005  -37.302 0.4000000060
154694  -36.646  -60.723  -36.899 0.5000000000
14147  -37.195  -60.454  -37.489 0.5000000000
14115  -37.737  -60.535  -35.570 0.4000000060
14144  -34.275  -60.533  -38.229 0.4000000060
14167  -34.904  -60.315  -38.906 0.5000000000
14169  -36.840  -60.283  -38.440 0.5000000000
15033  -33.992  -59.207  -39.112 0.4000000060
15018  -37.479  -59.898  -38.873 0.6000000238
15019  -38.256  -59.775  -38.715 0.6000000238
15038  -38.678  -59.382  -39.381 0.6000000238
15925  -38.747  -58.431  -40.352 0.6000000238
14129  -35.766  -60.876  -37.177 0.5000000000
15908  -35.392  -58.653  -39.531 0.5000000000
15909  -36.187  -58.912  -39.928 0.5000000000
15036  -36.399  -59.588  -39.517 0.5000000000
16787  -34.767  -57.410  -39.481 0.4000000060
16788  -35.434  -57.419  -39.735 0.5000000000
15923  -36.808  -58.365  -40.243 0.6000000238
165999  -37.147  -59.629  -39.444 0.6000000238
15924  -37.780  -58.572  -40.380 0.6000000238
16794  -36.001  -57.184  -40.058 0.5000000000
20338  -36.053  -53.261  -39.072 0.3000000119
157740  -35.298  -54.812  -39.455 0.4000000060
17684  -34.289  -56.684  -39.350 0.4000000060
17685  -35.298  -56.563  -39.756 0.5000000000
17698  -36.771  -56.991  -40.265 0.5000000000
17699  -37.665  -56.865  -40.330 0.6000000238
24748  -39.648  -48.184  -37.901 0.3000000119
24757  -39.157  -48.715  -38.283 0.3000000119
22982  -38.125  -50.207  -38.666 0.4000000060
22138  -37.138  -51.804  -38.807 0.4000000060
27526  -39.479  -45.547  -36.660 0.3000000119
28390  -39.861  -44.053  -34.598 0.3000000119
27517  -39.869  -45.228  -35.949 0.3000000119
30226  -39.408  -42.482  -33.492 0.3000000119
29295  -39.711  -43.188  -32.853 0.3000000119
31172  -39.570  -41.436  -31.811 0.3000000119
33170  -39.404  -39.828  -31.446 0.3000000119
34347  -39.305  -39.014  -31.251 0.3000000119
167703  -39.813  -37.664  -30.526 0.3000000119
18533  -35.973  -55.043  -39.606 0.5000000000
26600  -39.605  -46.828  -37.110 0.3000000119
15788  -37.945  -58.083  -31.658 0.5000000000
14148  -38.100  -60.358  -37.228 0.5000000000
15037  -37.839  -59.452  -39.572 0.6000000238
20229  -48.593  -53.327  -32.734 0.3000000119
18440  -46.493  -54.697  -31.118 0.6000000238
19323  -47.199  -54.201  -31.584 0.6000000238
20290  -53.963  -53.541  -35.767 0.3000000119
20268  -52.675  -53.499  -34.660 0.3000000119
20267  -51.764  -53.182  -34.495 0.3000000119
21191  -51.265  -52.670  -35.178 0.3000000119
20248  -52.280  -53.806  -33.881 0.3000000119
20266  -50.838  -52.830  -34.323 0.3000000119
21190  -50.231  -52.593  -35.072 0.3000000119
18441  -47.591  -54.972  -30.759 0.6000000238
19340  -47.868  -53.707  -32.134 0.5000000000
20308  -54.881  -53.002  -36.630 0.3000000119
20306  -53.525  -53.070  -36.290 0.3000000119
20288  -52.183  -52.955  -35.313 0.3000000119
21207  -51.751  -52.687  -35.880 0.3000000119
164324  -51.183  -53.870  -33.233 0.3000000119
20246  -50.479  -53.343  -33.413 0.3000000119
163750  -48.928  -54.140  -32.063 0.4000000060
16639  -38.293  -57.358  -28.186 0.4000000060
22094  -55.707  -51.382  -35.915 0.3000000119
21226  -54.893  -52.339  -36.858 0.3000000119
22122  -54.219  -51.976  -37.425 0.3000000119
21224  -53.523  -52.688  -37.072 0.3000000119
13982  -42.698  -60.328  -25.204 0.5000000000
14843  -43.475  -59.753  -24.518 0.5000000000
14029  -42.533  -60.338  -28.656 0.4000000060
161334  -42.787  -60.473  -27.860 0.4000000060
14013  -42.871  -60.716  -26.919 0.4000000060
13998  -42.898  -61.005  -25.837 0.5000000000
16609  -45.280  -57.628  -25.810 0.5000000000
14844  -44.399  -59.262  -24.598 0.5000000000
14842  -42.737  -59.606  -24.717 0.5000000000
15720  -43.622  -58.855  -24.509 0.5000000000
13997  -42.376  -60.208  -26.190 0.4000000060
17532  -46.658  -56.425  -28.422 0.6000000238
182345  -45.859  -56.783  -27.237 0.6000000238
17499  -45.128  -56.585  -26.978 0.5000000000
16608  -44.574  -57.541  -25.369 0.5000000000
15718  -42.136  -58.736  -24.759 0.3000000119
15727  -43.305  -58.107  -24.552 0.4000000060
162043  -43.768  -57.403  -24.911 0.5000000000
18414  -47.065  -55.719  -29.552 0.6000000238
16629  -45.432  -56.321  -27.774 0.6000000238
184396  -43.353  -56.805  -25.216 0.4000000060
17480  -44.067  -56.814  -25.656 0.5000000000
18425  -47.552  -55.590  -30.124 0.6000000238
19355  -51.787  -54.417  -33.318 0.3000000119
19341  -49.758  -55.061  -32.200 0.4000000060
18413  -46.133  -55.523  -29.759 0.6000000238
17498  -44.242  -56.420  -26.626 0.4000000060
19356  -52.574  -54.653  -33.657 0.3000000119
20269  -53.578  -53.848  -34.893 0.3000000119
19353  -49.776  -53.882  -32.613 0.3000000119
19324  -48.381  -54.655  -31.430 0.5000000000
17549  -45.516  -55.796  -29.180 0.6000000238
18424  -46.744  -55.188  -30.288 0.6000000238
17550  -46.443  -55.913  -28.987 0.6000000238
19342  -50.354  -55.105  -32.505 0.3000000119
17533  -47.357  -56.559  -28.944 0.5000000000
17551  -48.106  -57.185  -29.363 0.5000000000
17569  -48.038  -56.437  -29.773 0.5000000000
16680  -49.298  -57.475  -31.373 0.4000000060
17583  -49.039  -56.529  -31.086 0.5000000000
16651  -48.427  -57.908  -29.476 0.5000000000
16650  -47.868  -57.531  -28.812 0.5000000000
15789  -49.226  -58.036  -31.042 0.4000000060
16697  -50.132  -57.854  -32.551 0.4000000060
17584  -49.595  -57.135  -31.969 0.4000000060
18443  -49.234  -55.855  -31.449 0.5000000000
16619  -45.738  -57.313  -26.551 0.5000000000
16640  -47.152  -57.165  -28.106 0.5000000000
18458  -49.732  -56.168  -32.134 0.4000000060
11721  -46.291  -63.270  -36.390 0.3000000119
11720  -45.978  -63.971  -36.946 0.3000000119
10953  -46.215  -63.724  -34.741 0.3000000119
11689  -45.677  -63.472  -33.506 0.3000000119
10935  -44.718  -64.141  -32.175 0.4000000060
11690  -46.055  -63.030  -34.120 0.3000000119
12482  -45.973  -62.471  -33.376 0.3000000119
10925  -44.401  -64.546  -31.229 0.4000000060
161231  -45.534  -62.967  -32.926 0.3000000119
12475  -45.769  -62.065  -32.489 0.3000000119
10890  -44.451  -64.920  -29.194 0.4000000060
10879  -44.371  -64.681  -28.134 0.4000000060
11667  -43.982  -63.810  -30.557 0.4000000060
13257  -45.470  -61.454  -31.827 0.4000000060
12459  -44.706  -62.461  -30.627 0.4000000060
13194  -49.463  -61.530  -26.374 0.3000000119
158415  -46.402  -63.337  -26.593 0.4000000060
11636  -45.400  -63.987  -26.854 0.4000000060
10870  -44.283  -64.416  -27.040 0.4000000060
10869  -43.820  -64.239  -26.910 0.4000000060
11648  -43.632  -63.532  -27.979 0.4000000060
14014  -50.115  -59.912  -26.807 0.3000000119
12400  -47.394  -62.186  -25.617 0.4000000060
12399  -46.379  -62.351  -25.153 0.4000000060
11608  -45.945  -63.107  -25.585 0.4000000060
12398  -45.354  -62.841  -24.945 0.4000000060
12383  -44.759  -62.368  -24.651 0.4000000060
11605  -43.743  -63.700  -26.173 0.4000000060
12396  -43.752  -62.868  -25.338 0.4000000060
11635  -43.584  -63.599  -27.019 0.4000000060
12450  -44.234  -62.204  -29.144 0.4000000060
13999  -48.253  -60.280  -25.932 0.4000000060
13986  -47.601  -60.835  -25.438 0.4000000060
13169  -45.148  -61.579  -24.574 0.4000000060
13168  -44.252  -61.718  -24.590 0.4000000060
12428  -43.591  -62.342  -27.472 0.4000000060
12413  -43.466  -62.763  -26.255 0.4000000060
13244  -44.752  -61.344  -30.422 0.4000000060
14855  -47.293  -60.003  -25.802 0.4000000060
13985  -46.578  -60.574  -25.200 0.4000000060
13972  -44.622  -60.877  -24.522 0.4000000060
13209  -43.257  -61.619  -26.595 0.4000000060
13971  -43.729  -60.876  -24.609 0.4000000060
14866  -47.079  -59.313  -26.224 0.4000000060
15729  -45.860  -59.014  -25.524 0.4000000060
178616  -45.095  -58.426  -25.214 0.4000000060
15767  -48.255  -58.144  -28.915 0.4000000060
15741  -47.303  -58.836  -26.795 0.4000000060
15747  -46.977  -58.194  -26.993 0.4000000060
15808  -50.206  -58.256  -32.367 0.3000000119
16698  -50.531  -58.082  -32.930 0.3000000119
162506  -44.206  -60.190  -24.489 0.4000000060
15757  -47.770  -58.125  -28.225 0.4000000060
169208  -50.492  -57.773  -32.974 0.3000000119
16620  -46.369  -57.939  -26.596 0.4000000060
10914  -43.946  -64.551  -30.201 0.4000000060
10902  -43.796  -64.510  -29.270 0.4000000060
10888  -43.661  -64.237  -28.441 0.4000000060
11659  -43.693  -63.575  -28.984 0.4000000060
13184  -48.642  -61.569  -25.895 0.4000000060
175445  -47.125  -62.959  -26.606 0.4000000060
167600  -49.901  -60.668  -26.324 0.3000000119
11607  -44.946  -63.480  -25.421 0.4000000060
14880  -49.404  -59.513  -27.334 0.3000000119
13987  -48.353  -61.029  -25.580 0.4000000060
13183  -47.890  -61.584  -25.567 0.4000000060
13170  -46.093  -61.515  -24.823 0.4000000060
14879  -48.423  -59.320  -27.139 0.4000000060
14854  -46.537  -59.571  -25.668 0.4000000060
13193  -43.402  -61.896  -25.543 0.4000000060
178362  -45.248  -59.321  -24.929 0.4000000060
14878  -47.814  -58.944  -27.177 0.4000000060
11638  -48.135  -63.665  -28.268 0.3000000119
10148  -45.412  -65.800  -31.788 0.3000000119
10155  -45.407  -65.492  -32.437 0.3000000119
10903  -45.251  -65.343  -29.940 0.3000000119
10881  -46.657  -64.334  -28.504 0.3000000119
10926  -44.946  -65.054  -32.001 0.3000000119
166795  -44.628  -65.164  -30.551 0.3000000119
11623  -47.407  -63.304  -27.456 0.3000000119
11637  -46.466  -63.840  -27.649 0.3000000119
14889  -49.591  -59.230  -28.355 0.3000000119
14888  -48.748  -59.045  -28.096 0.3000000119
15758  -48.415  -58.561  -28.613 0.3000000119
15777  -49.490  -58.536  -30.888 0.3000000119
12416  -48.823  -62.296  -26.694 0.3000000119
14867  -47.764  -59.475  -26.522 0.3000000119
10878  -43.687  -64.253  -27.686 0.4000000060
10880  -45.381  -64.353  -27.892 0.3000000119
10889  -43.863  -64.618  -28.339 0.4000000060
10913  -43.692  -64.054  -29.806 0.4000000060
10915  -45.074  -65.500  -31.229 0.3000000119
10916  -45.565  -65.741  -30.489 0.3000000119
10963  -46.150  -64.300  -36.144 0.3000000119
11606  -44.101  -63.658  -25.628 0.4000000060
11621  -43.964  -64.134  -26.318 0.4000000060
11622  -44.610  -63.990  -26.133 0.4000000060
11660  -44.097  -63.030  -29.817 0.4000000060
11674  -44.567  -63.423  -31.448 0.4000000060
11675  -45.123  -63.108  -32.279 0.3000000119
11683  -45.228  -63.833  -32.888 0.4000000060
11710  -46.338  -63.487  -35.530 0.3000000119
12382  -44.061  -62.456  -24.766 0.4000000060
12384  -45.583  -62.170  -24.735 0.4000000060
12397  -44.383  -63.072  -24.948 0.4000000060
12401  -48.141  -62.086  -25.934 0.4000000060
12414  -46.872  -62.756  -25.932 0.4000000060
12415  -47.779  -62.641  -26.473 0.4000000060
12442  -43.814  -62.587  -28.391 0.4000000060
12466  -45.249  -62.253  -31.569 0.4000000060
12476  -46.177  -61.630  -33.276 0.3000000119
13167  -43.714  -61.864  -24.885 0.4000000060
13182  -47.032  -61.553  -25.217 0.4000000060
13255  -42.023  -60.846  -31.905 0.4000000060
13256  -45.089  -61.007  -31.255 0.4000000060
13296  -36.334  -61.227  -34.657 0.5000000000
13318  -35.495  -61.419  -35.947 0.6000000238
13970  -43.153  -60.354  -24.738 0.5000000000
13973  -45.558  -60.744  -24.733 0.4000000060
13983  -43.241  -61.076  -25.005 0.4000000060
13984  -45.799  -59.883  -25.087 0.4000000060
14000  -49.057  -60.818  -25.842 0.4000000060
14041  -42.293  -60.361  -29.510 0.4000000060
14064  -37.169  -59.706  -31.866 0.5000000000
14101  -36.923  -60.666  -34.180 0.5000000000
14102  -37.612  -60.367  -34.589 0.5000000000
14103  -38.316  -60.266  -34.953 0.5000000000
14130  -36.135  -61.123  -36.394 0.5000000000
14131  -37.506  -60.569  -36.576 0.5000000000
14132  -38.421  -60.426  -36.247 0.5000000000
14145  -35.282  -60.582  -37.987 0.4000000060
14146  -36.272  -60.545  -37.752 0.5000000000
14168  -35.863  -60.404  -38.632 0.5000000000
14188  -35.632  -59.972  -39.243 0.5000000000
14189  -36.316  -60.164  -39.068 0.5000000000
14845  -44.974  -60.049  -24.655 0.4000000060
14852  -41.415  -58.904  -25.498 0.4000000060
14853  -42.123  -59.563  -25.412 0.4000000060
14862  -39.100  -59.024  -25.682 0.4000000060
14863  -40.166  -58.844  -25.950 0.4000000060
14868  -49.127  -59.976  -26.420 0.3000000119
14876  -40.649  -59.572  -26.906 0.4000000060
14881  -50.339  -59.575  -27.604 0.3000000119
14899  -48.993  -58.846  -29.055 0.3000000119
14909  -37.239  -59.165  -30.462 0.5000000000
14932  -37.608  -59.217  -32.488 0.5000000000
14943  -38.716  -59.309  -33.801 0.5000000000
14956  -39.502  -59.467  -34.135 0.5000000000
14959  -42.244  -59.321  -35.192 0.6999999881
14978  -39.756  -60.140  -36.808 0.5000000000
14980  -41.995  -59.507  -36.617 0.6999999881
14993  -37.781  -60.193  -38.106 0.6000000238
14994  -38.630  -60.077  -37.923 0.5000000000
15016  -34.004  -60.023  -38.939 0.4000000060
15017  -36.866  -59.971  -39.096 0.6000000238
15021  -40.518  -59.246  -38.790 0.6999999881
15023  -42.281  -59.012  -38.499 0.6999999881
15034  -34.841  -59.445  -39.256 0.5000000000
15035  -35.666  -59.305  -39.505 0.5000000000
15040  -39.983  -58.961  -39.573 0.6999999881
15046  -37.122  -59.187  -40.067 0.6000000238
15717  -41.767  -57.920  -24.759 0.4000000060
15719  -42.933  -58.857  -24.505 0.5000000000
15726  -41.045  -58.044  -25.205 0.4000000060
15728  -44.147  -58.240  -24.742 0.5000000000
15738  -40.752  -58.589  -25.702 0.4000000060
15739  -45.873  -58.143  -25.958 0.4000000060
15740  -46.584  -58.716  -26.261 0.4000000060
15748  -47.546  -58.466  -27.460 0.4000000060
15749  -48.091  -58.746  -27.824 0.4000000060
15756  -38.102  -57.826  -27.347 0.4000000060
15768  -48.713  -58.424  -29.410 0.4000000060
15790  -49.827  -58.433  -31.693 0.3000000119
15802  -38.134  -58.508  -32.549 0.5000000000
15803  -38.954  -58.211  -32.867 0.5000000000
15821  -41.481  -58.858  -33.441 0.6999999881
15837  -43.519  -58.668  -34.544 0.6999999881
15838  -44.232  -58.415  -34.811 0.6999999881
15846  -43.150  -59.052  -35.124 0.6000000238
15860  -43.365  -59.200  -36.523 0.6999999881
15862  -45.060  -58.323  -36.143 0.8000000119
15880  -43.667  -58.986  -37.296 0.8000000119
15883  -46.322  -57.366  -37.534 0.6999999881
15897  -43.088  -58.723  -38.649 0.6999999881
15907  -34.503  -58.370  -39.299 0.4000000060
15910  -38.359  -59.082  -40.108 0.6000000238
15911  -39.150  -58.985  -39.929 0.6000000238
15913  -41.811  -58.571  -39.373 0.6999999881
15922  -35.921  -58.007  -39.897 0.5000000000
15927  -40.486  -58.325  -40.086 0.6999999881
16592  -42.504  -58.020  -24.573 0.3000000119
16605  -41.296  -57.281  -25.075 0.4000000060
16618  -44.912  -56.935  -26.099 0.5000000000
16630  -46.539  -57.406  -27.271 0.5000000000
16631  -47.221  -57.883  -27.613 0.4000000060
16657  -37.961  -57.753  -29.962 0.5000000000
16658  -38.406  -57.385  -30.508 0.5000000000
16659  -38.943  -57.043  -30.891 0.6000000238
16664  -48.626  -57.561  -30.080 0.5000000000
16681  -49.726  -57.990  -31.925 0.4000000060
16691  -40.403  -58.028  -32.267 0.6999999881
16692  -41.293  -58.155  -32.162 0.6999999881
16693  -42.772  -58.139  -32.431 0.6000000238
16696  -44.918  -57.163  -32.369 0.6000000238
16709  -44.947  -57.466  -33.004 0.6999999881
16710  -50.944  -57.871  -33.376 0.3000000119
16723  -44.830  -58.074  -34.300 0.6000000238
16753  -47.083  -57.020  -37.052 0.6000000238
16778  -45.851  -57.342  -38.444 0.8000000119
16790  -43.194  -58.029  -39.879 0.6999999881
16792  -44.832  -57.434  -39.529 0.6000000238
16795  -36.545  -57.628  -40.201 0.5000000000
16796  -37.307  -57.672  -40.368 0.6000000238
16797  -38.227  -57.661  -40.420 0.6999999881
16798  -39.163  -57.633  -40.357 0.6999999881
16800  -43.595  -57.381  -40.155 0.6000000238
16801  -44.320  -57.136  -40.150 0.6999999881
17479  -42.581  -56.650  -25.242 0.5000000000
17492  -39.281  -56.668  -26.781 0.4000000060
17493  -39.676  -56.746  -26.159 0.4000000060
17494  -40.370  -56.375  -26.131 0.5000000000
17495  -41.211  -56.169  -26.063 0.5000000000
17514  -42.641  -55.841  -26.915 0.6000000238
17515  -43.560  -55.995  -27.201 0.5000000000
17517  -46.307  -56.623  -27.826 0.6000000238
17527  -41.657  -55.942  -28.341 0.6000000238
17530  -44.962  -55.970  -28.522 0.6000000238
17531  -45.894  -56.077  -28.413 0.6000000238
17542  -38.967  -56.719  -29.609 0.6000000238
17543  -39.729  -56.462  -29.510 0.6999999881
17544  -40.635  -56.340  -29.398 0.6000000238
17561  -38.803  -56.952  -30.242 0.6000000238
17565  -42.253  -56.733  -30.053 0.6000000238
17567  -44.630  -56.375  -30.465 0.6999999881
17570  -48.773  -57.060  -30.616 0.5000000000
17595  -44.847  -56.837  -31.738 0.6999999881
17597  -50.128  -57.202  -32.631 0.4000000060
17615  -46.397  -56.458  -34.591 0.5000000000
17616  -50.742  -57.192  -33.106 0.3000000119
17664  -47.323  -56.460  -36.604 0.5000000000
17682  -47.368  -56.171  -38.430 0.6000000238
17686  -36.078  -55.848  -39.865 0.6000000238
17692  -41.632  -56.557  -39.752 0.6999999881
17696  -46.400  -56.140  -39.350 0.6999999881
17697  -47.029  -55.904  -39.092 0.6999999881
18426  -48.355  -55.936  -30.418 0.5000000000
18439  -45.524  -55.550  -31.842 0.6999999881
18442  -48.592  -55.509  -30.928 0.5000000000
18459  -50.276  -56.223  -32.549 0.3000000119
18509  -47.672  -55.831  -36.486 0.5000000000
18527  -42.706  -55.270  -39.206 0.6999999881
18528  -43.645  -55.411  -39.851 0.6999999881
18530  -48.046  -55.056  -38.813 0.6000000238
18534  -36.769  -55.329  -39.750 0.6000000238
18535  -37.495  -55.530  -39.851 0.6000000238
18536  -38.185  -55.288  -39.711 0.6999999881
18538  -40.546  -55.445  -39.428 0.6999999881
18539  -41.361  -55.662  -39.403 0.6999999881
18541  -44.798  -55.207  -40.117 0.6000000238
18543  -47.678  -54.959  -39.222 0.6000000238
18544  -44.238  -56.048  -40.312 0.6000000238
18546  -46.681  -54.968  -39.881 0.6999999881
19325  -49.282  -55.096  -31.734 0.4000000060
19338  -46.425  -54.231  -32.778 0.6999999881
19339  -46.979  -53.699  -32.387 0.6000000238
19354  -50.924  -54.479  -32.837 0.3000000119
19366  -47.127  -53.777  -34.175 0.5000000000
19367  -53.093  -54.289  -34.161 0.3000000119
19382  -48.071  -54.394  -35.908 0.5000000000
19419  -48.785  -53.916  -38.659 0.6000000238
19426  -39.344  -54.356  -39.220 0.6000000238
19430  -47.397  -54.582  -39.560 0.6000000238
19432  -47.146  -54.178  -39.830 0.5000000000
20247  -51.410  -53.502  -33.721 0.3000000119
20281  -41.746  -53.586  -35.694 0.6000000238
20284  -47.706  -53.348  -34.539 0.5000000000
20289  -53.096  -53.263  -35.521 0.3000000119
20299  -42.108  -54.112  -36.351 0.5000000000
20303  -49.532  -53.432  -36.633 0.4000000060
20307  -54.244  -53.065  -36.552 0.3000000119
20309  -55.350  -52.659  -36.513 0.3000000119
20326  -51.155  -52.684  -37.993 0.5000000000
20332  -40.615  -53.530  -38.338 0.6000000238
20339  -36.967  -53.291  -39.197 0.5000000000
20343  -44.736  -54.077  -39.577 0.6000000238
20344  -45.307  -53.672  -39.669 0.6000000238
20348  -49.947  -52.655  -38.728 0.5000000000
20349  -46.855  -53.571  -39.918 0.6000000238
20351  -48.609  -52.865  -39.056 0.5000000000
21178  -48.976  -52.623  -34.155 0.5000000000
21187  -41.558  -52.675  -34.365 0.4000000060
21188  -42.113  -53.071  -34.060 0.5000000000
21189  -43.234  -52.851  -34.002 0.5000000000
21203  -44.384  -52.685  -35.324 0.5000000000
21205  -49.495  -52.677  -35.252 0.3000000119
21208  -52.655  -52.805  -36.276 0.3000000119
21220  -41.416  -53.024  -36.145 0.6000000238
21221  -44.084  -53.229  -35.783 0.5000000000
21222  -44.926  -52.492  -36.133 0.5000000000
21225  -54.313  -52.519  -37.093 0.3000000119
21237  -40.915  -52.291  -37.701 0.5000000000
21253  -50.717  -52.392  -38.829 0.5000000000
21256  -53.224  -52.097  -38.217 0.3000000119
21262  -39.183  -52.944  -38.851 0.5000000000
21263  -45.625  -52.992  -39.386 0.5000000000
21264  -46.554  -52.749  -39.665 0.5000000000
21266  -49.436  -52.476  -39.002 0.5000000000
21269  -52.092  -52.042  -38.834 0.5000000000
21271  -48.287  -52.484  -39.293 0.5000000000
22060  -41.855  -51.419  -32.650 0.4000000060
22078  -41.269  -51.959  -33.870 0.4000000060
22079  -44.129  -52.013  -33.821 0.4000000060
22108  -55.504  -52.081  -36.484 0.3000000119
22131  -39.614  -51.452  -38.666 0.5000000000
22132  -40.392  -51.768  -38.261 0.5000000000
22133  -46.172  -51.557  -38.098 0.5000000000
22139  -38.028  -51.891  -38.903 0.5000000000
22142  -50.552  -51.687  -39.465 0.5000000000
22143  -51.305  -51.368  -39.506 0.4000000060
22144  -52.061  -51.598  -39.192 0.4000000060
22146  -47.672  -52.374  -39.553 0.5000000000
22147  -48.282  -51.730  -39.521 0.5000000000
22150  -50.717  -51.080  -39.728 0.4000000060
22929  -40.793  -50.372  -33.933 0.4000000060
22930  -41.177  -51.134  -33.276 0.4000000060
22931  -42.777  -51.456  -32.676 0.4000000060
22968  -46.224  -50.816  -36.362 0.4000000060
22984  -46.533  -50.982  -37.275 0.4000000060
22985  -46.783  -50.876  -38.257 0.5000000000
22988  -46.806  -50.928  -38.993 0.5000000000
22992  -51.948  -51.042  -39.512 0.3000000119
22996  -50.531  -50.439  -39.969 0.3000000119
23781  -41.773  -49.135  -31.728 0.4000000060
23782  -42.477  -48.933  -31.564 0.4000000060
23822  -40.732  -49.736  -34.568 0.4000000060
23847  -45.860  -49.635  -35.624 0.4000000060
23856  -46.572  -49.654  -36.450 0.4000000060
23863  -38.608  -49.411  -38.511 0.3000000119
23864  -39.551  -49.370  -38.426 0.4000000060
23866  -47.754  -49.721  -38.346 0.4000000060
23869  -47.830  -49.958  -39.215 0.4000000060
23870  -48.594  -49.646  -39.463 0.5000000000
23871  -49.665  -49.567  -40.169 0.3000000119
23876  -50.819  -48.989  -40.298 0.3000000119
24674  -41.884  -48.427  -31.547 0.4000000060
24732  -44.641  -48.288  -35.435 0.4000000060
24733  -45.042  -48.817  -35.524 0.4000000060
24736  -40.591  -48.690  -36.909 0.5000000000
24749  -40.291  -48.550  -37.691 0.5000000000
24750  -46.859  -48.575  -36.413 0.4000000060
24759  -49.346  -48.318  -38.827 0.3000000119
24764  -50.575  -48.206  -40.295 0.3000000119
25611  -43.043  -47.541  -31.572 0.4000000060
25635  -40.667  -47.598  -33.130 0.4000000060
25671  -40.141  -47.340  -36.704 0.4000000060
25673  -44.769  -47.368  -36.289 0.4000000060
25674  -45.013  -47.692  -36.295 0.4000000060
25682  -39.934  -47.729  -37.382 0.3000000119
25683  -44.845  -46.990  -36.535 0.4000000060
25684  -45.350  -47.260  -36.550 0.4000000060
25691  -49.553  -47.452  -38.504 0.3000000119
25693  -49.725  -47.826  -39.040 0.3000000119
25697  -50.538  -47.465  -39.898 0.3000000119
26543  -41.765  -46.808  -31.446 0.4000000060
26544  -42.570  -46.646  -31.421 0.4000000060
26557  -40.771  -46.895  -32.483 0.4000000060
26558  -41.233  -46.469  -31.753 0.4000000060
26559  -43.900  -46.885  -32.610 0.4000000060
26574  -40.470  -46.120  -33.080 0.4000000060
26593  -40.118  -46.739  -35.979 0.4000000060
26594  -44.261  -46.215  -36.164 0.4000000060
26601  -44.568  -46.749  -36.361 0.4000000060
26609  -45.893  -46.674  -36.784 0.3000000119
27484  -41.175  -45.609  -31.672 0.4000000060
27485  -43.447  -45.299  -32.307 0.4000000060
27512  -43.857  -45.263  -35.164 0.5000000000
27538  -44.163  -44.651  -37.255 0.4000000060
27540  -45.774  -45.330  -37.437 0.4000000060
27542  -48.939  -45.253  -38.182 0.3000000119
27543  -49.585  -45.171  -38.552 0.3000000119
28391  -40.019  -44.703  -33.765 0.4000000060
28398  -39.747  -44.334  -35.693 0.3000000119
28400  -43.616  -44.681  -35.779 0.5000000000
28422  -45.435  -44.523  -37.739 0.4000000060
28425  -48.844  -44.580  -38.617 0.3000000119
28435  -51.311  -43.915  -39.830 0.4000000060
29304  -39.609  -43.240  -34.089 0.3000000119
29315  -43.390  -43.936  -35.420 0.5000000000
29337  -53.317  -43.261  -38.883 0.4000000060
29350  -51.870  -43.507  -40.044 0.3000000119
29351  -52.566  -43.924  -40.038 0.3000000119
30256  -52.339  -42.382  -37.874 0.4000000060
30257  -52.875  -42.664  -38.662 0.4000000060
30262  -52.765  -42.786  -39.474 0.4000000060
30269  -52.375  -43.114  -39.934 0.4000000060
30274  -51.592  -42.698  -39.964 0.4000000060
31166  -41.867  -42.350  -31.149 0.4000000060
31173  -40.335  -41.836  -31.072 0.4000000060
31214  -51.809  -41.585  -38.448 0.4000000060
31217  -51.410  -41.053  -38.948 0.4000000060
32157  -40.878  -40.421  -30.624 0.4000000060
32158  -41.457  -40.716  -31.078 0.4000000060
32165  -39.486  -40.616  -31.581 0.3000000119
33154  -40.220  -39.380  -30.721 0.4000000060
33155  -40.770  -39.743  -30.674 0.4000000060
35377  -39.896  -36.886  -30.254 0.3000000119
36352  -40.947  -35.992  -30.524 0.4000000060
36370  -41.343  -36.019  -31.171 0.4000000060
154121  -43.071  -56.690  -30.008 0.6000000238
155144  -42.254  -59.449  -36.030 0.6999999881
155790  -40.556  -59.908  -35.415 0.6999999881
157202  -37.548  -58.570  -31.018 0.5000000000
158860  -43.853  -45.014  -34.136 0.4000000060
158987  -43.128  -60.478  -29.121 0.4000000060
159540  -44.383  -45.890  -36.530 0.4000000060
159567  -42.892  -55.894  -39.713 0.6999999881
160659  -44.093  -46.065  -35.475 0.5000000000
160664  -35.285  -55.537  -39.612 0.5000000000
161119  -41.865  -45.308  -31.318 0.4000000060
161804  -40.858  -54.274  -38.517 0.6000000238
161917  -48.977  -58.249  -30.186 0.4000000060
162587  -43.251  -56.014  -28.690 0.6000000238
162606  -43.738  -49.251  -32.378 0.4000000060
162610  -40.691  -43.995  -31.575 0.4000000060
163839  -45.667  -64.764  -28.966 0.3000000119
164211  -36.913  -60.861  -36.018 0.4000000060
164277  -52.400  -49.712  -39.602 0.3000000119
165353  -50.195  -41.792  -40.438 0.4000000060
165505  -34.533  -55.889  -39.407 0.4000000060
165635  -46.413  -62.013  -33.998 0.3000000119
165638  -45.485  -57.256  -39.088 0.8000000119
165705  -40.506  -47.912  -34.812 0.4000000060
166146  -45.064  -52.486  -37.121 0.5000000000
166662  -40.615  -48.834  -35.920 0.5000000000
166925  -42.056  -58.093  -32.070 0.6999999881
167111  -49.282  -49.050  -39.771 0.3000000119
167513  -50.064  -43.156  -39.892 0.4000000060
168422  -41.426  -47.942  -31.772 0.4000000060
169343  -44.077  -56.040  -28.681 0.6000000238
170091  -35.212  -57.955  -39.541 0.5000000000
171354  -45.856  -54.915  -31.533 0.6999999881
174703  -38.975  -60.263  -35.478 0.6000000238
174933  -40.536  -35.346  -30.502 0.4000000060
175428  -46.635  -55.519  -39.548 0.6999999881
175447  -40.210  -59.573  -38.127 0.6000000238
175453  -40.943  -38.261  -30.742 0.4000000060
175502  -39.548  -46.218  -36.750 0.3000000119
176017  -43.895  -64.533  -27.577 0.4000000060
176118  -44.640  -61.958  -29.829 0.4000000060
176148  -44.335  -47.252  -34.012 0.4000000060
176206  -46.488  -57.245  -35.726 0.5000000000
176268  -40.693  -58.880  -33.346 0.6000000238
176970  -42.787  -54.030  -36.010 0.5000000000
177039  -47.447  -53.514  -39.661 0.5000000000
177421  -45.472  -63.627  -26.051 0.4000000060
177621  -44.200  -64.980  -29.870 0.4000000060
177819  -45.431  -56.905  -39.568 0.6999999881
178054  -43.283  -56.925  -40.262 0.6999999881
178221  -37.271  -54.068  -39.387 0.6000000238
178522  -48.115  -51.100  -39.595 0.5000000000
179220  -47.617  -49.123  -37.293 0.3000000119
179332  -38.761  -56.793  -28.175 0.4000000060
179765  -37.283  -59.204  -31.220 0.5000000000
179966  -49.465  -52.616  -34.696 0.5000000000
180036  -49.862  -52.668  -34.169 0.4000000060
180324  -45.220  -52.587  -38.605 0.5000000000
181512  -40.752  -57.959  -40.252 0.6999999881
182528  -37.775  -59.127  -40.159 0.6000000238
182607  -45.442  -65.113  -29.482 0.3000000119
183348  -43.817  -58.261  -33.563 0.6000000238
183399  -36.541  -53.867  -39.333 0.6000000238
183817  -37.729  -58.046  -29.518 0.4000000060
184018  -47.347  -63.878  -28.217 0.3000000119
184715  -51.171  -57.507  -33.461 0.3000000119
184804  -41.624  -59.342  -37.955 0.6999999881
185152  -48.362  -59.736  -26.478 0.4000000060
