#!ascii label  , from subject sub-1012 vox2ras=TkReg
1953
158028  -16.877  -73.246  -37.860 0.5000000000
172426  -14.846  -73.440  -33.541 0.5000000000
152501  -16.186  -73.578  -32.751 0.5000000000
172637  -15.449  -73.554  -31.740 0.5000000000
175513  -17.907  -72.629  -39.581 0.5000000000
5142  -17.110  -73.141  -38.706 0.5000000000
5708  -18.417  -72.615  -38.384 0.5000000000
5707  -17.710  -72.983  -38.069 0.5000000000
5126  -18.422  -72.812  -37.521 0.6000000238
5114  -16.487  -73.335  -36.978 0.5000000000
149536  -15.330  -73.706  -29.874 0.5000000000
5102  -15.615  -73.417  -35.291 0.5000000000
173850  -16.199  -74.441  -29.396 0.5000000000
149551  -16.389  -73.481  -34.355 0.6000000238
173851  -16.573  -73.783  -30.394 0.6000000238
149537  -17.472  -73.554  -33.794 0.6000000238
171463  -17.660  -73.848  -30.890 0.6000000238
173601  -18.584  -74.785  -30.175 0.6999999881
149543  -18.965  -73.327  -33.788 0.6999999881
173533  -18.480  -74.333  -30.866 0.6999999881
149538  -19.068  -73.517  -31.928 0.6999999881
151462  -19.724  -74.630  -31.529 0.6999999881
172072  -18.833  -74.548  -30.823 0.6999999881
5719  -19.175  -72.165  -39.587 0.5000000000
151552  -19.876  -72.208  -38.259 0.6000000238
172437  -19.816  -71.984  -39.117 0.6000000238
172306  -20.760  -72.038  -37.685 0.6000000238
153927  -17.914  -73.276  -36.056 0.5000000000
174261  -18.006  -75.398  -30.982 0.5000000000
171385  -17.281  -75.520  -31.511 0.5000000000
173905  -18.358  -75.819  -34.587 0.6999999881
173684  -18.591  -75.535  -32.590 0.6999999881
173805  -18.993  -75.728  -33.965 0.6999999881
5103  -16.930  -73.457  -35.051 0.6000000238
149542  -18.654  -73.249  -35.273 0.6999999881
151463  -18.971  -75.352  -31.771 0.6999999881
172689  -19.514  -72.891  -33.412 0.6999999881
173532  -20.042  -74.963  -31.589 0.6999999881
171566  -19.892  -72.861  -30.763 0.6999999881
173840  -19.112  -73.938  -30.697 0.6999999881
174275  -19.215  -74.912  -30.938 0.6999999881
174274  -20.844  -74.511  -31.695 0.6999999881
173970  -20.791  -71.698  -30.155 0.6999999881
171379  -22.078  -72.999  -29.432 0.6999999881
171383  -22.061  -73.695  -30.611 0.6999999881
173841  -23.387  -72.469  -29.266 0.6999999881
6357  -19.811  -71.739  -39.916 0.5000000000
6364  -20.491  -71.430  -40.216 0.6000000238
173959  -21.278  -71.252  -39.663 0.6000000238
151996  -21.069  -71.508  -38.897 0.6000000238
171657  -21.991  -71.128  -38.485 0.6000000238
173615  -20.025  -72.414  -37.214 0.6000000238
173958  -22.035  -71.066  -37.403 0.6000000238
178315  -19.670  -72.686  -36.407 0.6000000238
171547  -18.898  -75.943  -35.614 0.6999999881
153858  -19.351  -72.931  -35.759 0.6999999881
173803  -20.215  -75.477  -36.172 0.6999999881
173682  -20.761  -74.853  -36.877 0.6999999881
173849  -20.036  -72.482  -35.378 0.6999999881
171613  -20.139  -75.484  -35.001 0.6999999881
154027  -19.485  -72.893  -34.804 0.6999999881
174016  -20.373  -71.351  -34.580 0.6999999881
173908  -19.581  -75.511  -33.643 0.6999999881
173681  -20.934  -74.792  -33.783 0.6999999881
173903  -20.810  -75.000  -35.489 0.6999999881
180692  -22.079  -73.913  -36.312 0.6999999881
152470  -19.905  -71.237  -33.124 0.6999999881
173845  -19.518  -69.952  -33.166 0.6999999881
173906  -22.355  -73.829  -35.464 0.6999999881
174273  -22.842  -73.590  -32.769 0.6999999881
171384  -21.791  -74.269  -34.021 0.6999999881
173602  -22.191  -71.732  -29.339 0.6999999881
174276  -23.173  -73.324  -30.631 0.6999999881
173531  -23.826  -73.193  -32.839 0.6999999881
173535  -24.451  -72.061  -28.940 0.6999999881
172073  -24.949  -72.192  -29.897 0.6999999881
183447  -20.606  -71.257  -40.925 0.5000000000
6371  -21.073  -71.149  -40.511 0.6000000238
172489  -22.202  -70.457  -41.142 0.6000000238
152390  -22.676  -69.971  -41.845 0.5000000000
152334  -23.007  -70.076  -40.923 0.6000000238
6970  -21.569  -70.149  -43.097 0.5000000000
153133  -21.886  -70.374  -42.119 0.5000000000
172334  -22.623  -70.441  -40.214 0.6000000238
151607  -24.435  -69.044  -40.946 0.6000000238
173699  -22.823  -70.442  -38.353 0.6000000238
171660  -23.360  -70.082  -40.116 0.6000000238
151486  -21.559  -71.371  -36.807 0.6000000238
171923  -20.543  -72.172  -36.034 0.6999999881
173616  -22.011  -70.356  -36.573 0.6999999881
171722  -20.169  -69.609  -34.588 0.6999999881
173846  -21.224  -69.780  -35.660 0.6999999881
172004  -21.989  -73.569  -37.206 0.6999999881
171701  -20.570  -70.127  -34.629 0.6999999881
174015  -20.579  -68.219  -35.136 0.6999999881
171469  -22.679  -73.151  -36.449 0.6999999881
174065  -22.656  -72.909  -37.502 0.6999999881
173844  -21.121  -67.928  -34.391 0.6999999881
173685  -23.579  -72.850  -35.836 0.6999999881
171867  -23.486  -72.615  -37.100 0.6999999881
151714  -22.658  -72.732  -38.221 0.6999999881
171522  -22.317  -70.475  -31.788 0.6000000238
174277  -24.169  -72.973  -34.575 0.6999999881
174116  -24.184  -72.585  -36.532 0.6999999881
173697  -24.355  -72.257  -37.243 0.6999999881
171480  -23.765  -72.025  -37.942 0.6999999881
172079  -23.177  -72.297  -38.838 0.6999999881
172071  -21.478  -70.527  -30.521 0.6999999881
172417  -24.923  -72.805  -34.585 0.6000000238
172158  -25.629  -72.591  -35.476 0.6999999881
174971  -24.943  -72.460  -36.537 0.6999999881
151556  -24.836  -71.167  -30.207 0.6000000238
173541  -24.456  -72.881  -30.379 0.6999999881
172420  -25.385  -72.641  -31.085 0.6999999881
174278  -24.665  -72.865  -33.043 0.6999999881
151990  -25.461  -72.720  -33.466 0.6000000238
182259  -26.036  -72.620  -34.517 0.6000000238
171569  -25.014  -71.377  -29.800 0.6000000238
174069  -25.016  -72.587  -29.955 0.6000000238
171761  -25.923  -72.589  -31.463 0.6000000238
172418  -26.805  -72.367  -31.610 0.5000000000
174067  -26.973  -72.466  -33.169 0.5000000000
172157  -27.649  -72.192  -33.078 0.5000000000
149566  -26.644  -70.453  -29.502 0.6000000238
172518  -27.607  -70.713  -29.550 0.5000000000
151749  -26.963  -71.914  -30.192 0.5000000000
172995  -23.399  -69.593  -41.536 0.6000000238
149572  -23.163  -69.311  -42.532 0.6000000238
171661  -25.632  -67.873  -41.275 0.5000000000
9517  -26.386  -66.542  -41.563 0.6999999881
6971  -22.320  -69.765  -42.765 0.5000000000
8253  -23.550  -67.972  -43.253 0.6000000238
8892  -24.114  -67.446  -43.153 0.6000000238
8889  -21.857  -67.912  -43.551 0.6000000238
7623  -21.801  -69.460  -43.423 0.6000000238
172332  -25.152  -68.458  -41.076 0.4000000060
8891  -23.366  -67.320  -43.445 0.6000000238
172333  -24.563  -69.142  -39.832 0.5000000000
151933  -24.093  -69.216  -38.418 0.6000000238
173839  -23.385  -69.193  -37.641 0.6000000238
151554  -21.433  -68.385  -36.056 0.6999999881
171424  -22.279  -67.722  -36.580 0.6000000238
151641  -22.187  -66.899  -34.706 0.6999999881
173779  -21.973  -68.536  -33.633 0.6000000238
172094  -23.166  -68.264  -34.351 0.6000000238
173605  -24.326  -71.184  -32.258 0.6000000238
152086  -26.491  -72.266  -36.322 0.6000000238
172563  -25.733  -72.212  -36.778 0.6000000238
172080  -25.077  -72.044  -37.235 0.6999999881
174737  -24.710  -71.771  -37.985 0.6999999881
184573  -23.677  -71.906  -39.303 0.6999999881
151481  -25.361  -70.839  -31.563 0.6000000238
151860  -26.648  -72.476  -35.191 0.6000000238
151664  -23.392  -71.992  -39.881 0.6999999881
174068  -27.867  -71.941  -32.074 0.4000000060
151567  -27.935  -72.089  -34.377 0.4000000060
172128  -27.576  -72.182  -35.425 0.5000000000
172585  -27.186  -72.189  -36.100 0.6000000238
172968  -25.701  -71.766  -37.700 0.6000000238
175315  -24.108  -71.630  -39.601 0.6000000238
153077  -28.165  -69.970  -30.176 0.5000000000
149565  -29.580  -70.129  -30.591 0.5000000000
153496  -29.494  -70.700  -30.519 0.5000000000
174132  -28.270  -71.626  -30.952 0.5000000000
149561  -28.475  -71.771  -35.598 0.4000000060
149562  -27.939  -71.775  -36.462 0.6000000238
10219  -26.920  -65.879  -41.466 0.6000000238
172551  -25.475  -67.537  -42.015 0.6000000238
152843  -27.096  -66.383  -40.795 0.6000000238
9548  -24.061  -66.580  -43.360 0.6000000238
10232  -25.492  -65.854  -42.733 0.5000000000
161037  -26.524  -64.844  -42.365 0.6000000238
11013  -26.366  -64.281  -42.539 0.6000000238
8858  -26.041  -67.301  -41.394 0.6000000238
9547  -23.157  -66.602  -43.508 0.6999999881
175123  -25.247  -64.934  -43.034 0.6000000238
11790  -26.883  -63.637  -42.259 0.6000000238
182337  -25.669  -68.063  -39.249 0.5000000000
149605  -26.140  -67.577  -40.694 0.6000000238
10244  -22.827  -65.932  -43.210 0.6000000238
11789  -25.970  -63.575  -42.182 0.6999999881
171832  -24.564  -69.015  -38.922 0.5000000000
11010  -23.641  -64.583  -42.546 0.6999999881
179845  -23.951  -68.186  -37.685 0.6000000238
11786  -23.116  -63.974  -42.105 0.6000000238
174017  -22.545  -66.824  -36.236 0.6000000238
173617  -23.246  -67.272  -37.085 0.6000000238
171724  -23.789  -66.731  -36.773 0.6000000238
173754  -23.649  -66.939  -35.450 0.6000000238
151535  -24.262  -70.553  -34.212 0.6000000238
173852  -25.991  -70.773  -33.809 0.6000000238
172548  -29.402  -69.497  -34.770 0.6000000238
173604  -26.715  -70.439  -32.619 0.6000000238
152481  -30.392  -69.055  -35.047 0.6000000238
171418  -28.664  -69.687  -31.755 0.6000000238
171905  -27.004  -71.584  -37.819 0.6000000238
172561  -26.258  -71.426  -38.354 0.6000000238
172078  -25.677  -70.973  -38.987 0.6000000238
152125  -29.576  -69.754  -31.267 0.5000000000
7518  -30.463  -70.209  -31.137 0.5000000000
153832  -29.948  -71.019  -30.874 0.5000000000
173096  -25.250  -70.346  -40.123 0.6000000238
153346  -29.453  -71.436  -35.768 0.4000000060
172660  -27.865  -71.215  -38.309 0.6000000238
152312  -27.050  -71.197  -38.494 0.6000000238
171913  -27.839  -65.103  -40.471 0.6000000238
174139  -26.992  -64.717  -37.705 0.5000000000
177400  -26.698  -65.323  -38.029 0.6000000238
172142  -25.532  -64.968  -36.918 0.5000000000
10233  -26.306  -65.660  -42.220 0.6000000238
174140  -28.178  -64.090  -39.058 0.6000000238
173890  -27.557  -65.666  -40.877 0.5000000000
153351  -26.545  -65.047  -37.420 0.5000000000
149619  -27.393  -65.888  -37.638 0.5000000000
153400  -27.976  -64.082  -41.335 0.5000000000
152479  -27.766  -64.835  -41.166 0.6000000238
149629  -28.438  -63.685  -40.763 0.5000000000
151696  -26.905  -66.033  -39.221 0.6000000238
11772  -25.230  -63.174  -41.735 0.6999999881
12583  -26.621  -63.073  -41.901 0.6000000238
12573  -26.792  -62.435  -41.543 0.6000000238
172318  -25.236  -68.105  -38.376 0.5000000000
11770  -23.438  -63.267  -41.661 0.5000000000
11771  -24.400  -63.174  -41.690 0.6999999881
173848  -24.108  -67.384  -37.457 0.5000000000
171536  -24.776  -67.610  -36.255 0.5000000000
173778  -24.375  -69.305  -35.396 0.6000000238
149584  -28.631  -69.712  -35.743 0.6000000238
180244  -26.903  -70.496  -34.322 0.5000000000
184063  -29.579  -69.351  -35.666 0.6000000238
173853  -28.417  -69.886  -34.434 0.6000000238
177087  -31.019  -69.065  -34.140 0.5000000000
6350  -29.680  -71.172  -36.689 0.5000000000
6349  -29.091  -71.279  -37.313 0.5000000000
152170  -27.435  -70.674  -38.941 0.6000000238
177374  -26.950  -70.178  -39.513 0.6000000238
173475  -26.175  -64.258  -36.516 0.6000000238
149576  -25.948  -64.673  -36.915 0.6000000238
172510  -27.099  -63.865  -36.556 0.6000000238
151676  -25.104  -66.419  -36.634 0.5000000000
181477  -28.731  -63.502  -39.489 0.6000000238
173294  -28.849  -63.253  -40.156 0.6999999881
149581  -26.671  -66.473  -36.777 0.6000000238
158553  -28.044  -62.492  -41.306 0.6000000238
153275  -28.589  -62.879  -40.820 0.6000000238
175550  -26.734  -66.280  -38.999 0.6000000238
13389  -26.274  -61.976  -41.126 0.6000000238
13391  -27.845  -61.653  -40.984 0.6000000238
152413  -25.748  -67.903  -38.671 0.5000000000
173755  -25.375  -69.039  -36.991 0.5000000000
12569  -22.814  -62.701  -41.239 0.5000000000
12570  -23.864  -62.394  -41.219 0.6000000238
173780  -26.437  -69.944  -36.306 0.5000000000
175581  -28.370  -69.585  -36.897 0.6000000238
173759  -27.505  -70.217  -35.290 0.5000000000
149591  -29.865  -68.950  -37.038 0.5000000000
172904  -30.147  -68.976  -36.117 0.5000000000
6927  -29.838  -70.788  -37.557 0.6000000238
149582  -28.282  -70.548  -38.929 0.6000000238
153159  -26.618  -63.765  -35.955 0.6000000238
171870  -25.486  -64.323  -36.308 0.5000000000
151847  -24.405  -65.567  -35.333 0.5000000000
172092  -27.836  -63.349  -36.010 0.6999999881
171776  -24.474  -66.837  -34.618 0.5000000000
149626  -29.195  -62.686  -38.015 0.6999999881
171997  -28.471  -63.365  -37.617 0.6000000238
151661  -26.252  -65.993  -33.925 0.5000000000
172648  -28.994  -62.461  -40.137 0.6000000238
172181  -26.183  -66.598  -36.222 0.5000000000
153314  -27.472  -66.179  -36.829 0.6000000238
13376  -28.415  -61.351  -40.474 0.6999999881
151958  -27.523  -66.486  -38.074 0.6000000238
14217  -27.168  -61.038  -40.721 0.6000000238
172317  -26.525  -67.386  -39.188 0.6000000238
14214  -24.963  -61.186  -40.515 0.6999999881
13399  -25.348  -61.532  -40.711 0.6999999881
172093  -25.583  -68.260  -37.692 0.5000000000
151939  -26.223  -67.749  -38.839 0.5000000000
13386  -23.822  -61.682  -40.575 0.6000000238
173356  -26.475  -68.699  -38.000 0.5000000000
14202  -23.828  -61.108  -40.082 0.5000000000
171939  -27.393  -69.410  -37.463 0.6000000238
151824  -26.435  -69.338  -37.237 0.5000000000
13374  -21.913  -61.728  -40.280 0.6000000238
172095  -27.519  -69.819  -36.514 0.5000000000
153187  -29.293  -69.373  -36.492 0.6000000238
8823  -30.573  -67.971  -39.168 0.5000000000
151918  -24.870  -63.833  -34.917 0.6999999881
173240  -23.655  -64.488  -34.798 0.5000000000
172143  -23.498  -65.942  -34.106 0.5000000000
153194  -27.449  -63.075  -34.388 0.8000000119
152176  -26.323  -63.437  -34.298 0.6999999881
149589  -23.725  -66.968  -33.675 0.5000000000
172804  -25.864  -65.813  -32.996 0.5000000000
181716  -29.422  -61.927  -36.831 0.6999999881
153651  -28.617  -62.710  -35.599 0.6999999881
177114  -28.600  -62.889  -36.293 0.8000000119
153920  -29.446  -61.964  -38.417 0.6999999881
149587  -27.333  -65.484  -32.216 0.5000000000
170794  -29.525  -60.630  -38.881 0.6999999881
149623  -29.475  -61.252  -38.708 0.6999999881
171758  -27.085  -66.100  -35.415 0.6000000238
151539  -26.685  -66.069  -34.672 0.5000000000
15049  -28.322  -59.965  -40.267 0.6000000238
14206  -28.755  -60.650  -40.022 0.6000000238
172348  -27.779  -66.531  -38.764 0.6000000238
14205  -25.958  -60.401  -40.463 0.6999999881
14216  -26.331  -60.979  -40.632 0.6999999881
173435  -26.563  -68.097  -38.581 0.6000000238
153817  -27.565  -66.744  -39.300 0.6000000238
14203  -24.516  -60.789  -40.195 0.6000000238
172441  -27.433  -68.377  -38.755 0.6000000238
183839  -28.123  -69.351  -37.707 0.6000000238
13354  -21.675  -61.231  -39.714 0.6000000238
152708  -28.974  -69.281  -37.425 0.6000000238
152652  -30.047  -68.466  -38.553 0.5000000000
149593  -26.067  -63.276  -32.499 0.6000000238
171869  -24.084  -63.897  -33.631 0.5000000000
173099  -22.977  -64.488  -32.877 0.5000000000
153074  -24.844  -65.924  -32.189 0.5000000000
152319  -28.680  -62.365  -34.611 0.8000000119
149579  -26.107  -65.362  -30.864 0.5000000000
149616  -29.781  -61.301  -37.113 0.6999999881
172721  -28.501  -65.414  -35.162 0.6000000238
15889  -18.455  -58.725  -38.002 0.6000000238
14187  -29.291  -60.214  -39.335 0.8000000119
14987  -19.812  -58.850  -37.853 0.6000000238
15044  -27.146  -59.628  -40.281 0.6999999881
15045  -29.036  -59.645  -39.848 0.8000000119
149624  -28.227  -65.821  -37.287 0.6000000238
15006  -19.593  -59.543  -38.403 0.6000000238
15042  -25.543  -59.888  -40.128 0.6000000238
172316  -27.237  -67.314  -39.206 0.6000000238
152878  -28.342  -66.577  -40.043 0.6000000238
14161  -21.943  -60.437  -38.594 0.6000000238
14184  -22.242  -60.845  -39.220 0.6000000238
14186  -23.993  -60.428  -39.724 0.6000000238
172375  -28.211  -68.423  -39.097 0.6000000238
9508  -28.836  -66.728  -40.473 0.6000000238
14185  -23.138  -60.852  -39.492 0.5000000000
8198  -29.542  -68.205  -39.402 0.5000000000
8846  -30.163  -67.215  -40.823 0.5000000000
172785  -29.826  -65.967  -41.543 0.5000000000
153958  -24.826  -63.548  -32.142 0.5000000000
153242  -27.246  -62.863  -32.738 0.6000000238
172974  -29.278  -61.835  -35.458 0.8000000119
183473  -28.572  -61.829  -33.301 0.6999999881
14111  -29.700  -60.887  -35.525 0.8000000119
14141  -30.133  -60.586  -37.557 0.8000000119
152153  -28.158  -65.565  -34.393 0.6000000238
149597  -27.455  -65.148  -30.957 0.5000000000
16756  -18.515  -57.757  -37.137 0.6000000238
14165  -30.408  -59.921  -38.088 0.8000000119
10928  -28.902  -64.725  -32.739 0.5000000000
15873  -21.245  -58.555  -37.317 0.6999999881
176292  -19.733  -58.225  -37.335 0.6000000238
15921  -29.367  -58.877  -39.582 0.8000000119
154134  -28.933  -65.443  -37.949 0.6000000238
149628  -28.887  -65.210  -35.761 0.6000000238
149596  -29.005  -64.819  -33.662 0.6000000238
15874  -22.088  -58.704  -37.368 0.6000000238
149627  -29.373  -65.110  -38.647 0.6000000238
152943  -28.596  -65.781  -38.699 0.6000000238
149617  -29.634  -64.511  -36.099 0.6000000238
15008  -21.696  -59.912  -38.143 0.6000000238
15029  -25.098  -59.403  -39.682 0.6000000238
15918  -26.747  -59.129  -39.787 0.5000000000
172203  -29.207  -65.287  -39.519 0.6000000238
14163  -23.523  -60.052  -39.062 0.6000000238
8845  -29.107  -67.208  -40.507 0.6000000238
151788  -29.685  -64.559  -40.259 0.6000000238
152290  -29.474  -65.397  -40.993 0.5000000000
171695  -30.243  -64.608  -41.253 0.5000000000
10220  -30.309  -65.710  -41.993 0.5000000000
174398  -30.881  -63.936  -41.139 0.5000000000
152065  -27.331  -62.557  -31.811 0.6000000238
13277  -28.888  -61.401  -33.767 0.6999999881
17654  -17.549  -56.699  -36.253 0.6000000238
16741  -18.041  -57.228  -36.683 0.6000000238
14123  -30.058  -60.529  -36.532 0.8000000119
153775  -27.926  -65.216  -31.578 0.5000000000
16743  -19.706  -57.205  -36.546 0.6000000238
14124  -30.124  -59.655  -36.551 0.8000000119
11670  -29.245  -63.737  -31.329 0.5000000000
16757  -20.121  -57.777  -36.891 0.6999999881
183225  -29.479  -58.364  -39.192 0.8000000119
11692  -29.719  -64.022  -34.008 0.6000000238
10938  -29.629  -64.017  -33.136 0.6000000238
16760  -22.561  -58.034  -37.121 0.8000000119
15905  -28.104  -58.452  -39.486 0.6999999881
152735  -29.464  -64.861  -37.116 0.6000000238
152425  -30.087  -63.877  -35.352 0.6000000238
15875  -22.974  -58.680  -37.681 0.6999999881
162550  -23.589  -58.785  -38.282 0.6999999881
177478  -26.290  -58.562  -39.381 0.6000000238
149625  -29.823  -64.530  -38.074 0.6000000238
11703  -30.861  -63.487  -35.471 0.6000000238
15010  -23.074  -59.561  -38.319 0.6000000238
153401  -30.725  -63.454  -37.033 0.5000000000
174010  -30.411  -63.672  -38.903 0.5000000000
149613  -28.089  -62.013  -32.275 0.6000000238
152761  -27.425  -62.189  -30.851 0.5000000000
17642  -17.112  -56.197  -35.749 0.6000000238
14088  -28.737  -60.428  -33.392 0.6999999881
17653  -16.962  -56.926  -36.017 0.6000000238
176167  -29.468  -60.413  -34.909 0.6999999881
14098  -28.595  -59.788  -34.046 0.6000000238
17656  -19.285  -56.588  -36.245 0.6000000238
18501  -18.850  -55.944  -35.899 0.6000000238
153986  -29.722  -59.901  -35.607 0.6000000238
14973  -29.666  -58.995  -36.177 0.6999999881
16745  -21.537  -57.316  -36.511 0.8000000119
14974  -30.339  -58.965  -37.137 0.6999999881
181106  -30.031  -58.565  -36.654 0.6000000238
16746  -22.301  -57.415  -36.688 0.8000000119
16784  -29.140  -57.844  -39.035 0.8000000119
16775  -30.156  -57.279  -38.277 0.6999999881
16770  -24.344  -57.642  -38.189 0.6999999881
16771  -25.091  -57.577  -38.549 0.6999999881
16772  -26.071  -57.303  -38.560 0.6000000238
17683  -28.629  -57.298  -38.826 0.8000000119
18488  -16.769  -55.868  -34.866 0.6000000238
18500  -17.920  -55.970  -35.943 0.6000000238
17643  -20.644  -56.302  -35.980 0.6999999881
15844  -29.219  -58.442  -35.517 0.6000000238
17657  -21.367  -56.583  -36.154 0.6999999881
17658  -22.122  -56.719  -36.304 0.6999999881
15857  -30.320  -58.045  -37.048 0.6999999881
16749  -30.402  -57.180  -36.919 0.6000000238
17659  -22.846  -56.776  -36.648 0.8000000119
17669  -24.996  -56.191  -37.697 0.6000000238
17674  -25.515  -56.746  -38.139 0.5000000000
17678  -29.969  -56.519  -38.332 0.6999999881
17670  -30.405  -56.488  -37.361 0.6999999881
16735  -30.151  -57.111  -36.079 0.6000000238
17667  -23.456  -56.994  -37.138 0.8000000119
17675  -27.261  -56.202  -38.260 0.6000000238
17676  -27.944  -56.763  -38.595 0.6000000238
17608  -16.253  -55.943  -34.016 0.6000000238
19371  -18.066  -54.940  -34.861 0.6000000238
19387  -19.249  -55.247  -35.555 0.6999999881
18490  -18.392  -55.352  -35.501 0.6000000238
18502  -19.834  -55.950  -35.792 0.6999999881
18493  -22.046  -55.343  -35.595 0.6999999881
18503  -21.921  -56.128  -35.949 0.6999999881
18505  -23.413  -55.375  -36.310 0.6000000238
16734  -29.601  -57.751  -35.753 0.6000000238
18511  -24.509  -55.690  -37.169 0.6000000238
18517  -25.831  -55.938  -37.812 0.6000000238
181310  -28.848  -57.253  -34.329 0.5000000000
164729  -30.502  -55.971  -36.841 0.6000000238
17629  -29.724  -56.670  -34.491 0.5000000000
17610  -29.480  -56.565  -33.825 0.5000000000
18507  -30.591  -55.334  -36.580 0.6000000238
17630  -30.275  -56.279  -34.975 0.5000000000
19359  -17.017  -54.410  -34.083 0.6000000238
19360  -17.738  -54.443  -34.349 0.6000000238
19372  -18.795  -54.719  -35.135 0.6999999881
20271  -19.145  -54.018  -34.822 0.6999999881
168474  -20.284  -54.268  -35.315 0.6999999881
19374  -20.806  -54.718  -35.400 0.6999999881
19376  -22.333  -54.431  -35.358 0.6000000238
18494  -23.010  -54.865  -35.751 0.5000000000
19390  -24.397  -54.370  -36.420 0.6999999881
19391  -25.141  -54.117  -36.755 0.6000000238
19398  -24.898  -54.872  -36.879 0.6000000238
19400  -26.451  -54.510  -37.371 0.6000000238
19401  -27.193  -54.477  -37.460 0.6000000238
179319  -29.576  -55.096  -37.856 0.6000000238
161218  -29.940  -54.615  -37.544 0.5000000000
19392  -30.602  -54.493  -36.551 0.5000000000
19377  -30.900  -54.861  -35.276 0.5000000000
21155  -17.134  -52.394  -31.860 0.6999999881
167980  -18.653  -52.397  -31.533 0.6999999881
21143  -17.701  -52.064  -31.003 0.6999999881
20236  -18.635  -53.355  -33.572 0.6000000238
177811  -18.856  -52.740  -32.661 0.6999999881
21144  -19.448  -52.448  -30.922 0.6999999881
180940  -20.156  -52.985  -29.217 0.6999999881
21116  -20.691  -53.182  -28.435 0.6000000238
20253  -18.739  -53.767  -34.297 0.6999999881
182141  -19.555  -52.737  -32.734 0.6999999881
21145  -20.272  -52.679  -31.534 0.6999999881
163525  -20.199  -52.738  -30.329 0.6999999881
20254  -19.517  -53.465  -34.175 0.6999999881
158203  -19.512  -52.930  -33.307 0.6999999881
21131  -21.027  -53.004  -30.722 0.6999999881
20274  -21.967  -53.896  -34.990 0.6999999881
20275  -22.957  -54.058  -35.175 0.6000000238
19389  -23.728  -54.733  -36.206 0.6000000238
21244  -25.292  -52.974  -37.061 0.6000000238
22111  -26.494  -52.709  -36.288 0.6000000238
169993  -26.205  -54.102  -37.151 0.6000000238
20328  -26.245  -53.705  -37.006 0.6000000238
21231  -27.459  -52.827  -36.776 0.6000000238
20314  -27.612  -53.645  -37.216 0.5000000000
21217  -29.661  -52.775  -36.691 0.6000000238
21218  -30.329  -52.712  -36.360 0.6000000238
20316  -29.562  -53.905  -37.296 0.5000000000
20295  -30.000  -53.322  -36.924 0.5000000000
20278  -31.069  -53.188  -35.698 0.5000000000
21128  -18.522  -52.396  -29.918 0.6999999881
21115  -19.885  -52.732  -28.594 0.6000000238
22020  -20.420  -52.225  -28.326 0.6000000238
22008  -21.207  -52.671  -28.213 0.6000000238
22022  -22.618  -52.567  -29.104 0.4000000060
20203  -21.723  -53.527  -29.677 0.6000000238
20188  -21.510  -53.405  -28.612 0.5000000000
21105  -22.164  -53.000  -28.301 0.5000000000
22031  -22.668  -51.824  -30.408 0.4000000060
22905  -23.421  -50.242  -31.863 0.5000000000
20272  -20.007  -53.823  -34.932 0.6999999881
20237  -20.873  -53.280  -33.600 0.8000000119
21146  -21.121  -52.980  -31.897 0.6999999881
156389  -23.317  -53.399  -29.905 0.5000000000
21133  -23.843  -52.969  -30.025 0.4000000060
22043  -23.635  -51.997  -30.838 0.4000000060
22052  -23.786  -51.303  -31.781 0.4000000060
23790  -24.349  -50.007  -33.108 0.4000000060
20256  -21.492  -53.706  -34.310 0.8000000119
175275  -21.552  -53.623  -33.443 0.8000000119
20223  -21.759  -53.461  -32.115 0.8000000119
20224  -22.537  -53.619  -31.895 0.8000000119
20212  -23.021  -53.605  -30.834 0.6000000238
20205  -24.183  -53.062  -30.522 0.5000000000
22044  -24.470  -52.120  -31.232 0.4000000060
22053  -24.791  -51.617  -32.013 0.4000000060
20273  -20.946  -53.836  -35.081 0.6999999881
20257  -22.601  -53.856  -34.490 0.8000000119
20258  -23.741  -53.782  -34.636 0.6999999881
21194  -24.987  -52.947  -35.129 0.5000000000
21148  -25.063  -52.223  -31.698 0.5000000000
22915  -25.102  -51.111  -32.898 0.4000000060
22923  -25.041  -50.300  -33.815 0.4000000060
20277  -24.390  -53.542  -35.109 0.6000000238
22097  -24.805  -53.149  -36.383 0.5000000000
21214  -26.160  -52.583  -35.526 0.5000000000
22100  -26.948  -52.526  -36.022 0.6000000238
22113  -28.207  -52.494  -36.436 0.6000000238
161238  -28.917  -52.122  -36.051 0.6000000238
21142  -16.989  -51.821  -30.239 0.5000000000
22018  -18.813  -52.052  -28.408 0.5000000000
22880  -20.052  -51.445  -28.723 0.4000000060
22881  -20.954  -51.665  -28.975 0.5000000000
22030  -21.786  -51.655  -29.806 0.5000000000
22895  -22.014  -50.592  -30.814 0.5000000000
157035  -22.768  -50.043  -31.342 0.5000000000
23776  -23.055  -49.214  -31.729 0.5000000000
24686  -23.724  -48.163  -32.613 0.5000000000
23789  -23.772  -49.606  -32.369 0.5000000000
25630  -24.613  -47.431  -33.371 0.5000000000
167330  -22.961  -53.755  -32.754 0.6999999881
20225  -23.680  -53.582  -31.728 0.6000000238
21172  -25.101  -53.019  -32.450 0.5000000000
20214  -24.423  -53.240  -31.221 0.5000000000
23805  -24.582  -49.188  -33.692 0.5000000000
24724  -24.814  -47.899  -33.928 0.5000000000
20239  -23.288  -53.793  -33.706 0.6999999881
169017  -24.213  -53.637  -33.655 0.6000000238
21160  -25.489  -52.360  -32.193 0.5000000000
22063  -26.138  -51.777  -32.840 0.4000000060
22936  -26.073  -50.511  -34.164 0.5000000000
23818  -25.288  -49.454  -34.360 0.4000000060
24712  -25.781  -48.578  -34.571 0.5000000000
21195  -25.870  -52.601  -34.881 0.5000000000
21182  -26.592  -52.343  -33.891 0.5000000000
21174  -26.252  -52.297  -33.189 0.6000000238
22064  -26.575  -52.038  -33.177 0.5000000000
22925  -26.557  -51.615  -33.514 0.5000000000
22948  -26.760  -50.266  -34.681 0.5000000000
21196  -26.702  -52.435  -34.796 0.5000000000
22084  -27.938  -52.014  -35.008 0.5000000000
22071  -27.062  -51.981  -33.759 0.5000000000
22937  -27.114  -51.267  -34.274 0.5000000000
22101  -28.190  -52.174  -35.738 0.6000000238
184854  -29.256  -51.195  -35.472 0.6000000238
22029  -17.311  -51.500  -29.422 0.5000000000
22877  -17.617  -51.157  -29.144 0.5000000000
22878  -18.430  -51.347  -28.860 0.5000000000
22892  -18.981  -50.531  -29.395 0.4000000060
170066  -20.443  -50.843  -29.578 0.4000000060
22016  -16.829  -50.966  -29.348 0.5000000000
22891  -18.130  -50.413  -29.490 0.4000000060
22894  -21.140  -50.680  -30.115 0.5000000000
23775  -22.325  -49.328  -30.907 0.5000000000
24670  -22.631  -48.416  -31.133 0.5000000000
25606  -22.873  -47.567  -31.429 0.4000000060
25616  -24.072  -47.414  -32.789 0.4000000060
27475  -24.254  -45.939  -32.303 0.4000000060
23760  -17.968  -49.554  -30.074 0.4000000060
23761  -18.770  -49.585  -30.085 0.4000000060
23762  -19.787  -49.587  -30.109 0.4000000060
23763  -20.518  -50.019  -30.173 0.5000000000
23764  -21.488  -49.456  -30.258 0.5000000000
24656  -22.043  -48.516  -30.344 0.5000000000
181093  -20.226  -48.644  -30.072 0.4000000060
164965  -20.863  -48.187  -29.918 0.4000000060
25591  -21.611  -47.750  -30.126 0.5000000000
25592  -22.345  -47.661  -30.628 0.4000000060
26537  -22.587  -46.856  -30.993 0.4000000060
26538  -23.189  -46.778  -31.690 0.4000000060
176499  -23.961  -45.439  -31.909 0.4000000060
24652  -17.765  -48.854  -30.263 0.4000000060
24653  -18.504  -48.755  -30.273 0.4000000060
24654  -19.366  -48.689  -30.204 0.4000000060
25603  -18.038  -47.449  -30.198 0.4000000060
25604  -18.670  -47.400  -30.375 0.4000000060
25590  -19.953  -47.850  -30.232 0.4000000060
26522  -20.093  -46.932  -30.452 0.4000000060
184956  -21.417  -46.993  -30.263 0.5000000000
26523  -22.045  -46.951  -30.409 0.5000000000
157494  -22.253  -46.153  -30.739 0.4000000060
162260  -22.852  -46.054  -31.367 0.4000000060
27442  -21.004  -45.738  -30.463 0.4000000060
28342  -21.954  -44.620  -30.732 0.4000000060
28358  -22.604  -44.380  -31.111 0.4000000060
27458  -22.496  -45.246  -31.071 0.4000000060
155985  -23.300  -45.241  -31.548 0.4000000060
149698  -16.913  -47.434  -29.555 0.4000000060
153660  -17.479  -46.848  -29.593 0.3000000119
26550  -18.933  -46.364  -30.332 0.3000000119
27441  -20.133  -46.074  -30.545 0.4000000060
149708  -17.455  -45.511  -29.217 0.4000000060
149705  -18.000  -45.672  -29.586 0.3000000119
27456  -18.726  -45.958  -30.076 0.3000000119
28339  -19.638  -45.439  -30.390 0.4000000060
30200  -20.245  -43.489  -30.106 0.5000000000
29262  -21.385  -44.000  -30.594 0.4000000060
29263  -22.156  -43.748  -30.826 0.4000000060
30202  -22.495  -42.890  -30.886 0.4000000060
30208  -23.873  -42.442  -31.308 0.3000000119
30206  -19.964  -42.723  -29.801 0.5000000000
31146  -20.483  -41.988  -29.976 0.5000000000
163098  -21.296  -42.107  -30.348 0.4000000060
179770  -22.118  -42.134  -30.646 0.4000000060
168210  -23.055  -42.016  -30.905 0.3000000119
149701  -17.483  -46.192  -29.430 0.4000000060
176472  -17.286  -44.944  -28.853 0.4000000060
149702  -18.074  -43.712  -28.900 0.4000000060
30199  -18.776  -43.542  -29.416 0.5000000000
29246  -19.524  -43.476  -29.735 0.5000000000
171792  -17.759  -43.558  -28.095 0.4000000060
155749  -19.141  -42.746  -29.393 0.5000000000
31136  -19.580  -41.822  -29.430 0.5000000000
32129  -19.789  -40.882  -29.236 0.4000000060
32131  -21.293  -40.263  -29.972 0.4000000060
31148  -22.511  -41.302  -30.585 0.3000000119
153005  -19.117  -41.276  -28.616 0.3000000119
149718  -19.480  -40.531  -28.377 0.3000000119
32118  -20.090  -40.096  -29.068 0.3000000119
153800  -16.984  -45.450  -28.826 0.4000000060
154424  -17.638  -43.199  -27.317 0.3000000119
149710  -18.293  -42.155  -27.847 0.4000000060
33129  -21.373  -39.328  -29.755 0.3000000119
28304  -17.154  -43.758  -26.908 0.3000000119
30164  -17.227  -42.531  -26.849 0.3000000119
152711  -24.135  -68.333  -42.626 0.6000000238
153915  -25.262  -66.955  -42.436 0.5000000000
18521  -29.713  -55.748  -38.168 0.6000000238
161869  -28.105  -55.975  -38.291 0.6000000238
153593  -14.399  -73.495  -31.778 0.5000000000
172425  -17.086  -73.615  -32.861 0.6000000238
173843  -18.680  -73.014  -36.509 0.5000000000
151480  -17.996  -73.780  -31.669 0.6999999881
173540  -18.426  -75.342  -31.486 0.6999999881
172419  -19.543  -74.938  -31.216 0.6999999881
173842  -19.635  -70.907  -31.556 0.6999999881
173534  -19.776  -74.393  -30.320 0.6999999881
171415  -20.872  -73.829  -29.877 0.6999999881
171565  -22.625  -70.053  -37.147 0.5000000000
173807  -21.628  -74.405  -35.421 0.6999999881
171725  -21.105  -69.130  -32.542 0.6999999881
149574  -20.098  -70.116  -31.902 0.6999999881
173542  -23.376  -73.340  -34.503 0.6999999881
173111  -24.098  -71.250  -30.319 0.6999999881
172550  -24.535  -68.672  -41.751 0.6000000238
149552  -24.572  -72.712  -35.680 0.6999999881
173756  -23.333  -70.482  -33.174 0.6000000238
172118  -25.821  -70.437  -30.081 0.6000000238
171893  -25.665  -72.198  -29.618 0.5000000000
10246  -24.477  -65.787  -43.276 0.6999999881
172549  -25.007  -71.154  -33.183 0.6000000238
152071  -26.412  -71.857  -37.222 0.6000000238
182823  -24.767  -71.604  -38.623 0.6000000238
171568  -27.177  -69.913  -30.753 0.5000000000
172730  -30.654  -69.682  -32.087 0.5000000000
174684  -28.460  -71.510  -37.134 0.5000000000
10247  -25.136  -65.497  -43.076 0.6000000238
11026  -24.090  -65.228  -43.044 0.6999999881
183041  -26.727  -67.137  -39.764 0.6000000238
171521  -26.339  -70.476  -35.213 0.5000000000
173758  -29.126  -69.623  -33.459 0.6000000238
171520  -27.998  -69.968  -32.880 0.5000000000
152062  -30.159  -69.327  -33.927 0.5000000000
149573  -25.974  -70.316  -39.605 0.6000000238
182063  -30.388  -70.794  -36.849 0.5000000000
152638  -29.250  -61.976  -39.319 0.6000000238
152134  -28.121  -65.348  -32.367 0.5000000000
15890  -19.002  -59.084  -38.155 0.6000000238
14183  -21.438  -60.731  -39.146 0.6000000238
152892  -29.089  -68.616  -38.872 0.6000000238
157464  -20.252  -59.441  -38.185 0.6000000238
15013  -30.307  -59.295  -38.569 0.8000000119
14990  -22.298  -59.397  -37.867 0.6000000238
149612  -30.111  -64.089  -36.738 0.6000000238
15902  -24.664  -58.892  -39.223 0.6000000238
182101  -30.181  -64.085  -38.487 0.6000000238
168249  -30.263  -58.087  -38.276 0.8000000119
11685  -30.251  -63.666  -33.569 0.6000000238
16781  -26.670  -57.875  -38.938 0.6000000238
16780  -25.774  -58.038  -38.972 0.6999999881
18512  -25.334  -55.376  -37.404 0.6000000238
17677  -29.019  -56.354  -38.535 0.6999999881
18519  -27.535  -55.304  -37.865 0.6000000238
158756  -30.762  -54.881  -36.011 0.5000000000
20294  -24.643  -53.553  -36.210 0.5000000000
19409  -28.112  -54.509  -37.564 0.6000000238
19378  -30.964  -54.188  -35.870 0.5000000000
21170  -17.212  -53.076  -32.685 0.6999999881
21171  -18.067  -53.088  -32.924 0.6000000238
21157  -20.299  -52.839  -32.755 0.8000000119
179847  -21.983  -53.447  -31.010 0.6000000238
21113  -18.353  -52.212  -28.919 0.6000000238
21132  -23.454  -52.739  -29.772 0.5000000000
20172  -22.436  -53.218  -28.643 0.5000000000
23819  -26.175  -49.528  -34.715 0.5000000000
22017  -18.026  -51.817  -28.880 0.5000000000
159554  -23.987  -48.959  -32.940 0.5000000000
20240  -23.933  -53.673  -32.779 0.6000000238
157271  -24.959  -53.108  -33.393 0.6000000238
22073  -27.981  -51.358  -34.900 0.5000000000
22890  -17.371  -50.293  -29.638 0.5000000000
24655  -21.379  -48.554  -30.007 0.6000000238
24668  -17.474  -48.245  -30.178 0.4000000060
24669  -18.235  -48.089  -30.338 0.4000000060
25589  -19.001  -47.987  -30.374 0.4000000060
164862  -18.490  -46.431  -30.066 0.3000000119
25605  -19.351  -47.259  -30.436 0.4000000060
163773  -21.593  -46.315  -30.448 0.5000000000
27443  -21.778  -45.487  -30.606 0.4000000060
28340  -20.418  -45.190  -30.451 0.4000000060
28341  -21.200  -44.876  -30.517 0.4000000060
29272  -22.891  -43.590  -31.159 0.4000000060
29273  -23.631  -43.383  -31.404 0.4000000060
158624  -18.364  -45.056  -29.604 0.3000000119
29260  -19.159  -44.209  -29.730 0.5000000000
155815  -19.805  -44.160  -30.059 0.4000000060
175710  -20.732  -42.803  -30.239 0.5000000000
29261  -20.553  -44.273  -30.377 0.4000000060
30207  -23.179  -42.857  -31.161 0.4000000060
32130  -20.528  -40.581  -29.664 0.5000000000
32140  -21.084  -41.207  -30.102 0.4000000060
31147  -21.793  -41.499  -30.416 0.4000000060
149706  -18.571  -42.986  -28.938 0.5000000000
172037  -18.140  -42.868  -28.167 0.5000000000
149713  -18.714  -42.151  -28.689 0.4000000060
33128  -20.600  -39.279  -28.976 0.4000000060
149709  -18.562  -41.560  -27.889 0.4000000060
176069  -17.510  -42.685  -27.011 0.3000000119
151796  -18.092  -41.814  -27.307 0.3000000119
152541  -18.352  -41.117  -27.303 0.3000000119
5745  -19.744  -72.933  -43.690 0.5000000000
5771  -20.479  -72.568  -44.467 0.5000000000
5785  -21.482  -72.439  -45.210 0.5000000000
5772  -21.251  -72.152  -44.836 0.5000000000
5786  -22.273  -72.193  -45.307 0.5000000000
6412  -22.738  -71.545  -45.193 0.5000000000
5787  -23.159  -71.903  -45.369 0.6000000238
5756  -20.602  -72.531  -43.232 0.5000000000
5757  -21.498  -72.042  -43.264 0.5000000000
153147  -21.853  -71.691  -44.368 0.5000000000
6983  -22.680  -71.167  -44.269 0.5000000000
5773  -24.610  -72.362  -45.024 0.6000000238
7002  -23.900  -70.627  -44.904 0.6000000238
6413  -23.640  -71.151  -45.240 0.6000000238
153605  -19.370  -73.346  -42.799 0.4000000060
152234  -17.960  -75.295  -39.569 0.4000000060
171790  -18.832  -74.846  -39.496 0.4000000060
172840  -18.269  -74.823  -40.133 0.5000000000
172378  -18.909  -74.359  -40.493 0.5000000000
4612  -18.490  -74.234  -41.382 0.5000000000
172741  -19.295  -73.790  -41.226 0.5000000000
172377  -20.233  -73.711  -40.209 0.5000000000
5181  -18.930  -73.712  -42.058 0.5000000000
184859  -20.308  -73.168  -41.627 0.5000000000
5774  -25.419  -72.166  -44.658 0.6000000238
5758  -26.696  -72.538  -43.636 0.6000000238
171793  -21.211  -72.497  -42.267 0.5000000000
149590  -22.077  -72.061  -42.292 0.5000000000
149564  -22.693  -72.067  -41.364 0.5000000000
6403  -25.649  -71.244  -45.021 0.6000000238
151495  -22.306  -71.534  -43.302 0.5000000000
152157  -24.306  -70.230  -44.200 0.6000000238
7010  -24.365  -70.733  -45.167 0.6000000238
5776  -27.073  -71.822  -44.006 0.6000000238
7004  -25.561  -70.011  -44.876 0.6000000238
6404  -26.604  -71.109  -44.538 0.6000000238
5777  -27.756  -71.747  -43.679 0.6999999881
7005  -27.098  -70.288  -44.457 0.6000000238
184078  -27.888  -70.635  -44.108 0.6999999881
173686  -19.291  -75.625  -37.587 0.6000000238
174064  -19.849  -74.988  -38.146 0.6000000238
171865  -20.566  -74.653  -37.829 0.6000000238
172005  -19.074  -75.268  -38.540 0.5000000000
151780  -19.704  -74.668  -39.037 0.5000000000
174066  -20.969  -73.815  -38.984 0.6000000238
172839  -19.613  -74.264  -39.879 0.5000000000
172003  -20.322  -74.084  -39.432 0.5000000000
149553  -20.935  -73.505  -39.771 0.5000000000
178320  -21.428  -72.809  -40.833 0.5000000000
173467  -21.604  -73.002  -40.139 0.5000000000
172463  -21.754  -72.506  -41.455 0.5000000000
5191  -27.771  -73.776  -42.656 0.6999999881
5208  -28.138  -73.000  -43.078 0.6000000238
163972  -28.756  -73.522  -42.717 0.8000000119
149583  -22.866  -71.542  -42.325 0.5000000000
149598  -23.649  -71.015  -42.348 0.5000000000
152364  -24.766  -70.023  -42.745 0.6000000238
5759  -27.544  -72.389  -43.423 0.6999999881
5209  -29.036  -72.834  -43.020 0.6999999881
7643  -25.097  -69.843  -44.405 0.6000000238
6388  -29.019  -71.263  -43.506 0.6999999881
7626  -25.822  -69.520  -44.207 0.6000000238
7645  -27.311  -69.530  -44.238 0.6000000238
7629  -28.101  -69.264  -43.988 0.6999999881
6984  -29.429  -70.326  -43.610 0.6999999881
6389  -29.950  -71.156  -43.315 0.6000000238
172672  -17.713  -75.981  -37.051 0.5000000000
171470  -20.084  -75.329  -37.243 0.6000000238
178517  -20.956  -74.110  -38.309 0.6000000238
171866  -21.646  -73.224  -39.301 0.6000000238
171770  -22.449  -72.595  -39.731 0.6000000238
153061  -22.151  -72.557  -40.671 0.5000000000
173466  -23.985  -71.562  -40.251 0.6000000238
4629  -28.644  -74.154  -42.327 0.6999999881
173095  -23.507  -71.708  -40.832 0.5000000000
151855  -24.252  -71.236  -40.794 0.5000000000
4631  -29.921  -74.190  -41.872 0.5000000000
4605  -30.868  -74.715  -40.638 0.6000000238
173026  -23.952  -71.220  -41.468 0.6000000238
149608  -25.001  -70.176  -41.656 0.5000000000
5192  -30.053  -73.382  -42.198 0.6000000238
169559  -25.486  -69.434  -42.503 0.5000000000
5760  -28.456  -72.102  -43.363 0.6999999881
5746  -29.796  -72.704  -42.736 0.6000000238
8254  -26.177  -69.018  -43.334 0.5000000000
5762  -30.277  -71.925  -42.897 0.6000000238
185438  -30.917  -71.876  -42.536 0.6000000238
8237  -27.412  -68.533  -42.372 0.5000000000
8257  -28.655  -68.656  -43.217 0.6000000238
6985  -30.424  -70.147  -43.439 0.5000000000
8260  -31.277  -68.806  -43.123 0.5000000000
162618  -32.560  -71.300  -42.268 0.5000000000
173574  -18.092  -76.004  -35.998 0.6000000238
173904  -19.508  -75.780  -36.530 0.6000000238
173804  -17.524  -75.830  -35.222 0.4000000060
171769  -24.616  -71.071  -40.045 0.5000000000
4617  -30.827  -73.977  -40.958 0.6000000238
152410  -24.796  -70.589  -40.767 0.5000000000
5182  -30.493  -73.811  -41.571 0.5000000000
163123  -25.698  -69.396  -41.563 0.5000000000
5193  -30.761  -73.042  -41.785 0.5000000000
5170  -31.455  -73.118  -40.724 0.5000000000
4599  -31.800  -73.285  -39.818 0.5000000000
154551  -26.886  -68.834  -41.211 0.5000000000
5748  -31.211  -72.294  -42.042 0.5000000000
5738  -32.342  -72.348  -41.076 0.5000000000
171297  -28.219  -68.608  -41.455 0.6000000238
8222  -29.007  -68.491  -41.692 0.6000000238
6390  -30.989  -71.046  -43.022 0.5000000000
166957  -32.008  -71.958  -41.774 0.6000000238
8223  -30.081  -68.379  -42.048 0.6000000238
8241  -31.657  -68.635  -42.691 0.5000000000
173907  -17.498  -75.546  -32.999 0.4000000060
153218  -25.825  -69.828  -40.218 0.5000000000
161474  -32.512  -73.212  -39.140 0.5000000000
149601  -26.196  -69.379  -40.828 0.5000000000
8206  -27.685  -68.966  -40.847 0.5000000000
5727  -32.903  -72.500  -40.583 0.5000000000
5144  -33.408  -73.316  -38.737 0.5000000000
5129  -34.691  -73.755  -37.777 0.5000000000
174865  -35.807  -74.059  -36.738 0.5000000000
6336  -37.796  -71.672  -34.280 0.5000000000
7585  -29.142  -69.319  -40.202 0.6000000238
8208  -29.594  -68.649  -40.982 0.6000000238
5728  -33.767  -72.634  -40.417 0.5000000000
8209  -30.609  -68.570  -41.107 0.6000000238
5720  -35.468  -72.596  -40.009 0.5000000000
176304  -32.634  -68.769  -41.507 0.5000000000
7601  -33.515  -69.292  -41.475 0.5000000000
6940  -30.407  -70.326  -38.217 0.5000000000
168607  -34.198  -73.278  -39.247 0.5000000000
5130  -35.675  -73.739  -37.541 0.5000000000
183490  -36.136  -73.756  -37.067 0.5000000000
5119  -37.201  -73.213  -36.124 0.5000000000
169293  -29.564  -70.234  -38.924 0.5000000000
7560  -30.931  -69.768  -38.806 0.6000000238
157438  -35.009  -73.257  -39.284 0.5000000000
5147  -36.158  -73.261  -38.246 0.5000000000
166367  -37.778  -72.572  -35.693 0.5000000000
5701  -37.933  -72.192  -34.964 0.5000000000
6908  -37.764  -70.771  -33.892 0.5000000000
7587  -31.084  -68.994  -40.332 0.5000000000
5160  -34.497  -72.960  -39.917 0.5000000000
5713  -36.556  -72.665  -38.809 0.5000000000
6928  -30.813  -70.499  -37.446 0.5000000000
6346  -38.541  -71.411  -36.115 0.5000000000
5705  -38.222  -71.995  -36.353 0.5000000000
6341  -38.243  -71.807  -35.590 0.5000000000
8154  -38.049  -68.456  -33.607 0.4000000060
6915  -38.487  -70.991  -35.485 0.4000000060
183567  -20.353  -71.218  -41.824 0.4000000060
16768  -18.040  -58.205  -37.639 0.5000000000
16732  -16.633  -57.664  -35.895 0.5000000000
16740  -17.171  -57.462  -36.608 0.5000000000
16718  -16.112  -57.613  -34.312 0.5000000000
16719  -16.439  -57.411  -35.072 0.5000000000
157604  -16.762  -58.255  -36.688 0.5000000000
161022  -16.378  -53.346  -32.613 0.5000000000
21168  -15.895  -52.944  -32.065 0.5000000000
177174  -16.914  -52.041  -31.172 0.5000000000
172849  -27.838  -70.080  -39.510 0.5000000000
172752  -27.366  -69.592  -40.105 0.5000000000
6414  -24.500  -71.109  -45.285 0.6000000238
149599  -23.100  -71.027  -43.284 0.6000000238
6415  -26.059  -70.433  -44.893 0.6000000238
153360  -25.380  -69.500  -43.458 0.6000000238
7006  -27.958  -69.911  -44.163 0.6999999881
173679  -20.416  -74.431  -38.650 0.6000000238
175157  -24.448  -70.806  -41.314 0.5000000000
8255  -26.998  -68.835  -43.537 0.6000000238
7646  -28.775  -69.640  -43.836 0.6000000238
8258  -29.557  -68.743  -43.299 0.6000000238
4616  -30.368  -74.620  -41.283 0.6999999881
152506  -25.422  -69.928  -40.818 0.5000000000
149603  -26.807  -68.548  -41.947 0.5000000000
8239  -29.285  -68.489  -42.623 0.6000000238
179404  -30.068  -68.467  -42.908 0.6000000238
7630  -30.847  -69.253  -43.373 0.5000000000
5739  -33.609  -72.150  -41.171 0.5000000000
5737  -31.417  -72.672  -41.409 0.5000000000
5172  -32.693  -72.779  -39.914 0.5000000000
8207  -28.644  -68.822  -40.854 0.5000000000
8225  -31.950  -68.520  -42.020 0.5000000000
7584  -28.236  -69.463  -40.170 0.5000000000
7586  -30.093  -69.160  -40.266 0.5000000000
7571  -29.580  -69.785  -39.423 0.5000000000
5131  -36.500  -73.367  -37.371 0.5000000000
5161  -35.858  -73.049  -39.137 0.5000000000
5132  -37.106  -72.925  -37.313 0.5000000000
6903  -38.026  -70.040  -34.188 0.5000000000
5709  -37.457  -72.449  -37.610 0.4000000060
156855  -38.409  -70.106  -35.030 0.4000000060
4050  -32.882  -74.672  -35.359 0.5000000000
4580  -32.521  -74.575  -36.283 0.6000000238
4581  -33.069  -74.092  -36.119 0.6000000238
4588  -32.180  -74.373  -37.059 0.6000000238
3542  -31.877  -75.885  -38.201 0.4000000060
4582  -34.075  -74.016  -36.279 0.4000000060
178311  -34.094  -73.779  -37.118 0.4000000060
5117  -33.256  -73.756  -36.848 0.5000000000
4593  -31.885  -74.101  -37.859 0.6000000238
4088  -31.721  -73.851  -38.864 0.5000000000
5143  -32.489  -73.512  -38.235 0.4000000060
4077  -31.654  -74.883  -38.462 0.5000000000
4598  -31.445  -74.172  -39.707 0.5000000000
3574  -31.253  -75.531  -39.624 0.6000000238
4614  -28.697  -74.672  -41.787 0.6000000238
4613  -27.839  -74.460  -42.073 0.6000000238
4643  -26.741  -73.723  -42.781 0.6000000238
5206  -26.317  -73.237  -43.311 0.6000000238
4642  -25.932  -73.839  -42.974 0.6000000238
5205  -25.493  -73.373  -43.520 0.5000000000
5223  -24.285  -73.114  -44.584 0.5000000000
5222  -23.518  -73.342  -44.902 0.4000000060
175823  -22.780  -72.830  -45.306 0.5000000000
182736  -37.735  -69.443  -33.150 0.3000000119
5770  -20.200  -72.995  -45.134 0.4000000060
11671  -29.936  -63.621  -31.787 0.4000000060
10929  -30.606  -63.814  -32.245 0.4000000060
11681  -30.771  -63.769  -33.107 0.5000000000
20260  -31.400  -53.209  -34.668 0.5000000000
21198  -30.695  -52.378  -35.740 0.5000000000
21184  -31.406  -52.414  -34.310 0.5000000000
22088  -31.123  -51.757  -34.735 0.4000000060
22951  -29.671  -50.696  -35.456 0.4000000060
21134  -31.486  -52.433  -30.353 0.4000000060
166896  -28.301  -50.513  -35.262 0.4000000060
23834  -29.917  -49.767  -35.428 0.4000000060
22938  -30.773  -50.490  -34.613 0.4000000060
22949  -27.561  -50.472  -34.920 0.4000000060
24728  -29.468  -49.033  -35.377 0.4000000060
22906  -31.560  -50.645  -31.849 0.4000000060
24727  -28.606  -48.925  -35.436 0.4000000060
24714  -29.896  -48.332  -35.055 0.4000000060
23777  -31.601  -49.665  -31.848 0.4000000060
24726  -27.675  -48.749  -35.359 0.4000000060
25662  -29.133  -48.231  -35.319 0.4000000060
24713  -26.450  -48.802  -34.906 0.4000000060
25660  -27.357  -47.917  -35.157 0.4000000060
26552  -24.613  -46.612  -32.898 0.3000000119
25631  -25.225  -47.014  -33.532 0.4000000060
27459  -24.025  -44.752  -31.772 0.3000000119
27476  -24.553  -45.150  -32.204 0.3000000119
26566  -25.386  -46.154  -33.285 0.3000000119
27494  -24.954  -45.666  -32.721 0.3000000119
21162  -31.483  -52.228  -32.041 0.4000000060
22055  -31.474  -51.405  -32.367 0.4000000060
22075  -31.127  -51.164  -34.288 0.4000000060
21175  -31.485  -52.285  -33.486 0.4000000060
22927  -31.131  -50.557  -33.766 0.4000000060
22926  -30.851  -49.982  -34.136 0.4000000060
161598  -31.738  -50.959  -31.118 0.4000000060
182653  -31.466  -50.150  -32.266 0.4000000060
24701  -30.949  -49.111  -33.075 0.4000000060
24729  -30.099  -49.105  -35.171 0.4000000060
4513  -34.212  -74.106  -25.106 0.3000000119
5056  -33.771  -73.313  -25.430 0.3000000119
4514  -34.827  -75.002  -25.552 0.4000000060
4517  -34.476  -74.045  -26.046 0.3000000119
176841  -34.521  -73.622  -26.745 0.4000000060
3980  -36.137  -75.566  -27.647 0.3000000119
4520  -35.562  -74.812  -27.191 0.3000000119
5070  -35.083  -73.851  -27.507 0.4000000060
2956  -36.009  -76.664  -28.059 0.3000000119
3986  -36.411  -75.439  -28.368 0.3000000119
4525  -36.440  -74.790  -28.835 0.3000000119
3458  -36.329  -75.947  -28.481 0.3000000119
3991  -36.551  -75.342  -29.052 0.3000000119
3996  -36.625  -75.218  -29.763 0.3000000119
3463  -35.727  -76.378  -29.736 0.3000000119
3470  -36.309  -75.686  -30.029 0.3000000119
3475  -36.235  -75.625  -30.729 0.3000000119
2974  -35.080  -76.515  -30.457 0.3000000119
3474  -35.453  -76.038  -30.983 0.3000000119
3487  -34.952  -75.786  -31.662 0.3000000119
2511  -33.025  -78.575  -31.408 0.3000000119
2984  -33.685  -77.723  -31.300 0.3000000119
2993  -33.839  -77.074  -31.774 0.3000000119
3486  -34.041  -76.060  -31.969 0.3000000119
4010  -33.779  -75.764  -32.761 0.3000000119
2992  -33.337  -78.068  -32.058 0.4000000060
5069  -34.276  -72.822  -27.077 0.3000000119
3968  -35.273  -76.059  -25.501 0.4000000060
5073  -35.682  -73.799  -28.624 0.4000000060
3442  -35.692  -76.320  -26.431 0.3000000119
5074  -36.356  -74.236  -29.333 0.4000000060
2965  -35.952  -76.520  -28.853 0.3000000119
4533  -36.864  -74.734  -30.411 0.4000000060
4003  -36.770  -75.130  -31.181 0.4000000060
2963  -34.381  -77.698  -29.762 0.3000000119
4012  -35.686  -75.411  -32.272 0.4000000060
164044  -33.095  -78.530  -30.740 0.3000000119
2496  -33.595  -78.184  -30.275 0.4000000060
4026  -34.212  -75.154  -33.269 0.4000000060
3509  -33.093  -76.035  -34.194 0.3000000119
2495  -33.030  -78.505  -30.119 0.3000000119
176016  -33.813  -72.348  -26.427 0.3000000119
5671  -34.002  -71.907  -26.919 0.3000000119
6286  -33.832  -71.549  -26.054 0.3000000119
180293  -34.278  -72.187  -27.571 0.3000000119
5677  -34.533  -71.924  -28.230 0.3000000119
2934  -35.133  -77.355  -24.445 0.4000000060
5684  -35.109  -72.541  -29.011 0.3000000119
177854  -35.490  -77.370  -26.946 0.3000000119
2945  -35.597  -77.082  -26.345 0.4000000060
5076  -35.847  -73.406  -29.576 0.4000000060
5079  -36.115  -73.232  -30.376 0.3000000119
5077  -36.571  -74.131  -30.012 0.4000000060
4539  -36.952  -74.414  -31.337 0.4000000060
2955  -35.478  -77.263  -28.443 0.3000000119
2443  -34.737  -78.346  -26.488 0.3000000119
179924  -36.447  -75.207  -31.989 0.4000000060
4028  -36.429  -74.997  -32.833 0.4000000060
2469  -34.612  -77.995  -28.841 0.3000000119
168055  -33.742  -78.892  -27.834 0.3000000119
4557  -34.857  -74.863  -33.838 0.4000000060
4568  -35.512  -74.698  -34.479 0.5000000000
168723  -34.411  -78.398  -27.958 0.3000000119
4556  -33.859  -74.772  -34.020 0.4000000060
4566  -33.650  -74.532  -34.821 0.4000000060
4575  -34.566  -74.396  -35.357 0.5000000000
2509  -32.445  -78.302  -31.003 0.3000000119
6297  -34.298  -71.501  -27.519 0.3000000119
6856  -34.449  -70.650  -25.934 0.3000000119
2428  -34.953  -77.989  -24.725 0.4000000060
179942  -36.390  -73.128  -31.027 0.4000000060
5084  -36.942  -73.173  -32.289 0.4000000060
2435  -34.806  -78.268  -25.606 0.4000000060
4547  -37.010  -74.331  -32.798 0.4000000060
4559  -36.773  -74.449  -33.545 0.5000000000
4577  -36.482  -74.235  -35.267 0.4000000060
1959  -34.199  -78.857  -26.150 0.3000000119
4576  -35.724  -74.512  -35.267 0.4000000060
1958  -33.352  -79.212  -26.564 0.3000000119
4583  -35.272  -74.306  -36.139 0.4000000060
4589  -34.977  -74.125  -36.996 0.4000000060
1988  -32.907  -78.887  -28.616 0.3000000119
159080  -32.932  -78.474  -29.640 0.3000000119
2972  -32.203  -77.551  -30.458 0.3000000119
6304  -34.922  -71.447  -28.869 0.3000000119
5690  -35.556  -72.461  -29.923 0.3000000119
5695  -36.496  -72.563  -31.540 0.3000000119
1948  -34.163  -78.905  -25.348 0.4000000060
5697  -37.175  -72.795  -33.001 0.5000000000
5093  -37.022  -73.934  -34.895 0.4000000060
166906  -33.600  -79.197  -25.760 0.4000000060
4584  -36.162  -74.221  -35.981 0.4000000060
1956  -32.007  -79.041  -26.414 0.3000000119
1957  -32.522  -79.235  -26.473 0.3000000119
1966  -32.386  -79.005  -27.090 0.3000000119
177211  -32.434  -78.500  -28.127 0.3000000119
3468  -31.963  -76.327  -30.675 0.3000000119
170320  -32.282  -77.490  -29.488 0.3000000119
6316  -35.576  -71.580  -30.160 0.3000000119
5696  -36.838  -72.215  -32.331 0.4000000060
5088  -37.318  -73.295  -33.720 0.4000000060
2442  -31.426  -78.744  -26.305 0.3000000119
2944  -31.245  -77.959  -26.911 0.3000000119
2451  -32.040  -78.682  -27.228 0.3000000119
157592  -31.931  -77.994  -27.796 0.3000000119
2954  -31.841  -76.980  -28.387 0.3000000119
2943  -30.249  -77.637  -26.485 0.3000000119
2947  -30.663  -76.943  -27.237 0.3000000119
2948  -31.409  -77.224  -27.582 0.3000000119
3457  -31.549  -75.826  -28.486 0.3000000119
6325  -36.992  -71.197  -32.378 0.3000000119
167692  -37.163  -71.960  -32.964 0.4000000060
3449  -30.255  -75.907  -27.672 0.3000000119
3985  -30.288  -75.171  -28.342 0.3000000119
182162  -36.789  -69.094  -29.747 0.3000000119
6890  -36.765  -69.772  -31.080 0.3000000119
160925  -37.417  -70.471  -32.848 0.3000000119
7513  -37.129  -68.867  -30.490 0.3000000119
7526  -37.331  -69.032  -31.634 0.3000000119
22086  -29.587  -51.608  -35.689 0.5000000000
25645  -25.623  -47.565  -34.232 0.5000000000
25659  -26.466  -47.939  -34.800 0.4000000060
22074  -30.708  -51.139  -35.018 0.4000000060
4121  -30.488  -75.156  -40.799 0.6000000238
4087  -31.476  -74.881  -39.310 0.5000000000
5128  -33.493  -73.556  -37.769 0.4000000060
5105  -37.309  -73.283  -35.291 0.4000000060
155325  -37.576  -72.615  -34.366 0.4000000060
6326  -37.456  -71.299  -33.357 0.4000000060
7534  -37.544  -69.520  -32.620 0.3000000119
19349  -31.391  -53.906  -33.137 0.5000000000
154730  -31.502  -52.944  -32.724 0.4000000060
22045  -31.566  -51.534  -31.520 0.4000000060
155282  -35.374  -75.594  -26.146 0.3000000119
159499  -34.936  -77.006  -29.966 0.3000000119
2512  -33.501  -78.176  -30.871 0.3000000119
3435  -35.272  -76.783  -25.021 0.4000000060
4027  -35.328  -75.172  -33.093 0.4000000060
2937  -35.272  -77.426  -25.448 0.4000000060
2444  -35.228  -77.754  -26.339 0.3000000119
178790  -35.082  -77.830  -28.028 0.3000000119
159305  -37.094  -74.038  -32.146 0.4000000060
1978  -33.118  -79.104  -28.003 0.3000000119
4570  -37.176  -74.008  -34.097 0.4000000060
2478  -32.754  -78.508  -28.858 0.3000000119
159038  -32.107  -79.285  -25.691 0.3000000119
3462  -31.898  -76.104  -29.154 0.3000000119
6889  -36.600  -70.731  -31.419 0.3000000119
3979  -31.089  -75.328  -28.305 0.3000000119
4653  -24.715  -73.578  -43.813 0.5000000000
4640  -24.323  -74.210  -43.401 0.5000000000
4626  -25.605  -74.362  -42.542 0.5000000000
4118  -27.801  -75.016  -41.316 0.5000000000
4101  -30.177  -75.685  -40.466 0.4000000060
6941  -31.350  -70.091  -38.085 0.4000000060
4060  -32.184  -75.308  -36.782 0.5000000000
162205  -32.525  -75.573  -35.860 0.3000000119
3508  -32.855  -76.957  -34.991 0.3000000119
4038  -33.245  -75.022  -34.473 0.4000000060
3485  -33.612  -76.950  -32.455 0.3000000119
3498  -33.382  -76.523  -33.312 0.3000000119
1536  -32.877  -79.626  -24.724 0.3000000119
1933  -33.363  -79.664  -23.534 0.3000000119
1939  -33.444  -79.427  -24.327 0.3000000119
3967  -34.788  -75.490  -24.833 0.3000000119
1508  -32.924  -80.068  -23.020 0.3000000119
161823  -34.078  -79.247  -22.997 0.3000000119
2427  -34.573  -78.499  -24.215 0.3000000119
2421  -34.964  -77.921  -23.841 0.3000000119
2930  -35.103  -77.223  -23.423 0.3000000119
156570  -35.069  -77.962  -22.903 0.3000000119
1926  -33.468  -79.780  -22.739 0.3000000119
170476  -34.002  -79.525  -22.118 0.3000000119
2420  -34.620  -78.538  -23.354 0.3000000119
2410  -35.063  -78.394  -21.506 0.3000000119
3429  -35.042  -76.649  -24.209 0.3000000119
3961  -34.422  -74.952  -24.139 0.3000000119
1919  -33.761  -79.789  -21.228 0.3000000119
3424  -34.864  -76.235  -23.385 0.3000000119
3418  -35.009  -76.645  -22.562 0.3000000119
5233  -21.737  -73.018  -45.354 0.3000000119
3557  -31.606  -75.706  -38.956 0.5000000000
4119  -28.913  -75.174  -41.159 0.4000000060
4134  -27.109  -74.676  -41.778 0.5000000000
178592  -32.687  -76.265  -35.430 0.3000000119
22897  -32.043  -50.756  -30.477 0.3000000119
22896  -31.888  -50.206  -31.124 0.3000000119
25648  -28.964  -47.382  -34.999 0.3000000119
4651  -23.295  -73.908  -44.522 0.4000000060
4142  -23.929  -74.802  -42.930 0.4000000060
3059  -25.464  -77.315  -39.203 0.4000000060
3581  -25.009  -75.973  -40.799 0.4000000060
3582  -26.263  -75.685  -40.828 0.4000000060
3583  -27.171  -75.658  -40.706 0.4000000060
4099  -28.205  -75.655  -40.578 0.4000000060
4115  -25.059  -75.466  -41.461 0.4000000060
4132  -25.314  -74.951  -42.061 0.4000000060
4117  -26.724  -75.132  -41.318 0.4000000060
2605  -25.889  -78.349  -37.466 0.3000000119
3047  -26.453  -78.234  -38.244 0.4000000060
3554  -27.782  -77.021  -39.442 0.4000000060
4143  -24.766  -74.569  -42.668 0.4000000060
3568  -25.101  -76.608  -39.989 0.4000000060
3046  -25.561  -78.018  -38.333 0.3000000119
3060  -26.225  -77.546  -38.998 0.4000000060
3552  -25.995  -76.848  -39.736 0.4000000060
4116  -25.852  -75.262  -41.435 0.4000000060
3570  -27.527  -76.304  -40.062 0.4000000060
3571  -28.615  -76.394  -39.915 0.4000000060
2588  -27.029  -78.317  -36.845 0.3000000119
171195  -26.733  -78.517  -37.428 0.3000000119
3061  -27.096  -77.653  -38.871 0.3000000119
3048  -27.327  -78.336  -38.139 0.3000000119
3063  -29.896  -77.182  -39.010 0.3000000119
3540  -30.689  -76.750  -39.140 0.3000000119
180337  -28.559  -77.084  -39.330 0.3000000119
3534  -31.828  -76.605  -37.831 0.3000000119
3535  -32.106  -76.136  -37.429 0.3000000119
3541  -31.408  -76.587  -38.528 0.3000000119
3555  -29.314  -76.843  -39.471 0.3000000119
3573  -30.636  -76.130  -39.824 0.3000000119
4100  -29.248  -75.715  -40.516 0.3000000119
2425  -26.146  -78.473  -24.647 0.3000000119
2932  -25.755  -77.658  -24.220 0.3000000119
2426  -30.001  -78.665  -24.908 0.3000000119
3951  -25.737  -75.294  -23.818 0.3000000119
3958  -26.264  -74.931  -24.994 0.3000000119
184101  -28.088  -75.066  -24.246 0.3000000119
3959  -27.840  -75.628  -24.782 0.3000000119
3960  -28.562  -75.797  -23.977 0.3000000119
3428  -28.938  -76.876  -24.061 0.3000000119
2928  -29.474  -77.197  -23.536 0.3000000119
2929  -29.892  -77.849  -23.416 0.3000000119
4496  -27.285  -73.967  -23.767 0.3000000119
4497  -28.099  -73.878  -23.654 0.3000000119
3953  -28.511  -74.608  -23.751 0.3000000119
3954  -29.130  -75.303  -23.394 0.3000000119
3945  -29.704  -75.500  -22.725 0.3000000119
3062  -29.033  -77.408  -38.858 0.3000000119
2424  -25.608  -77.745  -24.911 0.3000000119
3966  -27.125  -75.144  -25.256 0.3000000119
3431  -25.444  -76.271  -25.504 0.3000000119
3426  -25.376  -76.038  -24.654 0.3000000119
3965  -26.458  -75.271  -25.591 0.3000000119
4512  -26.783  -74.827  -24.941 0.3000000119
5047  -28.578  -73.683  -22.959 0.3000000119
1516  -32.806  -79.865  -23.669 0.3000000119
1524  -32.982  -79.780  -24.102 0.3000000119
1927  -34.737  -78.666  -22.324 0.3000000119
1934  -34.060  -79.095  -23.855 0.3000000119
1940  -34.078  -78.998  -24.633 0.3000000119
1946  -32.837  -79.465  -25.634 0.3000000119
1947  -33.497  -79.321  -25.086 0.4000000060
1967  -32.832  -79.187  -27.280 0.3000000119
1968  -33.413  -79.108  -27.377 0.3000000119
1977  -32.605  -78.844  -27.917 0.3000000119
2441  -30.720  -78.341  -26.188 0.3000000119
2452  -34.185  -78.777  -27.103 0.3000000119
2453  -35.044  -78.021  -27.225 0.3000000119
2467  -32.385  -78.071  -28.726 0.3000000119
2468  -33.571  -78.670  -28.610 0.3000000119
2477  -32.677  -78.258  -29.546 0.3000000119
2479  -33.030  -78.636  -29.276 0.3000000119
2493  -32.570  -78.126  -30.199 0.3000000119
2494  -32.813  -78.365  -30.270 0.3000000119
2570  -27.257  -78.021  -36.622 0.3000000119
2587  -26.200  -78.171  -36.891 0.3000000119
2923  -35.174  -77.413  -22.515 0.3000000119
2931  -25.332  -76.986  -24.805 0.3000000119
2949  -35.536  -77.317  -27.641 0.3000000119
2964  -35.243  -77.168  -29.277 0.3000000119
2973  -34.240  -77.392  -30.558 0.3000000119
2985  -34.468  -76.614  -31.232 0.3000000119
3420  -25.523  -75.855  -23.845 0.3000000119
3422  -29.361  -76.289  -23.288 0.3000000119
3443  -35.985  -76.113  -27.203 0.3000000119
3450  -31.217  -76.236  -27.852 0.3000000119
3451  -35.857  -76.736  -27.204 0.3000000119
3452  -36.201  -76.173  -27.803 0.3000000119
3464  -36.315  -75.782  -29.280 0.3000000119
3469  -35.818  -76.056  -30.387 0.3000000119
3520  -32.591  -76.832  -35.816 0.3000000119
3553  -26.855  -76.944  -39.559 0.4000000060
3556  -30.076  -76.685  -39.553 0.3000000119
3569  -26.585  -76.280  -40.224 0.4000000060
3572  -29.703  -76.304  -40.023 0.3000000119
3957  -25.806  -75.159  -24.438 0.3000000119
3962  -34.773  -75.820  -24.130 0.3000000119
3964  -25.777  -75.459  -25.287 0.3000000119
3970  -25.858  -75.749  -26.092 0.3000000119
3973  -35.715  -75.573  -26.836 0.3000000119
3990  -31.541  -75.129  -28.980 0.3000000119
4002  -36.016  -75.614  -31.474 0.4000000060
4011  -34.561  -75.502  -32.465 0.4000000060
4013  -36.907  -74.719  -32.046 0.4000000060
4025  -33.568  -75.403  -33.637 0.4000000060
4049  -32.804  -75.600  -35.005 0.4000000060
4068  -31.847  -75.039  -37.588 0.6000000238
4102  -30.850  -75.347  -40.259 0.6000000238
4103  -31.255  -74.861  -40.040 0.6000000238
4120  -29.861  -75.265  -41.070 0.6000000238
4133  -26.260  -74.703  -42.009 0.4000000060
4141  -23.243  -75.026  -43.197 0.4000000060
4505  -26.618  -74.520  -24.339 0.3000000119
4506  -27.503  -74.548  -24.380 0.3000000119
4518  -35.161  -74.882  -26.422 0.3000000119
4522  -30.152  -74.818  -28.874 0.3000000119
4523  -30.961  -74.680  -28.890 0.3000000119
4524  -35.982  -74.731  -28.019 0.3000000119
4558  -36.006  -74.894  -33.749 0.5000000000
4560  -37.186  -74.006  -33.398 0.5000000000
4567  -34.529  -74.597  -34.528 0.4000000060
4569  -36.462  -74.455  -34.482 0.4000000060
4604  -18.162  -74.633  -40.751 0.5000000000
4615  -29.569  -74.772  -41.610 0.6000000238
4627  -26.296  -74.178  -42.514 0.6000000238
4628  -26.993  -74.235  -42.282 0.6000000238
4630  -29.377  -73.858  -42.337 0.8000000119
4641  -25.152  -74.026  -43.166 0.5000000000
4652  -23.956  -73.813  -44.198 0.4000000060
4661  -22.340  -73.525  -45.161 0.5000000000
5062  -33.984  -73.101  -26.258 0.3000000119
5063  -34.966  -74.240  -26.778 0.3000000119
5080  -36.749  -73.930  -30.787 0.4000000060
5082  -36.825  -73.594  -31.550 0.4000000060
5085  -37.188  -73.663  -32.906 0.4000000060
5094  -37.354  -73.344  -34.541 0.4000000060
5104  -36.816  -73.811  -35.684 0.4000000060
5115  -17.579  -73.163  -37.029 0.5000000000
5116  -32.624  -74.012  -36.695 0.6000000238
5118  -36.524  -73.680  -36.549 0.5000000000
5127  -32.536  -73.751  -37.348 0.5000000000
5145  -34.380  -73.506  -38.575 0.5000000000
5146  -35.330  -73.493  -38.454 0.5000000000
5148  -36.851  -72.856  -37.978 0.5000000000
5159  -33.529  -73.008  -39.556 0.5000000000
5171  -32.191  -72.709  -40.367 0.5000000000
5183  -30.959  -73.356  -41.299 0.5000000000
5207  -27.201  -73.133  -43.135 0.6000000238
5224  -25.084  -72.917  -44.261 0.5000000000
5225  -25.889  -72.736  -43.953 0.5000000000
5232  -20.925  -72.971  -45.312 0.5000000000
5234  -23.729  -72.532  -45.218 0.4000000060
5678  -34.789  -72.845  -28.012 0.3000000119
5694  -35.980  -72.310  -30.737 0.3000000119
5699  -37.421  -72.300  -33.646 0.4000000060
5704  -37.587  -72.635  -36.721 0.5000000000
5710  -38.097  -72.030  -37.197 0.4000000060
5712  -17.807  -72.778  -38.897 0.5000000000
5714  -37.228  -72.294  -38.441 0.5000000000
5718  -18.463  -72.465  -39.216 0.5000000000
5747  -30.497  -72.555  -42.358 0.5000000000
5749  -32.977  -71.721  -41.685 0.5000000000
5761  -29.441  -72.035  -43.158 0.6000000238
5775  -26.248  -71.955  -44.354 0.6000000238
5788  -24.049  -71.710  -45.335 0.6000000238
5789  -24.880  -71.591  -45.185 0.6000000238
6291  -34.241  -71.091  -26.776 0.3000000119
6311  -35.196  -71.775  -29.542 0.3000000119
6315  -29.883  -70.802  -30.705 0.5000000000
6320  -30.661  -70.981  -31.352 0.5000000000
6321  -36.505  -71.650  -31.616 0.4000000060
6337  -38.159  -71.532  -34.993 0.5000000000
6378  -31.646  -71.536  -42.430 0.5000000000
6401  -22.458  -71.425  -44.889 0.5000000000
6402  -23.091  -70.985  -44.938 0.6000000238
6405  -28.208  -71.261  -43.746 0.6999999881
6406  -28.566  -70.517  -43.852 0.6999999881
6411  -21.958  -71.828  -45.122 0.5000000000
6867  -34.541  -70.807  -27.416 0.3000000119
6887  -30.149  -70.667  -30.887 0.5000000000
6897  -37.112  -70.113  -32.001 0.3000000119
6902  -37.718  -70.037  -33.378 0.3000000119
6909  -38.133  -70.876  -34.648 0.5000000000
6926  -29.145  -71.004  -37.915 0.6000000238
6938  -28.735  -70.846  -38.376 0.6000000238
6939  -29.534  -70.535  -38.407 0.5000000000
6951  -29.066  -70.347  -38.929 0.5000000000
6965  -21.254  -70.820  -41.307 0.6000000238
6969  -21.041  -70.634  -42.407 0.4000000060
7003  -24.720  -70.276  -44.922 0.6000000238
7011  -25.133  -70.672  -45.148 0.6000000238
7535  -37.892  -69.317  -33.640 0.3000000119
7559  -30.081  -70.076  -38.896 0.6000000238
7570  -28.690  -69.926  -39.497 0.5000000000
7572  -30.530  -69.503  -39.527 0.5000000000
7588  -32.117  -68.923  -40.437 0.5000000000
7624  -22.600  -69.033  -43.255 0.5000000000
7625  -23.335  -68.622  -43.067 0.6000000238
7627  -26.737  -69.217  -44.089 0.6000000238
7628  -27.520  -68.980  -43.937 0.6000000238
7631  -31.586  -69.233  -43.194 0.5000000000
7644  -26.432  -69.798  -44.553 0.6000000238
8153  -37.801  -68.891  -33.008 0.3000000119
8182  -30.419  -68.581  -37.622 0.5000000000
8210  -31.617  -68.605  -41.212 0.6000000238
8221  -27.521  -68.562  -41.672 0.5000000000
8224  -31.141  -68.434  -42.013 0.6000000238
8238  -28.251  -68.498  -42.323 0.6000000238
8240  -30.807  -68.486  -42.793 0.5000000000
8251  -21.931  -68.745  -43.543 0.6000000238
8252  -22.761  -68.114  -43.449 0.6000000238
8256  -27.693  -68.662  -43.173 0.5000000000
8259  -30.432  -68.768  -43.233 0.5000000000
8832  -28.861  -67.731  -39.863 0.6000000238
8859  -29.496  -66.591  -41.015 0.5000000000
8860  -30.331  -66.490  -41.454 0.5000000000
8877  -24.778  -67.555  -42.565 0.5000000000
8890  -22.540  -67.246  -43.598 0.6000000238
9518  -30.409  -66.078  -42.005 0.5000000000
9533  -24.702  -66.854  -42.946 0.6000000238
9534  -25.726  -66.394  -42.304 0.5000000000
9549  -24.859  -66.162  -43.118 0.5000000000
10231  -23.237  -65.275  -42.858 0.6000000238
10234  -27.109  -65.089  -41.768 0.6000000238
10245  -23.685  -65.910  -43.376 0.6999999881
10919  -28.741  -64.461  -31.817 0.5000000000
10996  -27.479  -64.400  -41.712 0.6000000238
10997  -31.097  -64.447  -41.734 0.5000000000
11011  -24.628  -64.567  -42.725 0.6999999881
11012  -25.843  -65.047  -42.783 0.6000000238
11014  -27.017  -64.287  -42.248 0.6000000238
11015  -30.586  -65.150  -42.016 0.5000000000
11679  -29.490  -63.905  -32.225 0.6000000238
11680  -30.090  -63.636  -32.678 0.6000000238
11686  -30.997  -63.657  -33.949 0.5000000000
11693  -30.407  -63.658  -34.538 0.6000000238
11773  -27.487  -63.745  -41.890 0.6000000238
11787  -24.023  -63.876  -42.156 0.6000000238
11788  -24.973  -63.793  -42.189 0.6999999881
12555  -28.513  -62.063  -40.664 0.6000000238
12571  -24.917  -62.489  -41.395 0.6999999881
12572  -25.902  -62.676  -41.555 0.6000000238
12584  -27.397  -62.964  -41.809 0.6000000238
13353  -20.856  -61.034  -39.666 0.6000000238
13355  -22.451  -61.337  -39.836 0.5000000000
13356  -23.150  -61.489  -40.138 0.5000000000
13375  -22.569  -61.758  -40.346 0.6000000238
13377  -28.909  -61.613  -40.028 0.6000000238
13387  -24.686  -61.811  -40.810 0.6000000238
13388  -25.509  -62.007  -41.026 0.6000000238
13390  -27.019  -61.794  -41.116 0.6000000238
13400  -25.939  -61.519  -40.775 0.6999999881
13401  -26.539  -61.470  -40.836 0.6000000238
14099  -29.135  -60.442  -34.196 0.6999999881
14142  -30.385  -59.814  -37.349 0.8000000119
14159  -20.268  -60.108  -38.640 0.6000000238
14162  -22.724  -60.362  -38.749 0.6000000238
14164  -29.865  -60.612  -38.305 0.8000000119
14204  -25.224  -60.561  -40.351 0.6000000238
14213  -24.364  -61.322  -40.431 0.6999999881
14215  -25.632  -61.044  -40.564 0.6999999881
14218  -28.055  -60.774  -40.619 0.6000000238
14952  -29.124  -59.799  -34.743 0.6000000238
14964  -28.415  -58.522  -34.865 0.6000000238
14965  -29.005  -59.146  -35.290 0.6999999881
14988  -20.689  -59.024  -37.785 0.6000000238
14989  -21.491  -59.245  -37.745 0.6000000238
14991  -30.640  -59.195  -37.924 0.8000000119
15007  -20.924  -59.714  -38.147 0.6000000238
15009  -22.349  -59.987  -38.285 0.6000000238
15011  -23.901  -59.214  -38.837 0.6000000238
15012  -29.887  -60.021  -38.743 0.8000000119
15028  -24.293  -59.661  -39.460 0.6000000238
15030  -25.921  -59.240  -39.762 0.5000000000
15031  -29.689  -59.409  -39.229 0.8000000119
15032  -30.058  -58.649  -38.950 0.8000000119
15041  -24.769  -60.120  -39.946 0.6000000238
15043  -26.334  -59.737  -40.224 0.6999999881
15047  -26.751  -60.315  -40.523 0.6999999881
15048  -27.573  -60.188  -40.529 0.6000000238
15843  -16.282  -58.369  -35.130 0.5000000000
15856  -29.771  -58.254  -36.265 0.6999999881
15869  -17.176  -58.451  -37.482 0.5000000000
15870  -16.874  -58.693  -37.256 0.5000000000
15871  -19.028  -58.384  -37.571 0.6000000238
15872  -20.421  -58.384  -37.339 0.6999999881
15876  -30.534  -58.403  -37.799 0.8000000119
15888  -17.916  -58.824  -38.201 0.6000000238
15891  -23.726  -58.078  -37.999 0.6999999881
15892  -25.050  -58.275  -38.994 0.6999999881
15893  -30.443  -58.717  -38.318 0.6999999881
15900  -17.806  -58.511  -37.847 0.5000000000
15901  -18.139  -58.500  -37.874 0.6000000238
15903  -25.458  -58.705  -39.379 0.6000000238
15904  -27.184  -58.474  -39.377 0.6999999881
15906  -28.937  -58.364  -39.595 0.8000000119
15919  -27.607  -59.042  -39.898 0.5000000000
15920  -28.557  -59.075  -40.022 0.8000000119
16733  -28.917  -57.861  -35.017 0.6000000238
16742  -18.889  -57.239  -36.597 0.6000000238
16744  -20.618  -57.106  -36.441 0.6000000238
16747  -22.887  -57.418  -36.967 0.8000000119
16748  -30.057  -57.670  -36.417 0.6999999881
16754  -17.207  -58.077  -37.206 0.5000000000
16755  -17.763  -57.678  -37.107 0.5000000000
16758  -20.966  -57.891  -36.844 0.6999999881
16759  -21.801  -58.042  -36.881 0.8000000119
16761  -23.260  -57.774  -37.408 0.8000000119
16762  -23.951  -57.339  -37.678 0.6999999881
16763  -30.394  -57.430  -37.730 0.6999999881
16767  -17.541  -58.327  -37.573 0.5000000000
16769  -18.391  -58.252  -37.582 0.5000000000
16773  -26.989  -57.062  -38.592 0.6000000238
16774  -29.511  -57.202  -38.615 0.6999999881
16782  -27.697  -57.719  -38.947 0.6000000238
16783  -28.512  -57.939  -39.169 0.8000000119
16785  -29.750  -57.950  -38.649 0.8000000119
17628  -16.348  -56.724  -34.560 0.5000000000
17641  -16.693  -56.775  -35.387 0.6000000238
17644  -29.725  -57.093  -35.175 0.5000000000
17645  -30.360  -56.442  -35.762 0.6000000238
17655  -18.409  -56.594  -36.304 0.6000000238
17660  -23.600  -56.079  -36.780 0.6000000238
17661  -30.437  -56.503  -36.552 0.6000000238
17665  -17.722  -58.000  -37.406 0.5000000000
17666  -18.095  -57.904  -37.390 0.5000000000
17668  -24.205  -56.552  -37.402 0.6000000238
17673  -24.703  -57.015  -37.925 0.5000000000
17679  -30.303  -56.727  -37.975 0.6000000238
18478  -17.317  -55.073  -34.566 0.6000000238
18489  -17.560  -55.521  -35.288 0.6000000238
18491  -20.669  -55.570  -35.622 0.6999999881
18492  -21.331  -55.895  -35.767 0.6999999881
18495  -30.607  -55.610  -35.655 0.5000000000
18504  -22.695  -55.919  -36.182 0.6999999881
18506  -24.099  -55.197  -36.617 0.6000000238
18513  -26.119  -55.164  -37.540 0.6000000238
18514  -26.778  -55.017  -37.613 0.6000000238
18515  -30.387  -55.672  -37.289 0.6000000238
18518  -26.647  -55.682  -37.877 0.6000000238
18520  -28.757  -55.330  -38.047 0.6000000238
18522  -30.223  -56.069  -37.865 0.6999999881
19361  -18.434  -54.323  -34.577 0.6999999881
19373  -19.577  -54.457  -35.316 0.6999999881
19375  -21.577  -54.454  -35.348 0.6999999881
19388  -20.068  -55.041  -35.509 0.6999999881
19397  -24.972  -52.891  -37.177 0.6000000238
19399  -25.710  -54.540  -37.187 0.6000000238
19402  -29.101  -54.531  -37.613 0.6000000238
19403  -30.368  -54.908  -37.176 0.5000000000
19410  -30.118  -55.337  -37.707 0.6000000238
20171  -21.974  -53.230  -28.362 0.5000000000
20189  -22.259  -53.475  -28.866 0.5000000000
20190  -22.894  -53.333  -29.136 0.5000000000
20191  -23.405  -53.131  -29.565 0.4000000060
20204  -23.754  -53.176  -30.094 0.5000000000
20213  -23.804  -53.359  -30.660 0.6000000238
20226  -24.534  -53.399  -32.076 0.5000000000
20235  -17.701  -53.538  -33.458 0.6000000238
20238  -22.287  -53.768  -33.621 0.8000000119
20241  -31.510  -53.137  -33.730 0.5000000000
20251  -17.462  -53.982  -33.916 0.6000000238
20252  -18.102  -53.883  -34.068 0.6999999881
20255  -20.489  -53.482  -34.363 0.8000000119
20259  -24.658  -53.353  -34.355 0.6000000238
20276  -23.883  -53.940  -35.730 0.6000000238
20296  -30.588  -53.641  -36.462 0.5000000000
20310  -25.130  -52.974  -37.116 0.6000000238
20311  -25.381  -53.174  -36.569 0.6000000238
20312  -25.897  -54.018  -37.096 0.6000000238
20313  -26.758  -53.901  -37.177 0.6000000238
20315  -28.624  -53.781  -37.308 0.5000000000
20317  -30.252  -54.120  -37.058 0.5000000000
20327  -25.973  -53.189  -36.672 0.6000000238
21102  -19.598  -52.361  -28.400 0.5000000000
21103  -20.438  -52.699  -28.216 0.6000000238
21104  -21.366  -53.133  -28.091 0.6000000238
21114  -19.015  -52.462  -28.791 0.6000000238
21117  -22.945  -53.065  -28.888 0.5000000000
21127  -17.767  -52.068  -29.549 0.5000000000
21129  -19.466  -52.652  -29.606 0.6999999881
21130  -20.856  -53.285  -29.402 0.6999999881
21147  -24.082  -52.686  -30.531 0.4000000060
21149  -31.489  -52.324  -31.195 0.4000000060
21156  -17.948  -52.554  -32.171 0.6999999881
21158  -21.257  -53.330  -32.800 0.8000000119
21159  -24.974  -52.834  -31.697 0.5000000000
21161  -26.111  -52.080  -32.659 0.5000000000
21169  -16.492  -52.676  -32.118 0.5000000000
21173  -25.687  -52.591  -32.882 0.6000000238
21181  -20.143  -53.111  -33.683 0.6999999881
21183  -27.129  -52.191  -34.246 0.5000000000
21197  -27.340  -52.261  -34.822 0.5000000000
21199  -31.126  -52.418  -35.132 0.5000000000
21212  -25.238  -53.038  -36.740 0.6000000238
21213  -24.955  -53.197  -35.892 0.5000000000
21215  -26.849  -52.470  -35.476 0.5000000000
21216  -27.498  -52.338  -35.536 0.6000000238
21227  -24.945  -52.950  -37.250 0.6000000238
21228  -25.017  -52.857  -37.096 0.6000000238
21229  -25.217  -53.048  -36.725 0.6000000238
21230  -27.023  -53.291  -36.996 0.6000000238
21232  -28.310  -53.008  -36.983 0.6000000238
21233  -29.188  -53.205  -37.004 0.6000000238
21243  -25.077  -52.942  -37.178 0.6000000238
21245  -26.085  -53.258  -36.729 0.6000000238
21246  -26.496  -53.355  -36.858 0.6000000238
21247  -26.758  -52.908  -36.674 0.6000000238
22019  -19.709  -52.123  -28.279 0.6000000238
22021  -21.795  -52.402  -28.749 0.6000000238
22032  -31.717  -51.595  -30.623 0.4000000060
22054  -25.643  -51.904  -32.249 0.4000000060
22065  -31.376  -51.391  -33.353 0.4000000060
22072  -27.467  -51.929  -34.403 0.5000000000
22083  -25.398  -52.802  -35.696 0.5000000000
22085  -28.696  -51.598  -35.446 0.6000000238
22087  -30.665  -51.803  -35.369 0.4000000060
22098  -25.796  -52.775  -36.097 0.6000000238
22099  -26.405  -52.610  -35.932 0.5000000000
22102  -29.658  -52.275  -36.284 0.6000000238
22103  -30.212  -51.995  -35.873 0.5000000000
22109  -25.534  -52.986  -36.765 0.6000000238
22110  -26.035  -52.858  -36.435 0.6000000238
22112  -27.019  -52.649  -36.414 0.6000000238
22114  -28.981  -52.609  -36.607 0.6000000238
22123  -25.243  -52.959  -37.115 0.6000000238
22124  -26.046  -53.268  -36.833 0.6000000238
22125  -26.255  -53.020  -36.594 0.6000000238
22879  -19.251  -51.433  -28.672 0.4000000060
22882  -32.369  -50.593  -29.682 0.3000000119
22893  -19.780  -50.641  -29.469 0.4000000060
22904  -22.901  -51.036  -31.391 0.5000000000
22914  -24.133  -50.672  -32.439 0.4000000060
22916  -31.343  -50.537  -32.791 0.4000000060
22924  -25.832  -51.090  -33.426 0.5000000000
22950  -28.847  -50.918  -35.346 0.5000000000
22952  -30.312  -50.468  -35.228 0.4000000060
22963  -26.180  -52.708  -36.136 0.6000000238
23791  -31.304  -49.718  -32.612 0.4000000060
23806  -30.778  -49.302  -33.969 0.4000000060
23807  -31.061  -49.870  -33.373 0.4000000060
23817  -24.901  -48.265  -34.103 0.5000000000
23820  -30.472  -49.679  -34.856 0.4000000060
23831  -27.022  -49.452  -35.159 0.5000000000
23832  -28.022  -49.671  -35.427 0.4000000060
23833  -29.027  -49.901  -35.562 0.4000000060
24667  -16.970  -48.671  -30.059 0.4000000060
24685  -23.204  -48.256  -31.910 0.5000000000
24711  -24.670  -47.856  -33.766 0.5000000000
24715  -30.421  -48.798  -34.588 0.4000000060
24725  -26.940  -48.556  -35.173 0.4000000060
25588  -18.037  -46.805  -29.911 0.3000000119
25614  -18.969  -46.886  -30.443 0.3000000119
25615  -23.477  -47.475  -32.131 0.4000000060
25644  -24.974  -47.651  -33.829 0.5000000000
25646  -27.060  -47.188  -34.733 0.4000000060
25661  -28.278  -48.037  -35.321 0.4000000060
26535  -18.493  -46.870  -30.253 0.3000000119
26536  -19.488  -46.590  -30.482 0.3000000119
26551  -23.853  -46.705  -32.291 0.4000000060
26579  -26.357  -47.146  -34.416 0.5000000000
27440  -16.748  -45.954  -28.848 0.4000000060
27455  -18.315  -46.155  -29.838 0.3000000119
27457  -19.461  -46.057  -30.458 0.3000000119
27474  -19.131  -45.835  -30.293 0.3000000119
27495  -25.611  -45.425  -33.031 0.3000000119
28338  -18.844  -44.900  -29.806 0.5000000000
28356  -18.571  -45.546  -29.820 0.3000000119
28357  -19.031  -45.406  -30.097 0.3000000119
28359  -23.357  -44.305  -31.430 0.4000000060
29259  -18.483  -44.343  -29.489 0.3000000119
30201  -21.571  -43.020  -30.599 0.4000000060
31110  -17.599  -42.121  -27.063 0.3000000119
31137  -20.280  -41.281  -29.718 0.4000000060
32141  -21.930  -40.753  -30.333 0.3000000119
149541  -17.693  -73.430  -35.138 0.6999999881
149544  -19.129  -72.324  -38.748 0.5000000000
149547  -24.959  -71.810  -30.067 0.6999999881
149550  -22.239  -70.738  -39.430 0.6000000238
149554  -28.650  -70.479  -30.120 0.5000000000
149563  -27.841  -71.569  -37.429 0.6000000238
149588  -27.869  -65.567  -33.439 0.6000000238
149594  -27.598  -63.237  -35.233 0.8000000119
149595  -28.138  -62.265  -33.021 0.6999999881
149600  -24.371  -70.217  -43.327 0.6000000238
149602  -26.376  -67.482  -39.894 0.6000000238
149604  -26.173  -68.869  -42.271 0.5000000000
149606  -26.623  -67.069  -40.604 0.6000000238
149607  -25.170  -68.564  -40.033 0.5000000000
149609  -24.967  -67.816  -37.879 0.5000000000
149610  -26.990  -66.682  -39.961 0.6000000238
149611  -28.395  -68.955  -38.365 0.6000000238
149614  -26.881  -66.753  -39.298 0.6000000238
149615  -29.182  -62.282  -36.220 0.6999999881
149618  -28.086  -66.410  -39.318 0.6000000238
149620  -29.399  -64.632  -35.240 0.6000000238
149621  -29.732  -61.292  -37.952 0.6999999881
149622  -28.506  -65.971  -39.312 0.6000000238
149695  -16.531  -52.256  -31.559 0.5000000000
149699  -16.821  -48.221  -29.879 0.4000000060
149700  -17.473  -47.488  -29.877 0.4000000060
149707  -17.415  -44.236  -28.414 0.4000000060
149714  -17.814  -44.747  -29.230 0.4000000060
151508  -18.639  -73.707  -31.974 0.6999999881
151513  -21.468  -74.361  -36.563 0.6999999881
151565  -27.029  -65.543  -38.852 0.5000000000
151649  -26.761  -67.685  -38.918 0.6000000238
151677  -17.881  -42.458  -27.366 0.4000000060
151678  -23.453  -70.683  -44.267 0.5000000000
151722  -27.516  -71.348  -29.745 0.5000000000
151731  -27.876  -64.048  -38.118 0.6000000238
151813  -23.076  -71.397  -29.588 0.6999999881
151816  -25.342  -71.514  -38.491 0.6000000238
151870  -25.147  -66.770  -35.391 0.5000000000
151928  -27.487  -63.955  -37.280 0.6000000238
151935  -29.311  -61.214  -34.691 0.6999999881
151940  -20.852  -72.897  -41.399 0.5000000000
151948  -23.970  -69.613  -39.523 0.6000000238
151973  -19.622  -73.884  -40.567 0.5000000000
152029  -26.640  -66.171  -38.687 0.6000000238
152034  -28.134  -63.378  -36.753 0.6000000238
152044  -26.546  -71.338  -29.127 0.6000000238
152063  -25.029  -68.161  -41.990 0.6000000238
152076  -19.963  -72.975  -42.730 0.5000000000
152136  -19.757  -72.217  -32.556 0.6999999881
152168  -17.108  -45.969  -29.140 0.4000000060
152169  -20.141  -73.449  -41.077 0.5000000000
152296  -29.109  -66.183  -40.801 0.6000000238
152308  -26.815  -66.873  -38.463 0.6000000238
152424  -25.755  -71.085  -29.339 0.6000000238
152544  -28.555  -61.327  -32.871 0.6000000238
152582  -26.514  -69.692  -40.097 0.5000000000
152617  -29.147  -62.875  -39.487 0.6999999881
152655  -19.776  -73.329  -41.920 0.5000000000
152662  -28.975  -62.660  -37.022 0.6999999881
152790  -25.146  -68.468  -38.942 0.5000000000
152829  -29.173  -64.767  -34.498 0.6000000238
153081  -15.514  -73.446  -34.318 0.5000000000
153199  -28.046  -67.112  -39.806 0.6000000238
153207  -18.268  -73.525  -33.935 0.6000000238
153283  -17.894  -46.364  -29.678 0.3000000119
153286  -24.831  -69.798  -43.737 0.6000000238
153406  -29.492  -68.844  -37.975 0.6000000238
153417  -25.125  -52.953  -37.229 0.6000000238
153480  -28.536  -71.301  -37.784 0.5000000000
153498  -28.854  -71.517  -36.533 0.4000000060
153657  -24.315  -70.641  -42.007 0.5000000000
153731  -29.607  -61.454  -36.264 0.6999999881
153810  -21.739  -70.799  -40.386 0.6000000238
153865  -29.479  -61.979  -37.564 0.6999999881
153877  -23.802  -70.539  -43.339 0.6000000238
153907  -19.402  -44.805  -30.070 0.5000000000
153966  -30.435  -63.651  -36.147 0.6000000238
154212  -30.158  -64.119  -37.382 0.6000000238
154557  -26.783  -65.458  -31.698 0.5000000000
154822  -30.203  -51.278  -35.445 0.4000000060
155503  -26.856  -68.669  -42.777 0.5000000000
155764  -20.891  -43.510  -30.406 0.4000000060
155893  -35.036  -76.197  -24.758 0.3000000119
156147  -29.787  -69.294  -43.568 0.6000000238
156176  -31.817  -75.339  -29.979 0.3000000119
156714  -27.532  -52.480  -36.197 0.6000000238
157155  -29.809  -67.688  -40.029 0.5000000000
157354  -26.962  -75.511  -25.938 0.3000000119
157440  -29.187  -61.053  -39.378 0.6999999881
157789  -32.065  -76.520  -29.926 0.3000000119
158103  -24.581  -53.437  -35.612 0.5000000000
158729  -28.854  -69.000  -43.701 0.6999999881
158757  -29.760  -64.097  -34.716 0.6000000238
158967  -19.327  -57.777  -36.990 0.6000000238
159006  -27.476  -71.158  -44.134 0.6999999881
159408  -37.014  -73.188  -36.828 0.5000000000
160116  -26.943  -69.306  -40.622 0.5000000000
160314  -22.621  -53.571  -29.786 0.5000000000
160342  -32.812  -78.434  -30.895 0.3000000119
160490  -28.666  -65.422  -36.481 0.6000000238
160948  -20.737  -39.867  -29.558 0.4000000060
161718  -28.076  -77.726  -38.713 0.3000000119
161855  -29.360  -56.382  -33.168 0.5000000000
162380  -27.445  -62.266  -41.384 0.6000000238
162394  -36.633  -75.249  -30.400 0.3000000119
162920  -28.077  -63.284  -41.453 0.5000000000
163024  -35.507  -76.777  -25.752 0.4000000060
163278  -20.979  -73.607  -45.330 0.3000000119
163835  -29.993  -78.494  -24.055 0.3000000119
164502  -16.968  -73.401  -36.028 0.5000000000
165368  -33.569  -74.273  -35.557 0.5000000000
165370  -20.019  -56.616  -36.232 0.6000000238
165559  -23.571  -46.036  -31.851 0.4000000060
165839  -25.559  -64.356  -42.703 0.6000000238
166060  -24.249  -48.147  -33.425 0.5000000000
166444  -24.330  -58.337  -38.606 0.6999999881
166581  -30.296  -77.806  -22.743 0.3000000119
166585  -19.954  -44.760  -30.312 0.4000000060
167520  -25.757  -76.201  -40.434 0.4000000060
167761  -15.784  -53.494  -32.439 0.5000000000
168025  -26.090  -45.698  -33.513 0.3000000119
168141  -31.285  -54.082  -35.003 0.5000000000
168387  -26.379  -56.483  -38.226 0.6000000238
168918  -20.788  -48.956  -29.951 0.4000000060
169212  -27.880  -59.538  -40.323 0.6999999881
170152  -20.822  -47.375  -30.140 0.4000000060
170312  -32.298  -79.499  -24.925 0.3000000119
170925  -24.176  -70.506  -42.711 0.6000000238
171380  -17.917  -75.370  -30.200 0.5000000000
171381  -21.857  -73.968  -32.378 0.6999999881
171416  -16.814  -75.416  -29.932 0.5000000000
171425  -19.156  -72.688  -37.148 0.6000000238
171441  -20.436  -72.876  -42.156 0.5000000000
171461  -17.593  -74.647  -29.740 0.6999999881
171462  -19.462  -73.029  -31.888 0.6999999881
171468  -17.987  -75.647  -33.617 0.4000000060
171497  -24.346  -64.366  -35.535 0.5000000000
171528  -27.708  -65.924  -36.027 0.6000000238
171567  -21.091  -71.241  -35.681 0.6999999881
171587  -26.397  -65.219  -37.549 0.5000000000
171588  -27.334  -66.130  -40.065 0.6000000238
171589  -28.552  -71.845  -33.535 0.4000000060
171668  -27.592  -70.272  -34.025 0.5000000000
171723  -25.364  -69.825  -36.033 0.5000000000
171737  -25.771  -68.014  -38.357 0.5000000000
171738  -28.085  -67.816  -39.482 0.6000000238
171759  -25.809  -66.613  -35.813 0.5000000000
171760  -21.565  -73.537  -38.403 0.6000000238
171791  -26.365  -65.927  -37.549 0.5000000000
171828  -26.454  -65.859  -38.149 0.5000000000
171864  -24.139  -71.774  -38.795 0.6999999881
171894  -28.702  -71.043  -30.231 0.5000000000
171914  -28.516  -64.027  -39.980 0.5000000000
171915  -26.564  -64.500  -37.049 0.6000000238
171944  -26.251  -72.612  -33.428 0.5000000000
171962  -27.808  -64.814  -39.625 0.6000000238
172070  -24.720  -71.096  -30.800 0.6000000238
172150  -22.858  -72.203  -40.493 0.5000000000
172267  -25.799  -63.473  -33.662 0.5000000000
172291  -28.755  -63.317  -38.658 0.6999999881
172302  -20.862  -73.233  -40.571 0.5000000000
172305  -24.606  -68.244  -38.129 0.5000000000
172307  -23.322  -70.183  -39.109 0.6000000238
172347  -26.932  -66.521  -37.481 0.6000000238
172376  -27.392  -68.958  -38.216 0.6000000238
172414  -26.099  -63.647  -35.241 0.6999999881
172436  -19.131  -72.498  -37.896 0.6000000238
172483  -30.965  -69.325  -33.184 0.5000000000
172501  -26.667  -66.514  -38.032 0.6000000238
172502  -26.985  -66.299  -39.349 0.6000000238
172562  -27.152  -71.845  -36.897 0.6000000238
172659  -30.335  -69.899  -31.279 0.5000000000
172754  -27.208  -66.666  -38.948 0.6000000238
172938  -28.796  -65.878  -40.161 0.6000000238
172939  -30.045  -65.394  -41.650 0.5000000000
172975  -28.312  -62.367  -33.718 0.6999999881
173024  -19.968  -72.266  -34.149 0.6999999881
173097  -26.130  -67.674  -39.118 0.5000000000
173165  -21.389  -67.294  -35.559 0.6000000238
173172  -27.386  -64.778  -38.543 0.5000000000
173291  -23.784  -69.590  -40.601 0.6000000238
173293  -25.792  -67.958  -40.160 0.6000000238
173349  -20.459  -71.602  -39.422 0.6000000238
173363  -27.114  -72.414  -34.420 0.6000000238
173368  -15.056  -74.155  -29.158 0.5000000000
173391  -27.305  -62.987  -33.572 0.6000000238
173546  -20.211  -75.245  -33.629 0.6999999881
173573  -19.602  -75.736  -35.278 0.6999999881
173606  -29.888  -69.521  -32.615 0.5000000000
173678  -22.134  -73.182  -38.000 0.6999999881
173695  -22.257  -72.896  -38.756 0.6999999881
173696  -24.828  -71.327  -39.162 0.6000000238
173698  -21.354  -71.613  -38.041 0.6000000238
173757  -25.283  -70.624  -34.866 0.6000000238
173781  -24.817  -67.447  -37.143 0.5000000000
173808  -18.655  -75.947  -36.835 0.6000000238
173847  -20.936  -71.997  -36.709 0.6000000238
173877  -27.511  -65.606  -39.841 0.5000000000
173985  -28.197  -64.486  -40.608 0.6000000238
174063  -21.315  -74.117  -37.605 0.6000000238
174074  -23.142  -72.491  -37.932 0.6999999881
174136  -26.552  -70.776  -38.959 0.6000000238
174168  -24.755  -64.793  -36.291 0.5000000000
174260  -22.597  -73.743  -34.309 0.6999999881
174262  -19.476  -75.231  -31.635 0.6999999881
174408  -17.368  -49.529  -30.054 0.4000000060
174418  -25.097  -72.735  -31.514 0.6999999881
174509  -30.190  -63.852  -39.677 0.5000000000
174591  -24.365  -66.015  -31.407 0.5000000000
174688  -29.816  -64.395  -39.069 0.6000000238
174741  -28.801  -74.024  -23.310 0.3000000119
174827  -23.925  -69.106  -41.952 0.6000000238
174898  -18.706  -75.256  -31.058 0.6999999881
175210  -25.239  -70.767  -39.562 0.5000000000
175783  -19.519  -52.596  -32.084 0.6999999881
175995  -26.320  -68.956  -41.540 0.5000000000
176338  -24.953  -64.107  -35.724 0.5000000000
176537  -25.189  -66.434  -42.726 0.5000000000
176944  -29.282  -74.366  -42.027 0.6999999881
177048  -34.725  -72.402  -40.614 0.5000000000
177302  -21.294  -55.241  -35.504 0.6999999881
177477  -37.635  -72.811  -34.951 0.5000000000
177879  -22.942  -73.318  -35.448 0.6999999881
178057  -23.351  -71.541  -41.644 0.6000000238
178095  -29.279  -62.581  -38.809 0.6000000238
178660  -21.094  -72.133  -44.100 0.5000000000
179038  -25.579  -75.701  -40.974 0.4000000060
179088  -37.583  -70.646  -33.372 0.4000000060
179231  -20.853  -46.552  -30.364 0.5000000000
179641  -23.539  -48.823  -32.323 0.5000000000
179664  -28.033  -78.358  -37.981 0.3000000119
179781  -22.006  -53.675  -32.790 0.8000000119
179813  -35.130  -74.585  -34.919 0.5000000000
179877  -16.332  -73.445  -35.441 0.6000000238
180405  -27.476  -67.929  -39.145 0.6000000238
180627  -36.729  -74.801  -29.564 0.4000000060
180642  -24.559  -52.699  -31.117 0.5000000000
180723  -34.549  -78.533  -24.898 0.4000000060
180866  -20.511  -71.820  -38.617 0.6000000238
181068  -23.630  -68.834  -42.592 0.6000000238
181159  -27.212  -65.608  -32.895 0.5000000000
181171  -25.038  -71.118  -45.243 0.6000000238
181459  -18.373  -75.451  -38.902 0.5000000000
181474  -18.112  -73.689  -32.508 0.6999999881
181509  -20.850  -72.589  -45.113 0.4000000060
181561  -24.408  -63.858  -34.360 0.6999999881
181733  -21.737  -73.578  -37.819 0.6000000238
182173  -26.356  -71.669  -37.791 0.6000000238
182189  -26.661  -66.413  -36.116 0.6000000238
182206  -29.299  -65.278  -40.311 0.6000000238
182615  -17.410  -75.642  -34.329 0.6999999881
182752  -25.573  -52.715  -33.967 0.6000000238
182935  -24.765  -65.199  -43.173 0.6000000238
183222  -28.763  -68.253  -39.439 0.6000000238
183427  -31.205  -76.204  -39.269 0.5000000000
183593  -23.201  -66.969  -32.331 0.5000000000
183657  -34.247  -72.305  -40.937 0.5000000000
183695  -24.586  -53.453  -32.842 0.6000000238
183745  -30.528  -55.953  -36.282 0.6000000238
183873  -31.498  -52.056  -32.772 0.4000000060
184250  -36.210  -71.951  -31.183 0.3000000119
184270  -36.373  -75.831  -28.089 0.3000000119
184293  -29.422  -73.294  -42.636 0.6000000238
184303  -28.180  -68.893  -43.704 0.6999999881
184469  -25.774  -66.953  -41.966 0.6000000238
184971  -31.204  -74.059  -40.338 0.6000000238
184997  -31.363  -51.787  -34.040 0.4000000060
185086  -25.272  -69.591  -44.007 0.6000000238
185175  -22.913  -44.792  -31.329 0.4000000060
185292  -23.872  -69.362  -41.266 0.6000000238
