#!ascii label  , from subject sub-1012 vox2ras=TkReg
695
69082  -36.481  -6.415  -43.307 0.0000000000
67019  -35.109  -8.398  -47.647 0.0000000000
81745  -29.249  5.286  -47.257 0.0000000000
79258  -34.568  3.001  -45.476 0.0000000000
157953  -35.123  -2.248  -50.405 0.0000000000
71924  -39.623  -3.582  -45.506 0.0000000000
80565  -27.239  4.330  -49.259 0.0000000000
155456  -35.479  0.886  -47.957 0.0000000000
72933  -35.345  -2.819  -45.403 0.0000000000
184156  -36.506  -8.345  -46.155 0.0000000000
70088  -39.068  -6.096  -48.508 0.0000000000
68079  -40.541  -7.253  -44.748 0.0000000000
63302  -25.529  -11.134  -37.269 0.0000000000
66914  -32.273  -7.873  -43.077 0.0000000000
85184  -21.908  8.861  -47.697 0.0000000000
84061  -24.429  7.686  -49.830 0.0000000000
84080  -26.771  6.899  -51.725 0.0000000000
86323  -28.493  9.457  -48.370 0.0000000000
86298  -31.399  9.446  -46.471 0.0000000000
81696  -31.639  5.485  -44.661 0.0000000000
82942  -34.364  6.975  -47.071 0.0000000000
79315  -35.369  3.702  -49.581 0.0000000000
75923  -34.008  -0.248  -52.656 0.0000000000
74899  -37.211  -0.808  -52.678 0.0000000000
70098  -36.614  -5.252  -49.552 0.0000000000
72981  -37.921  -2.716  -50.021 0.0000000000
73874  -34.836  -1.161  -44.549 0.0000000000
71911  -34.403  -3.631  -44.414 0.0000000000
68060  -36.806  -7.104  -44.842 0.0000000000
66973  -39.663  -7.506  -45.816 0.0000000000
68062  -38.569  -7.243  -44.561 0.0000000000
59719  -24.161  -13.625  -33.088 0.0000000000
59735  -24.890  -12.952  -33.798 0.0000000000
171804  -25.103  -12.201  -34.527 0.0000000000
65752  -32.796  -8.861  -44.252 0.0000000000
65732  -30.404  -8.938  -42.543 0.0000000000
82972  -25.383  6.512  -51.515 0.0000000000
81757  -28.509  5.389  -48.815 0.0000000000
82962  -28.105  6.653  -49.269 0.0000000000
179842  -28.882  7.586  -47.278 0.0000000000
86309  -29.813  9.843  -47.239 0.0000000000
84027  -30.492  7.920  -45.766 0.0000000000
81698  -33.319  4.921  -44.585 0.0000000000
82925  -33.803  6.636  -45.834 0.0000000000
165929  -34.632  5.249  -46.890 0.0000000000
80556  -35.144  5.044  -49.104 0.0000000000
79284  -34.999  3.811  -47.242 0.0000000000
74860  -35.434  -0.754  -48.939 0.0000000000
75907  -35.210  0.290  -50.073 0.0000000000
73937  -34.603  -1.630  -51.704 0.0000000000
74904  -35.905  -1.034  -53.345 0.0000000000
73942  -35.994  -2.123  -52.491 0.0000000000
158237  -34.798  -7.288  -47.014 0.0000000000
70073  -36.171  -5.874  -46.997 0.0000000000
69157  -36.990  -6.554  -48.380 0.0000000000
71029  -39.350  -4.403  -46.948 0.0000000000
179487  -38.530  -4.719  -49.161 0.0000000000
72956  -38.801  -2.937  -47.026 0.0000000000
167264  -38.361  -0.977  -48.940 0.0000000000
73885  -38.658  -1.212  -46.263 0.0000000000
65671  -27.718  -9.178  -37.532 0.0000000000
159608  -27.380  -9.653  -38.234 0.0000000000
66871  -29.089  -7.791  -38.693 0.0000000000
68010  -30.958  -6.948  -40.901 0.0000000000
183585  -34.270  1.664  -44.290 0.0000000000
78105  -35.211  1.966  -46.297 0.0000000000
75845  -35.193  0.518  -45.462 0.0000000000
73884  -35.482  -1.201  -46.441 0.0000000000
163620  -35.534  -2.234  -48.039 0.0000000000
65795  -36.835  -8.832  -46.841 0.0000000000
67034  -38.337  -7.395  -48.662 0.0000000000
67003  -38.834  -7.660  -47.619 0.0000000000
170307  -40.037  -6.756  -46.346 0.0000000000
70019  -40.449  -5.330  -44.788 0.0000000000
62066  -25.420  -11.396  -36.048 0.0000000000
64656  -34.124  -9.453  -47.080 0.0000000000
65783  -34.513  -9.100  -45.540 0.0000000000
182132  -34.183  -8.404  -44.589 0.0000000000
68043  -34.433  -7.123  -43.636 0.0000000000
87464  -22.636  10.285  -49.298 0.0000000000
84038  -20.358  7.188  -46.795 0.0000000000
85196  -23.869  8.334  -49.196 0.0000000000
82994  -24.967  6.638  -53.411 0.0000000000
85222  -26.221  7.722  -52.805 0.0000000000
86358  -26.871  8.959  -51.243 0.0000000000
81776  -27.178  5.607  -50.559 0.0000000000
85197  -27.559  8.774  -49.807 0.0000000000
87465  -27.950  10.411  -49.523 0.0000000000
88458  -29.095  10.949  -48.564 0.0000000000
87449  -31.193  11.033  -47.758 0.0000000000
86312  -33.285  9.734  -47.870 0.0000000000
181341  -30.556  5.596  -45.356 0.0000000000
84009  -31.889  7.581  -45.368 0.0000000000
182991  -33.395  8.442  -46.737 0.0000000000
85189  -34.189  8.716  -48.625 0.0000000000
82968  -34.630  6.562  -49.957 0.0000000000
78186  -34.955  3.082  -52.061 0.0000000000
78148  -35.432  2.626  -48.556 0.0000000000
78187  -35.118  2.012  -51.271 0.0000000000
70992  -35.273  -4.273  -45.384 0.0000000000
71937  -35.836  -3.763  -46.870 0.0000000000
71977  -35.590  -3.575  -49.777 0.0000000000
70111  -38.068  -5.546  -49.764 0.0000000000
71052  -37.210  -4.525  -50.644 0.0000000000
71988  -36.425  -3.174  -51.634 0.0000000000
74870  -37.623  -1.296  -51.013 0.0000000000
75901  -38.329  0.305  -49.688 0.0000000000
66902  -31.000  -7.930  -42.129 0.0000000000
69068  -32.846  -6.519  -41.914 0.0000000000
69070  -34.498  -6.076  -42.248 0.0000000000
68045  -36.892  -6.666  -44.134 0.0000000000
68061  -37.544  -7.020  -44.778 0.0000000000
68046  -37.901  -6.802  -43.859 0.0000000000
68047  -38.858  -7.498  -43.344 0.0000000000
69083  -37.258  -6.579  -43.326 0.0000000000
60856  -24.965  -13.201  -32.908 0.0000000000
172739  -24.610  -12.975  -33.647 0.0000000000
60871  -25.154  -12.988  -34.115 0.0000000000
81744  -28.810  5.840  -47.870 0.0000000000
82941  -28.780  6.822  -47.528 0.0000000000
164053  -29.244  7.163  -46.795 0.0000000000
84043  -29.288  8.056  -46.803 0.0000000000
82923  -29.676  6.662  -46.198 0.0000000000
79244  -33.658  3.043  -44.233 0.0000000000
79243  -32.804  3.562  -43.924 0.0000000000
80494  -34.332  3.888  -45.311 0.0000000000
80511  -33.997  4.863  -45.229 0.0000000000
80512  -34.470  4.397  -45.871 0.0000000000
80541  -34.885  4.631  -47.465 0.0000000000
79269  -34.754  3.601  -46.262 0.0000000000
73913  -35.289  -1.421  -49.620 0.0000000000
74865  -35.254  -0.483  -49.717 0.0000000000
73925  -34.863  -1.368  -50.677 0.0000000000
72998  -34.942  -2.224  -51.959 0.0000000000
73005  -35.603  -2.513  -52.101 0.0000000000
68123  -35.699  -7.872  -47.681 0.0000000000
68111  -36.433  -6.987  -47.729 0.0000000000
68124  -36.837  -7.354  -47.948 0.0000000000
71938  -39.298  -3.627  -46.508 0.0000000000
71955  -38.905  -3.786  -47.395 0.0000000000
72944  -39.159  -2.782  -46.091 0.0000000000
72943  -38.759  -2.064  -46.635 0.0000000000
73886  -38.954  -1.931  -45.718 0.0000000000
159025  -39.140  -1.809  -44.870 0.0000000000
72920  -39.471  -2.464  -44.366 0.0000000000
66870  -28.610  -8.272  -38.133 0.0000000000
75828  -34.219  0.413  -43.956 0.0000000000
76960  -34.732  1.367  -44.972 0.0000000000
74818  -34.527  -0.336  -44.231 0.0000000000
169887  -35.136  -2.001  -44.966 0.0000000000
73875  -35.307  -1.162  -45.437 0.0000000000
168599  -35.458  -2.000  -45.910 0.0000000000
73898  -35.511  -1.285  -47.490 0.0000000000
166019  -35.544  -2.049  -46.926 0.0000000000
66986  -36.789  -8.447  -46.635 0.0000000000
65796  -37.493  -8.253  -47.110 0.0000000000
66987  -37.739  -7.909  -46.618 0.0000000000
68078  -40.132  -7.393  -45.516 0.0000000000
177515  -39.700  -7.355  -46.274 0.0000000000
69127  -40.383  -6.799  -45.666 0.0000000000
70059  -40.048  -6.117  -46.052 0.0000000000
70034  -40.489  -6.114  -45.230 0.0000000000
70010  -40.679  -5.419  -43.971 0.0000000000
69092  -41.049  -6.803  -43.904 0.0000000000
59718  -23.888  -13.673  -33.421 0.0000000000
60905  -24.852  -11.798  -35.780 0.0000000000
64497  -27.209  -9.838  -36.345 0.0000000000
64627  -34.726  -9.388  -46.188 0.0000000000
66929  -32.154  -8.658  -43.636 0.0000000000
66930  -33.605  -8.428  -44.313 0.0000000000
159689  -32.918  -8.161  -43.693 0.0000000000
66931  -34.373  -7.829  -44.237 0.0000000000
177908  -33.042  -7.385  -43.108 0.0000000000
170277  -20.470  8.755  -46.947 0.0000000000
87446  -22.367  10.084  -48.606 0.0000000000
86321  -22.212  9.498  -48.116 0.0000000000
86333  -23.160  9.681  -49.766 0.0000000000
86322  -22.774  9.556  -48.701 0.0000000000
82949  -22.726  6.934  -47.647 0.0000000000
84041  -22.338  7.533  -47.616 0.0000000000
85186  -23.229  7.860  -48.178 0.0000000000
85206  -24.058  8.484  -50.328 0.0000000000
84070  -24.387  7.774  -51.159 0.0000000000
82982  -24.603  6.781  -53.326 0.0000000000
84078  -24.669  6.980  -52.216 0.0000000000
82974  -26.223  6.352  -51.979 0.0000000000
82984  -25.836  6.591  -52.632 0.0000000000
85213  -26.478  7.356  -52.236 0.0000000000
163329  -26.489  8.478  -52.163 0.0000000000
85214  -26.830  7.830  -51.515 0.0000000000
181694  -27.460  5.237  -50.026 0.0000000000
85187  -28.362  8.456  -48.373 0.0000000000
180656  -27.822  7.205  -49.582 0.0000000000
85198  -28.009  9.107  -49.051 0.0000000000
86335  -27.700  9.722  -49.621 0.0000000000
86336  -28.206  9.989  -48.999 0.0000000000
87466  -28.481  10.839  -49.133 0.0000000000
87447  -28.756  10.286  -48.411 0.0000000000
86297  -30.737  9.848  -46.814 0.0000000000
87434  -30.446  10.483  -47.446 0.0000000000
86310  -31.684  9.970  -46.875 0.0000000000
87436  -31.919  10.501  -47.441 0.0000000000
86311  -32.503  9.878  -47.223 0.0000000000
80491  -31.742  4.735  -44.454 0.0000000000
80490  -31.051  4.081  -44.591 0.0000000000
81712  -31.092  5.993  -45.063 0.0000000000
82905  -31.580  6.820  -45.101 0.0000000000
82888  -32.077  6.192  -44.721 0.0000000000
82926  -34.241  6.442  -46.372 0.0000000000
84028  -33.889  7.179  -46.331 0.0000000000
84044  -33.985  7.884  -47.015 0.0000000000
85176  -34.176  8.323  -47.873 0.0000000000
84045  -34.406  7.502  -47.828 0.0000000000
165749  -34.492  7.403  -49.446 0.0000000000
166709  -34.528  7.197  -48.571 0.0000000000
80568  -35.262  4.472  -49.549 0.0000000000
80567  -35.127  5.072  -49.925 0.0000000000
80577  -35.266  4.321  -50.234 0.0000000000
80590  -35.198  4.175  -51.060 0.0000000000
79346  -35.206  3.378  -51.299 0.0000000000
76973  -35.371  1.449  -46.771 0.0000000000
78131  -35.379  2.451  -47.710 0.0000000000
77006  -35.474  1.398  -48.445 0.0000000000
75906  -34.769  0.172  -50.983 0.0000000000
77025  -35.199  0.936  -50.387 0.0000000000
77024  -34.952  1.141  -51.093 0.0000000000
77029  -34.676  1.355  -51.876 0.0000000000
159983  -34.252  0.699  -52.511 0.0000000000
73953  -36.715  -1.234  -52.866 0.0000000000
75914  -37.958  0.584  -51.455 0.0000000000
70032  -34.181  -5.399  -45.285 0.0000000000
71028  -36.417  -5.378  -47.735 0.0000000000
71027  -36.123  -4.895  -46.912 0.0000000000
164483  -36.134  -4.408  -47.792 0.0000000000
71968  -35.931  -3.977  -48.785 0.0000000000
71043  -36.112  -4.410  -49.710 0.0000000000
69170  -38.659  -6.948  -48.912 0.0000000000
68135  -38.397  -6.992  -49.032 0.0000000000
70100  -38.606  -6.434  -49.123 0.0000000000
71969  -38.401  -3.812  -49.185 0.0000000000
71045  -38.116  -4.459  -49.971 0.0000000000
71978  -37.943  -3.548  -50.147 0.0000000000
71056  -36.741  -3.868  -51.125 0.0000000000
72996  -37.628  -2.975  -50.660 0.0000000000
72995  -37.264  -2.685  -51.368 0.0000000000
73926  -37.687  -2.134  -50.542 0.0000000000
175155  -38.519  -0.772  -47.896 0.0000000000
74861  -38.388  -0.148  -49.118 0.0000000000
156428  -38.465  0.494  -48.814 0.0000000000
69047  -31.789  -6.493  -40.768 0.0000000000
68021  -32.085  -6.802  -41.757 0.0000000000
69057  -32.542  -6.327  -41.273 0.0000000000
69069  -33.624  -6.270  -42.060 0.0000000000
69059  -34.193  -5.842  -41.341 0.0000000000
73863  -34.145  -1.106  -43.745 0.0000000000
72932  -34.834  -2.849  -44.578 0.0000000000
176596  -36.382  -7.548  -45.136 0.0000000000
159205  -37.012  -7.878  -46.110 0.0000000000
66971  -37.981  -7.417  -45.671 0.0000000000
66952  -39.182  -7.480  -45.283 0.0000000000
66953  -39.929  -7.669  -44.811 0.0000000000
66955  -40.661  -7.446  -43.979 0.0000000000
66933  -40.138  -7.930  -43.795 0.0000000000
164038  -39.735  -8.126  -43.213 0.0000000000
59709  -24.554  -14.175  -32.070 0.0000000000
151683  -25.954  -12.083  -33.146 0.0000000000
173638  -30.658  -15.207  -28.813 0.0000000000
60889  -25.878  -11.796  -35.124 0.0000000000
65766  -32.750  -9.386  -44.792 0.0000000000
64594  -31.288  -9.572  -44.187 0.0000000000
65750  -31.440  -9.098  -43.604 0.0000000000
66913  -31.456  -8.392  -42.921 0.0000000000
85169  -20.001  8.075  -46.748 0.0000000000
82958  -24.467  7.046  -48.807 0.0000000000
84062  -24.889  7.034  -49.783 0.0000000000
82965  -25.337  6.525  -50.306 0.0000000000
82966  -25.836  5.986  -50.685 0.0000000000
81782  -26.639  5.925  -51.209 0.0000000000
159636  -28.145  5.837  -49.415 0.0000000000
82952  -28.449  6.500  -48.540 0.0000000000
84042  -28.522  7.541  -47.967 0.0000000000
85173  -28.786  8.306  -47.490 0.0000000000
86324  -29.035  9.724  -47.746 0.0000000000
85174  -29.335  8.994  -47.097 0.0000000000
85159  -30.011  8.533  -46.310 0.0000000000
180668  -30.776  8.535  -45.914 0.0000000000
81697  -32.561  5.409  -44.526 0.0000000000
176495  -32.839  6.182  -44.767 0.0000000000
175919  -33.418  5.653  -44.912 0.0000000000
81713  -34.019  5.871  -45.676 0.0000000000
164522  -34.562  6.076  -47.150 0.0000000000
184357  -34.682  5.970  -47.815 0.0000000000
81746  -34.771  5.424  -47.676 0.0000000000
159458  -35.070  4.855  -48.281 0.0000000000
79303  -35.349  3.474  -48.701 0.0000000000
161952  -35.483  0.281  -48.194 0.0000000000
75894  -35.467  0.691  -48.682 0.0000000000
75900  -35.401  0.343  -49.329 0.0000000000
74869  -34.899  -0.446  -50.546 0.0000000000
74884  -34.295  -1.021  -52.206 0.0000000000
74898  -34.196  -0.965  -52.917 0.0000000000
73941  -34.617  -1.599  -52.331 0.0000000000
73952  -36.227  -1.484  -52.877 0.0000000000
156385  -36.926  -1.697  -52.368 0.0000000000
70056  -34.769  -5.919  -45.879 0.0000000000
69146  -35.872  -6.792  -47.256 0.0000000000
69147  -36.564  -6.231  -47.731 0.0000000000
70087  -36.705  -5.766  -48.561 0.0000000000
179320  -39.325  -4.967  -47.435 0.0000000000
168290  -38.943  -5.118  -48.280 0.0000000000
168971  -39.048  -4.475  -47.654 0.0000000000
71954  -38.573  -3.140  -48.154 0.0000000000
161134  -38.299  -2.894  -49.262 0.0000000000
167850  -38.194  -1.967  -49.445 0.0000000000
72955  -38.620  -2.196  -47.604 0.0000000000
73899  -38.575  -1.291  -47.223 0.0000000000
170189  -38.554  -0.529  -46.785 0.0000000000
74831  -38.594  -0.348  -45.957 0.0000000000
73876  -38.748  -1.050  -45.314 0.0000000000
64508  -27.068  -9.819  -37.341 0.0000000000
64507  -26.480  -10.432  -37.731 0.0000000000
65683  -27.949  -8.957  -38.433 0.0000000000
66883  -29.089  -8.004  -39.590 0.0000000000
68008  -29.719  -7.631  -40.089 0.0000000000
67998  -30.342  -7.079  -39.681 0.0000000000
69019  -31.018  -6.675  -39.289 0.0000000000
78089  -33.768  2.175  -43.952 0.0000000000
78090  -34.361  2.406  -44.705 0.0000000000
78119  -35.022  2.656  -46.271 0.0000000000
78104  -34.865  2.129  -45.591 0.0000000000
76961  -35.238  1.347  -45.902 0.0000000000
75861  -35.435  0.557  -46.555 0.0000000000
74829  -35.103  -0.330  -44.990 0.0000000000
74830  -35.413  -0.333  -45.949 0.0000000000
75880  -35.487  0.306  -47.510 0.0000000000
74853  -35.490  -0.466  -48.058 0.0000000000
73908  -35.461  -1.398  -48.564 0.0000000000
163947  -35.401  -2.316  -49.297 0.0000000000
65825  -36.461  -8.372  -47.588 0.0000000000
161627  -37.037  -7.858  -47.876 0.0000000000
65826  -37.503  -7.957  -47.870 0.0000000000
165990  -38.507  -7.696  -48.085 0.0000000000
69159  -39.338  -7.235  -47.804 0.0000000000
66989  -39.203  -7.553  -46.717 0.0000000000
68112  -39.467  -7.322  -46.944 0.0000000000
69148  -39.436  -6.567  -47.771 0.0000000000
70058  -39.650  -5.291  -46.653 0.0000000000
71009  -39.694  -4.425  -46.078 0.0000000000
71925  -39.928  -3.949  -44.769 0.0000000000
71912  -39.677  -3.275  -44.649 0.0000000000
165575  -40.313  -4.551  -44.342 0.0000000000
69084  -41.319  -6.813  -43.155 0.0000000000
57704  -23.621  -14.929  -32.236 0.0000000000
60917  -24.282  -11.713  -36.266 0.0000000000
62065  -25.142  -11.558  -36.108 0.0000000000
182776  -25.707  -11.123  -37.071 0.0000000000
64496  -26.513  -10.419  -36.780 0.0000000000
65660  -27.719  -9.380  -36.705 0.0000000000
64671  -35.014  -9.006  -47.571 0.0000000000
64643  -34.898  -9.387  -46.813 0.0000000000
65794  -35.492  -9.151  -46.516 0.0000000000
66969  -35.420  -8.597  -45.553 0.0000000000
65767  -33.335  -9.064  -44.715 0.0000000000
65768  -33.988  -8.859  -44.890 0.0000000000
66950  -35.686  -7.881  -45.073 0.0000000000
68059  -35.243  -7.416  -44.395 0.0000000000
157219  -35.138  -6.808  -43.747 0.0000000000
87433  -21.223  10.287  -47.649 0.0000000000
84025  -19.637  7.415  -46.630 0.0000000000
85170  -20.762  7.889  -47.002 0.0000000000
168710  -21.314  7.729  -47.254 0.0000000000
85185  -22.558  8.634  -48.013 0.0000000000
86334  -23.635  8.968  -49.732 0.0000000000
85212  -23.975  8.563  -51.396 0.0000000000
155803  -25.254  6.599  -52.609 0.0000000000
82995  -25.373  6.763  -53.369 0.0000000000
84099  -25.685  7.515  -53.535 0.0000000000
86367  -26.267  9.302  -52.486 0.0000000000
86357  -26.571  9.637  -51.774 0.0000000000
87496  -27.173  10.962  -50.960 0.0000000000
81765  -26.132  5.486  -49.577 0.0000000000
82975  -26.857  6.229  -51.442 0.0000000000
82961  -27.789  6.324  -49.894 0.0000000000
182928  -27.553  6.874  -50.260 0.0000000000
84072  -27.215  7.071  -50.986 0.0000000000
86348  -27.302  9.404  -50.414 0.0000000000
87481  -27.521  10.453  -50.204 0.0000000000
88489  -27.738  11.448  -50.349 0.0000000000
88490  -28.356  11.546  -49.679 0.0000000000
89562  -30.088  12.041  -48.843 0.0000000000
159215  -29.550  10.540  -47.933 0.0000000000
87448  -30.295  11.034  -47.928 0.0000000000
175560  -30.049  5.292  -45.689 0.0000000000
81728  -29.598  5.721  -46.321 0.0000000000
82924  -30.308  7.086  -45.687 0.0000000000
84008  -31.058  7.397  -45.443 0.0000000000
85146  -32.042  8.212  -45.684 0.0000000000
82906  -32.576  6.932  -45.117 0.0000000000
84010  -32.665  7.744  -45.659 0.0000000000
85162  -32.651  8.533  -46.233 0.0000000000
182308  -33.487  9.155  -47.553 0.0000000000
86325  -33.784  9.422  -48.632 0.0000000000
81769  -34.871  5.809  -49.482 0.0000000000
81777  -34.813  5.773  -50.395 0.0000000000
80589  -34.865  4.819  -51.621 0.0000000000
79354  -34.697  3.627  -52.755 0.0000000000
79270  -35.195  2.998  -47.050 0.0000000000
79285  -35.307  3.234  -47.884 0.0000000000
180143  -35.432  2.993  -49.239 0.0000000000
77019  -35.426  1.222  -49.428 0.0000000000
78162  -35.465  2.259  -49.390 0.0000000000
170467  -35.320  2.736  -50.814 0.0000000000
183124  -35.127  2.699  -51.486 0.0000000000
179346  -34.991  -0.924  -53.287 0.0000000000
70991  -34.569  -4.486  -44.867 0.0000000000
71923  -35.531  -3.626  -45.816 0.0000000000
70057  -35.627  -5.462  -46.251 0.0000000000
71008  -35.697  -4.501  -46.064 0.0000000000
72942  -35.579  -2.832  -46.372 0.0000000000
184593  -35.647  -2.861  -47.993 0.0000000000
72967  -35.594  -3.049  -48.753 0.0000000000
72980  -35.280  -2.958  -50.170 0.0000000000
67033  -37.974  -7.149  -49.031 0.0000000000
68134  -37.862  -6.399  -49.428 0.0000000000
70109  -37.136  -5.345  -50.038 0.0000000000
184708  -38.213  -5.210  -49.790 0.0000000000
70110  -37.479  -5.120  -50.233 0.0000000000
71044  -36.511  -4.575  -50.351 0.0000000000
71055  -36.319  -3.947  -50.976 0.0000000000
71982  -35.648  -3.427  -51.209 0.0000000000
182851  -35.767  -3.163  -51.588 0.0000000000
73000  -36.185  -2.675  -52.064 0.0000000000
180149  -37.285  -1.877  -51.709 0.0000000000
74885  -37.425  -1.024  -51.884 0.0000000000
166980  -37.906  -1.205  -49.994 0.0000000000
74871  -37.913  -0.476  -50.422 0.0000000000
74886  -37.736  -0.300  -51.215 0.0000000000
66912  -30.289  -8.474  -41.856 0.0000000000
68019  -30.627  -7.629  -41.330 0.0000000000
68020  -31.336  -7.185  -41.561 0.0000000000
68029  -32.511  -7.156  -42.468 0.0000000000
158177  -33.150  -6.780  -42.536 0.0000000000
68031  -34.806  -6.395  -43.102 0.0000000000
69071  -35.422  -6.058  -42.399 0.0000000000
58710  -23.412  -14.732  -32.682 0.0000000000
60888  -25.069  -11.915  -35.146 0.0000000000
60904  -24.340  -11.808  -36.039 0.0000000000
60906  -25.232  -11.710  -35.274 0.0000000000
60918  -24.669  -11.652  -36.302 0.0000000000
62064  -24.149  -11.837  -36.076 0.0000000000
62067  -25.970  -10.974  -35.997 0.0000000000
62081  -24.670  -11.528  -36.727 0.0000000000
62082  -25.170  -11.456  -36.759 0.0000000000
63287  -25.979  -10.927  -36.696 0.0000000000
63303  -26.043  -10.822  -37.317 0.0000000000
63406  -33.668  -9.571  -46.592 0.0000000000
64481  -26.935  -10.165  -36.022 0.0000000000
64578  -30.876  -9.364  -43.518 0.0000000000
64595  -32.068  -9.600  -44.871 0.0000000000
64626  -33.929  -9.569  -45.946 0.0000000000
64642  -34.142  -9.572  -46.476 0.0000000000
64644  -35.787  -9.099  -47.127 0.0000000000
64657  -34.967  -9.178  -47.369 0.0000000000
64658  -35.653  -8.853  -47.474 0.0000000000
64670  -34.268  -9.115  -47.596 0.0000000000
65661  -28.233  -8.829  -36.932 0.0000000000
65672  -28.238  -8.670  -37.629 0.0000000000
65733  -30.877  -8.949  -43.031 0.0000000000
65751  -32.073  -9.287  -44.229 0.0000000000
65784  -35.262  -9.089  -45.973 0.0000000000
65785  -35.997  -8.748  -46.179 0.0000000000
65807  -36.346  -8.746  -47.224 0.0000000000
65808  -37.071  -8.293  -47.489 0.0000000000
65809  -38.044  -7.980  -47.762 0.0000000000
65824  -35.411  -8.607  -47.618 0.0000000000
66882  -28.519  -8.456  -39.055 0.0000000000
66932  -39.523  -7.631  -44.176 0.0000000000
66949  -34.772  -8.343  -44.896 0.0000000000
66951  -36.997  -7.439  -45.411 0.0000000000
66954  -40.269  -7.617  -44.330 0.0000000000
66970  -36.284  -8.111  -45.656 0.0000000000
66972  -38.789  -7.614  -46.314 0.0000000000
66974  -40.072  -7.536  -45.251 0.0000000000
66988  -38.389  -7.857  -47.154 0.0000000000
66990  -39.748  -7.435  -46.027 0.0000000000
67004  -39.357  -7.422  -46.909 0.0000000000
67020  -37.204  -7.587  -48.071 0.0000000000
67021  -37.815  -7.665  -48.343 0.0000000000
67022  -37.930  -7.798  -48.166 0.0000000000
67023  -38.809  -7.495  -48.236 0.0000000000
67024  -39.125  -7.474  -47.731 0.0000000000
67997  -29.692  -7.429  -39.213 0.0000000000
68009  -30.412  -7.323  -40.521 0.0000000000
68028  -31.757  -7.551  -42.337 0.0000000000
68030  -33.843  -6.712  -42.987 0.0000000000
68042  -33.690  -7.626  -43.682 0.0000000000
68044  -35.921  -6.655  -43.975 0.0000000000
68048  -41.123  -7.265  -43.516 0.0000000000
68063  -40.849  -7.165  -44.167 0.0000000000
68097  -40.069  -7.202  -46.109 0.0000000000
68098  -40.405  -7.186  -45.357 0.0000000000
68125  -39.116  -7.115  -48.390 0.0000000000
68133  -37.515  -6.707  -48.854 0.0000000000
68136  -38.657  -7.276  -48.634 0.0000000000
68142  -38.098  -6.416  -49.447 0.0000000000
69046  -30.978  -6.718  -40.166 0.0000000000
69058  -33.287  -6.009  -41.274 0.0000000000
69081  -35.645  -6.352  -43.225 0.0000000000
69104  -40.704  -6.870  -44.770 0.0000000000
69126  -35.342  -6.390  -46.565 0.0000000000
69149  -39.692  -6.949  -46.988 0.0000000000
69158  -39.097  -6.909  -48.579 0.0000000000
69168  -37.548  -5.968  -49.505 0.0000000000
69169  -38.280  -6.458  -49.349 0.0000000000
69180  -37.735  -5.753  -49.744 0.0000000000
70020  -40.772  -6.167  -44.350 0.0000000000
70033  -35.129  -5.059  -45.495 0.0000000000
70074  -39.399  -5.700  -47.607 0.0000000000
70075  -39.716  -6.251  -46.900 0.0000000000
70099  -38.146  -5.822  -49.656 0.0000000000
70993  -40.028  -4.505  -45.187 0.0000000000
71010  -40.080  -5.284  -45.657 0.0000000000
71038  -36.323  -4.918  -48.704 0.0000000000
71039  -38.691  -4.165  -48.284 0.0000000000
71046  -38.594  -5.611  -49.177 0.0000000000
71050  -35.870  -3.940  -50.556 0.0000000000
71051  -36.925  -4.553  -50.639 0.0000000000
71057  -37.225  -4.116  -50.833 0.0000000000
71913  -40.025  -3.844  -44.164 0.0000000000
71922  -35.104  -3.637  -44.975 0.0000000000
71953  -35.800  -3.452  -47.904 0.0000000000
71983  -37.412  -3.558  -50.902 0.0000000000
71987  -36.137  -3.433  -51.475 0.0000000000
71989  -36.954  -3.414  -51.382 0.0000000000
71993  -35.914  -2.989  -51.824 0.0000000000
72934  -39.393  -2.620  -45.207 0.0000000000
72954  -35.641  -2.839  -47.341 0.0000000000
72968  -38.474  -2.224  -48.548 0.0000000000
72993  -34.902  -2.266  -51.282 0.0000000000
72994  -35.155  -2.925  -50.962 0.0000000000
72999  -35.382  -2.807  -51.613 0.0000000000
73001  -36.675  -2.780  -51.821 0.0000000000
73004  -35.255  -1.966  -52.402 0.0000000000
73909  -38.517  -1.523  -48.152 0.0000000000
73938  -36.882  -2.307  -51.964 0.0000000000
73943  -36.505  -2.274  -52.243 0.0000000000
73950  -34.886  -1.455  -52.719 0.0000000000
73951  -35.574  -1.550  -52.832 0.0000000000
74842  -35.500  -0.408  -46.990 0.0000000000
74866  -38.184  -0.422  -49.717 0.0000000000
74917  -35.590  -0.415  -53.858 0.0000000000
75844  -34.707  0.442  -44.638 0.0000000000
75912  -34.481  0.445  -51.809 0.0000000000
75913  -37.565  -0.096  -52.057 0.0000000000
76945  -34.380  1.032  -44.296 0.0000000000
76986  -35.434  1.627  -47.621 0.0000000000
78120  -35.305  2.196  -46.956 0.0000000000
78178  -35.361  1.885  -50.346 0.0000000000
79245  -34.178  3.299  -44.808 0.0000000000
79332  -35.348  3.535  -50.497 0.0000000000
79345  -34.992  3.961  -51.884 0.0000000000
80493  -33.627  4.031  -44.549 0.0000000000
80526  -34.676  4.458  -46.638 0.0000000000
80542  -35.182  4.035  -48.074 0.0000000000
80557  -35.256  4.255  -48.883 0.0000000000
80566  -27.688  4.759  -49.690 0.0000000000
80575  -27.292  5.133  -49.922 0.0000000000
80598  -34.673  4.582  -52.503 0.0000000000
81711  -30.261  6.146  -45.615 0.0000000000
81729  -34.413  5.766  -46.406 0.0000000000
81759  -34.823  5.756  -48.479 0.0000000000
81767  -27.674  5.473  -50.007 0.0000000000
81774  -26.434  5.694  -50.636 0.0000000000
81775  -26.910  5.469  -50.463 0.0000000000
82904  -30.851  6.688  -45.359 0.0000000000
82907  -33.367  6.440  -45.265 0.0000000000
82953  -34.600  6.589  -47.975 0.0000000000
82959  -25.128  6.515  -49.113 0.0000000000
82960  -25.626  6.061  -49.648 0.0000000000
82967  -27.391  6.133  -50.627 0.0000000000
82973  -25.943  6.181  -51.706 0.0000000000
82983  -25.431  6.632  -52.926 0.0000000000
84011  -33.330  7.179  -45.658 0.0000000000
84024  -18.871  7.230  -46.422 0.0000000000
84026  -29.786  7.591  -46.180 0.0000000000
84051  -23.983  7.617  -48.682 0.0000000000
84052  -28.197  7.435  -48.823 0.0000000000
84053  -34.402  7.922  -48.612 0.0000000000
84063  -27.532  7.759  -50.076 0.0000000000
84064  -27.871  8.151  -49.246 0.0000000000
84071  -24.901  7.078  -50.852 0.0000000000
84079  -26.354  6.601  -52.163 0.0000000000
84089  -26.017  6.992  -52.822 0.0000000000
85145  -31.296  8.115  -45.624 0.0000000000
85160  -30.721  9.111  -46.297 0.0000000000
85161  -31.596  8.810  -46.027 0.0000000000
85171  -21.253  8.592  -47.330 0.0000000000
85172  -21.837  8.068  -47.518 0.0000000000
85175  -33.670  8.662  -47.363 0.0000000000
85188  -33.828  9.027  -47.973 0.0000000000
85195  -23.295  8.909  -48.841 0.0000000000
85207  -27.214  8.305  -50.680 0.0000000000
86296  -30.059  9.309  -46.663 0.0000000000
86299  -33.098  9.166  -47.011 0.0000000000
86307  -21.586  9.497  -47.670 0.0000000000
86308  -28.724  9.025  -47.752 0.0000000000
87435  -31.199  10.393  -47.238 0.0000000000
87437  -32.622  10.367  -47.775 0.0000000000
87445  -21.891  10.242  -48.162 0.0000000000
87480  -22.754  10.437  -50.149 0.0000000000
88459  -29.767  11.312  -48.425 0.0000000000
88472  -27.965  10.959  -49.744 0.0000000000
149789  -32.843  -16.211  -26.042 0.0000000000
149791  -31.796  -14.924  -26.648 0.0000000000
149792  -33.637  -16.973  -25.389 0.0000000000
149796  -32.550  -15.817  -26.134 0.0000000000
150076  -24.376  -11.823  -35.582 0.0000000000
151457  -32.739  -15.410  -26.684 0.0000000000
151458  -33.129  -15.357  -26.958 0.0000000000
151459  -32.683  -15.734  -26.305 0.0000000000
151492  -30.127  -15.083  -28.962 0.0000000000
151536  -25.419  -12.290  -34.045 0.0000000000
151665  -25.042  -12.572  -33.800 0.0000000000
151841  -31.398  -14.588  -27.333 0.0000000000
151932  -31.378  -14.525  -28.616 0.0000000000
152160  -25.035  -12.805  -33.325 0.0000000000
153057  -31.275  -14.217  -27.416 0.0000000000
153171  -33.379  -16.827  -25.481 0.0000000000
153231  -24.150  -11.829  -35.969 0.0000000000
153300  -33.137  -16.472  -25.688 0.0000000000
155451  -29.180  6.243  -46.959 0.0000000000
155711  -35.477  1.911  -48.800 0.0000000000
155848  -34.832  2.215  -52.038 0.0000000000
157102  -34.554  -0.817  -51.331 0.0000000000
157949  -32.204  9.351  -46.572 0.0000000000
158038  -34.410  -8.167  -47.580 0.0000000000
158922  -36.923  -5.944  -48.902 0.0000000000
159652  -34.421  5.116  -46.081 0.0000000000
159666  -35.853  -7.974  -47.861 0.0000000000
160654  -38.487  -0.120  -48.351 0.0000000000
160655  -35.459  -0.056  -48.805 0.0000000000
160923  -30.788  -8.552  -42.516 0.0000000000
161445  -36.147  -7.157  -44.641 0.0000000000
161520  -37.703  -4.960  -50.244 0.0000000000
161975  -27.001  10.038  -51.009 0.0000000000
162492  -35.451  2.861  -49.980 0.0000000000
163120  -35.456  0.969  -47.289 0.0000000000
163450  -35.451  2.008  -48.218 0.0000000000
164196  -37.626  -4.190  -50.492 0.0000000000
164723  -31.801  -14.946  -26.506 0.0000000000
165563  -34.659  6.560  -48.991 0.0000000000
166932  -26.086  8.525  -53.020 0.0000000000
167254  -33.351  7.848  -46.231 0.0000000000
169851  -36.210  -7.889  -47.743 0.0000000000
171376  -30.046  -15.058  -29.249 0.0000000000
171435  -33.363  -16.657  -25.568 0.0000000000
171504  -33.438  -16.799  -25.502 0.0000000000
171524  -24.897  -11.916  -35.172 0.0000000000
171608  -32.934  -16.182  -25.924 0.0000000000
171755  -31.512  -15.147  -27.565 0.0000000000
171888  -30.682  -15.062  -28.787 0.0000000000
172126  -32.577  -14.672  -27.253 0.0000000000
172182  -32.363  -15.517  -26.386 0.0000000000
172301  -31.872  -14.384  -27.231 0.0000000000
173521  -30.855  -15.203  -28.768 0.0000000000
173522  -33.336  -16.664  -25.572 0.0000000000
173523  -31.039  -14.930  -28.817 0.0000000000
173613  -30.379  -14.946  -29.056 0.0000000000
173614  -32.157  -15.542  -27.040 0.0000000000
173667  -32.003  -15.449  -27.186 0.0000000000
173700  -31.280  -14.991  -27.743 0.0000000000
173894  -32.162  -15.585  -27.126 0.0000000000
173899  -33.114  -15.760  -26.539 0.0000000000
174075  -25.405  -12.746  -33.057 0.0000000000
174179  -31.587  -14.729  -26.860 0.0000000000
174254  -30.490  -15.056  -29.095 0.0000000000
174947  -35.256  -7.667  -47.498 0.0000000000
176101  -26.910  -10.126  -38.185 0.0000000000
176283  -25.648  -12.104  -34.153 0.0000000000
177666  -40.277  -4.239  -43.895 0.0000000000
177822  -34.790  -7.319  -44.001 0.0000000000
177947  -31.941  -13.980  -27.917 0.0000000000
179361  -35.451  -3.396  -50.627 0.0000000000
179969  -40.325  -7.459  -44.772 0.0000000000
180045  -36.466  -1.799  -52.556 0.0000000000
180900  -25.749  6.480  -52.440 0.0000000000
181121  -34.370  -0.346  -51.805 0.0000000000
181129  -38.142  -0.056  -50.096 0.0000000000
181886  -37.473  -2.028  -51.212 0.0000000000
182127  -38.532  -7.487  -48.415 0.0000000000
182434  -29.741  -15.048  -29.111 0.0000000000
183258  -38.422  -1.670  -48.757 0.0000000000
183906  -36.158  -8.906  -46.752 0.0000000000
184636  -38.533  -0.667  -47.325 0.0000000000
185374  -35.421  -2.986  -49.511 0.0000000000
