#!ascii label  , from subject sub-1012 vox2ras=TkReg
905
45886  25.369  -25.447  54.204 0.0000000000
69245  48.316  -1.719  29.819 0.0000000000
70348  55.352  -0.282  26.127 0.0000000000
66338  47.246  -5.095  41.434 0.0000000000
52971  35.384  -18.531  50.629 0.0000000000
46833  31.499  -24.154  50.633 0.0000000000
70329  52.897  -0.965  27.890 0.0000000000
69210  53.652  -1.868  32.406 0.0000000000
64458  42.562  -6.751  45.427 0.0000000000
53914  39.600  -17.699  47.689 0.0000000000
73558  60.090  2.910  17.892 0.0000000000
74562  55.354  3.434  23.470 0.0000000000
68217  42.812  -3.152  38.182 0.0000000000
71307  48.402  0.061  35.788 0.0000000000
48691  31.075  -22.274  52.754 0.0000000000
45904  28.811  -25.447  52.198 0.0000000000
70320  50.611  -0.764  28.432 0.0000000000
70295  53.316  -1.223  30.044 0.0000000000
70284  50.723  -0.584  31.119 0.0000000000
56840  44.288  -14.028  42.288 0.0000000000
48721  36.077  -21.913  49.905 0.0000000000
150189  37.608  -18.284  49.478 0.0000000000
48744  38.745  -22.101  47.761 0.0000000000
74611  57.884  3.568  17.655 0.0000000000
73545  59.508  2.502  20.532 0.0000000000
75614  57.476  4.324  20.507 0.0000000000
71371  54.461  0.792  25.961 0.0000000000
72491  53.747  1.670  23.026 0.0000000000
72470  55.127  1.490  25.529 0.0000000000
71386  55.895  0.982  23.694 0.0000000000
69330  55.589  -1.089  24.343 0.0000000000
65418  45.454  -5.726  43.557 0.0000000000
66347  42.889  -4.236  41.875 0.0000000000
69159  45.309  -1.895  41.288 0.0000000000
71277  45.082  0.127  38.048 0.0000000000
69165  47.899  -1.898  39.821 0.0000000000
67304  50.316  -2.930  36.974 0.0000000000
65458  48.550  -5.386  38.015 0.0000000000
49802  33.488  -21.742  51.157 0.0000000000
69316  52.392  -1.728  25.045 0.0000000000
70327  54.625  -0.875  27.662 0.0000000000
69258  55.488  -2.114  29.095 0.0000000000
67338  55.286  -3.367  30.258 0.0000000000
59495  40.728  -11.114  46.709 0.0000000000
60543  42.916  -10.544  44.887 0.0000000000
61539  44.873  -9.373  43.925 0.0000000000
61551  46.601  -8.954  41.513 0.0000000000
62505  46.983  -8.034  38.946 0.0000000000
58544  38.460  -12.998  47.047 0.0000000000
54889  40.606  -16.338  45.905 0.0000000000
72517  60.838  1.962  17.094 0.0000000000
76662  54.237  5.056  20.639 0.0000000000
74559  57.256  3.106  23.532 0.0000000000
71405  56.776  1.016  21.874 0.0000000000
70272  48.391  -0.813  32.639 0.0000000000
70243  51.622  -0.710  34.557 0.0000000000
166063  52.529  -4.359  34.478 0.0000000000
44921  25.532  -26.144  53.495 0.0000000000
44919  27.421  -25.748  53.661 0.0000000000
44931  27.481  -26.093  52.308 0.0000000000
69261  48.974  -1.227  29.297 0.0000000000
70298  50.731  -0.640  30.059 0.0000000000
69244  49.025  -1.211  30.190 0.0000000000
48732  37.122  -22.181  48.970 0.0000000000
74599  56.393  3.787  18.243 0.0000000000
157200  57.567  4.252  19.251 0.0000000000
75633  56.810  4.246  19.001 0.0000000000
71359  55.041  0.191  26.535 0.0000000000
72471  54.870  1.376  25.758 0.0000000000
71369  55.166  0.686  25.920 0.0000000000
70358  55.501  -0.017  25.217 0.0000000000
65426  46.375  -5.252  42.565 0.0000000000
67265  45.484  -3.667  42.941 0.0000000000
68186  46.659  -3.054  41.724 0.0000000000
69167  46.435  -1.411  40.573 0.0000000000
68193  47.606  -3.120  40.603 0.0000000000
67286  48.565  -3.849  39.226 0.0000000000
65444  48.214  -5.212  39.515 0.0000000000
48702  32.210  -22.268  51.841 0.0000000000
47752  32.407  -23.352  51.066 0.0000000000
47762  33.479  -23.116  50.202 0.0000000000
70341  51.271  -1.055  26.897 0.0000000000
69302  51.498  -1.712  25.561 0.0000000000
70340  52.305  -1.027  27.210 0.0000000000
70339  53.162  -1.003  26.669 0.0000000000
70328  53.797  -0.958  27.793 0.0000000000
69275  55.081  -1.344  28.088 0.0000000000
69260  54.033  -1.268  28.854 0.0000000000
69217  53.921  -1.788  31.580 0.0000000000
69228  55.054  -2.382  30.570 0.0000000000
165465  54.906  -2.799  31.403 0.0000000000
66407  54.046  -4.521  30.344 0.0000000000
166170  54.249  -3.803  32.438 0.0000000000
58569  41.435  -12.678  45.473 0.0000000000
60538  41.389  -10.776  46.224 0.0000000000
58576  42.450  -12.397  44.199 0.0000000000
59537  44.358  -11.952  43.204 0.0000000000
61545  45.887  -9.208  42.823 0.0000000000
52992  38.737  -18.452  48.745 0.0000000000
55838  38.884  -16.231  47.834 0.0000000000
167088  39.440  -15.535  47.204 0.0000000000
56797  40.201  -14.357  46.644 0.0000000000
54890  40.274  -16.750  46.484 0.0000000000
74624  59.103  3.213  16.759 0.0000000000
73557  60.512  2.396  17.486 0.0000000000
73536  59.396  2.100  21.632 0.0000000000
73525  54.156  2.510  23.120 0.0000000000
73531  52.574  2.505  22.152 0.0000000000
74578  53.095  3.835  21.960 0.0000000000
75618  52.797  4.477  20.441 0.0000000000
75598  54.652  4.467  22.142 0.0000000000
75596  56.320  4.138  22.387 0.0000000000
74560  56.615  3.314  23.701 0.0000000000
70376  55.798  0.158  22.790 0.0000000000
71395  56.300  0.971  22.601 0.0000000000
63437  41.167  -7.122  45.654 0.0000000000
151418  41.303  -6.449  43.754 0.0000000000
67289  42.907  -4.160  40.028 0.0000000000
65446  42.657  -5.936  40.290 0.0000000000
71286  46.560  0.176  37.132 0.0000000000
71311  44.970  0.155  35.544 0.0000000000
71318  46.485  -0.165  34.782 0.0000000000
70258  46.391  -0.599  33.492 0.0000000000
70245  48.581  -0.183  34.217 0.0000000000
145548  49.920  -0.201  33.467 0.0000000000
71315  49.983  -0.030  35.000 0.0000000000
65462  50.250  -4.650  36.250 0.0000000000
66376  51.605  -3.807  35.459 0.0000000000
64551  50.913  -5.261  34.816 0.0000000000
64568  51.239  -5.937  32.926 0.0000000000
145323  29.937  -24.345  52.739 0.0000000000
45910  30.099  -24.741  51.741 0.0000000000
45927  30.075  -25.029  50.077 0.0000000000
45912  28.767  -25.640  51.242 0.0000000000
70319  51.575  -0.801  28.536 0.0000000000
70306  53.322  -1.092  29.185 0.0000000000
147920  51.862  -0.754  29.165 0.0000000000
70296  52.480  -0.868  30.428 0.0000000000
70268  52.405  -0.900  32.268 0.0000000000
50972  36.064  -20.477  50.403 0.0000000000
53891  36.222  -17.921  49.769 0.0000000000
50971  37.203  -20.223  49.816 0.0000000000
50985  38.145  -20.766  48.963 0.0000000000
50995  39.149  -20.088  48.163 0.0000000000
51004  40.394  -19.481  46.637 0.0000000000
49841  39.778  -21.837  46.703 0.0000000000
74610  58.873  3.499  17.585 0.0000000000
73555  59.824  2.895  18.738 0.0000000000
74596  59.207  3.509  19.195 0.0000000000
74591  58.698  3.728  20.052 0.0000000000
73537  58.896  2.493  22.226 0.0000000000
70369  53.517  -0.235  24.418 0.0000000000
71381  53.987  0.753  25.039 0.0000000000
72484  54.700  1.988  24.710 0.0000000000
73519  55.297  2.396  24.701 0.0000000000
73517  56.212  2.554  24.400 0.0000000000
72475  55.603  1.974  24.925 0.0000000000
70368  55.648  0.076  23.985 0.0000000000
64466  44.403  -6.027  44.443 0.0000000000
65428  42.393  -5.398  43.699 0.0000000000
66333  43.524  -4.311  43.545 0.0000000000
68197  43.661  -3.076  41.662 0.0000000000
69170  43.807  -2.020  40.282 0.0000000000
69180  43.390  -1.530  38.595 0.0000000000
70213  44.817  -0.644  39.397 0.0000000000
71267  46.208  -0.147  39.059 0.0000000000
70217  48.344  -0.590  38.145 0.0000000000
70224  49.968  -1.073  36.896 0.0000000000
68215  49.311  -2.313  38.177 0.0000000000
66364  49.460  -4.400  37.554 0.0000000000
64536  49.351  -5.301  36.579 0.0000000000
50943  31.966  -20.242  52.230 0.0000000000
51974  33.158  -19.750  51.794 0.0000000000
50957  34.428  -20.358  51.130 0.0000000000
49813  34.696  -21.657  50.601 0.0000000000
151432  34.694  -22.946  49.152 0.0000000000
70359  53.743  -0.106  25.478 0.0000000000
71360  54.673  0.207  26.583 0.0000000000
70336  55.283  -0.681  26.771 0.0000000000
69289  55.468  -1.608  27.066 0.0000000000
68266  55.527  -2.378  27.530 0.0000000000
67352  55.226  -3.337  28.447 0.0000000000
69243  54.141  -1.490  29.538 0.0000000000
67344  55.564  -2.919  29.643 0.0000000000
61514  38.318  -10.140  47.136 0.0000000000
62421  40.078  -8.949  47.106 0.0000000000
153888  41.535  -8.852  46.457 0.0000000000
62427  42.693  -8.355  45.900 0.0000000000
58583  43.149  -12.231  43.789 0.0000000000
60542  43.651  -10.249  44.586 0.0000000000
165921  43.956  -8.420  44.910 0.0000000000
62450  45.405  -7.995  43.506 0.0000000000
63464  46.353  -7.793  42.354 0.0000000000
63476  47.237  -7.633  41.172 0.0000000000
63486  47.778  -7.262  39.959 0.0000000000
62487  47.079  -8.476  40.387 0.0000000000
59497  39.413  -11.935  47.152 0.0000000000
56808  40.910  -14.242  45.803 0.0000000000
54904  41.474  -15.566  44.860 0.0000000000
53023  41.008  -18.514  45.974 0.0000000000
53029  41.914  -18.060  44.767 0.0000000000
72516  61.467  1.999  16.259 0.0000000000
75635  55.039  4.439  18.709 0.0000000000
75615  56.658  4.590  20.626 0.0000000000
74577  57.935  3.668  22.075 0.0000000000
73529  58.417  2.024  22.840 0.0000000000
72483  56.743  2.350  23.631 0.0000000000
72482  57.821  1.975  22.930 0.0000000000
71393  58.311  1.300  22.356 0.0000000000
64489  41.998  -6.204  41.635 0.0000000000
69220  46.529  -1.531  31.566 0.0000000000
69219  47.804  -1.715  31.185 0.0000000000
145375  49.784  -0.673  31.628 0.0000000000
70269  51.633  -0.506  32.614 0.0000000000
69205  52.905  -1.520  33.499 0.0000000000
69188  51.231  -1.664  35.848 0.0000000000
68228  52.454  -2.588  34.850 0.0000000000
67324  53.744  -3.342  33.246 0.0000000000
65484  53.316  -4.939  32.917 0.0000000000
158160  47.863  -6.937  38.878 0.0000000000
63511  47.588  -6.486  37.448 0.0000000000
44912  25.835  -25.927  53.961 0.0000000000
44922  24.704  -26.150  53.409 0.0000000000
44913  25.034  -25.984  53.961 0.0000000000
44911  26.646  -25.952  53.870 0.0000000000
44920  26.242  -26.122  53.521 0.0000000000
74600  55.468  3.769  18.129 0.0000000000
71370  54.898  0.876  26.075 0.0000000000
166847  55.545  -0.898  25.441 0.0000000000
65434  46.882  -5.581  42.017 0.0000000000
66339  46.836  -4.723  42.052 0.0000000000
66346  47.218  -4.287  41.396 0.0000000000
67280  47.164  -3.492  41.258 0.0000000000
66345  47.590  -4.652  40.842 0.0000000000
169259  47.907  -4.302  40.339 0.0000000000
65439  47.628  -5.414  40.832 0.0000000000
46825  31.701  -23.828  51.335 0.0000000000
46832  32.109  -23.754  50.698 0.0000000000
46838  32.058  -23.898  49.986 0.0000000000
151896  52.119  -0.918  27.996 0.0000000000
148679  53.246  -0.954  27.339 0.0000000000
70316  54.358  -1.153  28.275 0.0000000000
70317  53.474  -1.040  28.439 0.0000000000
69216  54.256  -2.399  31.982 0.0000000000
148669  54.558  -2.248  31.263 0.0000000000
68241  54.415  -2.908  32.166 0.0000000000
67328  54.613  -3.328  31.921 0.0000000000
68235  54.188  -3.294  32.594 0.0000000000
158246  41.764  -13.803  44.732 0.0000000000
152198  41.796  -13.008  44.753 0.0000000000
57738  42.221  -13.471  44.182 0.0000000000
52991  39.266  -18.031  48.205 0.0000000000
157343  38.958  -17.065  48.274 0.0000000000
167287  39.184  -16.852  47.959 0.0000000000
55856  39.120  -15.840  47.559 0.0000000000
54872  39.378  -16.270  47.472 0.0000000000
54871  39.794  -16.486  46.982 0.0000000000
53913  39.862  -17.244  47.044 0.0000000000
74609  59.711  3.237  17.397 0.0000000000
74623  59.953  3.078  16.784 0.0000000000
74608  60.329  2.867  17.107 0.0000000000
74563  54.737  3.125  23.277 0.0000000000
74570  53.833  3.344  22.557 0.0000000000
74569  54.668  3.833  22.716 0.0000000000
75599  53.932  4.201  22.147 0.0000000000
75590  55.403  3.977  22.714 0.0000000000
74561  55.956  3.495  23.703 0.0000000000
152644  55.703  -0.593  22.035 0.0000000000
64459  41.702  -6.664  45.319 0.0000000000
167494  41.053  -6.794  45.012 0.0000000000
64468  41.467  -6.441  44.606 0.0000000000
67299  42.995  -3.262  39.078 0.0000000000
67300  42.912  -4.079  38.672 0.0000000000
71298  47.085  0.128  36.343 0.0000000000
173536  46.349  0.154  36.348 0.0000000000
71308  47.567  0.042  35.617 0.0000000000
71317  47.230  -0.146  34.854 0.0000000000
71316  48.095  -0.028  34.933 0.0000000000
147503  49.073  0.041  35.134 0.0000000000
143937  49.175  -0.001  36.100 0.0000000000
64545  49.849  -5.290  35.913 0.0000000000
65466  50.780  -4.784  35.617 0.0000000000
64552  50.208  -5.363  35.179 0.0000000000
64561  50.449  -5.552  34.290 0.0000000000
45895  28.831  -25.243  53.077 0.0000000000
46810  29.805  -23.891  53.190 0.0000000000
45903  29.618  -24.917  52.445 0.0000000000
46819  30.351  -24.331  52.172 0.0000000000
45911  29.499  -25.180  51.573 0.0000000000
69277  49.724  -0.889  27.986 0.0000000000
69291  49.618  -0.986  27.041 0.0000000000
69276  50.491  -0.900  27.469 0.0000000000
70308  51.133  -0.668  29.210 0.0000000000
70297  51.616  -0.644  30.741 0.0000000000
70282  52.449  -0.897  31.365 0.0000000000
70283  51.618  -0.598  31.693 0.0000000000
49811  36.405  -21.201  50.059 0.0000000000
148910  36.681  -20.558  50.079 0.0000000000
48731  37.694  -22.079  48.603 0.0000000000
49823  37.541  -21.460  49.101 0.0000000000
49833  38.260  -21.610  48.398 0.0000000000
51005  39.211  -20.898  47.713 0.0000000000
154581  39.738  -21.096  47.122 0.0000000000
74625  57.326  3.120  16.955 0.0000000000
165541  58.232  3.328  17.062 0.0000000000
74597  58.599  3.766  18.385 0.0000000000
74592  57.952  4.226  19.936 0.0000000000
73546  59.036  3.125  21.052 0.0000000000
74584  58.190  3.876  20.957 0.0000000000
71387  53.655  0.470  23.937 0.0000000000
72477  54.582  1.443  25.343 0.0000000000
72476  55.018  1.820  25.325 0.0000000000
73513  55.362  2.018  25.056 0.0000000000
144164  55.605  -0.829  23.110 0.0000000000
147149  44.974  -6.063  44.060 0.0000000000
65420  44.135  -5.300  44.418 0.0000000000
66326  44.546  -4.644  43.993 0.0000000000
68188  45.317  -2.678  42.210 0.0000000000
67274  44.509  -3.397  42.898 0.0000000000
68196  44.346  -2.510  41.679 0.0000000000
68204  43.769  -2.571  40.970 0.0000000000
68203  44.318  -2.010  40.944 0.0000000000
166779  44.344  -1.304  39.972 0.0000000000
69169  44.846  -1.542  40.743 0.0000000000
69166  47.214  -1.584  40.220 0.0000000000
70204  46.847  -0.957  39.918 0.0000000000
70210  47.673  -1.124  39.479 0.0000000000
71274  47.518  -0.249  38.391 0.0000000000
70209  48.333  -1.141  38.756 0.0000000000
70216  48.925  -1.212  38.094 0.0000000000
69173  48.832  -1.833  38.607 0.0000000000
66359  48.632  -4.619  38.891 0.0000000000
168576  48.950  -4.002  38.687 0.0000000000
66365  48.886  -4.921  38.089 0.0000000000
65457  49.170  -5.043  37.330 0.0000000000
65464  48.871  -5.356  37.255 0.0000000000
49775  30.962  -21.437  52.982 0.0000000000
50928  31.403  -19.985  52.499 0.0000000000
49774  31.361  -20.708  52.616 0.0000000000
48701  32.888  -21.948  51.439 0.0000000000
172570  32.459  -21.411  51.905 0.0000000000
49788  33.213  -21.207  51.538 0.0000000000
50941  33.615  -20.435  51.516 0.0000000000
49801  34.064  -21.216  51.126 0.0000000000
49800  34.840  -20.969  50.896 0.0000000000
48711  34.006  -22.033  50.800 0.0000000000
69290  52.151  -1.412  26.173 0.0000000000
70350  53.213  -1.080  25.782 0.0000000000
70338  54.099  -0.602  27.165 0.0000000000
70337  54.861  -0.395  27.064 0.0000000000
70326  55.166  -1.090  27.414 0.0000000000
159311  55.426  -1.818  28.485 0.0000000000
69274  55.455  -1.777  27.857 0.0000000000
68259  55.570  -2.420  28.430 0.0000000000
149274  55.509  -2.881  28.001 0.0000000000
67337  55.358  -2.880  30.482 0.0000000000
68248  55.424  -2.517  29.766 0.0000000000
67345  55.305  -3.377  29.353 0.0000000000
66412  54.767  -3.914  29.888 0.0000000000
61513  38.892  -9.725  47.243 0.0000000000
62422  39.248  -9.042  47.105 0.0000000000
60531  40.252  -10.554  47.047 0.0000000000
60544  42.095  -10.916  45.360 0.0000000000
60537  41.973  -10.105  46.015 0.0000000000
61521  42.230  -9.171  46.155 0.0000000000
62428  41.968  -8.264  46.269 0.0000000000
61529  43.044  -9.087  45.619 0.0000000000
57746  43.432  -13.419  43.292 0.0000000000
58582  43.617  -12.492  43.423 0.0000000000
60551  44.804  -10.253  43.799 0.0000000000
60552  44.121  -10.699  44.115 0.0000000000
61540  44.289  -9.865  44.302 0.0000000000
62452  44.280  -8.987  44.479 0.0000000000
62438  44.400  -8.123  44.482 0.0000000000
62451  44.917  -8.506  44.017 0.0000000000
61552  46.261  -9.541  42.118 0.0000000000
62461  45.908  -8.330  42.921 0.0000000000
62471  46.313  -8.656  42.241 0.0000000000
63463  46.884  -7.286  41.851 0.0000000000
62470  46.777  -8.123  41.696 0.0000000000
156657  47.055  -8.401  41.017 0.0000000000
61557  46.695  -9.139  40.848 0.0000000000
147164  36.865  -18.261  49.770 0.0000000000
53890  36.992  -17.800  49.420 0.0000000000
54835  37.177  -17.524  49.057 0.0000000000
58545  38.055  -12.880  46.898 0.0000000000
58558  37.869  -12.296  46.660 0.0000000000
59498  37.875  -11.474  46.833 0.0000000000
60533  38.298  -10.911  47.113 0.0000000000
58543  38.695  -12.182  47.100 0.0000000000
55870  40.599  -15.614  45.900 0.0000000000
165281  40.489  -14.472  46.312 0.0000000000
55883  41.013  -15.095  45.352 0.0000000000
152617  40.945  -15.921  45.320 0.0000000000
164258  40.751  -19.006  46.347 0.0000000000
53946  42.038  -17.408  44.406 0.0000000000
71425  60.373  1.295  17.510 0.0000000000
73551  59.628  2.770  19.622 0.0000000000
159721  53.224  0.938  22.591 0.0000000000
159500  52.553  1.016  22.045 0.0000000000
72492  52.961  1.718  22.312 0.0000000000
76664  53.198  4.754  20.018 0.0000000000
75628  53.842  5.005  19.374 0.0000000000
75636  54.174  4.646  18.680 0.0000000000
75627  54.592  4.948  19.347 0.0000000000
75626  55.423  4.751  19.463 0.0000000000
75616  55.752  4.903  20.356 0.0000000000
74568  56.934  3.672  23.127 0.0000000000
75595  57.133  3.976  22.323 0.0000000000
159425  57.640  3.366  22.958 0.0000000000
74576  58.301  2.884  22.651 0.0000000000
74567  57.780  2.621  23.135 0.0000000000
71379  56.125  1.859  24.346 0.0000000000
71385  56.439  1.597  23.421 0.0000000000
72490  56.879  1.618  22.684 0.0000000000
71394  57.392  1.454  22.266 0.0000000000
66334  42.802  -4.745  43.296 0.0000000000
149915  42.254  -5.385  42.806 0.0000000000
65435  42.253  -5.513  41.943 0.0000000000
147494  44.202  -0.193  37.706 0.0000000000
169277  45.215  0.007  34.717 0.0000000000
70273  47.617  -0.947  32.742 0.0000000000
70274  46.396  -1.151  32.277 0.0000000000
69213  47.102  -1.359  32.198 0.0000000000
163654  47.296  -1.640  31.599 0.0000000000
69212  47.928  -1.348  31.975 0.0000000000
165771  48.393  -1.390  31.373 0.0000000000
69218  48.846  -0.896  31.937 0.0000000000
144141  50.886  -0.129  33.968 0.0000000000
70270  50.820  -0.256  33.023 0.0000000000
70254  51.664  -0.492  33.557 0.0000000000
70253  52.375  -0.905  33.131 0.0000000000
70242  52.304  -1.080  33.975 0.0000000000
69183  49.917  -1.709  37.149 0.0000000000
70231  50.353  -0.942  36.363 0.0000000000
165429  50.898  -2.163  36.322 0.0000000000
66382  52.147  -4.192  34.902 0.0000000000
155423  51.872  -2.939  35.440 0.0000000000
68227  52.783  -3.257  34.517 0.0000000000
68233  53.036  -2.696  34.172 0.0000000000
66387  53.076  -4.176  34.121 0.0000000000
66391  53.608  -3.926  33.538 0.0000000000
65480  52.708  -5.121  33.539 0.0000000000
64578  51.225  -6.219  32.026 0.0000000000
62495  47.530  -7.826  39.872 0.0000000000
63496  47.814  -7.160  39.353 0.0000000000
62504  47.550  -7.577  39.263 0.0000000000
46812  28.523  -24.703  53.813 0.0000000000
44930  28.012  -25.785  52.882 0.0000000000
44943  28.100  -25.922  51.850 0.0000000000
150589  27.004  -26.150  53.115 0.0000000000
44932  26.806  -26.231  52.118 0.0000000000
143528  48.999  -1.153  28.438 0.0000000000
70321  49.712  -0.844  28.844 0.0000000000
70309  50.385  -0.691  29.242 0.0000000000
70310  49.749  -0.833  29.698 0.0000000000
70299  49.820  -0.779  30.611 0.0000000000
47769  36.001  -22.593  48.958 0.0000000000
48733  36.430  -22.246  49.294 0.0000000000
48747  36.575  -22.501  48.606 0.0000000000
48746  37.291  -22.380  48.273 0.0000000000
74612  56.849  3.404  17.602 0.0000000000
74598  57.494  3.943  18.444 0.0000000000
75624  57.135  4.413  19.797 0.0000000000
65427  46.038  -5.722  43.026 0.0000000000
66325  45.232  -4.847  43.656 0.0000000000
66340  46.200  -4.317  42.659 0.0000000000
67272  46.142  -3.414  42.321 0.0000000000
68187  46.000  -2.632  41.952 0.0000000000
69158  46.031  -1.960  41.260 0.0000000000
68195  46.509  -2.447  41.394 0.0000000000
68202  47.473  -2.316  40.450 0.0000000000
68201  48.071  -2.697  39.977 0.0000000000
68209  48.436  -2.282  39.298 0.0000000000
67287  48.113  -3.614  40.031 0.0000000000
66351  48.221  -4.423  39.717 0.0000000000
65451  48.394  -5.411  38.711 0.0000000000
48703  31.599  -22.508  52.222 0.0000000000
47739  31.905  -23.207  51.785 0.0000000000
48713  32.654  -22.733  51.297 0.0000000000
47751  33.134  -23.053  50.760 0.0000000000
48724  33.788  -22.687  50.456 0.0000000000
155672  50.461  -1.048  26.738 0.0000000000
145336  51.004  -1.369  26.176 0.0000000000
69259  54.895  -1.570  28.871 0.0000000000
70281  53.273  -1.303  30.997 0.0000000000
69229  54.242  -1.749  30.560 0.0000000000
67333  55.062  -3.339  31.142 0.0000000000
66406  54.759  -3.900  30.819 0.0000000000
66401  54.057  -4.519  31.258 0.0000000000
65491  53.480  -5.095  31.560 0.0000000000
58570  41.109  -12.389  46.173 0.0000000000
59510  41.088  -11.585  46.333 0.0000000000
59509  41.500  -11.722  45.736 0.0000000000
58577  41.927  -12.007  44.955 0.0000000000
59520  42.578  -11.404  44.558 0.0000000000
58590  44.166  -12.863  42.955 0.0000000000
60560  45.279  -10.623  43.202 0.0000000000
61546  45.341  -9.728  43.311 0.0000000000
60559  45.799  -10.090  42.682 0.0000000000
60570  46.114  -10.428  41.961 0.0000000000
53905  38.191  -17.982  48.941 0.0000000000
53889  37.677  -17.699  49.007 0.0000000000
150246  38.407  -17.402  48.545 0.0000000000
55839  38.219  -15.817  47.563 0.0000000000
56780  38.542  -14.718  47.348 0.0000000000
146058  39.024  -14.623  47.409 0.0000000000
57698  39.336  -14.060  47.222 0.0000000000
169226  39.745  -13.517  47.050 0.0000000000
56778  39.793  -14.950  46.897 0.0000000000
55871  40.266  -16.029  46.446 0.0000000000
53925  40.621  -16.991  45.996 0.0000000000
74622  60.535  2.857  16.430 0.0000000000
158884  60.880  2.446  16.729 0.0000000000
73530  53.368  2.460  22.506 0.0000000000
74571  52.987  3.103  22.205 0.0000000000
75608  52.625  4.130  21.228 0.0000000000
75607  53.495  4.367  21.501 0.0000000000
76658  53.859  4.773  21.136 0.0000000000
75606  54.531  4.864  21.500 0.0000000000
76657  55.196  5.063  21.161 0.0000000000
75597  55.738  4.308  22.343 0.0000000000
75589  56.152  3.816  23.013 0.0000000000
70375  56.217  0.293  21.807 0.0000000000
63429  40.547  -7.706  46.128 0.0000000000
66353  42.828  -4.389  40.906 0.0000000000
168946  42.635  -5.229  40.780 0.0000000000
66354  42.814  -5.040  40.124 0.0000000000
156711  42.849  -5.621  39.570 0.0000000000
71287  45.754  0.194  37.557 0.0000000000
71288  44.898  0.175  37.066 0.0000000000
71299  45.744  0.195  36.742 0.0000000000
71319  45.833  0.005  35.117 0.0000000000
70248  45.894  -0.269  34.244 0.0000000000
70259  45.528  -0.463  33.420 0.0000000000
70247  46.836  -0.370  34.165 0.0000000000
70257  47.256  -0.639  33.468 0.0000000000
70256  48.174  -0.557  33.396 0.0000000000
165695  48.667  -0.563  33.068 0.0000000000
70255  48.987  -0.351  33.519 0.0000000000
71326  49.465  -0.083  34.263 0.0000000000
70244  50.765  -0.306  34.852 0.0000000000
67303  50.454  -3.553  36.671 0.0000000000
67309  50.845  -2.892  36.418 0.0000000000
66377  50.939  -4.301  35.794 0.0000000000
66383  51.476  -4.501  35.226 0.0000000000
65470  51.999  -4.708  34.700 0.0000000000
155599  52.056  -5.145  34.090 0.0000000000
64560  51.250  -5.514  33.933 0.0000000000
48692  30.397  -22.045  53.198 0.0000000000
47730  30.082  -23.327  53.209 0.0000000000
47729  30.538  -22.886  53.033 0.0000000000
47741  30.455  -23.729  52.684 0.0000000000
46826  30.845  -24.358  51.382 0.0000000000
46834  30.744  -24.552  50.402 0.0000000000
45918  30.135  -24.886  50.996 0.0000000000
45919  29.448  -25.346  50.661 0.0000000000
70330  51.364  -0.893  27.752 0.0000000000
70318  52.528  -0.894  28.671 0.0000000000
70307  52.522  -0.863  29.562 0.0000000000
147813  51.706  -0.680  29.855 0.0000000000
70267  53.174  -1.309  31.946 0.0000000000
56832  42.719  -14.851  43.877 0.0000000000
51987  35.372  -19.361  50.837 0.0000000000
53879  35.640  -18.065  50.198 0.0000000000
51986  36.050  -19.073  50.545 0.0000000000
51985  36.721  -18.885  50.051 0.0000000000
51997  37.298  -19.401  49.844 0.0000000000
49810  37.080  -21.011  49.739 0.0000000000
50986  37.557  -20.654  49.380 0.0000000000
51996  37.844  -19.122  49.585 0.0000000000
52007  38.379  -19.205  49.111 0.0000000000
52006  38.995  -19.302  48.548 0.0000000000
53004  39.722  -18.572  47.619 0.0000000000
52023  39.966  -19.440  47.196 0.0000000000
51012  40.196  -20.448  46.650 0.0000000000
49850  40.286  -21.402  46.242 0.0000000000
148359  59.477  3.401  18.210 0.0000000000
158570  58.336  4.062  19.196 0.0000000000
74590  59.262  3.195  20.073 0.0000000000
73528  59.035  1.624  22.583 0.0000000000
70377  53.353  -0.288  23.565 0.0000000000
160134  53.622  0.933  23.324 0.0000000000
72485  54.108  1.359  24.232 0.0000000000
158782  54.318  2.002  23.805 0.0000000000
73524  54.791  2.516  24.007 0.0000000000
149573  55.241  2.949  23.976 0.0000000000
74555  55.698  3.005  24.290 0.0000000000
73518  55.771  2.534  24.704 0.0000000000
71380  55.494  1.105  24.961 0.0000000000
64457  43.318  -6.591  45.080 0.0000000000
65415  43.024  -6.041  44.978 0.0000000000
65421  43.436  -5.385  44.556 0.0000000000
66328  43.063  -4.883  44.091 0.0000000000
66341  43.173  -4.146  42.794 0.0000000000
66332  45.011  -4.096  43.533 0.0000000000
67275  43.866  -3.683  43.003 0.0000000000
67281  43.479  -3.604  42.263 0.0000000000
67288  43.248  -3.433  40.728 0.0000000000
157219  43.451  -2.787  40.281 0.0000000000
68210  43.342  -2.597  39.605 0.0000000000
68220  42.891  -2.044  38.063 0.0000000000
69175  43.630  -1.774  39.394 0.0000000000
69174  43.963  -0.969  39.080 0.0000000000
70220  44.497  -0.405  38.565 0.0000000000
70205  46.055  -0.884  40.157 0.0000000000
70212  45.678  -0.505  39.559 0.0000000000
71276  45.919  0.108  38.351 0.0000000000
166887  46.415  0.162  37.900 0.0000000000
71285  47.118  0.081  37.824 0.0000000000
164945  48.131  0.046  37.065 0.0000000000
71295  49.136  -0.293  36.737 0.0000000000
70226  48.978  -0.813  37.647 0.0000000000
69184  49.451  -1.216  37.461 0.0000000000
68214  49.845  -2.469  37.523 0.0000000000
68208  48.958  -2.629  38.751 0.0000000000
68207  49.421  -2.983  38.159 0.0000000000
66363  49.874  -3.468  37.420 0.0000000000
66370  50.066  -4.187  36.814 0.0000000000
65467  50.033  -5.031  36.015 0.0000000000
52958  34.568  -18.243  50.869 0.0000000000
171474  32.035  -20.897  52.213 0.0000000000
52959  33.982  -18.647  51.243 0.0000000000
51972  34.692  -18.971  51.021 0.0000000000
51988  34.756  -19.703  51.047 0.0000000000
50956  35.275  -20.263  50.799 0.0000000000
49812  35.518  -21.240  50.405 0.0000000000
48722  35.277  -22.094  50.127 0.0000000000
48723  34.500  -22.377  50.255 0.0000000000
48735  34.965  -22.639  49.647 0.0000000000
48734  35.699  -22.400  49.507 0.0000000000
70349  53.955  -0.189  26.427 0.0000000000
158104  55.542  -1.400  26.156 0.0000000000
69242  55.001  -1.966  29.744 0.0000000000
68253  55.560  -2.615  29.144 0.0000000000
67351  55.602  -2.924  28.847 0.0000000000
61531  38.113  -9.164  46.119 0.0000000000
62431  39.690  -8.352  46.470 0.0000000000
61511  40.524  -9.688  47.001 0.0000000000
62420  40.875  -8.963  46.750 0.0000000000
63428  41.539  -7.631  46.096 0.0000000000
63427  42.415  -7.600  45.839 0.0000000000
172785  42.941  -7.880  45.669 0.0000000000
151449  42.804  -13.952  43.803 0.0000000000
59530  43.027  -11.703  44.075 0.0000000000
59529  43.770  -11.595  43.795 0.0000000000
60553  43.313  -11.011  44.288 0.0000000000
158466  43.329  -9.755  45.113 0.0000000000
62440  43.365  -8.261  45.375 0.0000000000
63436  43.231  -7.361  45.355 0.0000000000
64456  43.992  -6.819  44.830 0.0000000000
64465  44.779  -6.803  44.195 0.0000000000
63440  45.368  -7.157  43.599 0.0000000000
62462  45.380  -8.849  43.408 0.0000000000
63452  45.898  -7.458  43.009 0.0000000000
64474  45.862  -6.512  43.137 0.0000000000
63451  46.377  -6.929  42.459 0.0000000000
64480  46.912  -6.425  41.956 0.0000000000
64488  47.331  -6.756  41.230 0.0000000000
64487  47.649  -6.164  40.775 0.0000000000
63475  47.592  -7.166  40.604 0.0000000000
62478  47.440  -7.845  40.478 0.0000000000
62496  47.019  -8.469  39.733 0.0000000000
60587  46.209  -9.990  40.158 0.0000000000
61567  46.510  -9.256  39.815 0.0000000000
54836  36.265  -17.481  49.339 0.0000000000
55840  37.558  -16.930  48.247 0.0000000000
60534  37.891  -10.676  46.926 0.0000000000
60532  38.875  -10.443  47.257 0.0000000000
59496  40.129  -11.520  47.037 0.0000000000
57714  40.194  -13.604  46.773 0.0000000000
149830  40.622  -12.974  46.516 0.0000000000
58556  40.613  -12.040  46.633 0.0000000000
57728  41.349  -13.590  45.280 0.0000000000
56821  41.408  -14.378  45.026 0.0000000000
55896  42.090  -15.266  44.393 0.0000000000
53015  40.261  -18.792  46.877 0.0000000000
53014  40.526  -18.271  46.402 0.0000000000
53936  40.902  -17.688  45.792 0.0000000000
53022  41.508  -18.446  45.319 0.0000000000
54905  40.959  -16.743  45.300 0.0000000000
54914  41.653  -16.702  44.661 0.0000000000
45877  25.037  -24.935  54.452 0.0000000000
71434  61.494  1.154  15.858 0.0000000000
75634  55.913  4.275  18.827 0.0000000000
75625  56.282  4.540  19.639 0.0000000000
75605  55.969  4.871  21.183 0.0000000000
75603  57.343  4.209  21.373 0.0000000000
149022  58.537  3.265  21.793 0.0000000000
72489  58.463  1.456  22.583 0.0000000000
74554  56.252  3.018  24.288 0.0000000000
73523  56.769  2.901  23.923 0.0000000000
73522  57.278  2.688  23.425 0.0000000000
71404  57.613  0.958  21.747 0.0000000000
69246  47.494  -2.043  29.526 0.0000000000
65423  41.895  -5.929  44.148 0.0000000000
157326  41.197  -6.554  42.997 0.0000000000
148269  45.984  -0.808  32.795 0.0000000000
69233  46.462  -1.785  30.804 0.0000000000
69232  47.676  -1.924  30.410 0.0000000000
69231  48.381  -1.587  30.677 0.0000000000
69230  49.026  -1.091  31.057 0.0000000000
163542  49.964  -0.449  32.524 0.0000000000
147910  50.754  -0.456  32.080 0.0000000000
69211  53.044  -1.347  32.756 0.0000000000
149655  53.387  -1.890  33.055 0.0000000000
70232  49.789  -0.499  36.419 0.0000000000
70237  50.412  -0.522  35.715 0.0000000000
70236  51.183  -0.892  35.426 0.0000000000
68224  51.351  -2.483  35.892 0.0000000000
69187  51.885  -2.123  35.394 0.0000000000
69200  52.185  -1.343  34.618 0.0000000000
69199  52.723  -1.857  34.291 0.0000000000
69198  53.267  -2.220  33.591 0.0000000000
68236  53.842  -2.608  32.849 0.0000000000
172104  53.967  -3.718  32.981 0.0000000000
66394  53.891  -4.542  32.208 0.0000000000
158297  53.123  -5.311  32.154 0.0000000000
65481  51.987  -5.610  33.304 0.0000000000
173000  52.477  -5.764  32.051 0.0000000000
145096  47.902  -6.538  40.170 0.0000000000
64512  47.994  -6.631  39.375 0.0000000000
64511  48.146  -5.981  38.699 0.0000000000
63503  47.507  -7.026  38.394 0.0000000000
63502  47.965  -6.221  38.318 0.0000000000
64525  48.214  -5.767  38.048 0.0000000000
63510  48.379  -5.909  36.942 0.0000000000
45884  26.952  -25.436  54.098 0.0000000000
45885  26.180  -25.295  54.250 0.0000000000
45887  24.635  -25.514  54.156 0.0000000000
45896  28.106  -25.380  53.532 0.0000000000
46811  29.355  -24.558  53.186 0.0000000000
48712  33.359  -22.411  51.003 0.0000000000
49789  31.669  -21.635  52.359 0.0000000000
49824  36.807  -21.696  49.538 0.0000000000
49832  38.886  -21.557  47.962 0.0000000000
50930  30.719  -20.746  53.044 0.0000000000
50955  35.887  -19.766  50.631 0.0000000000
50970  37.899  -19.908  49.410 0.0000000000
50984  38.603  -20.028  48.822 0.0000000000
50994  39.634  -20.200  47.456 0.0000000000
50996  38.693  -20.816  48.318 0.0000000000
51973  34.001  -19.539  51.356 0.0000000000
51998  36.561  -19.760  50.211 0.0000000000
52017  39.499  -19.373  47.900 0.0000000000
52970  36.135  -18.412  50.161 0.0000000000
52980  37.426  -18.681  49.730 0.0000000000
52993  38.037  -18.550  49.354 0.0000000000
53003  39.985  -18.033  46.990 0.0000000000
53005  39.269  -18.729  48.219 0.0000000000
53028  42.372  -18.199  44.277 0.0000000000
53880  35.001  -17.930  50.431 0.0000000000
53903  39.228  -17.343  48.131 0.0000000000
53904  38.831  -17.652  48.487 0.0000000000
53926  40.344  -17.493  46.434 0.0000000000
53947  41.412  -17.492  44.986 0.0000000000
54852  39.029  -16.517  47.921 0.0000000000
54854  37.885  -17.236  48.524 0.0000000000
55855  39.841  -15.646  46.824 0.0000000000
55897  41.611  -14.967  44.808 0.0000000000
56779  38.851  -15.498  47.614 0.0000000000
56795  40.561  -14.955  46.057 0.0000000000
56796  40.215  -14.957  46.544 0.0000000000
56820  42.072  -14.419  44.380 0.0000000000
57697  39.769  -14.254  46.983 0.0000000000
57699  38.803  -13.877  47.239 0.0000000000
57713  40.601  -13.824  46.374 0.0000000000
57729  41.085  -13.297  46.019 0.0000000000
57747  42.924  -13.009  43.731 0.0000000000
58542  39.223  -13.031  47.143 0.0000000000
58557  40.050  -12.656  47.007 0.0000000000
59481  38.824  -11.323  47.175 0.0000000000
59482  38.128  -12.231  46.975 0.0000000000
60530  40.887  -10.349  46.787 0.0000000000
60561  44.630  -11.121  43.582 0.0000000000
61512  39.617  -9.854  47.222 0.0000000000
61522  41.360  -9.692  46.525 0.0000000000
61523  38.506  -9.392  46.859 0.0000000000
61524  37.760  -9.994  46.571 0.0000000000
61530  42.643  -9.937  45.591 0.0000000000
61562  46.649  -9.214  40.299 0.0000000000
61568  46.014  -9.666  39.453 0.0000000000
61572  46.462  -8.880  39.210 0.0000000000
62429  41.176  -8.257  46.472 0.0000000000
62430  40.486  -8.417  46.641 0.0000000000
62439  43.679  -9.027  45.081 0.0000000000
62506  46.360  -8.520  38.441 0.0000000000
63434  44.400  -7.428  44.505 0.0000000000
63435  43.916  -7.721  44.962 0.0000000000
63441  44.910  -7.676  44.074 0.0000000000
63495  47.973  -6.462  38.788 0.0000000000
64452  41.895  -7.094  45.782 0.0000000000
64464  45.300  -6.461  43.709 0.0000000000
64467  42.172  -6.141  44.922 0.0000000000
64469  40.838  -6.820  44.252 0.0000000000
64473  46.397  -6.080  42.508 0.0000000000
64481  41.696  -5.977  43.147 0.0000000000
64499  48.143  -5.982  39.427 0.0000000000
64537  48.558  -5.654  37.367 0.0000000000
64546  49.158  -5.530  36.471 0.0000000000
65414  43.748  -5.994  44.784 0.0000000000
65419  44.803  -5.403  44.084 0.0000000000
65422  42.649  -5.595  44.451 0.0000000000
65433  47.270  -5.906  41.385 0.0000000000
65445  48.001  -5.725  40.205 0.0000000000
65463  49.564  -5.063  36.656 0.0000000000
65471  51.249  -4.919  35.109 0.0000000000
65472  50.542  -5.114  35.474 0.0000000000
65474  52.649  -4.667  34.174 0.0000000000
65475  51.525  -5.120  34.598 0.0000000000
65479  53.253  -4.516  33.603 0.0000000000
65485  52.612  -5.510  32.753 0.0000000000
65486  51.929  -5.933  32.467 0.0000000000
66327  43.828  -4.680  44.110 0.0000000000
66331  45.863  -5.026  43.172 0.0000000000
66342  42.615  -4.812  42.369 0.0000000000
66348  42.579  -4.992  41.492 0.0000000000
66352  47.968  -4.953  40.270 0.0000000000
66358  49.319  -3.766  38.162 0.0000000000
66371  49.695  -4.726  36.859 0.0000000000
66381  52.727  -3.882  34.526 0.0000000000
66400  54.556  -3.864  31.689 0.0000000000
67266  44.868  -3.629  43.175 0.0000000000
67267  44.303  -3.992  43.544 0.0000000000
67271  46.781  -3.851  41.981 0.0000000000
67273  45.614  -3.075  42.486 0.0000000000
67279  47.594  -3.906  40.743 0.0000000000
67294  48.991  -3.376  38.750 0.0000000000
67295  43.122  -3.367  39.840 0.0000000000
67313  52.296  -3.475  34.963 0.0000000000
67318  53.243  -3.477  33.983 0.0000000000
68183  45.082  -3.129  42.790 0.0000000000
68189  44.731  -2.835  42.330 0.0000000000
68190  44.082  -3.095  42.415 0.0000000000
68194  47.050  -2.727  41.061 0.0000000000
68200  48.526  -3.071  39.339 0.0000000000
68216  43.149  -2.403  38.817 0.0000000000
69152  45.500  -2.256  41.734 0.0000000000
69153  44.993  -2.269  41.856 0.0000000000
69157  46.788  -2.034  40.848 0.0000000000
69160  44.798  -2.024  41.327 0.0000000000
69168  45.651  -1.375  40.746 0.0000000000
69178  49.404  -1.762  37.842 0.0000000000
69179  43.707  -0.783  38.251 0.0000000000
69182  50.391  -2.284  36.801 0.0000000000
69189  50.509  -1.557  36.479 0.0000000000
69193  52.270  -1.819  34.918 0.0000000000
69194  51.808  -1.382  35.187 0.0000000000
70206  45.223  -0.918  40.182 0.0000000000
70211  46.395  -0.569  39.592 0.0000000000
70218  47.806  -0.679  38.813 0.0000000000
70219  45.355  -0.118  38.869 0.0000000000
70225  49.370  -0.713  37.110 0.0000000000
70230  50.798  -1.102  36.023 0.0000000000
70246  47.705  -0.315  34.165 0.0000000000
70271  49.155  -0.548  32.760 0.0000000000
71275  46.734  0.002  38.504 0.0000000000
71284  48.654  -0.316  37.315 0.0000000000
71296  48.598  0.008  36.613 0.0000000000
71297  47.887  0.091  36.411 0.0000000000
71306  49.742  -0.113  35.702 0.0000000000
71309  46.622  0.036  35.554 0.0000000000
71310  45.774  0.150  35.949 0.0000000000
73538  51.934  2.603  21.876 0.0000000000
75604  56.515  4.461  21.648 0.0000000000
75617  53.270  4.557  20.955 0.0000000000
75629  53.233  4.765  19.481 0.0000000000
76652  55.775  4.686  21.835 0.0000000000
76653  55.241  4.714  21.999 0.0000000000
76661  54.883  5.125  20.148 0.0000000000
76663  53.533  4.769  20.506 0.0000000000
76667  54.213  5.131  19.903 0.0000000000
76668  53.674  5.018  19.991 0.0000000000
144207  39.140  -8.303  45.786 0.0000000000
144853  47.463  0.124  37.102 0.0000000000
145163  46.796  -0.936  32.833 0.0000000000
147519  50.554  -4.115  36.324 0.0000000000
149019  47.109  -1.893  30.987 0.0000000000
149174  39.512  -10.924  47.179 0.0000000000
149648  45.571  -4.372  43.221 0.0000000000
150641  49.059  -4.372  38.264 0.0000000000
151039  45.186  0.200  36.329 0.0000000000
151664  47.072  -0.449  39.168 0.0000000000
152266  53.808  -4.232  33.005 0.0000000000
152398  40.308  -15.417  46.388 0.0000000000
153701  39.311  -14.969  47.262 0.0000000000
155940  39.519  -16.977  47.635 0.0000000000
157628  50.935  -3.650  36.071 0.0000000000
159547  47.895  -0.100  37.676 0.0000000000
164760  53.436  -2.853  33.569 0.0000000000
164932  41.224  -19.246  45.743 0.0000000000
166504  41.881  -5.913  42.328 0.0000000000
166519  48.248  -1.631  39.215 0.0000000000
166974  43.177  -3.731  41.474 0.0000000000
168134  54.106  4.605  21.688 0.0000000000
168149  43.873  -9.590  44.740 0.0000000000
168533  51.319  -3.168  35.852 0.0000000000
168829  48.028  -6.110  37.831 0.0000000000
168861  50.225  -0.040  34.308 0.0000000000
169072  41.359  -16.166  44.900 0.0000000000
169193  38.316  -11.617  47.058 0.0000000000
169852  40.049  -21.250  46.709 0.0000000000
170179  47.637  -6.661  40.705 0.0000000000
173046  49.422  -0.633  32.210 0.0000000000
173390  44.341  -1.698  40.484 0.0000000000
