#!ascii label  , from subject sub-1012 vox2ras=TkReg
1710
139955  12.101  -18.362  50.747 0.0000000000
161173  45.438  -1.528  18.200 0.0000000000
53937  32.994  -17.136  45.863 0.0000000000
61533  37.162  -9.942  45.290 0.0000000000
54864  23.925  -15.828  49.696 0.0000000000
55803  21.767  -15.203  52.759 0.0000000000
72618  56.554  1.301  9.010 0.0000000000
74613  54.941  3.244  17.412 0.0000000000
65482  40.657  -5.709  33.450 0.0000000000
78918  57.444  7.685  -1.862 0.0000000000
53856  30.247  -17.592  52.510 0.0000000000
57646  16.479  -13.377  52.466 0.0000000000
158741  56.220  0.271  13.543 0.0000000000
70435  50.013  -0.593  13.621 0.0000000000
68314  47.120  -2.021  22.914 0.0000000000
69344  52.391  -1.282  22.159 0.0000000000
68304  42.600  -2.680  24.620 0.0000000000
59551  36.560  -11.430  40.087 0.0000000000
55884  37.599  -15.702  45.914 0.0000000000
144138  26.295  -20.935  51.131 0.0000000000
51952  23.219  -20.132  53.964 0.0000000000
170303  22.435  -18.185  49.250 0.0000000000
142888  19.801  -13.499  49.145 0.0000000000
54898  28.311  -16.854  47.761 0.0000000000
73647  60.972  2.372  8.304 0.0000000000
72562  60.565  2.050  13.450 0.0000000000
163393  48.916  2.478  18.374 0.0000000000
70288  42.769  -0.551  31.428 0.0000000000
63499  39.413  -7.524  39.191 0.0000000000
77829  56.115  6.196  3.837 0.0000000000
153285  60.898  6.223  2.912 0.0000000000
74766  63.148  3.726  -0.720 0.0000000000
48677  28.570  -22.103  54.119 0.0000000000
170846  14.432  -15.169  51.642 0.0000000000
57615  15.186  -13.629  54.171 0.0000000000
53849  13.066  -17.015  54.245 0.0000000000
70462  50.325  -1.126  10.993 0.0000000000
144536  47.326  -1.691  26.000 0.0000000000
144238  50.063  -1.200  26.184 0.0000000000
165684  7.844  -22.940  55.424 0.0000000000
67400  42.415  -3.661  21.925 0.0000000000
54932  34.233  -16.843  43.746 0.0000000000
54929  37.274  -16.441  43.753 0.0000000000
54908  35.687  -16.942  46.207 0.0000000000
53893  25.416  -18.423  50.033 0.0000000000
50987  24.864  -20.474  49.205 0.0000000000
53007  23.888  -19.053  47.529 0.0000000000
55830  26.089  -15.159  50.341 0.0000000000
54812  26.347  -16.432  52.400 0.0000000000
53859  22.254  -17.460  53.550 0.0000000000
72615  59.060  0.712  8.953 0.0000000000
71482  61.499  0.844  11.234 0.0000000000
71484  59.608  0.083  11.541 0.0000000000
172940  55.545  1.894  15.529 0.0000000000
73586  57.674  2.511  15.506 0.0000000000
71431  44.356  0.032  16.314 0.0000000000
72533  46.300  1.427  15.598 0.0000000000
140288  46.486  0.427  18.293 0.0000000000
67339  38.949  -3.511  30.797 0.0000000000
69253  40.521  -1.536  29.150 0.0000000000
69206  40.537  -2.259  33.157 0.0000000000
60572  36.510  -10.677  42.497 0.0000000000
62489  37.082  -8.781  40.647 0.0000000000
62474  37.780  -8.647  42.370 0.0000000000
74730  53.192  3.224  6.089 0.0000000000
76788  53.823  5.484  4.321 0.0000000000
74729  56.124  3.651  5.793 0.0000000000
75763  58.064  4.097  5.951 0.0000000000
74790  60.772  3.900  -3.191 0.0000000000
75815  59.308  4.340  -1.351 0.0000000000
75799  62.718  5.101  1.152 0.0000000000
76806  58.038  5.428  0.978 0.0000000000
54857  32.003  -16.566  49.240 0.0000000000
54876  34.254  -16.767  48.257 0.0000000000
166625  32.841  -17.782  51.450 0.0000000000
57643  19.566  -13.443  52.507 0.0000000000
56740  20.913  -14.672  54.752 0.0000000000
57611  18.998  -13.523  55.194 0.0000000000
72621  53.148  0.535  8.936 0.0000000000
150059  56.944  -1.044  11.873 0.0000000000
69426  53.759  -1.437  11.644 0.0000000000
71459  53.247  -0.081  13.808 0.0000000000
72528  52.195  2.060  14.966 0.0000000000
67422  47.458  -3.525  19.581 0.0000000000
69368  49.459  -1.749  19.865 0.0000000000
68311  49.957  -2.103  23.145 0.0000000000
142128  38.712  -6.860  35.306 0.0000000000
63438  39.678  -7.808  45.596 0.0000000000
166106  10.387  -20.515  48.970 0.0000000000
51970  11.483  -19.401  53.193 0.0000000000
49770  9.565  -21.704  53.967 0.0000000000
66513  44.867  -4.116  17.926 0.0000000000
67410  44.323  -3.439  21.294 0.0000000000
68301  45.002  -2.201  24.136 0.0000000000
69279  45.741  -1.938  27.149 0.0000000000
56860  37.488  -14.890  41.027 0.0000000000
57756  36.959  -13.937  43.154 0.0000000000
58578  36.781  -12.676  45.266 0.0000000000
54874  36.231  -16.813  47.970 0.0000000000
56781  38.131  -14.776  47.260 0.0000000000
48679  25.956  -22.786  54.177 0.0000000000
151590  23.470  -23.140  54.280 0.0000000000
50945  24.646  -21.841  51.748 0.0000000000
52972  23.126  -18.834  51.813 0.0000000000
54828  21.909  -16.243  51.417 0.0000000000
54902  21.782  -17.007  46.608 0.0000000000
55849  21.347  -15.574  49.478 0.0000000000
56757  20.987  -13.883  50.908 0.0000000000
139971  18.129  -13.316  50.884 0.0000000000
143505  15.477  -14.376  49.395 0.0000000000
139963  13.864  -16.106  48.380 0.0000000000
53959  31.717  -17.216  44.607 0.0000000000
53961  29.040  -17.620  44.243 0.0000000000
165703  30.706  -17.485  46.771 0.0000000000
54841  29.764  -16.261  49.952 0.0000000000
52934  27.423  -18.517  53.556 0.0000000000
72560  62.774  1.731  13.628 0.0000000000
72564  58.816  1.504  13.475 0.0000000000
71466  46.978  0.601  13.227 0.0000000000
168928  49.186  2.385  15.354 0.0000000000
74616  51.237  3.693  17.459 0.0000000000
72504  50.078  1.379  20.947 0.0000000000
74580  51.774  3.679  21.085 0.0000000000
68290  40.653  -2.698  25.591 0.0000000000
69267  42.816  -1.297  28.256 0.0000000000
69234  45.209  -1.350  30.389 0.0000000000
140245  37.471  -7.505  37.875 0.0000000000
160704  40.330  -6.969  36.915 0.0000000000
63466  40.628  -7.267  42.213 0.0000000000
169114  42.719  -6.383  38.567 0.0000000000
67311  41.995  -4.152  35.906 0.0000000000
69201  42.131  -1.143  35.285 0.0000000000
70249  44.939  -0.126  34.004 0.0000000000
77856  56.165  6.672  1.099 0.0000000000
150157  58.124  6.562  3.308 0.0000000000
76760  60.845  5.212  6.122 0.0000000000
46804  29.185  -23.793  53.749 0.0000000000
139961  13.110  -16.903  50.679 0.0000000000
139962  13.808  -15.879  52.733 0.0000000000
53875  12.571  -17.872  52.877 0.0000000000
144543  47.823  -1.778  27.853 0.0000000000
155628  49.051  -1.077  27.711 0.0000000000
48664  5.976  -24.217  55.812 0.0000000000
53948  33.180  -17.092  45.019 0.0000000000
54918  35.178  -17.011  45.295 0.0000000000
54919  33.899  -17.022  45.617 0.0000000000
54863  24.299  -17.156  49.268 0.0000000000
168679  24.597  -18.421  48.179 0.0000000000
54884  24.123  -17.589  47.980 0.0000000000
55846  26.088  -15.173  49.097 0.0000000000
55832  24.574  -15.407  50.376 0.0000000000
54827  24.845  -16.028  51.165 0.0000000000
152734  22.170  -16.809  53.126 0.0000000000
54800  21.900  -16.588  53.967 0.0000000000
72617  57.354  1.443  8.878 0.0000000000
70484  59.351  -0.343  10.116 0.0000000000
70469  58.411  -0.538  10.210 0.0000000000
73560  55.486  2.817  17.048 0.0000000000
73568  56.284  2.771  16.900 0.0000000000
140281  44.651  -0.440  17.061 0.0000000000
140283  45.726  0.428  17.334 0.0000000000
160990  46.412  -0.435  18.677 0.0000000000
64574  40.185  -5.948  32.541 0.0000000000
66395  39.880  -4.360  32.391 0.0000000000
68244  39.903  -2.336  31.951 0.0000000000
67325  40.507  -4.138  33.425 0.0000000000
60554  36.697  -10.539  44.331 0.0000000000
61553  37.198  -9.294  42.167 0.0000000000
152437  37.465  -9.296  44.169 0.0000000000
73652  55.111  1.684  7.758 0.0000000000
74717  55.076  2.768  6.407 0.0000000000
73666  56.604  2.264  7.418 0.0000000000
73665  57.473  2.268  7.756 0.0000000000
76818  59.003  5.907  -2.355 0.0000000000
76814  58.396  5.421  -1.554 0.0000000000
75812  58.532  4.541  -0.181 0.0000000000
77863  56.866  6.229  -0.858 0.0000000000
55825  31.491  -16.181  50.780 0.0000000000
55844  32.645  -16.350  49.971 0.0000000000
53854  31.688  -18.037  52.164 0.0000000000
57644  18.589  -13.373  52.802 0.0000000000
57628  19.453  -13.451  53.636 0.0000000000
57612  17.391  -13.331  54.097 0.0000000000
56736  14.425  -14.467  56.033 0.0000000000
57602  15.863  -13.578  55.835 0.0000000000
72622  52.149  0.623  8.917 0.0000000000
71495  53.143  0.170  10.026 0.0000000000
71496  52.254  0.145  10.071 0.0000000000
69420  49.784  -1.415  12.784 0.0000000000
69418  51.579  -1.536  12.598 0.0000000000
70434  50.883  -0.650  13.678 0.0000000000
71444  52.951  0.728  14.162 0.0000000000
71446  51.163  1.164  14.200 0.0000000000
68342  47.616  -3.047  21.236 0.0000000000
169197  49.163  -2.757  21.576 0.0000000000
68312  48.930  -1.926  23.013 0.0000000000
73655  52.032  1.704  7.794 0.0000000000
49806  10.431  -21.318  51.810 0.0000000000
48718  8.945  -22.867  51.603 0.0000000000
66514  43.439  -4.425  18.410 0.0000000000
67442  45.141  -4.254  19.408 0.0000000000
66482  43.171  -4.130  20.164 0.0000000000
168838  42.377  -3.210  23.489 0.0000000000
68332  43.726  -2.775  22.921 0.0000000000
68318  43.552  -2.624  23.726 0.0000000000
144104  45.424  -1.822  25.612 0.0000000000
69309  43.703  -2.005  25.768 0.0000000000
55938  36.472  -15.864  41.105 0.0000000000
55908  37.531  -16.185  44.306 0.0000000000
56842  37.534  -14.913  42.989 0.0000000000
56834  37.166  -14.483  44.587 0.0000000000
57757  36.813  -13.715  44.043 0.0000000000
56823  37.383  -14.389  45.623 0.0000000000
55821  34.741  -17.008  49.329 0.0000000000
54875  35.159  -16.793  48.154 0.0000000000
55820  35.636  -17.210  49.264 0.0000000000
54854  37.885  -17.236  48.524 0.0000000000
57700  38.194  -13.784  47.084 0.0000000000
50931  26.202  -21.507  52.770 0.0000000000
48693  25.213  -22.619  52.749 0.0000000000
159028  25.807  -21.580  51.007 0.0000000000
52982  23.441  -19.457  49.398 0.0000000000
51990  23.671  -19.825  50.549 0.0000000000
146928  23.112  -18.922  50.612 0.0000000000
52973  22.625  -18.081  51.205 0.0000000000
53895  22.312  -17.654  50.269 0.0000000000
154142  22.142  -17.006  45.778 0.0000000000
57692  20.245  -13.762  48.890 0.0000000000
56788  21.002  -14.924  49.039 0.0000000000
56772  20.772  -14.149  49.503 0.0000000000
56762  21.292  -14.485  50.734 0.0000000000
157361  20.474  -13.743  50.079 0.0000000000
57663  19.688  -13.438  51.420 0.0000000000
57678  19.005  -13.354  50.637 0.0000000000
55834  14.392  -15.452  48.858 0.0000000000
53966  32.320  -16.790  43.707 0.0000000000
53967  30.683  -17.027  43.346 0.0000000000
53932  27.816  -17.002  46.220 0.0000000000
53942  28.538  -17.454  46.158 0.0000000000
53952  29.647  -17.566  45.094 0.0000000000
53930  29.256  -17.514  46.847 0.0000000000
53916  30.067  -17.191  48.077 0.0000000000
54860  29.309  -16.510  49.229 0.0000000000
52947  26.226  -18.517  52.482 0.0000000000
54799  26.916  -17.329  53.028 0.0000000000
149373  26.492  -19.445  52.962 0.0000000000
50917  26.843  -20.350  54.073 0.0000000000
49765  23.308  -21.722  54.211 0.0000000000
51945  10.596  -19.547  55.622 0.0000000000
53834  11.758  -18.331  55.580 0.0000000000
72613  62.128  1.724  9.390 0.0000000000
72593  61.529  1.470  12.247 0.0000000000
72592  62.570  1.641  11.960 0.0000000000
72579  62.347  2.011  13.008 0.0000000000
73610  61.845  2.481  14.294 0.0000000000
71476  57.086  -0.490  12.618 0.0000000000
146561  58.040  -0.088  12.455 0.0000000000
72565  57.837  1.160  13.599 0.0000000000
143839  59.544  2.739  15.293 0.0000000000
73563  47.565  2.063  16.949 0.0000000000
72531  47.875  2.077  15.126 0.0000000000
153047  49.261  2.628  16.146 0.0000000000
145406  50.218  2.870  16.165 0.0000000000
74618  50.016  3.226  17.623 0.0000000000
69366  51.263  -1.198  20.985 0.0000000000
151357  49.675  -0.266  20.415 0.0000000000
70390  51.177  -0.313  21.062 0.0000000000
68278  39.542  -2.523  26.634 0.0000000000
144892  41.193  -1.131  30.209 0.0000000000
145149  41.907  -1.350  28.326 0.0000000000
70311  43.004  -0.837  29.570 0.0000000000
69250  43.830  -1.096  29.247 0.0000000000
70287  43.662  -0.663  31.059 0.0000000000
58611  36.843  -12.152  39.342 0.0000000000
60595  36.069  -10.443  38.665 0.0000000000
63491  37.876  -7.803  39.787 0.0000000000
62507  37.125  -8.195  39.333 0.0000000000
142422  38.671  -7.466  38.726 0.0000000000
140244  39.458  -7.131  37.253 0.0000000000
143252  40.107  -7.434  38.551 0.0000000000
63442  40.309  -7.246  43.755 0.0000000000
66366  43.030  -5.006  38.344 0.0000000000
65465  42.865  -5.494  37.317 0.0000000000
163484  42.567  -3.445  37.349 0.0000000000
68229  41.778  -2.536  35.826 0.0000000000
69185  42.728  -1.488  37.145 0.0000000000
77830  55.181  6.131  3.795 0.0000000000
78889  55.968  6.846  2.571 0.0000000000
77851  56.987  6.558  1.790 0.0000000000
77840  56.692  6.611  3.224 0.0000000000
74713  59.974  3.330  7.237 0.0000000000
75761  60.202  4.578  6.393 0.0000000000
74712  60.974  3.643  7.475 0.0000000000
74711  62.131  3.925  7.605 0.0000000000
74782  61.930  3.256  -2.172 0.0000000000
76798  62.502  5.896  2.416 0.0000000000
76794  63.149  6.128  3.551 0.0000000000
77814  63.106  6.285  5.113 0.0000000000
50915  29.401  -20.217  53.637 0.0000000000
50929  30.848  -20.117  52.881 0.0000000000
49760  29.754  -21.790  53.581 0.0000000000
56753  15.279  -13.889  52.336 0.0000000000
144653  15.815  -13.491  52.884 0.0000000000
142935  14.693  -14.352  52.765 0.0000000000
55779  13.822  -15.324  54.479 0.0000000000
55769  13.593  -15.754  55.251 0.0000000000
70479  48.644  -0.850  11.099 0.0000000000
173103  48.362  -1.004  12.657 0.0000000000
69321  47.642  -1.637  24.502 0.0000000000
69320  48.521  -1.588  24.603 0.0000000000
144538  49.135  -1.214  26.210 0.0000000000
69276  50.491  -0.900  27.469 0.0000000000
47735  7.106  -24.375  53.138 0.0000000000
47711  6.201  -24.547  54.689 0.0000000000
48655  7.330  -22.923  57.235 0.0000000000
66483  42.295  -4.200  20.329 0.0000000000
67381  41.334  -3.329  24.087 0.0000000000
167534  36.511  -16.483  42.523 0.0000000000
54925  34.933  -17.001  44.335 0.0000000000
148946  36.318  -16.995  45.084 0.0000000000
54916  36.940  -16.885  45.577 0.0000000000
52981  26.021  -19.388  50.148 0.0000000000
50958  26.036  -20.978  50.288 0.0000000000
52008  25.391  -20.092  49.061 0.0000000000
52018  24.383  -19.505  48.054 0.0000000000
163811  23.238  -18.815  47.593 0.0000000000
139973  19.170  -13.340  49.394 0.0000000000
139976  18.525  -13.262  48.285 0.0000000000
55876  27.023  -15.784  47.538 0.0000000000
54883  27.938  -16.370  48.395 0.0000000000
54843  28.052  -15.856  50.034 0.0000000000
146719  26.407  -15.442  51.133 0.0000000000
54826  25.410  -16.567  51.748 0.0000000000
51968  23.027  -19.464  53.966 0.0000000000
72635  60.453  1.608  8.626 0.0000000000
166027  61.686  0.949  10.211 0.0000000000
71505  60.535  0.443  9.773 0.0000000000
159887  60.436  0.273  11.145 0.0000000000
72580  60.545  1.410  12.639 0.0000000000
72544  55.460  1.465  14.764 0.0000000000
72523  57.040  2.018  14.922 0.0000000000
155623  56.763  2.276  15.573 0.0000000000
73567  57.984  2.949  16.383 0.0000000000
72553  45.809  1.285  14.789 0.0000000000
72520  45.663  1.070  16.161 0.0000000000
72519  46.339  1.299  16.531 0.0000000000
140295  47.725  1.882  17.841 0.0000000000
71396  53.341  0.240  23.024 0.0000000000
68255  38.586  -3.093  29.423 0.0000000000
68261  39.233  -2.295  28.273 0.0000000000
69239  39.775  -1.941  30.527 0.0000000000
69238  40.453  -1.500  30.826 0.0000000000
69223  41.115  -1.218  32.168 0.0000000000
167887  36.465  -10.747  41.557 0.0000000000
60581  36.451  -10.838  40.733 0.0000000000
61559  36.659  -9.940  41.903 0.0000000000
62480  37.480  -8.713  41.494 0.0000000000
63480  38.730  -7.849  41.179 0.0000000000
74748  52.673  3.896  5.705 0.0000000000
76789  52.940  5.494  4.406 0.0000000000
166798  53.946  4.398  5.151 0.0000000000
172767  54.672  4.477  5.095 0.0000000000
76776  56.008  4.965  4.849 0.0000000000
76775  56.941  5.085  4.871 0.0000000000
75764  57.091  3.826  5.821 0.0000000000
153274  59.036  2.969  7.015 0.0000000000
76821  59.708  5.927  -3.128 0.0000000000
75814  59.863  4.259  -2.032 0.0000000000
74767  61.543  3.419  -0.469 0.0000000000
75804  63.178  4.581  0.492 0.0000000000
74763  60.236  3.641  0.283 0.0000000000
75801  60.376  4.664  1.349 0.0000000000
77849  59.348  6.084  2.148 0.0000000000
53927  31.968  -17.235  47.011 0.0000000000
54895  33.664  -16.886  47.285 0.0000000000
54877  33.317  -16.737  48.311 0.0000000000
55843  33.511  -16.563  49.787 0.0000000000
53881  34.236  -17.720  50.678 0.0000000000
57641  21.104  -13.870  52.833 0.0000000000
56746  21.289  -14.631  54.213 0.0000000000
57609  20.681  -13.904  54.636 0.0000000000
57597  20.325  -14.072  55.334 0.0000000000
157911  17.155  -13.363  55.005 0.0000000000
57590  18.346  -13.936  56.546 0.0000000000
156225  55.133  0.788  9.120 0.0000000000
70471  56.650  -0.540  10.251 0.0000000000
71493  55.021  0.221  9.981 0.0000000000
70457  55.105  -1.124  11.000 0.0000000000
70445  55.362  -1.042  12.894 0.0000000000
70461  51.400  -1.171  10.963 0.0000000000
69403  53.899  -1.218  13.021 0.0000000000
71458  54.551  0.140  13.754 0.0000000000
72545  54.426  1.348  14.693 0.0000000000
72526  53.945  1.785  15.310 0.0000000000
73571  53.922  2.666  16.438 0.0000000000
67452  46.994  -3.252  18.602 0.0000000000
171349  47.666  -1.885  19.094 0.0000000000
68369  48.277  -2.909  19.254 0.0000000000
68339  50.511  -2.387  21.525 0.0000000000
69345  51.928  -2.145  22.487 0.0000000000
69318  50.344  -1.801  24.758 0.0000000000
146368  52.037  -2.127  24.107 0.0000000000
149869  52.681  -1.547  24.142 0.0000000000
140255  40.052  -6.613  34.185 0.0000000000
62442  38.473  -8.592  45.414 0.0000000000
75765  51.720  4.111  5.896 0.0000000000
73678  52.778  2.833  6.531 0.0000000000
73669  53.571  2.088  7.172 0.0000000000
80939  58.347  9.432  -2.527 0.0000000000
79960  57.096  8.630  -1.920 0.0000000000
50979  11.262  -19.727  50.328 0.0000000000
51981  11.591  -19.424  51.978 0.0000000000
150547  10.932  -20.479  51.968 0.0000000000
50937  10.577  -20.477  53.541 0.0000000000
50899  10.090  -20.005  55.940 0.0000000000
148251  8.687  -22.078  55.090 0.0000000000
140287  44.292  -1.316  17.277 0.0000000000
161681  43.499  -2.579  16.969 0.0000000000
67462  44.963  -3.522  17.741 0.0000000000
67441  46.089  -4.108  19.131 0.0000000000
67408  46.198  -3.513  20.723 0.0000000000
159836  46.166  -2.676  22.088 0.0000000000
67411  43.380  -3.490  21.609 0.0000000000
68331  44.608  -2.670  22.637 0.0000000000
68300  45.811  -2.018  23.909 0.0000000000
144193  46.144  -1.773  25.330 0.0000000000
144539  46.562  -1.935  26.847 0.0000000000
69263  46.507  -2.157  28.422 0.0000000000
57774  37.284  -13.669  40.640 0.0000000000
157050  37.500  -15.620  42.502 0.0000000000
57762  37.266  -14.126  42.241 0.0000000000
58601  36.696  -12.404  41.293 0.0000000000
58595  36.535  -12.345  42.835 0.0000000000
58591  36.501  -12.149  43.743 0.0000000000
59521  36.649  -11.194  44.929 0.0000000000
54894  34.625  -16.846  47.455 0.0000000000
150114  36.277  -16.862  46.592 0.0000000000
54891  37.327  -16.528  46.984 0.0000000000
54855  36.918  -17.224  48.667 0.0000000000
55857  37.769  -16.479  47.961 0.0000000000
55872  37.708  -15.886  46.794 0.0000000000
57730  37.835  -13.887  46.726 0.0000000000
58559  37.590  -12.373  46.375 0.0000000000
59511  37.431  -11.005  46.474 0.0000000000
47710  25.916  -23.886  54.692 0.0000000000
48680  24.995  -23.191  53.516 0.0000000000
49778  24.192  -22.215  53.293 0.0000000000
50932  23.628  -20.745  53.370 0.0000000000
50974  24.930  -21.126  49.994 0.0000000000
50946  24.090  -20.887  52.100 0.0000000000
51967  23.415  -20.000  53.097 0.0000000000
170325  22.691  -18.133  52.092 0.0000000000
53871  22.395  -17.478  52.363 0.0000000000
166590  21.927  -15.843  52.200 0.0000000000
53933  23.015  -17.634  46.382 0.0000000000
53920  22.805  -18.217  46.923 0.0000000000
154044  21.965  -17.556  47.544 0.0000000000
55881  21.110  -15.434  46.710 0.0000000000
145343  21.262  -15.808  48.474 0.0000000000
53907  21.989  -17.338  49.240 0.0000000000
158635  21.675  -15.972  50.761 0.0000000000
55817  21.595  -15.210  51.487 0.0000000000
56756  21.421  -14.396  52.261 0.0000000000
57642  20.420  -13.615  52.166 0.0000000000
57664  18.788  -13.374  51.710 0.0000000000
144563  17.863  -13.339  51.932 0.0000000000
142214  17.603  -13.409  49.751 0.0000000000
168512  16.784  -13.540  50.438 0.0000000000
139972  16.380  -13.532  51.409 0.0000000000
143398  14.474  -15.254  50.784 0.0000000000
139964  13.993  -15.887  50.118 0.0000000000
139957  12.602  -17.521  50.049 0.0000000000
139951  12.261  -17.844  49.096 0.0000000000
52014  11.122  -19.123  47.610 0.0000000000
164410  33.628  -16.614  43.058 0.0000000000
53958  32.558  -17.056  44.577 0.0000000000
53949  32.366  -17.245  45.326 0.0000000000
53960  30.120  -17.414  44.200 0.0000000000
53951  30.695  -17.446  45.080 0.0000000000
53939  31.391  -17.412  46.507 0.0000000000
53928  31.121  -17.356  47.264 0.0000000000
54858  31.055  -16.584  49.299 0.0000000000
55782  30.152  -16.484  51.877 0.0000000000
55828  28.686  -15.851  50.725 0.0000000000
55784  28.825  -16.506  52.496 0.0000000000
54783  28.986  -17.669  53.091 0.0000000000
50907  27.522  -20.217  54.007 0.0000000000
158445  26.950  -22.032  54.649 0.0000000000
52953  12.186  -18.409  53.447 0.0000000000
54777  12.787  -17.070  56.013 0.0000000000
72600  62.669  1.348  10.987 0.0000000000
70454  58.141  -0.753  11.079 0.0000000000
71475  58.902  0.312  12.311 0.0000000000
72563  59.644  1.966  13.660 0.0000000000
73604  57.944  2.180  14.649 0.0000000000
73603  59.123  2.251  14.345 0.0000000000
73611  61.013  2.538  14.180 0.0000000000
71477  47.272  -0.096  12.625 0.0000000000
71465  47.847  0.115  13.279 0.0000000000
72552  46.585  1.455  14.720 0.0000000000
72550  48.131  1.603  14.372 0.0000000000
71447  49.832  1.174  14.005 0.0000000000
73605  50.402  2.258  14.898 0.0000000000
73573  52.093  2.900  16.206 0.0000000000
74614  52.961  3.949  17.483 0.0000000000
161347  47.632  -0.118  19.431 0.0000000000
141739  48.312  0.359  19.769 0.0000000000
161884  49.260  2.002  19.828 0.0000000000
72498  51.775  1.168  21.650 0.0000000000
73540  50.473  2.287  21.036 0.0000000000
74594  49.996  3.153  19.166 0.0000000000
75630  51.831  4.279  19.453 0.0000000000
75637  53.360  4.676  18.789 0.0000000000
67382  40.317  -3.573  24.060 0.0000000000
68289  41.522  -2.601  25.457 0.0000000000
69284  40.618  -1.752  27.740 0.0000000000
69297  41.776  -1.915  26.844 0.0000000000
68274  42.907  -2.093  25.924 0.0000000000
145178  44.230  -1.697  26.966 0.0000000000
69264  45.741  -1.921  28.636 0.0000000000
164556  46.880  -2.074  30.225 0.0000000000
61569  36.253  -9.570  39.389 0.0000000000
142099  37.903  -7.285  36.576 0.0000000000
161415  39.575  -6.837  35.555 0.0000000000
64556  41.295  -6.121  34.765 0.0000000000
62463  38.696  -8.194  43.486 0.0000000000
63479  39.069  -7.882  41.955 0.0000000000
63488  40.633  -7.485  40.669 0.0000000000
64501  41.866  -6.990  40.593 0.0000000000
63497  41.342  -7.375  39.367 0.0000000000
64528  41.753  -6.977  37.972 0.0000000000
173166  41.831  -6.333  35.973 0.0000000000
66389  41.349  -4.620  34.397 0.0000000000
68234  40.905  -2.911  34.347 0.0000000000
168227  41.331  -1.547  33.922 0.0000000000
70262  42.479  -0.499  33.217 0.0000000000
70233  43.184  -0.381  36.142 0.0000000000
71321  43.682  -0.022  34.694 0.0000000000
70261  44.002  -0.274  32.891 0.0000000000
70285  45.524  -0.972  31.936 0.0000000000
79961  55.914  8.033  -1.211 0.0000000000
77864  56.262  6.673  -0.371 0.0000000000
150948  56.780  6.196  0.890 0.0000000000
77850  57.941  6.490  2.022 0.0000000000
78886  59.832  6.550  3.444 0.0000000000
77819  58.219  5.982  4.520 0.0000000000
77818  59.218  6.189  4.574 0.0000000000
77826  61.142  6.527  4.725 0.0000000000
76747  62.605  5.211  6.537 0.0000000000
45875  26.790  -24.691  54.531 0.0000000000
45883  27.614  -25.150  54.068 0.0000000000
169997  12.771  -17.413  51.267 0.0000000000
143390  12.985  -17.238  52.138 0.0000000000
139956  12.481  -18.006  51.738 0.0000000000
69262  48.215  -1.717  28.788 0.0000000000
69278  48.520  -1.444  27.984 0.0000000000
167991  23.727  -16.440  48.865 0.0000000000
54844  24.479  -16.396  50.395 0.0000000000
55787  22.068  -16.028  53.131 0.0000000000
55788  21.668  -15.426  53.853 0.0000000000
146498  56.999  1.077  9.343 0.0000000000
71507  57.595  0.627  9.365 0.0000000000
73559  55.890  3.221  17.575 0.0000000000
162355  44.961  -1.023  17.778 0.0000000000
141525  45.639  -0.719  18.209 0.0000000000
161196  46.123  -1.472  18.566 0.0000000000
65488  39.966  -5.162  32.138 0.0000000000
65487  40.425  -4.906  32.867 0.0000000000
67329  40.107  -3.791  32.871 0.0000000000
66392  40.919  -4.883  33.685 0.0000000000
61542  36.998  -9.889  44.623 0.0000000000
61548  36.903  -9.858  43.766 0.0000000000
72619  55.732  1.332  8.614 0.0000000000
73651  56.070  1.860  7.956 0.0000000000
73633  56.484  1.613  8.490 0.0000000000
73632  57.085  1.654  8.567 0.0000000000
77866  58.179  6.261  -1.846 0.0000000000
77867  57.403  6.657  -1.514 0.0000000000
76815  57.611  5.805  -1.208 0.0000000000
55798  30.953  -16.567  51.252 0.0000000000
55797  31.563  -16.578  51.073 0.0000000000
53855  30.928  -17.812  52.337 0.0000000000
57645  17.481  -13.302  52.970 0.0000000000
72623  51.227  0.836  8.882 0.0000000000
71513  51.631  0.403  9.602 0.0000000000
69408  49.643  -1.075  13.276 0.0000000000
69407  50.354  -1.176  13.318 0.0000000000
71461  51.462  0.124  13.933 0.0000000000
71462  50.491  0.359  13.900 0.0000000000
68329  46.890  -2.591  22.150 0.0000000000
68328  47.771  -2.497  22.211 0.0000000000
68313  48.000  -1.882  22.945 0.0000000000
153970  8.781  -22.799  50.682 0.0000000000
66515  42.652  -4.514  18.101 0.0000000000
66498  42.673  -4.499  18.924 0.0000000000
66497  43.420  -4.373  19.296 0.0000000000
158859  42.669  -4.349  19.662 0.0000000000
68319  42.807  -2.838  23.919 0.0000000000
68303  43.369  -2.504  24.492 0.0000000000
68286  43.946  -2.187  25.081 0.0000000000
68287  43.155  -2.363  25.223 0.0000000000
54915  37.416  -16.401  45.229 0.0000000000
56833  37.510  -15.300  43.992 0.0000000000
56822  37.511  -15.503  44.958 0.0000000000
54822  34.633  -17.478  50.142 0.0000000000
53892  35.438  -17.879  50.132 0.0000000000
144770  26.392  -20.683  52.271 0.0000000000
50944  26.075  -21.623  51.723 0.0000000000
52997  22.930  -18.905  48.657 0.0000000000
52983  22.746  -18.557  49.911 0.0000000000
57677  19.810  -13.439  50.337 0.0000000000
53931  28.429  -17.229  47.011 0.0000000000
53917  29.222  -17.241  47.776 0.0000000000
54882  28.820  -16.763  48.496 0.0000000000
51976  26.365  -19.854  51.764 0.0000000000
51966  26.554  -20.390  53.403 0.0000000000
50919  23.197  -20.765  54.195 0.0000000000
51934  10.495  -19.354  56.361 0.0000000000
52909  10.940  -18.742  56.753 0.0000000000
73646  62.253  2.572  8.667 0.0000000000
158792  61.352  1.873  13.008 0.0000000000
72561  61.651  2.320  13.643 0.0000000000
159562  56.788  0.065  13.258 0.0000000000
71456  57.502  0.347  13.128 0.0000000000
146470  56.853  0.862  13.770 0.0000000000
73562  48.422  2.377  17.533 0.0000000000
73576  48.389  2.437  16.541 0.0000000000
143762  49.002  2.684  16.937 0.0000000000
73575  49.714  2.980  16.886 0.0000000000
73561  49.295  2.780  17.611 0.0000000000
70388  52.521  -0.436  22.032 0.0000000000
68279  38.747  -2.747  26.965 0.0000000000
70301  41.968  -0.697  30.804 0.0000000000
69252  42.123  -0.821  29.849 0.0000000000
70300  42.874  -0.663  30.469 0.0000000000
69236  43.732  -0.823  30.125 0.0000000000
59556  36.497  -11.284  38.942 0.0000000000
63490  38.848  -7.663  40.225 0.0000000000
63500  38.514  -7.574  39.361 0.0000000000
142589  39.278  -7.332  38.159 0.0000000000
67296  42.931  -3.944  39.375 0.0000000000
67305  42.833  -4.245  37.769 0.0000000000
68217  42.812  -3.152  38.182 0.0000000000
68225  42.266  -2.666  36.710 0.0000000000
68221  42.627  -2.549  37.497 0.0000000000
77842  54.709  6.613  3.237 0.0000000000
77841  55.654  6.633  3.210 0.0000000000
74703  60.439  2.853  7.740 0.0000000000
74702  61.575  3.163  8.003 0.0000000000
74774  62.557  3.356  -1.458 0.0000000000
74773  63.654  3.561  -1.402 0.0000000000
74765  64.100  3.856  -0.493 0.0000000000
77848  61.564  5.970  2.543 0.0000000000
76797  63.049  5.994  2.799 0.0000000000
77837  62.721  6.439  3.668 0.0000000000
77823  63.158  6.296  4.315 0.0000000000
171377  62.153  6.670  4.104 0.0000000000
50916  28.976  -20.781  53.830 0.0000000000
147435  29.593  -20.973  53.580 0.0000000000
48676  29.272  -22.339  53.868 0.0000000000
139968  14.812  -14.570  51.663 0.0000000000
139967  14.326  -15.106  52.296 0.0000000000
54804  13.435  -16.468  53.531 0.0000000000
55793  13.774  -15.645  53.711 0.0000000000
54789  13.493  -16.158  54.359 0.0000000000
173121  13.257  -16.523  54.921 0.0000000000
71486  47.877  -0.497  11.188 0.0000000000
70464  48.340  -1.114  11.948 0.0000000000
69306  47.882  -1.554  25.306 0.0000000000
144537  48.176  -1.492  26.150 0.0000000000
47736  6.364  -24.454  53.126 0.0000000000
48663  6.602  -23.786  56.219 0.0000000000
48645  7.158  -23.335  58.162 0.0000000000
54931  35.227  -16.861  43.531 0.0000000000
54917  36.141  -16.984  45.643 0.0000000000
52994  25.630  -19.483  49.244 0.0000000000
53006  24.376  -18.960  47.732 0.0000000000
52995  25.023  -19.372  48.378 0.0000000000
52996  23.690  -19.352  48.196 0.0000000000
55862  27.062  -15.702  48.660 0.0000000000
168401  27.782  -16.478  47.718 0.0000000000
55845  27.087  -15.574  49.693 0.0000000000
53882  25.022  -17.163  51.029 0.0000000000
55816  25.431  -15.851  51.522 0.0000000000
165026  25.624  -18.297  50.942 0.0000000000
166723  22.705  -18.236  53.010 0.0000000000
150452  22.340  -18.114  53.963 0.0000000000
72636  59.388  1.472  8.523 0.0000000000
72614  60.079  0.791  9.015 0.0000000000
70452  59.906  -0.173  10.747 0.0000000000
71483  60.548  0.769  11.811 0.0000000000
72524  56.213  1.886  15.227 0.0000000000
73587  56.061  2.267  16.042 0.0000000000
74625  57.326  3.120  16.955 0.0000000000
168148  44.381  0.716  15.136 0.0000000000
71435  44.875  0.725  15.785 0.0000000000
157941  45.915  0.140  18.006 0.0000000000
71429  45.881  0.800  16.844 0.0000000000
72514  46.387  0.897  17.482 0.0000000000
140291  47.146  1.440  17.649 0.0000000000
161739  46.901  0.889  18.166 0.0000000000
68250  38.650  -3.474  30.123 0.0000000000
68249  39.153  -2.651  30.128 0.0000000000
158664  40.126  -2.787  32.714 0.0000000000
69215  40.463  -1.885  32.490 0.0000000000
69214  41.075  -1.502  33.133 0.0000000000
59543  36.476  -11.671  42.050 0.0000000000
62479  38.219  -8.215  41.733 0.0000000000
75783  53.074  4.411  5.225 0.0000000000
74747  53.614  3.774  5.599 0.0000000000
74745  55.209  3.398  5.849 0.0000000000
74746  54.529  3.865  5.476 0.0000000000
75781  55.446  4.228  5.297 0.0000000000
76777  55.118  4.952  4.798 0.0000000000
75780  56.495  4.384  5.333 0.0000000000
154916  56.712  3.168  6.299 0.0000000000
152689  57.786  1.911  8.400 0.0000000000
73664  58.407  2.394  7.710 0.0000000000
73649  58.794  2.013  8.214 0.0000000000
74704  59.417  2.573  7.623 0.0000000000
76813  59.090  4.931  -1.900 0.0000000000
76817  59.608  5.078  -2.675 0.0000000000
74776  60.568  3.584  -1.598 0.0000000000
74768  60.622  3.448  -0.560 0.0000000000
74762  61.204  3.557  0.205 0.0000000000
74769  59.790  3.678  -0.268 0.0000000000
76810  57.873  5.056  0.163 0.0000000000
75807  59.309  4.066  0.312 0.0000000000
75808  58.604  4.758  0.636 0.0000000000
76804  59.884  5.388  1.756 0.0000000000
76805  58.890  5.369  1.432 0.0000000000
54897  31.677  -17.072  47.794 0.0000000000
54896  32.614  -16.928  47.566 0.0000000000
54878  32.312  -16.765  48.418 0.0000000000
54809  32.624  -17.191  51.183 0.0000000000
170439  32.930  -16.440  50.349 0.0000000000
55823  33.357  -16.708  50.158 0.0000000000
54823  33.798  -17.173  50.425 0.0000000000
54808  33.440  -17.518  51.043 0.0000000000
57627  20.428  -13.631  53.443 0.0000000000
57626  21.148  -13.993  53.898 0.0000000000
153401  19.549  -13.530  54.738 0.0000000000
57598  19.704  -13.839  55.712 0.0000000000
57599  18.839  -13.682  56.012 0.0000000000
154427  15.857  -13.427  53.769 0.0000000000
57614  16.062  -13.396  54.821 0.0000000000
72620  54.154  0.618  9.006 0.0000000000
71510  54.609  0.523  9.620 0.0000000000
70474  53.664  -0.491  10.456 0.0000000000
70473  54.605  -0.521  10.441 0.0000000000
69425  54.603  -1.416  11.687 0.0000000000
69413  55.433  -1.391  11.912 0.0000000000
69414  54.863  -1.376  12.409 0.0000000000
160168  50.236  -0.371  10.403 0.0000000000
70477  51.002  -0.505  10.430 0.0000000000
70432  52.699  -0.787  13.558 0.0000000000
69404  53.048  -1.276  13.135 0.0000000000
70431  53.563  -0.767  13.432 0.0000000000
160003  54.489  -0.684  13.343 0.0000000000
160152  53.968  -0.147  13.679 0.0000000000
71442  54.933  0.813  14.113 0.0000000000
71443  53.938  0.655  14.091 0.0000000000
72547  52.606  1.436  14.582 0.0000000000
72546  53.482  1.344  14.636 0.0000000000
72527  53.061  1.880  15.172 0.0000000000
73590  53.499  2.260  15.830 0.0000000000
73591  52.607  2.398  15.663 0.0000000000
67440  46.899  -3.663  18.993 0.0000000000
67439  47.642  -3.249  19.009 0.0000000000
67421  48.063  -3.217  19.492 0.0000000000
68326  49.697  -2.542  22.191 0.0000000000
68340  49.824  -2.631  21.108 0.0000000000
164028  50.518  -2.409  22.361 0.0000000000
68325  51.212  -2.281  21.965 0.0000000000
68310  51.022  -2.346  22.974 0.0000000000
69304  49.714  -1.443  25.466 0.0000000000
69319  49.420  -1.642  24.702 0.0000000000
69317  51.325  -1.956  24.838 0.0000000000
69316  52.392  -1.728  25.045 0.0000000000
70360  53.224  -1.054  24.726 0.0000000000
140263  39.173  -6.732  33.800 0.0000000000
142408  40.142  -6.413  33.444 0.0000000000
141214  39.436  -6.748  34.729 0.0000000000
74732  51.363  3.589  6.458 0.0000000000
74731  52.283  3.403  6.231 0.0000000000
74718  52.007  2.818  6.842 0.0000000000
72640  52.584  0.979  8.180 0.0000000000
73654  52.998  1.617  7.551 0.0000000000
72639  53.626  0.990  8.207 0.0000000000
72638  54.671  1.098  8.366 0.0000000000
80933  57.540  9.349  -2.175 0.0000000000
50990  10.867  -19.802  49.011 0.0000000000
50980  10.632  -20.564  50.019 0.0000000000
49784  9.675  -21.968  53.027 0.0000000000
49796  10.202  -21.445  52.640 0.0000000000
49783  10.183  -21.160  53.355 0.0000000000
49769  10.173  -20.750  54.152 0.0000000000
50924  9.563  -21.176  54.871 0.0000000000
48687  7.922  -23.196  54.707 0.0000000000
48698  8.028  -23.440  53.780 0.0000000000
161531  43.893  -0.757  16.599 0.0000000000
161731  43.588  -1.631  16.802 0.0000000000
140276  43.464  -4.085  17.339 0.0000000000
140275  43.547  -3.461  17.083 0.0000000000
143437  44.245  -3.857  17.490 0.0000000000
140278  44.206  -3.017  17.372 0.0000000000
66512  45.516  -3.836  18.015 0.0000000000
66495  45.437  -4.149  18.520 0.0000000000
67425  44.734  -3.922  20.415 0.0000000000
67424  45.740  -4.042  20.084 0.0000000000
67409  45.269  -3.464  20.981 0.0000000000
68344  45.741  -2.968  21.549 0.0000000000
66471  41.906  -4.036  21.178 0.0000000000
67427  42.814  -3.811  20.981 0.0000000000
68317  44.381  -2.479  23.508 0.0000000000
67398  43.962  -3.027  22.100 0.0000000000
68316  45.239  -2.363  23.262 0.0000000000
69322  46.338  -1.789  24.558 0.0000000000
69323  45.582  -1.895  24.755 0.0000000000
69294  45.000  -1.787  26.453 0.0000000000
69293  45.892  -1.845  26.314 0.0000000000
144542  46.893  -2.087  27.704 0.0000000000
163529  46.094  -2.116  27.877 0.0000000000
57773  37.405  -14.020  39.817 0.0000000000
58610  37.126  -13.086  39.802 0.0000000000
150523  37.427  -14.337  40.592 0.0000000000
54930  36.508  -16.746  43.448 0.0000000000
54940  37.184  -16.284  42.956 0.0000000000
57769  36.993  -13.325  41.532 0.0000000000
57763  36.783  -13.229  42.553 0.0000000000
160098  36.659  -12.586  42.045 0.0000000000
58584  36.630  -12.848  44.358 0.0000000000
155892  36.576  -11.992  44.642 0.0000000000
148459  36.804  -11.853  45.542 0.0000000000
54893  35.604  -16.841  47.139 0.0000000000
54892  36.663  -16.793  47.137 0.0000000000
54873  37.188  -16.706  47.777 0.0000000000
55839  38.219  -15.817  47.563 0.0000000000
153549  38.085  -15.569  47.584 0.0000000000
154317  37.811  -16.089  47.583 0.0000000000
56798  37.955  -14.901  47.269 0.0000000000
156030  37.724  -14.741  46.503 0.0000000000
57715  37.908  -13.187  46.690 0.0000000000
59499  37.599  -11.771  46.489 0.0000000000
48670  26.270  -23.134  54.561 0.0000000000
47717  25.337  -23.687  54.220 0.0000000000
49790  24.782  -22.294  52.232 0.0000000000
48694  24.829  -22.678  52.897 0.0000000000
49791  24.213  -21.621  52.722 0.0000000000
50973  25.536  -20.748  49.744 0.0000000000
49814  25.440  -21.371  50.497 0.0000000000
50960  24.233  -20.710  50.842 0.0000000000
51977  23.608  -19.870  51.922 0.0000000000
52962  23.163  -19.125  53.019 0.0000000000
53883  22.243  -17.106  51.329 0.0000000000
54814  22.139  -16.573  52.251 0.0000000000
53934  22.431  -17.489  46.324 0.0000000000
159889  20.586  -14.524  47.348 0.0000000000
54865  21.570  -16.527  48.806 0.0000000000
146512  21.648  -16.243  49.909 0.0000000000
172483  21.300  -14.246  51.418 0.0000000000
57661  21.011  -13.844  51.771 0.0000000000
143341  17.257  -13.383  51.129 0.0000000000
167618  18.469  -13.335  49.832 0.0000000000
139970  16.141  -13.839  50.134 0.0000000000
139969  15.532  -14.018  51.144 0.0000000000
139965  14.928  -14.706  50.193 0.0000000000
143135  13.512  -16.472  49.354 0.0000000000
139952  12.027  -18.016  48.146 0.0000000000
143228  11.444  -18.952  48.809 0.0000000000
139949  11.739  -18.182  46.810 0.0000000000
163470  31.505  -16.840  43.504 0.0000000000
53969  28.470  -17.603  43.321 0.0000000000
53968  29.653  -17.351  43.126 0.0000000000
144843  30.095  -17.537  45.738 0.0000000000
147419  30.764  -17.513  46.059 0.0000000000
53950  31.534  -17.402  45.639 0.0000000000
54859  30.159  -16.569  49.286 0.0000000000
54880  30.509  -16.882  48.603 0.0000000000
54840  30.701  -16.270  50.156 0.0000000000
172729  30.086  -16.091  50.628 0.0000000000
55814  27.035  -15.638  51.532 0.0000000000
145018  27.893  -15.698  51.067 0.0000000000
154814  27.717  -15.821  51.937 0.0000000000
53842  27.151  -17.887  53.298 0.0000000000
55785  27.931  -16.602  52.713 0.0000000000
54798  27.524  -17.330  53.090 0.0000000000
54797  28.461  -17.094  52.910 0.0000000000
53840  28.404  -18.213  53.463 0.0000000000
148276  28.577  -18.764  53.678 0.0000000000
52919  27.634  -18.957  53.726 0.0000000000
49763  26.476  -21.853  54.205 0.0000000000
49756  26.848  -21.531  54.480 0.0000000000
48678  26.626  -22.300  54.524 0.0000000000
47709  26.578  -23.449  54.787 0.0000000000
47719  23.679  -23.886  54.261 0.0000000000
151159  21.228  -15.210  54.481 0.0000000000
55773  20.770  -15.320  54.789 0.0000000000
52966  11.711  -19.175  52.589 0.0000000000
52965  12.134  -18.547  52.650 0.0000000000
52954  11.852  -18.908  53.160 0.0000000000
53827  12.208  -17.740  56.558 0.0000000000
53833  12.385  -17.689  55.470 0.0000000000
53821  12.663  -17.335  57.384 0.0000000000
54772  13.249  -16.524  56.396 0.0000000000
54767  13.274  -16.788  57.608 0.0000000000
70455  57.228  -0.984  11.098 0.0000000000
70470  57.539  -0.631  10.327 0.0000000000
70443  57.694  -0.666  11.857 0.0000000000
71455  58.348  0.712  12.947 0.0000000000
164118  59.075  0.975  12.821 0.0000000000
72581  59.689  1.487  13.043 0.0000000000
163897  58.570  2.536  15.099 0.0000000000
73602  60.307  2.627  14.748 0.0000000000
73612  60.133  2.387  14.043 0.0000000000
73601  61.337  2.585  15.073 0.0000000000
71478  46.591  0.302  12.389 0.0000000000
72530  48.692  2.089  14.873 0.0000000000
72549  48.963  1.489  14.202 0.0000000000
72548  50.465  1.679  14.424 0.0000000000
73606  49.632  2.040  14.668 0.0000000000
74630  50.621  3.319  16.941 0.0000000000
73574  51.150  2.972  16.158 0.0000000000
74629  51.581  3.418  16.789 0.0000000000
74628  52.510  3.416  16.791 0.0000000000
74615  51.999  3.858  17.379 0.0000000000
142692  48.215  -2.174  19.226 0.0000000000
142995  47.730  -1.134  19.377 0.0000000000
69369  48.658  -1.482  19.568 0.0000000000
71416  49.861  0.478  20.680 0.0000000000
143050  49.107  0.450  20.301 0.0000000000
142857  48.753  1.272  19.874 0.0000000000
72505  49.406  1.322  20.434 0.0000000000
157230  51.619  3.040  21.522 0.0000000000
73539  51.331  2.230  21.597 0.0000000000
73547  51.045  3.151  21.023 0.0000000000
74586  50.373  3.121  20.159 0.0000000000
74593  50.865  3.822  19.172 0.0000000000
74585  51.369  3.883  20.246 0.0000000000
67372  40.042  -3.203  24.966 0.0000000000
68306  40.968  -3.080  24.823 0.0000000000
69269  39.796  -1.875  28.749 0.0000000000
68260  39.885  -1.911  27.941 0.0000000000
171478  40.367  -1.662  28.388 0.0000000000
69283  41.432  -1.644  27.625 0.0000000000
69282  42.322  -1.563  27.522 0.0000000000
68275  42.074  -2.186  26.069 0.0000000000
69296  42.654  -1.808  26.696 0.0000000000
69295  43.510  -1.781  26.492 0.0000000000
69281  43.379  -1.547  27.450 0.0000000000
69249  44.553  -1.201  29.777 0.0000000000
69265  44.663  -1.492  28.733 0.0000000000
69248  45.426  -1.662  29.515 0.0000000000
69247  46.475  -2.073  29.308 0.0000000000
169402  46.030  -1.772  30.214 0.0000000000
61563  36.642  -9.472  40.375 0.0000000000
62498  36.725  -8.868  39.799 0.0000000000
140241  37.814  -7.581  38.829 0.0000000000
63505  36.859  -7.945  38.460 0.0000000000
161934  38.091  -7.342  37.277 0.0000000000
160459  39.544  -6.949  36.411 0.0000000000
64548  40.411  -6.844  35.966 0.0000000000
64557  40.438  -6.659  34.949 0.0000000000
168932  41.258  -6.565  35.545 0.0000000000
62441  39.084  -8.130  45.010 0.0000000000
62454  38.551  -8.365  44.423 0.0000000000
62453  39.132  -7.949  44.189 0.0000000000
63454  40.429  -7.280  42.867 0.0000000000
63455  39.838  -7.583  43.199 0.0000000000
63467  39.937  -7.548  42.248 0.0000000000
63489  39.696  -7.636  41.135 0.0000000000
63478  40.581  -7.409  41.544 0.0000000000
64513  42.634  -6.421  39.409 0.0000000000
155463  42.353  -6.633  40.170 0.0000000000
64514  42.022  -7.054  39.744 0.0000000000
63487  41.360  -7.322  40.241 0.0000000000
64527  42.077  -6.981  38.761 0.0000000000
63504  41.055  -7.350  38.426 0.0000000000
64526  42.457  -6.595  37.944 0.0000000000
66379  42.491  -4.820  36.254 0.0000000000
65468  42.659  -5.543  36.697 0.0000000000
66384  42.169  -5.014  35.498 0.0000000000
65473  41.840  -5.874  35.386 0.0000000000
66388  41.703  -4.365  35.141 0.0000000000
67319  41.238  -3.653  34.782 0.0000000000
67315  41.627  -3.447  35.501 0.0000000000
69196  41.694  -1.804  35.238 0.0000000000
69202  41.812  -1.191  34.516 0.0000000000
70263  41.769  -0.956  33.597 0.0000000000
157510  42.436  -0.573  34.026 0.0000000000
70228  43.387  -0.677  37.467 0.0000000000
70227  43.829  -0.073  36.740 0.0000000000
71320  44.419  0.055  34.720 0.0000000000
169154  43.884  -0.076  33.790 0.0000000000
70260  44.702  -0.317  33.206 0.0000000000
70276  44.599  -0.547  32.409 0.0000000000
70275  45.264  -0.614  32.757 0.0000000000
80935  56.162  9.447  -1.460 0.0000000000
77832  53.286  6.043  3.894 0.0000000000
78910  55.766  6.952  0.286 0.0000000000
78915  55.747  7.412  -0.578 0.0000000000
77860  56.320  6.487  0.413 0.0000000000
78898  57.521  6.611  2.384 0.0000000000
146629  58.276  6.568  2.686 0.0000000000
165509  58.640  6.369  2.228 0.0000000000
78887  58.897  6.532  3.363 0.0000000000
75779  57.468  4.597  5.421 0.0000000000
76784  57.349  5.770  4.458 0.0000000000
75778  58.431  4.879  5.531 0.0000000000
76761  60.009  5.128  5.833 0.0000000000
76772  59.889  5.792  5.223 0.0000000000
76771  60.616  5.636  5.638 0.0000000000
77827  60.224  6.389  4.683 0.0000000000
77810  61.397  5.809  5.772 0.0000000000
158729  62.416  5.901  5.905 0.0000000000
76759  61.750  5.378  6.357 0.0000000000
74710  63.173  4.008  7.466 0.0000000000
75822  60.632  4.394  -3.661 0.0000000000
75832  61.112  4.385  -4.371 0.0000000000
75821  61.245  3.794  -3.768 0.0000000000
46805  28.274  -23.677  54.190 0.0000000000
148413  14.054  -15.739  51.559 0.0000000000
139960  13.535  -16.484  51.867 0.0000000000
167127  13.374  -16.686  52.753 0.0000000000
53862  13.033  -17.204  53.257 0.0000000000
144540  47.484  -1.764  26.892 0.0000000000
144541  48.536  -1.363  27.116 0.0000000000
146659  34.097  -16.980  44.679 0.0000000000
54909  34.564  -16.934  46.467 0.0000000000
53894  24.773  -17.468  50.042 0.0000000000
53906  25.091  -18.489  49.044 0.0000000000
53918  24.217  -18.389  47.541 0.0000000000
55847  25.168  -14.772  49.511 0.0000000000
56761  25.118  -14.960  50.507 0.0000000000
147326  25.029  -15.418  51.048 0.0000000000
54785  21.492  -16.956  54.428 0.0000000000
72637  58.233  1.447  8.744 0.0000000000
72616  58.162  0.865  9.083 0.0000000000
70485  58.577  0.042  9.412 0.0000000000
70453  59.068  -0.518  10.917 0.0000000000
73569  55.556  2.490  16.582 0.0000000000
74612  56.849  3.404  17.602 0.0000000000
71430  45.192  0.385  16.744 0.0000000000
142003  45.330  -0.184  17.531 0.0000000000
66402  39.513  -4.414  31.822 0.0000000000
67334  39.241  -3.702  31.454 0.0000000000
68245  39.469  -2.743  31.192 0.0000000000
67330  39.603  -3.410  32.124 0.0000000000
155772  40.482  -3.135  33.523 0.0000000000
60562  36.598  -10.594  43.437 0.0000000000
61554  36.824  -9.885  42.828 0.0000000000
61547  37.483  -9.176  43.172 0.0000000000
159496  38.057  -8.520  43.096 0.0000000000
73668  54.451  2.265  6.942 0.0000000000
155870  54.232  3.082  6.090 0.0000000000
73667  55.649  2.286  7.040 0.0000000000
170040  56.396  2.653  6.766 0.0000000000
173577  57.307  1.925  8.257 0.0000000000
166512  58.664  4.659  -1.081 0.0000000000
75811  59.186  4.110  -0.564 0.0000000000
148661  57.996  5.105  -0.710 0.0000000000
76811  57.339  5.594  -0.366 0.0000000000
54839  31.708  -16.316  50.044 0.0000000000
55824  32.308  -16.269  50.597 0.0000000000
54825  32.274  -16.635  50.885 0.0000000000
53869  32.182  -17.605  51.672 0.0000000000
165382  18.503  -13.383  54.064 0.0000000000
56742  14.557  -14.163  55.172 0.0000000000
150545  15.171  -13.662  55.040 0.0000000000
71511  53.629  0.401  9.615 0.0000000000
71512  52.662  0.361  9.604 0.0000000000
70475  52.750  -0.519  10.451 0.0000000000
69430  50.034  -1.492  11.919 0.0000000000
69429  50.983  -1.495  11.744 0.0000000000
69419  50.653  -1.505  12.686 0.0000000000
69406  51.232  -1.261  13.301 0.0000000000
71460  52.372  -0.019  13.897 0.0000000000
71445  52.071  0.853  14.179 0.0000000000
153460  51.862  1.559  14.512 0.0000000000
147970  48.430  -3.121  20.667 0.0000000000
155034  48.461  -2.864  21.472 0.0000000000
68327  48.662  -2.461  22.272 0.0000000000
145336  51.004  -1.369  26.176 0.0000000000
49828  10.011  -21.209  49.525 0.0000000000
49819  10.158  -21.458  50.602 0.0000000000
159916  9.451  -22.235  50.438 0.0000000000
49807  9.661  -22.155  51.232 0.0000000000
143767  43.259  -4.349  17.754 0.0000000000
66527  44.025  -4.242  17.857 0.0000000000
66496  44.402  -4.331  18.690 0.0000000000
66481  44.113  -4.202  19.813 0.0000000000
67426  43.747  -3.804  20.739 0.0000000000
160017  42.272  -3.487  22.819 0.0000000000
67399  43.092  -3.240  22.440 0.0000000000
67388  42.938  -3.006  23.213 0.0000000000
68302  44.172  -2.331  24.326 0.0000000000
68285  44.771  -2.013  24.934 0.0000000000
69308  44.506  -1.888  25.674 0.0000000000
55937  37.306  -15.459  41.570 0.0000000000
55919  37.557  -15.860  43.422 0.0000000000
56843  37.211  -14.475  43.737 0.0000000000
57748  36.877  -13.559  44.986 0.0000000000
55860  34.652  -16.775  48.917 0.0000000000
165172  34.861  -16.915  49.112 0.0000000000
55859  35.511  -16.878  48.743 0.0000000000
55858  36.709  -16.946  48.527 0.0000000000
149222  38.470  -16.471  47.944 0.0000000000
49764  25.889  -22.336  53.405 0.0000000000
49777  25.635  -22.197  52.269 0.0000000000
163034  25.550  -22.005  51.615 0.0000000000
49803  25.210  -21.976  51.364 0.0000000000
52000  24.109  -20.150  49.461 0.0000000000
50975  24.378  -20.561  49.913 0.0000000000
54845  21.955  -16.749  50.510 0.0000000000
55880  21.641  -16.357  46.011 0.0000000000
56789  20.591  -14.324  48.497 0.0000000000
56771  21.158  -14.707  49.931 0.0000000000
56763  21.009  -14.060  50.253 0.0000000000
57662  20.444  -13.653  51.123 0.0000000000
169630  30.959  -17.227  44.186 0.0000000000
53953  28.666  -17.602  45.236 0.0000000000
53941  29.333  -17.596  45.973 0.0000000000
53940  30.044  -17.548  46.497 0.0000000000
53929  30.168  -17.441  47.359 0.0000000000
54881  29.674  -16.882  48.569 0.0000000000
54813  25.922  -16.832  52.410 0.0000000000
55801  26.927  -15.981  52.288 0.0000000000
53858  26.262  -17.556  52.773 0.0000000000
53857  26.781  -17.716  53.098 0.0000000000
52935  27.046  -18.402  53.489 0.0000000000
52920  27.240  -19.030  53.729 0.0000000000
51965  26.907  -19.303  53.739 0.0000000000
50918  26.455  -21.219  53.788 0.0000000000
51957  11.286  -19.277  54.278 0.0000000000
173218  11.384  -18.820  55.274 0.0000000000
52914  11.500  -18.383  56.369 0.0000000000
157243  62.274  2.283  13.778 0.0000000000
73599  62.327  2.196  14.263 0.0000000000
73566  58.769  2.837  15.864 0.0000000000
71467  46.178  1.015  13.207 0.0000000000
72518  46.980  1.768  16.209 0.0000000000
72532  47.123  1.800  15.371 0.0000000000
73577  47.694  2.215  15.973 0.0000000000
73595  48.492  2.364  15.674 0.0000000000
73594  49.900  2.526  15.422 0.0000000000
74617  50.645  3.517  17.697 0.0000000000
69367  50.597  -1.585  20.605 0.0000000000
70399  49.925  -1.157  20.294 0.0000000000
70398  50.470  -0.537  20.690 0.0000000000
71408  50.636  0.452  21.031 0.0000000000
75609  52.084  4.133  20.623 0.0000000000
68291  39.758  -2.767  25.783 0.0000000000
172174  40.898  -1.345  29.640 0.0000000000
69268  41.050  -1.493  28.401 0.0000000000
145826  41.442  -1.237  29.216 0.0000000000
143426  42.398  -1.084  29.000 0.0000000000
69266  43.801  -1.341  28.414 0.0000000000
69251  43.154  -1.090  28.881 0.0000000000
69235  44.452  -0.919  30.663 0.0000000000
62497  37.350  -8.388  40.045 0.0000000000
140240  38.348  -7.388  38.064 0.0000000000
168743  38.771  -7.259  37.491 0.0000000000
63514  40.223  -7.215  37.798 0.0000000000
63443  39.720  -7.578  44.063 0.0000000000
168088  40.311  -7.274  44.960 0.0000000000
64475  40.798  -6.876  43.339 0.0000000000
63453  40.931  -6.948  42.563 0.0000000000
65452  42.930  -5.726  38.836 0.0000000000
65459  42.945  -5.857  37.962 0.0000000000
66372  42.979  -5.086  37.666 0.0000000000
66378  42.793  -4.737  37.042 0.0000000000
67310  42.351  -3.905  36.685 0.0000000000
67314  41.923  -3.337  36.173 0.0000000000
69195  42.225  -1.551  36.056 0.0000000000
77831  54.239  6.053  3.816 0.0000000000
78900  55.320  7.231  2.009 0.0000000000
78899  56.108  6.902  1.911 0.0000000000
143705  56.814  6.729  2.487 0.0000000000
78883  57.570  6.453  3.548 0.0000000000
75753  59.581  3.824  6.683 0.0000000000
75762  59.184  4.435  6.050 0.0000000000
75752  60.517  4.092  6.940 0.0000000000
75760  61.090  4.751  6.630 0.0000000000
75759  61.919  4.894  6.785 0.0000000000
74789  61.401  3.486  -2.927 0.0000000000
145203  62.262  3.272  -2.859 0.0000000000
74781  63.014  3.289  -2.269 0.0000000000
76802  62.101  5.582  1.823 0.0000000000
75792  63.301  5.108  3.511 0.0000000000
52931  29.741  -18.705  53.254 0.0000000000
52930  30.385  -19.002  52.983 0.0000000000
50914  30.128  -20.326  53.279 0.0000000000
49776  30.237  -21.207  53.275 0.0000000000
47715  29.390  -23.026  53.785 0.0000000000
57647  15.840  -13.595  52.088 0.0000000000
56747  15.192  -13.770  53.275 0.0000000000
56748  14.574  -14.245  53.752 0.0000000000
55792  14.178  -14.998  53.201 0.0000000000
55778  14.281  -14.570  54.493 0.0000000000
55768  14.035  -14.874  55.200 0.0000000000
166994  13.890  -15.141  55.892 0.0000000000
56731  14.057  -14.995  56.692 0.0000000000
70478  49.449  -0.611  10.716 0.0000000000
70463  49.291  -1.261  11.434 0.0000000000
70447  48.938  -1.200  12.858 0.0000000000
69336  47.411  -1.759  23.715 0.0000000000
69335  48.273  -1.731  23.784 0.0000000000
69305  48.801  -1.427  25.401 0.0000000000
69291  49.618  -0.986  27.041 0.0000000000
155672  50.461  -1.048  26.738 0.0000000000
47747  7.466  -24.023  52.026 0.0000000000
47748  6.687  -24.288  52.401 0.0000000000
47724  7.057  -24.291  54.290 0.0000000000
48673  7.051  -24.011  55.175 0.0000000000
47705  6.477  -24.338  55.216 0.0000000000
145326  7.227  -23.380  55.884 0.0000000000
67401  41.375  -3.780  22.712 0.0000000000
67389  41.750  -3.470  23.432 0.0000000000
152272  42.120  -3.080  24.037 0.0000000000
54924  35.927  -16.993  44.378 0.0000000000
163805  37.020  -16.819  44.543 0.0000000000
51989  26.283  -20.198  50.556 0.0000000000
51999  26.002  -20.292  49.672 0.0000000000
52009  24.863  -19.907  48.549 0.0000000000
52010  24.259  -19.903  48.694 0.0000000000
168263  20.149  -13.758  47.750 0.0000000000
54899  27.585  -16.519  46.977 0.0000000000
54862  27.782  -16.009  49.198 0.0000000000
55829  27.133  -15.535  50.641 0.0000000000
55815  26.172  -15.773  51.793 0.0000000000
55831  25.646  -15.332  51.139 0.0000000000
55802  25.818  -16.267  52.026 0.0000000000
53870  25.734  -17.572  51.949 0.0000000000
52961  26.037  -19.006  51.327 0.0000000000
72634  61.360  1.849  8.837 0.0000000000
147410  61.046  1.148  9.296 0.0000000000
71491  60.656  0.310  10.544 0.0000000000
70468  60.075  -0.056  10.114 0.0000000000
71441  55.867  0.881  14.006 0.0000000000
72543  56.451  1.486  14.474 0.0000000000
143670  56.972  2.654  16.217 0.0000000000
72535  44.978  1.118  14.817 0.0000000000
72534  45.534  1.158  15.431 0.0000000000
163605  46.883  1.512  16.956 0.0000000000
145710  48.208  1.928  18.454 0.0000000000
70370  53.154  -1.019  23.769 0.0000000000
70378  52.966  -0.669  22.816 0.0000000000
68262  38.595  -2.815  28.574 0.0000000000
68270  38.664  -2.691  27.767 0.0000000000
68254  39.164  -2.389  29.141 0.0000000000
69254  39.740  -1.882  29.626 0.0000000000
166979  40.406  -1.510  30.002 0.0000000000
69237  41.156  -1.083  31.233 0.0000000000
70289  41.890  -0.695  31.774 0.0000000000
59547  36.538  -11.555  41.031 0.0000000000
151231  36.536  -10.078  40.986 0.0000000000
61558  36.906  -9.352  41.270 0.0000000000
62488  37.870  -8.123  40.749 0.0000000000
75790  52.617  5.041  4.918 0.0000000000
75789  53.462  4.986  4.831 0.0000000000
75782  54.295  4.974  4.768 0.0000000000
76787  54.705  5.517  4.317 0.0000000000
76786  55.594  5.562  4.355 0.0000000000
76785  56.496  5.639  4.393 0.0000000000
74728  57.631  3.325  6.380 0.0000000000
74727  58.603  3.558  6.504 0.0000000000
73648  59.889  2.140  8.114 0.0000000000
155020  60.245  5.857  -3.821 0.0000000000
76820  60.108  5.081  -3.424 0.0000000000
74783  60.618  3.779  -2.492 0.0000000000
164748  61.171  3.436  -2.111 0.0000000000
74775  61.476  3.347  -1.310 0.0000000000
163280  62.202  3.442  -0.794 0.0000000000
75810  63.497  4.166  -0.084 0.0000000000
74761  62.373  3.790  -0.064 0.0000000000
75805  61.927  4.224  0.654 0.0000000000
75806  60.816  3.981  0.844 0.0000000000
156253  59.966  4.069  0.844 0.0000000000
75800  61.468  4.834  1.303 0.0000000000
76803  60.949  5.401  1.890 0.0000000000
77853  60.453  5.929  2.380 0.0000000000
54911  32.825  -17.067  46.699 0.0000000000
54856  33.003  -16.556  49.191 0.0000000000
55861  33.951  -16.613  49.119 0.0000000000
55822  33.956  -16.790  49.630 0.0000000000
54838  34.220  -17.029  49.831 0.0000000000
51964  31.090  -19.367  52.638 0.0000000000
52944  31.802  -18.811  52.216 0.0000000000
51962  32.610  -19.123  51.929 0.0000000000
50942  32.744  -20.543  51.970 0.0000000000
52960  33.344  -18.997  51.599 0.0000000000
56752  21.488  -14.508  53.350 0.0000000000
57608  20.993  -14.249  54.549 0.0000000000
166234  20.116  -13.590  54.347 0.0000000000
56741  20.694  -14.267  54.939 0.0000000000
57629  16.565  -13.329  53.386 0.0000000000
159892  18.134  -13.456  55.068 0.0000000000
57601  16.861  -13.510  55.909 0.0000000000
57600  17.877  -13.574  55.992 0.0000000000
169238  55.854  1.036  9.301 0.0000000000
71509  56.255  0.971  9.658 0.0000000000
72601  55.480  0.745  9.679 0.0000000000
71492  55.922  0.324  9.890 0.0000000000
70472  55.584  -0.560  10.392 0.0000000000
71494  54.084  0.217  10.034 0.0000000000
70456  56.189  -1.157  11.178 0.0000000000
70444  56.252  -1.086  12.328 0.0000000000
70430  56.215  -0.474  13.100 0.0000000000
159385  51.505  0.041  10.113 0.0000000000
70476  51.864  -0.514  10.458 0.0000000000
69427  52.869  -1.467  11.651 0.0000000000
69428  51.941  -1.493  11.671 0.0000000000
69416  53.399  -1.486  12.473 0.0000000000
70446  54.585  -1.209  12.875 0.0000000000
71457  55.389  -0.027  13.558 0.0000000000
72525  54.824  1.779  15.428 0.0000000000
73589  54.380  2.175  16.007 0.0000000000
73570  54.824  2.612  16.676 0.0000000000
74626  54.258  3.109  16.914 0.0000000000
160502  45.853  -2.382  18.289 0.0000000000
68377  47.624  -2.666  18.851 0.0000000000
68368  48.890  -2.397  19.589 0.0000000000
68341  49.114  -2.878  20.754 0.0000000000
68355  49.558  -2.410  20.231 0.0000000000
151971  50.074  -1.883  20.226 0.0000000000
69356  51.080  -2.032  21.119 0.0000000000
69355  51.762  -1.706  21.573 0.0000000000
69331  52.486  -1.662  23.235 0.0000000000
69334  49.174  -1.815  23.896 0.0000000000
69333  50.055  -1.934  24.014 0.0000000000
69303  50.645  -1.600  25.503 0.0000000000
152653  51.003  -2.155  23.959 0.0000000000
69332  51.766  -2.248  23.354 0.0000000000
64566  40.695  -6.254  34.132 0.0000000000
61532  37.547  -9.632  45.733 0.0000000000
61541  37.480  -9.416  44.973 0.0000000000
62432  38.836  -8.730  46.419 0.0000000000
158763  52.278  2.154  7.319 0.0000000000
73670  52.852  2.296  6.973 0.0000000000
169416  53.521  2.597  6.608 0.0000000000
73653  54.060  1.667  7.703 0.0000000000
79959  57.973  8.591  -2.277 0.0000000000
52987  11.738  -18.689  49.882 0.0000000000
52977  11.919  -18.784  51.868 0.0000000000
51993  11.644  -19.173  51.143 0.0000000000
50965  11.329  -19.936  51.547 0.0000000000
50950  11.281  -19.885  52.494 0.0000000000
50951  10.698  -20.679  52.748 0.0000000000
156356  11.004  -19.953  53.303 0.0000000000
149584  10.784  -19.901  54.137 0.0000000000
50910  10.302  -20.195  55.035 0.0000000000
48708  8.192  -23.572  52.768 0.0000000000
48697  8.946  -22.650  53.400 0.0000000000
170882  9.207  -21.831  54.564 0.0000000000
50900  9.502  -20.527  56.307 0.0000000000
51935  9.948  -19.864  56.829 0.0000000000
140280  44.868  -2.263  17.835 0.0000000000
140286  44.042  -2.146  17.332 0.0000000000
67461  45.710  -3.246  18.016 0.0000000000
67453  46.202  -3.694  18.444 0.0000000000
67423  46.642  -3.847  19.790 0.0000000000
68343  46.607  -3.012  21.373 0.0000000000
67397  44.879  -2.953  21.791 0.0000000000
68330  45.463  -2.640  22.375 0.0000000000
68315  46.167  -2.272  22.930 0.0000000000
69337  46.614  -1.866  23.739 0.0000000000
167109  46.975  -1.724  24.357 0.0000000000
69307  46.967  -1.706  25.166 0.0000000000
69292  46.549  -1.781  25.996 0.0000000000
165146  46.979  -1.833  26.438 0.0000000000
144544  47.264  -2.092  28.595 0.0000000000
58617  37.120  -12.818  38.577 0.0000000000
146490  36.772  -12.281  40.402 0.0000000000
55929  36.972  -16.097  42.059 0.0000000000
56851  37.579  -14.886  41.955 0.0000000000
57768  37.419  -14.230  41.335 0.0000000000
152182  36.942  -12.961  40.735 0.0000000000
59538  36.458  -11.440  43.110 0.0000000000
148975  36.630  -13.039  43.441 0.0000000000
59531  36.506  -11.300  44.038 0.0000000000
60546  36.878  -10.479  45.164 0.0000000000
54910  33.559  -17.005  46.363 0.0000000000
173622  36.447  -16.925  46.068 0.0000000000
54907  36.950  -16.808  46.390 0.0000000000
54906  37.345  -16.461  46.146 0.0000000000
55841  36.448  -17.143  48.964 0.0000000000
56809  37.577  -13.800  46.211 0.0000000000
57739  37.161  -13.300  45.805 0.0000000000
156953  37.981  -14.058  47.083 0.0000000000
57716  37.591  -13.104  46.303 0.0000000000
58571  37.116  -12.492  46.021 0.0000000000
60539  36.888  -11.078  45.813 0.0000000000
60545  37.205  -10.335  45.907 0.0000000000
46800  25.754  -24.531  54.594 0.0000000000
164057  24.547  -23.978  54.244 0.0000000000
47718  24.261  -23.518  54.032 0.0000000000
48681  23.957  -22.796  53.876 0.0000000000
168570  23.684  -21.387  53.674 0.0000000000
50959  24.819  -21.491  50.953 0.0000000000
53919  23.737  -17.946  47.085 0.0000000000
53008  23.489  -18.416  47.127 0.0000000000
154331  22.489  -18.327  48.088 0.0000000000
155077  21.316  -16.111  47.283 0.0000000000
55866  20.937  -15.177  47.969 0.0000000000
54886  21.530  -16.625  47.786 0.0000000000
55833  21.459  -15.350  50.399 0.0000000000
57665  17.067  -13.346  52.003 0.0000000000
142015  16.767  -13.644  49.144 0.0000000000
143468  13.652  -16.307  50.853 0.0000000000
53899  13.019  -16.954  48.353 0.0000000000
51000  10.431  -19.923  47.430 0.0000000000
49836  9.807  -20.896  48.348 0.0000000000
49829  9.347  -21.684  48.984 0.0000000000
54926  33.253  -16.847  43.986 0.0000000000
53938  32.186  -17.298  46.178 0.0000000000
54879  31.366  -16.842  48.540 0.0000000000
53915  30.810  -17.198  47.962 0.0000000000
55826  30.675  -16.135  51.029 0.0000000000
54795  30.075  -16.926  52.237 0.0000000000
54861  28.486  -16.328  49.207 0.0000000000
54842  28.957  -16.155  49.939 0.0000000000
55827  29.423  -15.986  50.623 0.0000000000
168316  27.546  -16.168  52.483 0.0000000000
55800  28.316  -16.050  52.310 0.0000000000
158586  29.158  -15.873  51.274 0.0000000000
55783  29.625  -16.482  52.195 0.0000000000
54796  29.291  -16.992  52.608 0.0000000000
149415  29.703  -17.997  53.015 0.0000000000
52932  29.171  -19.024  53.615 0.0000000000
50905  28.856  -20.165  53.828 0.0000000000
149722  27.820  -21.022  54.179 0.0000000000
51942  27.162  -19.821  53.960 0.0000000000
49755  27.248  -21.367  54.396 0.0000000000
49754  27.834  -21.789  54.349 0.0000000000
47708  27.128  -23.035  54.907 0.0000000000
155388  21.327  -16.005  54.405 0.0000000000
53863  12.602  -17.758  53.799 0.0000000000
52939  12.155  -18.300  54.236 0.0000000000
53850  12.537  -17.674  54.638 0.0000000000
54776  13.241  -16.485  55.649 0.0000000000
55761  13.636  -15.819  56.329 0.0000000000
70487  57.180  -0.343  9.957 0.0000000000
71485  58.587  -0.336  11.696 0.0000000000
71474  59.713  0.821  12.359 0.0000000000
72542  57.356  1.636  14.221 0.0000000000
72541  58.184  1.777  14.050 0.0000000000
71487  47.240  -0.330  11.793 0.0000000000
70448  47.871  -0.667  12.571 0.0000000000
70437  48.455  -0.663  13.133 0.0000000000
71464  48.751  0.035  13.550 0.0000000000
143462  46.024  1.287  14.015 0.0000000000
72568  46.772  1.270  13.948 0.0000000000
72551  47.336  1.604  14.573 0.0000000000
72567  47.562  1.129  13.816 0.0000000000
72566  48.392  0.904  13.789 0.0000000000
71448  49.104  0.790  13.821 0.0000000000
71463  49.565  0.159  13.750 0.0000000000
171939  50.498  1.137  14.089 0.0000000000
72529  51.237  2.093  14.762 0.0000000000
73593  50.768  2.608  15.451 0.0000000000
73592  51.693  2.552  15.497 0.0000000000
73572  53.021  2.786  16.306 0.0000000000
74627  53.457  3.300  16.839 0.0000000000
145265  54.002  3.669  17.404 0.0000000000
165650  46.984  -1.482  19.011 0.0000000000
140302  47.092  -0.541  19.190 0.0000000000
142917  47.070  0.318  18.839 0.0000000000
140301  49.034  -0.636  20.044 0.0000000000
142304  47.675  0.662  19.222 0.0000000000
140306  48.143  1.288  19.216 0.0000000000
71406  52.223  0.270  21.726 0.0000000000
71407  51.483  0.370  21.313 0.0000000000
72499  50.929  1.307  21.320 0.0000000000
72497  52.110  1.877  22.014 0.0000000000
73548  49.804  2.173  20.440 0.0000000000
140304  49.346  2.555  19.119 0.0000000000
74605  49.623  2.981  18.375 0.0000000000
74604  50.357  3.413  18.372 0.0000000000
75643  51.588  4.041  17.931 0.0000000000
75619  52.127  4.294  20.086 0.0000000000
75638  52.524  4.513  18.903 0.0000000000
75642  52.230  4.261  18.060 0.0000000000
75641  52.923  4.387  18.235 0.0000000000
74602  53.658  4.260  18.072 0.0000000000
74601  54.572  3.986  18.040 0.0000000000
68305  41.819  -2.868  24.719 0.0000000000
68269  39.366  -2.360  27.459 0.0000000000
68268  40.126  -2.147  27.185 0.0000000000
68277  40.383  -2.400  26.391 0.0000000000
68267  40.942  -2.043  26.998 0.0000000000
68276  41.230  -2.297  26.214 0.0000000000
68288  42.353  -2.485  25.342 0.0000000000
165290  44.194  -1.790  26.254 0.0000000000
69280  44.932  -1.740  27.286 0.0000000000
173478  44.286  -1.449  28.366 0.0000000000
146347  44.370  -1.558  27.889 0.0000000000
144855  45.265  -1.815  27.936 0.0000000000
60589  36.360  -10.426  39.922 0.0000000000
62508  36.258  -8.782  38.860 0.0000000000
161830  38.181  -7.094  35.936 0.0000000000
140247  38.689  -7.130  36.709 0.0000000000
141431  38.919  -6.920  35.998 0.0000000000
65477  41.165  -5.520  34.183 0.0000000000
62455  37.912  -8.803  44.702 0.0000000000
62464  37.973  -8.637  43.845 0.0000000000
166314  39.309  -7.819  43.532 0.0000000000
62472  39.229  -7.859  42.828 0.0000000000
62473  38.516  -8.222  42.578 0.0000000000
147455  39.977  -7.583  40.058 0.0000000000
64482  41.474  -6.526  42.236 0.0000000000
65440  42.411  -5.758  41.159 0.0000000000
64490  41.687  -6.804  41.370 0.0000000000
63477  41.264  -7.258  41.061 0.0000000000
159968  40.772  -7.492  39.895 0.0000000000
63498  40.469  -7.517  39.229 0.0000000000
64540  41.103  -6.995  37.490 0.0000000000
64538  42.620  -6.166  37.270 0.0000000000
64547  42.209  -6.315  36.573 0.0000000000
146444  41.332  -6.779  36.514 0.0000000000
65476  41.710  -5.270  34.822 0.0000000000
67320  40.810  -3.893  34.079 0.0000000000
68230  41.377  -2.698  35.054 0.0000000000
156000  41.251  -2.007  34.518 0.0000000000
68237  40.822  -2.173  33.817 0.0000000000
70278  41.779  -0.818  32.714 0.0000000000
70277  42.629  -0.475  32.367 0.0000000000
160045  43.156  -1.274  37.933 0.0000000000
70234  42.692  -0.872  36.389 0.0000000000
70239  42.659  -0.676  35.660 0.0000000000
71300  44.562  0.143  36.262 0.0000000000
166526  43.860  0.052  35.596 0.0000000000
70238  43.147  -0.262  35.122 0.0000000000
171337  43.034  -0.250  33.656 0.0000000000
148714  43.267  -0.247  32.988 0.0000000000
165597  43.628  -0.457  32.097 0.0000000000
70286  44.490  -0.749  31.550 0.0000000000
69222  45.091  -1.066  31.113 0.0000000000
70274  46.396  -1.151  32.277 0.0000000000
69221  45.790  -1.444  31.020 0.0000000000
152665  56.324  8.738  -1.545 0.0000000000
165570  56.623  8.031  -1.587 0.0000000000
77868  56.522  7.188  -1.239 0.0000000000
77859  56.717  6.038  0.021 0.0000000000
76808  57.315  5.660  0.506 0.0000000000
77855  57.541  6.043  1.346 0.0000000000
77854  58.385  6.061  1.739 0.0000000000
78896  60.092  6.311  2.816 0.0000000000
77828  56.997  6.168  3.907 0.0000000000
156226  57.700  6.220  4.073 0.0000000000
78882  58.449  6.431  3.935 0.0000000000
76773  58.822  5.566  5.054 0.0000000000
78881  59.516  6.558  4.070 0.0000000000
78880  60.485  6.645  4.138 0.0000000000
77825  61.378  6.687  4.120 0.0000000000
150053  61.996  6.620  4.714 0.0000000000
76770  62.975  6.083  5.678 0.0000000000
75750  62.578  4.591  7.107 0.0000000000
75749  63.252  4.669  6.785 0.0000000000
45876  26.123  -24.705  54.597 0.0000000000
46815  6.300  -24.401  52.895 0.0000000000
47714  29.887  -22.682  53.509 0.0000000000
47725  6.260  -24.533  53.822 0.0000000000
47746  8.342  -23.514  51.944 0.0000000000
47757  7.904  -23.578  51.089 0.0000000000
48668  27.239  -22.260  54.639 0.0000000000
48669  26.801  -22.666  54.743 0.0000000000
48686  8.784  -22.455  54.271 0.0000000000
48704  25.185  -22.367  52.085 0.0000000000
48707  9.033  -22.799  52.496 0.0000000000
49761  29.118  -21.545  53.861 0.0000000000
49762  28.446  -21.286  54.054 0.0000000000
49797  9.743  -22.103  52.169 0.0000000000
50906  28.332  -20.512  53.981 0.0000000000
50908  27.045  -20.700  54.294 0.0000000000
50911  9.715  -20.603  55.563 0.0000000000
50966  10.837  -20.594  51.102 0.0000000000
51926  10.434  -19.207  57.208 0.0000000000
51933  11.068  -18.889  55.834 0.0000000000
51939  29.064  -19.618  53.727 0.0000000000
51940  28.346  -19.689  53.851 0.0000000000
51941  27.795  -19.393  53.811 0.0000000000
51950  30.423  -19.643  53.054 0.0000000000
51951  29.754  -19.487  53.407 0.0000000000
51958  11.041  -19.357  54.985 0.0000000000
51963  31.880  -19.545  52.233 0.0000000000
51974  33.158  -19.750  51.794 0.0000000000
51975  32.484  -19.832  52.042 0.0000000000
52908  11.513  -18.270  57.138 0.0000000000
52918  28.161  -19.041  53.812 0.0000000000
52923  12.112  -18.159  54.925 0.0000000000
52924  11.634  -18.731  54.720 0.0000000000
52933  27.960  -18.609  53.681 0.0000000000
52940  11.693  -18.928  53.827 0.0000000000
52945  31.031  -18.551  52.527 0.0000000000
52946  26.649  -18.365  53.190 0.0000000000
53016  23.965  -18.627  47.355 0.0000000000
53832  12.863  -17.075  55.146 0.0000000000
53838  30.332  -18.280  52.790 0.0000000000
53839  29.108  -18.406  53.406 0.0000000000
53841  27.727  -18.068  53.415 0.0000000000
53867  33.946  -18.026  51.113 0.0000000000
53868  33.306  -18.274  51.448 0.0000000000
54766  13.566  -16.321  57.063 0.0000000000
54773  12.909  -16.930  56.895 0.0000000000
54782  29.663  -17.436  52.679 0.0000000000
54784  28.196  -17.676  53.229 0.0000000000
54793  31.440  -17.396  51.848 0.0000000000
54794  30.751  -17.178  52.012 0.0000000000
54810  31.875  -17.006  51.350 0.0000000000
54811  31.173  -16.903  51.470 0.0000000000
54824  33.013  -16.841  50.682 0.0000000000
54837  35.143  -17.317  49.566 0.0000000000
54853  38.698  -16.826  48.176 0.0000000000
55748  13.746  -16.789  57.844 0.0000000000
55786  27.011  -16.659  52.785 0.0000000000
55799  29.226  -15.983  52.000 0.0000000000
55808  32.609  -16.485  50.563 0.0000000000
55809  31.950  -16.343  50.844 0.0000000000
55810  31.205  -16.371  51.084 0.0000000000
55811  30.474  -16.347  51.482 0.0000000000
55812  29.876  -16.000  51.354 0.0000000000
55813  28.519  -15.818  51.589 0.0000000000
55842  34.253  -16.788  49.337 0.0000000000
57592  16.569  -13.790  56.759 0.0000000000
57610  20.211  -13.758  55.106 0.0000000000
57613  16.578  -13.342  54.188 0.0000000000
59512  37.212  -11.747  46.213 0.0000000000
62443  37.864  -9.056  45.388 0.0000000000
63465  41.127  -7.081  41.832 0.0000000000
64500  42.220  -6.449  40.879 0.0000000000
64539  41.964  -6.723  37.277 0.0000000000
65469  42.279  -5.661  36.018 0.0000000000
66360  42.941  -4.817  39.269 0.0000000000
67407  47.127  -3.495  20.480 0.0000000000
68354  50.349  -2.189  20.720 0.0000000000
68356  48.685  -2.971  19.930 0.0000000000
68357  47.979  -3.363  20.162 0.0000000000
69190  43.076  -0.622  36.820 0.0000000000
69224  40.457  -1.614  31.670 0.0000000000
69225  39.927  -1.949  31.260 0.0000000000
69405  52.149  -1.295  13.230 0.0000000000
69415  54.206  -1.437  12.418 0.0000000000
69417  52.508  -1.525  12.533 0.0000000000
69421  49.226  -1.422  12.162 0.0000000000
70250  43.109  -0.244  34.342 0.0000000000
70389  51.952  -0.649  21.413 0.0000000000
70433  51.797  -0.746  13.651 0.0000000000
70436  49.210  -0.630  13.428 0.0000000000
70458  54.173  -1.089  10.978 0.0000000000
70459  53.263  -1.121  10.970 0.0000000000
70460  52.341  -1.149  10.945 0.0000000000
70486  57.706  -0.222  9.716 0.0000000000
71397  52.841  0.213  22.312 0.0000000000
71506  59.659  0.174  9.490 0.0000000000
71508  56.847  0.303  9.677 0.0000000000
73552  49.709  2.630  19.766 0.0000000000
73588  55.193  2.148  16.105 0.0000000000
73650  56.844  1.937  8.125 0.0000000000
74579  52.305  3.310  21.759 0.0000000000
74603  51.002  3.880  18.191 0.0000000000
74714  58.074  2.804  7.015 0.0000000000
74715  57.168  2.693  6.902 0.0000000000
74716  55.855  2.964  6.321 0.0000000000
74777  59.836  3.775  -1.058 0.0000000000
75639  51.637  4.200  18.614 0.0000000000
75751  61.506  4.356  7.149 0.0000000000
75802  59.426  4.633  1.112 0.0000000000
75817  60.252  4.411  -2.924 0.0000000000
76762  59.281  5.161  5.555 0.0000000000
76774  57.849  5.351  4.997 0.0000000000
76793  63.298  5.806  3.972 0.0000000000
76827  60.544  5.041  -4.136 0.0000000000
77815  62.582  6.402  5.258 0.0000000000
77816  61.774  6.358  5.311 0.0000000000
77817  60.863  6.175  5.239 0.0000000000
77824  62.703  6.543  4.553 0.0000000000
77838  61.700  6.490  3.365 0.0000000000
77839  60.734  6.534  3.470 0.0000000000
77847  62.344  6.210  2.945 0.0000000000
78888  57.505  6.681  2.960 0.0000000000
78897  59.197  6.433  2.738 0.0000000000
141639  46.711  -2.475  18.531 0.0000000000
142150  47.511  1.243  18.515 0.0000000000
142585  48.260  -0.586  19.674 0.0000000000
146429  29.925  -16.188  51.872 0.0000000000
148109  14.091  -14.938  53.920 0.0000000000
152426  39.558  -7.723  44.770 0.0000000000
154316  42.511  -0.629  34.837 0.0000000000
154717  30.575  -16.708  51.666 0.0000000000
154764  48.723  1.972  19.176 0.0000000000
155367  29.674  -23.351  53.494 0.0000000000
155711  26.477  -17.070  52.807 0.0000000000
157252  57.591  1.174  9.079 0.0000000000
159071  52.651  4.525  19.716 0.0000000000
159594  35.680  -16.829  48.851 0.0000000000
161174  46.388  -3.103  18.262 0.0000000000
163273  11.250  -19.483  53.743 0.0000000000
163521  27.626  -24.289  54.374 0.0000000000
163555  25.673  -24.950  54.469 0.0000000000
166689  46.011  -1.785  25.818 0.0000000000
168129  27.376  -19.439  53.792 0.0000000000
169117  28.687  -19.201  53.764 0.0000000000
170453  46.346  -2.060  27.411 0.0000000000
171245  14.697  -13.970  54.506 0.0000000000
171274  32.514  -18.324  51.824 0.0000000000
172244  26.762  -21.093  54.302 0.0000000000
172269  50.473  -2.164  23.546 0.0000000000
172404  32.953  -18.678  51.704 0.0000000000
172866  42.635  -4.097  37.211 0.0000000000
173655  43.196  -0.296  35.625 0.0000000000
