#!ascii label  , from subject sub-1012 vox2ras=TkReg
1221
70948  17.661  -0.314  -45.180 0.2500000000
69933  18.365  -0.970  -45.600 0.2500000000
169808  18.751  -1.796  -45.736 0.7500000000
165210  17.666  2.163  -45.928 0.2500000000
73128  18.153  1.480  -46.283 0.1250000000
73127  18.722  1.474  -47.013 0.3750000000
72041  18.055  0.828  -45.917 0.2500000000
72028  17.622  0.538  -45.375 0.2500000000
69950  19.518  -0.769  -46.716 0.7500000000
70960  18.250  0.045  -45.901 0.3750000000
150706  19.811  -1.653  -46.567 0.8750000000
69951  19.107  -1.335  -46.226 0.8750000000
68952  20.928  -2.654  -46.260 0.8750000000
73137  19.378  1.354  -47.487 0.3750000000
72051  19.625  0.585  -47.399 0.3750000000
72050  20.143  0.412  -47.528 0.8750000000
70972  19.174  0.090  -46.852 0.7500000000
70958  22.192  -0.725  -46.058 1.0000000000
70969  21.407  -0.541  -46.745 1.0000000000
70970  20.408  -0.283  -47.222 0.8750000000
151340  21.059  -2.006  -46.438 1.0000000000
69967  20.171  -0.960  -46.867 0.8750000000
68950  22.269  -2.602  -45.728 1.0000000000
74180  18.283  2.366  -46.728 0.2500000000
73135  20.380  1.679  -47.850 0.7500000000
73134  21.019  1.064  -47.590 0.8750000000
73126  21.654  0.855  -47.143 0.8750000000
148620  20.402  0.929  -47.653 0.7500000000
70947  23.127  -0.768  -45.272 1.0000000000
72027  22.710  0.179  -45.794 1.0000000000
72038  21.919  0.186  -46.670 1.0000000000
69930  24.560  -1.779  -45.249 1.0000000000
69931  23.590  -1.686  -45.193 1.0000000000
69932  22.623  -1.687  -45.543 1.0000000000
74181  17.719  2.850  -46.230 0.1250000000
73136  19.757  1.911  -47.866 0.6250000000
153506  22.395  1.951  -46.801 1.0000000000
151243  21.003  1.846  -47.764 0.8750000000
73125  22.388  1.114  -46.539 1.0000000000
72024  25.897  -0.086  -45.099 1.0000000000
72025  24.835  0.144  -44.770 1.0000000000
73114  23.261  1.024  -45.621 1.0000000000
69928  26.168  -1.092  -45.884 1.0000000000
70946  24.165  -0.812  -44.915 1.0000000000
69964  27.306  -1.445  -47.652 1.0000000000
69929  25.519  -1.985  -45.799 1.0000000000
78279  19.337  6.052  -47.663 0.2500000000
147026  18.590  3.022  -47.260 0.2500000000
75218  19.187  3.324  -47.711 0.3750000000
74201  19.629  2.623  -47.915 0.5000000000
75215  21.639  3.167  -47.438 1.0000000000
75216  20.949  3.087  -47.831 0.6250000000
74189  22.051  2.514  -47.200 1.0000000000
159376  24.831  2.007  -45.120 1.0000000000
74178  23.472  2.616  -45.939 1.0000000000
70957  26.465  -0.130  -45.680 1.0000000000
149690  25.620  0.723  -44.868 1.0000000000
73111  25.775  1.645  -44.912 1.0000000000
72037  26.906  0.356  -46.200 1.0000000000
70968  26.893  -1.096  -47.534 1.0000000000
72058  27.641  -0.120  -48.635 1.0000000000
70980  28.026  -0.466  -48.672 1.0000000000
158510  20.563  5.992  -47.484 0.5000000000
77293  19.722  5.323  -47.730 0.3750000000
76283  20.045  4.710  -47.843 0.3750000000
159287  20.095  3.925  -48.031 0.5000000000
76270  21.431  4.640  -47.282 0.5000000000
76254  22.608  4.030  -46.535 0.8750000000
75202  23.056  3.343  -46.310 1.0000000000
76253  23.384  4.094  -45.978 1.0000000000
74166  25.343  2.610  -45.147 1.0000000000
75188  23.869  3.387  -45.734 1.0000000000
73121  27.445  2.016  -46.564 1.0000000000
74176  27.036  2.286  -45.638 1.0000000000
163185  27.647  1.436  -49.359 1.0000000000
163077  27.509  0.457  -48.460 1.0000000000
70992  28.000  -0.046  -49.228 0.8750000000
78264  21.195  6.301  -47.084 0.5000000000
77277  20.973  5.370  -47.393 0.5000000000
77253  22.469  5.659  -46.255 0.6250000000
77252  23.269  5.503  -45.734 0.6250000000
154513  23.722  4.842  -45.627 1.0000000000
76255  22.159  4.756  -46.707 0.7500000000
76236  25.281  4.207  -45.261 1.0000000000
157899  27.829  2.924  -49.268 1.0000000000
75214  27.832  4.055  -47.457 1.0000000000
75201  27.370  3.175  -45.981 1.0000000000
75185  26.910  3.768  -45.478 1.0000000000
73132  27.700  2.132  -47.736 1.0000000000
74175  27.700  3.058  -47.000 1.0000000000
160055  27.792  1.979  -50.529 0.8750000000
74207  27.615  2.031  -49.794 1.0000000000
72077  28.081  0.872  -50.108 0.8750000000
168333  21.880  6.228  -46.567 0.5000000000
167385  23.000  6.153  -45.744 0.8750000000
155064  26.808  5.965  -45.347 1.0000000000
77249  26.545  5.102  -45.288 1.0000000000
75228  27.869  3.876  -48.747 1.0000000000
158094  27.919  4.982  -47.308 1.0000000000
76235  26.261  4.316  -45.284 1.0000000000
170993  27.588  5.024  -50.443 1.0000000000
150994  27.779  2.760  -51.146 1.0000000000
157939  27.670  2.716  -50.303 1.0000000000
157512  27.796  4.694  -49.535 1.0000000000
168399  27.646  3.527  -51.310 1.0000000000
78257  21.665  6.968  -46.591 0.5000000000
78249  23.292  6.817  -45.548 0.8750000000
78248  24.166  6.777  -45.202 1.0000000000
152345  27.476  7.913  -46.470 1.0000000000
78245  27.020  6.837  -45.517 1.0000000000
78246  26.185  6.692  -45.097 1.0000000000
78299  27.353  6.441  -50.312 1.0000000000
78289  27.594  6.448  -49.324 1.0000000000
77324  27.079  5.630  -51.727 1.0000000000
77303  27.607  5.667  -49.855 1.0000000000
76321  27.595  4.296  -52.155 1.0000000000
77313  27.320  5.675  -50.808 1.0000000000
75253  28.000  3.765  -52.234 0.8750000000
154548  24.625  11.705  -45.785 1.0000000000
83349  22.881  10.975  -45.796 0.3750000000
83347  25.203  11.069  -45.624 0.8750000000
80366  27.181  8.612  -45.926 1.0000000000
79344  27.372  7.206  -49.846 1.0000000000
80388  27.515  8.015  -48.431 1.0000000000
84351  24.598  12.548  -46.051 0.8750000000
83358  25.539  11.984  -46.042 1.0000000000
83357  25.982  11.311  -45.911 1.0000000000
168549  26.463  11.012  -46.193 1.0000000000
159740  26.424  11.733  -46.500 1.0000000000
81380  27.436  9.551  -47.612 1.0000000000
155485  27.324  8.053  -49.461 1.0000000000
80396  27.244  8.908  -49.576 1.0000000000
80414  26.666  7.950  -51.174 1.0000000000
167788  24.160  13.215  -46.278 0.7500000000
168856  26.553  12.344  -47.018 1.0000000000
83372  27.244  11.224  -47.691 1.0000000000
81415  26.890  9.814  -50.496 1.0000000000
82415  27.328  10.206  -48.972 1.0000000000
81406  27.186  9.663  -49.671 1.0000000000
85300  26.321  13.064  -47.112 1.0000000000
84362  27.248  11.975  -48.010 1.0000000000
83387  27.318  11.042  -49.029 1.0000000000
90217  20.452  18.520  -49.556 0.1250000000
90210  19.534  18.767  -49.068 0.1250000000
89259  21.907  17.886  -49.693 0.2500000000
90226  21.232  18.288  -50.048 0.1250000000
89272  21.838  17.834  -50.577 0.3750000000
90237  20.247  18.466  -51.393 0.2500000000
89280  22.445  17.443  -51.186 0.5000000000
89281  21.597  17.683  -51.562 0.2500000000
89290  21.198  17.405  -52.546 0.3750000000
90228  19.581  18.905  -50.934 0.2500000000
89282  20.751  17.960  -51.947 0.2500000000
90249  20.059  18.279  -52.188 0.2500000000
90250  19.449  18.370  -52.857 0.2500000000
89300  19.948  17.194  -53.884 0.2500000000
89299  20.762  17.000  -53.460 0.3750000000
89291  20.234  17.677  -52.907 0.2500000000
88312  21.269  16.465  -54.005 0.3750000000
88313  20.379  16.617  -54.381 0.2500000000
72029  17.157  0.256  -44.685 0.1250000000
72040  18.577  0.675  -46.523 0.2500000000
73115  17.620  1.363  -45.577 0.1250000000
68933  25.711  -2.757  -46.124 1.0000000000
157152  24.544  5.982  -45.168 0.8750000000
78277  27.769  6.450  -48.342 1.0000000000
70938  16.498  -0.624  -43.870 0.1250000000
68954  19.362  -2.179  -46.098 0.6250000000
68010  20.207  -3.494  -45.819 0.7500000000
74168  17.121  2.040  -45.003 0.1250000000
68009  20.879  -3.344  -45.950 1.0000000000
72018  16.670  0.785  -44.269 0.1250000000
147287  22.856  -3.316  -45.590 1.0000000000
68004  26.483  -2.469  -46.593 1.0000000000
75204  17.506  3.632  -46.047 0.3750000000
77295  18.787  5.168  -47.467 0.2500000000
76285  19.041  4.411  -47.647 0.2500000000
70991  28.573  -0.229  -49.456 0.8750000000
73168  28.991  1.457  -51.397 0.8750000000
72075  29.057  0.372  -50.520 0.8750000000
172005  28.941  2.508  -52.130 0.8750000000
82390  21.151  10.573  -46.468 0.1250000000
82389  21.908  10.385  -46.019 0.1250000000
79313  22.075  7.644  -46.224 0.3750000000
79306  23.711  7.553  -45.340 0.6250000000
77323  27.289  4.900  -52.049 1.0000000000
74226  28.051  3.032  -51.692 0.8750000000
83359  23.704  11.805  -45.890 0.5000000000
82377  22.689  10.027  -45.650 0.3750000000
154993  24.135  9.678  -45.427 0.8750000000
79355  26.648  7.114  -51.725 1.0000000000
79369  26.359  7.072  -52.593 1.0000000000
155684  26.241  7.744  -52.155 1.0000000000
84350  25.604  12.888  -46.438 1.0000000000
81424  26.642  8.963  -51.064 1.0000000000
86253  25.203  14.166  -47.022 0.8750000000
165920  26.892  13.902  -48.930 1.0000000000
159955  27.321  12.015  -48.917 1.0000000000
82416  27.153  10.476  -49.810 1.0000000000
170938  18.930  19.085  -47.690 0.1250000000
89246  21.123  17.906  -48.275 0.1250000000
89257  23.135  17.197  -49.368 0.6250000000
89271  22.659  17.517  -50.135 0.6250000000
88294  22.992  16.972  -51.813 0.5000000000
90227  20.381  18.556  -50.480 0.2500000000
88303  22.639  16.702  -52.741 0.5000000000
91213  19.024  19.344  -51.474 0.2500000000
90238  19.514  18.739  -51.862 0.2500000000
88304  21.685  16.821  -53.097 0.5000000000
88311  22.220  16.405  -53.688 0.5000000000
168821  18.796  18.922  -53.355 0.1250000000
89292  19.630  17.792  -53.552 0.2500000000
168438  19.468  16.886  -55.883 0.2500000000
88321  20.847  16.054  -54.907 0.3750000000
164454  20.000  16.369  -56.415 0.2500000000
90260  19.148  18.262  -53.855 0.1250000000
70949  17.115  -0.643  -44.435 0.1250000000
69934  17.702  -1.070  -44.948 0.3750000000
68936  18.125  -1.887  -45.063 0.5000000000
73116  17.180  1.092  -44.870 0.1250000000
68953  20.193  -2.631  -46.267 0.7500000000
69949  20.486  -1.836  -46.570 0.8750000000
68951  21.555  -2.634  -46.039 1.0000000000
72039  21.253  0.261  -47.217 1.0000000000
69966  20.819  -1.069  -46.768 1.0000000000
68934  24.069  -2.547  -45.435 1.0000000000
165434  24.924  -2.582  -45.707 1.0000000000
74191  20.648  2.425  -47.919 0.8750000000
73124  23.023  1.861  -46.168 1.0000000000
70956  26.648  -0.671  -46.717 1.0000000000
150519  24.065  0.893  -45.006 1.0000000000
73113  23.938  1.784  -45.406 1.0000000000
69947  26.577  -1.427  -47.015 1.0000000000
164886  26.382  -2.069  -46.750 1.0000000000
75230  19.582  3.875  -47.898 0.3750000000
159288  20.604  3.650  -47.881 0.5000000000
74179  22.711  2.593  -46.568 1.0000000000
74167  24.351  2.649  -45.442 1.0000000000
72048  27.143  -0.094  -47.618 1.0000000000
73123  26.438  0.781  -45.278 1.0000000000
73112  24.848  1.218  -44.893 1.0000000000
73122  27.058  1.344  -45.848 1.0000000000
72036  27.247  0.952  -46.701 1.0000000000
72065  27.797  0.610  -49.339 1.0000000000
158123  21.183  3.814  -47.610 0.6250000000
76237  24.289  4.166  -45.529 1.0000000000
77251  24.707  5.047  -45.244 1.0000000000
173253  26.802  3.019  -45.423 1.0000000000
75187  24.829  3.411  -45.353 1.0000000000
73144  27.591  1.321  -48.552 1.0000000000
163504  28.029  1.442  -50.469 0.8750000000
164655  29.396  -0.203  -50.106 0.8750000000
165476  23.959  5.491  -45.398 1.0000000000
158369  25.694  4.887  -45.188 1.0000000000
75236  27.789  3.611  -49.897 1.0000000000
157988  27.825  3.051  -48.144 1.0000000000
76252  27.413  4.192  -45.898 1.0000000000
167449  28.627  2.234  -51.665 0.8750000000
78254  27.660  6.508  -46.621 1.0000000000
77250  25.670  5.768  -45.049 1.0000000000
77262  27.788  5.662  -46.722 1.0000000000
77263  27.393  5.175  -45.783 1.0000000000
156460  27.897  4.828  -48.257 1.0000000000
76234  27.018  4.506  -45.495 1.0000000000
153256  27.913  5.671  -47.789 1.0000000000
153496  27.407  4.892  -51.292 1.0000000000
76313  27.553  4.165  -51.637 1.0000000000
79307  22.822  7.583  -45.694 0.6250000000
79305  24.668  7.507  -45.110 0.7500000000
79304  25.678  7.469  -45.071 1.0000000000
79303  26.503  7.385  -45.301 1.0000000000
79312  27.096  7.678  -45.722 1.0000000000
79311  27.459  7.055  -46.153 1.0000000000
80375  27.593  8.024  -47.436 1.0000000000
79329  27.696  7.232  -47.903 1.0000000000
78312  26.729  6.363  -52.162 1.0000000000
79333  27.573  7.242  -48.876 1.0000000000
78263  27.804  6.453  -47.388 1.0000000000
83348  24.081  11.055  -45.591 0.7500000000
82374  25.365  10.308  -45.507 1.0000000000
82375  24.559  10.359  -45.473 0.7500000000
148720  26.316  8.246  -45.344 1.0000000000
80365  27.493  8.916  -46.886 1.0000000000
155783  25.605  9.045  -45.316 1.0000000000
81361  27.117  9.587  -46.211 1.0000000000
166217  27.392  8.650  -48.866 1.0000000000
85302  24.968  13.422  -46.462 0.8750000000
82388  26.750  10.385  -46.182 1.0000000000
83356  26.970  10.993  -46.818 1.0000000000
159332  27.394  9.946  -48.223 1.0000000000
157399  27.471  8.858  -48.029 1.0000000000
82387  27.171  10.228  -46.674 1.0000000000
80406  27.023  8.487  -50.338 1.0000000000
84363  26.858  12.560  -47.638 1.0000000000
82401  27.334  10.360  -47.449 1.0000000000
83380  27.324  11.406  -48.372 1.0000000000
146865  26.767  13.396  -48.091 1.0000000000
155027  19.504  18.624  -48.164 0.1250000000
90208  21.341  18.178  -49.126 0.1250000000
90198  20.217  18.031  -47.836 0.1250000000
90218  19.588  18.906  -49.997 0.2500000000
90236  21.063  18.197  -50.990 0.2500000000
169898  21.898  17.872  -49.162 0.3750000000
89289  22.130  17.215  -52.169 0.5000000000
89279  23.258  17.157  -50.891 0.7500000000
89301  19.392  17.587  -54.354 0.2500000000
88322  20.079  16.405  -55.394 0.2500000000
69917  17.350  -1.568  -44.466 0.2500000000
150767  15.562  -0.867  -42.920 0.1250000000
69918  16.722  -1.303  -43.930 0.1250000000
68937  17.582  -2.439  -44.442 0.6250000000
68011  19.526  -2.976  -45.793 0.7500000000
68007  22.157  -3.286  -45.725 1.0000000000
81362  21.967  9.590  -45.987 0.5000000000
80358  23.239  8.337  -45.520 0.7500000000
153248  25.176  8.266  -45.173 0.8750000000
167219  23.370  9.647  -45.525 0.7500000000
81345  23.705  9.025  -45.454 0.8750000000
153860  24.626  9.003  -45.328 1.0000000000
81343  25.881  9.803  -45.490 1.0000000000
85315  26.068  13.896  -47.490 1.0000000000
170632  27.160  13.632  -49.401 1.0000000000
83395  27.036  11.852  -50.676 1.0000000000
89236  21.707  17.318  -47.974 0.3750000000
88277  24.041  16.699  -49.655 0.7500000000
89270  23.441  17.127  -50.125 0.7500000000
89258  22.370  17.588  -49.228 0.5000000000
166501  20.536  15.870  -55.928 0.2500000000
87307  21.360  15.657  -55.420 0.3750000000
65218  20.214  -6.300  -43.230 0.7500000000
65198  22.773  -6.717  -42.256 0.7500000000
65219  19.554  -6.214  -43.054 0.7500000000
168825  19.062  -5.928  -43.144 0.7500000000
65214  23.258  -6.101  -43.020 0.7500000000
65217  20.899  -6.323  -43.351 0.7500000000
65240  20.687  -5.828  -44.024 0.7500000000
65241  20.017  -5.800  -43.874 0.7500000000
66124  23.693  -5.473  -43.783 0.7500000000
66125  22.793  -5.648  -44.043 0.7500000000
158581  21.677  -5.420  -44.636 0.7500000000
67094  19.183  -4.045  -45.142 0.7500000000
67988  18.958  -3.313  -45.323 0.6250000000
66165  21.729  -4.950  -45.132 0.7500000000
67091  21.323  -4.468  -45.449 0.8750000000
67092  20.710  -4.557  -45.365 0.8750000000
66123  24.632  -5.318  -43.329 0.7500000000
66142  23.156  -5.066  -44.775 0.7500000000
67090  22.041  -4.302  -45.488 0.8750000000
67112  22.142  -3.784  -45.649 0.8750000000
67067  26.010  -4.223  -44.129 0.7500000000
67068  25.045  -4.257  -44.924 0.7500000000
67088  24.229  -4.119  -45.439 0.8750000000
68006  23.305  -3.721  -45.580 0.8750000000
67982  26.716  -3.136  -45.610 0.7500000000
67984  25.020  -3.720  -45.591 0.8750000000
68005  25.264  -3.223  -45.808 0.8750000000
68930  28.335  -2.313  -45.492 0.8750000000
68947  27.042  -2.491  -46.811 0.8750000000
69946  27.641  -1.892  -47.188 0.8750000000
69978  31.267  -0.891  -48.345 0.3750000000
69979  30.407  -0.828  -47.911 0.6250000000
69980  29.317  -0.801  -48.435 0.7500000000
69963  27.975  -1.258  -47.808 0.7500000000
69992  32.165  -1.177  -49.829 0.5000000000
69993  31.244  -0.788  -49.349 0.5000000000
70989  30.277  -0.564  -49.809 0.7500000000
70990  29.354  -0.575  -49.334 0.7500000000
71012  33.148  -1.089  -51.593 0.1250000000
153214  32.335  -0.650  -51.409 0.3750000000
168125  31.456  -0.473  -50.953 0.6250000000
71002  30.438  -0.320  -50.526 0.6250000000
72074  29.819  0.172  -50.781 0.6250000000
70022  34.747  -1.243  -52.513 0.1250000000
71011  33.985  -0.923  -52.459 0.1250000000
72100  32.853  0.136  -52.856 0.1250000000
72113  32.902  0.750  -53.545 0.1250000000
72102  30.641  1.095  -51.959 0.6250000000
73177  30.184  1.813  -52.351 0.6250000000
73178  29.291  1.942  -51.935 0.7500000000
156250  33.676  0.333  -53.674 0.1250000000
73190  34.066  1.401  -54.741 0.1250000000
74234  32.281  2.048  -54.132 0.1250000000
74224  30.169  2.410  -52.864 0.5000000000
74225  29.506  2.419  -52.467 0.6250000000
75251  29.003  2.965  -52.585 0.7500000000
72111  34.697  0.636  -53.844 0.1250000000
74245  31.111  3.226  -54.238 0.5000000000
75267  30.584  3.914  -54.554 0.5000000000
75259  29.197  3.478  -53.197 0.6250000000
75260  28.530  3.591  -52.678 0.7500000000
86254  24.337  13.914  -46.559 0.6250000000
87232  23.388  14.954  -46.869 0.5000000000
172231  24.471  14.514  -46.941 0.7500000000
77355  29.104  4.941  -54.618 0.6250000000
77356  28.176  5.304  -54.243 0.6250000000
77337  26.981  5.688  -52.467 0.8750000000
77365  29.702  5.161  -55.898 0.5000000000
77367  27.695  5.941  -54.699 0.6250000000
77357  27.374  5.741  -53.815 0.7500000000
86270  24.095  15.030  -47.145 0.7500000000
77348  26.948  5.849  -53.162 0.8750000000
165672  26.319  8.403  -51.798 0.8750000000
81432  26.201  9.062  -51.980 0.8750000000
77358  26.668  6.487  -53.822 0.7500000000
79384  25.654  7.732  -53.899 0.8750000000
80422  25.557  8.358  -53.402 0.8750000000
81433  25.735  9.046  -52.810 0.8750000000
149457  26.127  9.824  -52.242 0.8750000000
77374  29.977  5.488  -57.179 0.3750000000
77366  28.606  5.594  -55.179 0.5000000000
78358  27.971  6.168  -55.618 0.5000000000
78360  26.444  6.834  -55.123 0.6250000000
77382  30.288  5.869  -58.235 0.2500000000
77375  28.960  5.864  -56.246 0.3750000000
78371  27.161  6.788  -55.985 0.5000000000
87249  23.488  15.645  -47.398 0.6250000000
87261  24.834  15.883  -48.544 0.7500000000
86268  25.668  14.605  -47.769 0.8750000000
87260  25.303  15.274  -48.109 0.7500000000
86277  26.365  14.284  -48.269 0.8750000000
82423  26.877  10.780  -50.758 0.8750000000
83402  26.760  11.403  -51.341 0.7500000000
81440  25.790  9.807  -53.085 0.8750000000
169332  25.737  7.425  -54.403 0.6250000000
79398  25.263  8.000  -54.768 0.7500000000
78370  28.252  6.420  -56.593 0.3750000000
78379  27.629  6.931  -57.027 0.5000000000
80436  25.108  8.580  -54.923 0.7500000000
78369  29.255  6.099  -57.361 0.2500000000
87262  23.988  16.165  -48.159 0.6250000000
86278  25.917  14.881  -48.439 0.8750000000
85327  27.019  14.125  -49.732 0.8750000000
84380  27.191  12.831  -50.686 0.8750000000
86290  26.857  14.520  -50.452 0.7500000000
84387  26.927  12.256  -51.552 0.8750000000
82445  25.604  9.824  -53.977 0.7500000000
79413  25.181  7.969  -55.574 0.5000000000
79459  27.936  7.403  -58.615 0.2500000000
79444  25.972  7.878  -57.375 0.5000000000
79443  26.639  7.342  -56.726 0.5000000000
78386  29.863  6.665  -59.202 0.2500000000
88247  23.101  16.452  -47.897 0.5000000000
88265  23.526  16.684  -48.724 0.5000000000
88283  25.480  16.115  -50.283 0.7500000000
159548  26.444  15.187  -50.265 0.7500000000
87276  26.012  15.668  -50.703 0.7500000000
86296  26.763  14.208  -51.841 0.7500000000
85345  26.780  13.450  -52.412 0.7500000000
172479  26.971  14.188  -51.119 0.7500000000
87287  26.370  14.941  -52.139 0.7500000000
84395  26.883  12.763  -52.196 0.7500000000
83417  26.465  11.595  -53.764 0.7500000000
84409  26.695  12.412  -54.271 0.7500000000
82477  25.223  9.538  -56.630 0.5000000000
82465  25.768  10.198  -55.850 0.3750000000
79460  26.723  8.057  -58.388 0.2500000000
80452  24.845  8.902  -57.763 0.3750000000
81499  24.952  9.122  -58.091 0.3750000000
88285  24.019  16.813  -50.638 0.6250000000
88284  24.833  16.497  -50.381 0.7500000000
87288  25.780  15.488  -52.474 0.7500000000
87295  26.153  14.854  -53.001 0.7500000000
145475  26.607  13.399  -53.978 0.7500000000
84421  26.818  12.223  -55.302 0.6250000000
82488  26.109  10.395  -57.685 0.3750000000
83436  26.567  11.170  -55.893 0.3750000000
80465  28.418  8.382  -60.535 0.1250000000
80480  26.952  9.465  -60.553 0.1250000000
171261  25.851  9.757  -59.082 0.2500000000
88292  24.678  16.510  -51.278 0.6250000000
87289  25.068  15.922  -52.798 0.7500000000
87296  25.600  15.344  -53.352 0.6250000000
168982  26.334  14.162  -54.180 0.7500000000
84428  27.043  12.095  -56.340 0.3750000000
146198  26.736  13.038  -54.774 0.3750000000
146705  26.220  10.397  -58.650 0.2500000000
83453  26.778  11.205  -57.866 0.3750000000
170910  26.569  11.461  -55.225 0.6250000000
82513  29.199  10.520  -61.979 0.1250000000
81532  27.444  9.723  -61.251 0.1250000000
80478  28.992  8.735  -61.167 0.1250000000
88293  23.835  16.745  -51.532 0.6250000000
88301  24.467  16.388  -52.183 0.6250000000
87303  25.468  15.226  -54.256 0.3750000000
86315  26.023  14.586  -54.748 0.3750000000
85379  27.413  12.949  -57.864 0.2500000000
170659  26.942  12.690  -55.868 0.3750000000
85357  26.497  13.795  -54.791 0.3750000000
148065  27.402  11.771  -61.110 0.1250000000
173592  26.934  11.307  -58.968 0.3750000000
84427  27.126  11.805  -57.190 0.3750000000
82510  29.441  10.728  -61.325 0.1250000000
82504  26.901  10.917  -60.348 0.1250000000
87305  23.293  15.654  -54.916 0.3750000000
88302  23.565  16.567  -52.444 0.3750000000
87297  24.814  15.707  -53.706 0.3750000000
172893  24.752  15.390  -55.573 0.3750000000
87304  24.517  15.535  -54.738 0.3750000000
86344  26.175  14.950  -57.287 0.3750000000
86334  26.173  14.718  -56.323 0.3750000000
87313  25.403  15.169  -55.124 0.3750000000
86342  27.283  13.727  -57.963 0.3750000000
85380  27.120  13.617  -57.148 0.3750000000
86323  26.405  14.214  -55.530 0.3750000000
172710  28.599  13.054  -63.019 0.1250000000
144154  27.349  11.986  -59.744 0.1250000000
84444  27.499  12.827  -59.323 0.2500000000
83472  29.254  11.799  -62.396 0.1250000000
87326  23.133  15.388  -56.582 0.2500000000
144275  24.331  15.395  -57.517 0.2500000000
87325  24.381  15.385  -56.470 0.3750000000
87314  23.821  15.482  -55.654 0.3750000000
86360  26.518  15.128  -59.327 0.1250000000
87324  25.366  15.246  -56.889 0.3750000000
153523  25.389  15.176  -55.969 0.3750000000
86359  27.082  14.643  -59.361 0.1250000000
86343  26.848  14.443  -57.763 0.2500000000
86377  28.034  14.856  -62.791 0.1250000000
85392  27.477  13.714  -59.559 0.1250000000
87316  21.846  15.481  -55.880 0.3750000000
87315  22.693  15.464  -55.796 0.3750000000
167247  23.473  15.379  -57.273 0.2500000000
87364  25.085  15.488  -59.538 0.1250000000
87349  24.633  15.443  -58.967 0.1250000000
87363  25.862  15.470  -59.984 0.1250000000
147105  24.746  15.571  -60.260 0.1250000000
87402  28.335  15.420  -62.949 0.1250000000
87392  26.525  16.076  -62.312 0.1250000000
87382  22.301  15.784  -60.380 0.1250000000
152573  25.319  16.152  -61.899 0.1250000000
87394  23.178  15.968  -61.271 0.1250000000
147382  27.185  17.212  -63.136 0.1250000000
88373  27.774  16.358  -63.035 0.1250000000
67985  24.236  -3.627  -45.577 0.8750000000
69945  29.438  -1.348  -46.543 0.6250000000
75268  29.452  4.134  -53.985 0.6250000000
78335  26.133  7.068  -53.903 0.8750000000
79425  25.953  7.363  -55.934 0.5000000000
78378  28.568  6.595  -57.612 0.3750000000
87268  25.716  15.460  -48.994 0.8750000000
172433  26.651  14.774  -49.823 0.8750000000
87269  25.864  15.679  -49.873 0.7500000000
85333  27.171  13.746  -50.574 0.8750000000
85339  27.042  13.356  -51.497 0.7500000000
146355  26.764  12.132  -52.367 0.7500000000
163408  26.472  11.533  -52.867 0.7500000000
80440  24.882  8.602  -56.019 0.5000000000
81469  24.747  8.951  -56.404 0.5000000000
81456  24.969  8.871  -55.450 0.7500000000
172067  25.168  8.464  -57.368 0.5000000000
85397  27.585  13.597  -60.840 0.1250000000
87336  25.322  15.347  -57.951 0.2500000000
87379  24.995  15.744  -61.030 0.1250000000
72087  31.034  0.523  -51.670 0.5000000000
72088  30.186  0.623  -51.353 0.6250000000
72089  29.381  0.781  -51.087 0.7500000000
76338  31.156  4.247  -55.536 0.3750000000
76339  30.081  4.503  -55.112 0.3750000000
77381  31.266  5.475  -57.940 0.2500000000
81441  25.415  9.041  -53.687 0.7500000000
86365  27.356  14.480  -60.356 0.1250000000
77387  31.655  5.924  -58.469 0.1250000000
64233  21.037  -7.570  -41.324 0.7500000000
64235  19.737  -7.049  -41.483 0.7500000000
65199  19.084  -6.287  -42.480 0.7500000000
65220  18.593  -5.834  -42.760 0.7500000000
64232  22.075  -7.405  -41.590 0.7500000000
64254  21.316  -6.756  -42.404 0.7500000000
65185  23.714  -6.759  -41.962 0.7500000000
67070  18.744  -4.431  -44.525 0.6250000000
66146  19.786  -5.321  -44.417 0.7500000000
65213  24.177  -6.012  -42.660 0.6250000000
67053  25.211  -4.723  -43.828 0.7500000000
67955  26.949  -3.803  -43.676 0.6250000000
67968  27.371  -3.097  -44.916 0.6250000000
68929  29.301  -2.053  -45.150 0.5000000000
69943  31.182  -1.352  -46.532 0.3750000000
69944  30.309  -1.291  -46.438 0.5000000000
69977  32.154  -1.231  -48.801 0.1250000000
70003  33.480  -1.595  -51.024 0.1250000000
70013  34.109  -1.468  -51.819 0.1250000000
70020  35.994  -1.111  -52.451 0.1250000000
72098  35.077  0.405  -53.407 0.1250000000
171182  34.607  1.357  -53.506 0.1250000000
74232  34.541  1.539  -54.124 0.1250000000
86255  23.757  14.410  -46.683 0.3750000000
75257  34.044  2.940  -55.177 0.1250000000
74251  33.380  2.926  -55.649 0.1250000000
75275  32.152  3.904  -56.256 0.1250000000
164809  31.602  4.383  -56.500 0.2500000000
77373  30.621  5.070  -56.918 0.2500000000
87250  22.546  15.950  -47.268 0.5000000000
78385  30.725  6.688  -59.208 0.1250000000
77389  30.383  6.333  -58.849 0.2500000000
79472  29.965  7.583  -59.919 0.1250000000
167036  29.495  9.342  -61.038 0.1250000000
88266  22.585  17.133  -48.468 0.3750000000
82503  29.453  10.198  -60.520 0.1250000000
84447  29.539  12.534  -60.889 0.1250000000
83462  29.510  11.947  -60.180 0.1250000000
85408  28.888  13.658  -63.201 0.1250000000
147869  29.417  15.676  -61.464 0.1250000000
91203  18.949  19.584  -50.460 0.1250000000
87338  21.485  15.384  -57.926 0.2500000000
144481  21.902  15.365  -58.433 0.1250000000
159746  21.564  16.137  -58.862 0.1250000000
88364  23.754  16.515  -61.776 0.1250000000
89358  22.841  16.364  -60.727 0.1250000000
88363  25.696  16.701  -62.565 0.1250000000
89378  28.095  17.130  -62.995 0.1250000000
156273  26.130  17.249  -63.025 0.1250000000
69982  27.774  -0.916  -48.068 0.7500000000
77347  27.437  5.001  -53.135 0.7500000000
76326  28.047  4.325  -53.001 0.7500000000
84352  23.500  12.619  -46.147 0.3750000000
151964  26.509  9.859  -51.365 0.8750000000
166305  25.966  -2.895  -46.247 0.8750000000
67987  19.581  -3.638  -45.541 0.7500000000
67114  20.808  -4.020  -45.657 0.8750000000
68949  23.707  -3.295  -45.586 0.8750000000
70979  28.663  -0.615  -48.905 0.7500000000
73167  29.746  1.286  -51.645 0.6250000000
78323  26.590  6.440  -52.895 0.8750000000
85321  27.256  13.089  -49.043 0.8750000000
145863  27.278  12.427  -49.854 0.8750000000
82431  26.476  10.668  -51.703 0.8750000000
88319  22.761  16.009  -54.291 0.3750000000
87306  22.261  15.613  -55.095 0.3750000000
87318  20.464  15.855  -56.944 0.1250000000
87327  21.878  15.328  -56.821 0.2500000000
64256  19.906  -6.611  -42.275 0.7500000000
64255  20.525  -6.721  -42.322 0.7500000000
64253  22.033  -6.612  -42.574 0.7500000000
64231  23.163  -7.561  -41.334 0.7500000000
66126  18.729  -5.471  -43.503 0.7500000000
65216  21.627  -6.251  -43.384 0.7500000000
66145  20.503  -5.386  -44.559 0.7500000000
66143  22.311  -5.258  -44.765 0.7500000000
66168  19.516  -4.698  -44.815 0.7500000000
67970  18.472  -3.676  -44.757 0.6250000000
66167  20.279  -4.899  -44.987 0.7500000000
66164  22.577  -4.648  -45.251 0.8750000000
66141  24.179  -4.755  -44.598 0.7500000000
67069  23.402  -4.399  -45.322 0.8750000000
67986  23.579  -3.968  -45.554 0.8750000000
67969  25.659  -3.830  -45.168 0.7500000000
149272  26.562  -3.547  -44.795 0.7500000000
68931  27.371  -2.687  -45.802 0.7500000000
68932  26.487  -2.799  -46.285 0.8750000000
68919  28.004  -2.694  -44.959 0.6250000000
152500  28.647  -1.334  -47.203 0.7500000000
69959  32.078  -1.331  -47.756 0.2500000000
69961  30.589  -1.013  -47.070 0.5000000000
69962  29.625  -1.005  -47.361 0.6250000000
69994  30.293  -0.732  -48.911 0.7500000000
70005  31.290  -0.676  -50.242 0.5000000000
70004  32.370  -1.086  -50.770 0.2500000000
69976  33.024  -1.655  -49.270 0.1250000000
71024  32.986  -0.531  -52.246 0.2500000000
71013  31.882  0.009  -51.738 0.3750000000
71014  30.752  0.047  -51.137 0.6250000000
72099  34.050  -0.277  -53.318 0.1250000000
71032  35.195  -0.181  -53.258 0.1250000000
72101  31.745  0.753  -52.508 0.5000000000
72114  32.030  1.402  -53.353 0.1250000000
73184  33.185  1.351  -54.290 0.1250000000
73176  31.118  1.451  -52.612 0.5000000000
72124  34.473  1.035  -54.378 0.1250000000
74243  33.412  2.055  -55.030 0.1250000000
74244  32.357  2.797  -54.964 0.1250000000
74236  29.680  2.874  -53.062 0.6250000000
75266  31.679  3.580  -55.235 0.1250000000
76332  28.540  4.622  -53.745 0.6250000000
78347  26.927  6.441  -54.433 0.6250000000
80429  25.299  8.456  -54.256 0.7500000000
88276  25.072  16.205  -49.485 0.6250000000
82437  26.210  10.665  -52.541 0.7500000000
79442  28.022  7.036  -57.872 0.3750000000
82454  25.523  9.805  -54.989 0.6250000000
82453  26.086  10.710  -54.292 0.7500000000
169831  25.892  7.616  -56.634 0.5000000000
80455  27.764  8.034  -59.570 0.1250000000
79458  29.186  7.268  -59.514 0.1250000000
78387  28.823  6.804  -58.587 0.2500000000
78394  30.132  6.971  -59.636 0.1250000000
88291  25.439  16.179  -51.023 0.7500000000
86303  26.520  14.218  -52.671 0.7500000000
148119  26.222  10.819  -55.125 0.6250000000
82489  25.309  9.614  -57.534 0.3750000000
82476  25.983  10.351  -56.738 0.3750000000
80456  26.109  8.803  -59.053 0.1250000000
81498  25.570  9.239  -58.723 0.3750000000
86310  26.007  14.731  -53.843 0.3750000000
82505  26.306  10.277  -59.649 0.3750000000
80466  27.085  8.852  -60.141 0.1250000000
81533  26.651  10.079  -60.586 0.1250000000
81531  28.459  9.381  -61.480 0.1250000000
85373  27.244  12.596  -57.102 0.3750000000
85368  26.777  13.301  -55.546 0.3750000000
82515  27.996  10.749  -62.184 0.1250000000
83468  29.409  11.271  -61.963 0.1250000000
144762  29.280  9.921  -61.407 0.1250000000
166622  27.339  10.633  -61.485 0.1250000000
87298  23.826  15.929  -54.014 0.3750000000
84439  27.401  12.384  -58.692 0.2500000000
83469  27.810  11.520  -62.166 0.1250000000
169636  27.656  12.090  -61.901 0.1250000000
87335  26.241  15.072  -58.053 0.3750000000
147736  26.671  14.359  -56.939 0.3750000000
84459  28.602  12.489  -62.889 0.1250000000
84448  27.618  12.683  -61.475 0.1250000000
85409  28.276  13.755  -62.803 0.1250000000
86376  28.664  14.529  -63.076 0.1250000000
145429  27.525  12.757  -60.281 0.1250000000
85402  29.590  13.220  -61.777 0.1250000000
85407  29.301  13.481  -62.763 0.1250000000
87337  22.399  15.302  -57.583 0.2500000000
145174  24.115  15.425  -58.407 0.2500000000
87362  26.802  15.114  -60.127 0.1250000000
87391  27.298  15.357  -62.055 0.1250000000
87377  27.158  15.038  -61.027 0.1250000000
87403  27.547  15.831  -62.803 0.1250000000
144482  22.989  15.344  -58.305 0.1250000000
87350  23.169  15.415  -59.404 0.1250000000
147876  23.092  15.501  -60.290 0.1250000000
87378  26.366  15.626  -61.189 0.1250000000
88372  28.535  16.057  -62.955 0.1250000000
172089  21.850  16.067  -59.755 0.1250000000
87367  21.817  15.839  -59.589 0.1250000000
64234  20.276  -7.278  -41.500 0.7500000000
63219  21.841  -8.281  -40.781 0.7500000000
64257  19.499  -6.542  -42.168 0.7500000000
67054  17.669  -4.386  -43.397 0.5000000000
66148  18.362  -4.788  -43.820 0.6250000000
160113  27.393  -3.437  -44.196 0.6250000000
68918  28.780  -2.532  -44.615 0.5000000000
75264  33.679  3.102  -55.610 0.1250000000
158548  33.669  3.707  -54.631 0.1250000000
75265  32.729  3.362  -55.890 0.1250000000
79473  29.111  7.805  -60.220 0.1250000000
86370  29.575  14.279  -61.937 0.1250000000
87390  29.350  15.225  -62.283 0.1250000000
64236  19.280  -6.752  -41.510 0.7500000000
66109  17.980  -5.565  -42.168 0.5000000000
62234  21.104  -9.437  -40.473 0.6250000000
63237  21.364  -8.758  -40.530 0.6250000000
163435  23.916  -8.974  -40.960 0.3750000000
154867  23.590  -8.415  -40.877 0.6250000000
64215  25.703  -7.851  -41.247 0.2500000000
65184  24.758  -6.767  -41.668 0.3750000000
69925  31.003  -1.677  -45.669 0.3750000000
88248  22.218  16.674  -47.667 0.2500000000
150152  20.605  -8.189  -40.606 0.6250000000
66107  25.941  -5.818  -42.025 0.5000000000
67052  26.636  -4.446  -43.075 0.5000000000
67954  27.846  -3.615  -43.493 0.3750000000
62231  23.672  -9.421  -41.516 0.5000000000
62218  23.160  -9.041  -40.816 0.6250000000
67967  28.188  -3.088  -44.191 0.5000000000
61314  21.269  -10.262  -40.849 0.6250000000
65187  17.683  -5.598  -41.455 0.3750000000
65186  18.254  -6.146  -41.326 0.3750000000
163645  19.196  -7.242  -40.702 0.6250000000
62251  23.121  -10.293  -42.870 0.3750000000
62232  22.789  -9.684  -41.491 0.5000000000
166372  21.650  -10.248  -41.178 0.6250000000
66110  17.274  -5.019  -41.835 0.2500000000
146097  24.154  -9.724  -42.739 0.3750000000
155698  26.255  -6.620  -41.594 0.2500000000
63216  25.265  -8.451  -41.327 0.2500000000
67989  18.277  -2.864  -44.917 0.3750000000
65196  26.953  -5.982  -41.804 0.2500000000
67051  27.500  -4.200  -42.914 0.3750000000
67050  28.422  -4.087  -42.907 0.2500000000
68907  29.141  -2.869  -43.880 0.2500000000
68928  30.416  -2.148  -44.885 0.2500000000
76256  17.571  4.560  -46.237 0.1250000000
78265  20.450  6.867  -47.430 0.2500000000
169220  31.781  -1.688  -46.089 0.2500000000
173118  22.022  8.941  -46.040 0.3750000000
79314  21.393  7.753  -46.691 0.2500000000
77279  18.436  5.419  -47.165 0.1250000000
75220  17.943  3.981  -46.596 0.2500000000
80359  22.407  8.367  -45.898 0.3750000000
66122  25.507  -5.210  -42.811 0.5000000000
65200  18.654  -6.275  -41.953 0.5000000000
64218  22.678  -8.358  -40.806 0.6250000000
64217  24.132  -7.647  -41.232 0.5000000000
67039  17.426  -4.751  -42.629 0.3750000000
67971  17.805  -3.250  -44.295 0.2500000000
63239  19.636  -7.550  -40.753 0.6250000000
62233  21.870  -9.673  -40.896 0.6250000000
64216  25.011  -7.732  -41.154 0.2500000000
63236  24.616  -9.166  -41.621 0.2500000000
171155  26.425  -7.540  -41.445 0.2500000000
65197  25.535  -6.416  -41.742 0.3750000000
66121  26.353  -5.144  -42.484 0.3750000000
147055  23.438  -9.902  -42.561 0.5000000000
62250  23.863  -10.220  -43.344 0.3750000000
173590  19.897  -8.031  -40.478 0.6250000000
61336  22.912  -10.802  -43.165 0.3750000000
61312  22.268  -10.402  -42.116 0.5000000000
67038  27.248  -5.012  -42.361 0.2500000000
67953  29.627  -3.439  -43.497 0.2500000000
62220  19.705  -8.830  -39.792 0.5000000000
60358  22.174  -11.076  -42.719 0.2500000000
60346  21.634  -11.417  -42.218 0.3750000000
61313  21.705  -10.736  -41.826 0.5000000000
62219  20.320  -9.291  -40.023 0.5000000000
61279  19.302  -9.499  -39.345 0.3750000000
62221  19.112  -8.391  -39.649 0.5000000000
62236  19.849  -8.337  -40.246 0.5000000000
63221  18.994  -7.451  -40.314 0.3750000000
142564  18.381  -9.538  -38.304 0.1250000000
62212  18.715  -9.073  -39.077 0.3750000000
167961  18.410  -6.785  -40.415 0.2500000000
161821  18.415  -11.006  -37.667 0.1250000000
61280  18.833  -9.794  -38.750 0.2500000000
172298  19.735  -10.200  -39.486 0.3750000000
59274  22.356  -13.091  -42.678 0.2500000000
59258  20.873  -12.015  -40.856 0.3750000000
60325  20.792  -10.931  -40.719 0.5000000000
142115  18.236  -10.205  -37.822 0.1250000000
60326  20.304  -10.509  -39.930 0.3750000000
161026  18.365  -8.521  -38.785 0.1250000000
64210  18.259  -7.205  -39.615 0.1250000000
76345  31.510  4.795  -57.184 0.1250000000
64219  18.882  -6.713  -41.033 0.3750000000
61315  20.703  -9.439  -40.281 0.5000000000
61293  20.859  -10.179  -40.524 0.5000000000
65178  17.797  -5.937  -40.766 0.2500000000
59306  23.163  -11.961  -43.678 0.2500000000
61294  20.005  -9.727  -39.742 0.5000000000
152684  20.513  -10.119  -40.166 0.5000000000
60347  21.261  -10.863  -41.350 0.3750000000
59276  21.220  -11.723  -41.570 0.3750000000
143250  18.684  -8.339  -39.321 0.1250000000
63207  18.696  -7.673  -39.759 0.1250000000
63220  19.448  -7.926  -40.208 0.5000000000
142567  18.604  -10.373  -38.256 0.1250000000
139860  17.978  -9.623  -37.716 0.1250000000
161208  18.076  -8.864  -38.074 0.1250000000
60306  19.260  -10.434  -38.877 0.3750000000
59257  21.265  -12.858  -41.498 0.2500000000
63208  18.455  -7.891  -39.299 0.1250000000
59237  19.456  -11.350  -38.858 0.2500000000
59235  20.495  -12.349  -40.155 0.2500000000
67055  16.936  -3.937  -42.995 0.2500000000
59275  21.650  -12.510  -42.244 0.2500000000
60295  18.870  -11.109  -38.254 0.1250000000
59259  20.449  -11.375  -40.138 0.2500000000
60305  19.878  -10.911  -39.490 0.2500000000
59236  20.023  -11.773  -39.497 0.1250000000
167072  16.424  -3.738  -42.451 0.1250000000
85304  22.504  13.484  -46.453 0.1250000000
85303  23.371  13.528  -46.398 0.1250000000
86256  22.836  14.310  -46.583 0.1250000000
147452  21.964  13.872  -46.536 0.1250000000
86257  21.435  14.426  -46.583 0.1250000000
87251  21.806  16.148  -47.176 0.1250000000
153110  22.153  14.638  -46.637 0.1250000000
145302  20.307  15.119  -46.560 0.1250000000
163203  21.020  15.006  -46.642 0.1250000000
88249  21.362  16.708  -47.391 0.1250000000
144228  21.815  13.007  -46.481 0.1250000000
87235  20.990  15.865  -46.873 0.1250000000
88231  20.126  15.967  -46.658 0.1250000000
88233  18.928  16.447  -45.738 0.1250000000
83360  22.668  11.894  -46.118 0.1250000000
145107  22.579  12.759  -46.320 0.1250000000
79322  20.707  7.792  -47.134 0.1250000000
67939  16.254  -3.882  -41.772 0.1250000000
81381  20.803  9.252  -46.778 0.1250000000
84353  21.674  12.081  -46.416 0.1250000000
84354  21.151  12.589  -46.551 0.1250000000
85305  21.070  13.432  -46.527 0.1250000000
86259  19.620  14.294  -46.390 0.1250000000
87217  18.463  15.444  -45.495 0.1250000000
151185  18.317  16.480  -44.909 0.1250000000
88232  19.429  16.965  -46.379 0.1250000000
83361  21.842  11.205  -46.189 0.1250000000
69909  16.296  -1.856  -43.440 0.1250000000
67956  17.387  -3.628  -43.687 0.1250000000
87234  21.815  15.343  -46.799 0.1250000000
67040  16.820  -4.322  -42.198 0.1250000000
67030  16.792  -4.538  -41.404 0.1250000000
80368  21.069  8.504  -46.760 0.1250000000
68908  16.594  -2.626  -43.420 0.1250000000
67957  16.877  -3.261  -43.396 0.1250000000
67946  15.926  -3.230  -42.263 0.1250000000
86258  20.586  14.268  -46.527 0.1250000000
87236  19.573  15.325  -46.364 0.1250000000
86260  18.921  14.831  -46.099 0.1250000000
88250  20.511  16.656  -47.085 0.1250000000
145859  19.492  16.161  -46.335 0.1250000000
86240  18.425  14.472  -45.686 0.1250000000
169856  18.767  16.916  -45.309 0.1250000000
61351  24.044  -10.832  -43.802 0.1250000000
62268  25.417  -9.876  -43.882 0.1250000000
63235  25.612  -8.981  -42.154 0.1250000000
63234  26.448  -8.675  -42.461 0.1250000000
64229  27.378  -7.703  -41.801 0.1250000000
66106  27.980  -5.821  -42.000 0.1250000000
67037  28.175  -4.897  -42.472 0.1250000000
67047  31.106  -4.767  -43.483 0.1250000000
66120  29.802  -4.769  -42.883 0.1250000000
67049  29.333  -4.100  -43.061 0.1250000000
67965  31.666  -3.431  -44.252 0.1250000000
68916  30.436  -2.747  -44.160 0.1250000000
67981  33.010  -3.478  -45.215 0.1250000000
68915  31.877  -2.725  -44.820 0.1250000000
69924  31.892  -2.169  -45.489 0.1250000000
58379  22.651  -14.023  -41.546 0.1250000000
58396  22.710  -13.701  -42.259 0.1250000000
58412  23.191  -13.289  -42.959 0.1250000000
59305  23.723  -11.988  -43.754 0.1250000000
61363  25.351  -10.359  -43.892 0.1250000000
60371  24.630  -11.203  -43.753 0.1250000000
63251  26.075  -9.355  -43.435 0.1250000000
63232  27.826  -8.244  -42.715 0.1250000000
64227  29.165  -7.334  -42.656 0.1250000000
66105  28.891  -5.707  -42.326 0.1250000000
65211  30.378  -6.253  -43.012 0.1250000000
67087  32.898  -4.274  -44.877 0.1250000000
68945  32.679  -2.191  -46.275 0.1250000000
68944  33.682  -2.772  -46.609 0.1250000000
67980  33.368  -3.048  -45.777 0.1250000000
68963  32.660  -1.714  -47.221 0.1250000000
60373  23.471  -11.222  -43.729 0.1250000000
62249  24.597  -10.040  -43.608 0.1250000000
149598  31.145  -2.694  -44.472 0.1250000000
63233  27.143  -8.348  -42.352 0.1250000000
67952  30.403  -3.326  -43.683 0.1250000000
59292  22.750  -12.470  -43.311 0.1250000000
59290  23.866  -12.802  -43.450 0.1250000000
57510  22.043  -14.168  -41.001 0.1250000000
59304  24.344  -11.860  -43.569 0.1250000000
63250  27.078  -8.779  -43.485 0.1250000000
65195  27.769  -6.782  -41.711 0.1250000000
64228  28.299  -7.503  -42.214 0.1250000000
67036  29.066  -4.834  -42.677 0.1250000000
67951  31.078  -3.836  -43.693 0.1250000000
66104  29.735  -5.552  -42.654 0.1250000000
67066  31.742  -4.345  -43.938 0.1250000000
67966  30.984  -3.156  -43.980 0.1250000000
68926  32.579  -2.779  -45.313 0.1250000000
67086  33.682  -4.082  -45.627 0.1250000000
58357  22.594  -14.146  -40.700 0.1250000000
58394  23.812  -13.403  -41.828 0.1250000000
172671  26.136  -9.750  -44.148 0.1250000000
167922  34.323  -3.245  -46.937 0.1250000000
58395  23.267  -13.720  -42.129 0.1250000000
58397  21.954  -13.689  -41.867 0.1250000000
59291  23.334  -12.600  -43.542 0.1250000000
59293  22.103  -12.004  -42.898 0.2500000000
60357  22.712  -11.516  -43.379 0.2500000000
60370  25.105  -11.179  -43.681 0.1250000000
60372  24.135  -11.298  -43.815 0.1250000000
60380  25.605  -10.584  -43.896 0.1250000000
60381  25.044  -10.820  -43.784 0.1250000000
61335  23.664  -10.625  -43.536 0.3750000000
61350  24.632  -10.736  -43.776 0.1250000000
62230  25.037  -9.528  -43.026 0.1250000000
62235  20.188  -8.562  -40.274 0.6250000000
62269  24.986  -10.238  -43.824 0.1250000000
62270  24.321  -10.480  -43.697 0.1250000000
63215  26.071  -8.326  -41.599 0.2500000000
63217  24.451  -8.450  -40.992 0.3750000000
63218  22.281  -9.039  -40.634 0.6250000000
63238  20.054  -7.838  -40.708 0.6250000000
64230  26.749  -8.184  -41.791 0.1250000000
65183  25.629  -7.158  -41.424 0.2500000000
65194  28.681  -6.656  -42.070 0.1250000000
65215  22.401  -6.167  -43.297 0.7500000000
65238  21.989  -5.742  -44.123 0.7500000000
65239  21.312  -5.809  -44.109 0.7500000000
65242  19.363  -5.685  -43.739 0.7500000000
66108  25.070  -5.848  -42.285 0.5000000000
66118  31.037  -5.720  -43.471 0.1250000000
66119  30.424  -5.221  -43.086 0.1250000000
66127  18.098  -5.153  -43.066 0.7500000000
66144  21.153  -5.404  -44.670 0.7500000000
66147  19.052  -5.133  -44.203 0.6250000000
66166  20.972  -5.001  -45.121 0.7500000000
67048  30.283  -4.196  -43.289 0.1250000000
67071  18.048  -4.019  -44.082 0.1250000000
67089  22.827  -4.080  -45.548 0.8750000000
67093  20.031  -4.242  -45.417 0.8750000000
67111  22.667  -3.698  -45.608 0.8750000000
67113  21.486  -3.880  -45.687 0.8750000000
67964  32.426  -3.405  -44.734 0.1250000000
67972  17.181  -2.891  -43.877 0.2500000000
67983  25.886  -3.331  -45.832 0.8750000000
68002  34.083  -2.745  -47.449 0.1250000000
68008  21.523  -3.291  -45.862 1.0000000000
68022  34.795  -3.405  -47.715 0.1250000000
68906  29.859  -2.889  -43.836 0.1250000000
68917  29.672  -2.515  -44.387 0.2500000000
68920  16.974  -2.103  -43.904 0.1250000000
68927  31.289  -2.256  -45.044 0.1250000000
68935  23.156  -2.567  -45.446 1.0000000000
68946  27.793  -2.262  -46.359 0.8750000000
68948  24.676  -3.149  -45.733 1.0000000000
68964  26.907  -2.155  -47.283 1.0000000000
69926  29.871  -1.587  -45.724 0.5000000000
69927  28.695  -1.710  -46.176 0.6250000000
69942  31.969  -1.505  -46.826 0.2500000000
69948  21.638  -1.640  -46.230 1.0000000000
69960  31.270  -1.095  -47.368 0.5000000000
69965  26.827  -1.716  -47.371 1.0000000000
69981  28.358  -0.809  -48.331 0.7500000000
69991  33.107  -1.615  -50.206 0.1250000000
70021  35.437  -1.175  -52.615 0.1250000000
70932  16.141  -1.056  -43.454 0.1250000000
70945  25.242  -0.930  -45.099 1.0000000000
70959  18.814  -0.503  -46.345 0.3750000000
70967  27.486  -0.729  -48.006 1.0000000000
70971  19.870  -0.190  -47.243 0.8750000000
71003  28.726  0.126  -50.026 0.8750000000
71022  35.491  -0.716  -52.775 0.1250000000
71023  34.962  -0.675  -53.088 0.1250000000
71033  34.801  -0.019  -53.628 0.1250000000
72026  23.661  0.123  -45.071 1.0000000000
72049  20.667  0.346  -47.447 0.8750000000
72052  19.090  0.819  -47.101 0.3750000000
72064  28.260  0.285  -49.747 0.8750000000
72076  28.510  0.617  -50.297 0.8750000000
72086  35.121  0.450  -52.536 0.1250000000
72090  28.753  0.996  -50.841 0.7500000000
72097  35.464  -0.087  -52.999 0.1250000000
72112  34.419  0.467  -53.941 0.1250000000
73133  21.722  1.674  -47.338 1.0000000000
73150  27.783  1.332  -50.013 1.0000000000
73159  28.317  1.242  -50.617 0.8750000000
73160  28.072  1.906  -50.897 0.8750000000
73169  28.458  1.689  -51.139 0.8750000000
73175  34.800  0.919  -53.882 0.1250000000
73182  34.602  1.064  -54.309 0.1250000000
73183  33.889  0.801  -54.321 0.1250000000
73185  31.110  2.110  -53.170 0.5000000000
73189  34.357  1.457  -54.602 0.1250000000
74165  26.310  2.450  -45.187 1.0000000000
74177  26.571  1.703  -45.330 1.0000000000
74182  17.301  2.881  -45.528 0.1250000000
74190  21.346  2.444  -47.649 0.8750000000
74192  19.063  2.281  -47.544 0.2500000000
74193  18.102  3.295  -46.669 0.2500000000
74199  27.718  2.158  -48.794 1.0000000000
74200  20.082  2.465  -48.079 0.5000000000
74219  28.200  2.398  -51.357 0.8750000000
74233  34.275  2.215  -54.671 0.1250000000
74235  30.559  2.778  -53.472 0.5000000000
74242  33.979  2.274  -55.135 0.1250000000
75186  25.985  3.404  -45.207 1.0000000000
75200  27.651  3.842  -46.489 1.0000000000
75203  22.318  3.262  -46.886 1.0000000000
75217  20.352  3.105  -48.052 0.6250000000
75219  18.478  3.903  -47.175 0.3750000000
75229  19.840  3.203  -48.068 0.3750000000
75239  27.605  3.287  -50.778 1.0000000000
75245  27.790  3.582  -51.713 1.0000000000
75252  28.443  2.967  -52.077 0.8750000000
75258  30.047  3.385  -53.736 0.6250000000
76251  27.739  4.653  -46.523 1.0000000000
76269  21.868  3.936  -47.073 0.6250000000
76271  20.624  4.468  -47.697 0.5000000000
76272  18.465  4.777  -47.196 0.1250000000
76273  18.099  4.492  -46.776 0.1250000000
76284  19.627  4.572  -47.808 0.3750000000
76303  27.628  4.146  -50.755 1.0000000000
76325  28.740  4.042  -53.259 0.6250000000
76331  33.698  3.643  -55.292 0.1250000000
76333  27.831  4.957  -53.578 0.7500000000
76350  32.089  5.017  -57.740 0.1250000000
77264  22.916  4.804  -46.136 1.0000000000
77265  21.677  5.488  -46.886 0.6250000000
77278  20.278  5.315  -47.669 0.3750000000
77292  27.784  5.631  -48.828 1.0000000000
77294  19.202  5.246  -47.659 0.3750000000
77336  27.317  5.014  -52.609 1.0000000000
77364  30.756  4.676  -56.186 0.2500000000
77388  31.083  6.099  -58.757 0.2500000000
78247  25.148  6.700  -44.988 1.0000000000
78255  27.428  6.198  -45.961 1.0000000000
78256  22.427  6.719  -46.043 0.8750000000
78278  19.963  6.082  -47.703 0.2500000000
78300  27.005  6.397  -51.285 1.0000000000
78348  26.190  6.915  -54.428 0.6250000000
78359  27.248  6.458  -55.132 0.6250000000
78377  29.522  6.346  -58.355 0.2500000000
79321  27.675  7.198  -46.975 1.0000000000
79345  27.053  7.166  -50.807 1.0000000000
79370  25.887  7.692  -53.014 0.8750000000
79383  26.199  7.128  -53.338 0.8750000000
79397  25.688  7.361  -55.025 0.6250000000
79426  25.243  8.074  -56.550 0.5000000000
79457  30.985  6.973  -59.212 0.1250000000
79471  30.506  7.144  -59.484 0.1250000000
80356  26.514  9.211  -45.586 1.0000000000
80357  24.172  8.289  -45.266 0.8750000000
80367  21.736  8.408  -46.355 0.3750000000
80397  27.020  9.173  -50.256 1.0000000000
80421  25.939  8.358  -52.545 0.8750000000
80446  24.793  8.771  -56.937 0.5000000000
80451  25.539  8.550  -58.091 0.3750000000
80457  25.161  8.971  -58.361 0.3750000000
80464  29.461  8.295  -60.507 0.1250000000
80479  27.835  8.986  -60.993 0.1250000000
81342  26.523  9.918  -45.766 1.0000000000
81344  25.025  9.702  -45.401 0.8750000000
81346  22.739  9.149  -45.698 0.3750000000
81360  27.381  9.743  -46.926 1.0000000000
81399  27.362  9.385  -48.800 1.0000000000
81447  25.169  9.016  -54.570 0.7500000000
81483  24.727  9.035  -57.316 0.3750000000
81515  26.241  9.533  -59.695 0.1250000000
81530  29.202  9.262  -61.327 0.1250000000
81542  28.839  9.918  -61.738 0.1250000000
81543  28.100  10.082  -61.855 0.1250000000
82373  26.086  10.577  -45.711 1.0000000000
82376  23.605  10.302  -45.523 0.7500000000
82409  27.355  10.703  -48.285 1.0000000000
82444  26.070  10.690  -53.400 0.7500000000
82466  25.196  9.403  -55.854 0.5000000000
82498  25.546  9.661  -58.381 0.3750000000
82514  28.637  10.592  -62.174 0.1250000000
82517  29.078  11.193  -62.402 0.1250000000
82518  28.470  11.285  -62.492 0.1250000000
83373  26.917  11.814  -47.291 1.0000000000
83388  27.206  11.426  -49.856 0.8750000000
83410  26.581  11.451  -52.052 0.7500000000
83423  26.519  11.551  -54.651 0.6250000000
83446  26.700  11.173  -56.919 0.3750000000
83465  29.509  11.613  -61.141 0.1250000000
83473  28.974  11.996  -62.778 0.1250000000
83474  28.372  11.964  -62.607 0.1250000000
84349  26.145  12.443  -46.573 1.0000000000
84369  27.164  12.641  -48.323 1.0000000000
84402  26.717  12.609  -53.134 0.7500000000
84434  27.273  12.018  -57.906 0.2500000000
84451  29.499  12.142  -61.884 0.1250000000
84452  28.038  12.574  -62.499 0.1250000000
84457  29.309  12.564  -62.593 0.1250000000
84458  29.025  12.859  -63.110 0.1250000000
85301  25.665  13.522  -46.887 0.8750000000
85350  26.605  13.569  -53.141 0.7500000000
85386  27.443  13.313  -58.622 0.2500000000
85403  27.751  13.403  -61.996 0.1250000000
86269  24.904  14.899  -47.429 0.7500000000
86284  26.454  14.696  -49.098 0.8750000000
86309  26.376  14.174  -53.481 0.7500000000
86324  25.905  14.776  -55.531 0.3750000000
86333  26.768  13.914  -56.284 0.3750000000
86351  27.246  14.175  -58.594 0.3750000000
86352  26.691  14.855  -58.613 0.2500000000
86371  27.646  14.385  -61.738 0.1250000000
86375  29.173  14.403  -62.888 0.1250000000
87233  22.719  15.183  -46.851 0.1250000000
87248  24.467  15.530  -47.765 0.7500000000
87275  26.273  15.200  -49.600 0.7500000000
87281  26.576  14.957  -51.168 0.7500000000
87282  25.964  15.601  -51.584 0.7500000000
87317  21.101  15.526  -56.410 0.3750000000
87348  25.847  15.332  -58.858 0.1250000000
87351  22.060  15.474  -59.226 0.1250000000
87352  21.517  15.586  -58.627 0.1250000000
87365  24.038  15.502  -59.892 0.1250000000
87366  22.331  15.568  -60.094 0.1250000000
87380  23.641  15.653  -60.895 0.1250000000
87381  22.687  15.737  -60.671 0.1250000000
87393  24.067  15.997  -61.674 0.1250000000
87401  28.922  15.233  -62.987 0.1250000000
88264  24.308  16.369  -48.899 0.6250000000
88300  25.287  16.091  -51.905 0.7500000000
88309  24.201  16.215  -53.100 0.6250000000
88310  23.227  16.348  -53.381 0.3750000000
88320  21.768  15.971  -54.547 0.3750000000
88332  19.689  16.982  -56.650 0.2500000000
88356  22.574  15.950  -60.809 0.1250000000
88361  29.260  15.934  -62.043 0.1250000000
88374  26.816  16.583  -62.923 0.1250000000
88375  25.046  17.251  -62.767 0.1250000000
89245  21.870  17.713  -48.676 0.3750000000
89310  19.630  16.938  -54.856 0.2500000000
89371  23.716  17.038  -61.780 0.1250000000
89380  25.533  18.013  -62.983 0.1250000000
90209  20.413  18.365  -48.662 0.1250000000
90261  18.686  18.845  -54.380 0.1250000000
91195  18.897  19.460  -49.440 0.1250000000
91224  18.934  19.078  -52.396 0.1250000000
144110  27.467  1.112  -47.607 1.0000000000
149265  19.951  1.132  -47.718 0.7500000000
149357  16.579  0.024  -44.096 0.1250000000
149923  31.469  2.604  -53.962 0.5000000000
150531  25.927  -4.705  -43.225 0.7500000000
151019  28.755  -3.490  -43.458 0.2500000000
152139  27.167  7.457  -57.639 0.3750000000
152301  20.458  -8.670  -40.330 0.6250000000
153957  29.489  11.139  -60.524 0.1250000000
154753  27.272  13.329  -49.887 0.8750000000
154820  23.694  6.117  -45.446 0.8750000000
156879  27.666  4.476  -52.597 1.0000000000
158222  21.093  7.148  -47.018 0.2500000000
158281  21.470  9.110  -46.408 0.1250000000
159374  25.025  8.475  -55.333 0.7500000000
159883  26.527  6.634  -53.437 0.7500000000
159950  22.120  15.995  -60.306 0.1250000000
160048  24.573  16.637  -62.238 0.1250000000
161553  18.140  -7.649  -39.011 0.1250000000
163165  28.730  -1.019  -47.901 0.7500000000
163798  26.989  -6.927  -41.535 0.2500000000
164713  27.053  13.063  -56.354 0.3750000000
165559  32.261  -4.023  -44.359 0.1250000000
165806  18.815  -2.522  -45.529 0.7500000000
169515  33.106  3.397  -56.063 0.1250000000
170842  18.667  0.057  -46.449 0.3750000000
171528  19.909  16.627  -46.708 0.1250000000
171531  27.113  7.791  -50.325 1.0000000000
171802  28.302  2.678  -51.673 0.8750000000
172559  27.425  9.441  -48.179 1.0000000000
172653  20.892  -0.261  -47.155 0.8750000000
