#!ascii label  , from subject sub-1012 vox2ras=TkReg
857
17645  21.502  -57.721  -36.213 0.6000000238
16046  26.062  -59.061  -26.594 0.6999999881
16056  23.162  -59.448  -27.785 0.6999999881
15339  22.464  -60.671  -31.395 0.8999999762
15347  22.478  -60.548  -32.236 0.8000000119
16092  21.512  -59.062  -34.595 0.8000000119
18440  21.047  -56.876  -35.818 0.6000000238
19393  21.801  -55.942  -36.748 0.6999999881
172512  22.802  -55.029  -37.039 0.6999999881
16758  26.349  -58.347  -26.865 0.6999999881
160655  27.162  -58.431  -25.623 0.6999999881
167473  23.896  -58.659  -27.607 0.6999999881
160609  22.720  -58.915  -28.293 0.6000000238
16057  22.549  -59.712  -28.429 0.6999999881
15320  22.371  -60.231  -29.073 0.6999999881
16065  21.928  -59.990  -29.926 0.8000000119
16070  21.593  -59.716  -31.540 0.8000000119
16078  21.738  -59.992  -32.421 0.8000000119
154304  21.149  -58.619  -33.985 0.8000000119
16816  21.101  -58.188  -34.570 0.6000000238
18454  21.145  -56.092  -36.160 0.6000000238
19374  22.146  -55.135  -36.716 0.6999999881
21043  23.561  -53.830  -37.237 0.6999999881
16757  26.559  -57.917  -26.714 0.5000000000
172784  26.715  -57.892  -25.614 0.6000000238
160608  25.227  -57.837  -27.482 0.4000000060
142746  25.016  -58.455  -27.394 0.6000000238
160760  22.575  -58.198  -28.584 0.5000000000
16062  21.626  -59.028  -29.818 0.6000000238
16788  21.194  -59.001  -31.389 0.6999999881
16800  20.603  -57.911  -32.916 0.6999999881
17608  20.474  -57.301  -33.575 0.6999999881
19376  20.794  -55.396  -35.797 0.5000000000
20258  21.669  -54.384  -36.392 0.6000000238
21030  22.302  -53.727  -36.620 0.6000000238
21044  22.877  -53.924  -37.030 0.6000000238
21831  24.909  -53.012  -37.222 0.5000000000
161378  24.739  -57.036  -25.528 0.5000000000
141528  25.883  -57.512  -25.417 0.6000000238
141777  25.838  -57.653  -22.954 0.6000000238
141358  25.880  -57.467  -26.487 0.5000000000
168213  21.445  -58.124  -29.765 0.5000000000
142509  20.868  -57.800  -30.466 0.6000000238
142120  20.046  -57.132  -31.529 0.6000000238
143023  20.168  -56.585  -33.446 0.6000000238
153199  20.429  -56.120  -34.689 0.5000000000
19359  20.401  -55.436  -35.111 0.5000000000
154268  20.986  -54.738  -36.042 0.6000000238
153920  22.301  -53.056  -36.431 0.6000000238
21812  23.538  -52.423  -36.636 0.5000000000
22608  24.535  -51.380  -36.325 0.5000000000
22589  26.131  -50.912  -35.639 0.5000000000
169727  24.959  -51.690  -36.629 0.5000000000
139375  25.232  -57.158  -23.781 0.5000000000
161392  25.289  -57.556  -27.310 0.5000000000
160485  24.197  -57.590  -27.712 0.4000000060
160406  21.229  -56.114  -29.007 0.3000000119
162399  21.659  -56.745  -29.153 0.4000000060
142125  19.641  -56.125  -30.526 0.3000000119
161826  20.072  -56.263  -29.871 0.3000000119
139412  20.302  -56.937  -30.449 0.5000000000
171665  19.752  -56.558  -31.157 0.5000000000
142795  19.503  -55.839  -32.389 0.5000000000
19345  20.054  -55.454  -34.285 0.5000000000
20227  20.088  -54.845  -34.818 0.5000000000
21032  20.713  -53.226  -35.665 0.6000000238
21814  21.897  -52.471  -36.221 0.6000000238
21813  22.699  -52.431  -36.457 0.5000000000
22591  23.747  -50.950  -35.909 0.5000000000
168676  25.368  -50.755  -35.327 0.5000000000
139372  24.662  -56.061  -24.037 0.5000000000
160685  24.055  -56.734  -26.404 0.5000000000
162301  23.814  -56.585  -27.285 0.5000000000
162339  23.023  -56.329  -28.163 0.4000000060
162254  23.581  -56.931  -28.059 0.5000000000
160547  19.593  -55.641  -29.824 0.3000000119
170034  18.835  -54.774  -31.219 0.3000000119
142248  19.448  -55.129  -32.879 0.4000000060
168696  19.675  -55.124  -33.662 0.5000000000
20243  19.874  -54.034  -34.869 0.4000000060
22610  22.298  -51.690  -36.196 0.5000000000
22592  22.775  -50.964  -35.886 0.5000000000
22609  23.154  -51.671  -36.344 0.5000000000
23374  25.762  -50.701  -34.337 0.5000000000
23363  25.123  -50.405  -33.418 0.4000000060
22590  24.652  -50.793  -35.579 0.5000000000
141196  23.878  -56.204  -25.557 0.5000000000
162464  23.050  -56.025  -27.217 0.5000000000
162401  22.270  -55.648  -28.172 0.4000000060
162400  20.596  -55.565  -28.766 0.4000000060
141296  19.074  -54.821  -29.809 0.3000000119
162486  18.558  -53.712  -31.328 0.3000000119
139386  19.081  -54.420  -32.547 0.4000000060
150681  19.051  -53.839  -33.186 0.4000000060
167118  19.047  -52.748  -34.132 0.4000000060
142508  19.409  -54.515  -33.433 0.4000000060
20994  19.455  -53.268  -34.463 0.4000000060
21015  19.890  -53.097  -35.223 0.5000000000
22612  20.836  -51.848  -35.485 0.5000000000
21815  21.172  -52.539  -35.784 0.6000000238
23365  23.555  -49.990  -34.257 0.4000000060
23376  23.973  -50.422  -34.775 0.5000000000
162302  22.730  -55.551  -26.851 0.4000000060
141162  21.335  -55.375  -28.229 0.4000000060
160673  22.339  -55.424  -27.585 0.4000000060
162255  19.196  -54.411  -29.074 0.4000000060
161827  18.688  -53.847  -29.821 0.4000000060
141336  18.356  -52.965  -31.504 0.4000000060
161200  18.406  -52.743  -32.458 0.4000000060
160634  18.644  -53.629  -32.253 0.4000000060
162442  18.707  -53.229  -33.041 0.4000000060
139388  18.861  -52.096  -34.170 0.4000000060
22596  19.872  -51.529  -34.933 0.5000000000
22595  20.494  -51.286  -35.084 0.5000000000
23379  21.591  -50.441  -35.149 0.6000000238
23378  22.387  -50.406  -35.282 0.5000000000
24910  23.042  -48.765  -34.410 0.4000000060
24141  23.279  -49.450  -34.279 0.4000000060
141668  21.901  -54.973  -27.075 0.4000000060
172604  19.854  -54.613  -28.236 0.4000000060
164924  21.399  -54.976  -27.542 0.4000000060
162337  18.746  -53.399  -29.139 0.4000000060
141446  18.456  -53.329  -30.624 0.4000000060
162448  18.293  -52.033  -32.752 0.4000000060
142810  18.492  -51.620  -33.491 0.4000000060
22597  19.381  -51.169  -34.638 0.4000000060
23381  19.916  -50.810  -34.777 0.5000000000
24160  21.257  -49.780  -34.744 0.4000000060
24159  22.027  -49.781  -34.860 0.6000000238
160652  19.113  -53.356  -28.252 0.4000000060
160439  18.809  -53.073  -28.687 0.4000000060
166721  18.371  -50.598  -29.981 0.4000000060
160549  18.426  -52.789  -29.878 0.4000000060
162443  18.158  -51.475  -30.903 0.4000000060
141655  18.052  -50.764  -31.598 0.4000000060
163298  18.279  -49.593  -32.958 0.5000000000
160610  18.160  -51.224  -32.602 0.4000000060
142354  18.700  -49.611  -33.764 0.3000000119
152714  19.303  -49.606  -34.224 0.3000000119
23368  19.082  -50.399  -34.396 0.4000000060
148552  20.893  -49.238  -34.422 0.4000000060
168448  22.507  -47.532  -34.787 0.4000000060
24911  22.306  -48.335  -34.589 0.5000000000
141346  20.915  -54.522  -27.289 0.4000000060
161201  18.217  -50.690  -30.598 0.4000000060
161198  18.246  -49.126  -31.463 0.4000000060
142048  18.304  -48.725  -32.334 0.3000000119
146553  18.656  -47.943  -32.907 0.3000000119
139424  18.980  -48.057  -33.521 0.3000000119
24146  19.123  -48.893  -33.850 0.3000000119
24145  20.076  -49.180  -34.191 0.3000000119
26472  22.223  -46.791  -34.776 0.4000000060
26487  22.752  -45.972  -35.112 0.4000000060
160527  18.518  -50.155  -29.775 0.3000000119
160937  18.947  -48.389  -30.554 0.3000000119
141499  18.447  -49.092  -30.758 0.3000000119
160940  18.576  -48.320  -31.369 0.3000000119
139440  18.610  -47.890  -32.164 0.3000000119
142769  19.022  -47.112  -32.431 0.3000000119
142648  19.100  -47.280  -33.200 0.4000000060
27302  19.656  -46.027  -33.487 0.4000000060
142656  19.552  -47.419  -33.633 0.3000000119
26475  19.987  -46.644  -33.912 0.3000000119
26473  21.310  -46.721  -34.533 0.3000000119
26488  21.839  -45.984  -34.753 0.4000000060
27331  22.885  -44.991  -35.286 0.4000000060
28216  23.686  -44.509  -35.442 0.4000000060
139447  19.266  -46.471  -33.017 0.4000000060
149897  20.669  -43.911  -34.427 0.4000000060
27317  20.135  -45.681  -34.027 0.4000000060
28202  20.957  -44.591  -34.670 0.3000000119
27315  21.384  -45.279  -34.746 0.4000000060
29166  22.717  -43.342  -35.376 0.4000000060
152519  23.314  -42.885  -35.431 0.4000000060
28217  22.872  -44.159  -35.339 0.4000000060
29165  23.515  -43.602  -35.422 0.4000000060
28219  21.294  -43.696  -34.983 0.5000000000
30119  22.626  -42.415  -35.377 0.4000000060
30118  23.542  -42.149  -35.488 0.4000000060
163364  24.914  -42.572  -35.718 0.3000000119
31023  24.715  -41.166  -35.729 0.3000000119
16823  21.457  -58.403  -35.385 0.6999999881
15333  21.900  -60.182  -30.944 0.8000000119
17631  20.714  -56.825  -34.986 0.6000000238
16809  20.969  -58.637  -33.258 0.6999999881
17617  20.726  -57.455  -34.407 0.6999999881
21028  23.975  -53.085  -37.043 0.6000000238
141261  23.029  -57.377  -28.353 0.4000000060
160484  21.993  -57.572  -29.004 0.4000000060
139417  21.228  -58.601  -30.563 0.6999999881
16789  20.458  -57.776  -31.941 0.6999999881
141444  24.958  -57.146  -26.948 0.5000000000
161729  19.794  -55.832  -33.384 0.5000000000
161100  19.391  -55.936  -31.416 0.4000000060
21014  20.360  -53.804  -35.443 0.6000000238
22593  21.941  -51.044  -35.690 0.5000000000
161170  18.092  -51.962  -31.771 0.3000000119
23367  19.889  -49.993  -34.638 0.4000000060
161754  18.513  -51.319  -28.924 0.4000000060
25712  20.244  -47.575  -34.082 0.3000000119
26474  20.578  -46.214  -34.343 0.3000000119
28218  21.660  -44.548  -35.022 0.3000000119
30117  24.144  -42.902  -35.513 0.3000000119
173662  27.061  -62.921  -32.779 0.6000000238
12248  26.759  -64.481  -32.691 0.6000000238
11569  25.268  -65.383  -35.739 0.6000000238
12281  24.573  -64.171  -36.798 0.6000000238
11534  27.856  -65.177  -31.381 0.5000000000
12239  27.799  -64.232  -31.531 0.6000000238
13745  27.079  -62.111  -31.940 0.6999999881
13755  27.426  -62.593  -32.067 0.6999999881
11543  27.315  -64.868  -32.041 0.6000000238
12996  26.683  -62.866  -33.204 0.6000000238
12259  25.674  -63.809  -33.960 0.6000000238
13779  25.038  -62.755  -34.809 0.6000000238
13017  24.915  -63.552  -35.044 0.6000000238
13026  24.647  -63.865  -35.895 0.6000000238
13036  24.476  -63.601  -37.424 0.6000000238
13828  25.206  -62.163  -39.754 0.6999999881
12959  28.263  -63.803  -30.012 0.6000000238
156129  26.084  -62.515  -30.296 0.6999999881
12230  28.355  -64.522  -30.294 0.5000000000
13716  27.456  -62.869  -30.453 0.6999999881
12985  27.755  -63.181  -31.583 0.6999999881
14561  26.595  -61.828  -32.569 0.6999999881
14572  26.656  -62.106  -33.154 0.6999999881
13773  24.936  -62.027  -34.926 0.5000000000
13793  24.288  -62.647  -37.249 0.6000000238
14632  24.476  -61.666  -38.382 0.6000000238
14650  24.814  -61.522  -39.161 0.6999999881
153393  24.928  -60.674  -39.281 0.6999999881
15423  26.723  -60.041  -39.927 0.6999999881
16145  27.162  -59.255  -39.630 0.6999999881
16851  36.326  -58.659  -39.063 0.4000000060
18486  33.350  -56.649  -39.199 0.5000000000
144989  30.888  -56.972  -39.086 0.6000000238
165760  29.855  -58.167  -39.438 0.6000000238
16869  28.365  -58.375  -39.392 0.6999999881
12934  26.583  -64.225  -27.026 0.5000000000
12946  26.674  -63.811  -28.025 0.5000000000
13702  25.255  -63.017  -28.572 0.6000000238
12206  27.902  -64.395  -28.178 0.5000000000
13718  25.699  -62.810  -29.495 0.6999999881
12961  26.272  -63.317  -28.770 0.5000000000
12960  27.782  -63.328  -29.786 0.6000000238
14542  24.710  -62.036  -30.803 0.6999999881
13731  25.732  -62.166  -30.952 0.6999999881
14562  25.710  -61.578  -32.461 0.6999999881
14584  25.085  -61.448  -34.257 0.6999999881
13786  24.352  -62.494  -36.324 0.6000000238
15393  24.210  -61.024  -37.886 0.6000000238
167622  24.559  -60.156  -38.821 0.6999999881
16146  26.291  -59.366  -39.563 0.6999999881
17688  27.889  -57.732  -39.108 0.6999999881
17686  29.495  -57.591  -39.175 0.6000000238
17669  29.050  -56.953  -38.898 0.6000000238
13672  24.876  -62.990  -24.678 0.5000000000
12915  25.051  -64.488  -25.090 0.4000000060
12936  24.980  -63.169  -26.421 0.5000000000
12926  25.090  -63.546  -25.222 0.5000000000
12947  25.873  -63.537  -27.792 0.5000000000
156583  24.280  -62.269  -27.160 0.6000000238
13703  24.384  -62.504  -28.289 0.6000000238
14534  23.417  -61.597  -29.584 0.6999999881
13719  24.722  -62.539  -29.262 0.6000000238
14543  24.226  -62.109  -29.927 0.6999999881
14554  24.407  -61.671  -31.394 0.6999999881
14574  25.192  -61.335  -33.283 0.6999999881
150912  24.615  -61.465  -34.940 0.6999999881
14596  24.413  -61.836  -35.720 0.6999999881
14616  23.945  -61.125  -37.102 0.6999999881
16129  24.076  -59.651  -38.513 0.6999999881
16148  24.554  -59.295  -39.108 0.8000000119
17689  27.059  -57.809  -39.072 0.6999999881
19412  32.197  -55.669  -39.009 0.5000000000
17670  28.214  -57.037  -38.877 0.6000000238
13663  24.445  -63.118  -23.664 0.4000000060
14500  24.745  -62.044  -25.284 0.6000000238
13680  24.733  -62.522  -25.956 0.6000000238
14507  24.328  -61.614  -26.307 0.6000000238
14514  23.290  -61.044  -27.837 0.6000000238
14525  23.233  -61.393  -28.635 0.6000000238
14535  22.892  -61.191  -30.116 0.6999999881
14544  23.750  -61.617  -30.637 0.6999999881
14564  23.730  -61.229  -32.316 0.6999999881
14575  24.136  -61.147  -33.041 0.6999999881
15355  23.586  -60.742  -33.751 0.8000000119
15366  23.387  -60.535  -34.781 0.8000000119
15376  23.388  -60.596  -35.793 0.6000000238
15405  23.776  -59.880  -37.996 0.6000000238
17673  25.047  -57.717  -38.734 0.8000000119
17690  26.073  -57.916  -39.010 0.6999999881
20281  33.064  -54.977  -38.327 0.5000000000
18489  30.589  -56.137  -38.799 0.6000000238
164747  28.744  -55.673  -38.475 0.6999999881
20282  32.447  -54.528  -38.389 0.6000000238
15284  26.407  -61.043  -24.196 0.5000000000
14482  25.563  -61.403  -23.101 0.4000000060
15278  25.433  -60.870  -22.890 0.4000000060
15293  25.866  -60.649  -25.262 0.5000000000
14492  25.096  -62.442  -23.996 0.5000000000
158305  24.350  -60.741  -26.388 0.6000000238
15312  24.157  -60.052  -26.751 0.6000000238
15319  22.835  -60.504  -28.274 0.6000000238
165260  22.462  -60.609  -29.760 0.6999999881
15338  23.055  -61.074  -31.903 0.8000000119
15356  22.445  -60.368  -33.236 0.8000000119
168265  22.488  -60.188  -34.691 0.6000000238
16106  22.554  -59.408  -36.696 0.6000000238
16853  23.601  -58.364  -38.258 0.6999999881
17674  24.235  -57.644  -38.382 0.6999999881
20287  27.562  -55.082  -38.063 0.6999999881
19401  30.089  -55.350  -38.657 0.6000000238
150799  28.468  -54.917  -38.177 0.6000000238
21054  29.457  -53.449  -38.018 0.6000000238
157103  31.222  -54.533  -38.606 0.6000000238
21053  30.084  -53.995  -38.357 0.6000000238
16028  27.500  -59.678  -24.389 0.5000000000
15283  27.122  -60.512  -23.861 0.5000000000
15277  26.116  -60.696  -22.835 0.5000000000
16017  25.190  -59.876  -22.669 0.5000000000
16039  26.565  -59.653  -25.839 0.5000000000
15292  27.054  -60.237  -24.880 0.5000000000
157761  21.890  -59.979  -34.106 0.6999999881
16098  21.782  -59.131  -35.440 0.6000000238
16843  22.475  -58.592  -37.174 0.6000000238
18466  23.846  -56.792  -37.887 0.6000000238
19406  25.705  -55.656  -38.097 0.6999999881
19407  25.007  -55.840  -38.047 0.6000000238
19388  26.065  -55.185  -38.007 0.6000000238
169760  32.339  -53.902  -38.038 0.5000000000
21839  29.912  -52.871  -37.609 0.4000000060
139380  27.186  -58.738  -23.643 0.5000000000
161041  26.595  -58.696  -22.398 0.5000000000
161074  26.027  -58.470  -21.560 0.5000000000
16725  25.363  -58.567  -21.327 0.5000000000
171638  23.949  -58.206  -21.512 0.5000000000
164049  23.305  -58.290  -22.411 0.5000000000
18468  22.279  -56.639  -37.279 0.6000000238
19390  24.494  -55.245  -37.683 0.6000000238
20272  24.912  -54.559  -37.584 0.4000000060
20270  26.394  -54.690  -37.866 0.5000000000
21828  27.605  -52.626  -37.559 0.4000000060
21840  29.181  -52.711  -37.638 0.4000000060
21038  28.078  -53.342  -37.832 0.5000000000
161410  26.548  -58.241  -23.244 0.6000000238
141557  25.848  -57.932  -21.749 0.5000000000
141984  25.530  -57.927  -20.926 0.5000000000
139355  25.061  -57.039  -20.123 0.5000000000
16727  23.814  -57.491  -20.565 0.5000000000
17536  22.338  -57.780  -21.694 0.5000000000
16737  21.371  -57.849  -23.080 0.4000000060
141503  19.727  -57.475  -23.511 0.4000000060
173057  19.231  -57.373  -25.216 0.4000000060
161083  19.152  -57.727  -26.795 0.4000000060
20273  24.017  -54.550  -37.428 0.6000000238
21041  25.359  -53.834  -37.497 0.4000000060
21829  26.707  -52.863  -37.443 0.4000000060
21827  28.432  -52.587  -37.631 0.4000000060
152754  25.561  -56.751  -21.853 0.5000000000
161526  25.556  -56.647  -20.538 0.4000000060
161057  24.301  -56.221  -20.324 0.5000000000
139337  21.069  -57.536  -21.445 0.4000000060
142616  20.664  -57.473  -20.967 0.5000000000
139331  19.735  -57.184  -20.536 0.4000000060
139321  18.528  -57.280  -21.483 0.5000000000
172328  19.653  -57.472  -22.531 0.5000000000
143170  18.069  -56.805  -22.219 0.3000000119
143526  18.671  -56.822  -24.994 0.3000000119
161906  17.814  -56.111  -25.687 0.3000000119
21810  25.430  -52.086  -36.935 0.4000000060
161820  25.961  -55.249  -20.881 0.5000000000
141252  25.484  -55.895  -20.266 0.5000000000
161525  25.533  -53.999  -22.127 0.4000000060
161073  25.256  -54.817  -20.966 0.4000000060
143042  22.516  -53.968  -21.938 0.4000000060
141711  24.251  -54.315  -24.496 0.4000000060
141993  24.317  -52.721  -22.989 0.4000000060
161528  23.327  -52.550  -22.103 0.4000000060
161295  23.633  -52.938  -24.466 0.4000000060
139329  22.188  -52.606  -22.393 0.4000000060
143300  21.487  -53.891  -22.629 0.4000000060
160366  21.783  -53.755  -23.696 0.4000000060
161035  21.384  -52.895  -23.059 0.4000000060
142198  20.317  -53.656  -24.036 0.4000000060
139357  22.766  -54.638  -25.547 0.4000000060
139318  19.150  -54.239  -24.145 0.4000000060
139319  18.147  -53.192  -25.128 0.4000000060
143145  21.370  -54.448  -26.761 0.3000000119
139348  21.123  -53.867  -26.178 0.4000000060
160386  20.969  -53.087  -25.046 0.4000000060
162391  20.307  -52.671  -25.015 0.4000000060
160891  19.391  -52.852  -25.304 0.4000000060
172454  19.932  -52.342  -25.630 0.3000000119
16833  21.949  -58.086  -36.841 0.6000000238
15304  25.193  -60.033  -26.195 0.5000000000
19391  23.492  -55.320  -37.443 0.6000000238
21809  26.252  -52.242  -37.092 0.4000000060
11561  25.386  -65.082  -34.846 0.6000000238
15424  25.702  -60.224  -39.702 0.6999999881
16147  25.436  -59.365  -39.387 0.6999999881
17668  34.129  -57.194  -38.928 0.5000000000
19387  33.521  -55.658  -38.104 0.5000000000
17684  31.368  -57.752  -39.417 0.5000000000
18487  32.501  -56.369  -39.295 0.4000000060
18490  29.966  -56.940  -38.882 0.6000000238
12925  25.575  -64.153  -25.744 0.5000000000
14585  24.254  -61.039  -34.474 0.6999999881
18477  29.457  -56.108  -38.688 0.6000000238
14524  23.698  -61.788  -27.996 0.6000000238
15384  23.466  -60.540  -36.700 0.6999999881
16852  24.333  -58.444  -38.834 0.8000000119
18479  27.729  -56.427  -38.576 0.6999999881
13653  24.945  -62.149  -23.391 0.4000000060
15377  22.657  -60.181  -35.443 0.6000000238
15395  23.017  -60.014  -37.122 0.6000000238
18481  25.661  -56.288  -38.281 0.6999999881
18480  26.957  -56.493  -38.508 0.6999999881
20267  33.348  -55.023  -37.320 0.5000000000
157680  33.792  -55.812  -37.251 0.5000000000
19403  28.033  -55.721  -38.352 0.6999999881
19402  29.300  -55.202  -38.467 0.6000000238
16097  22.249  -59.580  -35.861 0.6999999881
16854  22.996  -58.721  -37.816 0.6999999881
173554  24.135  -57.165  -38.078 0.6999999881
157382  27.023  -54.475  -37.898 0.6000000238
21052  30.999  -53.771  -38.376 0.6000000238
169477  31.002  -53.143  -37.903 0.6000000238
16016  27.001  -59.766  -22.851 0.5000000000
16003  26.129  -59.291  -21.936 0.5000000000
16004  25.575  -59.233  -21.842 0.4000000060
17657  22.443  -57.393  -37.398 0.6000000238
19389  25.338  -55.182  -37.835 0.6000000238
141291  19.854  -57.736  -26.020 0.3000000119
21040  26.327  -53.897  -37.644 0.5000000000
22621  28.106  -51.914  -37.204 0.4000000060
17531  22.449  -57.199  -20.635 0.5000000000
142152  19.006  -57.248  -22.461 0.4000000060
161282  18.875  -57.388  -25.965 0.4000000060
139371  22.375  -53.707  -25.162 0.4000000060
160304  22.949  -52.924  -23.552 0.4000000060
10161  35.214  -67.854  -31.010 0.3000000119
10863  34.145  -66.872  -29.902 0.3000000119
167315  34.900  -64.126  -38.890 0.4000000060
13061  37.643  -63.656  -38.752 0.4000000060
11619  36.207  -65.395  -39.262 0.4000000060
11618  37.227  -65.110  -38.841 0.4000000060
13807  34.028  -63.021  -37.417 0.4000000060
13048  32.823  -63.153  -37.944 0.4000000060
13839  31.691  -63.106  -39.399 0.4000000060
13827  30.846  -62.257  -39.390 0.5000000000
13087  29.533  -63.533  -40.134 0.5000000000
149564  29.025  -62.849  -40.262 0.5000000000
13823  36.971  -63.011  -38.801 0.4000000060
13045  35.505  -63.824  -38.421 0.5000000000
145695  33.230  -63.902  -40.237 0.5000000000
13088  28.711  -63.691  -40.312 0.5000000000
13822  37.719  -62.620  -39.101 0.5000000000
13063  36.294  -64.370  -38.843 0.5000000000
13060  38.252  -63.334  -38.871 0.5000000000
12312  38.032  -64.181  -38.693 0.4000000060
12294  39.020  -64.405  -38.268 0.4000000060
11589  37.886  -65.358  -38.040 0.4000000060
11577  37.593  -65.425  -37.116 0.4000000060
11565  36.387  -65.380  -35.762 0.3000000119
12265  35.523  -64.980  -34.578 0.4000000060
15435  35.441  -60.225  -40.078 0.4000000060
15418  33.349  -60.586  -38.986 0.4000000060
15419  32.454  -60.706  -38.883 0.4000000060
14660  35.975  -60.985  -40.208 0.4000000060
14644  34.811  -61.653  -38.726 0.4000000060
14645  33.832  -61.564  -38.210 0.4000000060
14647  32.134  -61.700  -38.278 0.4000000060
14648  31.262  -61.512  -39.221 0.5000000000
14661  30.429  -61.497  -39.723 0.5000000000
14659  36.713  -61.031  -40.245 0.4000000060
13824  36.037  -62.784  -38.382 0.4000000060
13046  34.556  -63.544  -38.004 0.4000000060
15421  30.804  -60.461  -39.736 0.5000000000
14662  29.680  -61.405  -40.164 0.5000000000
166661  28.113  -62.904  -40.523 0.5000000000
13843  27.571  -62.139  -40.636 0.6000000238
13844  26.664  -62.291  -40.482 0.6000000238
13090  26.763  -63.261  -40.358 0.6000000238
15422  27.572  -59.869  -40.051 0.6000000238
149470  27.273  -60.667  -40.235 0.6000000238
172619  25.716  -63.320  -39.808 0.5000000000
159576  39.125  -64.572  -37.577 0.4000000060
13810  24.458  -63.119  -38.173 0.5000000000
11564  37.177  -65.176  -36.111 0.4000000060
12272  37.512  -64.553  -35.572 0.4000000060
168640  36.102  -65.039  -35.096 0.4000000060
16140  32.896  -59.721  -39.314 0.4000000060
16141  32.333  -59.040  -39.470 0.5000000000
163075  31.494  -59.690  -39.566 0.5000000000
157385  30.035  -59.918  -40.075 0.5000000000
14663  28.792  -61.093  -40.439 0.5000000000
16142  29.770  -58.937  -39.800 0.5000000000
14664  27.873  -61.286  -40.522 0.6000000238
16868  29.164  -58.271  -39.434 0.6000000238
16156  28.205  -59.808  -40.139 0.6000000238
10175  36.314  -67.481  -31.438 0.3000000119
10851  33.826  -66.126  -29.684 0.3000000119
12982  34.864  -62.919  -31.831 0.3000000119
16137  36.447  -59.212  -40.153 0.4000000060
16862  35.637  -59.036  -39.705 0.4000000060
16863  34.404  -58.840  -39.368 0.4000000060
16139  33.893  -59.590  -39.468 0.4000000060
164201  33.664  -58.269  -39.301 0.4000000060
16866  31.418  -58.749  -39.568 0.5000000000
16865  32.121  -58.212  -39.494 0.4000000060
16867  30.560  -58.433  -39.548 0.5000000000
13845  25.889  -61.845  -40.285 0.6000000238
147441  25.212  -63.041  -39.580 0.5000000000
14631  32.788  -62.276  -37.625 0.4000000060
13089  27.690  -63.744  -40.434 0.5000000000
12993  35.312  -63.266  -32.593 0.3000000119
15417  34.462  -60.538  -39.421 0.4000000060
15420  31.658  -60.697  -39.212 0.5000000000
15436  30.107  -60.748  -40.072 0.5000000000
16155  29.255  -59.645  -40.108 0.6000000238
25711  21.046  -47.600  -34.370 0.3000000119
10150  34.630  -67.402  -30.376 0.3000000119
10151  33.829  -67.424  -30.454 0.3000000119
10174  36.428  -67.997  -32.169 0.3000000119
11558  34.745  -65.505  -34.596 0.4000000060
11576  38.391  -65.007  -37.351 0.4000000060
11603  37.881  -65.043  -38.535 0.4000000060
12178  26.645  -64.855  -26.440 0.5000000000
12238  28.099  -64.605  -30.955 0.5000000000
12247  27.360  -63.850  -32.195 0.6000000238
12258  26.245  -63.923  -33.358 0.6000000238
12273  36.753  -64.794  -35.317 0.4000000060
12274  24.973  -64.487  -35.367 0.6000000238
12279  37.966  -64.834  -36.382 0.4000000060
12280  24.795  -64.801  -36.255 0.6000000238
12284  38.487  -64.899  -38.151 0.4000000060
12286  24.655  -64.379  -37.596 0.6000000238
12295  38.301  -64.560  -38.514 0.4000000060
12296  37.787  -64.709  -38.653 0.4000000060
12298  24.691  -64.015  -38.259 0.5000000000
12313  37.459  -64.500  -38.696 0.4000000060
12314  36.758  -64.844  -39.013 0.4000000060
12317  26.547  -64.420  -39.668 0.6000000238
12335  28.542  -64.463  -40.255 0.5000000000
12337  27.027  -64.106  -40.250 0.5000000000
12924  26.144  -64.483  -26.258 0.5000000000
12935  25.733  -63.755  -26.704 0.5000000000
12945  27.344  -63.657  -28.745 0.5000000000
12972  28.122  -63.867  -30.845 0.5000000000
12973  27.968  -63.194  -30.625 0.6999999881
12995  27.347  -63.029  -32.403 0.6000000238
13003  25.998  -63.134  -33.749 0.6000000238
13010  25.454  -63.174  -34.337 0.6000000238
13016  37.862  -63.956  -35.136 0.4000000060
13018  24.631  -62.835  -35.581 0.6000000238
13027  24.425  -63.276  -36.519 0.6000000238
13044  36.180  -63.501  -38.432 0.5000000000
13047  33.579  -63.351  -37.858 0.5000000000
13062  37.009  -64.039  -38.651 0.4000000060
13065  34.010  -63.911  -39.136 0.4000000060
13066  33.066  -63.509  -38.960 0.5000000000
13067  26.216  -63.649  -40.050 0.6000000238
13068  25.603  -63.866  -39.456 0.5000000000
13069  24.788  -63.513  -38.961 0.5000000000
13091  25.884  -62.794  -40.151 0.5000000000
13690  24.935  -63.088  -27.534 0.6000000238
13717  26.802  -62.979  -29.800 0.6999999881
13729  27.616  -62.690  -31.021 0.6999999881
13730  26.880  -62.373  -30.975 0.6999999881
13732  25.161  -62.413  -30.142 0.6999999881
13744  27.428  -62.506  -31.531 0.6999999881
13746  26.244  -61.926  -31.766 0.6999999881
13756  27.088  -62.440  -32.650 0.6999999881
13765  26.096  -62.299  -33.649 0.6000000238
13772  25.512  -62.216  -34.279 0.5000000000
13806  35.118  -63.104  -37.833 0.4000000060
13808  33.141  -62.835  -37.515 0.4000000060
13809  32.447  -62.594  -37.901 0.4000000060
13825  32.286  -63.072  -38.747 0.4000000060
13826  31.664  -62.410  -38.842 0.4000000060
13829  24.642  -62.496  -38.942 0.5000000000
13840  30.003  -62.621  -39.814 0.5000000000
13841  29.202  -62.002  -40.321 0.5000000000
13842  28.436  -62.037  -40.572 0.5000000000
14481  26.363  -61.025  -23.340 0.4000000060
14483  24.858  -61.729  -23.158 0.4000000060
14491  25.642  -61.642  -23.634 0.5000000000
14499  25.423  -61.572  -24.594 0.5000000000
14513  23.755  -61.129  -27.066 0.6000000238
14533  23.858  -62.083  -28.973 0.6999999881
14553  25.246  -61.782  -31.616 0.6999999881
14555  23.733  -61.406  -31.590 0.8000000119
14563  24.613  -61.427  -32.253 0.6999999881
14573  26.106  -61.645  -33.208 0.6999999881
14583  25.705  -61.669  -33.793 0.6999999881
14597  24.026  -61.083  -35.320 0.6999999881
14606  24.176  -61.854  -36.685 0.6000000238
14607  23.890  -61.177  -36.232 0.6999999881
14615  24.228  -61.776  -37.567 0.6000000238
14628  35.268  -62.484  -38.123 0.4000000060
14629  34.406  -62.454  -37.700 0.4000000060
14630  33.451  -62.374  -37.515 0.4000000060
14642  37.122  -61.807  -39.642 0.4000000060
14643  35.802  -61.847  -39.231 0.4000000060
14646  32.910  -61.580  -37.997 0.4000000060
14649  25.413  -61.234  -39.782 0.6999999881
14665  27.034  -61.477  -40.432 0.6000000238
14666  26.349  -60.996  -40.125 0.6999999881
15266  26.452  -59.873  -22.598 0.5000000000
15267  25.843  -59.915  -22.514 0.5000000000
15275  27.347  -59.867  -23.489 0.5000000000
15276  26.848  -60.412  -23.066 0.5000000000
15294  24.813  -61.070  -25.666 0.6000000238
15313  23.427  -60.252  -27.420 0.6000000238
15326  22.732  -61.021  -29.206 0.6999999881
15331  22.998  -61.186  -31.036 0.8999999762
15332  22.422  -60.655  -30.522 0.8000000119
15340  21.980  -60.260  -31.701 0.8000000119
15346  23.230  -60.870  -32.757 0.8000000119
15367  22.785  -60.357  -34.107 0.8000000119
15385  22.790  -60.123  -36.336 0.6000000238
15394  23.754  -60.363  -37.504 0.6000000238
15404  24.165  -60.340  -38.219 0.6999999881
15416  35.285  -61.042  -39.764 0.4000000060
15425  24.981  -59.951  -39.322 0.6999999881
15434  36.378  -60.093  -40.339 0.4000000060
15437  29.451  -60.486  -40.239 0.5000000000
15438  28.740  -60.156  -40.259 0.6000000238
15990  26.307  -58.866  -21.794 0.5000000000
15991  25.839  -58.712  -21.455 0.5000000000
16002  26.650  -59.259  -22.364 0.5000000000
16038  27.369  -59.252  -25.366 0.5000000000
16045  26.812  -58.707  -26.243 0.6999999881
16047  25.039  -59.203  -26.887 0.6999999881
16050  25.781  -58.570  -27.080 0.6999999881
16051  24.056  -59.288  -27.238 0.6999999881
16061  22.129  -59.320  -29.012 0.6999999881
16066  21.569  -59.415  -30.682 0.8000000119
16077  21.697  -59.832  -33.259 0.8000000119
16086  21.406  -59.251  -33.673 0.8000000119
16091  22.010  -59.765  -35.024 0.6999999881
16118  23.435  -59.751  -37.599 0.6000000238
16119  22.943  -59.324  -37.436 0.6000000238
16130  23.520  -59.238  -38.072 0.6000000238
16138  34.928  -59.521  -39.770 0.4000000060
16143  28.860  -58.954  -39.798 0.6000000238
16144  28.044  -59.169  -39.767 0.6000000238
16726  24.768  -58.132  -20.880 0.5000000000
16734  27.481  -59.243  -23.869 0.5000000000
16735  24.044  -58.693  -22.408 0.5000000000
16743  27.510  -58.869  -24.630 0.5000000000
16762  25.892  -57.784  -27.226 0.4000000060
16763  25.982  -58.092  -27.273 0.6999999881
16799  20.886  -58.623  -32.241 0.6999999881
16810  20.772  -58.034  -33.809 0.6999999881
16844  22.284  -57.893  -37.266 0.6000000238
16864  33.347  -58.897  -39.410 0.4000000060
16870  27.552  -58.478  -39.356 0.6999999881
16871  26.703  -58.586  -39.324 0.6999999881
16872  25.955  -58.750  -39.308 0.6999999881
16873  25.217  -58.558  -39.135 0.8000000119
17598  20.158  -57.107  -32.611 0.6999999881
17630  21.082  -57.579  -35.231 0.6000000238
17656  23.077  -57.080  -37.608 0.6000000238
17658  21.891  -57.427  -37.028 0.6000000238
17671  27.418  -57.102  -38.826 0.6999999881
17672  26.610  -57.147  -38.750 0.6999999881
17675  23.645  -57.479  -37.960 0.6999999881
17676  22.874  -57.950  -37.695 0.6000000238
17682  33.520  -57.540  -39.283 0.5000000000
17683  32.556  -57.325  -39.446 0.5000000000
17685  30.336  -57.635  -39.269 0.6000000238
17687  28.689  -57.651  -39.141 0.6000000238
18428  20.459  -56.733  -34.193 0.6999999881
18441  20.725  -56.132  -35.453 0.5000000000
18453  21.528  -56.795  -36.600 0.6999999881
18465  24.087  -55.987  -37.986 0.6000000238
18467  23.198  -56.225  -37.658 0.6000000238
18476  33.763  -56.402  -38.568 0.5000000000
18478  28.525  -56.338  -38.651 0.6000000238
18482  24.724  -56.790  -38.274 0.6999999881
18488  31.533  -56.313  -39.056 0.5000000000
19375  21.386  -55.289  -36.333 0.6000000238
19392  22.589  -55.695  -37.202 0.6999999881
19398  33.106  -55.732  -38.885 0.4000000060
19399  32.591  -55.129  -38.745 0.6000000238
19400  30.925  -55.245  -38.736 0.6000000238
19404  27.243  -55.799  -38.294 0.6999999881
19405  26.398  -55.880  -38.232 0.6999999881
19413  31.394  -55.702  -38.859 0.6000000238
20228  19.728  -54.658  -34.220 0.5000000000
20242  20.465  -54.615  -35.449 0.5000000000
20257  22.493  -54.457  -36.830 0.6999999881
20259  20.941  -54.014  -35.889 0.6000000238
20268  32.836  -54.326  -37.752 0.5000000000
20269  27.835  -54.264  -37.907 0.6000000238
20271  25.742  -54.586  -37.725 0.6000000238
20274  23.201  -54.515  -37.189 0.6999999881
20283  31.828  -54.950  -38.781 0.6000000238
20284  30.519  -54.598  -38.584 0.6000000238
20285  29.842  -54.699  -38.507 0.6000000238
20286  28.642  -53.954  -37.958 0.6000000238
20288  26.787  -55.191  -38.054 0.6000000238
20982  19.419  -53.933  -34.018 0.4000000060
20995  19.047  -53.269  -33.738 0.4000000060
21029  23.024  -53.214  -36.782 0.5000000000
21031  21.571  -53.349  -36.147 0.6000000238
21039  27.252  -53.585  -37.746 0.4000000060
21042  24.438  -53.809  -37.390 0.5000000000
21051  31.820  -54.091  -38.433 0.6000000238
21055  28.753  -53.176  -37.859 0.5000000000
21785  19.406  -52.544  -34.635 0.5000000000
21800  19.820  -52.228  -35.097 0.5000000000
21811  24.458  -52.208  -36.797 0.6000000238
21816  20.413  -52.476  -35.472 0.5000000000
21825  30.290  -52.718  -37.039 0.4000000060
21826  29.574  -52.441  -37.115 0.4000000060
21830  25.831  -53.024  -37.293 0.4000000060
21838  30.352  -53.288  -38.060 0.6000000238
22576  19.336  -51.813  -34.647 0.4000000060
22577  18.812  -51.278  -34.233 0.4000000060
22594  21.191  -51.155  -35.332 0.5000000000
22607  25.365  -51.184  -36.229 0.5000000000
22611  21.533  -51.780  -35.833 0.5000000000
22613  20.263  -51.868  -35.266 0.5000000000
22620  28.900  -52.098  -37.260 0.4000000060
23353  24.909  -50.093  -33.105 0.4000000060
23366  22.821  -49.843  -34.756 0.5000000000
23375  24.798  -50.532  -34.423 0.4000000060
23377  23.199  -50.389  -35.198 0.4000000060
23380  20.723  -50.463  -34.889 0.5000000000
24140  23.934  -49.674  -33.722 0.4000000060
24142  22.500  -49.214  -34.534 0.6000000238
24143  21.619  -49.034  -34.483 0.4000000060
24144  20.581  -49.716  -34.606 0.5000000000
24912  19.748  -48.272  -33.912 0.3000000119
25710  21.826  -47.547  -34.598 0.4000000060
27316  20.719  -45.408  -34.430 0.3000000119
27330  23.551  -45.436  -35.421 0.4000000060
27332  22.152  -45.231  -34.994 0.4000000060
28203  20.410  -44.795  -34.173 0.4000000060
29164  24.279  -43.802  -35.550 0.4000000060
29167  21.937  -43.088  -35.280 0.4000000060
29168  20.914  -43.056  -34.629 0.4000000060
29184  24.912  -43.313  -35.732 0.3000000119
30120  21.845  -42.328  -35.149 0.5000000000
31004  24.419  -41.975  -35.608 0.3000000119
139327  19.250  -57.585  -21.092 0.5000000000
139356  21.887  -54.469  -26.085 0.3000000119
139374  25.612  -55.519  -22.194 0.5000000000
139384  19.813  -56.407  -32.794 0.5000000000
139385  19.100  -55.116  -31.833 0.4000000060
139394  23.405  -56.153  -26.559 0.5000000000
139396  18.449  -50.936  -29.418 0.3000000119
139414  18.435  -50.562  -33.490 0.3000000119
139416  21.949  -58.499  -29.108 0.5000000000
139437  19.495  -46.758  -33.423 0.4000000060
141228  19.757  -54.279  -28.060 0.4000000060
141326  23.460  -58.187  -27.997 0.5000000000
141429  24.455  -58.082  -27.689 0.6000000238
141637  18.641  -52.545  -33.441 0.4000000060
141858  24.736  -53.285  -21.613 0.4000000060
142039  18.673  -52.284  -28.577 0.4000000060
142091  21.564  -53.480  -25.446 0.4000000060
142271  18.363  -56.720  -25.848 0.3000000119
142320  26.182  -57.803  -24.298 0.6000000238
142695  20.439  -57.597  -31.098 0.6000000238
143122  27.142  -59.233  -23.072 0.5000000000
144967  36.568  -62.184  -39.216 0.4000000060
145338  29.283  -54.373  -38.245 0.6000000238
145496  22.068  -43.899  -35.332 0.4000000060
147066  32.934  -58.187  -39.440 0.4000000060
147286  21.306  -59.299  -32.829 0.8000000119
147538  27.336  -62.874  -40.521 0.6000000238
147539  18.816  -57.435  -20.593 0.5000000000
148351  20.778  -58.257  -31.262 0.6999999881
149452  31.763  -56.938  -39.309 0.6000000238
149948  24.364  -62.341  -38.089 0.6000000238
150479  25.752  -57.057  -38.588 0.8000000119
153173  24.563  -60.892  -38.593 0.6000000238
153803  28.077  -60.453  -40.325 0.6000000238
154627  22.320  -44.579  -35.227 0.4000000060
154738  21.126  -45.923  -34.587 0.3000000119
155247  21.934  -58.727  -36.258 0.6000000238
155335  30.937  -62.988  -39.480 0.5000000000
156064  23.606  -49.169  -33.981 0.4000000060
156190  20.751  -48.484  -34.260 0.3000000119
156847  36.470  -61.484  -39.858 0.4000000060
157304  32.147  -59.950  -39.368 0.4000000060
158311  20.195  -56.145  -34.014 0.6000000238
158743  23.870  -59.010  -38.764 0.8000000119
159188  20.591  -46.952  -34.283 0.3000000119
159373  26.913  -63.481  -32.761 0.6000000238
159475  21.524  -48.222  -34.454 0.4000000060
159678  24.506  -61.091  -33.782 0.6999999881
160091  23.894  -51.724  -36.445 0.5000000000
160316  19.320  -54.035  -28.511 0.4000000060
160317  23.628  -56.645  -27.846 0.4000000060
160379  22.401  -55.051  -26.431 0.4000000060
160395  18.736  -49.114  -30.147 0.3000000119
160483  19.932  -54.971  -28.495 0.4000000060
160486  20.810  -53.065  -24.169 0.4000000060
160548  22.467  -56.035  -28.512 0.4000000060
160633  18.269  -52.352  -30.744 0.4000000060
160692  18.088  -49.723  -31.988 0.3000000119
160698  23.117  -55.524  -25.942 0.4000000060
160769  19.061  -56.952  -23.939 0.4000000060
160807  18.705  -54.308  -30.708 0.4000000060
160829  19.542  -53.662  -27.833 0.4000000060
160844  19.081  -55.284  -30.721 0.3000000119
160845  18.769  -54.333  -31.650 0.4000000060
160942  18.380  -49.864  -30.307 0.3000000119
160945  20.227  -57.608  -22.525 0.5000000000
161157  25.864  -57.562  -27.080 0.5000000000
161199  18.122  -50.362  -32.535 0.5000000000
161281  19.840  -57.640  -24.777 0.4000000060
161437  19.038  -47.476  -31.559 0.3000000119
161753  20.474  -54.601  -27.732 0.4000000060
161764  18.158  -49.870  -31.064 0.4000000060
161782  18.579  -48.770  -33.280 0.3000000119
161825  19.696  -56.536  -31.985 0.5000000000
161834  27.065  -58.295  -24.584 0.6000000238
161869  19.885  -53.255  -24.664 0.4000000060
162121  22.386  -56.857  -28.797 0.4000000060
162122  19.731  -55.268  -29.124 0.3000000119
162123  23.059  -56.125  -27.768 0.4000000060
162124  20.486  -54.974  -28.108 0.4000000060
162125  18.530  -52.193  -29.209 0.4000000060
162126  24.857  -57.566  -27.468 0.5000000000
162193  22.334  -52.739  -22.603 0.4000000060
162230  21.972  -53.535  -24.444 0.4000000060
162253  21.612  -55.717  -28.583 0.4000000060
162256  20.789  -56.554  -29.539 0.4000000060
162338  22.121  -56.276  -28.812 0.5000000000
162340  20.329  -55.903  -29.315 0.3000000119
162341  20.791  -55.342  -28.389 0.4000000060
162342  21.151  -57.294  -29.685 0.4000000060
162397  22.812  -56.616  -28.460 0.5000000000
162398  24.376  -57.206  -27.534 0.5000000000
162402  18.319  -51.575  -30.051 0.4000000060
162463  21.393  -55.192  -27.901 0.4000000060
163540  21.944  -54.729  -26.646 0.4000000060
164082  30.682  -59.350  -39.781 0.5000000000
165945  26.292  -56.570  -38.462 0.6999999881
167123  21.326  -59.332  -32.086 0.8000000119
167218  21.413  -42.895  -35.004 0.5000000000
168173  28.617  -59.527  -40.045 0.6000000238
168614  35.759  -59.519  -40.065 0.4000000060
169671  26.458  -61.635  -40.382 0.6000000238
170064  22.312  -58.726  -28.723 0.6000000238
170279  37.401  -65.417  -38.497 0.4000000060
171271  23.283  -58.784  -27.879 0.6000000238
171991  25.761  -62.694  -34.002 0.6000000238
172849  26.398  -57.699  -26.202 0.5000000000
173379  18.920  -52.681  -25.633 0.4000000060
173533  30.558  -52.944  -37.576 0.4000000060
